# This file was produced by samtools stats (1.20+htslib-1.21) and can be plotted using plot-bamstats
# This file contains statistics for all reads.
# The command line was:  stats sample3799.sorted.bam
# CHK, Checksum	[2]Read Names	[3]Sequences	[4]Qualities
# CHK, CRC32 of reads which passed filtering followed by addition (32bit overflow)
CHK	8a286bd8	fc447222	a26dc328
# Summary Numbers. Use `grep ^SN | cut -f 2-` to extract this part.
SN	raw total sequences:	4008	# excluding supplementary and secondary reads
SN	filtered sequences:	0
SN	sequences:	4008
SN	is sorted:	1
SN	1st fragments:	2004
SN	last fragments:	2004
SN	reads mapped:	4008
SN	reads mapped and paired:	4008	# paired-end technology bit set + both mates mapped
SN	reads unmapped:	0
SN	reads properly paired:	4008	# proper-pair bit set
SN	reads paired:	4008	# paired-end technology bit set
SN	reads duplicated:	0	# PCR or optical duplicate bit set
SN	reads MQ0:	24	# mapped and MQ=0
SN	reads QC failed:	0
SN	non-primary alignments:	0
SN	supplementary alignments:	0
SN	total length:	601192	# ignores clipping
SN	total first fragment length:	300600	# ignores clipping
SN	total last fragment length:	300592	# ignores clipping
SN	bases mapped:	601192	# ignores clipping
SN	bases mapped (cigar):	601182	# more accurate
SN	bases trimmed:	0
SN	bases duplicated:	0
SN	mismatches:	1007	# from NM fields
SN	error rate:	1.675033e-03	# mismatches / bases mapped (cigar)
SN	average length:	150
SN	average first fragment length:	150
SN	average last fragment length:	150
SN	maximum length:	150
SN	maximum first fragment length:	150
SN	maximum last fragment length:	150
SN	average quality:	30.0
SN	insert size average:	497.6
SN	insert size standard deviation:	48.4
SN	inward oriented pairs:	2004
SN	outward oriented pairs:	0
SN	pairs with other orientation:	0
SN	pairs on different chromosomes:	0
SN	percentage of properly paired reads (%):	100.0
# First Fragment Qualities. Use `grep ^FFQ | cut -f 2-` to extract this part.
# Columns correspond to qualities and rows to cycles. First column is the cycle number.
FFQ	1	0	0	0	0	0	0	0	0	0	0	0	0	0	0	0	0	0	0	0	0	0	0	0	0	0	0	0	0	0	0	2004	0
FFQ	2	0	0	0	0	0	0	0	0	0	0	0	0	0	0	0	0	0	0	0	0	0	0	0	0	0	0	0	0	0	0	2004	0
FFQ	3	0	0	0	0	0	0	0	0	0	0	0	0	0	0	0	0	0	0	0	0	0	0	0	0	0	0	0	0	0	0	2004	0
FFQ	4	0	0	0	0	0	0	0	0	0	0	0	0	0	0	0	0	0	0	0	0	0	0	0	0	0	0	0	0	0	0	2004	0
FFQ	5	0	0	0	0	0	0	0	0	0	0	0	0	0	0	0	0	0	0	0	0	0	0	0	0	0	0	0	0	0	0	2004	0
FFQ	6	0	0	0	0	0	0	0	0	0	0	0	0	0	0	0	0	0	0	0	0	0	0	0	0	0	0	0	0	0	0	2004	0
FFQ	7	0	0	0	0	0	0	0	0	0	0	0	0	0	0	0	0	0	0	0	0	0	0	0	0	0	0	0	0	0	0	2004	0
FFQ	8	0	0	0	0	0	0	0	0	0	0	0	0	0	0	0	0	0	0	0	0	0	0	0	0	0	0	0	0	0	0	2004	0
FFQ	9	0	0	0	0	0	0	0	0	0	0	0	0	0	0	0	0	0	0	0	0	0	0	0	0	0	0	0	0	0	0	2004	0
FFQ	10	0	0	0	0	0	0	0	0	0	0	0	0	0	0	0	0	0	0	0	0	0	0	0	0	0	0	0	0	0	0	2004	0
FFQ	11	0	0	0	0	0	0	0	0	0	0	0	0	0	0	0	0	0	0	0	0	0	0	0	0	0	0	0	0	0	0	2004	0
FFQ	12	0	0	0	0	0	0	0	0	0	0	0	0	0	0	0	0	0	0	0	0	0	0	0	0	0	0	0	0	0	0	2004	0
FFQ	13	0	0	0	0	0	0	0	0	0	0	0	0	0	0	0	0	0	0	0	0	0	0	0	0	0	0	0	0	0	0	2004	0
FFQ	14	0	0	0	0	0	0	0	0	0	0	0	0	0	0	0	0	0	0	0	0	0	0	0	0	0	0	0	0	0	0	2004	0
FFQ	15	0	0	0	0	0	0	0	0	0	0	0	0	0	0	0	0	0	0	0	0	0	0	0	0	0	0	0	0	0	0	2004	0
FFQ	16	0	0	0	0	0	0	0	0	0	0	0	0	0	0	0	0	0	0	0	0	0	0	0	0	0	0	0	0	0	0	2004	0
FFQ	17	0	0	0	0	0	0	0	0	0	0	0	0	0	0	0	0	0	0	0	0	0	0	0	0	0	0	0	0	0	0	2004	0
FFQ	18	0	0	0	0	0	0	0	0	0	0	0	0	0	0	0	0	0	0	0	0	0	0	0	0	0	0	0	0	0	0	2004	0
FFQ	19	0	0	0	0	0	0	0	0	0	0	0	0	0	0	0	0	0	0	0	0	0	0	0	0	0	0	0	0	0	0	2004	0
FFQ	20	0	0	0	0	0	0	0	0	0	0	0	0	0	0	0	0	0	0	0	0	0	0	0	0	0	0	0	0	0	0	2004	0
FFQ	21	0	0	0	0	0	0	0	0	0	0	0	0	0	0	0	0	0	0	0	0	0	0	0	0	0	0	0	0	0	0	2004	0
FFQ	22	0	0	0	0	0	0	0	0	0	0	0	0	0	0	0	0	0	0	0	0	0	0	0	0	0	0	0	0	0	0	2004	0
FFQ	23	0	0	0	0	0	0	0	0	0	0	0	0	0	0	0	0	0	0	0	0	0	0	0	0	0	0	0	0	0	0	2004	0
FFQ	24	0	0	0	0	0	0	0	0	0	0	0	0	0	0	0	0	0	0	0	0	0	0	0	0	0	0	0	0	0	0	2004	0
FFQ	25	0	0	0	0	0	0	0	0	0	0	0	0	0	0	0	0	0	0	0	0	0	0	0	0	0	0	0	0	0	0	2004	0
FFQ	26	0	0	0	0	0	0	0	0	0	0	0	0	0	0	0	0	0	0	0	0	0	0	0	0	0	0	0	0	0	0	2004	0
FFQ	27	0	0	0	0	0	0	0	0	0	0	0	0	0	0	0	0	0	0	0	0	0	0	0	0	0	0	0	0	0	0	2004	0
FFQ	28	0	0	0	0	0	0	0	0	0	0	0	0	0	0	0	0	0	0	0	0	0	0	0	0	0	0	0	0	0	0	2004	0
FFQ	29	0	0	0	0	0	0	0	0	0	0	0	0	0	0	0	0	0	0	0	0	0	0	0	0	0	0	0	0	0	0	2004	0
FFQ	30	0	0	0	0	0	0	0	0	0	0	0	0	0	0	0	0	0	0	0	0	0	0	0	0	0	0	0	0	0	0	2004	0
FFQ	31	0	0	0	0	0	0	0	0	0	0	0	0	0	0	0	0	0	0	0	0	0	0	0	0	0	0	0	0	0	0	2004	0
FFQ	32	0	0	0	0	0	0	0	0	0	0	0	0	0	0	0	0	0	0	0	0	0	0	0	0	0	0	0	0	0	0	2004	0
FFQ	33	0	0	0	0	0	0	0	0	0	0	0	0	0	0	0	0	0	0	0	0	0	0	0	0	0	0	0	0	0	0	2004	0
FFQ	34	0	0	0	0	0	0	0	0	0	0	0	0	0	0	0	0	0	0	0	0	0	0	0	0	0	0	0	0	0	0	2004	0
FFQ	35	0	0	0	0	0	0	0	0	0	0	0	0	0	0	0	0	0	0	0	0	0	0	0	0	0	0	0	0	0	0	2004	0
FFQ	36	0	0	0	0	0	0	0	0	0	0	0	0	0	0	0	0	0	0	0	0	0	0	0	0	0	0	0	0	0	0	2004	0
FFQ	37	0	0	0	0	0	0	0	0	0	0	0	0	0	0	0	0	0	0	0	0	0	0	0	0	0	0	0	0	0	0	2004	0
FFQ	38	0	0	0	0	0	0	0	0	0	0	0	0	0	0	0	0	0	0	0	0	0	0	0	0	0	0	0	0	0	0	2004	0
FFQ	39	0	0	0	0	0	0	0	0	0	0	0	0	0	0	0	0	0	0	0	0	0	0	0	0	0	0	0	0	0	0	2004	0
FFQ	40	0	0	0	0	0	0	0	0	0	0	0	0	0	0	0	0	0	0	0	0	0	0	0	0	0	0	0	0	0	0	2004	0
FFQ	41	0	0	0	0	0	0	0	0	0	0	0	0	0	0	0	0	0	0	0	0	0	0	0	0	0	0	0	0	0	0	2004	0
FFQ	42	0	0	0	0	0	0	0	0	0	0	0	0	0	0	0	0	0	0	0	0	0	0	0	0	0	0	0	0	0	0	2004	0
FFQ	43	0	0	0	0	0	0	0	0	0	0	0	0	0	0	0	0	0	0	0	0	0	0	0	0	0	0	0	0	0	0	2004	0
FFQ	44	0	0	0	0	0	0	0	0	0	0	0	0	0	0	0	0	0	0	0	0	0	0	0	0	0	0	0	0	0	0	2004	0
FFQ	45	0	0	0	0	0	0	0	0	0	0	0	0	0	0	0	0	0	0	0	0	0	0	0	0	0	0	0	0	0	0	2004	0
FFQ	46	0	0	0	0	0	0	0	0	0	0	0	0	0	0	0	0	0	0	0	0	0	0	0	0	0	0	0	0	0	0	2004	0
FFQ	47	0	0	0	0	0	0	0	0	0	0	0	0	0	0	0	0	0	0	0	0	0	0	0	0	0	0	0	0	0	0	2004	0
FFQ	48	0	0	0	0	0	0	0	0	0	0	0	0	0	0	0	0	0	0	0	0	0	0	0	0	0	0	0	0	0	0	2004	0
FFQ	49	0	0	0	0	0	0	0	0	0	0	0	0	0	0	0	0	0	0	0	0	0	0	0	0	0	0	0	0	0	0	2004	0
FFQ	50	0	0	0	0	0	0	0	0	0	0	0	0	0	0	0	0	0	0	0	0	0	0	0	0	0	0	0	0	0	0	2004	0
FFQ	51	0	0	0	0	0	0	0	0	0	0	0	0	0	0	0	0	0	0	0	0	0	0	0	0	0	0	0	0	0	0	2004	0
FFQ	52	0	0	0	0	0	0	0	0	0	0	0	0	0	0	0	0	0	0	0	0	0	0	0	0	0	0	0	0	0	0	2004	0
FFQ	53	0	0	0	0	0	0	0	0	0	0	0	0	0	0	0	0	0	0	0	0	0	0	0	0	0	0	0	0	0	0	2004	0
FFQ	54	0	0	0	0	0	0	0	0	0	0	0	0	0	0	0	0	0	0	0	0	0	0	0	0	0	0	0	0	0	0	2004	0
FFQ	55	0	0	0	0	0	0	0	0	0	0	0	0	0	0	0	0	0	0	0	0	0	0	0	0	0	0	0	0	0	0	2004	0
FFQ	56	0	0	0	0	0	0	0	0	0	0	0	0	0	0	0	0	0	0	0	0	0	0	0	0	0	0	0	0	0	0	2004	0
FFQ	57	0	0	0	0	0	0	0	0	0	0	0	0	0	0	0	0	0	0	0	0	0	0	0	0	0	0	0	0	0	0	2004	0
FFQ	58	0	0	0	0	0	0	0	0	0	0	0	0	0	0	0	0	0	0	0	0	0	0	0	0	0	0	0	0	0	0	2004	0
FFQ	59	0	0	0	0	0	0	0	0	0	0	0	0	0	0	0	0	0	0	0	0	0	0	0	0	0	0	0	0	0	0	2004	0
FFQ	60	0	0	0	0	0	0	0	0	0	0	0	0	0	0	0	0	0	0	0	0	0	0	0	0	0	0	0	0	0	0	2004	0
FFQ	61	0	0	0	0	0	0	0	0	0	0	0	0	0	0	0	0	0	0	0	0	0	0	0	0	0	0	0	0	0	0	2004	0
FFQ	62	0	0	0	0	0	0	0	0	0	0	0	0	0	0	0	0	0	0	0	0	0	0	0	0	0	0	0	0	0	0	2004	0
FFQ	63	0	0	0	0	0	0	0	0	0	0	0	0	0	0	0	0	0	0	0	0	0	0	0	0	0	0	0	0	0	0	2004	0
FFQ	64	0	0	0	0	0	0	0	0	0	0	0	0	0	0	0	0	0	0	0	0	0	0	0	0	0	0	0	0	0	0	2004	0
FFQ	65	0	0	0	0	0	0	0	0	0	0	0	0	0	0	0	0	0	0	0	0	0	0	0	0	0	0	0	0	0	0	2004	0
FFQ	66	0	0	0	0	0	0	0	0	0	0	0	0	0	0	0	0	0	0	0	0	0	0	0	0	0	0	0	0	0	0	2004	0
FFQ	67	0	0	0	0	0	0	0	0	0	0	0	0	0	0	0	0	0	0	0	0	0	0	0	0	0	0	0	0	0	0	2004	0
FFQ	68	0	0	0	0	0	0	0	0	0	0	0	0	0	0	0	0	0	0	0	0	0	0	0	0	0	0	0	0	0	0	2004	0
FFQ	69	0	0	0	0	0	0	0	0	0	0	0	0	0	0	0	0	0	0	0	0	0	0	0	0	0	0	0	0	0	0	2004	0
FFQ	70	0	0	0	0	0	0	0	0	0	0	0	0	0	0	0	0	0	0	0	0	0	0	0	0	0	0	0	0	0	0	2004	0
FFQ	71	0	0	0	0	0	0	0	0	0	0	0	0	0	0	0	0	0	0	0	0	0	0	0	0	0	0	0	0	0	0	2004	0
FFQ	72	0	0	0	0	0	0	0	0	0	0	0	0	0	0	0	0	0	0	0	0	0	0	0	0	0	0	0	0	0	0	2004	0
FFQ	73	0	0	0	0	0	0	0	0	0	0	0	0	0	0	0	0	0	0	0	0	0	0	0	0	0	0	0	0	0	0	2004	0
FFQ	74	0	0	0	0	0	0	0	0	0	0	0	0	0	0	0	0	0	0	0	0	0	0	0	0	0	0	0	0	0	0	2004	0
FFQ	75	0	0	0	0	0	0	0	0	0	0	0	0	0	0	0	0	0	0	0	0	0	0	0	0	0	0	0	0	0	0	2004	0
FFQ	76	0	0	0	0	0	0	0	0	0	0	0	0	0	0	0	0	0	0	0	0	0	0	0	0	0	0	0	0	0	0	2004	0
FFQ	77	0	0	0	0	0	0	0	0	0	0	0	0	0	0	0	0	0	0	0	0	0	0	0	0	0	0	0	0	0	0	2004	0
FFQ	78	0	0	0	0	0	0	0	0	0	0	0	0	0	0	0	0	0	0	0	0	0	0	0	0	0	0	0	0	0	0	2004	0
FFQ	79	0	0	0	0	0	0	0	0	0	0	0	0	0	0	0	0	0	0	0	0	0	0	0	0	0	0	0	0	0	0	2004	0
FFQ	80	0	0	0	0	0	0	0	0	0	0	0	0	0	0	0	0	0	0	0	0	0	0	0	0	0	0	0	0	0	0	2004	0
FFQ	81	0	0	0	0	0	0	0	0	0	0	0	0	0	0	0	0	0	0	0	0	0	0	0	0	0	0	0	0	0	0	2004	0
FFQ	82	0	0	0	0	0	0	0	0	0	0	0	0	0	0	0	0	0	0	0	0	0	0	0	0	0	0	0	0	0	0	2004	0
FFQ	83	0	0	0	0	0	0	0	0	0	0	0	0	0	0	0	0	0	0	0	0	0	0	0	0	0	0	0	0	0	0	2004	0
FFQ	84	0	0	0	0	0	0	0	0	0	0	0	0	0	0	0	0	0	0	0	0	0	0	0	0	0	0	0	0	0	0	2004	0
FFQ	85	0	0	0	0	0	0	0	0	0	0	0	0	0	0	0	0	0	0	0	0	0	0	0	0	0	0	0	0	0	0	2004	0
FFQ	86	0	0	0	0	0	0	0	0	0	0	0	0	0	0	0	0	0	0	0	0	0	0	0	0	0	0	0	0	0	0	2004	0
FFQ	87	0	0	0	0	0	0	0	0	0	0	0	0	0	0	0	0	0	0	0	0	0	0	0	0	0	0	0	0	0	0	2004	0
FFQ	88	0	0	0	0	0	0	0	0	0	0	0	0	0	0	0	0	0	0	0	0	0	0	0	0	0	0	0	0	0	0	2004	0
FFQ	89	0	0	0	0	0	0	0	0	0	0	0	0	0	0	0	0	0	0	0	0	0	0	0	0	0	0	0	0	0	0	2004	0
FFQ	90	0	0	0	0	0	0	0	0	0	0	0	0	0	0	0	0	0	0	0	0	0	0	0	0	0	0	0	0	0	0	2004	0
FFQ	91	0	0	0	0	0	0	0	0	0	0	0	0	0	0	0	0	0	0	0	0	0	0	0	0	0	0	0	0	0	0	2004	0
FFQ	92	0	0	0	0	0	0	0	0	0	0	0	0	0	0	0	0	0	0	0	0	0	0	0	0	0	0	0	0	0	0	2004	0
FFQ	93	0	0	0	0	0	0	0	0	0	0	0	0	0	0	0	0	0	0	0	0	0	0	0	0	0	0	0	0	0	0	2004	0
FFQ	94	0	0	0	0	0	0	0	0	0	0	0	0	0	0	0	0	0	0	0	0	0	0	0	0	0	0	0	0	0	0	2004	0
FFQ	95	0	0	0	0	0	0	0	0	0	0	0	0	0	0	0	0	0	0	0	0	0	0	0	0	0	0	0	0	0	0	2004	0
FFQ	96	0	0	0	0	0	0	0	0	0	0	0	0	0	0	0	0	0	0	0	0	0	0	0	0	0	0	0	0	0	0	2004	0
FFQ	97	0	0	0	0	0	0	0	0	0	0	0	0	0	0	0	0	0	0	0	0	0	0	0	0	0	0	0	0	0	0	2004	0
FFQ	98	0	0	0	0	0	0	0	0	0	0	0	0	0	0	0	0	0	0	0	0	0	0	0	0	0	0	0	0	0	0	2004	0
FFQ	99	0	0	0	0	0	0	0	0	0	0	0	0	0	0	0	0	0	0	0	0	0	0	0	0	0	0	0	0	0	0	2004	0
FFQ	100	0	0	0	0	0	0	0	0	0	0	0	0	0	0	0	0	0	0	0	0	0	0	0	0	0	0	0	0	0	0	2004	0
FFQ	101	0	0	0	0	0	0	0	0	0	0	0	0	0	0	0	0	0	0	0	0	0	0	0	0	0	0	0	0	0	0	2004	0
FFQ	102	0	0	0	0	0	0	0	0	0	0	0	0	0	0	0	0	0	0	0	0	0	0	0	0	0	0	0	0	0	0	2004	0
FFQ	103	0	0	0	0	0	0	0	0	0	0	0	0	0	0	0	0	0	0	0	0	0	0	0	0	0	0	0	0	0	0	2004	0
FFQ	104	0	0	0	0	0	0	0	0	0	0	0	0	0	0	0	0	0	0	0	0	0	0	0	0	0	0	0	0	0	0	2004	0
FFQ	105	0	0	0	0	0	0	0	0	0	0	0	0	0	0	0	0	0	0	0	0	0	0	0	0	0	0	0	0	0	0	2004	0
FFQ	106	0	0	0	0	0	0	0	0	0	0	0	0	0	0	0	0	0	0	0	0	0	0	0	0	0	0	0	0	0	0	2004	0
FFQ	107	0	0	0	0	0	0	0	0	0	0	0	0	0	0	0	0	0	0	0	0	0	0	0	0	0	0	0	0	0	0	2004	0
FFQ	108	0	0	0	0	0	0	0	0	0	0	0	0	0	0	0	0	0	0	0	0	0	0	0	0	0	0	0	0	0	0	2004	0
FFQ	109	0	0	0	0	0	0	0	0	0	0	0	0	0	0	0	0	0	0	0	0	0	0	0	0	0	0	0	0	0	0	2004	0
FFQ	110	0	0	0	0	0	0	0	0	0	0	0	0	0	0	0	0	0	0	0	0	0	0	0	0	0	0	0	0	0	0	2004	0
FFQ	111	0	0	0	0	0	0	0	0	0	0	0	0	0	0	0	0	0	0	0	0	0	0	0	0	0	0	0	0	0	0	2004	0
FFQ	112	0	0	0	0	0	0	0	0	0	0	0	0	0	0	0	0	0	0	0	0	0	0	0	0	0	0	0	0	0	0	2004	0
FFQ	113	0	0	0	0	0	0	0	0	0	0	0	0	0	0	0	0	0	0	0	0	0	0	0	0	0	0	0	0	0	0	2004	0
FFQ	114	0	0	0	0	0	0	0	0	0	0	0	0	0	0	0	0	0	0	0	0	0	0	0	0	0	0	0	0	0	0	2004	0
FFQ	115	0	0	0	0	0	0	0	0	0	0	0	0	0	0	0	0	0	0	0	0	0	0	0	0	0	0	0	0	0	0	2004	0
FFQ	116	0	0	0	0	0	0	0	0	0	0	0	0	0	0	0	0	0	0	0	0	0	0	0	0	0	0	0	0	0	0	2004	0
FFQ	117	0	0	0	0	0	0	0	0	0	0	0	0	0	0	0	0	0	0	0	0	0	0	0	0	0	0	0	0	0	0	2004	0
FFQ	118	0	0	0	0	0	0	0	0	0	0	0	0	0	0	0	0	0	0	0	0	0	0	0	0	0	0	0	0	0	0	2004	0
FFQ	119	0	0	0	0	0	0	0	0	0	0	0	0	0	0	0	0	0	0	0	0	0	0	0	0	0	0	0	0	0	0	2004	0
FFQ	120	0	0	0	0	0	0	0	0	0	0	0	0	0	0	0	0	0	0	0	0	0	0	0	0	0	0	0	0	0	0	2004	0
FFQ	121	0	0	0	0	0	0	0	0	0	0	0	0	0	0	0	0	0	0	0	0	0	0	0	0	0	0	0	0	0	0	2004	0
FFQ	122	0	0	0	0	0	0	0	0	0	0	0	0	0	0	0	0	0	0	0	0	0	0	0	0	0	0	0	0	0	0	2004	0
FFQ	123	0	0	0	0	0	0	0	0	0	0	0	0	0	0	0	0	0	0	0	0	0	0	0	0	0	0	0	0	0	0	2004	0
FFQ	124	0	0	0	0	0	0	0	0	0	0	0	0	0	0	0	0	0	0	0	0	0	0	0	0	0	0	0	0	0	0	2004	0
FFQ	125	0	0	0	0	0	0	0	0	0	0	0	0	0	0	0	0	0	0	0	0	0	0	0	0	0	0	0	0	0	0	2004	0
FFQ	126	0	0	0	0	0	0	0	0	0	0	0	0	0	0	0	0	0	0	0	0	0	0	0	0	0	0	0	0	0	0	2004	0
FFQ	127	0	0	0	0	0	0	0	0	0	0	0	0	0	0	0	0	0	0	0	0	0	0	0	0	0	0	0	0	0	0	2004	0
FFQ	128	0	0	0	0	0	0	0	0	0	0	0	0	0	0	0	0	0	0	0	0	0	0	0	0	0	0	0	0	0	0	2004	0
FFQ	129	0	0	0	0	0	0	0	0	0	0	0	0	0	0	0	0	0	0	0	0	0	0	0	0	0	0	0	0	0	0	2004	0
FFQ	130	0	0	0	0	0	0	0	0	0	0	0	0	0	0	0	0	0	0	0	0	0	0	0	0	0	0	0	0	0	0	2004	0
FFQ	131	0	0	0	0	0	0	0	0	0	0	0	0	0	0	0	0	0	0	0	0	0	0	0	0	0	0	0	0	0	0	2004	0
FFQ	132	0	0	0	0	0	0	0	0	0	0	0	0	0	0	0	0	0	0	0	0	0	0	0	0	0	0	0	0	0	0	2004	0
FFQ	133	0	0	0	0	0	0	0	0	0	0	0	0	0	0	0	0	0	0	0	0	0	0	0	0	0	0	0	0	0	0	2004	0
FFQ	134	0	0	0	0	0	0	0	0	0	0	0	0	0	0	0	0	0	0	0	0	0	0	0	0	0	0	0	0	0	0	2004	0
FFQ	135	0	0	0	0	0	0	0	0	0	0	0	0	0	0	0	0	0	0	0	0	0	0	0	0	0	0	0	0	0	0	2004	0
FFQ	136	0	0	0	0	0	0	0	0	0	0	0	0	0	0	0	0	0	0	0	0	0	0	0	0	0	0	0	0	0	0	2004	0
FFQ	137	0	0	0	0	0	0	0	0	0	0	0	0	0	0	0	0	0	0	0	0	0	0	0	0	0	0	0	0	0	0	2004	0
FFQ	138	0	0	0	0	0	0	0	0	0	0	0	0	0	0	0	0	0	0	0	0	0	0	0	0	0	0	0	0	0	0	2004	0
FFQ	139	0	0	0	0	0	0	0	0	0	0	0	0	0	0	0	0	0	0	0	0	0	0	0	0	0	0	0	0	0	0	2004	0
FFQ	140	0	0	0	0	0	0	0	0	0	0	0	0	0	0	0	0	0	0	0	0	0	0	0	0	0	0	0	0	0	0	2004	0
FFQ	141	0	0	0	0	0	0	0	0	0	0	0	0	0	0	0	0	0	0	0	0	0	0	0	0	0	0	0	0	0	0	2004	0
FFQ	142	0	0	0	0	0	0	0	0	0	0	0	0	0	0	0	0	0	0	0	0	0	0	0	0	0	0	0	0	0	0	2004	0
FFQ	143	0	0	0	0	0	0	0	0	0	0	0	0	0	0	0	0	0	0	0	0	0	0	0	0	0	0	0	0	0	0	2004	0
FFQ	144	0	0	0	0	0	0	0	0	0	0	0	0	0	0	0	0	0	0	0	0	0	0	0	0	0	0	0	0	0	0	2004	0
FFQ	145	0	0	0	0	0	0	0	0	0	0	0	0	0	0	0	0	0	0	0	0	0	0	0	0	0	0	0	0	0	0	2004	0
FFQ	146	0	0	0	0	0	0	0	0	0	0	0	0	0	0	0	0	0	0	0	0	0	0	0	0	0	0	0	0	0	0	2004	0
FFQ	147	0	0	0	0	0	0	0	0	0	0	0	0	0	0	0	0	0	0	0	0	0	0	0	0	0	0	0	0	0	0	2004	0
FFQ	148	0	0	0	0	0	0	0	0	0	0	0	0	0	0	0	0	0	0	0	0	0	0	0	0	0	0	0	0	0	0	2004	0
FFQ	149	0	0	0	0	0	0	0	0	0	0	0	0	0	0	0	0	0	0	0	0	0	0	0	0	0	0	0	0	0	0	2004	0
FFQ	150	0	0	0	0	0	0	0	0	0	0	0	0	0	0	0	0	0	0	0	0	0	0	0	0	0	0	0	0	0	0	2004	0
# Last Fragment Qualities. Use `grep ^LFQ | cut -f 2-` to extract this part.
# Columns correspond to qualities and rows to cycles. First column is the cycle number.
LFQ	1	0	0	0	0	0	0	0	0	0	0	0	0	0	0	0	0	0	0	0	0	0	0	0	0	0	0	0	0	0	0	2004	0
LFQ	2	0	0	0	0	0	0	0	0	0	0	0	0	0	0	0	0	0	0	0	0	0	0	0	0	0	0	0	0	0	0	2004	0
LFQ	3	0	0	0	0	0	0	0	0	0	0	0	0	0	0	0	0	0	0	0	0	0	0	0	0	0	0	0	0	0	0	2004	0
LFQ	4	0	0	0	0	0	0	0	0	0	0	0	0	0	0	0	0	0	0	0	0	0	0	0	0	0	0	0	0	0	0	2004	0
LFQ	5	0	0	0	0	0	0	0	0	0	0	0	0	0	0	0	0	0	0	0	0	0	0	0	0	0	0	0	0	0	0	2004	0
LFQ	6	0	0	0	0	0	0	0	0	0	0	0	0	0	0	0	0	0	0	0	0	0	0	0	0	0	0	0	0	0	0	2004	0
LFQ	7	0	0	0	0	0	0	0	0	0	0	0	0	0	0	0	0	0	0	0	0	0	0	0	0	0	0	0	0	0	0	2004	0
LFQ	8	0	0	0	0	0	0	0	0	0	0	0	0	0	0	0	0	0	0	0	0	0	0	0	0	0	0	0	0	0	0	2004	0
LFQ	9	0	0	0	0	0	0	0	0	0	0	0	0	0	0	0	0	0	0	0	0	0	0	0	0	0	0	0	0	0	0	2004	0
LFQ	10	0	0	0	0	0	0	0	0	0	0	0	0	0	0	0	0	0	0	0	0	0	0	0	0	0	0	0	0	0	0	2004	0
LFQ	11	0	0	0	0	0	0	0	0	0	0	0	0	0	0	0	0	0	0	0	0	0	0	0	0	0	0	0	0	0	0	2004	0
LFQ	12	0	0	0	0	0	0	0	0	0	0	0	0	0	0	0	0	0	0	0	0	0	0	0	0	0	0	0	0	0	0	2004	0
LFQ	13	0	0	0	0	0	0	0	0	0	0	0	0	0	0	0	0	0	0	0	0	0	0	0	0	0	0	0	0	0	0	2004	0
LFQ	14	0	0	0	0	0	0	0	0	0	0	0	0	0	0	0	0	0	0	0	0	0	0	0	0	0	0	0	0	0	0	2004	0
LFQ	15	0	0	0	0	0	0	0	0	0	0	0	0	0	0	0	0	0	0	0	0	0	0	0	0	0	0	0	0	0	0	2004	0
LFQ	16	0	0	0	0	0	0	0	0	0	0	0	0	0	0	0	0	0	0	0	0	0	0	0	0	0	0	0	0	0	0	2004	0
LFQ	17	0	0	0	0	0	0	0	0	0	0	0	0	0	0	0	0	0	0	0	0	0	0	0	0	0	0	0	0	0	0	2004	0
LFQ	18	0	0	0	0	0	0	0	0	0	0	0	0	0	0	0	0	0	0	0	0	0	0	0	0	0	0	0	0	0	0	2004	0
LFQ	19	0	0	0	0	0	0	0	0	0	0	0	0	0	0	0	0	0	0	0	0	0	0	0	0	0	0	0	0	0	0	2004	0
LFQ	20	0	0	0	0	0	0	0	0	0	0	0	0	0	0	0	0	0	0	0	0	0	0	0	0	0	0	0	0	0	0	2004	0
LFQ	21	0	0	0	0	0	0	0	0	0	0	0	0	0	0	0	0	0	0	0	0	0	0	0	0	0	0	0	0	0	0	2004	0
LFQ	22	0	0	0	0	0	0	0	0	0	0	0	0	0	0	0	0	0	0	0	0	0	0	0	0	0	0	0	0	0	0	2004	0
LFQ	23	0	0	0	0	0	0	0	0	0	0	0	0	0	0	0	0	0	0	0	0	0	0	0	0	0	0	0	0	0	0	2004	0
LFQ	24	0	0	0	0	0	0	0	0	0	0	0	0	0	0	0	0	0	0	0	0	0	0	0	0	0	0	0	0	0	0	2004	0
LFQ	25	0	0	0	0	0	0	0	0	0	0	0	0	0	0	0	0	0	0	0	0	0	0	0	0	0	0	0	0	0	0	2004	0
LFQ	26	0	0	0	0	0	0	0	0	0	0	0	0	0	0	0	0	0	0	0	0	0	0	0	0	0	0	0	0	0	0	2004	0
LFQ	27	0	0	0	0	0	0	0	0	0	0	0	0	0	0	0	0	0	0	0	0	0	0	0	0	0	0	0	0	0	0	2004	0
LFQ	28	0	0	0	0	0	0	0	0	0	0	0	0	0	0	0	0	0	0	0	0	0	0	0	0	0	0	0	0	0	0	2004	0
LFQ	29	0	0	0	0	0	0	0	0	0	0	0	0	0	0	0	0	0	0	0	0	0	0	0	0	0	0	0	0	0	0	2004	0
LFQ	30	0	0	0	0	0	0	0	0	0	0	0	0	0	0	0	0	0	0	0	0	0	0	0	0	0	0	0	0	0	0	2004	0
LFQ	31	0	0	0	0	0	0	0	0	0	0	0	0	0	0	0	0	0	0	0	0	0	0	0	0	0	0	0	0	0	0	2004	0
LFQ	32	0	0	0	0	0	0	0	0	0	0	0	0	0	0	0	0	0	0	0	0	0	0	0	0	0	0	0	0	0	0	2004	0
LFQ	33	0	0	0	0	0	0	0	0	0	0	0	0	0	0	0	0	0	0	0	0	0	0	0	0	0	0	0	0	0	0	2004	0
LFQ	34	0	0	0	0	0	0	0	0	0	0	0	0	0	0	0	0	0	0	0	0	0	0	0	0	0	0	0	0	0	0	2004	0
LFQ	35	0	0	0	0	0	0	0	0	0	0	0	0	0	0	0	0	0	0	0	0	0	0	0	0	0	0	0	0	0	0	2004	0
LFQ	36	0	0	0	0	0	0	0	0	0	0	0	0	0	0	0	0	0	0	0	0	0	0	0	0	0	0	0	0	0	0	2004	0
LFQ	37	0	0	0	0	0	0	0	0	0	0	0	0	0	0	0	0	0	0	0	0	0	0	0	0	0	0	0	0	0	0	2004	0
LFQ	38	0	0	0	0	0	0	0	0	0	0	0	0	0	0	0	0	0	0	0	0	0	0	0	0	0	0	0	0	0	0	2004	0
LFQ	39	0	0	0	0	0	0	0	0	0	0	0	0	0	0	0	0	0	0	0	0	0	0	0	0	0	0	0	0	0	0	2004	0
LFQ	40	0	0	0	0	0	0	0	0	0	0	0	0	0	0	0	0	0	0	0	0	0	0	0	0	0	0	0	0	0	0	2004	0
LFQ	41	0	0	0	0	0	0	0	0	0	0	0	0	0	0	0	0	0	0	0	0	0	0	0	0	0	0	0	0	0	0	2004	0
LFQ	42	0	0	0	0	0	0	0	0	0	0	0	0	0	0	0	0	0	0	0	0	0	0	0	0	0	0	0	0	0	0	2004	0
LFQ	43	0	0	0	0	0	0	0	0	0	0	0	0	0	0	0	0	0	0	0	0	0	0	0	0	0	0	0	0	0	0	2004	0
LFQ	44	0	0	0	0	0	0	0	0	0	0	0	0	0	0	0	0	0	0	0	0	0	0	0	0	0	0	0	0	0	0	2004	0
LFQ	45	0	0	0	0	0	0	0	0	0	0	0	0	0	0	0	0	0	0	0	0	0	0	0	0	0	0	0	0	0	0	2004	0
LFQ	46	0	0	0	0	0	0	0	0	0	0	0	0	0	0	0	0	0	0	0	0	0	0	0	0	0	0	0	0	0	0	2004	0
LFQ	47	0	0	0	0	0	0	0	0	0	0	0	0	0	0	0	0	0	0	0	0	0	0	0	0	0	0	0	0	0	0	2004	0
LFQ	48	0	0	0	0	0	0	0	0	0	0	0	0	0	0	0	0	0	0	0	0	0	0	0	0	0	0	0	0	0	0	2004	0
LFQ	49	0	0	0	0	0	0	0	0	0	0	0	0	0	0	0	0	0	0	0	0	0	0	0	0	0	0	0	0	0	0	2004	0
LFQ	50	0	0	0	0	0	0	0	0	0	0	0	0	0	0	0	0	0	0	0	0	0	0	0	0	0	0	0	0	0	0	2004	0
LFQ	51	0	0	0	0	0	0	0	0	0	0	0	0	0	0	0	0	0	0	0	0	0	0	0	0	0	0	0	0	0	0	2004	0
LFQ	52	0	0	0	0	0	0	0	0	0	0	0	0	0	0	0	0	0	0	0	0	0	0	0	0	0	0	0	0	0	0	2004	0
LFQ	53	0	0	0	0	0	0	0	0	0	0	0	0	0	0	0	0	0	0	0	0	0	0	0	0	0	0	0	0	0	0	2004	0
LFQ	54	0	0	0	0	0	0	0	0	0	0	0	0	0	0	0	0	0	0	0	0	0	0	0	0	0	0	0	0	0	0	2004	0
LFQ	55	0	0	0	0	0	0	0	0	0	0	0	0	0	0	0	0	0	0	0	0	0	0	0	0	0	0	0	0	0	0	2004	0
LFQ	56	0	0	0	0	0	0	0	0	0	0	0	0	0	0	0	0	0	0	0	0	0	0	0	0	0	0	0	0	0	0	2004	0
LFQ	57	0	0	0	0	0	0	0	0	0	0	0	0	0	0	0	0	0	0	0	0	0	0	0	0	0	0	0	0	0	0	2004	0
LFQ	58	0	0	0	0	0	0	0	0	0	0	0	0	0	0	0	0	0	0	0	0	0	0	0	0	0	0	0	0	0	0	2004	0
LFQ	59	0	0	0	0	0	0	0	0	0	0	0	0	0	0	0	0	0	0	0	0	0	0	0	0	0	0	0	0	0	0	2004	0
LFQ	60	0	0	0	0	0	0	0	0	0	0	0	0	0	0	0	0	0	0	0	0	0	0	0	0	0	0	0	0	0	0	2004	0
LFQ	61	0	0	0	0	0	0	0	0	0	0	0	0	0	0	0	0	0	0	0	0	0	0	0	0	0	0	0	0	0	0	2004	0
LFQ	62	0	0	0	0	0	0	0	0	0	0	0	0	0	0	0	0	0	0	0	0	0	0	0	0	0	0	0	0	0	0	2004	0
LFQ	63	0	0	0	0	0	0	0	0	0	0	0	0	0	0	0	0	0	0	0	0	0	0	0	0	0	0	0	0	0	0	2004	0
LFQ	64	0	0	0	0	0	0	0	0	0	0	0	0	0	0	0	0	0	0	0	0	0	0	0	0	0	0	0	0	0	0	2004	0
LFQ	65	0	0	0	0	0	0	0	0	0	0	0	0	0	0	0	0	0	0	0	0	0	0	0	0	0	0	0	0	0	0	2004	0
LFQ	66	0	0	0	0	0	0	0	0	0	0	0	0	0	0	0	0	0	0	0	0	0	0	0	0	0	0	0	0	0	0	2004	0
LFQ	67	0	0	0	0	0	0	0	0	0	0	0	0	0	0	0	0	0	0	0	0	0	0	0	0	0	0	0	0	0	0	2004	0
LFQ	68	0	0	0	0	0	0	0	0	0	0	0	0	0	0	0	0	0	0	0	0	0	0	0	0	0	0	0	0	0	0	2004	0
LFQ	69	0	0	0	0	0	0	0	0	0	0	0	0	0	0	0	0	0	0	0	0	0	0	0	0	0	0	0	0	0	0	2004	0
LFQ	70	0	0	0	0	0	0	0	0	0	0	0	0	0	0	0	0	0	0	0	0	0	0	0	0	0	0	0	0	0	0	2004	0
LFQ	71	0	0	0	0	0	0	0	0	0	0	0	0	0	0	0	0	0	0	0	0	0	0	0	0	0	0	0	0	0	0	2004	0
LFQ	72	0	0	0	0	0	0	0	0	0	0	0	0	0	0	0	0	0	0	0	0	0	0	0	0	0	0	0	0	0	0	2004	0
LFQ	73	0	0	0	0	0	0	0	0	0	0	0	0	0	0	0	0	0	0	0	0	0	0	0	0	0	0	0	0	0	0	2004	0
LFQ	74	0	0	0	0	0	0	0	0	0	0	0	0	0	0	0	0	0	0	0	0	0	0	0	0	0	0	0	0	0	0	2004	0
LFQ	75	0	0	0	0	0	0	0	0	0	0	0	0	0	0	0	0	0	0	0	0	0	0	0	0	0	0	0	0	0	0	2004	0
LFQ	76	0	0	0	0	0	0	0	0	0	0	0	0	0	0	0	0	0	0	0	0	0	0	0	0	0	0	0	0	0	0	2004	0
LFQ	77	0	0	0	0	0	0	0	0	0	0	0	0	0	0	0	0	0	0	0	0	0	0	0	0	0	0	0	0	0	0	2004	0
LFQ	78	0	0	0	0	0	0	0	0	0	0	0	0	0	0	0	0	0	0	0	0	0	0	0	0	0	0	0	0	0	0	2004	0
LFQ	79	0	0	0	0	0	0	0	0	0	0	0	0	0	0	0	0	0	0	0	0	0	0	0	0	0	0	0	0	0	0	2004	0
LFQ	80	0	0	0	0	0	0	0	0	0	0	0	0	0	0	0	0	0	0	0	0	0	0	0	0	0	0	0	0	0	0	2004	0
LFQ	81	0	0	0	0	0	0	0	0	0	0	0	0	0	0	0	0	0	0	0	0	0	0	0	0	0	0	0	0	0	0	2004	0
LFQ	82	0	0	0	0	0	0	0	0	0	0	0	0	0	0	0	0	0	0	0	0	0	0	0	0	0	0	0	0	0	0	2004	0
LFQ	83	0	0	0	0	0	0	0	0	0	0	0	0	0	0	0	0	0	0	0	0	0	0	0	0	0	0	0	0	0	0	2004	0
LFQ	84	0	0	0	0	0	0	0	0	0	0	0	0	0	0	0	0	0	0	0	0	0	0	0	0	0	0	0	0	0	0	2004	0
LFQ	85	0	0	0	0	0	0	0	0	0	0	0	0	0	0	0	0	0	0	0	0	0	0	0	0	0	0	0	0	0	0	2004	0
LFQ	86	0	0	0	0	0	0	0	0	0	0	0	0	0	0	0	0	0	0	0	0	0	0	0	0	0	0	0	0	0	0	2004	0
LFQ	87	0	0	0	0	0	0	0	0	0	0	0	0	0	0	0	0	0	0	0	0	0	0	0	0	0	0	0	0	0	0	2004	0
LFQ	88	0	0	0	0	0	0	0	0	0	0	0	0	0	0	0	0	0	0	0	0	0	0	0	0	0	0	0	0	0	0	2004	0
LFQ	89	0	0	0	0	0	0	0	0	0	0	0	0	0	0	0	0	0	0	0	0	0	0	0	0	0	0	0	0	0	0	2004	0
LFQ	90	0	0	0	0	0	0	0	0	0	0	0	0	0	0	0	0	0	0	0	0	0	0	0	0	0	0	0	0	0	0	2004	0
LFQ	91	0	0	0	0	0	0	0	0	0	0	0	0	0	0	0	0	0	0	0	0	0	0	0	0	0	0	0	0	0	0	2004	0
LFQ	92	0	0	0	0	0	0	0	0	0	0	0	0	0	0	0	0	0	0	0	0	0	0	0	0	0	0	0	0	0	0	2004	0
LFQ	93	0	0	0	0	0	0	0	0	0	0	0	0	0	0	0	0	0	0	0	0	0	0	0	0	0	0	0	0	0	0	2004	0
LFQ	94	0	0	0	0	0	0	0	0	0	0	0	0	0	0	0	0	0	0	0	0	0	0	0	0	0	0	0	0	0	0	2004	0
LFQ	95	0	0	0	0	0	0	0	0	0	0	0	0	0	0	0	0	0	0	0	0	0	0	0	0	0	0	0	0	0	0	2004	0
LFQ	96	0	0	0	0	0	0	0	0	0	0	0	0	0	0	0	0	0	0	0	0	0	0	0	0	0	0	0	0	0	0	2004	0
LFQ	97	0	0	0	0	0	0	0	0	0	0	0	0	0	0	0	0	0	0	0	0	0	0	0	0	0	0	0	0	0	0	2004	0
LFQ	98	0	0	0	0	0	0	0	0	0	0	0	0	0	0	0	0	0	0	0	0	0	0	0	0	0	0	0	0	0	0	2004	0
LFQ	99	0	0	0	0	0	0	0	0	0	0	0	0	0	0	0	0	0	0	0	0	0	0	0	0	0	0	0	0	0	0	2004	0
LFQ	100	0	0	0	0	0	0	0	0	0	0	0	0	0	0	0	0	0	0	0	0	0	0	0	0	0	0	0	0	0	0	2004	0
LFQ	101	0	0	0	0	0	0	0	0	0	0	0	0	0	0	0	0	0	0	0	0	0	0	0	0	0	0	0	0	0	0	2004	0
LFQ	102	0	0	0	0	0	0	0	0	0	0	0	0	0	0	0	0	0	0	0	0	0	0	0	0	0	0	0	0	0	0	2004	0
LFQ	103	0	0	0	0	0	0	0	0	0	0	0	0	0	0	0	0	0	0	0	0	0	0	0	0	0	0	0	0	0	0	2004	0
LFQ	104	0	0	0	0	0	0	0	0	0	0	0	0	0	0	0	0	0	0	0	0	0	0	0	0	0	0	0	0	0	0	2004	0
LFQ	105	0	0	0	0	0	0	0	0	0	0	0	0	0	0	0	0	0	0	0	0	0	0	0	0	0	0	0	0	0	0	2004	0
LFQ	106	0	0	0	0	0	0	0	0	0	0	0	0	0	0	0	0	0	0	0	0	0	0	0	0	0	0	0	0	0	0	2004	0
LFQ	107	0	0	0	0	0	0	0	0	0	0	0	0	0	0	0	0	0	0	0	0	0	0	0	0	0	0	0	0	0	0	2004	0
LFQ	108	0	0	0	0	0	0	0	0	0	0	0	0	0	0	0	0	0	0	0	0	0	0	0	0	0	0	0	0	0	0	2004	0
LFQ	109	0	0	0	0	0	0	0	0	0	0	0	0	0	0	0	0	0	0	0	0	0	0	0	0	0	0	0	0	0	0	2004	0
LFQ	110	0	0	0	0	0	0	0	0	0	0	0	0	0	0	0	0	0	0	0	0	0	0	0	0	0	0	0	0	0	0	2004	0
LFQ	111	0	0	0	0	0	0	0	0	0	0	0	0	0	0	0	0	0	0	0	0	0	0	0	0	0	0	0	0	0	0	2004	0
LFQ	112	0	0	0	0	0	0	0	0	0	0	0	0	0	0	0	0	0	0	0	0	0	0	0	0	0	0	0	0	0	0	2004	0
LFQ	113	0	0	0	0	0	0	0	0	0	0	0	0	0	0	0	0	0	0	0	0	0	0	0	0	0	0	0	0	0	0	2004	0
LFQ	114	0	0	0	0	0	0	0	0	0	0	0	0	0	0	0	0	0	0	0	0	0	0	0	0	0	0	0	0	0	0	2004	0
LFQ	115	0	0	0	0	0	0	0	0	0	0	0	0	0	0	0	0	0	0	0	0	0	0	0	0	0	0	0	0	0	0	2004	0
LFQ	116	0	0	0	0	0	0	0	0	0	0	0	0	0	0	0	0	0	0	0	0	0	0	0	0	0	0	0	0	0	0	2004	0
LFQ	117	0	0	0	0	0	0	0	0	0	0	0	0	0	0	0	0	0	0	0	0	0	0	0	0	0	0	0	0	0	0	2004	0
LFQ	118	0	0	0	0	0	0	0	0	0	0	0	0	0	0	0	0	0	0	0	0	0	0	0	0	0	0	0	0	0	0	2004	0
LFQ	119	0	0	0	0	0	0	0	0	0	0	0	0	0	0	0	0	0	0	0	0	0	0	0	0	0	0	0	0	0	0	2004	0
LFQ	120	0	0	0	0	0	0	0	0	0	0	0	0	0	0	0	0	0	0	0	0	0	0	0	0	0	0	0	0	0	0	2004	0
LFQ	121	0	0	0	0	0	0	0	0	0	0	0	0	0	0	0	0	0	0	0	0	0	0	0	0	0	0	0	0	0	0	2004	0
LFQ	122	0	0	0	0	0	0	0	0	0	0	0	0	0	0	0	0	0	0	0	0	0	0	0	0	0	0	0	0	0	0	2004	0
LFQ	123	0	0	0	0	0	0	0	0	0	0	0	0	0	0	0	0	0	0	0	0	0	0	0	0	0	0	0	0	0	0	2004	0
LFQ	124	0	0	0	0	0	0	0	0	0	0	0	0	0	0	0	0	0	0	0	0	0	0	0	0	0	0	0	0	0	0	2004	0
LFQ	125	0	0	0	0	0	0	0	0	0	0	0	0	0	0	0	0	0	0	0	0	0	0	0	0	0	0	0	0	0	0	2004	0
LFQ	126	0	0	0	0	0	0	0	0	0	0	0	0	0	0	0	0	0	0	0	0	0	0	0	0	0	0	0	0	0	0	2004	0
LFQ	127	0	0	0	0	0	0	0	0	0	0	0	0	0	0	0	0	0	0	0	0	0	0	0	0	0	0	0	0	0	0	2004	0
LFQ	128	0	0	0	0	0	0	0	0	0	0	0	0	0	0	0	0	0	0	0	0	0	0	0	0	0	0	0	0	0	0	2004	0
LFQ	129	0	0	0	0	0	0	0	0	0	0	0	0	0	0	0	0	0	0	0	0	0	0	0	0	0	0	0	0	0	0	2004	0
LFQ	130	0	0	0	0	0	0	0	0	0	0	0	0	0	0	0	0	0	0	0	0	0	0	0	0	0	0	0	0	0	0	2004	0
LFQ	131	0	0	0	0	0	0	0	0	0	0	0	0	0	0	0	0	0	0	0	0	0	0	0	0	0	0	0	0	0	0	2004	0
LFQ	132	0	0	0	0	0	0	0	0	0	0	0	0	0	0	0	0	0	0	0	0	0	0	0	0	0	0	0	0	0	0	2004	0
LFQ	133	0	0	0	0	0	0	0	0	0	0	0	0	0	0	0	0	0	0	0	0	0	0	0	0	0	0	0	0	0	0	2004	0
LFQ	134	0	0	0	0	0	0	0	0	0	0	0	0	0	0	0	0	0	0	0	0	0	0	0	0	0	0	0	0	0	0	2004	0
LFQ	135	0	0	0	0	0	0	0	0	0	0	0	0	0	0	0	0	0	0	0	0	0	0	0	0	0	0	0	0	0	0	2004	0
LFQ	136	0	0	0	0	0	0	0	0	0	0	0	0	0	0	0	0	0	0	0	0	0	0	0	0	0	0	0	0	0	0	2004	0
LFQ	137	0	0	0	0	0	0	0	0	0	0	0	0	0	0	0	0	0	0	0	0	0	0	0	0	0	0	0	0	0	0	2004	0
LFQ	138	0	0	0	0	0	0	0	0	0	0	0	0	0	0	0	0	0	0	0	0	0	0	0	0	0	0	0	0	0	0	2004	0
LFQ	139	0	0	0	0	0	0	0	0	0	0	0	0	0	0	0	0	0	0	0	0	0	0	0	0	0	0	0	0	0	0	2004	0
LFQ	140	0	0	0	0	0	0	0	0	0	0	0	0	0	0	0	0	0	0	0	0	0	0	0	0	0	0	0	0	0	0	2004	0
LFQ	141	0	0	0	0	0	0	0	0	0	0	0	0	0	0	0	0	0	0	0	0	0	0	0	0	0	0	0	0	0	0	2004	0
LFQ	142	0	0	0	0	0	0	0	0	0	0	0	0	0	0	0	0	0	0	0	0	0	0	0	0	0	0	0	0	0	0	2004	0
LFQ	143	0	0	0	0	0	0	0	0	0	0	0	0	0	0	0	0	0	0	0	0	0	0	0	0	0	0	0	0	0	0	2004	0
LFQ	144	0	0	0	0	0	0	0	0	0	0	0	0	0	0	0	0	0	0	0	0	0	0	0	0	0	0	0	0	0	0	2004	0
LFQ	145	0	0	0	0	0	0	0	0	0	0	0	0	0	0	0	0	0	0	0	0	0	0	0	0	0	0	0	0	0	0	2003	0
LFQ	146	0	0	0	0	0	0	0	0	0	0	0	0	0	0	0	0	0	0	0	0	0	0	0	0	0	0	0	0	0	0	2003	0
LFQ	147	0	0	0	0	0	0	0	0	0	0	0	0	0	0	0	0	0	0	0	0	0	0	0	0	0	0	0	0	0	0	2003	0
LFQ	148	0	0	0	0	0	0	0	0	0	0	0	0	0	0	0	0	0	0	0	0	0	0	0	0	0	0	0	0	0	0	2003	0
LFQ	149	0	0	0	0	0	0	0	0	0	0	0	0	0	0	0	0	0	0	0	0	0	0	0	0	0	0	0	0	0	0	2002	0
LFQ	150	0	0	0	0	0	0	0	0	0	0	0	0	0	0	0	0	0	0	0	0	0	0	0	0	0	0	0	0	0	0	2002	0
# GC Content of first fragments. Use `grep ^GCF | cut -f 2-` to extract this part.
GCF	4.77	0
GCF	10.05	1
GCF	11.06	0
GCF	12.06	1
GCF	14.57	0
GCF	17.09	1
GCF	18.09	0
GCF	18.84	3
GCF	19.35	4
GCF	20.35	2
GCF	21.36	7
GCF	22.61	6
GCF	24.12	15
GCF	24.87	10
GCF	25.38	11
GCF	26.13	18
GCF	26.88	12
GCF	27.39	22
GCF	28.14	28
GCF	28.89	37
GCF	29.40	36
GCF	30.15	34
GCF	30.90	45
GCF	31.41	38
GCF	32.16	50
GCF	32.91	55
GCF	33.42	58
GCF	33.92	68
GCF	34.67	62
GCF	35.68	76
GCF	36.68	78
GCF	37.69	72
GCF	38.69	67
GCF	39.45	63
GCF	39.95	62
GCF	40.70	60
GCF	41.46	71
GCF	41.96	50
GCF	42.71	59
GCF	43.47	45
GCF	43.97	64
GCF	44.72	43
GCF	45.48	55
GCF	45.98	49
GCF	46.73	41
GCF	47.49	46
GCF	47.99	29
GCF	48.74	34
GCF	49.50	24
GCF	50.00	15
GCF	50.75	20
GCF	51.51	5
GCF	52.01	10
GCF	52.76	9
GCF	53.52	6
GCF	54.52	9
GCF	55.53	4
GCF	56.03	2
GCF	56.78	6
GCF	57.54	8
GCF	58.04	7
GCF	58.79	2
GCF	59.55	3
GCF	60.05	2
GCF	60.80	4
GCF	61.56	0
GCF	62.06	2
GCF	62.81	1
GCF	64.32	0
GCF	66.08	1
GCF	67.84	0
GCF	69.35	1
GCF	70.10	0
GCF	70.60	1
# GC Content of last fragments. Use `grep ^GCL | cut -f 2-` to extract this part.
GCL	6.53	0
GCL	13.32	1
GCL	15.58	0
GCL	18.09	3
GCL	19.10	2
GCL	20.10	1
GCL	20.85	2
GCL	21.36	3
GCL	22.11	5
GCL	22.86	7
GCL	23.37	4
GCL	24.12	11
GCL	24.87	21
GCL	25.88	15
GCL	26.88	14
GCL	27.39	23
GCL	28.14	26
GCL	28.89	29
GCL	29.40	23
GCL	30.15	33
GCL	31.16	34
GCL	32.16	52
GCL	32.91	49
GCL	33.42	53
GCL	33.92	64
GCL	34.67	74
GCL	35.43	80
GCL	35.93	69
GCL	36.68	73
GCL	37.44	81
GCL	37.94	56
GCL	38.69	70
GCL	39.45	67
GCL	39.95	66
GCL	40.70	56
GCL	41.46	78
GCL	41.96	64
GCL	42.71	53
GCL	43.47	65
GCL	43.97	57
GCL	44.72	44
GCL	45.48	50
GCL	45.98	54
GCL	46.73	36
GCL	47.49	48
GCL	47.99	25
GCL	48.74	32
GCL	49.50	26
GCL	50.00	18
GCL	50.75	11
GCL	51.51	10
GCL	52.01	20
GCL	52.76	13
GCL	53.52	11
GCL	54.02	10
GCL	54.77	6
GCL	55.53	5
GCL	56.03	4
GCL	56.78	8
GCL	57.54	5
GCL	58.04	3
GCL	58.79	8
GCL	59.55	10
GCL	60.05	1
GCL	61.06	2
GCL	62.06	3
GCL	62.81	1
GCL	63.82	0
GCL	65.08	1
GCL	66.08	0
GCL	66.58	1
GCL	67.59	0
GCL	68.59	1
GCL	69.60	0
GCL	70.60	1
# ACGT content per cycle. Use `grep ^GCC | cut -f 2-` to extract this part. The columns are: cycle; A,C,G,T base counts as a percentage of all A/C/G/T bases [%]; and N and O counts as a percentage of all A/C/G/T bases [%]
GCC	1	30.84	20.38	19.04	29.74	0.00	0.00
GCC	2	31.36	20.36	19.41	28.87	0.00	0.00
GCC	3	30.71	20.76	18.44	30.09	0.00	0.00
GCC	4	30.41	19.54	18.91	31.14	0.00	0.00
GCC	5	28.34	22.36	18.44	30.86	0.00	0.00
GCC	6	31.16	19.71	18.19	30.94	0.00	0.00
GCC	7	29.49	19.94	18.86	31.71	0.00	0.00
GCC	8	30.01	21.06	18.11	30.81	0.00	0.00
GCC	9	30.01	20.63	18.61	30.74	0.00	0.00
GCC	10	30.76	19.54	19.24	30.46	0.00	0.00
GCC	11	30.14	20.61	19.46	29.79	0.00	0.00
GCC	12	30.59	19.41	19.56	30.44	0.00	0.00
GCC	13	30.11	20.33	18.79	30.76	0.00	0.00
GCC	14	30.29	20.48	18.61	30.61	0.00	0.00
GCC	15	31.14	19.74	18.91	30.21	0.00	0.00
GCC	16	31.29	18.59	19.54	30.59	0.00	0.00
GCC	17	29.99	19.49	18.81	31.71	0.00	0.00
GCC	18	29.64	19.81	18.56	31.99	0.00	0.00
GCC	19	30.86	19.79	18.61	30.74	0.00	0.00
GCC	20	31.19	19.86	17.86	31.09	0.00	0.00
GCC	21	29.94	19.16	19.16	31.74	0.00	0.00
GCC	22	31.04	19.44	19.36	30.16	0.00	0.00
GCC	23	31.39	18.99	18.69	30.94	0.00	0.00
GCC	24	30.39	20.03	18.44	31.14	0.00	0.00
GCC	25	30.04	20.33	18.94	30.69	0.00	0.00
GCC	26	31.51	20.41	19.06	29.02	0.00	0.00
GCC	27	30.76	19.99	18.69	30.56	0.00	0.00
GCC	28	31.29	19.09	18.76	30.86	0.00	0.00
GCC	29	31.01	20.26	18.94	29.79	0.00	0.00
GCC	30	30.71	21.53	18.66	29.09	0.00	0.00
GCC	31	31.84	20.41	17.74	30.01	0.00	0.00
GCC	32	30.84	19.76	18.39	31.01	0.00	0.00
GCC	33	30.09	20.06	19.31	30.54	0.00	0.00
GCC	34	31.51	18.49	18.76	31.24	0.00	0.00
GCC	35	31.54	19.91	19.19	29.37	0.00	0.00
GCC	36	30.91	19.74	19.36	29.99	0.00	0.00
GCC	37	30.89	19.94	20.11	29.07	0.00	0.00
GCC	38	29.87	20.23	19.09	30.81	0.00	0.00
GCC	39	31.11	20.01	18.59	30.29	0.00	0.00
GCC	40	30.91	20.73	18.94	29.42	0.00	0.00
GCC	41	30.39	20.38	17.89	31.34	0.00	0.00
GCC	42	29.92	20.11	19.51	30.46	0.00	0.00
GCC	43	30.44	19.99	19.19	30.39	0.00	0.00
GCC	44	32.11	19.59	18.74	29.57	0.00	0.00
GCC	45	30.94	19.96	18.89	30.21	0.00	0.00
GCC	46	29.79	19.86	19.79	30.56	0.00	0.00
GCC	47	32.01	19.59	18.94	29.47	0.00	0.00
GCC	48	31.01	19.24	19.69	30.06	0.00	0.00
GCC	49	31.74	19.71	18.94	29.62	0.00	0.00
GCC	50	29.67	20.23	19.71	30.39	0.00	0.00
GCC	51	30.01	20.33	19.06	30.59	0.00	0.00
GCC	52	30.49	20.63	19.46	29.42	0.00	0.00
GCC	53	30.01	20.23	19.49	30.26	0.00	0.00
GCC	54	30.81	20.91	18.41	29.87	0.00	0.00
GCC	55	31.41	21.23	17.99	29.37	0.00	0.00
GCC	56	30.24	19.79	19.66	30.31	0.00	0.00
GCC	57	30.29	20.18	18.84	30.69	0.00	0.00
GCC	58	31.24	19.21	19.79	29.77	0.00	0.00
GCC	59	30.34	20.73	19.71	29.22	0.00	0.00
GCC	60	30.46	19.24	18.94	31.36	0.00	0.00
GCC	61	31.49	20.21	18.06	30.24	0.00	0.00
GCC	62	30.51	19.36	19.01	31.11	0.00	0.00
GCC	63	30.91	20.11	19.04	29.94	0.00	0.00
GCC	64	31.71	19.09	19.19	30.01	0.00	0.00
GCC	65	30.59	19.64	19.64	30.14	0.00	0.00
GCC	66	30.51	18.56	20.06	30.86	0.00	0.00
GCC	67	29.52	19.34	20.38	30.76	0.00	0.00
GCC	68	30.04	19.54	19.01	31.41	0.00	0.00
GCC	69	30.91	19.11	19.54	30.44	0.00	0.00
GCC	70	30.51	18.86	19.51	31.11	0.00	0.00
GCC	71	31.99	19.34	18.04	30.64	0.00	0.00
GCC	72	30.19	19.41	19.01	31.39	0.00	0.00
GCC	73	31.59	18.91	18.94	30.56	0.00	0.00
GCC	74	29.84	19.14	20.03	30.99	0.00	0.00
GCC	75	31.14	19.44	19.11	30.31	0.00	0.00
GCC	76	30.76	20.18	19.44	29.62	0.00	0.00
GCC	77	30.76	18.99	18.81	31.44	0.00	0.00
GCC	78	30.71	20.68	19.24	29.37	0.00	0.00
GCC	79	30.34	18.99	19.44	31.24	0.00	0.00
GCC	80	30.91	19.71	19.06	30.31	0.00	0.00
GCC	81	31.06	19.81	19.54	29.59	0.00	0.00
GCC	82	30.51	19.81	19.61	30.06	0.00	0.00
GCC	83	31.14	17.96	18.64	32.26	0.00	0.00
GCC	84	30.24	20.63	18.01	31.11	0.00	0.00
GCC	85	30.56	20.26	18.54	30.64	0.00	0.00
GCC	86	32.09	19.89	19.29	28.74	0.00	0.00
GCC	87	31.86	19.69	17.91	30.54	0.00	0.00
GCC	88	29.87	21.18	19.04	29.92	0.00	0.00
GCC	89	31.39	19.49	18.21	30.91	0.00	0.00
GCC	90	30.99	21.23	18.79	28.99	0.00	0.00
GCC	91	29.77	20.73	19.74	29.77	0.00	0.00
GCC	92	30.79	20.31	19.94	28.97	0.00	0.00
GCC	93	30.91	19.49	19.29	30.31	0.00	0.00
GCC	94	31.11	19.86	19.54	29.49	0.00	0.00
GCC	95	29.77	20.48	19.71	30.04	0.00	0.00
GCC	96	30.34	19.96	18.99	30.71	0.00	0.00
GCC	97	29.89	20.31	19.31	30.49	0.00	0.00
GCC	98	29.19	20.26	18.61	31.94	0.00	0.00
GCC	99	29.34	19.84	19.14	31.69	0.00	0.00
GCC	100	29.57	20.98	19.16	30.29	0.00	0.00
GCC	101	31.01	19.89	19.04	30.06	0.00	0.00
GCC	102	31.41	20.01	18.56	30.01	0.00	0.00
GCC	103	30.29	20.03	17.96	31.71	0.00	0.00
GCC	104	30.84	20.08	17.84	31.24	0.00	0.00
GCC	105	30.24	20.38	17.89	31.49	0.00	0.00
GCC	106	30.84	19.26	19.21	30.69	0.00	0.00
GCC	107	31.76	19.79	18.29	30.16	0.00	0.00
GCC	108	30.71	21.53	18.81	28.94	0.00	0.00
GCC	109	30.51	20.48	18.66	30.34	0.00	0.00
GCC	110	30.59	19.64	18.19	31.59	0.00	0.00
GCC	111	28.64	19.49	19.86	32.01	0.00	0.00
GCC	112	30.64	19.49	18.96	30.91	0.00	0.00
GCC	113	30.59	20.16	18.66	30.59	0.00	0.00
GCC	114	30.49	19.81	18.29	31.41	0.00	0.00
GCC	115	30.39	19.36	19.24	31.01	0.00	0.00
GCC	116	29.84	19.44	19.41	31.31	0.00	0.00
GCC	117	29.62	19.99	18.71	31.69	0.00	0.00
GCC	118	29.87	20.48	18.61	31.04	0.00	0.00
GCC	119	29.52	20.46	18.79	31.24	0.00	0.00
GCC	120	30.86	19.51	18.74	30.89	0.00	0.00
GCC	121	31.34	20.53	18.39	29.74	0.00	0.00
GCC	122	30.59	19.36	20.01	30.04	0.00	0.00
GCC	123	30.64	20.38	18.61	30.36	0.00	0.00
GCC	124	30.74	19.81	18.96	30.49	0.00	0.00
GCC	125	30.54	19.84	19.04	30.59	0.00	0.00
GCC	126	29.97	20.28	20.11	29.64	0.00	0.00
GCC	127	30.86	19.89	18.86	30.39	0.00	0.00
GCC	128	30.71	20.78	18.99	29.52	0.00	0.00
GCC	129	30.54	21.51	18.19	29.77	0.00	0.00
GCC	130	31.41	19.86	19.09	29.64	0.00	0.00
GCC	131	30.81	20.36	18.64	30.19	0.00	0.00
GCC	132	30.29	19.86	19.34	30.51	0.00	0.00
GCC	133	30.41	20.48	18.34	30.76	0.00	0.00
GCC	134	30.16	20.31	19.54	29.99	0.00	0.00
GCC	135	30.76	19.36	20.26	29.62	0.00	0.00
GCC	136	29.97	20.06	19.71	30.26	0.00	0.00
GCC	137	31.66	20.41	17.59	30.34	0.00	0.00
GCC	138	30.79	19.71	18.46	31.04	0.00	0.00
GCC	139	29.82	20.08	18.01	32.09	0.00	0.00
GCC	140	31.49	18.89	18.89	30.74	0.00	0.00
GCC	141	31.54	19.91	18.06	30.49	0.00	0.00
GCC	142	31.84	18.74	18.69	30.74	0.00	0.00
GCC	143	30.99	18.84	18.91	31.26	0.00	0.00
GCC	144	31.06	18.94	17.74	32.26	0.00	0.00
GCC	145	31.15	19.82	18.47	30.57	0.00	0.00
GCC	146	31.10	18.69	18.94	31.27	0.00	0.00
GCC	147	29.55	20.99	18.49	30.97	0.00	0.00
GCC	148	31.05	19.02	18.44	31.49	0.00	0.00
GCC	149	29.63	20.57	19.12	30.68	0.00	0.00
GCC	150	30.00	18.72	20.12	31.15	0.00	0.00
# ACGT content per cycle, read oriented. Use `grep ^GCT | cut -f 2-` to extract this part. The columns are: cycle; A,C,G,T base counts as a percentage of all A/C/G/T bases [%]
GCT	1	29.77	19.16	20.26	30.81
GCT	2	31.24	19.59	20.18	28.99
GCT	3	30.91	19.41	19.79	29.89
GCT	4	31.09	19.71	18.74	30.46
GCT	5	29.37	19.74	21.06	29.84
GCT	6	31.89	18.79	19.11	30.21
GCT	7	30.54	19.79	19.01	30.66
GCT	8	31.11	19.11	20.06	29.72
GCT	9	30.26	19.19	20.06	30.49
GCT	10	31.64	19.31	19.46	29.59
GCT	11	30.51	20.53	19.54	29.42
GCT	12	30.31	19.04	19.94	30.71
GCT	13	30.89	18.86	20.26	29.99
GCT	14	32.09	19.54	19.56	28.82
GCT	15	30.81	19.31	19.34	30.54
GCT	16	31.91	19.91	18.21	29.97
GCT	17	30.96	19.16	19.14	30.74
GCT	18	30.66	18.79	19.59	30.96
GCT	19	30.81	18.64	19.76	30.79
GCT	20	31.69	18.26	19.46	30.59
GCT	21	30.36	18.29	20.03	31.31
GCT	22	30.01	19.61	19.19	31.19
GCT	23	31.26	18.86	18.81	31.06
GCT	24	29.92	18.81	19.66	31.61
GCT	25	30.76	19.41	19.86	29.97
GCT	26	30.21	19.96	19.51	30.31
GCT	27	30.96	19.34	19.34	30.36
GCT	28	32.41	18.86	18.99	29.74
GCT	29	29.72	19.06	20.13	31.09
GCT	30	29.72	20.08	20.11	30.09
GCT	31	30.54	19.51	18.64	31.31
GCT	32	31.86	18.69	19.46	29.99
GCT	33	30.86	18.79	20.58	29.77
GCT	34	31.84	19.16	18.09	30.91
GCT	35	29.94	19.41	19.69	30.96
GCT	36	31.06	19.64	19.46	29.84
GCT	37	30.14	20.03	20.01	29.82
GCT	38	29.97	19.54	19.79	30.71
GCT	39	31.74	19.19	19.41	29.67
GCT	40	30.49	19.81	19.86	29.84
GCT	41	30.81	18.56	19.71	30.91
GCT	42	30.76	19.41	20.21	29.62
GCT	43	29.82	18.96	20.21	31.01
GCT	44	31.11	19.74	18.59	30.56
GCT	45	30.54	20.16	18.69	30.61
GCT	46	30.56	19.34	20.31	29.79
GCT	47	30.94	19.51	19.01	30.54
GCT	48	30.86	18.89	20.03	30.21
GCT	49	30.54	18.31	20.33	30.81
GCT	50	29.14	19.61	20.33	30.91
GCT	51	30.46	19.54	19.86	30.14
GCT	52	30.04	19.79	20.31	29.87
GCT	53	30.64	20.46	19.26	29.64
GCT	54	29.62	19.91	19.41	31.06
GCT	55	29.64	19.71	19.51	31.14
GCT	56	29.67	19.41	20.03	30.89
GCT	57	30.66	20.21	18.81	30.31
GCT	58	31.21	19.69	19.31	29.79
GCT	59	29.87	20.36	20.08	29.69
GCT	60	30.29	19.76	18.41	31.54
GCT	61	30.74	19.51	18.76	30.99
GCT	62	30.31	18.96	19.41	31.31
GCT	63	31.36	19.51	19.64	29.49
GCT	64	31.61	19.14	19.14	30.11
GCT	65	31.41	19.21	20.06	29.32
GCT	66	31.81	20.26	18.36	29.57
GCT	67	30.09	18.66	21.06	30.19
GCT	68	30.66	19.61	18.94	30.79
GCT	69	30.96	18.86	19.79	30.39
GCT	70	31.96	19.86	18.51	29.67
GCT	71	32.14	19.84	17.54	30.49
GCT	72	30.06	19.54	18.89	31.51
GCT	73	31.99	19.76	18.09	30.16
GCT	74	30.71	19.46	19.71	30.11
GCT	75	31.64	19.04	19.51	29.82
GCT	76	30.71	19.84	19.79	29.67
GCT	77	31.24	19.06	18.74	30.96
GCT	78	29.77	19.64	20.28	30.31
GCT	79	31.36	19.46	18.96	30.21
GCT	80	30.09	18.94	19.84	31.14
GCT	81	31.26	19.86	19.49	29.39
GCT	82	30.64	19.84	19.59	29.94
GCT	83	31.66	18.24	18.36	31.74
GCT	84	31.11	19.46	19.19	30.24
GCT	85	31.24	19.24	19.56	29.97
GCT	86	31.09	18.79	20.38	29.74
GCT	87	31.21	19.09	18.51	31.19
GCT	88	30.51	19.69	20.53	29.27
GCT	89	31.46	19.51	18.19	30.84
GCT	90	29.67	20.06	19.96	30.31
GCT	91	30.16	19.74	20.73	29.37
GCT	92	30.29	20.01	20.23	29.47
GCT	93	30.84	19.61	19.16	30.39
GCT	94	30.79	20.03	19.36	29.82
GCT	95	30.59	20.36	19.84	29.22
GCT	96	30.31	19.19	19.76	30.74
GCT	97	30.41	19.69	19.94	29.97
GCT	98	30.01	19.04	19.84	31.11
GCT	99	29.92	19.71	19.26	31.11
GCT	100	29.94	20.31	19.84	29.92
GCT	101	30.26	19.69	19.24	30.81
GCT	102	31.64	20.08	18.49	29.79
GCT	103	31.24	19.29	18.71	30.76
GCT	104	31.11	19.36	18.56	30.96
GCT	105	32.09	19.64	18.64	29.64
GCT	106	31.24	19.91	18.56	30.29
GCT	107	30.59	19.16	18.91	31.34
GCT	108	30.54	20.76	19.59	29.12
GCT	109	31.89	20.56	18.59	28.97
GCT	110	31.39	18.89	18.94	30.79
GCT	111	29.77	20.71	18.64	30.89
GCT	112	30.41	19.46	18.99	31.14
GCT	113	30.11	19.74	19.09	31.06
GCT	114	31.61	18.74	19.36	30.29
GCT	115	30.76	18.89	19.71	30.64
GCT	116	30.04	19.94	18.91	31.11
GCT	117	32.04	20.11	18.59	29.27
GCT	118	30.79	19.26	19.84	30.11
GCT	119	30.19	19.84	19.41	30.56
GCT	120	30.86	19.11	19.14	30.89
GCT	121	31.01	20.41	18.51	30.06
GCT	122	31.39	19.01	20.36	29.24
GCT	123	31.89	19.94	19.06	29.12
GCT	124	31.61	19.34	19.44	29.62
GCT	125	30.54	19.59	19.29	30.59
GCT	126	29.62	20.78	19.61	29.99
GCT	127	31.04	19.26	19.49	30.21
GCT	128	30.24	19.96	19.81	29.99
GCT	129	31.54	19.51	20.18	28.77
GCT	130	29.94	18.69	20.26	31.11
GCT	131	29.44	18.99	20.01	31.56
GCT	132	30.71	19.74	19.46	30.09
GCT	133	29.87	19.24	19.59	31.31
GCT	134	29.82	20.21	19.64	30.34
GCT	135	30.96	19.91	19.71	29.42
GCT	136	31.74	19.99	19.79	28.49
GCT	137	32.09	18.49	19.51	29.92
GCT	138	30.11	18.64	19.54	31.71
GCT	139	30.51	18.94	19.16	31.39
GCT	140	31.76	18.91	18.86	30.46
GCT	141	31.16	20.18	17.79	30.86
GCT	142	31.14	19.09	18.34	31.44
GCT	143	31.61	18.91	18.84	30.64
GCT	144	32.53	18.96	17.71	30.79
GCT	145	30.65	19.69	18.59	31.07
GCT	146	33.04	19.37	18.27	29.32
GCT	147	30.30	19.47	20.01	30.22
GCT	148	32.04	18.19	19.27	30.50
GCT	149	31.08	20.22	19.47	29.23
GCT	150	30.78	19.80	19.05	30.38
# ACGT content per cycle for first fragments. Use `grep ^FBC | cut -f 2-` to extract this part. The columns are: cycle; A,C,G,T base counts as a percentage of all A/C/G/T bases [%]; and N and O counts as a percentage of all A/C/G/T bases [%]
FBC	1	32.88	19.46	18.26	29.39	0.00	0.00
FBC	2	31.24	19.46	19.51	29.79	0.00	0.00
FBC	3	30.59	20.11	19.41	29.89	0.00	0.00
FBC	4	29.99	20.81	17.81	31.39	0.00	0.00
FBC	5	29.14	22.31	17.86	30.69	0.00	0.00
FBC	6	31.04	19.36	18.31	31.29	0.00	0.00
FBC	7	30.34	20.16	18.46	31.04	0.00	0.00
FBC	8	29.89	20.56	18.31	31.24	0.00	0.00
FBC	9	29.79	21.41	19.06	29.74	0.00	0.00
FBC	10	30.49	19.06	18.86	31.59	0.00	0.00
FBC	11	29.69	20.61	19.21	30.49	0.00	0.00
FBC	12	30.84	18.36	19.51	31.29	0.00	0.00
FBC	13	29.99	21.26	17.81	30.94	0.00	0.00
FBC	14	29.84	21.51	18.06	30.59	0.00	0.00
FBC	15	31.49	19.86	18.36	30.29	0.00	0.00
FBC	16	31.79	17.86	19.86	30.49	0.00	0.00
FBC	17	30.04	18.96	19.01	31.99	0.00	0.00
FBC	18	29.79	19.41	18.61	32.19	0.00	0.00
FBC	19	32.34	19.66	17.96	30.04	0.00	0.00
FBC	20	30.04	20.36	17.32	32.29	0.00	0.00
FBC	21	29.79	18.76	19.71	31.74	0.00	0.00
FBC	22	30.99	19.66	19.21	30.14	0.00	0.00
FBC	23	31.84	19.06	17.96	31.14	0.00	0.00
FBC	24	30.44	20.36	17.81	31.39	0.00	0.00
FBC	25	30.19	20.81	18.71	30.29	0.00	0.00
FBC	26	31.49	19.36	19.51	29.64	0.00	0.00
FBC	27	29.74	20.71	18.46	31.09	0.00	0.00
FBC	28	31.34	18.16	18.31	32.19	0.00	0.00
FBC	29	30.99	20.01	18.21	30.79	0.00	0.00
FBC	30	30.99	21.21	18.71	29.09	0.00	0.00
FBC	31	32.44	18.31	18.46	30.79	0.00	0.00
FBC	32	31.79	20.16	17.51	30.54	0.00	0.00
FBC	33	30.64	20.51	18.76	30.09	0.00	0.00
FBC	34	31.69	18.21	18.46	31.64	0.00	0.00
FBC	35	32.53	19.96	17.66	29.84	0.00	0.00
FBC	36	31.49	20.16	19.11	29.24	0.00	0.00
FBC	37	30.64	19.61	19.91	29.84	0.00	0.00
FBC	38	30.14	20.01	19.06	30.79	0.00	0.00
FBC	39	31.44	19.26	19.11	30.19	0.00	0.00
FBC	40	31.89	20.31	18.71	29.09	0.00	0.00
FBC	41	29.69	20.56	17.91	31.84	0.00	0.00
FBC	42	30.74	19.11	19.71	30.44	0.00	0.00
FBC	43	31.04	19.56	18.36	31.04	0.00	0.00
FBC	44	31.84	19.31	19.46	29.39	0.00	0.00
FBC	45	30.34	19.81	18.81	31.04	0.00	0.00
FBC	46	30.74	18.41	19.21	31.64	0.00	0.00
FBC	47	30.59	20.36	19.16	29.89	0.00	0.00
FBC	48	30.54	19.46	20.11	29.89	0.00	0.00
FBC	49	32.88	18.21	18.61	30.29	0.00	0.00
FBC	50	29.84	19.91	20.31	29.94	0.00	0.00
FBC	51	29.69	20.56	19.66	30.09	0.00	0.00
FBC	52	31.94	20.26	19.01	28.79	0.00	0.00
FBC	53	29.29	19.81	20.76	30.14	0.00	0.00
FBC	54	30.79	19.56	18.61	31.04	0.00	0.00
FBC	55	31.09	21.16	17.91	29.84	0.00	0.00
FBC	56	30.39	20.11	19.16	30.34	0.00	0.00
FBC	57	30.44	20.71	18.61	30.24	0.00	0.00
FBC	58	31.54	19.46	19.51	29.49	0.00	0.00
FBC	59	29.74	21.11	19.96	29.19	0.00	0.00
FBC	60	30.39	18.86	18.91	31.84	0.00	0.00
FBC	61	31.79	20.01	17.56	30.64	0.00	0.00
FBC	62	29.84	19.36	19.26	31.54	0.00	0.00
FBC	63	30.49	20.46	19.06	29.99	0.00	0.00
FBC	64	32.88	18.91	18.51	29.69	0.00	0.00
FBC	65	29.49	19.96	21.21	29.34	0.00	0.00
FBC	66	31.34	17.27	20.26	31.14	0.00	0.00
FBC	67	29.84	19.31	19.96	30.89	0.00	0.00
FBC	68	31.29	19.91	18.86	29.94	0.00	0.00
FBC	69	30.84	18.71	18.91	31.54	0.00	0.00
FBC	70	30.54	18.71	20.26	30.49	0.00	0.00
FBC	71	32.34	19.56	17.27	30.84	0.00	0.00
FBC	72	30.94	19.61	18.76	30.69	0.00	0.00
FBC	73	33.28	19.31	18.01	29.39	0.00	0.00
FBC	74	29.59	18.96	20.16	31.29	0.00	0.00
FBC	75	32.63	19.66	19.36	28.34	0.00	0.00
FBC	76	32.04	21.21	17.81	28.94	0.00	0.00
FBC	77	30.54	18.71	18.66	32.09	0.00	0.00
FBC	78	31.14	20.21	19.01	29.64	0.00	0.00
FBC	79	30.39	17.47	19.76	32.39	0.00	0.00
FBC	80	30.79	19.46	19.01	30.74	0.00	0.00
FBC	81	33.08	19.16	18.71	29.04	0.00	0.00
FBC	82	30.64	20.16	19.61	29.59	0.00	0.00
FBC	83	31.09	18.56	17.27	33.08	0.00	0.00
FBC	84	29.49	21.81	17.61	31.09	0.00	0.00
FBC	85	30.54	20.36	18.56	30.54	0.00	0.00
FBC	86	32.14	20.71	19.01	28.14	0.00	0.00
FBC	87	31.49	20.26	18.36	29.89	0.00	0.00
FBC	88	30.09	20.86	19.31	29.74	0.00	0.00
FBC	89	31.29	19.66	17.66	31.39	0.00	0.00
FBC	90	32.29	19.81	19.11	28.79	0.00	0.00
FBC	91	28.89	21.31	20.16	29.64	0.00	0.00
FBC	92	30.59	20.31	20.26	28.84	0.00	0.00
FBC	93	30.64	19.21	19.31	30.84	0.00	0.00
FBC	94	30.69	19.21	19.61	30.49	0.00	0.00
FBC	95	28.59	20.51	20.96	29.94	0.00	0.00
FBC	96	29.89	20.71	20.01	29.39	0.00	0.00
FBC	97	31.79	19.86	18.56	29.79	0.00	0.00
FBC	98	30.34	20.36	18.36	30.94	0.00	0.00
FBC	99	29.74	19.46	19.26	31.54	0.00	0.00
FBC	100	31.14	19.76	19.51	29.59	0.00	0.00
FBC	101	31.39	18.46	18.66	31.49	0.00	0.00
FBC	102	31.79	19.46	18.36	30.39	0.00	0.00
FBC	103	31.34	19.41	17.47	31.79	0.00	0.00
FBC	104	30.54	19.61	18.71	31.14	0.00	0.00
FBC	105	30.19	20.01	18.16	31.64	0.00	0.00
FBC	106	31.89	19.26	18.96	29.89	0.00	0.00
FBC	107	31.59	19.61	19.01	29.79	0.00	0.00
FBC	108	30.54	21.26	18.61	29.59	0.00	0.00
FBC	109	30.09	20.66	19.11	30.14	0.00	0.00
FBC	110	30.24	18.71	18.41	32.63	0.00	0.00
FBC	111	29.24	19.26	19.96	31.54	0.00	0.00
FBC	112	30.79	19.36	19.71	30.14	0.00	0.00
FBC	113	30.64	20.71	18.81	29.84	0.00	0.00
FBC	114	30.69	19.61	18.41	31.29	0.00	0.00
FBC	115	30.29	19.06	18.96	31.69	0.00	0.00
FBC	116	29.74	19.46	19.16	31.64	0.00	0.00
FBC	117	28.59	21.26	18.91	31.24	0.00	0.00
FBC	118	29.54	21.11	19.36	29.99	0.00	0.00
FBC	119	29.24	19.56	17.91	33.28	0.00	0.00
FBC	120	30.59	18.71	20.51	30.19	0.00	0.00
FBC	121	31.84	20.66	18.11	29.39	0.00	0.00
FBC	122	31.24	19.86	19.11	29.79	0.00	0.00
FBC	123	31.39	20.61	18.16	29.84	0.00	0.00
FBC	124	31.29	19.16	17.71	31.84	0.00	0.00
FBC	125	31.29	19.96	18.16	30.59	0.00	0.00
FBC	126	30.84	19.31	19.36	30.49	0.00	0.00
FBC	127	31.54	19.71	19.11	29.64	0.00	0.00
FBC	128	31.94	20.76	18.11	29.19	0.00	0.00
FBC	129	31.04	21.41	18.01	29.54	0.00	0.00
FBC	130	31.89	19.91	18.66	29.54	0.00	0.00
FBC	131	30.69	20.46	19.01	29.84	0.00	0.00
FBC	132	31.19	19.01	19.46	30.34	0.00	0.00
FBC	133	31.19	19.76	18.01	31.04	0.00	0.00
FBC	134	30.39	18.91	19.86	30.84	0.00	0.00
FBC	135	29.49	20.51	20.06	29.94	0.00	0.00
FBC	136	30.19	19.31	20.01	30.49	0.00	0.00
FBC	137	31.79	20.11	17.42	30.69	0.00	0.00
FBC	138	30.34	18.91	19.41	31.34	0.00	0.00
FBC	139	29.29	20.76	17.66	32.29	0.00	0.00
FBC	140	30.94	19.76	18.81	30.49	0.00	0.00
FBC	141	32.09	19.26	17.51	31.14	0.00	0.00
FBC	142	32.29	19.56	17.22	30.94	0.00	0.00
FBC	143	30.94	19.06	19.11	30.89	0.00	0.00
FBC	144	30.94	18.26	17.91	32.88	0.00	0.00
FBC	145	31.04	20.11	18.16	30.69	0.00	0.00
FBC	146	31.04	19.96	17.96	31.04	0.00	0.00
FBC	147	29.64	20.01	18.51	31.84	0.00	0.00
FBC	148	31.89	19.06	18.11	30.94	0.00	0.00
FBC	149	30.49	20.51	19.26	29.74	0.00	0.00
FBC	150	30.04	18.61	19.81	31.54	0.00	0.00
# ACGT raw counters for first fragments. Use `grep ^FTC | cut -f 2-` to extract this part. The columns are: A,C,G,T,N base counters
FTC	92639	59481	56648	91832	0
# ACGT content per cycle for last fragments. Use `grep ^LBC | cut -f 2-` to extract this part. The columns are: cycle; A,C,G,T base counts as a percentage of all A/C/G/T bases [%]; and N and O counts as a percentage of all A/C/G/T bases [%]
LBC	1	28.79	21.31	19.81	30.09	0.00	0.00
LBC	2	31.49	21.26	19.31	27.94	0.00	0.00
LBC	3	30.84	21.41	17.47	30.29	0.00	0.00
LBC	4	30.84	18.26	20.01	30.89	0.00	0.00
LBC	5	27.54	22.41	19.01	31.04	0.00	0.00
LBC	6	31.29	20.06	18.06	30.59	0.00	0.00
LBC	7	28.64	19.71	19.26	32.39	0.00	0.00
LBC	8	30.14	21.56	17.91	30.39	0.00	0.00
LBC	9	30.24	19.86	18.16	31.74	0.00	0.00
LBC	10	31.04	20.01	19.61	29.34	0.00	0.00
LBC	11	30.59	20.61	19.71	29.09	0.00	0.00
LBC	12	30.34	20.46	19.61	29.59	0.00	0.00
LBC	13	30.24	19.41	19.76	30.59	0.00	0.00
LBC	14	30.74	19.46	19.16	30.64	0.00	0.00
LBC	15	30.79	19.61	19.46	30.14	0.00	0.00
LBC	16	30.79	19.31	19.21	30.69	0.00	0.00
LBC	17	29.94	20.01	18.61	31.44	0.00	0.00
LBC	18	29.49	20.21	18.51	31.79	0.00	0.00
LBC	19	29.39	19.91	19.26	31.44	0.00	0.00
LBC	20	32.34	19.36	18.41	29.89	0.00	0.00
LBC	21	30.09	19.56	18.61	31.74	0.00	0.00
LBC	22	31.09	19.21	19.51	30.19	0.00	0.00
LBC	23	30.94	18.91	19.41	30.74	0.00	0.00
LBC	24	30.34	19.71	19.06	30.89	0.00	0.00
LBC	25	29.89	19.86	19.16	31.09	0.00	0.00
LBC	26	31.54	21.46	18.61	28.39	0.00	0.00
LBC	27	31.79	19.26	18.91	30.04	0.00	0.00
LBC	28	31.24	20.01	19.21	29.54	0.00	0.00
LBC	29	31.04	20.51	19.66	28.79	0.00	0.00
LBC	30	30.44	21.86	18.61	29.09	0.00	0.00
LBC	31	31.24	22.50	17.02	29.24	0.00	0.00
LBC	32	29.89	19.36	19.26	31.49	0.00	0.00
LBC	33	29.54	19.61	19.86	30.99	0.00	0.00
LBC	34	31.34	18.76	19.06	30.84	0.00	0.00
LBC	35	30.54	19.86	20.71	28.89	0.00	0.00
LBC	36	30.34	19.31	19.61	30.74	0.00	0.00
LBC	37	31.14	20.26	20.31	28.29	0.00	0.00
LBC	38	29.59	20.46	19.11	30.84	0.00	0.00
LBC	39	30.79	20.76	18.06	30.39	0.00	0.00
LBC	40	29.94	21.16	19.16	29.74	0.00	0.00
LBC	41	31.09	20.21	17.86	30.84	0.00	0.00
LBC	42	29.09	21.11	19.31	30.49	0.00	0.00
LBC	43	29.84	20.41	20.01	29.74	0.00	0.00
LBC	44	32.39	19.86	18.01	29.74	0.00	0.00
LBC	45	31.54	20.11	18.96	29.39	0.00	0.00
LBC	46	28.84	21.31	20.36	29.49	0.00	0.00
LBC	47	33.43	18.81	18.71	29.04	0.00	0.00
LBC	48	31.49	19.01	19.26	30.24	0.00	0.00
LBC	49	30.59	21.21	19.26	28.94	0.00	0.00
LBC	50	29.49	20.56	19.11	30.84	0.00	0.00
LBC	51	30.34	20.11	18.46	31.09	0.00	0.00
LBC	52	29.04	21.01	19.91	30.04	0.00	0.00
LBC	53	30.74	20.66	18.21	30.39	0.00	0.00
LBC	54	30.84	22.26	18.21	28.69	0.00	0.00
LBC	55	31.74	21.31	18.06	28.89	0.00	0.00
LBC	56	30.09	19.46	20.16	30.29	0.00	0.00
LBC	57	30.14	19.66	19.06	31.14	0.00	0.00
LBC	58	30.94	18.96	20.06	30.04	0.00	0.00
LBC	59	30.94	20.36	19.46	29.24	0.00	0.00
LBC	60	30.54	19.61	18.96	30.89	0.00	0.00
LBC	61	31.19	20.41	18.56	29.84	0.00	0.00
LBC	62	31.19	19.36	18.76	30.69	0.00	0.00
LBC	63	31.34	19.76	19.01	29.89	0.00	0.00
LBC	64	30.54	19.26	19.86	30.34	0.00	0.00
LBC	65	31.69	19.31	18.06	30.94	0.00	0.00
LBC	66	29.69	19.86	19.86	30.59	0.00	0.00
LBC	67	29.19	19.36	20.81	30.64	0.00	0.00
LBC	68	28.79	19.16	19.16	32.88	0.00	0.00
LBC	69	30.99	19.51	20.16	29.34	0.00	0.00
LBC	70	30.49	19.01	18.76	31.74	0.00	0.00
LBC	71	31.64	19.11	18.81	30.44	0.00	0.00
LBC	72	29.44	19.21	19.26	32.09	0.00	0.00
LBC	73	29.89	18.51	19.86	31.74	0.00	0.00
LBC	74	30.09	19.31	19.91	30.69	0.00	0.00
LBC	75	29.64	19.21	18.86	32.29	0.00	0.00
LBC	76	29.49	19.16	21.06	30.29	0.00	0.00
LBC	77	30.99	19.26	18.96	30.79	0.00	0.00
LBC	78	30.29	21.16	19.46	29.09	0.00	0.00
LBC	79	30.29	20.51	19.11	30.09	0.00	0.00
LBC	80	31.04	19.96	19.11	29.89	0.00	0.00
LBC	81	29.04	20.46	20.36	30.14	0.00	0.00
LBC	82	30.39	19.46	19.61	30.54	0.00	0.00
LBC	83	31.19	17.37	20.01	31.44	0.00	0.00
LBC	84	30.99	19.46	18.41	31.14	0.00	0.00
LBC	85	30.59	20.16	18.51	30.74	0.00	0.00
LBC	86	32.04	19.06	19.56	29.34	0.00	0.00
LBC	87	32.24	19.11	17.47	31.19	0.00	0.00
LBC	88	29.64	21.51	18.76	30.09	0.00	0.00
LBC	89	31.49	19.31	18.76	30.44	0.00	0.00
LBC	90	29.69	22.65	18.46	29.19	0.00	0.00
LBC	91	30.64	20.16	19.31	29.89	0.00	0.00
LBC	92	30.99	20.31	19.61	29.09	0.00	0.00
LBC	93	31.19	19.76	19.26	29.79	0.00	0.00
LBC	94	31.54	20.51	19.46	28.49	0.00	0.00
LBC	95	30.94	20.46	18.46	30.14	0.00	0.00
LBC	96	30.79	19.21	17.96	32.04	0.00	0.00
LBC	97	27.99	20.76	20.06	31.19	0.00	0.00
LBC	98	28.04	20.16	18.86	32.93	0.00	0.00
LBC	99	28.94	20.21	19.01	31.84	0.00	0.00
LBC	100	27.99	22.21	18.81	30.99	0.00	0.00
LBC	101	30.64	21.31	19.41	28.64	0.00	0.00
LBC	102	31.04	20.56	18.76	29.64	0.00	0.00
LBC	103	29.24	20.66	18.46	31.64	0.00	0.00
LBC	104	31.14	20.56	16.97	31.34	0.00	0.00
LBC	105	30.29	20.76	17.61	31.34	0.00	0.00
LBC	106	29.79	19.26	19.46	31.49	0.00	0.00
LBC	107	31.94	19.96	17.56	30.54	0.00	0.00
LBC	108	30.89	21.81	19.01	28.29	0.00	0.00
LBC	109	30.94	20.31	18.21	30.54	0.00	0.00
LBC	110	30.94	20.56	17.96	30.54	0.00	0.00
LBC	111	28.04	19.71	19.76	32.49	0.00	0.00
LBC	112	30.49	19.61	18.21	31.69	0.00	0.00
LBC	113	30.54	19.61	18.51	31.34	0.00	0.00
LBC	114	30.29	20.01	18.16	31.54	0.00	0.00
LBC	115	30.49	19.66	19.51	30.34	0.00	0.00
LBC	116	29.94	19.41	19.66	30.99	0.00	0.00
LBC	117	30.64	18.71	18.51	32.14	0.00	0.00
LBC	118	30.19	19.86	17.86	32.09	0.00	0.00
LBC	119	29.79	21.36	19.66	29.19	0.00	0.00
LBC	120	31.14	20.31	16.97	31.59	0.00	0.00
LBC	121	30.84	20.41	18.66	30.09	0.00	0.00
LBC	122	29.94	18.86	20.91	30.29	0.00	0.00
LBC	123	29.89	20.16	19.06	30.89	0.00	0.00
LBC	124	30.19	20.46	20.21	29.14	0.00	0.00
LBC	125	29.79	19.71	19.91	30.59	0.00	0.00
LBC	126	29.09	21.26	20.86	28.79	0.00	0.00
LBC	127	30.19	20.06	18.61	31.14	0.00	0.00
LBC	128	29.49	20.81	19.86	29.84	0.00	0.00
LBC	129	30.04	21.61	18.36	29.99	0.00	0.00
LBC	130	30.94	19.81	19.51	29.74	0.00	0.00
LBC	131	30.94	20.26	18.26	30.54	0.00	0.00
LBC	132	29.39	20.71	19.21	30.69	0.00	0.00
LBC	133	29.64	21.21	18.66	30.49	0.00	0.00
LBC	134	29.94	21.71	19.21	29.14	0.00	0.00
LBC	135	32.04	18.21	20.46	29.29	0.00	0.00
LBC	136	29.74	20.81	19.41	30.04	0.00	0.00
LBC	137	31.54	20.71	17.76	29.99	0.00	0.00
LBC	138	31.24	20.51	17.51	30.74	0.00	0.00
LBC	139	30.34	19.41	18.36	31.89	0.00	0.00
LBC	140	32.04	18.01	18.96	30.99	0.00	0.00
LBC	141	30.99	20.56	18.61	29.84	0.00	0.00
LBC	142	31.39	17.91	20.16	30.54	0.00	0.00
LBC	143	31.04	18.61	18.71	31.64	0.00	0.00
LBC	144	31.19	19.61	17.56	31.64	0.00	0.00
LBC	145	31.25	19.52	18.77	30.45	0.00	0.00
LBC	146	31.15	17.42	19.92	31.50	0.00	0.00
LBC	147	29.46	21.97	18.47	30.10	0.00	0.00
LBC	148	30.20	18.97	18.77	32.05	0.00	0.00
LBC	149	28.77	20.63	18.98	31.62	0.00	0.00
LBC	150	29.97	18.83	20.43	30.77	0.00	0.00
# ACGT raw counters for last fragments. Use `grep ^LTC | cut -f 2-` to extract this part. The columns are: A,C,G,T,N base counters
LTC	91512	60279	57259	91542	0
# Insert sizes. Use `grep ^IS | cut -f 2-` to extract this part. The columns are: insert size, pairs total, inward oriented pairs, outward oriented pairs, other pairs
IS	0	0	0	0	0
IS	1	0	0	0	0
IS	2	0	0	0	0
IS	3	0	0	0	0
IS	4	0	0	0	0
IS	5	0	0	0	0
IS	6	0	0	0	0
IS	7	0	0	0	0
IS	8	0	0	0	0
IS	9	0	0	0	0
IS	10	0	0	0	0
IS	11	0	0	0	0
IS	12	0	0	0	0
IS	13	0	0	0	0
IS	14	0	0	0	0
IS	15	0	0	0	0
IS	16	0	0	0	0
IS	17	0	0	0	0
IS	18	0	0	0	0
IS	19	0	0	0	0
IS	20	0	0	0	0
IS	21	0	0	0	0
IS	22	0	0	0	0
IS	23	0	0	0	0
IS	24	0	0	0	0
IS	25	0	0	0	0
IS	26	0	0	0	0
IS	27	0	0	0	0
IS	28	0	0	0	0
IS	29	0	0	0	0
IS	30	0	0	0	0
IS	31	0	0	0	0
IS	32	0	0	0	0
IS	33	0	0	0	0
IS	34	0	0	0	0
IS	35	0	0	0	0
IS	36	0	0	0	0
IS	37	0	0	0	0
IS	38	0	0	0	0
IS	39	0	0	0	0
IS	40	0	0	0	0
IS	41	0	0	0	0
IS	42	0	0	0	0
IS	43	0	0	0	0
IS	44	0	0	0	0
IS	45	0	0	0	0
IS	46	0	0	0	0
IS	47	0	0	0	0
IS	48	0	0	0	0
IS	49	0	0	0	0
IS	50	0	0	0	0
IS	51	0	0	0	0
IS	52	0	0	0	0
IS	53	0	0	0	0
IS	54	0	0	0	0
IS	55	0	0	0	0
IS	56	0	0	0	0
IS	57	0	0	0	0
IS	58	0	0	0	0
IS	59	0	0	0	0
IS	60	0	0	0	0
IS	61	0	0	0	0
IS	62	0	0	0	0
IS	63	0	0	0	0
IS	64	0	0	0	0
IS	65	0	0	0	0
IS	66	0	0	0	0
IS	67	0	0	0	0
IS	68	0	0	0	0
IS	69	0	0	0	0
IS	70	0	0	0	0
IS	71	0	0	0	0
IS	72	0	0	0	0
IS	73	0	0	0	0
IS	74	0	0	0	0
IS	75	0	0	0	0
IS	76	0	0	0	0
IS	77	0	0	0	0
IS	78	0	0	0	0
IS	79	0	0	0	0
IS	80	0	0	0	0
IS	81	0	0	0	0
IS	82	0	0	0	0
IS	83	0	0	0	0
IS	84	0	0	0	0
IS	85	0	0	0	0
IS	86	0	0	0	0
IS	87	0	0	0	0
IS	88	0	0	0	0
IS	89	0	0	0	0
IS	90	0	0	0	0
IS	91	0	0	0	0
IS	92	0	0	0	0
IS	93	0	0	0	0
IS	94	0	0	0	0
IS	95	0	0	0	0
IS	96	0	0	0	0
IS	97	0	0	0	0
IS	98	0	0	0	0
IS	99	0	0	0	0
IS	100	0	0	0	0
IS	101	0	0	0	0
IS	102	0	0	0	0
IS	103	0	0	0	0
IS	104	0	0	0	0
IS	105	0	0	0	0
IS	106	0	0	0	0
IS	107	0	0	0	0
IS	108	0	0	0	0
IS	109	0	0	0	0
IS	110	0	0	0	0
IS	111	0	0	0	0
IS	112	0	0	0	0
IS	113	0	0	0	0
IS	114	0	0	0	0
IS	115	0	0	0	0
IS	116	0	0	0	0
IS	117	0	0	0	0
IS	118	0	0	0	0
IS	119	0	0	0	0
IS	120	0	0	0	0
IS	121	0	0	0	0
IS	122	0	0	0	0
IS	123	0	0	0	0
IS	124	0	0	0	0
IS	125	0	0	0	0
IS	126	0	0	0	0
IS	127	0	0	0	0
IS	128	0	0	0	0
IS	129	0	0	0	0
IS	130	0	0	0	0
IS	131	0	0	0	0
IS	132	0	0	0	0
IS	133	0	0	0	0
IS	134	0	0	0	0
IS	135	0	0	0	0
IS	136	0	0	0	0
IS	137	0	0	0	0
IS	138	0	0	0	0
IS	139	0	0	0	0
IS	140	0	0	0	0
IS	141	0	0	0	0
IS	142	0	0	0	0
IS	143	0	0	0	0
IS	144	0	0	0	0
IS	145	0	0	0	0
IS	146	0	0	0	0
IS	147	0	0	0	0
IS	148	0	0	0	0
IS	149	0	0	0	0
IS	150	0	0	0	0
IS	151	0	0	0	0
IS	152	0	0	0	0
IS	153	0	0	0	0
IS	154	0	0	0	0
IS	155	0	0	0	0
IS	156	0	0	0	0
IS	157	0	0	0	0
IS	158	0	0	0	0
IS	159	0	0	0	0
IS	160	0	0	0	0
IS	161	0	0	0	0
IS	162	0	0	0	0
IS	163	0	0	0	0
IS	164	0	0	0	0
IS	165	0	0	0	0
IS	166	0	0	0	0
IS	167	0	0	0	0
IS	168	0	0	0	0
IS	169	0	0	0	0
IS	170	0	0	0	0
IS	171	0	0	0	0
IS	172	0	0	0	0
IS	173	0	0	0	0
IS	174	0	0	0	0
IS	175	0	0	0	0
IS	176	0	0	0	0
IS	177	0	0	0	0
IS	178	0	0	0	0
IS	179	0	0	0	0
IS	180	0	0	0	0
IS	181	0	0	0	0
IS	182	0	0	0	0
IS	183	0	0	0	0
IS	184	0	0	0	0
IS	185	0	0	0	0
IS	186	0	0	0	0
IS	187	0	0	0	0
IS	188	0	0	0	0
IS	189	0	0	0	0
IS	190	0	0	0	0
IS	191	0	0	0	0
IS	192	0	0	0	0
IS	193	0	0	0	0
IS	194	0	0	0	0
IS	195	0	0	0	0
IS	196	0	0	0	0
IS	197	0	0	0	0
IS	198	0	0	0	0
IS	199	0	0	0	0
IS	200	0	0	0	0
IS	201	0	0	0	0
IS	202	0	0	0	0
IS	203	0	0	0	0
IS	204	0	0	0	0
IS	205	0	0	0	0
IS	206	0	0	0	0
IS	207	0	0	0	0
IS	208	0	0	0	0
IS	209	0	0	0	0
IS	210	0	0	0	0
IS	211	0	0	0	0
IS	212	0	0	0	0
IS	213	0	0	0	0
IS	214	0	0	0	0
IS	215	0	0	0	0
IS	216	0	0	0	0
IS	217	0	0	0	0
IS	218	0	0	0	0
IS	219	0	0	0	0
IS	220	0	0	0	0
IS	221	0	0	0	0
IS	222	0	0	0	0
IS	223	0	0	0	0
IS	224	0	0	0	0
IS	225	0	0	0	0
IS	226	0	0	0	0
IS	227	0	0	0	0
IS	228	0	0	0	0
IS	229	0	0	0	0
IS	230	0	0	0	0
IS	231	0	0	0	0
IS	232	0	0	0	0
IS	233	0	0	0	0
IS	234	0	0	0	0
IS	235	0	0	0	0
IS	236	0	0	0	0
IS	237	0	0	0	0
IS	238	0	0	0	0
IS	239	0	0	0	0
IS	240	0	0	0	0
IS	241	0	0	0	0
IS	242	0	0	0	0
IS	243	0	0	0	0
IS	244	0	0	0	0
IS	245	0	0	0	0
IS	246	0	0	0	0
IS	247	0	0	0	0
IS	248	0	0	0	0
IS	249	0	0	0	0
IS	250	0	0	0	0
IS	251	0	0	0	0
IS	252	0	0	0	0
IS	253	0	0	0	0
IS	254	0	0	0	0
IS	255	0	0	0	0
IS	256	0	0	0	0
IS	257	0	0	0	0
IS	258	0	0	0	0
IS	259	0	0	0	0
IS	260	0	0	0	0
IS	261	0	0	0	0
IS	262	0	0	0	0
IS	263	0	0	0	0
IS	264	0	0	0	0
IS	265	0	0	0	0
IS	266	0	0	0	0
IS	267	0	0	0	0
IS	268	0	0	0	0
IS	269	0	0	0	0
IS	270	0	0	0	0
IS	271	0	0	0	0
IS	272	0	0	0	0
IS	273	0	0	0	0
IS	274	0	0	0	0
IS	275	0	0	0	0
IS	276	0	0	0	0
IS	277	0	0	0	0
IS	278	0	0	0	0
IS	279	0	0	0	0
IS	280	0	0	0	0
IS	281	0	0	0	0
IS	282	0	0	0	0
IS	283	0	0	0	0
IS	284	0	0	0	0
IS	285	0	0	0	0
IS	286	0	0	0	0
IS	287	0	0	0	0
IS	288	0	0	0	0
IS	289	0	0	0	0
IS	290	0	0	0	0
IS	291	0	0	0	0
IS	292	0	0	0	0
IS	293	0	0	0	0
IS	294	0	0	0	0
IS	295	0	0	0	0
IS	296	0	0	0	0
IS	297	0	0	0	0
IS	298	0	0	0	0
IS	299	0	0	0	0
IS	300	0	0	0	0
IS	301	0	0	0	0
IS	302	0	0	0	0
IS	303	0	0	0	0
IS	304	0	0	0	0
IS	305	0	0	0	0
IS	306	0	0	0	0
IS	307	0	0	0	0
IS	308	0	0	0	0
IS	309	0	0	0	0
IS	310	0	0	0	0
IS	311	0	0	0	0
IS	312	0	0	0	0
IS	313	0	0	0	0
IS	314	0	0	0	0
IS	315	0	0	0	0
IS	316	0	0	0	0
IS	317	0	0	0	0
IS	318	0	0	0	0
IS	319	0	0	0	0
IS	320	0	0	0	0
IS	321	0	0	0	0
IS	322	0	0	0	0
IS	323	0	0	0	0
IS	324	0	0	0	0
IS	325	0	0	0	0
IS	326	0	0	0	0
IS	327	0	0	0	0
IS	328	0	0	0	0
IS	329	1	1	0	0
IS	330	0	0	0	0
IS	331	0	0	0	0
IS	332	0	0	0	0
IS	333	0	0	0	0
IS	334	1	1	0	0
IS	335	0	0	0	0
IS	336	0	0	0	0
IS	337	0	0	0	0
IS	338	0	0	0	0
IS	339	0	0	0	0
IS	340	0	0	0	0
IS	341	0	0	0	0
IS	342	0	0	0	0
IS	343	0	0	0	0
IS	344	0	0	0	0
IS	345	0	0	0	0
IS	346	0	0	0	0
IS	347	0	0	0	0
IS	348	0	0	0	0
IS	349	0	0	0	0
IS	350	0	0	0	0
IS	351	0	0	0	0
IS	352	0	0	0	0
IS	353	0	0	0	0
IS	354	0	0	0	0
IS	355	0	0	0	0
IS	356	0	0	0	0
IS	357	1	1	0	0
IS	358	2	2	0	0
IS	359	0	0	0	0
IS	360	0	0	0	0
IS	361	0	0	0	0
IS	362	0	0	0	0
IS	363	1	1	0	0
IS	364	0	0	0	0
IS	365	3	3	0	0
IS	366	0	0	0	0
IS	367	0	0	0	0
IS	368	0	0	0	0
IS	369	0	0	0	0
IS	370	1	1	0	0
IS	371	0	0	0	0
IS	372	2	2	0	0
IS	373	0	0	0	0
IS	374	0	0	0	0
IS	375	0	0	0	0
IS	376	1	1	0	0
IS	377	1	1	0	0
IS	378	0	0	0	0
IS	379	0	0	0	0
IS	380	1	1	0	0
IS	381	3	3	0	0
IS	382	0	0	0	0
IS	383	1	1	0	0
IS	384	0	0	0	0
IS	385	0	0	0	0
IS	386	0	0	0	0
IS	387	4	4	0	0
IS	388	1	1	0	0
IS	389	2	2	0	0
IS	390	1	1	0	0
IS	391	0	0	0	0
IS	392	2	2	0	0
IS	393	1	1	0	0
IS	394	2	2	0	0
IS	395	1	1	0	0
IS	396	2	2	0	0
IS	397	1	1	0	0
IS	398	0	0	0	0
IS	399	1	1	0	0
IS	400	0	0	0	0
IS	401	2	2	0	0
IS	402	4	4	0	0
IS	403	3	3	0	0
IS	404	1	1	0	0
IS	405	4	4	0	0
IS	406	2	2	0	0
IS	407	2	2	0	0
IS	408	2	2	0	0
IS	409	5	5	0	0
IS	410	2	2	0	0
IS	411	4	4	0	0
IS	412	3	3	0	0
IS	413	3	3	0	0
IS	414	2	2	0	0
IS	415	10	10	0	0
IS	416	5	5	0	0
IS	417	2	2	0	0
IS	418	3	3	0	0
IS	419	5	5	0	0
IS	420	8	8	0	0
IS	421	7	7	0	0
IS	422	3	3	0	0
IS	423	4	4	0	0
IS	424	3	3	0	0
IS	425	8	8	0	0
IS	426	7	7	0	0
IS	427	2	2	0	0
IS	428	1	1	0	0
IS	429	6	6	0	0
IS	430	4	4	0	0
IS	431	9	9	0	0
IS	432	11	11	0	0
IS	433	4	4	0	0
IS	434	8	8	0	0
IS	435	8	8	0	0
IS	436	5	5	0	0
IS	437	14	14	0	0
IS	438	5	5	0	0
IS	439	9	9	0	0
IS	440	8	8	0	0
IS	441	10	10	0	0
IS	442	12	12	0	0
IS	443	6	6	0	0
IS	444	11	11	0	0
IS	445	14	14	0	0
IS	446	7	7	0	0
IS	447	10	10	0	0
IS	448	5	5	0	0
IS	449	17	17	0	0
IS	450	15	15	0	0
IS	451	10	10	0	0
IS	452	9	9	0	0
IS	453	8	8	0	0
IS	454	10	10	0	0
IS	455	8	8	0	0
IS	456	10	10	0	0
IS	457	16	16	0	0
IS	458	9	9	0	0
IS	459	13	13	0	0
IS	460	15	15	0	0
IS	461	11	11	0	0
IS	462	17	17	0	0
IS	463	25	25	0	0
IS	464	10	10	0	0
IS	465	16	16	0	0
IS	466	12	12	0	0
IS	467	9	9	0	0
IS	468	16	16	0	0
IS	469	15	15	0	0
IS	470	8	8	0	0
IS	471	10	10	0	0
IS	472	10	10	0	0
IS	473	15	15	0	0
IS	474	11	11	0	0
IS	475	14	14	0	0
IS	476	16	16	0	0
IS	477	22	22	0	0
IS	478	14	14	0	0
IS	479	13	13	0	0
IS	480	15	15	0	0
IS	481	22	22	0	0
IS	482	16	16	0	0
IS	483	17	17	0	0
IS	484	9	9	0	0
IS	485	17	17	0	0
IS	486	24	24	0	0
IS	487	21	21	0	0
IS	488	12	12	0	0
IS	489	15	15	0	0
IS	490	12	12	0	0
IS	491	13	13	0	0
IS	492	14	14	0	0
IS	493	17	17	0	0
IS	494	13	13	0	0
IS	495	16	16	0	0
IS	496	15	15	0	0
IS	497	15	15	0	0
IS	498	19	19	0	0
IS	499	12	12	0	0
IS	500	13	13	0	0
IS	501	6	6	0	0
IS	502	13	13	0	0
IS	503	11	11	0	0
IS	504	15	15	0	0
IS	505	13	13	0	0
IS	506	13	13	0	0
IS	507	10	10	0	0
IS	508	16	16	0	0
IS	509	27	27	0	0
IS	510	11	11	0	0
IS	511	12	12	0	0
IS	512	17	17	0	0
IS	513	18	18	0	0
IS	514	19	19	0	0
IS	515	12	12	0	0
IS	516	15	15	0	0
IS	517	21	21	0	0
IS	518	20	20	0	0
IS	519	17	17	0	0
IS	520	17	17	0	0
IS	521	18	18	0	0
IS	522	19	19	0	0
IS	523	18	18	0	0
IS	524	13	13	0	0
IS	525	12	12	0	0
IS	526	13	13	0	0
IS	527	14	14	0	0
IS	528	12	12	0	0
IS	529	12	12	0	0
IS	530	21	21	0	0
IS	531	10	10	0	0
IS	532	6	6	0	0
IS	533	11	11	0	0
IS	534	9	9	0	0
IS	535	12	12	0	0
IS	536	14	14	0	0
IS	537	14	14	0	0
IS	538	12	12	0	0
IS	539	14	14	0	0
IS	540	6	6	0	0
IS	541	11	11	0	0
IS	542	8	8	0	0
IS	543	9	9	0	0
IS	544	11	11	0	0
IS	545	12	12	0	0
IS	546	6	6	0	0
IS	547	9	9	0	0
IS	548	4	4	0	0
IS	549	13	13	0	0
IS	550	7	7	0	0
IS	551	12	12	0	0
IS	552	11	11	0	0
IS	553	6	6	0	0
IS	554	5	5	0	0
IS	555	8	8	0	0
IS	556	8	8	0	0
IS	557	14	14	0	0
IS	558	5	5	0	0
IS	559	9	9	0	0
IS	560	2	2	0	0
IS	561	7	7	0	0
IS	562	11	11	0	0
IS	563	7	7	0	0
IS	564	6	6	0	0
IS	565	4	4	0	0
IS	566	4	4	0	0
IS	567	7	7	0	0
IS	568	6	6	0	0
IS	569	3	3	0	0
IS	570	12	12	0	0
IS	571	12	12	0	0
IS	572	2	2	0	0
IS	573	5	5	0	0
IS	574	9	9	0	0
IS	575	4	4	0	0
IS	576	4	4	0	0
IS	577	5	5	0	0
IS	578	6	6	0	0
IS	579	3	3	0	0
IS	580	6	6	0	0
IS	581	5	5	0	0
IS	582	4	4	0	0
IS	583	3	3	0	0
IS	584	1	1	0	0
IS	585	3	3	0	0
IS	586	4	4	0	0
IS	587	4	4	0	0
IS	588	1	1	0	0
IS	589	1	1	0	0
IS	590	5	5	0	0
IS	591	3	3	0	0
IS	592	4	4	0	0
IS	593	2	2	0	0
IS	594	4	4	0	0
IS	595	3	3	0	0
IS	596	3	3	0	0
IS	597	4	4	0	0
IS	598	0	0	0	0
IS	599	4	4	0	0
IS	600	1	1	0	0
IS	601	1	1	0	0
IS	602	1	1	0	0
IS	603	3	3	0	0
IS	604	2	2	0	0
IS	605	3	3	0	0
IS	606	3	3	0	0
IS	607	0	0	0	0
IS	608	0	0	0	0
IS	609	2	2	0	0
IS	610	0	0	0	0
IS	611	2	2	0	0
IS	612	0	0	0	0
IS	613	2	2	0	0
IS	614	2	2	0	0
IS	615	0	0	0	0
IS	616	2	2	0	0
IS	617	1	1	0	0
IS	618	2	2	0	0
IS	619	0	0	0	0
IS	620	1	1	0	0
IS	621	1	1	0	0
# Read lengths. Use `grep ^RL | cut -f 2-` to extract this part. The columns are: read length, count
RL	144	1
RL	148	1
RL	150	4006
# Read lengths - first fragments. Use `grep ^FRL | cut -f 2-` to extract this part. The columns are: read length, count
FRL	150	2004
# Read lengths - last fragments. Use `grep ^LRL | cut -f 2-` to extract this part. The columns are: read length, count
LRL	144	1
LRL	148	1
LRL	150	2002
# Mapping qualities for reads !(UNMAP|SECOND|SUPPL|QCFAIL|DUP). Use `grep ^MAPQ | cut -f 2-` to extract this part. The columns are: mapq, count
MAPQ	0	24
MAPQ	21	1
MAPQ	27	14
MAPQ	39	1
MAPQ	40	25
MAPQ	41	1
MAPQ	43	2
MAPQ	45	2
MAPQ	46	3
MAPQ	48	39
MAPQ	50	3
MAPQ	52	3
MAPQ	57	11
MAPQ	59	3
MAPQ	60	3876
# Indel distribution. Use `grep ^ID | cut -f 2-` to extract this part. The columns are: length, number of insertions, number of deletions
# Indels per cycle. Use `grep ^IC | cut -f 2-` to extract this part. The columns are: cycle, number of insertions (fwd), .. (rev) , number of deletions (fwd), .. (rev)
# Coverage distribution. Use `grep ^COV | cut -f 2-` to extract this part.
COV	[1-1]	1	4993
COV	[2-2]	2	8840
COV	[3-3]	3	16145
COV	[4-4]	4	18976
COV	[5-5]	5	20671
COV	[6-6]	6	17281
COV	[7-7]	7	11833
COV	[8-8]	8	8185
COV	[9-9]	9	4599
COV	[10-10]	10	3282
COV	[11-11]	11	1330
COV	[12-12]	12	500
COV	[13-13]	13	223
COV	[14-14]	14	77
# GC-depth. Use `grep ^GCD | cut -f 2-` to extract this part. The columns are: GC%, unique sequence percentiles, 10th, 25th, 50th, 75th and 90th depth percentile
GCD	0.0	15.385	0.000	0.000	0.000	0.000	0.000
GCD	37.0	30.769	2.505	2.505	2.505	2.505	2.505
GCD	38.0	53.846	2.505	2.505	2.505	2.505	2.505
GCD	39.0	76.923	2.505	2.505	2.505	2.505	2.505
GCD	40.0	92.308	2.505	2.505	2.505	2.505	2.505
GCD	46.0	100.000	2.505	2.505	2.505	2.505	2.505
