# This file was produced by samtools stats (1.20+htslib-1.21) and can be plotted using plot-bamstats
# This file contains statistics for all reads.
# The command line was:  stats sample3794.sorted.group.rmdup.bam
# CHK, Checksum	[2]Read Names	[3]Sequences	[4]Qualities
# CHK, CRC32 of reads which passed filtering followed by addition (32bit overflow)
CHK	d7c1ede4	dcb99b42	f1f23d24
# Summary Numbers. Use `grep ^SN | cut -f 2-` to extract this part.
SN	raw total sequences:	4006	# excluding supplementary and secondary reads
SN	filtered sequences:	0
SN	sequences:	4006
SN	is sorted:	1
SN	1st fragments:	2003
SN	last fragments:	2003
SN	reads mapped:	4006
SN	reads mapped and paired:	4006	# paired-end technology bit set + both mates mapped
SN	reads unmapped:	0
SN	reads properly paired:	4006	# proper-pair bit set
SN	reads paired:	4006	# paired-end technology bit set
SN	reads duplicated:	0	# PCR or optical duplicate bit set
SN	reads MQ0:	20	# mapped and MQ=0
SN	reads QC failed:	0
SN	non-primary alignments:	0
SN	supplementary alignments:	0
SN	total length:	600900	# ignores clipping
SN	total first fragment length:	300450	# ignores clipping
SN	total last fragment length:	300450	# ignores clipping
SN	bases mapped:	600900	# ignores clipping
SN	bases mapped (cigar):	600900	# more accurate
SN	bases trimmed:	0
SN	bases duplicated:	0
SN	mismatches:	921	# from NM fields
SN	error rate:	1.532701e-03	# mismatches / bases mapped (cigar)
SN	average length:	150
SN	average first fragment length:	150
SN	average last fragment length:	150
SN	maximum length:	150
SN	maximum first fragment length:	150
SN	maximum last fragment length:	150
SN	average quality:	30.0
SN	insert size average:	498.8
SN	insert size standard deviation:	48.5
SN	inward oriented pairs:	2003
SN	outward oriented pairs:	0
SN	pairs with other orientation:	0
SN	pairs on different chromosomes:	0
SN	percentage of properly paired reads (%):	100.0
# First Fragment Qualities. Use `grep ^FFQ | cut -f 2-` to extract this part.
# Columns correspond to qualities and rows to cycles. First column is the cycle number.
FFQ	1	0	0	0	0	0	0	0	0	0	0	0	0	0	0	0	0	0	0	0	0	0	0	0	0	0	0	0	0	0	0	2003	0
FFQ	2	0	0	0	0	0	0	0	0	0	0	0	0	0	0	0	0	0	0	0	0	0	0	0	0	0	0	0	0	0	0	2003	0
FFQ	3	0	0	0	0	0	0	0	0	0	0	0	0	0	0	0	0	0	0	0	0	0	0	0	0	0	0	0	0	0	0	2003	0
FFQ	4	0	0	0	0	0	0	0	0	0	0	0	0	0	0	0	0	0	0	0	0	0	0	0	0	0	0	0	0	0	0	2003	0
FFQ	5	0	0	0	0	0	0	0	0	0	0	0	0	0	0	0	0	0	0	0	0	0	0	0	0	0	0	0	0	0	0	2003	0
FFQ	6	0	0	0	0	0	0	0	0	0	0	0	0	0	0	0	0	0	0	0	0	0	0	0	0	0	0	0	0	0	0	2003	0
FFQ	7	0	0	0	0	0	0	0	0	0	0	0	0	0	0	0	0	0	0	0	0	0	0	0	0	0	0	0	0	0	0	2003	0
FFQ	8	0	0	0	0	0	0	0	0	0	0	0	0	0	0	0	0	0	0	0	0	0	0	0	0	0	0	0	0	0	0	2003	0
FFQ	9	0	0	0	0	0	0	0	0	0	0	0	0	0	0	0	0	0	0	0	0	0	0	0	0	0	0	0	0	0	0	2003	0
FFQ	10	0	0	0	0	0	0	0	0	0	0	0	0	0	0	0	0	0	0	0	0	0	0	0	0	0	0	0	0	0	0	2003	0
FFQ	11	0	0	0	0	0	0	0	0	0	0	0	0	0	0	0	0	0	0	0	0	0	0	0	0	0	0	0	0	0	0	2003	0
FFQ	12	0	0	0	0	0	0	0	0	0	0	0	0	0	0	0	0	0	0	0	0	0	0	0	0	0	0	0	0	0	0	2003	0
FFQ	13	0	0	0	0	0	0	0	0	0	0	0	0	0	0	0	0	0	0	0	0	0	0	0	0	0	0	0	0	0	0	2003	0
FFQ	14	0	0	0	0	0	0	0	0	0	0	0	0	0	0	0	0	0	0	0	0	0	0	0	0	0	0	0	0	0	0	2003	0
FFQ	15	0	0	0	0	0	0	0	0	0	0	0	0	0	0	0	0	0	0	0	0	0	0	0	0	0	0	0	0	0	0	2003	0
FFQ	16	0	0	0	0	0	0	0	0	0	0	0	0	0	0	0	0	0	0	0	0	0	0	0	0	0	0	0	0	0	0	2003	0
FFQ	17	0	0	0	0	0	0	0	0	0	0	0	0	0	0	0	0	0	0	0	0	0	0	0	0	0	0	0	0	0	0	2003	0
FFQ	18	0	0	0	0	0	0	0	0	0	0	0	0	0	0	0	0	0	0	0	0	0	0	0	0	0	0	0	0	0	0	2003	0
FFQ	19	0	0	0	0	0	0	0	0	0	0	0	0	0	0	0	0	0	0	0	0	0	0	0	0	0	0	0	0	0	0	2003	0
FFQ	20	0	0	0	0	0	0	0	0	0	0	0	0	0	0	0	0	0	0	0	0	0	0	0	0	0	0	0	0	0	0	2003	0
FFQ	21	0	0	0	0	0	0	0	0	0	0	0	0	0	0	0	0	0	0	0	0	0	0	0	0	0	0	0	0	0	0	2003	0
FFQ	22	0	0	0	0	0	0	0	0	0	0	0	0	0	0	0	0	0	0	0	0	0	0	0	0	0	0	0	0	0	0	2003	0
FFQ	23	0	0	0	0	0	0	0	0	0	0	0	0	0	0	0	0	0	0	0	0	0	0	0	0	0	0	0	0	0	0	2003	0
FFQ	24	0	0	0	0	0	0	0	0	0	0	0	0	0	0	0	0	0	0	0	0	0	0	0	0	0	0	0	0	0	0	2003	0
FFQ	25	0	0	0	0	0	0	0	0	0	0	0	0	0	0	0	0	0	0	0	0	0	0	0	0	0	0	0	0	0	0	2003	0
FFQ	26	0	0	0	0	0	0	0	0	0	0	0	0	0	0	0	0	0	0	0	0	0	0	0	0	0	0	0	0	0	0	2003	0
FFQ	27	0	0	0	0	0	0	0	0	0	0	0	0	0	0	0	0	0	0	0	0	0	0	0	0	0	0	0	0	0	0	2003	0
FFQ	28	0	0	0	0	0	0	0	0	0	0	0	0	0	0	0	0	0	0	0	0	0	0	0	0	0	0	0	0	0	0	2003	0
FFQ	29	0	0	0	0	0	0	0	0	0	0	0	0	0	0	0	0	0	0	0	0	0	0	0	0	0	0	0	0	0	0	2003	0
FFQ	30	0	0	0	0	0	0	0	0	0	0	0	0	0	0	0	0	0	0	0	0	0	0	0	0	0	0	0	0	0	0	2003	0
FFQ	31	0	0	0	0	0	0	0	0	0	0	0	0	0	0	0	0	0	0	0	0	0	0	0	0	0	0	0	0	0	0	2003	0
FFQ	32	0	0	0	0	0	0	0	0	0	0	0	0	0	0	0	0	0	0	0	0	0	0	0	0	0	0	0	0	0	0	2003	0
FFQ	33	0	0	0	0	0	0	0	0	0	0	0	0	0	0	0	0	0	0	0	0	0	0	0	0	0	0	0	0	0	0	2003	0
FFQ	34	0	0	0	0	0	0	0	0	0	0	0	0	0	0	0	0	0	0	0	0	0	0	0	0	0	0	0	0	0	0	2003	0
FFQ	35	0	0	0	0	0	0	0	0	0	0	0	0	0	0	0	0	0	0	0	0	0	0	0	0	0	0	0	0	0	0	2003	0
FFQ	36	0	0	0	0	0	0	0	0	0	0	0	0	0	0	0	0	0	0	0	0	0	0	0	0	0	0	0	0	0	0	2003	0
FFQ	37	0	0	0	0	0	0	0	0	0	0	0	0	0	0	0	0	0	0	0	0	0	0	0	0	0	0	0	0	0	0	2003	0
FFQ	38	0	0	0	0	0	0	0	0	0	0	0	0	0	0	0	0	0	0	0	0	0	0	0	0	0	0	0	0	0	0	2003	0
FFQ	39	0	0	0	0	0	0	0	0	0	0	0	0	0	0	0	0	0	0	0	0	0	0	0	0	0	0	0	0	0	0	2003	0
FFQ	40	0	0	0	0	0	0	0	0	0	0	0	0	0	0	0	0	0	0	0	0	0	0	0	0	0	0	0	0	0	0	2003	0
FFQ	41	0	0	0	0	0	0	0	0	0	0	0	0	0	0	0	0	0	0	0	0	0	0	0	0	0	0	0	0	0	0	2003	0
FFQ	42	0	0	0	0	0	0	0	0	0	0	0	0	0	0	0	0	0	0	0	0	0	0	0	0	0	0	0	0	0	0	2003	0
FFQ	43	0	0	0	0	0	0	0	0	0	0	0	0	0	0	0	0	0	0	0	0	0	0	0	0	0	0	0	0	0	0	2003	0
FFQ	44	0	0	0	0	0	0	0	0	0	0	0	0	0	0	0	0	0	0	0	0	0	0	0	0	0	0	0	0	0	0	2003	0
FFQ	45	0	0	0	0	0	0	0	0	0	0	0	0	0	0	0	0	0	0	0	0	0	0	0	0	0	0	0	0	0	0	2003	0
FFQ	46	0	0	0	0	0	0	0	0	0	0	0	0	0	0	0	0	0	0	0	0	0	0	0	0	0	0	0	0	0	0	2003	0
FFQ	47	0	0	0	0	0	0	0	0	0	0	0	0	0	0	0	0	0	0	0	0	0	0	0	0	0	0	0	0	0	0	2003	0
FFQ	48	0	0	0	0	0	0	0	0	0	0	0	0	0	0	0	0	0	0	0	0	0	0	0	0	0	0	0	0	0	0	2003	0
FFQ	49	0	0	0	0	0	0	0	0	0	0	0	0	0	0	0	0	0	0	0	0	0	0	0	0	0	0	0	0	0	0	2003	0
FFQ	50	0	0	0	0	0	0	0	0	0	0	0	0	0	0	0	0	0	0	0	0	0	0	0	0	0	0	0	0	0	0	2003	0
FFQ	51	0	0	0	0	0	0	0	0	0	0	0	0	0	0	0	0	0	0	0	0	0	0	0	0	0	0	0	0	0	0	2003	0
FFQ	52	0	0	0	0	0	0	0	0	0	0	0	0	0	0	0	0	0	0	0	0	0	0	0	0	0	0	0	0	0	0	2003	0
FFQ	53	0	0	0	0	0	0	0	0	0	0	0	0	0	0	0	0	0	0	0	0	0	0	0	0	0	0	0	0	0	0	2003	0
FFQ	54	0	0	0	0	0	0	0	0	0	0	0	0	0	0	0	0	0	0	0	0	0	0	0	0	0	0	0	0	0	0	2003	0
FFQ	55	0	0	0	0	0	0	0	0	0	0	0	0	0	0	0	0	0	0	0	0	0	0	0	0	0	0	0	0	0	0	2003	0
FFQ	56	0	0	0	0	0	0	0	0	0	0	0	0	0	0	0	0	0	0	0	0	0	0	0	0	0	0	0	0	0	0	2003	0
FFQ	57	0	0	0	0	0	0	0	0	0	0	0	0	0	0	0	0	0	0	0	0	0	0	0	0	0	0	0	0	0	0	2003	0
FFQ	58	0	0	0	0	0	0	0	0	0	0	0	0	0	0	0	0	0	0	0	0	0	0	0	0	0	0	0	0	0	0	2003	0
FFQ	59	0	0	0	0	0	0	0	0	0	0	0	0	0	0	0	0	0	0	0	0	0	0	0	0	0	0	0	0	0	0	2003	0
FFQ	60	0	0	0	0	0	0	0	0	0	0	0	0	0	0	0	0	0	0	0	0	0	0	0	0	0	0	0	0	0	0	2003	0
FFQ	61	0	0	0	0	0	0	0	0	0	0	0	0	0	0	0	0	0	0	0	0	0	0	0	0	0	0	0	0	0	0	2003	0
FFQ	62	0	0	0	0	0	0	0	0	0	0	0	0	0	0	0	0	0	0	0	0	0	0	0	0	0	0	0	0	0	0	2003	0
FFQ	63	0	0	0	0	0	0	0	0	0	0	0	0	0	0	0	0	0	0	0	0	0	0	0	0	0	0	0	0	0	0	2003	0
FFQ	64	0	0	0	0	0	0	0	0	0	0	0	0	0	0	0	0	0	0	0	0	0	0	0	0	0	0	0	0	0	0	2003	0
FFQ	65	0	0	0	0	0	0	0	0	0	0	0	0	0	0	0	0	0	0	0	0	0	0	0	0	0	0	0	0	0	0	2003	0
FFQ	66	0	0	0	0	0	0	0	0	0	0	0	0	0	0	0	0	0	0	0	0	0	0	0	0	0	0	0	0	0	0	2003	0
FFQ	67	0	0	0	0	0	0	0	0	0	0	0	0	0	0	0	0	0	0	0	0	0	0	0	0	0	0	0	0	0	0	2003	0
FFQ	68	0	0	0	0	0	0	0	0	0	0	0	0	0	0	0	0	0	0	0	0	0	0	0	0	0	0	0	0	0	0	2003	0
FFQ	69	0	0	0	0	0	0	0	0	0	0	0	0	0	0	0	0	0	0	0	0	0	0	0	0	0	0	0	0	0	0	2003	0
FFQ	70	0	0	0	0	0	0	0	0	0	0	0	0	0	0	0	0	0	0	0	0	0	0	0	0	0	0	0	0	0	0	2003	0
FFQ	71	0	0	0	0	0	0	0	0	0	0	0	0	0	0	0	0	0	0	0	0	0	0	0	0	0	0	0	0	0	0	2003	0
FFQ	72	0	0	0	0	0	0	0	0	0	0	0	0	0	0	0	0	0	0	0	0	0	0	0	0	0	0	0	0	0	0	2003	0
FFQ	73	0	0	0	0	0	0	0	0	0	0	0	0	0	0	0	0	0	0	0	0	0	0	0	0	0	0	0	0	0	0	2003	0
FFQ	74	0	0	0	0	0	0	0	0	0	0	0	0	0	0	0	0	0	0	0	0	0	0	0	0	0	0	0	0	0	0	2003	0
FFQ	75	0	0	0	0	0	0	0	0	0	0	0	0	0	0	0	0	0	0	0	0	0	0	0	0	0	0	0	0	0	0	2003	0
FFQ	76	0	0	0	0	0	0	0	0	0	0	0	0	0	0	0	0	0	0	0	0	0	0	0	0	0	0	0	0	0	0	2003	0
FFQ	77	0	0	0	0	0	0	0	0	0	0	0	0	0	0	0	0	0	0	0	0	0	0	0	0	0	0	0	0	0	0	2003	0
FFQ	78	0	0	0	0	0	0	0	0	0	0	0	0	0	0	0	0	0	0	0	0	0	0	0	0	0	0	0	0	0	0	2003	0
FFQ	79	0	0	0	0	0	0	0	0	0	0	0	0	0	0	0	0	0	0	0	0	0	0	0	0	0	0	0	0	0	0	2003	0
FFQ	80	0	0	0	0	0	0	0	0	0	0	0	0	0	0	0	0	0	0	0	0	0	0	0	0	0	0	0	0	0	0	2003	0
FFQ	81	0	0	0	0	0	0	0	0	0	0	0	0	0	0	0	0	0	0	0	0	0	0	0	0	0	0	0	0	0	0	2003	0
FFQ	82	0	0	0	0	0	0	0	0	0	0	0	0	0	0	0	0	0	0	0	0	0	0	0	0	0	0	0	0	0	0	2003	0
FFQ	83	0	0	0	0	0	0	0	0	0	0	0	0	0	0	0	0	0	0	0	0	0	0	0	0	0	0	0	0	0	0	2003	0
FFQ	84	0	0	0	0	0	0	0	0	0	0	0	0	0	0	0	0	0	0	0	0	0	0	0	0	0	0	0	0	0	0	2003	0
FFQ	85	0	0	0	0	0	0	0	0	0	0	0	0	0	0	0	0	0	0	0	0	0	0	0	0	0	0	0	0	0	0	2003	0
FFQ	86	0	0	0	0	0	0	0	0	0	0	0	0	0	0	0	0	0	0	0	0	0	0	0	0	0	0	0	0	0	0	2003	0
FFQ	87	0	0	0	0	0	0	0	0	0	0	0	0	0	0	0	0	0	0	0	0	0	0	0	0	0	0	0	0	0	0	2003	0
FFQ	88	0	0	0	0	0	0	0	0	0	0	0	0	0	0	0	0	0	0	0	0	0	0	0	0	0	0	0	0	0	0	2003	0
FFQ	89	0	0	0	0	0	0	0	0	0	0	0	0	0	0	0	0	0	0	0	0	0	0	0	0	0	0	0	0	0	0	2003	0
FFQ	90	0	0	0	0	0	0	0	0	0	0	0	0	0	0	0	0	0	0	0	0	0	0	0	0	0	0	0	0	0	0	2003	0
FFQ	91	0	0	0	0	0	0	0	0	0	0	0	0	0	0	0	0	0	0	0	0	0	0	0	0	0	0	0	0	0	0	2003	0
FFQ	92	0	0	0	0	0	0	0	0	0	0	0	0	0	0	0	0	0	0	0	0	0	0	0	0	0	0	0	0	0	0	2003	0
FFQ	93	0	0	0	0	0	0	0	0	0	0	0	0	0	0	0	0	0	0	0	0	0	0	0	0	0	0	0	0	0	0	2003	0
FFQ	94	0	0	0	0	0	0	0	0	0	0	0	0	0	0	0	0	0	0	0	0	0	0	0	0	0	0	0	0	0	0	2003	0
FFQ	95	0	0	0	0	0	0	0	0	0	0	0	0	0	0	0	0	0	0	0	0	0	0	0	0	0	0	0	0	0	0	2003	0
FFQ	96	0	0	0	0	0	0	0	0	0	0	0	0	0	0	0	0	0	0	0	0	0	0	0	0	0	0	0	0	0	0	2003	0
FFQ	97	0	0	0	0	0	0	0	0	0	0	0	0	0	0	0	0	0	0	0	0	0	0	0	0	0	0	0	0	0	0	2003	0
FFQ	98	0	0	0	0	0	0	0	0	0	0	0	0	0	0	0	0	0	0	0	0	0	0	0	0	0	0	0	0	0	0	2003	0
FFQ	99	0	0	0	0	0	0	0	0	0	0	0	0	0	0	0	0	0	0	0	0	0	0	0	0	0	0	0	0	0	0	2003	0
FFQ	100	0	0	0	0	0	0	0	0	0	0	0	0	0	0	0	0	0	0	0	0	0	0	0	0	0	0	0	0	0	0	2003	0
FFQ	101	0	0	0	0	0	0	0	0	0	0	0	0	0	0	0	0	0	0	0	0	0	0	0	0	0	0	0	0	0	0	2003	0
FFQ	102	0	0	0	0	0	0	0	0	0	0	0	0	0	0	0	0	0	0	0	0	0	0	0	0	0	0	0	0	0	0	2003	0
FFQ	103	0	0	0	0	0	0	0	0	0	0	0	0	0	0	0	0	0	0	0	0	0	0	0	0	0	0	0	0	0	0	2003	0
FFQ	104	0	0	0	0	0	0	0	0	0	0	0	0	0	0	0	0	0	0	0	0	0	0	0	0	0	0	0	0	0	0	2003	0
FFQ	105	0	0	0	0	0	0	0	0	0	0	0	0	0	0	0	0	0	0	0	0	0	0	0	0	0	0	0	0	0	0	2003	0
FFQ	106	0	0	0	0	0	0	0	0	0	0	0	0	0	0	0	0	0	0	0	0	0	0	0	0	0	0	0	0	0	0	2003	0
FFQ	107	0	0	0	0	0	0	0	0	0	0	0	0	0	0	0	0	0	0	0	0	0	0	0	0	0	0	0	0	0	0	2003	0
FFQ	108	0	0	0	0	0	0	0	0	0	0	0	0	0	0	0	0	0	0	0	0	0	0	0	0	0	0	0	0	0	0	2003	0
FFQ	109	0	0	0	0	0	0	0	0	0	0	0	0	0	0	0	0	0	0	0	0	0	0	0	0	0	0	0	0	0	0	2003	0
FFQ	110	0	0	0	0	0	0	0	0	0	0	0	0	0	0	0	0	0	0	0	0	0	0	0	0	0	0	0	0	0	0	2003	0
FFQ	111	0	0	0	0	0	0	0	0	0	0	0	0	0	0	0	0	0	0	0	0	0	0	0	0	0	0	0	0	0	0	2003	0
FFQ	112	0	0	0	0	0	0	0	0	0	0	0	0	0	0	0	0	0	0	0	0	0	0	0	0	0	0	0	0	0	0	2003	0
FFQ	113	0	0	0	0	0	0	0	0	0	0	0	0	0	0	0	0	0	0	0	0	0	0	0	0	0	0	0	0	0	0	2003	0
FFQ	114	0	0	0	0	0	0	0	0	0	0	0	0	0	0	0	0	0	0	0	0	0	0	0	0	0	0	0	0	0	0	2003	0
FFQ	115	0	0	0	0	0	0	0	0	0	0	0	0	0	0	0	0	0	0	0	0	0	0	0	0	0	0	0	0	0	0	2003	0
FFQ	116	0	0	0	0	0	0	0	0	0	0	0	0	0	0	0	0	0	0	0	0	0	0	0	0	0	0	0	0	0	0	2003	0
FFQ	117	0	0	0	0	0	0	0	0	0	0	0	0	0	0	0	0	0	0	0	0	0	0	0	0	0	0	0	0	0	0	2003	0
FFQ	118	0	0	0	0	0	0	0	0	0	0	0	0	0	0	0	0	0	0	0	0	0	0	0	0	0	0	0	0	0	0	2003	0
FFQ	119	0	0	0	0	0	0	0	0	0	0	0	0	0	0	0	0	0	0	0	0	0	0	0	0	0	0	0	0	0	0	2003	0
FFQ	120	0	0	0	0	0	0	0	0	0	0	0	0	0	0	0	0	0	0	0	0	0	0	0	0	0	0	0	0	0	0	2003	0
FFQ	121	0	0	0	0	0	0	0	0	0	0	0	0	0	0	0	0	0	0	0	0	0	0	0	0	0	0	0	0	0	0	2003	0
FFQ	122	0	0	0	0	0	0	0	0	0	0	0	0	0	0	0	0	0	0	0	0	0	0	0	0	0	0	0	0	0	0	2003	0
FFQ	123	0	0	0	0	0	0	0	0	0	0	0	0	0	0	0	0	0	0	0	0	0	0	0	0	0	0	0	0	0	0	2003	0
FFQ	124	0	0	0	0	0	0	0	0	0	0	0	0	0	0	0	0	0	0	0	0	0	0	0	0	0	0	0	0	0	0	2003	0
FFQ	125	0	0	0	0	0	0	0	0	0	0	0	0	0	0	0	0	0	0	0	0	0	0	0	0	0	0	0	0	0	0	2003	0
FFQ	126	0	0	0	0	0	0	0	0	0	0	0	0	0	0	0	0	0	0	0	0	0	0	0	0	0	0	0	0	0	0	2003	0
FFQ	127	0	0	0	0	0	0	0	0	0	0	0	0	0	0	0	0	0	0	0	0	0	0	0	0	0	0	0	0	0	0	2003	0
FFQ	128	0	0	0	0	0	0	0	0	0	0	0	0	0	0	0	0	0	0	0	0	0	0	0	0	0	0	0	0	0	0	2003	0
FFQ	129	0	0	0	0	0	0	0	0	0	0	0	0	0	0	0	0	0	0	0	0	0	0	0	0	0	0	0	0	0	0	2003	0
FFQ	130	0	0	0	0	0	0	0	0	0	0	0	0	0	0	0	0	0	0	0	0	0	0	0	0	0	0	0	0	0	0	2003	0
FFQ	131	0	0	0	0	0	0	0	0	0	0	0	0	0	0	0	0	0	0	0	0	0	0	0	0	0	0	0	0	0	0	2003	0
FFQ	132	0	0	0	0	0	0	0	0	0	0	0	0	0	0	0	0	0	0	0	0	0	0	0	0	0	0	0	0	0	0	2003	0
FFQ	133	0	0	0	0	0	0	0	0	0	0	0	0	0	0	0	0	0	0	0	0	0	0	0	0	0	0	0	0	0	0	2003	0
FFQ	134	0	0	0	0	0	0	0	0	0	0	0	0	0	0	0	0	0	0	0	0	0	0	0	0	0	0	0	0	0	0	2003	0
FFQ	135	0	0	0	0	0	0	0	0	0	0	0	0	0	0	0	0	0	0	0	0	0	0	0	0	0	0	0	0	0	0	2003	0
FFQ	136	0	0	0	0	0	0	0	0	0	0	0	0	0	0	0	0	0	0	0	0	0	0	0	0	0	0	0	0	0	0	2003	0
FFQ	137	0	0	0	0	0	0	0	0	0	0	0	0	0	0	0	0	0	0	0	0	0	0	0	0	0	0	0	0	0	0	2003	0
FFQ	138	0	0	0	0	0	0	0	0	0	0	0	0	0	0	0	0	0	0	0	0	0	0	0	0	0	0	0	0	0	0	2003	0
FFQ	139	0	0	0	0	0	0	0	0	0	0	0	0	0	0	0	0	0	0	0	0	0	0	0	0	0	0	0	0	0	0	2003	0
FFQ	140	0	0	0	0	0	0	0	0	0	0	0	0	0	0	0	0	0	0	0	0	0	0	0	0	0	0	0	0	0	0	2003	0
FFQ	141	0	0	0	0	0	0	0	0	0	0	0	0	0	0	0	0	0	0	0	0	0	0	0	0	0	0	0	0	0	0	2003	0
FFQ	142	0	0	0	0	0	0	0	0	0	0	0	0	0	0	0	0	0	0	0	0	0	0	0	0	0	0	0	0	0	0	2003	0
FFQ	143	0	0	0	0	0	0	0	0	0	0	0	0	0	0	0	0	0	0	0	0	0	0	0	0	0	0	0	0	0	0	2003	0
FFQ	144	0	0	0	0	0	0	0	0	0	0	0	0	0	0	0	0	0	0	0	0	0	0	0	0	0	0	0	0	0	0	2003	0
FFQ	145	0	0	0	0	0	0	0	0	0	0	0	0	0	0	0	0	0	0	0	0	0	0	0	0	0	0	0	0	0	0	2003	0
FFQ	146	0	0	0	0	0	0	0	0	0	0	0	0	0	0	0	0	0	0	0	0	0	0	0	0	0	0	0	0	0	0	2003	0
FFQ	147	0	0	0	0	0	0	0	0	0	0	0	0	0	0	0	0	0	0	0	0	0	0	0	0	0	0	0	0	0	0	2003	0
FFQ	148	0	0	0	0	0	0	0	0	0	0	0	0	0	0	0	0	0	0	0	0	0	0	0	0	0	0	0	0	0	0	2003	0
FFQ	149	0	0	0	0	0	0	0	0	0	0	0	0	0	0	0	0	0	0	0	0	0	0	0	0	0	0	0	0	0	0	2003	0
FFQ	150	0	0	0	0	0	0	0	0	0	0	0	0	0	0	0	0	0	0	0	0	0	0	0	0	0	0	0	0	0	0	2003	0
# Last Fragment Qualities. Use `grep ^LFQ | cut -f 2-` to extract this part.
# Columns correspond to qualities and rows to cycles. First column is the cycle number.
LFQ	1	0	0	0	0	0	0	0	0	0	0	0	0	0	0	0	0	0	0	0	0	0	0	0	0	0	0	0	0	0	0	2003	0
LFQ	2	0	0	0	0	0	0	0	0	0	0	0	0	0	0	0	0	0	0	0	0	0	0	0	0	0	0	0	0	0	0	2003	0
LFQ	3	0	0	0	0	0	0	0	0	0	0	0	0	0	0	0	0	0	0	0	0	0	0	0	0	0	0	0	0	0	0	2003	0
LFQ	4	0	0	0	0	0	0	0	0	0	0	0	0	0	0	0	0	0	0	0	0	0	0	0	0	0	0	0	0	0	0	2003	0
LFQ	5	0	0	0	0	0	0	0	0	0	0	0	0	0	0	0	0	0	0	0	0	0	0	0	0	0	0	0	0	0	0	2003	0
LFQ	6	0	0	0	0	0	0	0	0	0	0	0	0	0	0	0	0	0	0	0	0	0	0	0	0	0	0	0	0	0	0	2003	0
LFQ	7	0	0	0	0	0	0	0	0	0	0	0	0	0	0	0	0	0	0	0	0	0	0	0	0	0	0	0	0	0	0	2003	0
LFQ	8	0	0	0	0	0	0	0	0	0	0	0	0	0	0	0	0	0	0	0	0	0	0	0	0	0	0	0	0	0	0	2003	0
LFQ	9	0	0	0	0	0	0	0	0	0	0	0	0	0	0	0	0	0	0	0	0	0	0	0	0	0	0	0	0	0	0	2003	0
LFQ	10	0	0	0	0	0	0	0	0	0	0	0	0	0	0	0	0	0	0	0	0	0	0	0	0	0	0	0	0	0	0	2003	0
LFQ	11	0	0	0	0	0	0	0	0	0	0	0	0	0	0	0	0	0	0	0	0	0	0	0	0	0	0	0	0	0	0	2003	0
LFQ	12	0	0	0	0	0	0	0	0	0	0	0	0	0	0	0	0	0	0	0	0	0	0	0	0	0	0	0	0	0	0	2003	0
LFQ	13	0	0	0	0	0	0	0	0	0	0	0	0	0	0	0	0	0	0	0	0	0	0	0	0	0	0	0	0	0	0	2003	0
LFQ	14	0	0	0	0	0	0	0	0	0	0	0	0	0	0	0	0	0	0	0	0	0	0	0	0	0	0	0	0	0	0	2003	0
LFQ	15	0	0	0	0	0	0	0	0	0	0	0	0	0	0	0	0	0	0	0	0	0	0	0	0	0	0	0	0	0	0	2003	0
LFQ	16	0	0	0	0	0	0	0	0	0	0	0	0	0	0	0	0	0	0	0	0	0	0	0	0	0	0	0	0	0	0	2003	0
LFQ	17	0	0	0	0	0	0	0	0	0	0	0	0	0	0	0	0	0	0	0	0	0	0	0	0	0	0	0	0	0	0	2003	0
LFQ	18	0	0	0	0	0	0	0	0	0	0	0	0	0	0	0	0	0	0	0	0	0	0	0	0	0	0	0	0	0	0	2003	0
LFQ	19	0	0	0	0	0	0	0	0	0	0	0	0	0	0	0	0	0	0	0	0	0	0	0	0	0	0	0	0	0	0	2003	0
LFQ	20	0	0	0	0	0	0	0	0	0	0	0	0	0	0	0	0	0	0	0	0	0	0	0	0	0	0	0	0	0	0	2003	0
LFQ	21	0	0	0	0	0	0	0	0	0	0	0	0	0	0	0	0	0	0	0	0	0	0	0	0	0	0	0	0	0	0	2003	0
LFQ	22	0	0	0	0	0	0	0	0	0	0	0	0	0	0	0	0	0	0	0	0	0	0	0	0	0	0	0	0	0	0	2003	0
LFQ	23	0	0	0	0	0	0	0	0	0	0	0	0	0	0	0	0	0	0	0	0	0	0	0	0	0	0	0	0	0	0	2003	0
LFQ	24	0	0	0	0	0	0	0	0	0	0	0	0	0	0	0	0	0	0	0	0	0	0	0	0	0	0	0	0	0	0	2003	0
LFQ	25	0	0	0	0	0	0	0	0	0	0	0	0	0	0	0	0	0	0	0	0	0	0	0	0	0	0	0	0	0	0	2003	0
LFQ	26	0	0	0	0	0	0	0	0	0	0	0	0	0	0	0	0	0	0	0	0	0	0	0	0	0	0	0	0	0	0	2003	0
LFQ	27	0	0	0	0	0	0	0	0	0	0	0	0	0	0	0	0	0	0	0	0	0	0	0	0	0	0	0	0	0	0	2003	0
LFQ	28	0	0	0	0	0	0	0	0	0	0	0	0	0	0	0	0	0	0	0	0	0	0	0	0	0	0	0	0	0	0	2003	0
LFQ	29	0	0	0	0	0	0	0	0	0	0	0	0	0	0	0	0	0	0	0	0	0	0	0	0	0	0	0	0	0	0	2003	0
LFQ	30	0	0	0	0	0	0	0	0	0	0	0	0	0	0	0	0	0	0	0	0	0	0	0	0	0	0	0	0	0	0	2003	0
LFQ	31	0	0	0	0	0	0	0	0	0	0	0	0	0	0	0	0	0	0	0	0	0	0	0	0	0	0	0	0	0	0	2003	0
LFQ	32	0	0	0	0	0	0	0	0	0	0	0	0	0	0	0	0	0	0	0	0	0	0	0	0	0	0	0	0	0	0	2003	0
LFQ	33	0	0	0	0	0	0	0	0	0	0	0	0	0	0	0	0	0	0	0	0	0	0	0	0	0	0	0	0	0	0	2003	0
LFQ	34	0	0	0	0	0	0	0	0	0	0	0	0	0	0	0	0	0	0	0	0	0	0	0	0	0	0	0	0	0	0	2003	0
LFQ	35	0	0	0	0	0	0	0	0	0	0	0	0	0	0	0	0	0	0	0	0	0	0	0	0	0	0	0	0	0	0	2003	0
LFQ	36	0	0	0	0	0	0	0	0	0	0	0	0	0	0	0	0	0	0	0	0	0	0	0	0	0	0	0	0	0	0	2003	0
LFQ	37	0	0	0	0	0	0	0	0	0	0	0	0	0	0	0	0	0	0	0	0	0	0	0	0	0	0	0	0	0	0	2003	0
LFQ	38	0	0	0	0	0	0	0	0	0	0	0	0	0	0	0	0	0	0	0	0	0	0	0	0	0	0	0	0	0	0	2003	0
LFQ	39	0	0	0	0	0	0	0	0	0	0	0	0	0	0	0	0	0	0	0	0	0	0	0	0	0	0	0	0	0	0	2003	0
LFQ	40	0	0	0	0	0	0	0	0	0	0	0	0	0	0	0	0	0	0	0	0	0	0	0	0	0	0	0	0	0	0	2003	0
LFQ	41	0	0	0	0	0	0	0	0	0	0	0	0	0	0	0	0	0	0	0	0	0	0	0	0	0	0	0	0	0	0	2003	0
LFQ	42	0	0	0	0	0	0	0	0	0	0	0	0	0	0	0	0	0	0	0	0	0	0	0	0	0	0	0	0	0	0	2003	0
LFQ	43	0	0	0	0	0	0	0	0	0	0	0	0	0	0	0	0	0	0	0	0	0	0	0	0	0	0	0	0	0	0	2003	0
LFQ	44	0	0	0	0	0	0	0	0	0	0	0	0	0	0	0	0	0	0	0	0	0	0	0	0	0	0	0	0	0	0	2003	0
LFQ	45	0	0	0	0	0	0	0	0	0	0	0	0	0	0	0	0	0	0	0	0	0	0	0	0	0	0	0	0	0	0	2003	0
LFQ	46	0	0	0	0	0	0	0	0	0	0	0	0	0	0	0	0	0	0	0	0	0	0	0	0	0	0	0	0	0	0	2003	0
LFQ	47	0	0	0	0	0	0	0	0	0	0	0	0	0	0	0	0	0	0	0	0	0	0	0	0	0	0	0	0	0	0	2003	0
LFQ	48	0	0	0	0	0	0	0	0	0	0	0	0	0	0	0	0	0	0	0	0	0	0	0	0	0	0	0	0	0	0	2003	0
LFQ	49	0	0	0	0	0	0	0	0	0	0	0	0	0	0	0	0	0	0	0	0	0	0	0	0	0	0	0	0	0	0	2003	0
LFQ	50	0	0	0	0	0	0	0	0	0	0	0	0	0	0	0	0	0	0	0	0	0	0	0	0	0	0	0	0	0	0	2003	0
LFQ	51	0	0	0	0	0	0	0	0	0	0	0	0	0	0	0	0	0	0	0	0	0	0	0	0	0	0	0	0	0	0	2003	0
LFQ	52	0	0	0	0	0	0	0	0	0	0	0	0	0	0	0	0	0	0	0	0	0	0	0	0	0	0	0	0	0	0	2003	0
LFQ	53	0	0	0	0	0	0	0	0	0	0	0	0	0	0	0	0	0	0	0	0	0	0	0	0	0	0	0	0	0	0	2003	0
LFQ	54	0	0	0	0	0	0	0	0	0	0	0	0	0	0	0	0	0	0	0	0	0	0	0	0	0	0	0	0	0	0	2003	0
LFQ	55	0	0	0	0	0	0	0	0	0	0	0	0	0	0	0	0	0	0	0	0	0	0	0	0	0	0	0	0	0	0	2003	0
LFQ	56	0	0	0	0	0	0	0	0	0	0	0	0	0	0	0	0	0	0	0	0	0	0	0	0	0	0	0	0	0	0	2003	0
LFQ	57	0	0	0	0	0	0	0	0	0	0	0	0	0	0	0	0	0	0	0	0	0	0	0	0	0	0	0	0	0	0	2003	0
LFQ	58	0	0	0	0	0	0	0	0	0	0	0	0	0	0	0	0	0	0	0	0	0	0	0	0	0	0	0	0	0	0	2003	0
LFQ	59	0	0	0	0	0	0	0	0	0	0	0	0	0	0	0	0	0	0	0	0	0	0	0	0	0	0	0	0	0	0	2003	0
LFQ	60	0	0	0	0	0	0	0	0	0	0	0	0	0	0	0	0	0	0	0	0	0	0	0	0	0	0	0	0	0	0	2003	0
LFQ	61	0	0	0	0	0	0	0	0	0	0	0	0	0	0	0	0	0	0	0	0	0	0	0	0	0	0	0	0	0	0	2003	0
LFQ	62	0	0	0	0	0	0	0	0	0	0	0	0	0	0	0	0	0	0	0	0	0	0	0	0	0	0	0	0	0	0	2003	0
LFQ	63	0	0	0	0	0	0	0	0	0	0	0	0	0	0	0	0	0	0	0	0	0	0	0	0	0	0	0	0	0	0	2003	0
LFQ	64	0	0	0	0	0	0	0	0	0	0	0	0	0	0	0	0	0	0	0	0	0	0	0	0	0	0	0	0	0	0	2003	0
LFQ	65	0	0	0	0	0	0	0	0	0	0	0	0	0	0	0	0	0	0	0	0	0	0	0	0	0	0	0	0	0	0	2003	0
LFQ	66	0	0	0	0	0	0	0	0	0	0	0	0	0	0	0	0	0	0	0	0	0	0	0	0	0	0	0	0	0	0	2003	0
LFQ	67	0	0	0	0	0	0	0	0	0	0	0	0	0	0	0	0	0	0	0	0	0	0	0	0	0	0	0	0	0	0	2003	0
LFQ	68	0	0	0	0	0	0	0	0	0	0	0	0	0	0	0	0	0	0	0	0	0	0	0	0	0	0	0	0	0	0	2003	0
LFQ	69	0	0	0	0	0	0	0	0	0	0	0	0	0	0	0	0	0	0	0	0	0	0	0	0	0	0	0	0	0	0	2003	0
LFQ	70	0	0	0	0	0	0	0	0	0	0	0	0	0	0	0	0	0	0	0	0	0	0	0	0	0	0	0	0	0	0	2003	0
LFQ	71	0	0	0	0	0	0	0	0	0	0	0	0	0	0	0	0	0	0	0	0	0	0	0	0	0	0	0	0	0	0	2003	0
LFQ	72	0	0	0	0	0	0	0	0	0	0	0	0	0	0	0	0	0	0	0	0	0	0	0	0	0	0	0	0	0	0	2003	0
LFQ	73	0	0	0	0	0	0	0	0	0	0	0	0	0	0	0	0	0	0	0	0	0	0	0	0	0	0	0	0	0	0	2003	0
LFQ	74	0	0	0	0	0	0	0	0	0	0	0	0	0	0	0	0	0	0	0	0	0	0	0	0	0	0	0	0	0	0	2003	0
LFQ	75	0	0	0	0	0	0	0	0	0	0	0	0	0	0	0	0	0	0	0	0	0	0	0	0	0	0	0	0	0	0	2003	0
LFQ	76	0	0	0	0	0	0	0	0	0	0	0	0	0	0	0	0	0	0	0	0	0	0	0	0	0	0	0	0	0	0	2003	0
LFQ	77	0	0	0	0	0	0	0	0	0	0	0	0	0	0	0	0	0	0	0	0	0	0	0	0	0	0	0	0	0	0	2003	0
LFQ	78	0	0	0	0	0	0	0	0	0	0	0	0	0	0	0	0	0	0	0	0	0	0	0	0	0	0	0	0	0	0	2003	0
LFQ	79	0	0	0	0	0	0	0	0	0	0	0	0	0	0	0	0	0	0	0	0	0	0	0	0	0	0	0	0	0	0	2003	0
LFQ	80	0	0	0	0	0	0	0	0	0	0	0	0	0	0	0	0	0	0	0	0	0	0	0	0	0	0	0	0	0	0	2003	0
LFQ	81	0	0	0	0	0	0	0	0	0	0	0	0	0	0	0	0	0	0	0	0	0	0	0	0	0	0	0	0	0	0	2003	0
LFQ	82	0	0	0	0	0	0	0	0	0	0	0	0	0	0	0	0	0	0	0	0	0	0	0	0	0	0	0	0	0	0	2003	0
LFQ	83	0	0	0	0	0	0	0	0	0	0	0	0	0	0	0	0	0	0	0	0	0	0	0	0	0	0	0	0	0	0	2003	0
LFQ	84	0	0	0	0	0	0	0	0	0	0	0	0	0	0	0	0	0	0	0	0	0	0	0	0	0	0	0	0	0	0	2003	0
LFQ	85	0	0	0	0	0	0	0	0	0	0	0	0	0	0	0	0	0	0	0	0	0	0	0	0	0	0	0	0	0	0	2003	0
LFQ	86	0	0	0	0	0	0	0	0	0	0	0	0	0	0	0	0	0	0	0	0	0	0	0	0	0	0	0	0	0	0	2003	0
LFQ	87	0	0	0	0	0	0	0	0	0	0	0	0	0	0	0	0	0	0	0	0	0	0	0	0	0	0	0	0	0	0	2003	0
LFQ	88	0	0	0	0	0	0	0	0	0	0	0	0	0	0	0	0	0	0	0	0	0	0	0	0	0	0	0	0	0	0	2003	0
LFQ	89	0	0	0	0	0	0	0	0	0	0	0	0	0	0	0	0	0	0	0	0	0	0	0	0	0	0	0	0	0	0	2003	0
LFQ	90	0	0	0	0	0	0	0	0	0	0	0	0	0	0	0	0	0	0	0	0	0	0	0	0	0	0	0	0	0	0	2003	0
LFQ	91	0	0	0	0	0	0	0	0	0	0	0	0	0	0	0	0	0	0	0	0	0	0	0	0	0	0	0	0	0	0	2003	0
LFQ	92	0	0	0	0	0	0	0	0	0	0	0	0	0	0	0	0	0	0	0	0	0	0	0	0	0	0	0	0	0	0	2003	0
LFQ	93	0	0	0	0	0	0	0	0	0	0	0	0	0	0	0	0	0	0	0	0	0	0	0	0	0	0	0	0	0	0	2003	0
LFQ	94	0	0	0	0	0	0	0	0	0	0	0	0	0	0	0	0	0	0	0	0	0	0	0	0	0	0	0	0	0	0	2003	0
LFQ	95	0	0	0	0	0	0	0	0	0	0	0	0	0	0	0	0	0	0	0	0	0	0	0	0	0	0	0	0	0	0	2003	0
LFQ	96	0	0	0	0	0	0	0	0	0	0	0	0	0	0	0	0	0	0	0	0	0	0	0	0	0	0	0	0	0	0	2003	0
LFQ	97	0	0	0	0	0	0	0	0	0	0	0	0	0	0	0	0	0	0	0	0	0	0	0	0	0	0	0	0	0	0	2003	0
LFQ	98	0	0	0	0	0	0	0	0	0	0	0	0	0	0	0	0	0	0	0	0	0	0	0	0	0	0	0	0	0	0	2003	0
LFQ	99	0	0	0	0	0	0	0	0	0	0	0	0	0	0	0	0	0	0	0	0	0	0	0	0	0	0	0	0	0	0	2003	0
LFQ	100	0	0	0	0	0	0	0	0	0	0	0	0	0	0	0	0	0	0	0	0	0	0	0	0	0	0	0	0	0	0	2003	0
LFQ	101	0	0	0	0	0	0	0	0	0	0	0	0	0	0	0	0	0	0	0	0	0	0	0	0	0	0	0	0	0	0	2003	0
LFQ	102	0	0	0	0	0	0	0	0	0	0	0	0	0	0	0	0	0	0	0	0	0	0	0	0	0	0	0	0	0	0	2003	0
LFQ	103	0	0	0	0	0	0	0	0	0	0	0	0	0	0	0	0	0	0	0	0	0	0	0	0	0	0	0	0	0	0	2003	0
LFQ	104	0	0	0	0	0	0	0	0	0	0	0	0	0	0	0	0	0	0	0	0	0	0	0	0	0	0	0	0	0	0	2003	0
LFQ	105	0	0	0	0	0	0	0	0	0	0	0	0	0	0	0	0	0	0	0	0	0	0	0	0	0	0	0	0	0	0	2003	0
LFQ	106	0	0	0	0	0	0	0	0	0	0	0	0	0	0	0	0	0	0	0	0	0	0	0	0	0	0	0	0	0	0	2003	0
LFQ	107	0	0	0	0	0	0	0	0	0	0	0	0	0	0	0	0	0	0	0	0	0	0	0	0	0	0	0	0	0	0	2003	0
LFQ	108	0	0	0	0	0	0	0	0	0	0	0	0	0	0	0	0	0	0	0	0	0	0	0	0	0	0	0	0	0	0	2003	0
LFQ	109	0	0	0	0	0	0	0	0	0	0	0	0	0	0	0	0	0	0	0	0	0	0	0	0	0	0	0	0	0	0	2003	0
LFQ	110	0	0	0	0	0	0	0	0	0	0	0	0	0	0	0	0	0	0	0	0	0	0	0	0	0	0	0	0	0	0	2003	0
LFQ	111	0	0	0	0	0	0	0	0	0	0	0	0	0	0	0	0	0	0	0	0	0	0	0	0	0	0	0	0	0	0	2003	0
LFQ	112	0	0	0	0	0	0	0	0	0	0	0	0	0	0	0	0	0	0	0	0	0	0	0	0	0	0	0	0	0	0	2003	0
LFQ	113	0	0	0	0	0	0	0	0	0	0	0	0	0	0	0	0	0	0	0	0	0	0	0	0	0	0	0	0	0	0	2003	0
LFQ	114	0	0	0	0	0	0	0	0	0	0	0	0	0	0	0	0	0	0	0	0	0	0	0	0	0	0	0	0	0	0	2003	0
LFQ	115	0	0	0	0	0	0	0	0	0	0	0	0	0	0	0	0	0	0	0	0	0	0	0	0	0	0	0	0	0	0	2003	0
LFQ	116	0	0	0	0	0	0	0	0	0	0	0	0	0	0	0	0	0	0	0	0	0	0	0	0	0	0	0	0	0	0	2003	0
LFQ	117	0	0	0	0	0	0	0	0	0	0	0	0	0	0	0	0	0	0	0	0	0	0	0	0	0	0	0	0	0	0	2003	0
LFQ	118	0	0	0	0	0	0	0	0	0	0	0	0	0	0	0	0	0	0	0	0	0	0	0	0	0	0	0	0	0	0	2003	0
LFQ	119	0	0	0	0	0	0	0	0	0	0	0	0	0	0	0	0	0	0	0	0	0	0	0	0	0	0	0	0	0	0	2003	0
LFQ	120	0	0	0	0	0	0	0	0	0	0	0	0	0	0	0	0	0	0	0	0	0	0	0	0	0	0	0	0	0	0	2003	0
LFQ	121	0	0	0	0	0	0	0	0	0	0	0	0	0	0	0	0	0	0	0	0	0	0	0	0	0	0	0	0	0	0	2003	0
LFQ	122	0	0	0	0	0	0	0	0	0	0	0	0	0	0	0	0	0	0	0	0	0	0	0	0	0	0	0	0	0	0	2003	0
LFQ	123	0	0	0	0	0	0	0	0	0	0	0	0	0	0	0	0	0	0	0	0	0	0	0	0	0	0	0	0	0	0	2003	0
LFQ	124	0	0	0	0	0	0	0	0	0	0	0	0	0	0	0	0	0	0	0	0	0	0	0	0	0	0	0	0	0	0	2003	0
LFQ	125	0	0	0	0	0	0	0	0	0	0	0	0	0	0	0	0	0	0	0	0	0	0	0	0	0	0	0	0	0	0	2003	0
LFQ	126	0	0	0	0	0	0	0	0	0	0	0	0	0	0	0	0	0	0	0	0	0	0	0	0	0	0	0	0	0	0	2003	0
LFQ	127	0	0	0	0	0	0	0	0	0	0	0	0	0	0	0	0	0	0	0	0	0	0	0	0	0	0	0	0	0	0	2003	0
LFQ	128	0	0	0	0	0	0	0	0	0	0	0	0	0	0	0	0	0	0	0	0	0	0	0	0	0	0	0	0	0	0	2003	0
LFQ	129	0	0	0	0	0	0	0	0	0	0	0	0	0	0	0	0	0	0	0	0	0	0	0	0	0	0	0	0	0	0	2003	0
LFQ	130	0	0	0	0	0	0	0	0	0	0	0	0	0	0	0	0	0	0	0	0	0	0	0	0	0	0	0	0	0	0	2003	0
LFQ	131	0	0	0	0	0	0	0	0	0	0	0	0	0	0	0	0	0	0	0	0	0	0	0	0	0	0	0	0	0	0	2003	0
LFQ	132	0	0	0	0	0	0	0	0	0	0	0	0	0	0	0	0	0	0	0	0	0	0	0	0	0	0	0	0	0	0	2003	0
LFQ	133	0	0	0	0	0	0	0	0	0	0	0	0	0	0	0	0	0	0	0	0	0	0	0	0	0	0	0	0	0	0	2003	0
LFQ	134	0	0	0	0	0	0	0	0	0	0	0	0	0	0	0	0	0	0	0	0	0	0	0	0	0	0	0	0	0	0	2003	0
LFQ	135	0	0	0	0	0	0	0	0	0	0	0	0	0	0	0	0	0	0	0	0	0	0	0	0	0	0	0	0	0	0	2003	0
LFQ	136	0	0	0	0	0	0	0	0	0	0	0	0	0	0	0	0	0	0	0	0	0	0	0	0	0	0	0	0	0	0	2003	0
LFQ	137	0	0	0	0	0	0	0	0	0	0	0	0	0	0	0	0	0	0	0	0	0	0	0	0	0	0	0	0	0	0	2003	0
LFQ	138	0	0	0	0	0	0	0	0	0	0	0	0	0	0	0	0	0	0	0	0	0	0	0	0	0	0	0	0	0	0	2003	0
LFQ	139	0	0	0	0	0	0	0	0	0	0	0	0	0	0	0	0	0	0	0	0	0	0	0	0	0	0	0	0	0	0	2003	0
LFQ	140	0	0	0	0	0	0	0	0	0	0	0	0	0	0	0	0	0	0	0	0	0	0	0	0	0	0	0	0	0	0	2003	0
LFQ	141	0	0	0	0	0	0	0	0	0	0	0	0	0	0	0	0	0	0	0	0	0	0	0	0	0	0	0	0	0	0	2003	0
LFQ	142	0	0	0	0	0	0	0	0	0	0	0	0	0	0	0	0	0	0	0	0	0	0	0	0	0	0	0	0	0	0	2003	0
LFQ	143	0	0	0	0	0	0	0	0	0	0	0	0	0	0	0	0	0	0	0	0	0	0	0	0	0	0	0	0	0	0	2003	0
LFQ	144	0	0	0	0	0	0	0	0	0	0	0	0	0	0	0	0	0	0	0	0	0	0	0	0	0	0	0	0	0	0	2003	0
LFQ	145	0	0	0	0	0	0	0	0	0	0	0	0	0	0	0	0	0	0	0	0	0	0	0	0	0	0	0	0	0	0	2003	0
LFQ	146	0	0	0	0	0	0	0	0	0	0	0	0	0	0	0	0	0	0	0	0	0	0	0	0	0	0	0	0	0	0	2003	0
LFQ	147	0	0	0	0	0	0	0	0	0	0	0	0	0	0	0	0	0	0	0	0	0	0	0	0	0	0	0	0	0	0	2003	0
LFQ	148	0	0	0	0	0	0	0	0	0	0	0	0	0	0	0	0	0	0	0	0	0	0	0	0	0	0	0	0	0	0	2003	0
LFQ	149	0	0	0	0	0	0	0	0	0	0	0	0	0	0	0	0	0	0	0	0	0	0	0	0	0	0	0	0	0	0	2003	0
LFQ	150	0	0	0	0	0	0	0	0	0	0	0	0	0	0	0	0	0	0	0	0	0	0	0	0	0	0	0	0	0	0	2003	0
# GC Content of first fragments. Use `grep ^GCF | cut -f 2-` to extract this part.
GCF	5.78	0
GCF	12.06	1
GCF	14.07	0
GCF	16.08	1
GCF	17.09	0
GCF	18.09	3
GCF	19.10	0
GCF	20.35	1
GCF	21.36	2
GCF	22.11	4
GCF	22.86	6
GCF	23.37	11
GCF	24.12	9
GCF	24.87	11
GCF	25.38	12
GCF	26.13	16
GCF	26.88	22
GCF	27.39	20
GCF	28.14	24
GCF	28.89	30
GCF	29.40	34
GCF	30.15	41
GCF	30.90	28
GCF	31.41	36
GCF	32.16	37
GCF	32.91	44
GCF	33.42	79
GCF	33.92	58
GCF	34.67	75
GCF	35.43	96
GCF	35.93	84
GCF	36.93	70
GCF	37.94	60
GCF	38.69	69
GCF	39.45	71
GCF	39.95	73
GCF	40.70	64
GCF	41.46	81
GCF	41.96	64
GCF	42.71	57
GCF	43.47	56
GCF	43.97	49
GCF	44.72	51
GCF	45.48	47
GCF	45.98	50
GCF	46.73	47
GCF	47.49	39
GCF	47.99	26
GCF	48.74	27
GCF	49.50	20
GCF	50.00	12
GCF	50.75	15
GCF	51.51	7
GCF	52.01	14
GCF	53.02	11
GCF	54.52	7
GCF	55.53	6
GCF	56.03	1
GCF	56.78	6
GCF	57.54	3
GCF	58.04	5
GCF	59.30	3
GCF	60.80	1
GCF	61.81	2
GCF	62.81	0
GCF	63.57	1
GCF	64.82	0
GCF	66.33	1
GCF	67.84	0
GCF	69.60	1
GCF	70.60	2
# GC Content of last fragments. Use `grep ^GCL | cut -f 2-` to extract this part.
GCL	6.28	0
GCL	12.81	1
GCL	13.32	0
GCL	14.07	1
GCL	14.82	0
GCL	15.33	2
GCL	16.33	0
GCL	17.34	1
GCL	18.09	3
GCL	19.10	0
GCL	20.10	1
GCL	21.11	2
GCL	22.11	3
GCL	22.86	7
GCL	23.37	6
GCL	24.12	15
GCL	24.87	10
GCL	25.38	16
GCL	26.13	12
GCL	26.88	10
GCL	27.39	20
GCL	28.14	31
GCL	28.89	27
GCL	29.40	31
GCL	30.15	24
GCL	30.90	35
GCL	31.41	54
GCL	32.16	55
GCL	32.91	45
GCL	33.42	55
GCL	33.92	64
GCL	34.67	73
GCL	35.43	85
GCL	35.93	70
GCL	36.93	71
GCL	37.94	73
GCL	38.69	62
GCL	39.45	70
GCL	39.95	80
GCL	40.70	61
GCL	41.46	75
GCL	41.96	69
GCL	42.71	57
GCL	43.47	56
GCL	43.97	45
GCL	44.72	48
GCL	45.48	65
GCL	45.98	47
GCL	46.73	45
GCL	47.49	38
GCL	47.99	26
GCL	48.74	24
GCL	49.50	35
GCL	50.00	16
GCL	51.01	14
GCL	52.51	11
GCL	53.52	10
GCL	54.02	2
GCL	54.77	5
GCL	55.53	4
GCL	56.03	7
GCL	56.78	2
GCL	57.54	6
GCL	58.04	5
GCL	58.79	4
GCL	59.55	3
GCL	60.55	0
GCL	61.56	3
GCL	62.06	0
GCL	62.81	2
GCL	64.82	0
GCL	66.58	2
GCL	67.84	0
GCL	69.35	2
GCL	70.10	1
# ACGT content per cycle. Use `grep ^GCC | cut -f 2-` to extract this part. The columns are: cycle; A,C,G,T base counts as a percentage of all A/C/G/T bases [%]; and N and O counts as a percentage of all A/C/G/T bases [%]
GCC	1	29.53	20.49	19.62	30.35	0.00	0.00
GCC	2	30.98	19.50	19.40	30.13	0.00	0.00
GCC	3	30.73	20.34	18.72	30.20	0.00	0.00
GCC	4	29.91	20.42	18.67	31.00	0.00	0.00
GCC	5	29.06	20.92	19.77	30.25	0.00	0.00
GCC	6	30.00	19.20	19.62	31.18	0.00	0.00
GCC	7	30.05	20.29	18.82	30.83	0.00	0.00
GCC	8	31.03	19.97	18.10	30.90	0.00	0.00
GCC	9	29.98	20.19	19.02	30.80	0.00	0.00
GCC	10	29.46	20.67	18.95	30.93	0.00	0.00
GCC	11	29.66	20.17	19.25	30.93	0.00	0.00
GCC	12	29.81	20.84	19.02	30.33	0.00	0.00
GCC	13	30.95	19.97	17.72	31.35	0.00	0.00
GCC	14	29.86	20.29	18.32	31.53	0.00	0.00
GCC	15	30.95	19.57	18.42	31.05	0.00	0.00
GCC	16	29.78	20.54	17.72	31.95	0.00	0.00
GCC	17	29.86	21.27	18.77	30.10	0.00	0.00
GCC	18	30.05	20.17	19.15	30.63	0.00	0.00
GCC	19	30.48	20.47	19.12	29.93	0.00	0.00
GCC	20	30.13	20.49	19.25	30.13	0.00	0.00
GCC	21	28.98	19.95	19.52	31.55	0.00	0.00
GCC	22	30.53	21.29	18.25	29.93	0.00	0.00
GCC	23	30.80	20.62	18.02	30.55	0.00	0.00
GCC	24	30.40	19.02	19.17	31.40	0.00	0.00
GCC	25	31.75	19.37	18.62	30.25	0.00	0.00
GCC	26	31.53	20.07	19.17	29.23	0.00	0.00
GCC	27	32.05	19.12	18.62	30.20	0.00	0.00
GCC	28	32.68	18.97	19.00	29.36	0.00	0.00
GCC	29	29.16	20.04	20.00	30.80	0.00	0.00
GCC	30	29.78	20.19	19.42	30.60	0.00	0.00
GCC	31	30.23	19.55	19.47	30.75	0.00	0.00
GCC	32	31.25	20.32	19.42	29.01	0.00	0.00
GCC	33	31.30	19.75	18.15	30.80	0.00	0.00
GCC	34	30.73	21.97	17.85	29.46	0.00	0.00
GCC	35	31.23	20.42	18.40	29.96	0.00	0.00
GCC	36	30.75	19.20	18.77	31.28	0.00	0.00
GCC	37	32.18	18.70	18.05	31.08	0.00	0.00
GCC	38	31.35	21.02	18.07	29.56	0.00	0.00
GCC	39	29.31	20.44	19.32	30.93	0.00	0.00
GCC	40	31.95	19.97	18.07	30.00	0.00	0.00
GCC	41	30.43	19.75	20.39	29.43	0.00	0.00
GCC	42	30.35	19.97	18.62	31.05	0.00	0.00
GCC	43	29.61	19.07	20.19	31.13	0.00	0.00
GCC	44	29.91	20.44	19.12	30.53	0.00	0.00
GCC	45	30.90	19.47	18.62	31.00	0.00	0.00
GCC	46	30.33	20.62	18.50	30.55	0.00	0.00
GCC	47	30.13	19.72	19.45	30.70	0.00	0.00
GCC	48	30.63	20.22	18.82	30.33	0.00	0.00
GCC	49	30.53	19.92	18.97	30.58	0.00	0.00
GCC	50	29.93	19.62	18.27	32.18	0.00	0.00
GCC	51	30.73	20.59	19.15	29.53	0.00	0.00
GCC	52	30.48	19.50	18.60	31.43	0.00	0.00
GCC	53	30.28	19.65	19.42	30.65	0.00	0.00
GCC	54	29.01	19.70	19.40	31.90	0.00	0.00
GCC	55	29.71	20.49	18.70	31.10	0.00	0.00
GCC	56	28.93	20.92	19.45	30.70	0.00	0.00
GCC	57	30.00	19.47	18.47	32.05	0.00	0.00
GCC	58	30.53	21.47	17.50	30.50	0.00	0.00
GCC	59	31.03	20.14	18.30	30.53	0.00	0.00
GCC	60	30.28	19.87	17.72	32.13	0.00	0.00
GCC	61	31.68	19.57	17.80	30.95	0.00	0.00
GCC	62	31.23	18.82	19.35	30.60	0.00	0.00
GCC	63	30.68	19.60	17.62	32.10	0.00	0.00
GCC	64	29.61	19.90	18.85	31.65	0.00	0.00
GCC	65	31.28	19.07	18.92	30.73	0.00	0.00
GCC	66	29.68	20.42	18.75	31.15	0.00	0.00
GCC	67	31.35	19.62	18.67	30.35	0.00	0.00
GCC	68	31.98	20.34	18.62	29.06	0.00	0.00
GCC	69	30.30	20.19	19.12	30.38	0.00	0.00
GCC	70	30.65	19.57	18.45	31.33	0.00	0.00
GCC	71	31.68	19.30	17.72	31.30	0.00	0.00
GCC	72	30.48	20.12	19.50	29.91	0.00	0.00
GCC	73	31.83	19.20	17.62	31.35	0.00	0.00
GCC	74	30.65	19.87	18.55	30.93	0.00	0.00
GCC	75	30.93	20.17	18.92	29.98	0.00	0.00
GCC	76	31.38	18.72	18.27	31.63	0.00	0.00
GCC	77	29.83	19.80	20.34	30.03	0.00	0.00
GCC	78	31.23	20.07	18.67	30.03	0.00	0.00
GCC	79	31.38	20.02	18.40	30.20	0.00	0.00
GCC	80	29.66	21.17	18.90	30.28	0.00	0.00
GCC	81	30.00	19.57	19.20	31.23	0.00	0.00
GCC	82	29.63	20.67	19.00	30.70	0.00	0.00
GCC	83	30.73	19.57	18.67	31.03	0.00	0.00
GCC	84	30.48	21.19	18.50	29.83	0.00	0.00
GCC	85	31.58	19.72	17.65	31.05	0.00	0.00
GCC	86	30.35	20.87	17.50	31.28	0.00	0.00
GCC	87	30.15	19.37	19.77	30.70	0.00	0.00
GCC	88	31.00	19.95	19.10	29.96	0.00	0.00
GCC	89	29.78	20.87	18.65	30.70	0.00	0.00
GCC	90	31.18	19.07	19.75	30.00	0.00	0.00
GCC	91	30.30	20.37	18.92	30.40	0.00	0.00
GCC	92	30.03	21.32	18.92	29.73	0.00	0.00
GCC	93	29.93	20.17	19.27	30.63	0.00	0.00
GCC	94	28.98	20.79	20.22	30.00	0.00	0.00
GCC	95	30.75	20.02	17.92	31.30	0.00	0.00
GCC	96	28.91	20.02	19.00	32.08	0.00	0.00
GCC	97	30.63	19.47	18.77	31.13	0.00	0.00
GCC	98	29.66	20.39	18.02	31.93	0.00	0.00
GCC	99	30.95	20.44	18.47	30.13	0.00	0.00
GCC	100	30.95	19.12	18.50	31.43	0.00	0.00
GCC	101	29.86	19.65	19.05	31.45	0.00	0.00
GCC	102	29.21	20.59	19.00	31.20	0.00	0.00
GCC	103	30.80	19.20	19.52	30.48	0.00	0.00
GCC	104	31.45	19.67	19.67	29.21	0.00	0.00
GCC	105	31.78	19.95	19.35	28.93	0.00	0.00
GCC	106	30.28	19.97	18.20	31.55	0.00	0.00
GCC	107	31.88	20.82	17.87	29.43	0.00	0.00
GCC	108	30.08	19.45	18.70	31.78	0.00	0.00
GCC	109	30.08	20.24	17.90	31.78	0.00	0.00
GCC	110	29.91	20.54	19.42	30.13	0.00	0.00
GCC	111	29.28	21.14	18.02	31.55	0.00	0.00
GCC	112	30.88	19.15	19.40	30.58	0.00	0.00
GCC	113	29.71	21.14	19.27	29.88	0.00	0.00
GCC	114	29.56	20.00	19.50	30.95	0.00	0.00
GCC	115	30.35	20.19	17.87	31.58	0.00	0.00
GCC	116	31.60	20.04	18.80	29.56	0.00	0.00
GCC	117	29.28	20.00	18.30	32.43	0.00	0.00
GCC	118	30.78	18.95	19.02	31.25	0.00	0.00
GCC	119	30.78	19.52	19.20	30.50	0.00	0.00
GCC	120	30.98	20.22	19.62	29.18	0.00	0.00
GCC	121	31.03	19.47	19.42	30.08	0.00	0.00
GCC	122	29.21	20.22	18.65	31.93	0.00	0.00
GCC	123	31.45	20.44	18.92	29.18	0.00	0.00
GCC	124	31.18	20.02	18.27	30.53	0.00	0.00
GCC	125	31.25	20.19	17.85	30.70	0.00	0.00
GCC	126	31.15	20.99	18.50	29.36	0.00	0.00
GCC	127	30.23	20.77	18.50	30.50	0.00	0.00
GCC	128	31.00	20.07	18.10	30.83	0.00	0.00
GCC	129	30.03	20.47	18.95	30.55	0.00	0.00
GCC	130	30.73	19.02	19.00	31.25	0.00	0.00
GCC	131	29.83	20.04	19.42	30.70	0.00	0.00
GCC	132	30.60	19.77	17.85	31.78	0.00	0.00
GCC	133	30.75	20.17	18.60	30.48	0.00	0.00
GCC	134	31.93	18.67	19.55	29.86	0.00	0.00
GCC	135	29.38	20.57	19.37	30.68	0.00	0.00
GCC	136	31.08	19.37	18.90	30.65	0.00	0.00
GCC	137	30.83	19.77	19.17	30.23	0.00	0.00
GCC	138	31.00	20.24	18.40	30.35	0.00	0.00
GCC	139	30.65	20.17	18.72	30.45	0.00	0.00
GCC	140	31.35	19.10	18.40	31.15	0.00	0.00
GCC	141	30.48	19.17	18.57	31.78	0.00	0.00
GCC	142	31.30	18.37	19.32	31.00	0.00	0.00
GCC	143	29.73	20.47	17.80	32.00	0.00	0.00
GCC	144	32.05	18.62	17.80	31.53	0.00	0.00
GCC	145	30.53	20.22	19.25	30.00	0.00	0.00
GCC	146	30.28	20.72	19.02	29.98	0.00	0.00
GCC	147	31.05	17.95	18.45	32.55	0.00	0.00
GCC	148	31.08	19.60	19.57	29.76	0.00	0.00
GCC	149	29.61	19.52	19.10	31.78	0.00	0.00
GCC	150	30.90	20.77	19.00	29.33	0.00	0.00
# ACGT content per cycle, read oriented. Use `grep ^GCT | cut -f 2-` to extract this part. The columns are: cycle; A,C,G,T base counts as a percentage of all A/C/G/T bases [%]
GCT	1	29.98	20.57	19.55	29.91
GCT	2	30.78	19.27	19.62	30.33
GCT	3	31.25	19.40	19.67	29.68
GCT	4	30.80	19.30	19.80	30.10
GCT	5	28.93	19.87	20.82	30.38
GCT	6	30.98	19.35	19.47	30.20
GCT	7	29.61	18.92	20.19	31.28
GCT	8	31.13	19.40	18.67	30.80
GCT	9	30.50	19.25	19.97	30.28
GCT	10	30.35	19.40	20.22	30.03
GCT	11	31.48	20.02	19.40	29.11
GCT	12	30.43	20.14	19.72	29.71
GCT	13	31.28	18.47	19.22	31.03
GCT	14	29.88	19.60	19.02	31.50
GCT	15	31.33	20.47	17.52	30.68
GCT	16	30.35	18.20	20.07	31.38
GCT	17	29.91	19.20	20.84	30.05
GCT	18	30.20	19.50	19.82	30.48
GCT	19	29.33	20.19	19.40	31.08
GCT	20	29.91	19.45	20.29	30.35
GCT	21	31.80	20.00	19.47	28.73
GCT	22	30.75	19.65	19.90	29.71
GCT	23	31.48	19.67	18.97	29.88
GCT	24	30.98	18.42	19.77	30.83
GCT	25	31.38	19.27	18.72	30.63
GCT	26	30.68	19.25	20.00	30.08
GCT	27	30.93	19.12	18.62	31.33
GCT	28	30.90	19.22	18.75	31.13
GCT	29	31.48	20.00	20.04	28.48
GCT	30	32.03	19.92	19.70	28.36
GCT	31	30.13	18.87	20.14	30.85
GCT	32	30.48	20.77	18.97	29.78
GCT	33	31.95	18.77	19.12	30.15
GCT	34	31.00	19.42	20.39	29.18
GCT	35	31.10	19.37	19.45	30.08
GCT	36	30.40	18.92	19.05	31.63
GCT	37	31.50	17.70	19.05	31.75
GCT	38	29.86	19.25	19.85	31.05
GCT	39	30.23	19.20	20.57	30.00
GCT	40	31.10	19.85	18.20	30.85
GCT	41	29.11	19.90	20.24	30.75
GCT	42	31.28	18.72	19.87	30.13
GCT	43	30.70	19.45	19.82	30.03
GCT	44	30.00	20.52	19.05	30.43
GCT	45	31.63	19.72	18.37	30.28
GCT	46	30.40	18.92	20.19	30.48
GCT	47	30.53	19.85	19.32	30.30
GCT	48	30.93	20.34	18.70	30.03
GCT	49	31.00	19.67	19.22	30.10
GCT	50	31.93	19.40	18.50	30.18
GCT	51	31.13	19.27	20.47	29.13
GCT	52	30.68	19.42	18.67	31.23
GCT	53	29.73	19.42	19.65	31.20
GCT	54	29.56	19.97	19.12	31.35
GCT	55	30.85	20.62	18.57	29.96
GCT	56	30.28	19.95	20.42	29.36
GCT	57	30.23	19.27	18.67	31.83
GCT	58	30.95	19.97	19.00	30.08
GCT	59	30.93	18.72	19.72	30.63
GCT	60	31.58	19.40	18.20	30.83
GCT	61	32.00	19.02	18.35	30.63
GCT	62	29.78	20.09	18.07	32.05
GCT	63	31.03	18.27	18.95	31.75
GCT	64	31.30	19.22	19.52	29.96
GCT	65	30.30	18.92	19.07	31.70
GCT	66	30.25	19.62	19.55	30.58
GCT	67	31.83	19.32	18.97	29.88
GCT	68	30.90	19.30	19.67	30.13
GCT	69	31.48	19.45	19.87	29.21
GCT	70	31.20	20.39	17.62	30.78
GCT	71	31.53	17.97	19.05	31.45
GCT	72	30.88	19.25	20.37	29.51
GCT	73	32.68	18.17	18.65	30.50
GCT	74	30.48	19.57	18.85	31.10
GCT	75	30.15	20.07	19.02	30.75
GCT	76	30.08	18.95	18.05	32.93
GCT	77	29.16	20.84	19.30	30.70
GCT	78	30.90	20.12	18.62	30.35
GCT	79	30.13	18.95	19.47	31.45
GCT	80	30.58	19.52	20.54	29.36
GCT	81	30.60	18.70	20.07	30.63
GCT	82	30.20	19.72	19.95	30.13
GCT	83	30.83	19.60	18.65	30.93
GCT	84	31.25	19.40	20.29	29.06
GCT	85	30.43	18.65	18.72	32.20
GCT	86	30.00	18.65	19.72	31.63
GCT	87	29.68	19.62	19.52	31.18
GCT	88	29.73	19.10	19.95	31.23
GCT	89	29.51	20.22	19.30	30.98
GCT	90	29.63	19.40	19.42	31.55
GCT	91	30.43	19.32	19.97	30.28
GCT	92	29.88	19.35	20.89	29.88
GCT	93	31.45	20.27	19.17	29.11
GCT	94	29.08	20.22	20.79	29.91
GCT	95	31.15	19.00	18.95	30.90
GCT	96	30.35	19.85	19.17	30.63
GCT	97	30.23	19.30	18.95	31.53
GCT	98	31.58	19.60	18.82	30.00
GCT	99	31.00	19.67	19.25	30.08
GCT	100	30.63	18.42	19.20	31.75
GCT	101	31.50	18.97	19.72	29.81
GCT	102	31.13	19.50	20.09	29.28
GCT	103	30.63	19.30	19.42	30.65
GCT	104	30.00	20.04	19.30	30.65
GCT	105	30.08	18.92	20.37	30.63
GCT	106	31.33	19.35	18.82	30.50
GCT	107	30.35	19.17	19.52	30.95
GCT	108	31.35	19.25	18.90	30.50
GCT	109	30.93	19.37	18.77	30.93
GCT	110	29.61	20.87	19.10	30.43
GCT	111	30.25	18.55	20.62	30.58
GCT	112	31.30	19.10	19.45	30.15
GCT	113	29.21	20.32	20.09	30.38
GCT	114	29.81	20.12	19.37	30.70
GCT	115	32.15	19.62	18.45	29.78
GCT	116	30.43	19.10	19.75	30.73
GCT	117	30.48	19.07	19.22	31.23
GCT	118	30.95	19.70	18.27	31.08
GCT	119	30.08	19.15	19.57	31.20
GCT	120	29.31	20.17	19.67	30.85
GCT	121	31.28	20.00	18.90	29.83
GCT	122	31.70	19.75	19.12	29.43
GCT	123	30.73	19.80	19.57	29.91
GCT	124	30.20	18.87	19.42	31.50
GCT	125	31.28	19.65	18.40	30.68
GCT	126	30.73	21.19	18.30	29.78
GCT	127	31.83	20.19	19.07	28.91
GCT	128	30.98	19.47	18.70	30.85
GCT	129	30.23	19.70	19.72	30.35
GCT	130	31.30	18.37	19.65	30.68
GCT	131	30.30	20.69	18.77	30.23
GCT	132	32.00	18.85	18.77	30.38
GCT	133	30.90	19.60	19.17	30.33
GCT	134	30.70	19.07	19.15	31.08
GCT	135	30.10	20.47	19.47	29.96
GCT	136	30.10	19.52	18.75	31.63
GCT	137	31.55	19.62	19.32	29.51
GCT	138	30.43	18.65	20.00	30.93
GCT	139	30.18	19.77	19.12	30.93
GCT	140	30.73	18.60	18.90	31.78
GCT	141	31.80	19.12	18.62	30.45
GCT	142	31.48	18.57	19.12	30.83
GCT	143	31.00	18.92	19.35	30.73
GCT	144	30.40	17.55	18.87	33.18
GCT	145	29.66	19.77	19.70	30.88
GCT	146	28.83	19.40	20.34	31.43
GCT	147	32.68	18.05	18.35	30.93
GCT	148	30.55	19.60	19.57	30.28
GCT	149	30.20	18.80	19.82	31.18
GCT	150	30.68	19.42	20.34	29.56
# ACGT content per cycle for first fragments. Use `grep ^FBC | cut -f 2-` to extract this part. The columns are: cycle; A,C,G,T base counts as a percentage of all A/C/G/T bases [%]; and N and O counts as a percentage of all A/C/G/T bases [%]
FBC	1	29.91	20.37	19.87	29.86	0.00	0.00
FBC	2	30.15	19.27	19.47	31.10	0.00	0.00
FBC	3	29.71	20.47	19.12	30.70	0.00	0.00
FBC	4	28.91	20.87	19.17	31.05	0.00	0.00
FBC	5	29.66	21.27	19.62	29.46	0.00	0.00
FBC	6	31.10	18.52	20.47	29.91	0.00	0.00
FBC	7	30.35	20.77	18.77	30.10	0.00	0.00
FBC	8	31.20	20.82	18.17	29.81	0.00	0.00
FBC	9	30.90	19.92	18.67	30.50	0.00	0.00
FBC	10	30.00	18.97	19.42	31.60	0.00	0.00
FBC	11	29.36	20.52	18.37	31.75	0.00	0.00
FBC	12	29.31	20.47	19.07	31.15	0.00	0.00
FBC	13	30.30	21.27	17.72	30.70	0.00	0.00
FBC	14	29.86	20.57	18.17	31.40	0.00	0.00
FBC	15	29.46	20.62	17.82	32.10	0.00	0.00
FBC	16	29.46	21.62	16.48	32.45	0.00	0.00
FBC	17	29.96	22.07	18.77	29.21	0.00	0.00
FBC	18	29.91	19.87	19.87	30.35	0.00	0.00
FBC	19	31.05	20.92	18.97	29.06	0.00	0.00
FBC	20	30.30	20.47	19.02	30.20	0.00	0.00
FBC	21	28.86	19.42	19.32	32.40	0.00	0.00
FBC	22	31.15	22.42	17.22	29.21	0.00	0.00
FBC	23	29.76	20.32	18.42	31.50	0.00	0.00
FBC	24	30.85	18.52	18.92	31.70	0.00	0.00
FBC	25	31.65	18.97	18.67	30.70	0.00	0.00
FBC	26	32.60	20.67	18.87	27.86	0.00	0.00
FBC	27	32.75	18.87	18.67	29.71	0.00	0.00
FBC	28	32.30	20.27	18.62	28.81	0.00	0.00
FBC	29	28.21	19.52	20.32	31.95	0.00	0.00
FBC	30	29.86	19.77	18.87	31.50	0.00	0.00
FBC	31	30.75	18.87	19.77	30.60	0.00	0.00
FBC	32	32.35	19.22	18.97	29.46	0.00	0.00
FBC	33	31.20	19.67	18.87	30.25	0.00	0.00
FBC	34	29.46	23.12	17.87	29.56	0.00	0.00
FBC	35	31.80	18.42	19.37	30.40	0.00	0.00
FBC	36	31.90	19.52	17.42	31.15	0.00	0.00
FBC	37	31.25	19.52	18.32	30.90	0.00	0.00
FBC	38	31.40	20.62	18.92	29.06	0.00	0.00
FBC	39	29.46	19.77	19.67	31.10	0.00	0.00
FBC	40	32.25	19.72	18.22	29.81	0.00	0.00
FBC	41	30.65	19.02	20.72	29.61	0.00	0.00
FBC	42	29.56	20.82	17.72	31.90	0.00	0.00
FBC	43	29.31	20.32	19.47	30.90	0.00	0.00
FBC	44	30.20	20.77	19.07	29.96	0.00	0.00
FBC	45	30.75	19.52	18.47	31.25	0.00	0.00
FBC	46	29.81	21.22	18.17	30.80	0.00	0.00
FBC	47	28.81	19.42	19.82	31.95	0.00	0.00
FBC	48	33.25	18.57	18.52	29.66	0.00	0.00
FBC	49	31.40	19.92	17.67	31.00	0.00	0.00
FBC	50	29.76	19.87	18.07	32.30	0.00	0.00
FBC	51	32.20	20.17	18.77	28.86	0.00	0.00
FBC	52	30.30	18.82	20.07	30.80	0.00	0.00
FBC	53	31.35	19.52	18.67	30.45	0.00	0.00
FBC	54	29.71	19.92	19.12	31.25	0.00	0.00
FBC	55	30.05	20.72	17.77	31.45	0.00	0.00
FBC	56	29.21	21.67	19.67	29.46	0.00	0.00
FBC	57	30.60	20.12	18.67	30.60	0.00	0.00
FBC	58	31.05	22.22	17.52	29.21	0.00	0.00
FBC	59	30.30	20.37	18.87	30.45	0.00	0.00
FBC	60	30.95	18.87	18.02	32.15	0.00	0.00
FBC	61	30.60	19.57	17.87	31.95	0.00	0.00
FBC	62	30.85	19.47	19.82	29.86	0.00	0.00
FBC	63	31.15	18.97	17.97	31.90	0.00	0.00
FBC	64	30.05	19.42	19.27	31.25	0.00	0.00
FBC	65	32.40	19.77	17.57	30.25	0.00	0.00
FBC	66	29.66	19.12	18.92	32.30	0.00	0.00
FBC	67	30.85	19.97	19.02	30.15	0.00	0.00
FBC	68	31.15	20.17	18.42	30.25	0.00	0.00
FBC	69	30.65	19.82	19.57	29.96	0.00	0.00
FBC	70	32.00	19.02	18.32	30.65	0.00	0.00
FBC	71	30.45	18.82	18.42	32.30	0.00	0.00
FBC	72	29.81	20.92	18.32	30.95	0.00	0.00
FBC	73	32.40	18.97	17.87	30.75	0.00	0.00
FBC	74	29.66	20.42	18.57	31.35	0.00	0.00
FBC	75	31.50	19.02	19.82	29.66	0.00	0.00
FBC	76	30.50	18.82	18.27	32.40	0.00	0.00
FBC	77	29.21	19.87	20.07	30.85	0.00	0.00
FBC	78	31.00	20.67	19.07	29.26	0.00	0.00
FBC	79	31.60	20.92	18.37	29.11	0.00	0.00
FBC	80	32.55	19.67	18.47	29.31	0.00	0.00
FBC	81	30.35	19.22	19.32	31.10	0.00	0.00
FBC	82	28.56	21.32	19.37	30.75	0.00	0.00
FBC	83	29.86	20.47	18.77	30.90	0.00	0.00
FBC	84	30.85	21.27	18.82	29.06	0.00	0.00
FBC	85	31.30	19.87	17.97	30.85	0.00	0.00
FBC	86	30.80	20.12	17.67	31.40	0.00	0.00
FBC	87	30.15	19.07	20.32	30.45	0.00	0.00
FBC	88	31.35	19.47	18.62	30.55	0.00	0.00
FBC	89	30.40	20.32	19.62	29.66	0.00	0.00
FBC	90	30.25	20.22	19.02	30.50	0.00	0.00
FBC	91	30.75	19.87	18.92	30.45	0.00	0.00
FBC	92	31.65	22.12	17.32	28.91	0.00	0.00
FBC	93	28.61	20.77	19.47	31.15	0.00	0.00
FBC	94	29.36	19.82	19.77	31.05	0.00	0.00
FBC	95	31.20	20.12	18.47	30.20	0.00	0.00
FBC	96	28.31	20.12	19.47	32.10	0.00	0.00
FBC	97	31.90	19.17	18.57	30.35	0.00	0.00
FBC	98	29.46	19.92	17.72	32.90	0.00	0.00
FBC	99	31.00	20.27	18.52	30.20	0.00	0.00
FBC	100	30.95	20.07	18.57	30.40	0.00	0.00
FBC	101	29.66	19.32	19.52	31.50	0.00	0.00
FBC	102	29.66	20.22	18.62	31.50	0.00	0.00
FBC	103	29.86	19.27	19.57	31.30	0.00	0.00
FBC	104	31.25	19.87	19.47	29.41	0.00	0.00
FBC	105	30.70	20.17	19.27	29.86	0.00	0.00
FBC	106	30.80	21.72	17.27	30.20	0.00	0.00
FBC	107	32.80	20.67	17.57	28.96	0.00	0.00
FBC	108	29.81	18.97	19.27	31.95	0.00	0.00
FBC	109	31.55	20.57	17.47	30.40	0.00	0.00
FBC	110	30.55	20.02	19.97	29.46	0.00	0.00
FBC	111	29.26	21.12	17.97	31.65	0.00	0.00
FBC	112	31.20	18.82	18.97	31.00	0.00	0.00
FBC	113	30.35	21.02	18.52	30.10	0.00	0.00
FBC	114	30.55	20.62	18.22	30.60	0.00	0.00
FBC	115	30.30	19.72	18.07	31.90	0.00	0.00
FBC	116	34.95	18.77	18.67	27.61	0.00	0.00
FBC	117	29.91	19.47	19.42	31.20	0.00	0.00
FBC	118	32.20	18.82	18.92	30.05	0.00	0.00
FBC	119	31.40	19.07	18.97	30.55	0.00	0.00
FBC	120	32.20	19.92	20.27	27.61	0.00	0.00
FBC	121	30.65	20.32	19.72	29.31	0.00	0.00
FBC	122	29.76	19.92	19.27	31.05	0.00	0.00
FBC	123	31.90	20.72	18.67	28.71	0.00	0.00
FBC	124	31.85	20.37	18.57	29.21	0.00	0.00
FBC	125	30.55	19.42	18.27	31.75	0.00	0.00
FBC	126	32.55	19.37	19.17	28.91	0.00	0.00
FBC	127	30.60	19.77	19.77	29.86	0.00	0.00
FBC	128	29.76	20.37	18.87	31.00	0.00	0.00
FBC	129	31.50	20.07	18.37	30.05	0.00	0.00
FBC	130	30.40	18.87	19.27	31.45	0.00	0.00
FBC	131	30.65	19.97	19.07	30.30	0.00	0.00
FBC	132	29.86	20.22	18.02	31.90	0.00	0.00
FBC	133	30.65	19.47	20.62	29.26	0.00	0.00
FBC	134	32.75	18.52	19.22	29.51	0.00	0.00
FBC	135	29.51	20.77	19.07	30.65	0.00	0.00
FBC	136	31.15	19.27	18.72	30.85	0.00	0.00
FBC	137	30.60	19.87	19.87	29.66	0.00	0.00
FBC	138	30.85	20.67	17.62	30.85	0.00	0.00
FBC	139	30.55	19.07	19.77	30.60	0.00	0.00
FBC	140	32.35	18.27	17.92	31.45	0.00	0.00
FBC	141	31.05	20.02	17.62	31.30	0.00	0.00
FBC	142	32.10	18.47	18.47	30.95	0.00	0.00
FBC	143	30.05	20.12	17.57	32.25	0.00	0.00
FBC	144	32.25	17.92	18.57	31.25	0.00	0.00
FBC	145	31.25	20.87	19.22	28.66	0.00	0.00
FBC	146	29.46	20.27	18.97	31.30	0.00	0.00
FBC	147	30.90	17.82	18.77	32.50	0.00	0.00
FBC	148	31.80	20.02	19.67	28.51	0.00	0.00
FBC	149	29.86	19.67	18.62	31.85	0.00	0.00
FBC	150	30.80	21.17	18.32	29.71	0.00	0.00
# ACGT raw counters for first fragments. Use `grep ^FTC | cut -f 2-` to extract this part. The columns are: A,C,G,T,N base counters
FTC	92179	60000	56472	91799	0
# ACGT content per cycle for last fragments. Use `grep ^LBC | cut -f 2-` to extract this part. The columns are: cycle; A,C,G,T base counts as a percentage of all A/C/G/T bases [%]; and N and O counts as a percentage of all A/C/G/T bases [%]
LBC	1	29.16	20.62	19.37	30.85	0.00	0.00
LBC	2	31.80	19.72	19.32	29.16	0.00	0.00
LBC	3	31.75	20.22	18.32	29.71	0.00	0.00
LBC	4	30.90	19.97	18.17	30.95	0.00	0.00
LBC	5	28.46	20.57	19.92	31.05	0.00	0.00
LBC	6	28.91	19.87	18.77	32.45	0.00	0.00
LBC	7	29.76	19.82	18.87	31.55	0.00	0.00
LBC	8	30.85	19.12	18.02	32.00	0.00	0.00
LBC	9	29.06	20.47	19.37	31.10	0.00	0.00
LBC	10	28.91	22.37	18.47	30.25	0.00	0.00
LBC	11	29.96	19.82	20.12	30.10	0.00	0.00
LBC	12	30.30	21.22	18.97	29.51	0.00	0.00
LBC	13	31.60	18.67	17.72	32.00	0.00	0.00
LBC	14	29.86	20.02	18.47	31.65	0.00	0.00
LBC	15	32.45	18.52	19.02	30.00	0.00	0.00
LBC	16	30.10	19.47	18.97	31.45	0.00	0.00
LBC	17	29.76	20.47	18.77	31.00	0.00	0.00
LBC	18	30.20	20.47	18.42	30.90	0.00	0.00
LBC	19	29.91	20.02	19.27	30.80	0.00	0.00
LBC	20	29.96	20.52	19.47	30.05	0.00	0.00
LBC	21	29.11	20.47	19.72	30.70	0.00	0.00
LBC	22	29.91	20.17	19.27	30.65	0.00	0.00
LBC	23	31.85	20.92	17.62	29.61	0.00	0.00
LBC	24	29.96	19.52	19.42	31.10	0.00	0.00
LBC	25	31.85	19.77	18.57	29.81	0.00	0.00
LBC	26	30.45	19.47	19.47	30.60	0.00	0.00
LBC	27	31.35	19.37	18.57	30.70	0.00	0.00
LBC	28	33.05	17.67	19.37	29.91	0.00	0.00
LBC	29	30.10	20.57	19.67	29.66	0.00	0.00
LBC	30	29.71	20.62	19.97	29.71	0.00	0.00
LBC	31	29.71	20.22	19.17	30.90	0.00	0.00
LBC	32	30.15	21.42	19.87	28.56	0.00	0.00
LBC	33	31.40	19.82	17.42	31.35	0.00	0.00
LBC	34	32.00	20.82	17.82	29.36	0.00	0.00
LBC	35	30.65	22.42	17.42	29.51	0.00	0.00
LBC	36	29.61	18.87	20.12	31.40	0.00	0.00
LBC	37	33.10	17.87	17.77	31.25	0.00	0.00
LBC	38	31.30	21.42	17.22	30.05	0.00	0.00
LBC	39	29.16	21.12	18.97	30.75	0.00	0.00
LBC	40	31.65	20.22	17.92	30.20	0.00	0.00
LBC	41	30.20	20.47	20.07	29.26	0.00	0.00
LBC	42	31.15	19.12	19.52	30.20	0.00	0.00
LBC	43	29.91	17.82	20.92	31.35	0.00	0.00
LBC	44	29.61	20.12	19.17	31.10	0.00	0.00
LBC	45	31.05	19.42	18.77	30.75	0.00	0.00
LBC	46	30.85	20.02	18.82	30.30	0.00	0.00
LBC	47	31.45	20.02	19.07	29.46	0.00	0.00
LBC	48	28.01	21.87	19.12	31.00	0.00	0.00
LBC	49	29.66	19.92	20.27	30.15	0.00	0.00
LBC	50	30.10	19.37	18.47	32.05	0.00	0.00
LBC	51	29.26	21.02	19.52	30.20	0.00	0.00
LBC	52	30.65	20.17	17.12	32.05	0.00	0.00
LBC	53	29.21	19.77	20.17	30.85	0.00	0.00
LBC	54	28.31	19.47	19.67	32.55	0.00	0.00
LBC	55	29.36	20.27	19.62	30.75	0.00	0.00
LBC	56	28.66	20.17	19.22	31.95	0.00	0.00
LBC	57	29.41	18.82	18.27	33.50	0.00	0.00
LBC	58	30.00	20.72	17.47	31.80	0.00	0.00
LBC	59	31.75	19.92	17.72	30.60	0.00	0.00
LBC	60	29.61	20.87	17.42	32.10	0.00	0.00
LBC	61	32.75	19.57	17.72	29.96	0.00	0.00
LBC	62	31.60	18.17	18.87	31.35	0.00	0.00
LBC	63	30.20	20.22	17.27	32.30	0.00	0.00
LBC	64	29.16	20.37	18.42	32.05	0.00	0.00
LBC	65	30.15	18.37	20.27	31.20	0.00	0.00
LBC	66	29.71	21.72	18.57	30.00	0.00	0.00
LBC	67	31.85	19.27	18.32	30.55	0.00	0.00
LBC	68	32.80	20.52	18.82	27.86	0.00	0.00
LBC	69	29.96	20.57	18.67	30.80	0.00	0.00
LBC	70	29.31	20.12	18.57	32.00	0.00	0.00
LBC	71	32.90	19.77	17.02	30.30	0.00	0.00
LBC	72	31.15	19.32	20.67	28.86	0.00	0.00
LBC	73	31.25	19.42	17.37	31.95	0.00	0.00
LBC	74	31.65	19.32	18.52	30.50	0.00	0.00
LBC	75	30.35	21.32	18.02	30.30	0.00	0.00
LBC	76	32.25	18.62	18.27	30.85	0.00	0.00
LBC	77	30.45	19.72	20.62	29.21	0.00	0.00
LBC	78	31.45	19.47	18.27	30.80	0.00	0.00
LBC	79	31.15	19.12	18.42	31.30	0.00	0.00
LBC	80	26.76	22.67	19.32	31.25	0.00	0.00
LBC	81	29.66	19.92	19.07	31.35	0.00	0.00
LBC	82	30.70	20.02	18.62	30.65	0.00	0.00
LBC	83	31.60	18.67	18.57	31.15	0.00	0.00
LBC	84	30.10	21.12	18.17	30.60	0.00	0.00
LBC	85	31.85	19.57	17.32	31.25	0.00	0.00
LBC	86	29.91	21.62	17.32	31.15	0.00	0.00
LBC	87	30.15	19.67	19.22	30.95	0.00	0.00
LBC	88	30.65	20.42	19.57	29.36	0.00	0.00
LBC	89	29.16	21.42	17.67	31.75	0.00	0.00
LBC	90	32.10	17.92	20.47	29.51	0.00	0.00
LBC	91	29.86	20.87	18.92	30.35	0.00	0.00
LBC	92	28.41	20.52	20.52	30.55	0.00	0.00
LBC	93	31.25	19.57	19.07	30.10	0.00	0.00
LBC	94	28.61	21.77	20.67	28.96	0.00	0.00
LBC	95	30.30	19.92	17.37	32.40	0.00	0.00
LBC	96	29.51	19.92	18.52	32.05	0.00	0.00
LBC	97	29.36	19.77	18.97	31.90	0.00	0.00
LBC	98	29.86	20.87	18.32	30.95	0.00	0.00
LBC	99	30.90	20.62	18.42	30.05	0.00	0.00
LBC	100	30.95	18.17	18.42	32.45	0.00	0.00
LBC	101	30.05	19.97	18.57	31.40	0.00	0.00
LBC	102	28.76	20.97	19.37	30.90	0.00	0.00
LBC	103	31.75	19.12	19.47	29.66	0.00	0.00
LBC	104	31.65	19.47	19.87	29.01	0.00	0.00
LBC	105	32.85	19.72	19.42	28.01	0.00	0.00
LBC	106	29.76	18.22	19.12	32.90	0.00	0.00
LBC	107	30.95	20.97	18.17	29.91	0.00	0.00
LBC	108	30.35	19.92	18.12	31.60	0.00	0.00
LBC	109	28.61	19.92	18.32	33.15	0.00	0.00
LBC	110	29.26	21.07	18.87	30.80	0.00	0.00
LBC	111	29.31	21.17	18.07	31.45	0.00	0.00
LBC	112	30.55	19.47	19.82	30.15	0.00	0.00
LBC	113	29.06	21.27	20.02	29.66	0.00	0.00
LBC	114	28.56	19.37	20.77	31.30	0.00	0.00
LBC	115	30.40	20.67	17.67	31.25	0.00	0.00
LBC	116	28.26	21.32	18.92	31.50	0.00	0.00
LBC	117	28.66	20.52	17.17	33.65	0.00	0.00
LBC	118	29.36	19.07	19.12	32.45	0.00	0.00
LBC	119	30.15	19.97	19.42	30.45	0.00	0.00
LBC	120	29.76	20.52	18.97	30.75	0.00	0.00
LBC	121	31.40	18.62	19.12	30.85	0.00	0.00
LBC	122	28.66	20.52	18.02	32.80	0.00	0.00
LBC	123	31.00	20.17	19.17	29.66	0.00	0.00
LBC	124	30.50	19.67	17.97	31.85	0.00	0.00
LBC	125	31.95	20.97	17.42	29.66	0.00	0.00
LBC	126	29.76	22.62	17.82	29.81	0.00	0.00
LBC	127	29.86	21.77	17.22	31.15	0.00	0.00
LBC	128	32.25	19.77	17.32	30.65	0.00	0.00
LBC	129	28.56	20.87	19.52	31.05	0.00	0.00
LBC	130	31.05	19.17	18.72	31.05	0.00	0.00
LBC	131	29.01	20.12	19.77	31.10	0.00	0.00
LBC	132	31.35	19.32	17.67	31.65	0.00	0.00
LBC	133	30.85	20.87	16.58	31.70	0.00	0.00
LBC	134	31.10	18.82	19.87	30.20	0.00	0.00
LBC	135	29.26	20.37	19.67	30.70	0.00	0.00
LBC	136	31.00	19.47	19.07	30.45	0.00	0.00
LBC	137	31.05	19.67	18.47	30.80	0.00	0.00
LBC	138	31.15	19.82	19.17	29.86	0.00	0.00
LBC	139	30.75	21.27	17.67	30.30	0.00	0.00
LBC	140	30.35	19.92	18.87	30.85	0.00	0.00
LBC	141	29.91	18.32	19.52	32.25	0.00	0.00
LBC	142	30.50	18.27	20.17	31.05	0.00	0.00
LBC	143	29.41	20.82	18.02	31.75	0.00	0.00
LBC	144	31.85	19.32	17.02	31.80	0.00	0.00
LBC	145	29.81	19.57	19.27	31.35	0.00	0.00
LBC	146	31.10	21.17	19.07	28.66	0.00	0.00
LBC	147	31.20	18.07	18.12	32.60	0.00	0.00
LBC	148	30.35	19.17	19.47	31.00	0.00	0.00
LBC	149	29.36	19.37	19.57	31.70	0.00	0.00
LBC	150	31.00	20.37	19.67	28.96	0.00	0.00
# ACGT raw counters for last fragments. Use `grep ^LTC | cut -f 2-` to extract this part. The columns are: A,C,G,T,N base counters
LTC	91199	60190	56470	92591	0
# Insert sizes. Use `grep ^IS | cut -f 2-` to extract this part. The columns are: insert size, pairs total, inward oriented pairs, outward oriented pairs, other pairs
IS	0	0	0	0	0
IS	1	0	0	0	0
IS	2	0	0	0	0
IS	3	0	0	0	0
IS	4	0	0	0	0
IS	5	0	0	0	0
IS	6	0	0	0	0
IS	7	0	0	0	0
IS	8	0	0	0	0
IS	9	0	0	0	0
IS	10	0	0	0	0
IS	11	0	0	0	0
IS	12	0	0	0	0
IS	13	0	0	0	0
IS	14	0	0	0	0
IS	15	0	0	0	0
IS	16	0	0	0	0
IS	17	0	0	0	0
IS	18	0	0	0	0
IS	19	0	0	0	0
IS	20	0	0	0	0
IS	21	0	0	0	0
IS	22	0	0	0	0
IS	23	0	0	0	0
IS	24	0	0	0	0
IS	25	0	0	0	0
IS	26	0	0	0	0
IS	27	0	0	0	0
IS	28	0	0	0	0
IS	29	0	0	0	0
IS	30	0	0	0	0
IS	31	0	0	0	0
IS	32	0	0	0	0
IS	33	0	0	0	0
IS	34	0	0	0	0
IS	35	0	0	0	0
IS	36	0	0	0	0
IS	37	0	0	0	0
IS	38	0	0	0	0
IS	39	0	0	0	0
IS	40	0	0	0	0
IS	41	0	0	0	0
IS	42	0	0	0	0
IS	43	0	0	0	0
IS	44	0	0	0	0
IS	45	0	0	0	0
IS	46	0	0	0	0
IS	47	0	0	0	0
IS	48	0	0	0	0
IS	49	0	0	0	0
IS	50	0	0	0	0
IS	51	0	0	0	0
IS	52	0	0	0	0
IS	53	0	0	0	0
IS	54	0	0	0	0
IS	55	0	0	0	0
IS	56	0	0	0	0
IS	57	0	0	0	0
IS	58	0	0	0	0
IS	59	0	0	0	0
IS	60	0	0	0	0
IS	61	0	0	0	0
IS	62	0	0	0	0
IS	63	0	0	0	0
IS	64	0	0	0	0
IS	65	0	0	0	0
IS	66	0	0	0	0
IS	67	0	0	0	0
IS	68	0	0	0	0
IS	69	0	0	0	0
IS	70	0	0	0	0
IS	71	0	0	0	0
IS	72	0	0	0	0
IS	73	0	0	0	0
IS	74	0	0	0	0
IS	75	0	0	0	0
IS	76	0	0	0	0
IS	77	0	0	0	0
IS	78	0	0	0	0
IS	79	0	0	0	0
IS	80	0	0	0	0
IS	81	0	0	0	0
IS	82	0	0	0	0
IS	83	0	0	0	0
IS	84	0	0	0	0
IS	85	0	0	0	0
IS	86	0	0	0	0
IS	87	0	0	0	0
IS	88	0	0	0	0
IS	89	0	0	0	0
IS	90	0	0	0	0
IS	91	0	0	0	0
IS	92	0	0	0	0
IS	93	0	0	0	0
IS	94	0	0	0	0
IS	95	0	0	0	0
IS	96	0	0	0	0
IS	97	0	0	0	0
IS	98	0	0	0	0
IS	99	0	0	0	0
IS	100	0	0	0	0
IS	101	0	0	0	0
IS	102	0	0	0	0
IS	103	0	0	0	0
IS	104	0	0	0	0
IS	105	0	0	0	0
IS	106	0	0	0	0
IS	107	0	0	0	0
IS	108	0	0	0	0
IS	109	0	0	0	0
IS	110	0	0	0	0
IS	111	0	0	0	0
IS	112	0	0	0	0
IS	113	0	0	0	0
IS	114	0	0	0	0
IS	115	0	0	0	0
IS	116	0	0	0	0
IS	117	0	0	0	0
IS	118	0	0	0	0
IS	119	0	0	0	0
IS	120	0	0	0	0
IS	121	0	0	0	0
IS	122	0	0	0	0
IS	123	0	0	0	0
IS	124	0	0	0	0
IS	125	0	0	0	0
IS	126	0	0	0	0
IS	127	0	0	0	0
IS	128	0	0	0	0
IS	129	0	0	0	0
IS	130	0	0	0	0
IS	131	0	0	0	0
IS	132	0	0	0	0
IS	133	0	0	0	0
IS	134	0	0	0	0
IS	135	0	0	0	0
IS	136	0	0	0	0
IS	137	0	0	0	0
IS	138	0	0	0	0
IS	139	0	0	0	0
IS	140	0	0	0	0
IS	141	0	0	0	0
IS	142	0	0	0	0
IS	143	0	0	0	0
IS	144	0	0	0	0
IS	145	0	0	0	0
IS	146	0	0	0	0
IS	147	0	0	0	0
IS	148	0	0	0	0
IS	149	0	0	0	0
IS	150	0	0	0	0
IS	151	0	0	0	0
IS	152	0	0	0	0
IS	153	0	0	0	0
IS	154	0	0	0	0
IS	155	0	0	0	0
IS	156	0	0	0	0
IS	157	0	0	0	0
IS	158	0	0	0	0
IS	159	0	0	0	0
IS	160	0	0	0	0
IS	161	0	0	0	0
IS	162	0	0	0	0
IS	163	0	0	0	0
IS	164	0	0	0	0
IS	165	0	0	0	0
IS	166	0	0	0	0
IS	167	0	0	0	0
IS	168	0	0	0	0
IS	169	0	0	0	0
IS	170	0	0	0	0
IS	171	0	0	0	0
IS	172	0	0	0	0
IS	173	0	0	0	0
IS	174	0	0	0	0
IS	175	0	0	0	0
IS	176	0	0	0	0
IS	177	0	0	0	0
IS	178	0	0	0	0
IS	179	0	0	0	0
IS	180	0	0	0	0
IS	181	0	0	0	0
IS	182	0	0	0	0
IS	183	0	0	0	0
IS	184	0	0	0	0
IS	185	0	0	0	0
IS	186	0	0	0	0
IS	187	0	0	0	0
IS	188	0	0	0	0
IS	189	0	0	0	0
IS	190	0	0	0	0
IS	191	0	0	0	0
IS	192	0	0	0	0
IS	193	0	0	0	0
IS	194	0	0	0	0
IS	195	0	0	0	0
IS	196	0	0	0	0
IS	197	0	0	0	0
IS	198	0	0	0	0
IS	199	0	0	0	0
IS	200	0	0	0	0
IS	201	0	0	0	0
IS	202	0	0	0	0
IS	203	0	0	0	0
IS	204	0	0	0	0
IS	205	0	0	0	0
IS	206	0	0	0	0
IS	207	0	0	0	0
IS	208	0	0	0	0
IS	209	0	0	0	0
IS	210	0	0	0	0
IS	211	0	0	0	0
IS	212	0	0	0	0
IS	213	0	0	0	0
IS	214	0	0	0	0
IS	215	0	0	0	0
IS	216	0	0	0	0
IS	217	0	0	0	0
IS	218	0	0	0	0
IS	219	0	0	0	0
IS	220	0	0	0	0
IS	221	0	0	0	0
IS	222	0	0	0	0
IS	223	0	0	0	0
IS	224	0	0	0	0
IS	225	0	0	0	0
IS	226	0	0	0	0
IS	227	0	0	0	0
IS	228	0	0	0	0
IS	229	0	0	0	0
IS	230	0	0	0	0
IS	231	0	0	0	0
IS	232	0	0	0	0
IS	233	0	0	0	0
IS	234	0	0	0	0
IS	235	0	0	0	0
IS	236	0	0	0	0
IS	237	0	0	0	0
IS	238	0	0	0	0
IS	239	0	0	0	0
IS	240	0	0	0	0
IS	241	0	0	0	0
IS	242	0	0	0	0
IS	243	0	0	0	0
IS	244	0	0	0	0
IS	245	0	0	0	0
IS	246	0	0	0	0
IS	247	0	0	0	0
IS	248	0	0	0	0
IS	249	0	0	0	0
IS	250	0	0	0	0
IS	251	0	0	0	0
IS	252	0	0	0	0
IS	253	0	0	0	0
IS	254	0	0	0	0
IS	255	0	0	0	0
IS	256	0	0	0	0
IS	257	0	0	0	0
IS	258	0	0	0	0
IS	259	0	0	0	0
IS	260	0	0	0	0
IS	261	0	0	0	0
IS	262	0	0	0	0
IS	263	0	0	0	0
IS	264	0	0	0	0
IS	265	0	0	0	0
IS	266	0	0	0	0
IS	267	0	0	0	0
IS	268	0	0	0	0
IS	269	0	0	0	0
IS	270	0	0	0	0
IS	271	0	0	0	0
IS	272	0	0	0	0
IS	273	0	0	0	0
IS	274	0	0	0	0
IS	275	0	0	0	0
IS	276	0	0	0	0
IS	277	0	0	0	0
IS	278	0	0	0	0
IS	279	0	0	0	0
IS	280	0	0	0	0
IS	281	0	0	0	0
IS	282	0	0	0	0
IS	283	0	0	0	0
IS	284	0	0	0	0
IS	285	0	0	0	0
IS	286	0	0	0	0
IS	287	0	0	0	0
IS	288	0	0	0	0
IS	289	0	0	0	0
IS	290	0	0	0	0
IS	291	0	0	0	0
IS	292	0	0	0	0
IS	293	0	0	0	0
IS	294	0	0	0	0
IS	295	0	0	0	0
IS	296	0	0	0	0
IS	297	0	0	0	0
IS	298	0	0	0	0
IS	299	0	0	0	0
IS	300	0	0	0	0
IS	301	0	0	0	0
IS	302	0	0	0	0
IS	303	0	0	0	0
IS	304	0	0	0	0
IS	305	0	0	0	0
IS	306	0	0	0	0
IS	307	0	0	0	0
IS	308	0	0	0	0
IS	309	0	0	0	0
IS	310	0	0	0	0
IS	311	0	0	0	0
IS	312	0	0	0	0
IS	313	0	0	0	0
IS	314	0	0	0	0
IS	315	0	0	0	0
IS	316	0	0	0	0
IS	317	0	0	0	0
IS	318	0	0	0	0
IS	319	0	0	0	0
IS	320	0	0	0	0
IS	321	0	0	0	0
IS	322	0	0	0	0
IS	323	0	0	0	0
IS	324	0	0	0	0
IS	325	0	0	0	0
IS	326	0	0	0	0
IS	327	0	0	0	0
IS	328	0	0	0	0
IS	329	1	1	0	0
IS	330	0	0	0	0
IS	331	0	0	0	0
IS	332	1	1	0	0
IS	333	1	1	0	0
IS	334	0	0	0	0
IS	335	0	0	0	0
IS	336	0	0	0	0
IS	337	1	1	0	0
IS	338	0	0	0	0
IS	339	0	0	0	0
IS	340	0	0	0	0
IS	341	0	0	0	0
IS	342	0	0	0	0
IS	343	0	0	0	0
IS	344	0	0	0	0
IS	345	0	0	0	0
IS	346	0	0	0	0
IS	347	0	0	0	0
IS	348	0	0	0	0
IS	349	0	0	0	0
IS	350	0	0	0	0
IS	351	0	0	0	0
IS	352	1	1	0	0
IS	353	0	0	0	0
IS	354	0	0	0	0
IS	355	1	1	0	0
IS	356	0	0	0	0
IS	357	1	1	0	0
IS	358	0	0	0	0
IS	359	1	1	0	0
IS	360	0	0	0	0
IS	361	0	0	0	0
IS	362	0	0	0	0
IS	363	0	0	0	0
IS	364	1	1	0	0
IS	365	0	0	0	0
IS	366	0	0	0	0
IS	367	0	0	0	0
IS	368	1	1	0	0
IS	369	1	1	0	0
IS	370	1	1	0	0
IS	371	0	0	0	0
IS	372	0	0	0	0
IS	373	0	0	0	0
IS	374	0	0	0	0
IS	375	1	1	0	0
IS	376	0	0	0	0
IS	377	0	0	0	0
IS	378	0	0	0	0
IS	379	1	1	0	0
IS	380	1	1	0	0
IS	381	1	1	0	0
IS	382	1	1	0	0
IS	383	1	1	0	0
IS	384	1	1	0	0
IS	385	2	2	0	0
IS	386	1	1	0	0
IS	387	0	0	0	0
IS	388	2	2	0	0
IS	389	4	4	0	0
IS	390	3	3	0	0
IS	391	1	1	0	0
IS	392	1	1	0	0
IS	393	1	1	0	0
IS	394	3	3	0	0
IS	395	1	1	0	0
IS	396	2	2	0	0
IS	397	2	2	0	0
IS	398	1	1	0	0
IS	399	3	3	0	0
IS	400	1	1	0	0
IS	401	3	3	0	0
IS	402	4	4	0	0
IS	403	3	3	0	0
IS	404	4	4	0	0
IS	405	6	6	0	0
IS	406	1	1	0	0
IS	407	2	2	0	0
IS	408	1	1	0	0
IS	409	4	4	0	0
IS	410	4	4	0	0
IS	411	3	3	0	0
IS	412	3	3	0	0
IS	413	1	1	0	0
IS	414	1	1	0	0
IS	415	3	3	0	0
IS	416	5	5	0	0
IS	417	4	4	0	0
IS	418	1	1	0	0
IS	419	6	6	0	0
IS	420	4	4	0	0
IS	421	4	4	0	0
IS	422	6	6	0	0
IS	423	7	7	0	0
IS	424	3	3	0	0
IS	425	5	5	0	0
IS	426	4	4	0	0
IS	427	4	4	0	0
IS	428	5	5	0	0
IS	429	5	5	0	0
IS	430	7	7	0	0
IS	431	7	7	0	0
IS	432	7	7	0	0
IS	433	4	4	0	0
IS	434	6	6	0	0
IS	435	10	10	0	0
IS	436	10	10	0	0
IS	437	10	10	0	0
IS	438	7	7	0	0
IS	439	8	8	0	0
IS	440	5	5	0	0
IS	441	6	6	0	0
IS	442	6	6	0	0
IS	443	6	6	0	0
IS	444	8	8	0	0
IS	445	2	2	0	0
IS	446	16	16	0	0
IS	447	8	8	0	0
IS	448	13	13	0	0
IS	449	7	7	0	0
IS	450	9	9	0	0
IS	451	11	11	0	0
IS	452	7	7	0	0
IS	453	13	13	0	0
IS	454	18	18	0	0
IS	455	11	11	0	0
IS	456	8	8	0	0
IS	457	12	12	0	0
IS	458	6	6	0	0
IS	459	9	9	0	0
IS	460	11	11	0	0
IS	461	13	13	0	0
IS	462	9	9	0	0
IS	463	14	14	0	0
IS	464	18	18	0	0
IS	465	16	16	0	0
IS	466	14	14	0	0
IS	467	8	8	0	0
IS	468	20	20	0	0
IS	469	14	14	0	0
IS	470	9	9	0	0
IS	471	17	17	0	0
IS	472	15	15	0	0
IS	473	9	9	0	0
IS	474	12	12	0	0
IS	475	14	14	0	0
IS	476	15	15	0	0
IS	477	19	19	0	0
IS	478	5	5	0	0
IS	479	19	19	0	0
IS	480	12	12	0	0
IS	481	18	18	0	0
IS	482	18	18	0	0
IS	483	14	14	0	0
IS	484	13	13	0	0
IS	485	19	19	0	0
IS	486	12	12	0	0
IS	487	7	7	0	0
IS	488	22	22	0	0
IS	489	19	19	0	0
IS	490	21	21	0	0
IS	491	17	17	0	0
IS	492	11	11	0	0
IS	493	20	20	0	0
IS	494	21	21	0	0
IS	495	11	11	0	0
IS	496	21	21	0	0
IS	497	7	7	0	0
IS	498	15	15	0	0
IS	499	11	11	0	0
IS	500	21	21	0	0
IS	501	18	18	0	0
IS	502	14	14	0	0
IS	503	15	15	0	0
IS	504	21	21	0	0
IS	505	14	14	0	0
IS	506	12	12	0	0
IS	507	13	13	0	0
IS	508	15	15	0	0
IS	509	8	8	0	0
IS	510	20	20	0	0
IS	511	13	13	0	0
IS	512	22	22	0	0
IS	513	16	16	0	0
IS	514	9	9	0	0
IS	515	18	18	0	0
IS	516	14	14	0	0
IS	517	14	14	0	0
IS	518	18	18	0	0
IS	519	20	20	0	0
IS	520	11	11	0	0
IS	521	11	11	0	0
IS	522	16	16	0	0
IS	523	15	15	0	0
IS	524	12	12	0	0
IS	525	8	8	0	0
IS	526	15	15	0	0
IS	527	17	17	0	0
IS	528	17	17	0	0
IS	529	15	15	0	0
IS	530	10	10	0	0
IS	531	10	10	0	0
IS	532	14	14	0	0
IS	533	10	10	0	0
IS	534	10	10	0	0
IS	535	18	18	0	0
IS	536	15	15	0	0
IS	537	13	13	0	0
IS	538	10	10	0	0
IS	539	13	13	0	0
IS	540	10	10	0	0
IS	541	10	10	0	0
IS	542	14	14	0	0
IS	543	13	13	0	0
IS	544	8	8	0	0
IS	545	16	16	0	0
IS	546	8	8	0	0
IS	547	11	11	0	0
IS	548	9	9	0	0
IS	549	8	8	0	0
IS	550	5	5	0	0
IS	551	8	8	0	0
IS	552	11	11	0	0
IS	553	5	5	0	0
IS	554	8	8	0	0
IS	555	6	6	0	0
IS	556	15	15	0	0
IS	557	10	10	0	0
IS	558	8	8	0	0
IS	559	12	12	0	0
IS	560	7	7	0	0
IS	561	6	6	0	0
IS	562	10	10	0	0
IS	563	8	8	0	0
IS	564	9	9	0	0
IS	565	7	7	0	0
IS	566	5	5	0	0
IS	567	13	13	0	0
IS	568	4	4	0	0
IS	569	6	6	0	0
IS	570	4	4	0	0
IS	571	4	4	0	0
IS	572	9	9	0	0
IS	573	5	5	0	0
IS	574	6	6	0	0
IS	575	7	7	0	0
IS	576	2	2	0	0
IS	577	7	7	0	0
IS	578	11	11	0	0
IS	579	6	6	0	0
IS	580	5	5	0	0
IS	581	4	4	0	0
IS	582	5	5	0	0
IS	583	2	2	0	0
IS	584	4	4	0	0
IS	585	2	2	0	0
IS	586	6	6	0	0
IS	587	6	6	0	0
IS	588	4	4	0	0
IS	589	3	3	0	0
IS	590	4	4	0	0
IS	591	3	3	0	0
IS	592	1	1	0	0
IS	593	3	3	0	0
IS	594	4	4	0	0
IS	595	1	1	0	0
IS	596	3	3	0	0
IS	597	4	4	0	0
IS	598	1	1	0	0
IS	599	2	2	0	0
IS	600	1	1	0	0
IS	601	4	4	0	0
IS	602	0	0	0	0
IS	603	3	3	0	0
IS	604	2	2	0	0
IS	605	3	3	0	0
IS	606	1	1	0	0
IS	607	3	3	0	0
IS	608	3	3	0	0
# Read lengths. Use `grep ^RL | cut -f 2-` to extract this part. The columns are: read length, count
RL	150	4006
# Read lengths - first fragments. Use `grep ^FRL | cut -f 2-` to extract this part. The columns are: read length, count
FRL	150	2003
# Read lengths - last fragments. Use `grep ^LRL | cut -f 2-` to extract this part. The columns are: read length, count
LRL	150	2003
# Mapping qualities for reads !(UNMAP|SECOND|SUPPL|QCFAIL|DUP). Use `grep ^MAPQ | cut -f 2-` to extract this part. The columns are: mapq, count
MAPQ	0	20
MAPQ	15	2
MAPQ	27	14
MAPQ	33	2
MAPQ	40	31
MAPQ	46	3
MAPQ	47	6
MAPQ	48	35
MAPQ	50	3
MAPQ	52	1
MAPQ	57	12
MAPQ	59	1
MAPQ	60	3876
# Indel distribution. Use `grep ^ID | cut -f 2-` to extract this part. The columns are: length, number of insertions, number of deletions
# Indels per cycle. Use `grep ^IC | cut -f 2-` to extract this part. The columns are: cycle, number of insertions (fwd), .. (rev) , number of deletions (fwd), .. (rev)
# Coverage distribution. Use `grep ^COV | cut -f 2-` to extract this part.
COV	[1-1]	1	5610
COV	[2-2]	2	10015
COV	[3-3]	3	14904
COV	[4-4]	4	18659
COV	[5-5]	5	20032
COV	[6-6]	6	17300
COV	[7-7]	7	12747
COV	[8-8]	8	8473
COV	[9-9]	9	4366
COV	[10-10]	10	2793
COV	[11-11]	11	1573
COV	[12-12]	12	508
COV	[13-13]	13	208
COV	[14-14]	14	98
COV	[15-15]	15	16
# GC-depth. Use `grep ^GCD | cut -f 2-` to extract this part. The columns are: GC%, unique sequence percentiles, 10th, 25th, 50th, 75th and 90th depth percentile
GCD	0.0	15.385	0.000	0.000	0.000	0.000	0.000
GCD	37.0	23.077	2.490	2.490	2.490	2.490	2.490
GCD	38.0	53.846	2.505	2.505	2.505	2.505	2.505
GCD	39.0	84.615	2.505	2.505	2.505	2.505	2.505
GCD	40.0	92.308	2.505	2.505	2.505	2.505	2.505
GCD	45.0	100.000	2.505	2.505	2.505	2.505	2.505
