# This file was produced by samtools stats (1.20+htslib-1.21) and can be plotted using plot-bamstats
# This file contains statistics for all reads.
# The command line was:  stats sample3792.sorted.group.rmdup.bam
# CHK, Checksum	[2]Read Names	[3]Sequences	[4]Qualities
# CHK, CRC32 of reads which passed filtering followed by addition (32bit overflow)
CHK	afccd9a2	41f7a85d	ae59858c
# Summary Numbers. Use `grep ^SN | cut -f 2-` to extract this part.
SN	raw total sequences:	4002	# excluding supplementary and secondary reads
SN	filtered sequences:	0
SN	sequences:	4002
SN	is sorted:	1
SN	1st fragments:	2001
SN	last fragments:	2001
SN	reads mapped:	4002
SN	reads mapped and paired:	4002	# paired-end technology bit set + both mates mapped
SN	reads unmapped:	0
SN	reads properly paired:	4002	# proper-pair bit set
SN	reads paired:	4002	# paired-end technology bit set
SN	reads duplicated:	0	# PCR or optical duplicate bit set
SN	reads MQ0:	12	# mapped and MQ=0
SN	reads QC failed:	0
SN	non-primary alignments:	0
SN	supplementary alignments:	0
SN	total length:	600300	# ignores clipping
SN	total first fragment length:	300150	# ignores clipping
SN	total last fragment length:	300150	# ignores clipping
SN	bases mapped:	600300	# ignores clipping
SN	bases mapped (cigar):	600300	# more accurate
SN	bases trimmed:	0
SN	bases duplicated:	0
SN	mismatches:	969	# from NM fields
SN	error rate:	1.614193e-03	# mismatches / bases mapped (cigar)
SN	average length:	150
SN	average first fragment length:	150
SN	average last fragment length:	150
SN	maximum length:	150
SN	maximum first fragment length:	150
SN	maximum last fragment length:	150
SN	average quality:	30.0
SN	insert size average:	499.5
SN	insert size standard deviation:	48.4
SN	inward oriented pairs:	2001
SN	outward oriented pairs:	0
SN	pairs with other orientation:	0
SN	pairs on different chromosomes:	0
SN	percentage of properly paired reads (%):	100.0
# First Fragment Qualities. Use `grep ^FFQ | cut -f 2-` to extract this part.
# Columns correspond to qualities and rows to cycles. First column is the cycle number.
FFQ	1	0	0	0	0	0	0	0	0	0	0	0	0	0	0	0	0	0	0	0	0	0	0	0	0	0	0	0	0	0	0	2001	0
FFQ	2	0	0	0	0	0	0	0	0	0	0	0	0	0	0	0	0	0	0	0	0	0	0	0	0	0	0	0	0	0	0	2001	0
FFQ	3	0	0	0	0	0	0	0	0	0	0	0	0	0	0	0	0	0	0	0	0	0	0	0	0	0	0	0	0	0	0	2001	0
FFQ	4	0	0	0	0	0	0	0	0	0	0	0	0	0	0	0	0	0	0	0	0	0	0	0	0	0	0	0	0	0	0	2001	0
FFQ	5	0	0	0	0	0	0	0	0	0	0	0	0	0	0	0	0	0	0	0	0	0	0	0	0	0	0	0	0	0	0	2001	0
FFQ	6	0	0	0	0	0	0	0	0	0	0	0	0	0	0	0	0	0	0	0	0	0	0	0	0	0	0	0	0	0	0	2001	0
FFQ	7	0	0	0	0	0	0	0	0	0	0	0	0	0	0	0	0	0	0	0	0	0	0	0	0	0	0	0	0	0	0	2001	0
FFQ	8	0	0	0	0	0	0	0	0	0	0	0	0	0	0	0	0	0	0	0	0	0	0	0	0	0	0	0	0	0	0	2001	0
FFQ	9	0	0	0	0	0	0	0	0	0	0	0	0	0	0	0	0	0	0	0	0	0	0	0	0	0	0	0	0	0	0	2001	0
FFQ	10	0	0	0	0	0	0	0	0	0	0	0	0	0	0	0	0	0	0	0	0	0	0	0	0	0	0	0	0	0	0	2001	0
FFQ	11	0	0	0	0	0	0	0	0	0	0	0	0	0	0	0	0	0	0	0	0	0	0	0	0	0	0	0	0	0	0	2001	0
FFQ	12	0	0	0	0	0	0	0	0	0	0	0	0	0	0	0	0	0	0	0	0	0	0	0	0	0	0	0	0	0	0	2001	0
FFQ	13	0	0	0	0	0	0	0	0	0	0	0	0	0	0	0	0	0	0	0	0	0	0	0	0	0	0	0	0	0	0	2001	0
FFQ	14	0	0	0	0	0	0	0	0	0	0	0	0	0	0	0	0	0	0	0	0	0	0	0	0	0	0	0	0	0	0	2001	0
FFQ	15	0	0	0	0	0	0	0	0	0	0	0	0	0	0	0	0	0	0	0	0	0	0	0	0	0	0	0	0	0	0	2001	0
FFQ	16	0	0	0	0	0	0	0	0	0	0	0	0	0	0	0	0	0	0	0	0	0	0	0	0	0	0	0	0	0	0	2001	0
FFQ	17	0	0	0	0	0	0	0	0	0	0	0	0	0	0	0	0	0	0	0	0	0	0	0	0	0	0	0	0	0	0	2001	0
FFQ	18	0	0	0	0	0	0	0	0	0	0	0	0	0	0	0	0	0	0	0	0	0	0	0	0	0	0	0	0	0	0	2001	0
FFQ	19	0	0	0	0	0	0	0	0	0	0	0	0	0	0	0	0	0	0	0	0	0	0	0	0	0	0	0	0	0	0	2001	0
FFQ	20	0	0	0	0	0	0	0	0	0	0	0	0	0	0	0	0	0	0	0	0	0	0	0	0	0	0	0	0	0	0	2001	0
FFQ	21	0	0	0	0	0	0	0	0	0	0	0	0	0	0	0	0	0	0	0	0	0	0	0	0	0	0	0	0	0	0	2001	0
FFQ	22	0	0	0	0	0	0	0	0	0	0	0	0	0	0	0	0	0	0	0	0	0	0	0	0	0	0	0	0	0	0	2001	0
FFQ	23	0	0	0	0	0	0	0	0	0	0	0	0	0	0	0	0	0	0	0	0	0	0	0	0	0	0	0	0	0	0	2001	0
FFQ	24	0	0	0	0	0	0	0	0	0	0	0	0	0	0	0	0	0	0	0	0	0	0	0	0	0	0	0	0	0	0	2001	0
FFQ	25	0	0	0	0	0	0	0	0	0	0	0	0	0	0	0	0	0	0	0	0	0	0	0	0	0	0	0	0	0	0	2001	0
FFQ	26	0	0	0	0	0	0	0	0	0	0	0	0	0	0	0	0	0	0	0	0	0	0	0	0	0	0	0	0	0	0	2001	0
FFQ	27	0	0	0	0	0	0	0	0	0	0	0	0	0	0	0	0	0	0	0	0	0	0	0	0	0	0	0	0	0	0	2001	0
FFQ	28	0	0	0	0	0	0	0	0	0	0	0	0	0	0	0	0	0	0	0	0	0	0	0	0	0	0	0	0	0	0	2001	0
FFQ	29	0	0	0	0	0	0	0	0	0	0	0	0	0	0	0	0	0	0	0	0	0	0	0	0	0	0	0	0	0	0	2001	0
FFQ	30	0	0	0	0	0	0	0	0	0	0	0	0	0	0	0	0	0	0	0	0	0	0	0	0	0	0	0	0	0	0	2001	0
FFQ	31	0	0	0	0	0	0	0	0	0	0	0	0	0	0	0	0	0	0	0	0	0	0	0	0	0	0	0	0	0	0	2001	0
FFQ	32	0	0	0	0	0	0	0	0	0	0	0	0	0	0	0	0	0	0	0	0	0	0	0	0	0	0	0	0	0	0	2001	0
FFQ	33	0	0	0	0	0	0	0	0	0	0	0	0	0	0	0	0	0	0	0	0	0	0	0	0	0	0	0	0	0	0	2001	0
FFQ	34	0	0	0	0	0	0	0	0	0	0	0	0	0	0	0	0	0	0	0	0	0	0	0	0	0	0	0	0	0	0	2001	0
FFQ	35	0	0	0	0	0	0	0	0	0	0	0	0	0	0	0	0	0	0	0	0	0	0	0	0	0	0	0	0	0	0	2001	0
FFQ	36	0	0	0	0	0	0	0	0	0	0	0	0	0	0	0	0	0	0	0	0	0	0	0	0	0	0	0	0	0	0	2001	0
FFQ	37	0	0	0	0	0	0	0	0	0	0	0	0	0	0	0	0	0	0	0	0	0	0	0	0	0	0	0	0	0	0	2001	0
FFQ	38	0	0	0	0	0	0	0	0	0	0	0	0	0	0	0	0	0	0	0	0	0	0	0	0	0	0	0	0	0	0	2001	0
FFQ	39	0	0	0	0	0	0	0	0	0	0	0	0	0	0	0	0	0	0	0	0	0	0	0	0	0	0	0	0	0	0	2001	0
FFQ	40	0	0	0	0	0	0	0	0	0	0	0	0	0	0	0	0	0	0	0	0	0	0	0	0	0	0	0	0	0	0	2001	0
FFQ	41	0	0	0	0	0	0	0	0	0	0	0	0	0	0	0	0	0	0	0	0	0	0	0	0	0	0	0	0	0	0	2001	0
FFQ	42	0	0	0	0	0	0	0	0	0	0	0	0	0	0	0	0	0	0	0	0	0	0	0	0	0	0	0	0	0	0	2001	0
FFQ	43	0	0	0	0	0	0	0	0	0	0	0	0	0	0	0	0	0	0	0	0	0	0	0	0	0	0	0	0	0	0	2001	0
FFQ	44	0	0	0	0	0	0	0	0	0	0	0	0	0	0	0	0	0	0	0	0	0	0	0	0	0	0	0	0	0	0	2001	0
FFQ	45	0	0	0	0	0	0	0	0	0	0	0	0	0	0	0	0	0	0	0	0	0	0	0	0	0	0	0	0	0	0	2001	0
FFQ	46	0	0	0	0	0	0	0	0	0	0	0	0	0	0	0	0	0	0	0	0	0	0	0	0	0	0	0	0	0	0	2001	0
FFQ	47	0	0	0	0	0	0	0	0	0	0	0	0	0	0	0	0	0	0	0	0	0	0	0	0	0	0	0	0	0	0	2001	0
FFQ	48	0	0	0	0	0	0	0	0	0	0	0	0	0	0	0	0	0	0	0	0	0	0	0	0	0	0	0	0	0	0	2001	0
FFQ	49	0	0	0	0	0	0	0	0	0	0	0	0	0	0	0	0	0	0	0	0	0	0	0	0	0	0	0	0	0	0	2001	0
FFQ	50	0	0	0	0	0	0	0	0	0	0	0	0	0	0	0	0	0	0	0	0	0	0	0	0	0	0	0	0	0	0	2001	0
FFQ	51	0	0	0	0	0	0	0	0	0	0	0	0	0	0	0	0	0	0	0	0	0	0	0	0	0	0	0	0	0	0	2001	0
FFQ	52	0	0	0	0	0	0	0	0	0	0	0	0	0	0	0	0	0	0	0	0	0	0	0	0	0	0	0	0	0	0	2001	0
FFQ	53	0	0	0	0	0	0	0	0	0	0	0	0	0	0	0	0	0	0	0	0	0	0	0	0	0	0	0	0	0	0	2001	0
FFQ	54	0	0	0	0	0	0	0	0	0	0	0	0	0	0	0	0	0	0	0	0	0	0	0	0	0	0	0	0	0	0	2001	0
FFQ	55	0	0	0	0	0	0	0	0	0	0	0	0	0	0	0	0	0	0	0	0	0	0	0	0	0	0	0	0	0	0	2001	0
FFQ	56	0	0	0	0	0	0	0	0	0	0	0	0	0	0	0	0	0	0	0	0	0	0	0	0	0	0	0	0	0	0	2001	0
FFQ	57	0	0	0	0	0	0	0	0	0	0	0	0	0	0	0	0	0	0	0	0	0	0	0	0	0	0	0	0	0	0	2001	0
FFQ	58	0	0	0	0	0	0	0	0	0	0	0	0	0	0	0	0	0	0	0	0	0	0	0	0	0	0	0	0	0	0	2001	0
FFQ	59	0	0	0	0	0	0	0	0	0	0	0	0	0	0	0	0	0	0	0	0	0	0	0	0	0	0	0	0	0	0	2001	0
FFQ	60	0	0	0	0	0	0	0	0	0	0	0	0	0	0	0	0	0	0	0	0	0	0	0	0	0	0	0	0	0	0	2001	0
FFQ	61	0	0	0	0	0	0	0	0	0	0	0	0	0	0	0	0	0	0	0	0	0	0	0	0	0	0	0	0	0	0	2001	0
FFQ	62	0	0	0	0	0	0	0	0	0	0	0	0	0	0	0	0	0	0	0	0	0	0	0	0	0	0	0	0	0	0	2001	0
FFQ	63	0	0	0	0	0	0	0	0	0	0	0	0	0	0	0	0	0	0	0	0	0	0	0	0	0	0	0	0	0	0	2001	0
FFQ	64	0	0	0	0	0	0	0	0	0	0	0	0	0	0	0	0	0	0	0	0	0	0	0	0	0	0	0	0	0	0	2001	0
FFQ	65	0	0	0	0	0	0	0	0	0	0	0	0	0	0	0	0	0	0	0	0	0	0	0	0	0	0	0	0	0	0	2001	0
FFQ	66	0	0	0	0	0	0	0	0	0	0	0	0	0	0	0	0	0	0	0	0	0	0	0	0	0	0	0	0	0	0	2001	0
FFQ	67	0	0	0	0	0	0	0	0	0	0	0	0	0	0	0	0	0	0	0	0	0	0	0	0	0	0	0	0	0	0	2001	0
FFQ	68	0	0	0	0	0	0	0	0	0	0	0	0	0	0	0	0	0	0	0	0	0	0	0	0	0	0	0	0	0	0	2001	0
FFQ	69	0	0	0	0	0	0	0	0	0	0	0	0	0	0	0	0	0	0	0	0	0	0	0	0	0	0	0	0	0	0	2001	0
FFQ	70	0	0	0	0	0	0	0	0	0	0	0	0	0	0	0	0	0	0	0	0	0	0	0	0	0	0	0	0	0	0	2001	0
FFQ	71	0	0	0	0	0	0	0	0	0	0	0	0	0	0	0	0	0	0	0	0	0	0	0	0	0	0	0	0	0	0	2001	0
FFQ	72	0	0	0	0	0	0	0	0	0	0	0	0	0	0	0	0	0	0	0	0	0	0	0	0	0	0	0	0	0	0	2001	0
FFQ	73	0	0	0	0	0	0	0	0	0	0	0	0	0	0	0	0	0	0	0	0	0	0	0	0	0	0	0	0	0	0	2001	0
FFQ	74	0	0	0	0	0	0	0	0	0	0	0	0	0	0	0	0	0	0	0	0	0	0	0	0	0	0	0	0	0	0	2001	0
FFQ	75	0	0	0	0	0	0	0	0	0	0	0	0	0	0	0	0	0	0	0	0	0	0	0	0	0	0	0	0	0	0	2001	0
FFQ	76	0	0	0	0	0	0	0	0	0	0	0	0	0	0	0	0	0	0	0	0	0	0	0	0	0	0	0	0	0	0	2001	0
FFQ	77	0	0	0	0	0	0	0	0	0	0	0	0	0	0	0	0	0	0	0	0	0	0	0	0	0	0	0	0	0	0	2001	0
FFQ	78	0	0	0	0	0	0	0	0	0	0	0	0	0	0	0	0	0	0	0	0	0	0	0	0	0	0	0	0	0	0	2001	0
FFQ	79	0	0	0	0	0	0	0	0	0	0	0	0	0	0	0	0	0	0	0	0	0	0	0	0	0	0	0	0	0	0	2001	0
FFQ	80	0	0	0	0	0	0	0	0	0	0	0	0	0	0	0	0	0	0	0	0	0	0	0	0	0	0	0	0	0	0	2001	0
FFQ	81	0	0	0	0	0	0	0	0	0	0	0	0	0	0	0	0	0	0	0	0	0	0	0	0	0	0	0	0	0	0	2001	0
FFQ	82	0	0	0	0	0	0	0	0	0	0	0	0	0	0	0	0	0	0	0	0	0	0	0	0	0	0	0	0	0	0	2001	0
FFQ	83	0	0	0	0	0	0	0	0	0	0	0	0	0	0	0	0	0	0	0	0	0	0	0	0	0	0	0	0	0	0	2001	0
FFQ	84	0	0	0	0	0	0	0	0	0	0	0	0	0	0	0	0	0	0	0	0	0	0	0	0	0	0	0	0	0	0	2001	0
FFQ	85	0	0	0	0	0	0	0	0	0	0	0	0	0	0	0	0	0	0	0	0	0	0	0	0	0	0	0	0	0	0	2001	0
FFQ	86	0	0	0	0	0	0	0	0	0	0	0	0	0	0	0	0	0	0	0	0	0	0	0	0	0	0	0	0	0	0	2001	0
FFQ	87	0	0	0	0	0	0	0	0	0	0	0	0	0	0	0	0	0	0	0	0	0	0	0	0	0	0	0	0	0	0	2001	0
FFQ	88	0	0	0	0	0	0	0	0	0	0	0	0	0	0	0	0	0	0	0	0	0	0	0	0	0	0	0	0	0	0	2001	0
FFQ	89	0	0	0	0	0	0	0	0	0	0	0	0	0	0	0	0	0	0	0	0	0	0	0	0	0	0	0	0	0	0	2001	0
FFQ	90	0	0	0	0	0	0	0	0	0	0	0	0	0	0	0	0	0	0	0	0	0	0	0	0	0	0	0	0	0	0	2001	0
FFQ	91	0	0	0	0	0	0	0	0	0	0	0	0	0	0	0	0	0	0	0	0	0	0	0	0	0	0	0	0	0	0	2001	0
FFQ	92	0	0	0	0	0	0	0	0	0	0	0	0	0	0	0	0	0	0	0	0	0	0	0	0	0	0	0	0	0	0	2001	0
FFQ	93	0	0	0	0	0	0	0	0	0	0	0	0	0	0	0	0	0	0	0	0	0	0	0	0	0	0	0	0	0	0	2001	0
FFQ	94	0	0	0	0	0	0	0	0	0	0	0	0	0	0	0	0	0	0	0	0	0	0	0	0	0	0	0	0	0	0	2001	0
FFQ	95	0	0	0	0	0	0	0	0	0	0	0	0	0	0	0	0	0	0	0	0	0	0	0	0	0	0	0	0	0	0	2001	0
FFQ	96	0	0	0	0	0	0	0	0	0	0	0	0	0	0	0	0	0	0	0	0	0	0	0	0	0	0	0	0	0	0	2001	0
FFQ	97	0	0	0	0	0	0	0	0	0	0	0	0	0	0	0	0	0	0	0	0	0	0	0	0	0	0	0	0	0	0	2001	0
FFQ	98	0	0	0	0	0	0	0	0	0	0	0	0	0	0	0	0	0	0	0	0	0	0	0	0	0	0	0	0	0	0	2001	0
FFQ	99	0	0	0	0	0	0	0	0	0	0	0	0	0	0	0	0	0	0	0	0	0	0	0	0	0	0	0	0	0	0	2001	0
FFQ	100	0	0	0	0	0	0	0	0	0	0	0	0	0	0	0	0	0	0	0	0	0	0	0	0	0	0	0	0	0	0	2001	0
FFQ	101	0	0	0	0	0	0	0	0	0	0	0	0	0	0	0	0	0	0	0	0	0	0	0	0	0	0	0	0	0	0	2001	0
FFQ	102	0	0	0	0	0	0	0	0	0	0	0	0	0	0	0	0	0	0	0	0	0	0	0	0	0	0	0	0	0	0	2001	0
FFQ	103	0	0	0	0	0	0	0	0	0	0	0	0	0	0	0	0	0	0	0	0	0	0	0	0	0	0	0	0	0	0	2001	0
FFQ	104	0	0	0	0	0	0	0	0	0	0	0	0	0	0	0	0	0	0	0	0	0	0	0	0	0	0	0	0	0	0	2001	0
FFQ	105	0	0	0	0	0	0	0	0	0	0	0	0	0	0	0	0	0	0	0	0	0	0	0	0	0	0	0	0	0	0	2001	0
FFQ	106	0	0	0	0	0	0	0	0	0	0	0	0	0	0	0	0	0	0	0	0	0	0	0	0	0	0	0	0	0	0	2001	0
FFQ	107	0	0	0	0	0	0	0	0	0	0	0	0	0	0	0	0	0	0	0	0	0	0	0	0	0	0	0	0	0	0	2001	0
FFQ	108	0	0	0	0	0	0	0	0	0	0	0	0	0	0	0	0	0	0	0	0	0	0	0	0	0	0	0	0	0	0	2001	0
FFQ	109	0	0	0	0	0	0	0	0	0	0	0	0	0	0	0	0	0	0	0	0	0	0	0	0	0	0	0	0	0	0	2001	0
FFQ	110	0	0	0	0	0	0	0	0	0	0	0	0	0	0	0	0	0	0	0	0	0	0	0	0	0	0	0	0	0	0	2001	0
FFQ	111	0	0	0	0	0	0	0	0	0	0	0	0	0	0	0	0	0	0	0	0	0	0	0	0	0	0	0	0	0	0	2001	0
FFQ	112	0	0	0	0	0	0	0	0	0	0	0	0	0	0	0	0	0	0	0	0	0	0	0	0	0	0	0	0	0	0	2001	0
FFQ	113	0	0	0	0	0	0	0	0	0	0	0	0	0	0	0	0	0	0	0	0	0	0	0	0	0	0	0	0	0	0	2001	0
FFQ	114	0	0	0	0	0	0	0	0	0	0	0	0	0	0	0	0	0	0	0	0	0	0	0	0	0	0	0	0	0	0	2001	0
FFQ	115	0	0	0	0	0	0	0	0	0	0	0	0	0	0	0	0	0	0	0	0	0	0	0	0	0	0	0	0	0	0	2001	0
FFQ	116	0	0	0	0	0	0	0	0	0	0	0	0	0	0	0	0	0	0	0	0	0	0	0	0	0	0	0	0	0	0	2001	0
FFQ	117	0	0	0	0	0	0	0	0	0	0	0	0	0	0	0	0	0	0	0	0	0	0	0	0	0	0	0	0	0	0	2001	0
FFQ	118	0	0	0	0	0	0	0	0	0	0	0	0	0	0	0	0	0	0	0	0	0	0	0	0	0	0	0	0	0	0	2001	0
FFQ	119	0	0	0	0	0	0	0	0	0	0	0	0	0	0	0	0	0	0	0	0	0	0	0	0	0	0	0	0	0	0	2001	0
FFQ	120	0	0	0	0	0	0	0	0	0	0	0	0	0	0	0	0	0	0	0	0	0	0	0	0	0	0	0	0	0	0	2001	0
FFQ	121	0	0	0	0	0	0	0	0	0	0	0	0	0	0	0	0	0	0	0	0	0	0	0	0	0	0	0	0	0	0	2001	0
FFQ	122	0	0	0	0	0	0	0	0	0	0	0	0	0	0	0	0	0	0	0	0	0	0	0	0	0	0	0	0	0	0	2001	0
FFQ	123	0	0	0	0	0	0	0	0	0	0	0	0	0	0	0	0	0	0	0	0	0	0	0	0	0	0	0	0	0	0	2001	0
FFQ	124	0	0	0	0	0	0	0	0	0	0	0	0	0	0	0	0	0	0	0	0	0	0	0	0	0	0	0	0	0	0	2001	0
FFQ	125	0	0	0	0	0	0	0	0	0	0	0	0	0	0	0	0	0	0	0	0	0	0	0	0	0	0	0	0	0	0	2001	0
FFQ	126	0	0	0	0	0	0	0	0	0	0	0	0	0	0	0	0	0	0	0	0	0	0	0	0	0	0	0	0	0	0	2001	0
FFQ	127	0	0	0	0	0	0	0	0	0	0	0	0	0	0	0	0	0	0	0	0	0	0	0	0	0	0	0	0	0	0	2001	0
FFQ	128	0	0	0	0	0	0	0	0	0	0	0	0	0	0	0	0	0	0	0	0	0	0	0	0	0	0	0	0	0	0	2001	0
FFQ	129	0	0	0	0	0	0	0	0	0	0	0	0	0	0	0	0	0	0	0	0	0	0	0	0	0	0	0	0	0	0	2001	0
FFQ	130	0	0	0	0	0	0	0	0	0	0	0	0	0	0	0	0	0	0	0	0	0	0	0	0	0	0	0	0	0	0	2001	0
FFQ	131	0	0	0	0	0	0	0	0	0	0	0	0	0	0	0	0	0	0	0	0	0	0	0	0	0	0	0	0	0	0	2001	0
FFQ	132	0	0	0	0	0	0	0	0	0	0	0	0	0	0	0	0	0	0	0	0	0	0	0	0	0	0	0	0	0	0	2001	0
FFQ	133	0	0	0	0	0	0	0	0	0	0	0	0	0	0	0	0	0	0	0	0	0	0	0	0	0	0	0	0	0	0	2001	0
FFQ	134	0	0	0	0	0	0	0	0	0	0	0	0	0	0	0	0	0	0	0	0	0	0	0	0	0	0	0	0	0	0	2001	0
FFQ	135	0	0	0	0	0	0	0	0	0	0	0	0	0	0	0	0	0	0	0	0	0	0	0	0	0	0	0	0	0	0	2001	0
FFQ	136	0	0	0	0	0	0	0	0	0	0	0	0	0	0	0	0	0	0	0	0	0	0	0	0	0	0	0	0	0	0	2001	0
FFQ	137	0	0	0	0	0	0	0	0	0	0	0	0	0	0	0	0	0	0	0	0	0	0	0	0	0	0	0	0	0	0	2001	0
FFQ	138	0	0	0	0	0	0	0	0	0	0	0	0	0	0	0	0	0	0	0	0	0	0	0	0	0	0	0	0	0	0	2001	0
FFQ	139	0	0	0	0	0	0	0	0	0	0	0	0	0	0	0	0	0	0	0	0	0	0	0	0	0	0	0	0	0	0	2001	0
FFQ	140	0	0	0	0	0	0	0	0	0	0	0	0	0	0	0	0	0	0	0	0	0	0	0	0	0	0	0	0	0	0	2001	0
FFQ	141	0	0	0	0	0	0	0	0	0	0	0	0	0	0	0	0	0	0	0	0	0	0	0	0	0	0	0	0	0	0	2001	0
FFQ	142	0	0	0	0	0	0	0	0	0	0	0	0	0	0	0	0	0	0	0	0	0	0	0	0	0	0	0	0	0	0	2001	0
FFQ	143	0	0	0	0	0	0	0	0	0	0	0	0	0	0	0	0	0	0	0	0	0	0	0	0	0	0	0	0	0	0	2001	0
FFQ	144	0	0	0	0	0	0	0	0	0	0	0	0	0	0	0	0	0	0	0	0	0	0	0	0	0	0	0	0	0	0	2001	0
FFQ	145	0	0	0	0	0	0	0	0	0	0	0	0	0	0	0	0	0	0	0	0	0	0	0	0	0	0	0	0	0	0	2001	0
FFQ	146	0	0	0	0	0	0	0	0	0	0	0	0	0	0	0	0	0	0	0	0	0	0	0	0	0	0	0	0	0	0	2001	0
FFQ	147	0	0	0	0	0	0	0	0	0	0	0	0	0	0	0	0	0	0	0	0	0	0	0	0	0	0	0	0	0	0	2001	0
FFQ	148	0	0	0	0	0	0	0	0	0	0	0	0	0	0	0	0	0	0	0	0	0	0	0	0	0	0	0	0	0	0	2001	0
FFQ	149	0	0	0	0	0	0	0	0	0	0	0	0	0	0	0	0	0	0	0	0	0	0	0	0	0	0	0	0	0	0	2001	0
FFQ	150	0	0	0	0	0	0	0	0	0	0	0	0	0	0	0	0	0	0	0	0	0	0	0	0	0	0	0	0	0	0	2001	0
# Last Fragment Qualities. Use `grep ^LFQ | cut -f 2-` to extract this part.
# Columns correspond to qualities and rows to cycles. First column is the cycle number.
LFQ	1	0	0	0	0	0	0	0	0	0	0	0	0	0	0	0	0	0	0	0	0	0	0	0	0	0	0	0	0	0	0	2001	0
LFQ	2	0	0	0	0	0	0	0	0	0	0	0	0	0	0	0	0	0	0	0	0	0	0	0	0	0	0	0	0	0	0	2001	0
LFQ	3	0	0	0	0	0	0	0	0	0	0	0	0	0	0	0	0	0	0	0	0	0	0	0	0	0	0	0	0	0	0	2001	0
LFQ	4	0	0	0	0	0	0	0	0	0	0	0	0	0	0	0	0	0	0	0	0	0	0	0	0	0	0	0	0	0	0	2001	0
LFQ	5	0	0	0	0	0	0	0	0	0	0	0	0	0	0	0	0	0	0	0	0	0	0	0	0	0	0	0	0	0	0	2001	0
LFQ	6	0	0	0	0	0	0	0	0	0	0	0	0	0	0	0	0	0	0	0	0	0	0	0	0	0	0	0	0	0	0	2001	0
LFQ	7	0	0	0	0	0	0	0	0	0	0	0	0	0	0	0	0	0	0	0	0	0	0	0	0	0	0	0	0	0	0	2001	0
LFQ	8	0	0	0	0	0	0	0	0	0	0	0	0	0	0	0	0	0	0	0	0	0	0	0	0	0	0	0	0	0	0	2001	0
LFQ	9	0	0	0	0	0	0	0	0	0	0	0	0	0	0	0	0	0	0	0	0	0	0	0	0	0	0	0	0	0	0	2001	0
LFQ	10	0	0	0	0	0	0	0	0	0	0	0	0	0	0	0	0	0	0	0	0	0	0	0	0	0	0	0	0	0	0	2001	0
LFQ	11	0	0	0	0	0	0	0	0	0	0	0	0	0	0	0	0	0	0	0	0	0	0	0	0	0	0	0	0	0	0	2001	0
LFQ	12	0	0	0	0	0	0	0	0	0	0	0	0	0	0	0	0	0	0	0	0	0	0	0	0	0	0	0	0	0	0	2001	0
LFQ	13	0	0	0	0	0	0	0	0	0	0	0	0	0	0	0	0	0	0	0	0	0	0	0	0	0	0	0	0	0	0	2001	0
LFQ	14	0	0	0	0	0	0	0	0	0	0	0	0	0	0	0	0	0	0	0	0	0	0	0	0	0	0	0	0	0	0	2001	0
LFQ	15	0	0	0	0	0	0	0	0	0	0	0	0	0	0	0	0	0	0	0	0	0	0	0	0	0	0	0	0	0	0	2001	0
LFQ	16	0	0	0	0	0	0	0	0	0	0	0	0	0	0	0	0	0	0	0	0	0	0	0	0	0	0	0	0	0	0	2001	0
LFQ	17	0	0	0	0	0	0	0	0	0	0	0	0	0	0	0	0	0	0	0	0	0	0	0	0	0	0	0	0	0	0	2001	0
LFQ	18	0	0	0	0	0	0	0	0	0	0	0	0	0	0	0	0	0	0	0	0	0	0	0	0	0	0	0	0	0	0	2001	0
LFQ	19	0	0	0	0	0	0	0	0	0	0	0	0	0	0	0	0	0	0	0	0	0	0	0	0	0	0	0	0	0	0	2001	0
LFQ	20	0	0	0	0	0	0	0	0	0	0	0	0	0	0	0	0	0	0	0	0	0	0	0	0	0	0	0	0	0	0	2001	0
LFQ	21	0	0	0	0	0	0	0	0	0	0	0	0	0	0	0	0	0	0	0	0	0	0	0	0	0	0	0	0	0	0	2001	0
LFQ	22	0	0	0	0	0	0	0	0	0	0	0	0	0	0	0	0	0	0	0	0	0	0	0	0	0	0	0	0	0	0	2001	0
LFQ	23	0	0	0	0	0	0	0	0	0	0	0	0	0	0	0	0	0	0	0	0	0	0	0	0	0	0	0	0	0	0	2001	0
LFQ	24	0	0	0	0	0	0	0	0	0	0	0	0	0	0	0	0	0	0	0	0	0	0	0	0	0	0	0	0	0	0	2001	0
LFQ	25	0	0	0	0	0	0	0	0	0	0	0	0	0	0	0	0	0	0	0	0	0	0	0	0	0	0	0	0	0	0	2001	0
LFQ	26	0	0	0	0	0	0	0	0	0	0	0	0	0	0	0	0	0	0	0	0	0	0	0	0	0	0	0	0	0	0	2001	0
LFQ	27	0	0	0	0	0	0	0	0	0	0	0	0	0	0	0	0	0	0	0	0	0	0	0	0	0	0	0	0	0	0	2001	0
LFQ	28	0	0	0	0	0	0	0	0	0	0	0	0	0	0	0	0	0	0	0	0	0	0	0	0	0	0	0	0	0	0	2001	0
LFQ	29	0	0	0	0	0	0	0	0	0	0	0	0	0	0	0	0	0	0	0	0	0	0	0	0	0	0	0	0	0	0	2001	0
LFQ	30	0	0	0	0	0	0	0	0	0	0	0	0	0	0	0	0	0	0	0	0	0	0	0	0	0	0	0	0	0	0	2001	0
LFQ	31	0	0	0	0	0	0	0	0	0	0	0	0	0	0	0	0	0	0	0	0	0	0	0	0	0	0	0	0	0	0	2001	0
LFQ	32	0	0	0	0	0	0	0	0	0	0	0	0	0	0	0	0	0	0	0	0	0	0	0	0	0	0	0	0	0	0	2001	0
LFQ	33	0	0	0	0	0	0	0	0	0	0	0	0	0	0	0	0	0	0	0	0	0	0	0	0	0	0	0	0	0	0	2001	0
LFQ	34	0	0	0	0	0	0	0	0	0	0	0	0	0	0	0	0	0	0	0	0	0	0	0	0	0	0	0	0	0	0	2001	0
LFQ	35	0	0	0	0	0	0	0	0	0	0	0	0	0	0	0	0	0	0	0	0	0	0	0	0	0	0	0	0	0	0	2001	0
LFQ	36	0	0	0	0	0	0	0	0	0	0	0	0	0	0	0	0	0	0	0	0	0	0	0	0	0	0	0	0	0	0	2001	0
LFQ	37	0	0	0	0	0	0	0	0	0	0	0	0	0	0	0	0	0	0	0	0	0	0	0	0	0	0	0	0	0	0	2001	0
LFQ	38	0	0	0	0	0	0	0	0	0	0	0	0	0	0	0	0	0	0	0	0	0	0	0	0	0	0	0	0	0	0	2001	0
LFQ	39	0	0	0	0	0	0	0	0	0	0	0	0	0	0	0	0	0	0	0	0	0	0	0	0	0	0	0	0	0	0	2001	0
LFQ	40	0	0	0	0	0	0	0	0	0	0	0	0	0	0	0	0	0	0	0	0	0	0	0	0	0	0	0	0	0	0	2001	0
LFQ	41	0	0	0	0	0	0	0	0	0	0	0	0	0	0	0	0	0	0	0	0	0	0	0	0	0	0	0	0	0	0	2001	0
LFQ	42	0	0	0	0	0	0	0	0	0	0	0	0	0	0	0	0	0	0	0	0	0	0	0	0	0	0	0	0	0	0	2001	0
LFQ	43	0	0	0	0	0	0	0	0	0	0	0	0	0	0	0	0	0	0	0	0	0	0	0	0	0	0	0	0	0	0	2001	0
LFQ	44	0	0	0	0	0	0	0	0	0	0	0	0	0	0	0	0	0	0	0	0	0	0	0	0	0	0	0	0	0	0	2001	0
LFQ	45	0	0	0	0	0	0	0	0	0	0	0	0	0	0	0	0	0	0	0	0	0	0	0	0	0	0	0	0	0	0	2001	0
LFQ	46	0	0	0	0	0	0	0	0	0	0	0	0	0	0	0	0	0	0	0	0	0	0	0	0	0	0	0	0	0	0	2001	0
LFQ	47	0	0	0	0	0	0	0	0	0	0	0	0	0	0	0	0	0	0	0	0	0	0	0	0	0	0	0	0	0	0	2001	0
LFQ	48	0	0	0	0	0	0	0	0	0	0	0	0	0	0	0	0	0	0	0	0	0	0	0	0	0	0	0	0	0	0	2001	0
LFQ	49	0	0	0	0	0	0	0	0	0	0	0	0	0	0	0	0	0	0	0	0	0	0	0	0	0	0	0	0	0	0	2001	0
LFQ	50	0	0	0	0	0	0	0	0	0	0	0	0	0	0	0	0	0	0	0	0	0	0	0	0	0	0	0	0	0	0	2001	0
LFQ	51	0	0	0	0	0	0	0	0	0	0	0	0	0	0	0	0	0	0	0	0	0	0	0	0	0	0	0	0	0	0	2001	0
LFQ	52	0	0	0	0	0	0	0	0	0	0	0	0	0	0	0	0	0	0	0	0	0	0	0	0	0	0	0	0	0	0	2001	0
LFQ	53	0	0	0	0	0	0	0	0	0	0	0	0	0	0	0	0	0	0	0	0	0	0	0	0	0	0	0	0	0	0	2001	0
LFQ	54	0	0	0	0	0	0	0	0	0	0	0	0	0	0	0	0	0	0	0	0	0	0	0	0	0	0	0	0	0	0	2001	0
LFQ	55	0	0	0	0	0	0	0	0	0	0	0	0	0	0	0	0	0	0	0	0	0	0	0	0	0	0	0	0	0	0	2001	0
LFQ	56	0	0	0	0	0	0	0	0	0	0	0	0	0	0	0	0	0	0	0	0	0	0	0	0	0	0	0	0	0	0	2001	0
LFQ	57	0	0	0	0	0	0	0	0	0	0	0	0	0	0	0	0	0	0	0	0	0	0	0	0	0	0	0	0	0	0	2001	0
LFQ	58	0	0	0	0	0	0	0	0	0	0	0	0	0	0	0	0	0	0	0	0	0	0	0	0	0	0	0	0	0	0	2001	0
LFQ	59	0	0	0	0	0	0	0	0	0	0	0	0	0	0	0	0	0	0	0	0	0	0	0	0	0	0	0	0	0	0	2001	0
LFQ	60	0	0	0	0	0	0	0	0	0	0	0	0	0	0	0	0	0	0	0	0	0	0	0	0	0	0	0	0	0	0	2001	0
LFQ	61	0	0	0	0	0	0	0	0	0	0	0	0	0	0	0	0	0	0	0	0	0	0	0	0	0	0	0	0	0	0	2001	0
LFQ	62	0	0	0	0	0	0	0	0	0	0	0	0	0	0	0	0	0	0	0	0	0	0	0	0	0	0	0	0	0	0	2001	0
LFQ	63	0	0	0	0	0	0	0	0	0	0	0	0	0	0	0	0	0	0	0	0	0	0	0	0	0	0	0	0	0	0	2001	0
LFQ	64	0	0	0	0	0	0	0	0	0	0	0	0	0	0	0	0	0	0	0	0	0	0	0	0	0	0	0	0	0	0	2001	0
LFQ	65	0	0	0	0	0	0	0	0	0	0	0	0	0	0	0	0	0	0	0	0	0	0	0	0	0	0	0	0	0	0	2001	0
LFQ	66	0	0	0	0	0	0	0	0	0	0	0	0	0	0	0	0	0	0	0	0	0	0	0	0	0	0	0	0	0	0	2001	0
LFQ	67	0	0	0	0	0	0	0	0	0	0	0	0	0	0	0	0	0	0	0	0	0	0	0	0	0	0	0	0	0	0	2001	0
LFQ	68	0	0	0	0	0	0	0	0	0	0	0	0	0	0	0	0	0	0	0	0	0	0	0	0	0	0	0	0	0	0	2001	0
LFQ	69	0	0	0	0	0	0	0	0	0	0	0	0	0	0	0	0	0	0	0	0	0	0	0	0	0	0	0	0	0	0	2001	0
LFQ	70	0	0	0	0	0	0	0	0	0	0	0	0	0	0	0	0	0	0	0	0	0	0	0	0	0	0	0	0	0	0	2001	0
LFQ	71	0	0	0	0	0	0	0	0	0	0	0	0	0	0	0	0	0	0	0	0	0	0	0	0	0	0	0	0	0	0	2001	0
LFQ	72	0	0	0	0	0	0	0	0	0	0	0	0	0	0	0	0	0	0	0	0	0	0	0	0	0	0	0	0	0	0	2001	0
LFQ	73	0	0	0	0	0	0	0	0	0	0	0	0	0	0	0	0	0	0	0	0	0	0	0	0	0	0	0	0	0	0	2001	0
LFQ	74	0	0	0	0	0	0	0	0	0	0	0	0	0	0	0	0	0	0	0	0	0	0	0	0	0	0	0	0	0	0	2001	0
LFQ	75	0	0	0	0	0	0	0	0	0	0	0	0	0	0	0	0	0	0	0	0	0	0	0	0	0	0	0	0	0	0	2001	0
LFQ	76	0	0	0	0	0	0	0	0	0	0	0	0	0	0	0	0	0	0	0	0	0	0	0	0	0	0	0	0	0	0	2001	0
LFQ	77	0	0	0	0	0	0	0	0	0	0	0	0	0	0	0	0	0	0	0	0	0	0	0	0	0	0	0	0	0	0	2001	0
LFQ	78	0	0	0	0	0	0	0	0	0	0	0	0	0	0	0	0	0	0	0	0	0	0	0	0	0	0	0	0	0	0	2001	0
LFQ	79	0	0	0	0	0	0	0	0	0	0	0	0	0	0	0	0	0	0	0	0	0	0	0	0	0	0	0	0	0	0	2001	0
LFQ	80	0	0	0	0	0	0	0	0	0	0	0	0	0	0	0	0	0	0	0	0	0	0	0	0	0	0	0	0	0	0	2001	0
LFQ	81	0	0	0	0	0	0	0	0	0	0	0	0	0	0	0	0	0	0	0	0	0	0	0	0	0	0	0	0	0	0	2001	0
LFQ	82	0	0	0	0	0	0	0	0	0	0	0	0	0	0	0	0	0	0	0	0	0	0	0	0	0	0	0	0	0	0	2001	0
LFQ	83	0	0	0	0	0	0	0	0	0	0	0	0	0	0	0	0	0	0	0	0	0	0	0	0	0	0	0	0	0	0	2001	0
LFQ	84	0	0	0	0	0	0	0	0	0	0	0	0	0	0	0	0	0	0	0	0	0	0	0	0	0	0	0	0	0	0	2001	0
LFQ	85	0	0	0	0	0	0	0	0	0	0	0	0	0	0	0	0	0	0	0	0	0	0	0	0	0	0	0	0	0	0	2001	0
LFQ	86	0	0	0	0	0	0	0	0	0	0	0	0	0	0	0	0	0	0	0	0	0	0	0	0	0	0	0	0	0	0	2001	0
LFQ	87	0	0	0	0	0	0	0	0	0	0	0	0	0	0	0	0	0	0	0	0	0	0	0	0	0	0	0	0	0	0	2001	0
LFQ	88	0	0	0	0	0	0	0	0	0	0	0	0	0	0	0	0	0	0	0	0	0	0	0	0	0	0	0	0	0	0	2001	0
LFQ	89	0	0	0	0	0	0	0	0	0	0	0	0	0	0	0	0	0	0	0	0	0	0	0	0	0	0	0	0	0	0	2001	0
LFQ	90	0	0	0	0	0	0	0	0	0	0	0	0	0	0	0	0	0	0	0	0	0	0	0	0	0	0	0	0	0	0	2001	0
LFQ	91	0	0	0	0	0	0	0	0	0	0	0	0	0	0	0	0	0	0	0	0	0	0	0	0	0	0	0	0	0	0	2001	0
LFQ	92	0	0	0	0	0	0	0	0	0	0	0	0	0	0	0	0	0	0	0	0	0	0	0	0	0	0	0	0	0	0	2001	0
LFQ	93	0	0	0	0	0	0	0	0	0	0	0	0	0	0	0	0	0	0	0	0	0	0	0	0	0	0	0	0	0	0	2001	0
LFQ	94	0	0	0	0	0	0	0	0	0	0	0	0	0	0	0	0	0	0	0	0	0	0	0	0	0	0	0	0	0	0	2001	0
LFQ	95	0	0	0	0	0	0	0	0	0	0	0	0	0	0	0	0	0	0	0	0	0	0	0	0	0	0	0	0	0	0	2001	0
LFQ	96	0	0	0	0	0	0	0	0	0	0	0	0	0	0	0	0	0	0	0	0	0	0	0	0	0	0	0	0	0	0	2001	0
LFQ	97	0	0	0	0	0	0	0	0	0	0	0	0	0	0	0	0	0	0	0	0	0	0	0	0	0	0	0	0	0	0	2001	0
LFQ	98	0	0	0	0	0	0	0	0	0	0	0	0	0	0	0	0	0	0	0	0	0	0	0	0	0	0	0	0	0	0	2001	0
LFQ	99	0	0	0	0	0	0	0	0	0	0	0	0	0	0	0	0	0	0	0	0	0	0	0	0	0	0	0	0	0	0	2001	0
LFQ	100	0	0	0	0	0	0	0	0	0	0	0	0	0	0	0	0	0	0	0	0	0	0	0	0	0	0	0	0	0	0	2001	0
LFQ	101	0	0	0	0	0	0	0	0	0	0	0	0	0	0	0	0	0	0	0	0	0	0	0	0	0	0	0	0	0	0	2001	0
LFQ	102	0	0	0	0	0	0	0	0	0	0	0	0	0	0	0	0	0	0	0	0	0	0	0	0	0	0	0	0	0	0	2001	0
LFQ	103	0	0	0	0	0	0	0	0	0	0	0	0	0	0	0	0	0	0	0	0	0	0	0	0	0	0	0	0	0	0	2001	0
LFQ	104	0	0	0	0	0	0	0	0	0	0	0	0	0	0	0	0	0	0	0	0	0	0	0	0	0	0	0	0	0	0	2001	0
LFQ	105	0	0	0	0	0	0	0	0	0	0	0	0	0	0	0	0	0	0	0	0	0	0	0	0	0	0	0	0	0	0	2001	0
LFQ	106	0	0	0	0	0	0	0	0	0	0	0	0	0	0	0	0	0	0	0	0	0	0	0	0	0	0	0	0	0	0	2001	0
LFQ	107	0	0	0	0	0	0	0	0	0	0	0	0	0	0	0	0	0	0	0	0	0	0	0	0	0	0	0	0	0	0	2001	0
LFQ	108	0	0	0	0	0	0	0	0	0	0	0	0	0	0	0	0	0	0	0	0	0	0	0	0	0	0	0	0	0	0	2001	0
LFQ	109	0	0	0	0	0	0	0	0	0	0	0	0	0	0	0	0	0	0	0	0	0	0	0	0	0	0	0	0	0	0	2001	0
LFQ	110	0	0	0	0	0	0	0	0	0	0	0	0	0	0	0	0	0	0	0	0	0	0	0	0	0	0	0	0	0	0	2001	0
LFQ	111	0	0	0	0	0	0	0	0	0	0	0	0	0	0	0	0	0	0	0	0	0	0	0	0	0	0	0	0	0	0	2001	0
LFQ	112	0	0	0	0	0	0	0	0	0	0	0	0	0	0	0	0	0	0	0	0	0	0	0	0	0	0	0	0	0	0	2001	0
LFQ	113	0	0	0	0	0	0	0	0	0	0	0	0	0	0	0	0	0	0	0	0	0	0	0	0	0	0	0	0	0	0	2001	0
LFQ	114	0	0	0	0	0	0	0	0	0	0	0	0	0	0	0	0	0	0	0	0	0	0	0	0	0	0	0	0	0	0	2001	0
LFQ	115	0	0	0	0	0	0	0	0	0	0	0	0	0	0	0	0	0	0	0	0	0	0	0	0	0	0	0	0	0	0	2001	0
LFQ	116	0	0	0	0	0	0	0	0	0	0	0	0	0	0	0	0	0	0	0	0	0	0	0	0	0	0	0	0	0	0	2001	0
LFQ	117	0	0	0	0	0	0	0	0	0	0	0	0	0	0	0	0	0	0	0	0	0	0	0	0	0	0	0	0	0	0	2001	0
LFQ	118	0	0	0	0	0	0	0	0	0	0	0	0	0	0	0	0	0	0	0	0	0	0	0	0	0	0	0	0	0	0	2001	0
LFQ	119	0	0	0	0	0	0	0	0	0	0	0	0	0	0	0	0	0	0	0	0	0	0	0	0	0	0	0	0	0	0	2001	0
LFQ	120	0	0	0	0	0	0	0	0	0	0	0	0	0	0	0	0	0	0	0	0	0	0	0	0	0	0	0	0	0	0	2001	0
LFQ	121	0	0	0	0	0	0	0	0	0	0	0	0	0	0	0	0	0	0	0	0	0	0	0	0	0	0	0	0	0	0	2001	0
LFQ	122	0	0	0	0	0	0	0	0	0	0	0	0	0	0	0	0	0	0	0	0	0	0	0	0	0	0	0	0	0	0	2001	0
LFQ	123	0	0	0	0	0	0	0	0	0	0	0	0	0	0	0	0	0	0	0	0	0	0	0	0	0	0	0	0	0	0	2001	0
LFQ	124	0	0	0	0	0	0	0	0	0	0	0	0	0	0	0	0	0	0	0	0	0	0	0	0	0	0	0	0	0	0	2001	0
LFQ	125	0	0	0	0	0	0	0	0	0	0	0	0	0	0	0	0	0	0	0	0	0	0	0	0	0	0	0	0	0	0	2001	0
LFQ	126	0	0	0	0	0	0	0	0	0	0	0	0	0	0	0	0	0	0	0	0	0	0	0	0	0	0	0	0	0	0	2001	0
LFQ	127	0	0	0	0	0	0	0	0	0	0	0	0	0	0	0	0	0	0	0	0	0	0	0	0	0	0	0	0	0	0	2001	0
LFQ	128	0	0	0	0	0	0	0	0	0	0	0	0	0	0	0	0	0	0	0	0	0	0	0	0	0	0	0	0	0	0	2001	0
LFQ	129	0	0	0	0	0	0	0	0	0	0	0	0	0	0	0	0	0	0	0	0	0	0	0	0	0	0	0	0	0	0	2001	0
LFQ	130	0	0	0	0	0	0	0	0	0	0	0	0	0	0	0	0	0	0	0	0	0	0	0	0	0	0	0	0	0	0	2001	0
LFQ	131	0	0	0	0	0	0	0	0	0	0	0	0	0	0	0	0	0	0	0	0	0	0	0	0	0	0	0	0	0	0	2001	0
LFQ	132	0	0	0	0	0	0	0	0	0	0	0	0	0	0	0	0	0	0	0	0	0	0	0	0	0	0	0	0	0	0	2001	0
LFQ	133	0	0	0	0	0	0	0	0	0	0	0	0	0	0	0	0	0	0	0	0	0	0	0	0	0	0	0	0	0	0	2001	0
LFQ	134	0	0	0	0	0	0	0	0	0	0	0	0	0	0	0	0	0	0	0	0	0	0	0	0	0	0	0	0	0	0	2001	0
LFQ	135	0	0	0	0	0	0	0	0	0	0	0	0	0	0	0	0	0	0	0	0	0	0	0	0	0	0	0	0	0	0	2001	0
LFQ	136	0	0	0	0	0	0	0	0	0	0	0	0	0	0	0	0	0	0	0	0	0	0	0	0	0	0	0	0	0	0	2001	0
LFQ	137	0	0	0	0	0	0	0	0	0	0	0	0	0	0	0	0	0	0	0	0	0	0	0	0	0	0	0	0	0	0	2001	0
LFQ	138	0	0	0	0	0	0	0	0	0	0	0	0	0	0	0	0	0	0	0	0	0	0	0	0	0	0	0	0	0	0	2001	0
LFQ	139	0	0	0	0	0	0	0	0	0	0	0	0	0	0	0	0	0	0	0	0	0	0	0	0	0	0	0	0	0	0	2001	0
LFQ	140	0	0	0	0	0	0	0	0	0	0	0	0	0	0	0	0	0	0	0	0	0	0	0	0	0	0	0	0	0	0	2001	0
LFQ	141	0	0	0	0	0	0	0	0	0	0	0	0	0	0	0	0	0	0	0	0	0	0	0	0	0	0	0	0	0	0	2001	0
LFQ	142	0	0	0	0	0	0	0	0	0	0	0	0	0	0	0	0	0	0	0	0	0	0	0	0	0	0	0	0	0	0	2001	0
LFQ	143	0	0	0	0	0	0	0	0	0	0	0	0	0	0	0	0	0	0	0	0	0	0	0	0	0	0	0	0	0	0	2001	0
LFQ	144	0	0	0	0	0	0	0	0	0	0	0	0	0	0	0	0	0	0	0	0	0	0	0	0	0	0	0	0	0	0	2001	0
LFQ	145	0	0	0	0	0	0	0	0	0	0	0	0	0	0	0	0	0	0	0	0	0	0	0	0	0	0	0	0	0	0	2001	0
LFQ	146	0	0	0	0	0	0	0	0	0	0	0	0	0	0	0	0	0	0	0	0	0	0	0	0	0	0	0	0	0	0	2001	0
LFQ	147	0	0	0	0	0	0	0	0	0	0	0	0	0	0	0	0	0	0	0	0	0	0	0	0	0	0	0	0	0	0	2001	0
LFQ	148	0	0	0	0	0	0	0	0	0	0	0	0	0	0	0	0	0	0	0	0	0	0	0	0	0	0	0	0	0	0	2001	0
LFQ	149	0	0	0	0	0	0	0	0	0	0	0	0	0	0	0	0	0	0	0	0	0	0	0	0	0	0	0	0	0	0	2001	0
LFQ	150	0	0	0	0	0	0	0	0	0	0	0	0	0	0	0	0	0	0	0	0	0	0	0	0	0	0	0	0	0	0	2001	0
# GC Content of first fragments. Use `grep ^GCF | cut -f 2-` to extract this part.
GCF	3.27	0
GCF	6.78	1
GCF	11.81	0
GCF	17.09	2
GCF	18.34	1
GCF	19.35	0
GCF	20.10	5
GCF	20.85	3
GCF	21.36	2
GCF	22.11	4
GCF	22.86	9
GCF	23.37	5
GCF	24.37	9
GCF	25.38	13
GCF	26.13	12
GCF	26.88	18
GCF	27.39	21
GCF	28.14	24
GCF	28.89	26
GCF	29.40	35
GCF	30.15	34
GCF	30.90	31
GCF	31.41	39
GCF	32.16	47
GCF	32.91	54
GCF	33.42	64
GCF	33.92	82
GCF	34.67	70
GCF	35.68	72
GCF	36.68	69
GCF	37.44	96
GCF	37.94	68
GCF	38.69	82
GCF	39.45	69
GCF	39.95	77
GCF	40.70	74
GCF	41.46	59
GCF	41.96	56
GCF	42.71	47
GCF	43.47	58
GCF	43.97	46
GCF	44.72	56
GCF	45.48	52
GCF	45.98	43
GCF	46.73	50
GCF	47.49	31
GCF	47.99	25
GCF	49.25	22
GCF	50.75	23
GCF	51.51	6
GCF	52.01	16
GCF	52.76	5
GCF	53.52	4
GCF	54.02	6
GCF	54.77	8
GCF	55.53	5
GCF	56.03	2
GCF	56.78	3
GCF	57.54	4
GCF	58.79	3
GCF	60.05	4
GCF	60.80	3
GCF	61.81	1
GCF	62.81	0
GCF	63.57	2
GCF	65.08	0
GCF	66.58	1
GCF	67.34	2
GCF	68.09	1
GCF	69.10	0
GCF	70.10	1
GCF	70.60	3
# GC Content of last fragments. Use `grep ^GCL | cut -f 2-` to extract this part.
GCL	3.52	0
GCL	7.29	1
GCL	11.56	0
GCL	16.08	1
GCL	17.09	0
GCL	18.09	1
GCL	18.84	0
GCL	19.35	2
GCL	20.10	0
GCL	20.85	1
GCL	21.36	4
GCL	22.11	6
GCL	22.86	4
GCL	23.37	7
GCL	24.12	19
GCL	24.87	16
GCL	25.38	9
GCL	26.13	22
GCL	26.88	12
GCL	27.39	19
GCL	28.14	29
GCL	28.89	33
GCL	29.40	31
GCL	30.15	45
GCL	30.90	34
GCL	31.41	49
GCL	32.16	38
GCL	32.91	52
GCL	33.42	58
GCL	33.92	62
GCL	34.67	60
GCL	35.43	66
GCL	35.93	73
GCL	36.68	91
GCL	37.44	84
GCL	37.94	63
GCL	38.69	82
GCL	39.45	67
GCL	39.95	66
GCL	40.70	67
GCL	41.46	71
GCL	41.96	50
GCL	42.71	68
GCL	43.47	49
GCL	43.97	47
GCL	44.72	61
GCL	45.48	51
GCL	45.98	50
GCL	46.73	38
GCL	47.49	33
GCL	47.99	29
GCL	48.74	31
GCL	49.50	20
GCL	50.00	9
GCL	51.01	14
GCL	52.01	11
GCL	52.76	15
GCL	53.52	6
GCL	54.02	4
GCL	54.77	7
GCL	55.53	3
GCL	56.03	6
GCL	56.78	4
GCL	57.54	12
GCL	58.04	4
GCL	58.79	8
GCL	59.80	2
GCL	61.06	1
GCL	62.06	0
GCL	62.81	2
GCL	63.57	1
GCL	65.08	0
GCL	66.58	2
GCL	68.34	0
GCL	70.10	1
# ACGT content per cycle. Use `grep ^GCC | cut -f 2-` to extract this part. The columns are: cycle; A,C,G,T base counts as a percentage of all A/C/G/T bases [%]; and N and O counts as a percentage of all A/C/G/T bases [%]
GCC	1	31.66	20.34	17.97	30.03	0.00	0.00
GCC	2	31.58	20.11	18.69	29.61	0.00	0.00
GCC	3	30.26	20.11	17.77	31.86	0.00	0.00
GCC	4	32.63	18.32	18.09	30.96	0.00	0.00
GCC	5	30.68	19.24	19.32	30.76	0.00	0.00
GCC	6	30.06	20.66	18.57	30.71	0.00	0.00
GCC	7	30.41	19.29	18.87	31.43	0.00	0.00
GCC	8	30.38	18.82	18.42	32.38	0.00	0.00
GCC	9	32.03	19.72	18.67	29.59	0.00	0.00
GCC	10	30.33	19.74	19.22	30.71	0.00	0.00
GCC	11	31.73	19.19	19.22	29.86	0.00	0.00
GCC	12	30.53	19.72	18.44	31.31	0.00	0.00
GCC	13	30.88	19.17	19.39	30.56	0.00	0.00
GCC	14	29.94	20.61	18.24	31.21	0.00	0.00
GCC	15	30.48	20.01	18.59	30.91	0.00	0.00
GCC	16	30.28	20.09	17.89	31.73	0.00	0.00
GCC	17	30.51	20.01	18.94	30.53	0.00	0.00
GCC	18	29.34	20.56	18.47	31.63	0.00	0.00
GCC	19	30.36	20.49	18.29	30.86	0.00	0.00
GCC	20	30.01	20.11	18.82	31.06	0.00	0.00
GCC	21	30.91	19.52	18.44	31.13	0.00	0.00
GCC	22	29.86	20.24	18.84	31.06	0.00	0.00
GCC	23	30.36	18.74	18.59	32.31	0.00	0.00
GCC	24	30.88	18.84	19.29	30.98	0.00	0.00
GCC	25	30.93	19.27	19.52	30.28	0.00	0.00
GCC	26	30.76	19.44	18.52	31.28	0.00	0.00
GCC	27	30.28	20.04	18.84	30.83	0.00	0.00
GCC	28	30.11	20.39	19.42	30.08	0.00	0.00
GCC	29	31.51	19.74	16.97	31.78	0.00	0.00
GCC	30	31.33	19.27	18.79	30.61	0.00	0.00
GCC	31	30.83	20.14	18.99	30.03	0.00	0.00
GCC	32	30.36	20.31	18.64	30.68	0.00	0.00
GCC	33	31.23	19.54	19.64	29.59	0.00	0.00
GCC	34	31.51	19.09	18.44	30.96	0.00	0.00
GCC	35	29.86	20.59	18.59	30.96	0.00	0.00
GCC	36	30.16	19.72	18.87	31.26	0.00	0.00
GCC	37	29.94	20.04	19.12	30.91	0.00	0.00
GCC	38	30.43	19.74	18.87	30.96	0.00	0.00
GCC	39	30.56	20.14	18.79	30.51	0.00	0.00
GCC	40	29.36	20.31	19.39	30.93	0.00	0.00
GCC	41	30.81	19.89	18.99	30.31	0.00	0.00
GCC	42	30.18	19.77	18.97	31.08	0.00	0.00
GCC	43	29.79	19.37	19.67	31.18	0.00	0.00
GCC	44	30.86	19.79	18.24	31.11	0.00	0.00
GCC	45	30.23	18.84	19.89	31.03	0.00	0.00
GCC	46	29.46	20.31	19.59	30.63	0.00	0.00
GCC	47	31.91	19.37	19.04	29.69	0.00	0.00
GCC	48	31.01	18.79	18.49	31.71	0.00	0.00
GCC	49	28.46	20.86	19.47	31.21	0.00	0.00
GCC	50	30.13	20.04	18.89	30.93	0.00	0.00
GCC	51	30.58	19.37	18.87	31.18	0.00	0.00
GCC	52	30.68	20.91	18.97	29.44	0.00	0.00
GCC	53	30.71	20.14	18.92	30.23	0.00	0.00
GCC	54	31.13	19.14	18.72	31.01	0.00	0.00
GCC	55	29.44	19.17	19.59	31.81	0.00	0.00
GCC	56	30.26	19.17	18.87	31.71	0.00	0.00
GCC	57	30.56	19.19	19.49	30.76	0.00	0.00
GCC	58	30.81	19.42	19.52	30.26	0.00	0.00
GCC	59	30.53	18.79	18.62	32.06	0.00	0.00
GCC	60	32.43	19.74	18.52	29.31	0.00	0.00
GCC	61	29.86	20.44	18.79	30.91	0.00	0.00
GCC	62	29.39	21.29	18.62	30.71	0.00	0.00
GCC	63	29.99	21.04	18.87	30.11	0.00	0.00
GCC	64	30.63	18.59	19.37	31.41	0.00	0.00
GCC	65	32.41	19.54	18.12	29.94	0.00	0.00
GCC	66	31.23	20.49	18.14	30.13	0.00	0.00
GCC	67	31.23	20.36	18.42	29.99	0.00	0.00
GCC	68	31.01	19.87	18.97	30.16	0.00	0.00
GCC	69	29.86	20.56	18.12	31.46	0.00	0.00
GCC	70	30.43	18.22	19.97	31.38	0.00	0.00
GCC	71	30.06	20.09	19.54	30.31	0.00	0.00
GCC	72	30.91	19.39	19.17	30.53	0.00	0.00
GCC	73	29.94	20.19	19.24	30.63	0.00	0.00
GCC	74	30.86	21.26	18.74	29.14	0.00	0.00
GCC	75	31.61	20.56	18.27	29.56	0.00	0.00
GCC	76	31.38	18.84	19.99	29.79	0.00	0.00
GCC	77	30.18	19.17	18.97	31.68	0.00	0.00
GCC	78	31.61	20.59	17.79	30.01	0.00	0.00
GCC	79	30.96	18.82	18.92	31.31	0.00	0.00
GCC	80	30.03	20.09	18.84	31.03	0.00	0.00
GCC	81	31.13	19.79	18.57	30.51	0.00	0.00
GCC	82	29.64	20.59	19.39	30.38	0.00	0.00
GCC	83	30.16	19.12	18.44	32.28	0.00	0.00
GCC	84	31.58	20.59	17.27	30.56	0.00	0.00
GCC	85	30.36	20.46	19.84	29.34	0.00	0.00
GCC	86	29.96	20.06	18.79	31.18	0.00	0.00
GCC	87	30.66	20.01	19.59	29.74	0.00	0.00
GCC	88	30.93	19.67	19.62	29.79	0.00	0.00
GCC	89	29.79	20.49	18.52	31.21	0.00	0.00
GCC	90	31.93	20.66	17.89	29.51	0.00	0.00
GCC	91	30.33	19.94	17.87	31.86	0.00	0.00
GCC	92	30.36	18.69	19.67	31.28	0.00	0.00
GCC	93	30.68	20.06	19.04	30.21	0.00	0.00
GCC	94	31.01	19.49	19.22	30.28	0.00	0.00
GCC	95	31.63	20.04	19.27	29.06	0.00	0.00
GCC	96	30.18	20.31	16.92	32.58	0.00	0.00
GCC	97	30.93	19.84	18.24	30.98	0.00	0.00
GCC	98	30.88	20.36	17.72	31.03	0.00	0.00
GCC	99	30.91	20.31	19.47	29.31	0.00	0.00
GCC	100	31.48	19.07	18.44	31.01	0.00	0.00
GCC	101	30.23	20.06	18.54	31.16	0.00	0.00
GCC	102	30.18	20.89	17.92	31.01	0.00	0.00
GCC	103	32.21	20.21	17.14	30.43	0.00	0.00
GCC	104	30.68	20.16	19.37	29.79	0.00	0.00
GCC	105	30.66	19.77	19.24	30.33	0.00	0.00
GCC	106	30.18	20.14	18.49	31.18	0.00	0.00
GCC	107	29.54	19.17	19.59	31.71	0.00	0.00
GCC	108	31.56	19.62	19.14	29.69	0.00	0.00
GCC	109	30.08	18.89	19.79	31.23	0.00	0.00
GCC	110	30.38	20.06	17.22	32.33	0.00	0.00
GCC	111	29.59	20.76	19.29	30.36	0.00	0.00
GCC	112	31.81	19.12	18.69	30.38	0.00	0.00
GCC	113	29.26	19.77	19.49	31.48	0.00	0.00
GCC	114	29.26	20.46	20.26	30.01	0.00	0.00
GCC	115	29.66	19.77	18.27	32.31	0.00	0.00
GCC	116	30.66	21.01	18.62	29.71	0.00	0.00
GCC	117	30.01	20.01	18.84	31.13	0.00	0.00
GCC	118	30.98	18.87	19.27	30.88	0.00	0.00
GCC	119	32.68	18.99	17.97	30.36	0.00	0.00
GCC	120	30.06	19.79	18.89	31.26	0.00	0.00
GCC	121	30.58	18.87	19.72	30.83	0.00	0.00
GCC	122	30.58	19.34	18.79	31.28	0.00	0.00
GCC	123	29.91	20.71	18.87	30.51	0.00	0.00
GCC	124	30.11	19.84	18.94	31.11	0.00	0.00
GCC	125	31.06	20.49	18.49	29.96	0.00	0.00
GCC	126	31.23	20.71	18.27	29.79	0.00	0.00
GCC	127	30.23	19.27	19.72	30.78	0.00	0.00
GCC	128	29.86	20.14	19.37	30.63	0.00	0.00
GCC	129	30.31	20.04	18.49	31.16	0.00	0.00
GCC	130	30.51	19.59	18.74	31.16	0.00	0.00
GCC	131	31.23	18.89	19.39	30.48	0.00	0.00
GCC	132	29.99	19.59	19.37	31.06	0.00	0.00
GCC	133	30.93	20.74	19.09	29.24	0.00	0.00
GCC	134	30.83	20.34	18.24	30.58	0.00	0.00
GCC	135	30.23	19.62	19.97	30.18	0.00	0.00
GCC	136	30.08	19.29	19.72	30.91	0.00	0.00
GCC	137	29.61	20.14	18.12	32.13	0.00	0.00
GCC	138	29.06	19.57	19.59	31.78	0.00	0.00
GCC	139	29.89	19.89	19.14	31.08	0.00	0.00
GCC	140	29.16	20.99	19.02	30.83	0.00	0.00
GCC	141	30.81	20.36	18.87	29.96	0.00	0.00
GCC	142	30.81	19.94	18.24	31.01	0.00	0.00
GCC	143	29.56	19.94	20.56	29.94	0.00	0.00
GCC	144	30.76	19.57	18.44	31.23	0.00	0.00
GCC	145	30.83	19.17	18.87	31.13	0.00	0.00
GCC	146	30.08	21.01	18.04	30.86	0.00	0.00
GCC	147	31.03	20.09	18.37	30.51	0.00	0.00
GCC	148	30.23	19.54	18.74	31.48	0.00	0.00
GCC	149	30.86	19.82	19.74	29.59	0.00	0.00
GCC	150	30.23	19.37	19.47	30.93	0.00	0.00
# ACGT content per cycle, read oriented. Use `grep ^GCT | cut -f 2-` to extract this part. The columns are: cycle; A,C,G,T base counts as a percentage of all A/C/G/T bases [%]
GCT	1	29.51	18.77	19.54	32.18
GCT	2	30.33	19.79	19.02	30.86
GCT	3	31.21	19.09	18.79	30.91
GCT	4	31.53	18.04	18.37	32.06
GCT	5	29.46	19.79	18.77	31.98
GCT	6	30.18	19.77	19.47	30.58
GCT	7	30.66	19.77	18.39	31.18
GCT	8	30.81	18.47	18.77	31.96
GCT	9	30.58	18.39	19.99	31.03
GCT	10	30.18	18.87	20.09	30.86
GCT	11	29.96	19.09	19.32	31.63
GCT	12	29.96	19.37	18.79	31.88
GCT	13	31.21	18.97	19.59	30.23
GCT	14	30.11	19.02	19.84	31.03
GCT	15	30.83	18.89	19.72	30.56
GCT	16	30.76	18.74	19.24	31.26
GCT	17	30.23	19.07	19.89	30.81
GCT	18	31.08	19.59	19.44	29.89
GCT	19	30.93	19.39	19.39	30.28
GCT	20	30.71	19.54	19.39	30.36
GCT	21	30.43	19.37	18.59	31.61
GCT	22	30.56	19.67	19.42	30.36
GCT	23	31.68	18.69	18.64	30.98
GCT	24	29.79	18.82	19.32	32.08
GCT	25	29.56	19.92	18.87	31.66
GCT	26	30.11	18.17	19.79	31.93
GCT	27	30.08	18.77	20.11	31.03
GCT	28	30.18	19.34	20.46	30.01
GCT	29	31.91	17.72	18.99	31.38
GCT	30	30.81	19.17	18.89	31.13
GCT	31	30.01	20.14	18.99	30.86
GCT	32	30.73	18.92	20.04	30.31
GCT	33	30.43	20.71	18.47	30.38
GCT	34	32.76	18.97	18.57	29.71
GCT	35	30.16	20.21	18.97	30.66
GCT	36	31.48	19.87	18.72	29.94
GCT	37	29.84	20.31	18.84	31.01
GCT	38	30.26	19.09	19.52	31.13
GCT	39	30.56	19.72	19.22	30.51
GCT	40	30.16	20.04	19.67	30.13
GCT	41	30.61	19.32	19.57	30.51
GCT	42	30.96	19.22	19.52	30.31
GCT	43	29.96	19.37	19.67	31.01
GCT	44	30.38	19.04	18.99	31.58
GCT	45	31.11	18.34	20.39	30.16
GCT	46	29.39	19.52	20.39	30.71
GCT	47	31.41	19.29	19.12	30.18
GCT	48	31.43	18.44	18.84	31.28
GCT	49	30.01	19.69	20.64	29.66
GCT	50	29.61	19.44	19.49	31.46
GCT	51	30.86	19.42	18.82	30.91
GCT	52	29.56	20.81	19.07	30.56
GCT	53	31.31	20.01	19.04	29.64
GCT	54	31.06	18.54	19.32	31.08
GCT	55	29.66	19.37	19.39	31.58
GCT	56	30.71	18.59	19.44	31.26
GCT	57	31.03	19.84	18.84	30.28
GCT	58	30.26	19.19	19.74	30.81
GCT	59	31.33	19.02	18.39	31.26
GCT	60	31.01	18.59	19.67	30.73
GCT	61	30.96	20.21	19.02	29.81
GCT	62	30.11	19.34	20.56	29.99
GCT	63	29.71	20.14	19.77	30.38
GCT	64	31.73	18.12	19.84	30.31
GCT	65	31.28	17.74	19.92	31.06
GCT	66	31.01	19.39	19.24	30.36
GCT	67	31.98	20.39	18.39	29.24
GCT	68	30.28	18.97	19.87	30.88
GCT	69	31.13	20.06	18.62	30.18
GCT	70	31.18	19.04	19.14	30.63
GCT	71	29.56	19.52	20.11	30.81
GCT	72	31.26	19.67	18.89	30.18
GCT	73	30.81	19.79	19.64	29.76
GCT	74	29.99	19.97	20.04	30.01
GCT	75	31.01	19.49	19.34	30.16
GCT	76	31.31	19.34	19.49	29.86
GCT	77	31.13	18.39	19.74	30.73
GCT	78	31.53	18.49	19.89	30.08
GCT	79	30.76	19.39	18.34	31.51
GCT	80	30.66	19.79	19.14	30.41
GCT	81	31.06	19.89	18.47	30.58
GCT	82	30.01	19.39	20.59	30.01
GCT	83	31.23	18.37	19.19	31.21
GCT	84	30.31	18.44	19.42	31.83
GCT	85	30.01	20.54	19.77	29.69
GCT	86	31.53	20.11	18.74	29.61
GCT	87	31.36	18.54	21.06	29.04
GCT	88	30.38	18.74	20.54	30.33
GCT	89	31.16	18.94	20.06	29.84
GCT	90	31.73	19.09	19.47	29.71
GCT	91	31.08	19.57	18.24	31.11
GCT	92	31.63	18.49	19.87	30.01
GCT	93	30.41	18.37	20.74	30.48
GCT	94	31.13	18.39	20.31	30.16
GCT	95	30.66	19.99	19.32	30.03
GCT	96	31.86	18.27	18.97	30.91
GCT	97	31.38	18.42	19.67	30.53
GCT	98	30.63	18.39	19.69	31.28
GCT	99	30.23	19.47	20.31	29.99
GCT	100	30.98	18.59	18.92	31.51
GCT	101	30.93	19.49	19.12	30.46
GCT	102	30.41	19.34	19.47	30.78
GCT	103	31.28	18.67	18.69	31.36
GCT	104	31.01	19.17	20.36	29.46
GCT	105	30.48	20.21	18.79	30.51
GCT	106	30.21	19.74	18.89	31.16
GCT	107	31.18	20.49	18.27	30.06
GCT	108	29.84	19.27	19.49	31.41
GCT	109	30.98	19.67	19.02	30.33
GCT	110	31.01	18.42	18.87	31.71
GCT	111	29.79	20.59	19.47	30.16
GCT	112	30.21	19.39	18.42	31.98
GCT	113	30.96	19.39	19.87	29.79
GCT	114	29.44	19.72	21.01	29.84
GCT	115	30.68	19.72	18.32	31.28
GCT	116	29.39	20.61	19.02	30.98
GCT	117	31.56	20.24	18.62	29.59
GCT	118	31.71	18.02	20.11	30.16
GCT	119	32.46	19.04	17.92	30.58
GCT	120	29.51	19.72	18.97	31.81
GCT	121	30.63	19.49	19.09	30.78
GCT	122	30.56	18.54	19.59	31.31
GCT	123	29.54	19.62	19.97	30.88
GCT	124	32.51	19.97	18.82	28.71
GCT	125	30.36	18.97	20.01	30.66
GCT	126	31.01	19.22	19.77	30.01
GCT	127	30.58	18.59	20.39	30.43
GCT	128	30.26	19.07	20.44	30.23
GCT	129	29.49	19.74	18.79	31.98
GCT	130	29.36	19.72	18.62	32.31
GCT	131	29.59	18.77	19.52	32.13
GCT	132	31.11	19.44	19.52	29.94
GCT	133	30.48	19.57	20.26	29.69
GCT	134	31.03	18.92	19.67	30.38
GCT	135	29.76	20.16	19.42	30.66
GCT	136	30.26	19.89	19.12	30.73
GCT	137	30.98	19.24	19.02	30.76
GCT	138	29.61	20.49	18.67	31.23
GCT	139	29.79	19.02	20.01	31.18
GCT	140	30.63	19.99	20.01	29.36
GCT	141	29.76	19.44	19.79	31.01
GCT	142	30.76	19.17	19.02	31.06
GCT	143	30.53	19.34	21.16	28.96
GCT	144	32.11	19.14	18.87	29.89
GCT	145	30.81	18.92	19.12	31.16
GCT	146	28.91	20.01	19.04	32.03
GCT	147	31.06	19.94	18.52	30.48
GCT	148	30.41	19.74	18.54	31.31
GCT	149	30.03	20.21	19.34	30.41
GCT	150	31.23	19.24	19.59	29.94
# ACGT content per cycle for first fragments. Use `grep ^FBC | cut -f 2-` to extract this part. The columns are: cycle; A,C,G,T base counts as a percentage of all A/C/G/T bases [%]; and N and O counts as a percentage of all A/C/G/T bases [%]
FBC	1	31.73	20.34	17.09	30.83	0.00	0.00
FBC	2	31.13	21.64	18.79	28.44	0.00	0.00
FBC	3	29.29	20.64	17.59	32.48	0.00	0.00
FBC	4	32.08	17.89	18.19	31.83	0.00	0.00
FBC	5	31.33	19.29	19.84	29.54	0.00	0.00
FBC	6	29.69	21.89	18.34	30.08	0.00	0.00
FBC	7	30.53	18.44	19.24	31.78	0.00	0.00
FBC	8	29.14	18.14	18.44	34.28	0.00	0.00
FBC	9	32.78	19.59	18.64	28.99	0.00	0.00
FBC	10	31.13	19.19	18.79	30.88	0.00	0.00
FBC	11	31.18	19.79	19.09	29.94	0.00	0.00
FBC	12	30.38	19.94	18.19	31.48	0.00	0.00
FBC	13	31.68	17.64	19.49	31.18	0.00	0.00
FBC	14	29.14	20.84	17.99	32.03	0.00	0.00
FBC	15	31.93	19.99	18.04	30.03	0.00	0.00
FBC	16	30.83	19.49	17.89	31.78	0.00	0.00
FBC	17	30.43	20.49	19.59	29.49	0.00	0.00
FBC	18	30.58	19.64	17.74	32.03	0.00	0.00
FBC	19	30.53	19.69	19.59	30.18	0.00	0.00
FBC	20	30.48	19.74	18.69	31.08	0.00	0.00
FBC	21	31.43	19.94	18.24	30.38	0.00	0.00
FBC	22	29.44	19.14	19.29	32.13	0.00	0.00
FBC	23	30.13	19.44	18.74	31.68	0.00	0.00
FBC	24	30.28	18.64	18.74	32.33	0.00	0.00
FBC	25	32.53	17.44	19.99	30.03	0.00	0.00
FBC	26	31.38	19.59	18.64	30.38	0.00	0.00
FBC	27	30.43	21.19	18.04	30.33	0.00	0.00
FBC	28	30.28	21.14	20.09	28.49	0.00	0.00
FBC	29	29.84	19.84	17.54	32.78	0.00	0.00
FBC	30	30.23	19.09	19.54	31.13	0.00	0.00
FBC	31	30.28	19.54	18.19	31.98	0.00	0.00
FBC	32	29.69	19.84	18.69	31.78	0.00	0.00
FBC	33	30.68	19.89	19.84	29.59	0.00	0.00
FBC	34	31.28	19.14	19.24	30.33	0.00	0.00
FBC	35	28.84	21.19	18.79	31.18	0.00	0.00
FBC	36	30.78	19.69	18.79	30.73	0.00	0.00
FBC	37	30.08	19.09	19.44	31.38	0.00	0.00
FBC	38	30.73	20.09	18.19	30.98	0.00	0.00
FBC	39	30.78	19.69	18.69	30.83	0.00	0.00
FBC	40	29.14	20.09	19.74	31.03	0.00	0.00
FBC	41	30.18	20.09	17.84	31.88	0.00	0.00
FBC	42	29.79	19.39	18.34	32.48	0.00	0.00
FBC	43	29.44	19.34	19.69	31.53	0.00	0.00
FBC	44	29.89	20.84	17.54	31.73	0.00	0.00
FBC	45	29.39	18.99	20.29	31.33	0.00	0.00
FBC	46	29.74	20.24	19.99	30.03	0.00	0.00
FBC	47	32.58	19.29	18.24	29.89	0.00	0.00
FBC	48	31.48	18.34	18.39	31.78	0.00	0.00
FBC	49	29.64	19.99	18.74	31.63	0.00	0.00
FBC	50	28.84	20.79	18.74	31.63	0.00	0.00
FBC	51	31.43	19.89	17.69	30.98	0.00	0.00
FBC	52	31.78	19.84	18.29	30.08	0.00	0.00
FBC	53	30.08	20.74	18.99	30.18	0.00	0.00
FBC	54	31.03	18.89	19.19	30.88	0.00	0.00
FBC	55	29.09	19.09	19.24	32.58	0.00	0.00
FBC	56	29.84	20.14	18.29	31.73	0.00	0.00
FBC	57	30.93	18.89	19.79	30.38	0.00	0.00
FBC	58	30.93	19.99	19.24	29.84	0.00	0.00
FBC	59	30.08	18.34	18.49	33.08	0.00	0.00
FBC	60	32.38	19.59	17.94	30.08	0.00	0.00
FBC	61	30.03	20.39	19.29	30.28	0.00	0.00
FBC	62	29.44	21.09	18.49	30.98	0.00	0.00
FBC	63	29.04	20.69	19.59	30.68	0.00	0.00
FBC	64	30.63	19.39	19.39	30.58	0.00	0.00
FBC	65	32.38	19.69	17.79	30.13	0.00	0.00
FBC	66	31.63	21.44	17.74	29.19	0.00	0.00
FBC	67	30.73	19.39	18.84	31.03	0.00	0.00
FBC	68	32.23	19.34	18.19	30.23	0.00	0.00
FBC	69	29.79	20.09	16.89	33.23	0.00	0.00
FBC	70	30.48	18.39	20.04	31.08	0.00	0.00
FBC	71	30.28	19.79	19.69	30.23	0.00	0.00
FBC	72	29.44	20.49	19.64	30.43	0.00	0.00
FBC	73	29.49	19.24	20.69	30.58	0.00	0.00
FBC	74	30.93	20.69	18.84	29.54	0.00	0.00
FBC	75	31.88	20.44	18.74	28.94	0.00	0.00
FBC	76	31.33	18.29	21.24	29.14	0.00	0.00
FBC	77	30.78	19.29	18.44	31.48	0.00	0.00
FBC	78	31.43	20.94	18.44	29.19	0.00	0.00
FBC	79	29.24	18.19	19.74	32.83	0.00	0.00
FBC	80	30.43	20.34	19.29	29.94	0.00	0.00
FBC	81	31.63	20.29	17.84	30.23	0.00	0.00
FBC	82	29.44	21.39	19.44	29.74	0.00	0.00
FBC	83	30.73	17.69	19.04	32.53	0.00	0.00
FBC	84	31.43	20.54	18.04	29.99	0.00	0.00
FBC	85	30.38	20.34	19.99	29.29	0.00	0.00
FBC	86	30.73	20.39	18.94	29.94	0.00	0.00
FBC	87	30.98	19.84	20.54	28.64	0.00	0.00
FBC	88	30.43	19.04	20.09	30.43	0.00	0.00
FBC	89	30.18	20.04	19.89	29.89	0.00	0.00
FBC	90	32.03	20.49	17.99	29.49	0.00	0.00
FBC	91	29.44	20.29	17.84	32.43	0.00	0.00
FBC	92	30.48	17.79	19.99	31.73	0.00	0.00
FBC	93	30.63	20.24	19.04	30.08	0.00	0.00
FBC	94	31.48	20.44	19.19	28.89	0.00	0.00
FBC	95	32.38	19.39	19.29	28.94	0.00	0.00
FBC	96	29.54	20.99	17.19	32.28	0.00	0.00
FBC	97	30.23	19.54	18.64	31.58	0.00	0.00
FBC	98	30.88	20.64	17.59	30.88	0.00	0.00
FBC	99	31.28	21.04	19.39	28.29	0.00	0.00
FBC	100	31.88	19.14	18.34	30.63	0.00	0.00
FBC	101	29.29	19.59	18.09	33.03	0.00	0.00
FBC	102	30.23	19.74	18.79	31.23	0.00	0.00
FBC	103	31.98	20.49	16.69	30.83	0.00	0.00
FBC	104	31.13	19.94	19.74	29.19	0.00	0.00
FBC	105	30.53	19.39	19.94	30.13	0.00	0.00
FBC	106	29.34	20.59	18.44	31.63	0.00	0.00
FBC	107	27.99	19.29	19.94	32.78	0.00	0.00
FBC	108	31.88	19.54	18.69	29.89	0.00	0.00
FBC	109	30.63	18.44	19.04	31.88	0.00	0.00
FBC	110	31.33	19.79	17.74	31.13	0.00	0.00
FBC	111	28.64	21.54	19.29	30.53	0.00	0.00
FBC	112	32.03	18.89	18.19	30.88	0.00	0.00
FBC	113	29.64	19.44	19.69	31.23	0.00	0.00
FBC	114	29.19	19.69	21.44	29.69	0.00	0.00
FBC	115	30.43	20.39	18.54	30.63	0.00	0.00
FBC	116	28.74	21.69	18.74	30.83	0.00	0.00
FBC	117	30.18	19.09	19.69	31.03	0.00	0.00
FBC	118	30.23	19.34	19.34	31.08	0.00	0.00
FBC	119	32.48	18.29	18.14	31.08	0.00	0.00
FBC	120	30.33	19.14	18.84	31.68	0.00	0.00
FBC	121	30.43	19.79	18.99	30.78	0.00	0.00
FBC	122	30.63	18.39	19.29	31.68	0.00	0.00
FBC	123	30.43	20.14	19.19	30.23	0.00	0.00
FBC	124	31.38	20.09	19.24	29.29	0.00	0.00
FBC	125	30.23	20.99	18.49	30.28	0.00	0.00
FBC	126	32.53	20.39	17.94	29.14	0.00	0.00
FBC	127	30.58	18.89	19.69	30.83	0.00	0.00
FBC	128	30.43	19.54	19.04	30.98	0.00	0.00
FBC	129	30.48	20.79	18.04	30.68	0.00	0.00
FBC	130	30.03	19.99	19.19	30.78	0.00	0.00
FBC	131	30.83	18.79	19.29	31.08	0.00	0.00
FBC	132	30.28	19.54	19.29	30.88	0.00	0.00
FBC	133	31.58	20.09	19.44	28.89	0.00	0.00
FBC	134	30.08	20.19	18.44	31.28	0.00	0.00
FBC	135	30.58	19.94	18.64	30.83	0.00	0.00
FBC	136	29.04	19.39	20.14	31.43	0.00	0.00
FBC	137	29.54	20.24	18.59	31.63	0.00	0.00
FBC	138	30.43	19.04	19.24	31.28	0.00	0.00
FBC	139	29.59	20.29	18.24	31.88	0.00	0.00
FBC	140	29.84	20.29	19.04	30.83	0.00	0.00
FBC	141	29.89	20.44	19.74	29.94	0.00	0.00
FBC	142	31.03	20.09	18.19	30.68	0.00	0.00
FBC	143	29.64	20.34	20.99	29.04	0.00	0.00
FBC	144	31.93	20.04	17.49	30.53	0.00	0.00
FBC	145	30.78	20.29	18.54	30.38	0.00	0.00
FBC	146	31.13	21.44	17.39	30.03	0.00	0.00
FBC	147	29.74	21.79	18.54	29.94	0.00	0.00
FBC	148	28.79	19.09	19.79	32.33	0.00	0.00
FBC	149	30.28	20.44	18.79	30.48	0.00	0.00
FBC	150	30.03	20.84	18.49	30.63	0.00	0.00
# ACGT raw counters for first fragments. Use `grep ^FTC | cut -f 2-` to extract this part. The columns are: A,C,G,T,N base counters
FTC	91631	59505	56637	92377	0
# ACGT content per cycle for last fragments. Use `grep ^LBC | cut -f 2-` to extract this part. The columns are: cycle; A,C,G,T base counts as a percentage of all A/C/G/T bases [%]; and N and O counts as a percentage of all A/C/G/T bases [%]
LBC	1	31.58	20.34	18.84	29.24	0.00	0.00
LBC	2	32.03	18.59	18.59	30.78	0.00	0.00
LBC	3	31.23	19.59	17.94	31.23	0.00	0.00
LBC	4	33.18	18.74	17.99	30.08	0.00	0.00
LBC	5	30.03	19.19	18.79	31.98	0.00	0.00
LBC	6	30.43	19.44	18.79	31.33	0.00	0.00
LBC	7	30.28	20.14	18.49	31.08	0.00	0.00
LBC	8	31.63	19.49	18.39	30.48	0.00	0.00
LBC	9	31.28	19.84	18.69	30.18	0.00	0.00
LBC	10	29.54	20.29	19.64	30.53	0.00	0.00
LBC	11	32.28	18.59	19.34	29.79	0.00	0.00
LBC	12	30.68	19.49	18.69	31.13	0.00	0.00
LBC	13	30.08	20.69	19.29	29.94	0.00	0.00
LBC	14	30.73	20.39	18.49	30.38	0.00	0.00
LBC	15	29.04	20.04	19.14	31.78	0.00	0.00
LBC	16	29.74	20.69	17.89	31.68	0.00	0.00
LBC	17	30.58	19.54	18.29	31.58	0.00	0.00
LBC	18	28.09	21.49	19.19	31.23	0.00	0.00
LBC	19	30.18	21.29	16.99	31.53	0.00	0.00
LBC	20	29.54	20.49	18.94	31.03	0.00	0.00
LBC	21	30.38	19.09	18.64	31.88	0.00	0.00
LBC	22	30.28	21.34	18.39	29.99	0.00	0.00
LBC	23	30.58	18.04	18.44	32.93	0.00	0.00
LBC	24	31.48	19.04	19.84	29.64	0.00	0.00
LBC	25	29.34	21.09	19.04	30.53	0.00	0.00
LBC	26	30.13	19.29	18.39	32.18	0.00	0.00
LBC	27	30.13	18.89	19.64	31.33	0.00	0.00
LBC	28	29.94	19.64	18.74	31.68	0.00	0.00
LBC	29	33.18	19.64	16.39	30.78	0.00	0.00
LBC	30	32.43	19.44	18.04	30.08	0.00	0.00
LBC	31	31.38	20.74	19.79	28.09	0.00	0.00
LBC	32	31.03	20.79	18.59	29.59	0.00	0.00
LBC	33	31.78	19.19	19.44	29.59	0.00	0.00
LBC	34	31.73	19.04	17.64	31.58	0.00	0.00
LBC	35	30.88	19.99	18.39	30.73	0.00	0.00
LBC	36	29.54	19.74	18.94	31.78	0.00	0.00
LBC	37	29.79	20.99	18.79	30.43	0.00	0.00
LBC	38	30.13	19.39	19.54	30.93	0.00	0.00
LBC	39	30.33	20.59	18.89	30.18	0.00	0.00
LBC	40	29.59	20.54	19.04	30.83	0.00	0.00
LBC	41	31.43	19.69	20.14	28.74	0.00	0.00
LBC	42	30.58	20.14	19.59	29.69	0.00	0.00
LBC	43	30.13	19.39	19.64	30.83	0.00	0.00
LBC	44	31.83	18.74	18.94	30.48	0.00	0.00
LBC	45	31.08	18.69	19.49	30.73	0.00	0.00
LBC	46	29.19	20.39	19.19	31.23	0.00	0.00
LBC	47	31.23	19.44	19.84	29.49	0.00	0.00
LBC	48	30.53	19.24	18.59	31.63	0.00	0.00
LBC	49	27.29	21.74	20.19	30.78	0.00	0.00
LBC	50	31.43	19.29	19.04	30.23	0.00	0.00
LBC	51	29.74	18.84	20.04	31.38	0.00	0.00
LBC	52	29.59	21.99	19.64	28.79	0.00	0.00
LBC	53	31.33	19.54	18.84	30.28	0.00	0.00
LBC	54	31.23	19.39	18.24	31.13	0.00	0.00
LBC	55	29.79	19.24	19.94	31.03	0.00	0.00
LBC	56	30.68	18.19	19.44	31.68	0.00	0.00
LBC	57	30.18	19.49	19.19	31.13	0.00	0.00
LBC	58	30.68	18.84	19.79	30.68	0.00	0.00
LBC	59	30.98	19.24	18.74	31.03	0.00	0.00
LBC	60	32.48	19.89	19.09	28.54	0.00	0.00
LBC	61	29.69	20.49	18.29	31.53	0.00	0.00
LBC	62	29.34	21.49	18.74	30.43	0.00	0.00
LBC	63	30.93	21.39	18.14	29.54	0.00	0.00
LBC	64	30.63	17.79	19.34	32.23	0.00	0.00
LBC	65	32.43	19.39	18.44	29.74	0.00	0.00
LBC	66	30.83	19.54	18.54	31.08	0.00	0.00
LBC	67	31.73	21.34	17.99	28.94	0.00	0.00
LBC	68	29.79	20.39	19.74	30.08	0.00	0.00
LBC	69	29.94	21.04	19.34	29.69	0.00	0.00
LBC	70	30.38	18.04	19.89	31.68	0.00	0.00
LBC	71	29.84	20.39	19.39	30.38	0.00	0.00
LBC	72	32.38	18.29	18.69	30.63	0.00	0.00
LBC	73	30.38	21.14	17.79	30.68	0.00	0.00
LBC	74	30.78	21.84	18.64	28.74	0.00	0.00
LBC	75	31.33	20.69	17.79	30.18	0.00	0.00
LBC	76	31.43	19.39	18.74	30.43	0.00	0.00
LBC	77	29.59	19.04	19.49	31.88	0.00	0.00
LBC	78	31.78	20.24	17.14	30.83	0.00	0.00
LBC	79	32.68	19.44	18.09	29.79	0.00	0.00
LBC	80	29.64	19.84	18.39	32.13	0.00	0.00
LBC	81	30.63	19.29	19.29	30.78	0.00	0.00
LBC	82	29.84	19.79	19.34	31.03	0.00	0.00
LBC	83	29.59	20.54	17.84	32.03	0.00	0.00
LBC	84	31.73	20.64	16.49	31.13	0.00	0.00
LBC	85	30.33	20.59	19.69	29.39	0.00	0.00
LBC	86	29.19	19.74	18.64	32.43	0.00	0.00
LBC	87	30.33	20.19	18.64	30.83	0.00	0.00
LBC	88	31.43	20.29	19.14	29.14	0.00	0.00
LBC	89	29.39	20.94	17.14	32.53	0.00	0.00
LBC	90	31.83	20.84	17.79	29.54	0.00	0.00
LBC	91	31.23	19.59	17.89	31.28	0.00	0.00
LBC	92	30.23	19.59	19.34	30.83	0.00	0.00
LBC	93	30.73	19.89	19.04	30.33	0.00	0.00
LBC	94	30.53	18.54	19.24	31.68	0.00	0.00
LBC	95	30.88	20.69	19.24	29.19	0.00	0.00
LBC	96	30.83	19.64	16.64	32.88	0.00	0.00
LBC	97	31.63	20.14	17.84	30.38	0.00	0.00
LBC	98	30.88	20.09	17.84	31.18	0.00	0.00
LBC	99	30.53	19.59	19.54	30.33	0.00	0.00
LBC	100	31.08	18.99	18.54	31.38	0.00	0.00
LBC	101	31.18	20.54	18.99	29.29	0.00	0.00
LBC	102	30.13	22.04	17.04	30.78	0.00	0.00
LBC	103	32.43	19.94	17.59	30.03	0.00	0.00
LBC	104	30.23	20.39	18.99	30.38	0.00	0.00
LBC	105	30.78	20.14	18.54	30.53	0.00	0.00
LBC	106	31.03	19.69	18.54	30.73	0.00	0.00
LBC	107	31.08	19.04	19.24	30.63	0.00	0.00
LBC	108	31.23	19.69	19.59	29.49	0.00	0.00
LBC	109	29.54	19.34	20.54	30.58	0.00	0.00
LBC	110	29.44	20.34	16.69	33.53	0.00	0.00
LBC	111	30.53	19.99	19.29	30.18	0.00	0.00
LBC	112	31.58	19.34	19.19	29.89	0.00	0.00
LBC	113	28.89	20.09	19.29	31.73	0.00	0.00
LBC	114	29.34	21.24	19.09	30.33	0.00	0.00
LBC	115	28.89	19.14	17.99	33.98	0.00	0.00
LBC	116	32.58	20.34	18.49	28.59	0.00	0.00
LBC	117	29.84	20.94	17.99	31.23	0.00	0.00
LBC	118	31.73	18.39	19.19	30.68	0.00	0.00
LBC	119	32.88	19.69	17.79	29.64	0.00	0.00
LBC	120	29.79	20.44	18.94	30.83	0.00	0.00
LBC	121	30.73	17.94	20.44	30.88	0.00	0.00
LBC	122	30.53	20.29	18.29	30.88	0.00	0.00
LBC	123	29.39	21.29	18.54	30.78	0.00	0.00
LBC	124	28.84	19.59	18.64	32.93	0.00	0.00
LBC	125	31.88	19.99	18.49	29.64	0.00	0.00
LBC	126	29.94	21.04	18.59	30.43	0.00	0.00
LBC	127	29.89	19.64	19.74	30.73	0.00	0.00
LBC	128	29.29	20.74	19.69	30.28	0.00	0.00
LBC	129	30.13	19.29	18.94	31.63	0.00	0.00
LBC	130	30.98	19.19	18.29	31.53	0.00	0.00
LBC	131	31.63	18.99	19.49	29.89	0.00	0.00
LBC	132	29.69	19.64	19.44	31.23	0.00	0.00
LBC	133	30.28	21.39	18.74	29.59	0.00	0.00
LBC	134	31.58	20.49	18.04	29.89	0.00	0.00
LBC	135	29.89	19.29	21.29	29.54	0.00	0.00
LBC	136	31.13	19.19	19.29	30.38	0.00	0.00
LBC	137	29.69	20.04	17.64	32.63	0.00	0.00
LBC	138	27.69	20.09	19.94	32.28	0.00	0.00
LBC	139	30.18	19.49	20.04	30.28	0.00	0.00
LBC	140	28.49	21.69	18.99	30.83	0.00	0.00
LBC	141	31.73	20.29	17.99	29.99	0.00	0.00
LBC	142	30.58	19.79	18.29	31.33	0.00	0.00
LBC	143	29.49	19.54	20.14	30.83	0.00	0.00
LBC	144	29.59	19.09	19.39	31.93	0.00	0.00
LBC	145	30.88	18.04	19.19	31.88	0.00	0.00
LBC	146	29.04	20.59	18.69	31.68	0.00	0.00
LBC	147	32.33	18.39	18.19	31.08	0.00	0.00
LBC	148	31.68	19.99	17.69	30.63	0.00	0.00
LBC	149	31.43	19.19	20.69	28.69	0.00	0.00
LBC	150	30.43	17.89	20.44	31.23	0.00	0.00
# ACGT raw counters for last fragments. Use `grep ^LTC | cut -f 2-` to extract this part. The columns are: A,C,G,T,N base counters
LTC	91813	59628	56482	92227	0
# Insert sizes. Use `grep ^IS | cut -f 2-` to extract this part. The columns are: insert size, pairs total, inward oriented pairs, outward oriented pairs, other pairs
IS	0	0	0	0	0
IS	1	0	0	0	0
IS	2	0	0	0	0
IS	3	0	0	0	0
IS	4	0	0	0	0
IS	5	0	0	0	0
IS	6	0	0	0	0
IS	7	0	0	0	0
IS	8	0	0	0	0
IS	9	0	0	0	0
IS	10	0	0	0	0
IS	11	0	0	0	0
IS	12	0	0	0	0
IS	13	0	0	0	0
IS	14	0	0	0	0
IS	15	0	0	0	0
IS	16	0	0	0	0
IS	17	0	0	0	0
IS	18	0	0	0	0
IS	19	0	0	0	0
IS	20	0	0	0	0
IS	21	0	0	0	0
IS	22	0	0	0	0
IS	23	0	0	0	0
IS	24	0	0	0	0
IS	25	0	0	0	0
IS	26	0	0	0	0
IS	27	0	0	0	0
IS	28	0	0	0	0
IS	29	0	0	0	0
IS	30	0	0	0	0
IS	31	0	0	0	0
IS	32	0	0	0	0
IS	33	0	0	0	0
IS	34	0	0	0	0
IS	35	0	0	0	0
IS	36	0	0	0	0
IS	37	0	0	0	0
IS	38	0	0	0	0
IS	39	0	0	0	0
IS	40	0	0	0	0
IS	41	0	0	0	0
IS	42	0	0	0	0
IS	43	0	0	0	0
IS	44	0	0	0	0
IS	45	0	0	0	0
IS	46	0	0	0	0
IS	47	0	0	0	0
IS	48	0	0	0	0
IS	49	0	0	0	0
IS	50	0	0	0	0
IS	51	0	0	0	0
IS	52	0	0	0	0
IS	53	0	0	0	0
IS	54	0	0	0	0
IS	55	0	0	0	0
IS	56	0	0	0	0
IS	57	0	0	0	0
IS	58	0	0	0	0
IS	59	0	0	0	0
IS	60	0	0	0	0
IS	61	0	0	0	0
IS	62	0	0	0	0
IS	63	0	0	0	0
IS	64	0	0	0	0
IS	65	0	0	0	0
IS	66	0	0	0	0
IS	67	0	0	0	0
IS	68	0	0	0	0
IS	69	0	0	0	0
IS	70	0	0	0	0
IS	71	0	0	0	0
IS	72	0	0	0	0
IS	73	0	0	0	0
IS	74	0	0	0	0
IS	75	0	0	0	0
IS	76	0	0	0	0
IS	77	0	0	0	0
IS	78	0	0	0	0
IS	79	0	0	0	0
IS	80	0	0	0	0
IS	81	0	0	0	0
IS	82	0	0	0	0
IS	83	0	0	0	0
IS	84	0	0	0	0
IS	85	0	0	0	0
IS	86	0	0	0	0
IS	87	0	0	0	0
IS	88	0	0	0	0
IS	89	0	0	0	0
IS	90	0	0	0	0
IS	91	0	0	0	0
IS	92	0	0	0	0
IS	93	0	0	0	0
IS	94	0	0	0	0
IS	95	0	0	0	0
IS	96	0	0	0	0
IS	97	0	0	0	0
IS	98	0	0	0	0
IS	99	0	0	0	0
IS	100	0	0	0	0
IS	101	0	0	0	0
IS	102	0	0	0	0
IS	103	0	0	0	0
IS	104	0	0	0	0
IS	105	0	0	0	0
IS	106	0	0	0	0
IS	107	0	0	0	0
IS	108	0	0	0	0
IS	109	0	0	0	0
IS	110	0	0	0	0
IS	111	0	0	0	0
IS	112	0	0	0	0
IS	113	0	0	0	0
IS	114	0	0	0	0
IS	115	0	0	0	0
IS	116	0	0	0	0
IS	117	0	0	0	0
IS	118	0	0	0	0
IS	119	0	0	0	0
IS	120	0	0	0	0
IS	121	0	0	0	0
IS	122	0	0	0	0
IS	123	0	0	0	0
IS	124	0	0	0	0
IS	125	0	0	0	0
IS	126	0	0	0	0
IS	127	0	0	0	0
IS	128	0	0	0	0
IS	129	0	0	0	0
IS	130	0	0	0	0
IS	131	0	0	0	0
IS	132	0	0	0	0
IS	133	0	0	0	0
IS	134	0	0	0	0
IS	135	0	0	0	0
IS	136	0	0	0	0
IS	137	0	0	0	0
IS	138	0	0	0	0
IS	139	0	0	0	0
IS	140	0	0	0	0
IS	141	0	0	0	0
IS	142	0	0	0	0
IS	143	0	0	0	0
IS	144	0	0	0	0
IS	145	0	0	0	0
IS	146	0	0	0	0
IS	147	0	0	0	0
IS	148	0	0	0	0
IS	149	0	0	0	0
IS	150	0	0	0	0
IS	151	0	0	0	0
IS	152	0	0	0	0
IS	153	0	0	0	0
IS	154	0	0	0	0
IS	155	0	0	0	0
IS	156	0	0	0	0
IS	157	0	0	0	0
IS	158	0	0	0	0
IS	159	0	0	0	0
IS	160	0	0	0	0
IS	161	0	0	0	0
IS	162	0	0	0	0
IS	163	0	0	0	0
IS	164	0	0	0	0
IS	165	0	0	0	0
IS	166	0	0	0	0
IS	167	0	0	0	0
IS	168	0	0	0	0
IS	169	0	0	0	0
IS	170	0	0	0	0
IS	171	0	0	0	0
IS	172	0	0	0	0
IS	173	0	0	0	0
IS	174	0	0	0	0
IS	175	0	0	0	0
IS	176	0	0	0	0
IS	177	0	0	0	0
IS	178	0	0	0	0
IS	179	0	0	0	0
IS	180	0	0	0	0
IS	181	0	0	0	0
IS	182	0	0	0	0
IS	183	0	0	0	0
IS	184	0	0	0	0
IS	185	0	0	0	0
IS	186	0	0	0	0
IS	187	0	0	0	0
IS	188	0	0	0	0
IS	189	0	0	0	0
IS	190	0	0	0	0
IS	191	0	0	0	0
IS	192	0	0	0	0
IS	193	0	0	0	0
IS	194	0	0	0	0
IS	195	0	0	0	0
IS	196	0	0	0	0
IS	197	0	0	0	0
IS	198	0	0	0	0
IS	199	0	0	0	0
IS	200	0	0	0	0
IS	201	0	0	0	0
IS	202	0	0	0	0
IS	203	0	0	0	0
IS	204	0	0	0	0
IS	205	0	0	0	0
IS	206	0	0	0	0
IS	207	0	0	0	0
IS	208	0	0	0	0
IS	209	0	0	0	0
IS	210	0	0	0	0
IS	211	0	0	0	0
IS	212	0	0	0	0
IS	213	0	0	0	0
IS	214	0	0	0	0
IS	215	0	0	0	0
IS	216	0	0	0	0
IS	217	0	0	0	0
IS	218	0	0	0	0
IS	219	0	0	0	0
IS	220	0	0	0	0
IS	221	0	0	0	0
IS	222	0	0	0	0
IS	223	0	0	0	0
IS	224	0	0	0	0
IS	225	0	0	0	0
IS	226	0	0	0	0
IS	227	0	0	0	0
IS	228	0	0	0	0
IS	229	0	0	0	0
IS	230	0	0	0	0
IS	231	0	0	0	0
IS	232	0	0	0	0
IS	233	0	0	0	0
IS	234	0	0	0	0
IS	235	0	0	0	0
IS	236	0	0	0	0
IS	237	0	0	0	0
IS	238	0	0	0	0
IS	239	0	0	0	0
IS	240	0	0	0	0
IS	241	0	0	0	0
IS	242	0	0	0	0
IS	243	0	0	0	0
IS	244	0	0	0	0
IS	245	0	0	0	0
IS	246	0	0	0	0
IS	247	0	0	0	0
IS	248	0	0	0	0
IS	249	0	0	0	0
IS	250	0	0	0	0
IS	251	0	0	0	0
IS	252	0	0	0	0
IS	253	0	0	0	0
IS	254	0	0	0	0
IS	255	0	0	0	0
IS	256	0	0	0	0
IS	257	0	0	0	0
IS	258	0	0	0	0
IS	259	0	0	0	0
IS	260	0	0	0	0
IS	261	0	0	0	0
IS	262	0	0	0	0
IS	263	0	0	0	0
IS	264	0	0	0	0
IS	265	0	0	0	0
IS	266	0	0	0	0
IS	267	0	0	0	0
IS	268	0	0	0	0
IS	269	0	0	0	0
IS	270	0	0	0	0
IS	271	0	0	0	0
IS	272	0	0	0	0
IS	273	0	0	0	0
IS	274	0	0	0	0
IS	275	0	0	0	0
IS	276	0	0	0	0
IS	277	0	0	0	0
IS	278	0	0	0	0
IS	279	0	0	0	0
IS	280	0	0	0	0
IS	281	0	0	0	0
IS	282	0	0	0	0
IS	283	0	0	0	0
IS	284	0	0	0	0
IS	285	0	0	0	0
IS	286	0	0	0	0
IS	287	0	0	0	0
IS	288	0	0	0	0
IS	289	0	0	0	0
IS	290	0	0	0	0
IS	291	0	0	0	0
IS	292	0	0	0	0
IS	293	0	0	0	0
IS	294	0	0	0	0
IS	295	0	0	0	0
IS	296	0	0	0	0
IS	297	0	0	0	0
IS	298	0	0	0	0
IS	299	0	0	0	0
IS	300	0	0	0	0
IS	301	0	0	0	0
IS	302	0	0	0	0
IS	303	0	0	0	0
IS	304	0	0	0	0
IS	305	0	0	0	0
IS	306	0	0	0	0
IS	307	0	0	0	0
IS	308	0	0	0	0
IS	309	0	0	0	0
IS	310	0	0	0	0
IS	311	0	0	0	0
IS	312	0	0	0	0
IS	313	0	0	0	0
IS	314	0	0	0	0
IS	315	0	0	0	0
IS	316	0	0	0	0
IS	317	0	0	0	0
IS	318	0	0	0	0
IS	319	0	0	0	0
IS	320	0	0	0	0
IS	321	0	0	0	0
IS	322	0	0	0	0
IS	323	0	0	0	0
IS	324	0	0	0	0
IS	325	0	0	0	0
IS	326	0	0	0	0
IS	327	0	0	0	0
IS	328	0	0	0	0
IS	329	0	0	0	0
IS	330	0	0	0	0
IS	331	0	0	0	0
IS	332	0	0	0	0
IS	333	0	0	0	0
IS	334	0	0	0	0
IS	335	0	0	0	0
IS	336	0	0	0	0
IS	337	0	0	0	0
IS	338	0	0	0	0
IS	339	0	0	0	0
IS	340	0	0	0	0
IS	341	0	0	0	0
IS	342	0	0	0	0
IS	343	0	0	0	0
IS	344	0	0	0	0
IS	345	0	0	0	0
IS	346	1	1	0	0
IS	347	0	0	0	0
IS	348	1	1	0	0
IS	349	0	0	0	0
IS	350	0	0	0	0
IS	351	0	0	0	0
IS	352	0	0	0	0
IS	353	1	1	0	0
IS	354	0	0	0	0
IS	355	0	0	0	0
IS	356	1	1	0	0
IS	357	0	0	0	0
IS	358	1	1	0	0
IS	359	0	0	0	0
IS	360	1	1	0	0
IS	361	1	1	0	0
IS	362	0	0	0	0
IS	363	0	0	0	0
IS	364	0	0	0	0
IS	365	0	0	0	0
IS	366	1	1	0	0
IS	367	0	0	0	0
IS	368	0	0	0	0
IS	369	0	0	0	0
IS	370	2	2	0	0
IS	371	0	0	0	0
IS	372	1	1	0	0
IS	373	1	1	0	0
IS	374	0	0	0	0
IS	375	1	1	0	0
IS	376	1	1	0	0
IS	377	2	2	0	0
IS	378	0	0	0	0
IS	379	0	0	0	0
IS	380	0	0	0	0
IS	381	2	2	0	0
IS	382	3	3	0	0
IS	383	1	1	0	0
IS	384	0	0	0	0
IS	385	1	1	0	0
IS	386	0	0	0	0
IS	387	2	2	0	0
IS	388	0	0	0	0
IS	389	4	4	0	0
IS	390	1	1	0	0
IS	391	0	0	0	0
IS	392	0	0	0	0
IS	393	1	1	0	0
IS	394	0	0	0	0
IS	395	3	3	0	0
IS	396	0	0	0	0
IS	397	2	2	0	0
IS	398	1	1	0	0
IS	399	2	2	0	0
IS	400	1	1	0	0
IS	401	2	2	0	0
IS	402	3	3	0	0
IS	403	1	1	0	0
IS	404	2	2	0	0
IS	405	0	0	0	0
IS	406	0	0	0	0
IS	407	3	3	0	0
IS	408	1	1	0	0
IS	409	5	5	0	0
IS	410	4	4	0	0
IS	411	4	4	0	0
IS	412	2	2	0	0
IS	413	0	0	0	0
IS	414	0	0	0	0
IS	415	7	7	0	0
IS	416	4	4	0	0
IS	417	1	1	0	0
IS	418	2	2	0	0
IS	419	5	5	0	0
IS	420	7	7	0	0
IS	421	2	2	0	0
IS	422	6	6	0	0
IS	423	9	9	0	0
IS	424	4	4	0	0
IS	425	10	10	0	0
IS	426	9	9	0	0
IS	427	6	6	0	0
IS	428	5	5	0	0
IS	429	6	6	0	0
IS	430	6	6	0	0
IS	431	7	7	0	0
IS	432	7	7	0	0
IS	433	8	8	0	0
IS	434	4	4	0	0
IS	435	6	6	0	0
IS	436	5	5	0	0
IS	437	10	10	0	0
IS	438	9	9	0	0
IS	439	9	9	0	0
IS	440	9	9	0	0
IS	441	7	7	0	0
IS	442	7	7	0	0
IS	443	8	8	0	0
IS	444	7	7	0	0
IS	445	6	6	0	0
IS	446	9	9	0	0
IS	447	10	10	0	0
IS	448	11	11	0	0
IS	449	12	12	0	0
IS	450	6	6	0	0
IS	451	12	12	0	0
IS	452	13	13	0	0
IS	453	13	13	0	0
IS	454	9	9	0	0
IS	455	10	10	0	0
IS	456	11	11	0	0
IS	457	12	12	0	0
IS	458	10	10	0	0
IS	459	18	18	0	0
IS	460	12	12	0	0
IS	461	10	10	0	0
IS	462	7	7	0	0
IS	463	13	13	0	0
IS	464	10	10	0	0
IS	465	13	13	0	0
IS	466	15	15	0	0
IS	467	12	12	0	0
IS	468	15	15	0	0
IS	469	14	14	0	0
IS	470	19	19	0	0
IS	471	12	12	0	0
IS	472	14	14	0	0
IS	473	18	18	0	0
IS	474	13	13	0	0
IS	475	11	11	0	0
IS	476	15	15	0	0
IS	477	19	19	0	0
IS	478	10	10	0	0
IS	479	11	11	0	0
IS	480	10	10	0	0
IS	481	20	20	0	0
IS	482	18	18	0	0
IS	483	15	15	0	0
IS	484	22	22	0	0
IS	485	9	9	0	0
IS	486	21	21	0	0
IS	487	11	11	0	0
IS	488	19	19	0	0
IS	489	11	11	0	0
IS	490	18	18	0	0
IS	491	9	9	0	0
IS	492	11	11	0	0
IS	493	15	15	0	0
IS	494	14	14	0	0
IS	495	21	21	0	0
IS	496	13	13	0	0
IS	497	10	10	0	0
IS	498	27	27	0	0
IS	499	12	12	0	0
IS	500	15	15	0	0
IS	501	20	20	0	0
IS	502	16	16	0	0
IS	503	11	11	0	0
IS	504	12	12	0	0
IS	505	16	16	0	0
IS	506	8	8	0	0
IS	507	15	15	0	0
IS	508	11	11	0	0
IS	509	14	14	0	0
IS	510	16	16	0	0
IS	511	19	19	0	0
IS	512	16	16	0	0
IS	513	21	21	0	0
IS	514	19	19	0	0
IS	515	14	14	0	0
IS	516	12	12	0	0
IS	517	24	24	0	0
IS	518	11	11	0	0
IS	519	8	8	0	0
IS	520	19	19	0	0
IS	521	15	15	0	0
IS	522	14	14	0	0
IS	523	13	13	0	0
IS	524	18	18	0	0
IS	525	18	18	0	0
IS	526	11	11	0	0
IS	527	14	14	0	0
IS	528	16	16	0	0
IS	529	13	13	0	0
IS	530	20	20	0	0
IS	531	15	15	0	0
IS	532	6	6	0	0
IS	533	13	13	0	0
IS	534	8	8	0	0
IS	535	12	12	0	0
IS	536	7	7	0	0
IS	537	12	12	0	0
IS	538	11	11	0	0
IS	539	19	19	0	0
IS	540	9	9	0	0
IS	541	9	9	0	0
IS	542	11	11	0	0
IS	543	12	12	0	0
IS	544	13	13	0	0
IS	545	11	11	0	0
IS	546	13	13	0	0
IS	547	11	11	0	0
IS	548	8	8	0	0
IS	549	6	6	0	0
IS	550	8	8	0	0
IS	551	11	11	0	0
IS	552	9	9	0	0
IS	553	10	10	0	0
IS	554	8	8	0	0
IS	555	9	9	0	0
IS	556	6	6	0	0
IS	557	4	4	0	0
IS	558	7	7	0	0
IS	559	9	9	0	0
IS	560	5	5	0	0
IS	561	6	6	0	0
IS	562	9	9	0	0
IS	563	4	4	0	0
IS	564	12	12	0	0
IS	565	5	5	0	0
IS	566	9	9	0	0
IS	567	10	10	0	0
IS	568	7	7	0	0
IS	569	5	5	0	0
IS	570	10	10	0	0
IS	571	2	2	0	0
IS	572	9	9	0	0
IS	573	10	10	0	0
IS	574	3	3	0	0
IS	575	5	5	0	0
IS	576	12	12	0	0
IS	577	5	5	0	0
IS	578	2	2	0	0
IS	579	3	3	0	0
IS	580	6	6	0	0
IS	581	5	5	0	0
IS	582	5	5	0	0
IS	583	4	4	0	0
IS	584	4	4	0	0
IS	585	7	7	0	0
IS	586	5	5	0	0
IS	587	6	6	0	0
IS	588	1	1	0	0
IS	589	4	4	0	0
IS	590	5	5	0	0
IS	591	2	2	0	0
IS	592	2	2	0	0
IS	593	4	4	0	0
IS	594	3	3	0	0
IS	595	1	1	0	0
IS	596	1	1	0	0
IS	597	3	3	0	0
IS	598	2	2	0	0
IS	599	1	1	0	0
IS	600	2	2	0	0
IS	601	2	2	0	0
IS	602	2	2	0	0
IS	603	2	2	0	0
IS	604	3	3	0	0
IS	605	1	1	0	0
IS	606	3	3	0	0
IS	607	2	2	0	0
IS	608	6	6	0	0
IS	609	0	0	0	0
IS	610	0	0	0	0
IS	611	1	1	0	0
IS	612	2	2	0	0
IS	613	0	0	0	0
IS	614	1	1	0	0
IS	615	1	1	0	0
IS	616	3	3	0	0
# Read lengths. Use `grep ^RL | cut -f 2-` to extract this part. The columns are: read length, count
RL	150	4002
# Read lengths - first fragments. Use `grep ^FRL | cut -f 2-` to extract this part. The columns are: read length, count
FRL	150	2001
# Read lengths - last fragments. Use `grep ^LRL | cut -f 2-` to extract this part. The columns are: read length, count
LRL	150	2001
# Mapping qualities for reads !(UNMAP|SECOND|SUPPL|QCFAIL|DUP). Use `grep ^MAPQ | cut -f 2-` to extract this part. The columns are: mapq, count
MAPQ	0	12
MAPQ	27	4
MAPQ	33	1
MAPQ	39	2
MAPQ	40	37
MAPQ	43	1
MAPQ	45	1
MAPQ	47	1
MAPQ	48	32
MAPQ	50	3
MAPQ	52	3
MAPQ	56	1
MAPQ	57	14
MAPQ	59	3
MAPQ	60	3887
# Indel distribution. Use `grep ^ID | cut -f 2-` to extract this part. The columns are: length, number of insertions, number of deletions
# Indels per cycle. Use `grep ^IC | cut -f 2-` to extract this part. The columns are: cycle, number of insertions (fwd), .. (rev) , number of deletions (fwd), .. (rev)
# Coverage distribution. Use `grep ^COV | cut -f 2-` to extract this part.
COV	[1-1]	1	4607
COV	[2-2]	2	8973
COV	[3-3]	3	14224
COV	[4-4]	4	19918
COV	[5-5]	5	20026
COV	[6-6]	6	18759
COV	[7-7]	7	13016
COV	[8-8]	8	8305
COV	[9-9]	9	4064
COV	[10-10]	10	2491
COV	[11-11]	11	1284
COV	[12-12]	12	444
COV	[13-13]	13	146
COV	[14-14]	14	94
COV	[15-15]	15	40
COV	[16-16]	16	10
COV	[17-17]	17	15
# GC-depth. Use `grep ^GCD | cut -f 2-` to extract this part. The columns are: GC%, unique sequence percentiles, 10th, 25th, 50th, 75th and 90th depth percentile
GCD	0.0	15.385	0.000	0.000	0.000	0.000	0.000
GCD	37.0	30.769	2.490	2.490	2.497	2.505	2.505
GCD	38.0	46.154	2.505	2.505	2.505	2.505	2.505
GCD	39.0	76.923	2.490	2.490	2.497	2.505	2.505
GCD	40.0	92.308	2.505	2.505	2.505	2.505	2.505
GCD	45.0	100.000	2.505	2.505	2.505	2.505	2.505
