# This file was produced by samtools stats (1.20+htslib-1.21) and can be plotted using plot-bamstats
# This file contains statistics for all reads.
# The command line was:  stats sample3813.sorted.bam
# CHK, Checksum	[2]Read Names	[3]Sequences	[4]Qualities
# CHK, CRC32 of reads which passed filtering followed by addition (32bit overflow)
CHK	25f778c8	da65403f	f1f23d24
# Summary Numbers. Use `grep ^SN | cut -f 2-` to extract this part.
SN	raw total sequences:	4006	# excluding supplementary and secondary reads
SN	filtered sequences:	0
SN	sequences:	4006
SN	is sorted:	1
SN	1st fragments:	2003
SN	last fragments:	2003
SN	reads mapped:	4006
SN	reads mapped and paired:	4006	# paired-end technology bit set + both mates mapped
SN	reads unmapped:	0
SN	reads properly paired:	4006	# proper-pair bit set
SN	reads paired:	4006	# paired-end technology bit set
SN	reads duplicated:	0	# PCR or optical duplicate bit set
SN	reads MQ0:	24	# mapped and MQ=0
SN	reads QC failed:	0
SN	non-primary alignments:	0
SN	supplementary alignments:	0
SN	total length:	600900	# ignores clipping
SN	total first fragment length:	300450	# ignores clipping
SN	total last fragment length:	300450	# ignores clipping
SN	bases mapped:	600900	# ignores clipping
SN	bases mapped (cigar):	600900	# more accurate
SN	bases trimmed:	0
SN	bases duplicated:	0
SN	mismatches:	988	# from NM fields
SN	error rate:	1.644200e-03	# mismatches / bases mapped (cigar)
SN	average length:	150
SN	average first fragment length:	150
SN	average last fragment length:	150
SN	maximum length:	150
SN	maximum first fragment length:	150
SN	maximum last fragment length:	150
SN	average quality:	30.0
SN	insert size average:	499.6
SN	insert size standard deviation:	48.6
SN	inward oriented pairs:	2003
SN	outward oriented pairs:	0
SN	pairs with other orientation:	0
SN	pairs on different chromosomes:	0
SN	percentage of properly paired reads (%):	100.0
# First Fragment Qualities. Use `grep ^FFQ | cut -f 2-` to extract this part.
# Columns correspond to qualities and rows to cycles. First column is the cycle number.
FFQ	1	0	0	0	0	0	0	0	0	0	0	0	0	0	0	0	0	0	0	0	0	0	0	0	0	0	0	0	0	0	0	2003	0
FFQ	2	0	0	0	0	0	0	0	0	0	0	0	0	0	0	0	0	0	0	0	0	0	0	0	0	0	0	0	0	0	0	2003	0
FFQ	3	0	0	0	0	0	0	0	0	0	0	0	0	0	0	0	0	0	0	0	0	0	0	0	0	0	0	0	0	0	0	2003	0
FFQ	4	0	0	0	0	0	0	0	0	0	0	0	0	0	0	0	0	0	0	0	0	0	0	0	0	0	0	0	0	0	0	2003	0
FFQ	5	0	0	0	0	0	0	0	0	0	0	0	0	0	0	0	0	0	0	0	0	0	0	0	0	0	0	0	0	0	0	2003	0
FFQ	6	0	0	0	0	0	0	0	0	0	0	0	0	0	0	0	0	0	0	0	0	0	0	0	0	0	0	0	0	0	0	2003	0
FFQ	7	0	0	0	0	0	0	0	0	0	0	0	0	0	0	0	0	0	0	0	0	0	0	0	0	0	0	0	0	0	0	2003	0
FFQ	8	0	0	0	0	0	0	0	0	0	0	0	0	0	0	0	0	0	0	0	0	0	0	0	0	0	0	0	0	0	0	2003	0
FFQ	9	0	0	0	0	0	0	0	0	0	0	0	0	0	0	0	0	0	0	0	0	0	0	0	0	0	0	0	0	0	0	2003	0
FFQ	10	0	0	0	0	0	0	0	0	0	0	0	0	0	0	0	0	0	0	0	0	0	0	0	0	0	0	0	0	0	0	2003	0
FFQ	11	0	0	0	0	0	0	0	0	0	0	0	0	0	0	0	0	0	0	0	0	0	0	0	0	0	0	0	0	0	0	2003	0
FFQ	12	0	0	0	0	0	0	0	0	0	0	0	0	0	0	0	0	0	0	0	0	0	0	0	0	0	0	0	0	0	0	2003	0
FFQ	13	0	0	0	0	0	0	0	0	0	0	0	0	0	0	0	0	0	0	0	0	0	0	0	0	0	0	0	0	0	0	2003	0
FFQ	14	0	0	0	0	0	0	0	0	0	0	0	0	0	0	0	0	0	0	0	0	0	0	0	0	0	0	0	0	0	0	2003	0
FFQ	15	0	0	0	0	0	0	0	0	0	0	0	0	0	0	0	0	0	0	0	0	0	0	0	0	0	0	0	0	0	0	2003	0
FFQ	16	0	0	0	0	0	0	0	0	0	0	0	0	0	0	0	0	0	0	0	0	0	0	0	0	0	0	0	0	0	0	2003	0
FFQ	17	0	0	0	0	0	0	0	0	0	0	0	0	0	0	0	0	0	0	0	0	0	0	0	0	0	0	0	0	0	0	2003	0
FFQ	18	0	0	0	0	0	0	0	0	0	0	0	0	0	0	0	0	0	0	0	0	0	0	0	0	0	0	0	0	0	0	2003	0
FFQ	19	0	0	0	0	0	0	0	0	0	0	0	0	0	0	0	0	0	0	0	0	0	0	0	0	0	0	0	0	0	0	2003	0
FFQ	20	0	0	0	0	0	0	0	0	0	0	0	0	0	0	0	0	0	0	0	0	0	0	0	0	0	0	0	0	0	0	2003	0
FFQ	21	0	0	0	0	0	0	0	0	0	0	0	0	0	0	0	0	0	0	0	0	0	0	0	0	0	0	0	0	0	0	2003	0
FFQ	22	0	0	0	0	0	0	0	0	0	0	0	0	0	0	0	0	0	0	0	0	0	0	0	0	0	0	0	0	0	0	2003	0
FFQ	23	0	0	0	0	0	0	0	0	0	0	0	0	0	0	0	0	0	0	0	0	0	0	0	0	0	0	0	0	0	0	2003	0
FFQ	24	0	0	0	0	0	0	0	0	0	0	0	0	0	0	0	0	0	0	0	0	0	0	0	0	0	0	0	0	0	0	2003	0
FFQ	25	0	0	0	0	0	0	0	0	0	0	0	0	0	0	0	0	0	0	0	0	0	0	0	0	0	0	0	0	0	0	2003	0
FFQ	26	0	0	0	0	0	0	0	0	0	0	0	0	0	0	0	0	0	0	0	0	0	0	0	0	0	0	0	0	0	0	2003	0
FFQ	27	0	0	0	0	0	0	0	0	0	0	0	0	0	0	0	0	0	0	0	0	0	0	0	0	0	0	0	0	0	0	2003	0
FFQ	28	0	0	0	0	0	0	0	0	0	0	0	0	0	0	0	0	0	0	0	0	0	0	0	0	0	0	0	0	0	0	2003	0
FFQ	29	0	0	0	0	0	0	0	0	0	0	0	0	0	0	0	0	0	0	0	0	0	0	0	0	0	0	0	0	0	0	2003	0
FFQ	30	0	0	0	0	0	0	0	0	0	0	0	0	0	0	0	0	0	0	0	0	0	0	0	0	0	0	0	0	0	0	2003	0
FFQ	31	0	0	0	0	0	0	0	0	0	0	0	0	0	0	0	0	0	0	0	0	0	0	0	0	0	0	0	0	0	0	2003	0
FFQ	32	0	0	0	0	0	0	0	0	0	0	0	0	0	0	0	0	0	0	0	0	0	0	0	0	0	0	0	0	0	0	2003	0
FFQ	33	0	0	0	0	0	0	0	0	0	0	0	0	0	0	0	0	0	0	0	0	0	0	0	0	0	0	0	0	0	0	2003	0
FFQ	34	0	0	0	0	0	0	0	0	0	0	0	0	0	0	0	0	0	0	0	0	0	0	0	0	0	0	0	0	0	0	2003	0
FFQ	35	0	0	0	0	0	0	0	0	0	0	0	0	0	0	0	0	0	0	0	0	0	0	0	0	0	0	0	0	0	0	2003	0
FFQ	36	0	0	0	0	0	0	0	0	0	0	0	0	0	0	0	0	0	0	0	0	0	0	0	0	0	0	0	0	0	0	2003	0
FFQ	37	0	0	0	0	0	0	0	0	0	0	0	0	0	0	0	0	0	0	0	0	0	0	0	0	0	0	0	0	0	0	2003	0
FFQ	38	0	0	0	0	0	0	0	0	0	0	0	0	0	0	0	0	0	0	0	0	0	0	0	0	0	0	0	0	0	0	2003	0
FFQ	39	0	0	0	0	0	0	0	0	0	0	0	0	0	0	0	0	0	0	0	0	0	0	0	0	0	0	0	0	0	0	2003	0
FFQ	40	0	0	0	0	0	0	0	0	0	0	0	0	0	0	0	0	0	0	0	0	0	0	0	0	0	0	0	0	0	0	2003	0
FFQ	41	0	0	0	0	0	0	0	0	0	0	0	0	0	0	0	0	0	0	0	0	0	0	0	0	0	0	0	0	0	0	2003	0
FFQ	42	0	0	0	0	0	0	0	0	0	0	0	0	0	0	0	0	0	0	0	0	0	0	0	0	0	0	0	0	0	0	2003	0
FFQ	43	0	0	0	0	0	0	0	0	0	0	0	0	0	0	0	0	0	0	0	0	0	0	0	0	0	0	0	0	0	0	2003	0
FFQ	44	0	0	0	0	0	0	0	0	0	0	0	0	0	0	0	0	0	0	0	0	0	0	0	0	0	0	0	0	0	0	2003	0
FFQ	45	0	0	0	0	0	0	0	0	0	0	0	0	0	0	0	0	0	0	0	0	0	0	0	0	0	0	0	0	0	0	2003	0
FFQ	46	0	0	0	0	0	0	0	0	0	0	0	0	0	0	0	0	0	0	0	0	0	0	0	0	0	0	0	0	0	0	2003	0
FFQ	47	0	0	0	0	0	0	0	0	0	0	0	0	0	0	0	0	0	0	0	0	0	0	0	0	0	0	0	0	0	0	2003	0
FFQ	48	0	0	0	0	0	0	0	0	0	0	0	0	0	0	0	0	0	0	0	0	0	0	0	0	0	0	0	0	0	0	2003	0
FFQ	49	0	0	0	0	0	0	0	0	0	0	0	0	0	0	0	0	0	0	0	0	0	0	0	0	0	0	0	0	0	0	2003	0
FFQ	50	0	0	0	0	0	0	0	0	0	0	0	0	0	0	0	0	0	0	0	0	0	0	0	0	0	0	0	0	0	0	2003	0
FFQ	51	0	0	0	0	0	0	0	0	0	0	0	0	0	0	0	0	0	0	0	0	0	0	0	0	0	0	0	0	0	0	2003	0
FFQ	52	0	0	0	0	0	0	0	0	0	0	0	0	0	0	0	0	0	0	0	0	0	0	0	0	0	0	0	0	0	0	2003	0
FFQ	53	0	0	0	0	0	0	0	0	0	0	0	0	0	0	0	0	0	0	0	0	0	0	0	0	0	0	0	0	0	0	2003	0
FFQ	54	0	0	0	0	0	0	0	0	0	0	0	0	0	0	0	0	0	0	0	0	0	0	0	0	0	0	0	0	0	0	2003	0
FFQ	55	0	0	0	0	0	0	0	0	0	0	0	0	0	0	0	0	0	0	0	0	0	0	0	0	0	0	0	0	0	0	2003	0
FFQ	56	0	0	0	0	0	0	0	0	0	0	0	0	0	0	0	0	0	0	0	0	0	0	0	0	0	0	0	0	0	0	2003	0
FFQ	57	0	0	0	0	0	0	0	0	0	0	0	0	0	0	0	0	0	0	0	0	0	0	0	0	0	0	0	0	0	0	2003	0
FFQ	58	0	0	0	0	0	0	0	0	0	0	0	0	0	0	0	0	0	0	0	0	0	0	0	0	0	0	0	0	0	0	2003	0
FFQ	59	0	0	0	0	0	0	0	0	0	0	0	0	0	0	0	0	0	0	0	0	0	0	0	0	0	0	0	0	0	0	2003	0
FFQ	60	0	0	0	0	0	0	0	0	0	0	0	0	0	0	0	0	0	0	0	0	0	0	0	0	0	0	0	0	0	0	2003	0
FFQ	61	0	0	0	0	0	0	0	0	0	0	0	0	0	0	0	0	0	0	0	0	0	0	0	0	0	0	0	0	0	0	2003	0
FFQ	62	0	0	0	0	0	0	0	0	0	0	0	0	0	0	0	0	0	0	0	0	0	0	0	0	0	0	0	0	0	0	2003	0
FFQ	63	0	0	0	0	0	0	0	0	0	0	0	0	0	0	0	0	0	0	0	0	0	0	0	0	0	0	0	0	0	0	2003	0
FFQ	64	0	0	0	0	0	0	0	0	0	0	0	0	0	0	0	0	0	0	0	0	0	0	0	0	0	0	0	0	0	0	2003	0
FFQ	65	0	0	0	0	0	0	0	0	0	0	0	0	0	0	0	0	0	0	0	0	0	0	0	0	0	0	0	0	0	0	2003	0
FFQ	66	0	0	0	0	0	0	0	0	0	0	0	0	0	0	0	0	0	0	0	0	0	0	0	0	0	0	0	0	0	0	2003	0
FFQ	67	0	0	0	0	0	0	0	0	0	0	0	0	0	0	0	0	0	0	0	0	0	0	0	0	0	0	0	0	0	0	2003	0
FFQ	68	0	0	0	0	0	0	0	0	0	0	0	0	0	0	0	0	0	0	0	0	0	0	0	0	0	0	0	0	0	0	2003	0
FFQ	69	0	0	0	0	0	0	0	0	0	0	0	0	0	0	0	0	0	0	0	0	0	0	0	0	0	0	0	0	0	0	2003	0
FFQ	70	0	0	0	0	0	0	0	0	0	0	0	0	0	0	0	0	0	0	0	0	0	0	0	0	0	0	0	0	0	0	2003	0
FFQ	71	0	0	0	0	0	0	0	0	0	0	0	0	0	0	0	0	0	0	0	0	0	0	0	0	0	0	0	0	0	0	2003	0
FFQ	72	0	0	0	0	0	0	0	0	0	0	0	0	0	0	0	0	0	0	0	0	0	0	0	0	0	0	0	0	0	0	2003	0
FFQ	73	0	0	0	0	0	0	0	0	0	0	0	0	0	0	0	0	0	0	0	0	0	0	0	0	0	0	0	0	0	0	2003	0
FFQ	74	0	0	0	0	0	0	0	0	0	0	0	0	0	0	0	0	0	0	0	0	0	0	0	0	0	0	0	0	0	0	2003	0
FFQ	75	0	0	0	0	0	0	0	0	0	0	0	0	0	0	0	0	0	0	0	0	0	0	0	0	0	0	0	0	0	0	2003	0
FFQ	76	0	0	0	0	0	0	0	0	0	0	0	0	0	0	0	0	0	0	0	0	0	0	0	0	0	0	0	0	0	0	2003	0
FFQ	77	0	0	0	0	0	0	0	0	0	0	0	0	0	0	0	0	0	0	0	0	0	0	0	0	0	0	0	0	0	0	2003	0
FFQ	78	0	0	0	0	0	0	0	0	0	0	0	0	0	0	0	0	0	0	0	0	0	0	0	0	0	0	0	0	0	0	2003	0
FFQ	79	0	0	0	0	0	0	0	0	0	0	0	0	0	0	0	0	0	0	0	0	0	0	0	0	0	0	0	0	0	0	2003	0
FFQ	80	0	0	0	0	0	0	0	0	0	0	0	0	0	0	0	0	0	0	0	0	0	0	0	0	0	0	0	0	0	0	2003	0
FFQ	81	0	0	0	0	0	0	0	0	0	0	0	0	0	0	0	0	0	0	0	0	0	0	0	0	0	0	0	0	0	0	2003	0
FFQ	82	0	0	0	0	0	0	0	0	0	0	0	0	0	0	0	0	0	0	0	0	0	0	0	0	0	0	0	0	0	0	2003	0
FFQ	83	0	0	0	0	0	0	0	0	0	0	0	0	0	0	0	0	0	0	0	0	0	0	0	0	0	0	0	0	0	0	2003	0
FFQ	84	0	0	0	0	0	0	0	0	0	0	0	0	0	0	0	0	0	0	0	0	0	0	0	0	0	0	0	0	0	0	2003	0
FFQ	85	0	0	0	0	0	0	0	0	0	0	0	0	0	0	0	0	0	0	0	0	0	0	0	0	0	0	0	0	0	0	2003	0
FFQ	86	0	0	0	0	0	0	0	0	0	0	0	0	0	0	0	0	0	0	0	0	0	0	0	0	0	0	0	0	0	0	2003	0
FFQ	87	0	0	0	0	0	0	0	0	0	0	0	0	0	0	0	0	0	0	0	0	0	0	0	0	0	0	0	0	0	0	2003	0
FFQ	88	0	0	0	0	0	0	0	0	0	0	0	0	0	0	0	0	0	0	0	0	0	0	0	0	0	0	0	0	0	0	2003	0
FFQ	89	0	0	0	0	0	0	0	0	0	0	0	0	0	0	0	0	0	0	0	0	0	0	0	0	0	0	0	0	0	0	2003	0
FFQ	90	0	0	0	0	0	0	0	0	0	0	0	0	0	0	0	0	0	0	0	0	0	0	0	0	0	0	0	0	0	0	2003	0
FFQ	91	0	0	0	0	0	0	0	0	0	0	0	0	0	0	0	0	0	0	0	0	0	0	0	0	0	0	0	0	0	0	2003	0
FFQ	92	0	0	0	0	0	0	0	0	0	0	0	0	0	0	0	0	0	0	0	0	0	0	0	0	0	0	0	0	0	0	2003	0
FFQ	93	0	0	0	0	0	0	0	0	0	0	0	0	0	0	0	0	0	0	0	0	0	0	0	0	0	0	0	0	0	0	2003	0
FFQ	94	0	0	0	0	0	0	0	0	0	0	0	0	0	0	0	0	0	0	0	0	0	0	0	0	0	0	0	0	0	0	2003	0
FFQ	95	0	0	0	0	0	0	0	0	0	0	0	0	0	0	0	0	0	0	0	0	0	0	0	0	0	0	0	0	0	0	2003	0
FFQ	96	0	0	0	0	0	0	0	0	0	0	0	0	0	0	0	0	0	0	0	0	0	0	0	0	0	0	0	0	0	0	2003	0
FFQ	97	0	0	0	0	0	0	0	0	0	0	0	0	0	0	0	0	0	0	0	0	0	0	0	0	0	0	0	0	0	0	2003	0
FFQ	98	0	0	0	0	0	0	0	0	0	0	0	0	0	0	0	0	0	0	0	0	0	0	0	0	0	0	0	0	0	0	2003	0
FFQ	99	0	0	0	0	0	0	0	0	0	0	0	0	0	0	0	0	0	0	0	0	0	0	0	0	0	0	0	0	0	0	2003	0
FFQ	100	0	0	0	0	0	0	0	0	0	0	0	0	0	0	0	0	0	0	0	0	0	0	0	0	0	0	0	0	0	0	2003	0
FFQ	101	0	0	0	0	0	0	0	0	0	0	0	0	0	0	0	0	0	0	0	0	0	0	0	0	0	0	0	0	0	0	2003	0
FFQ	102	0	0	0	0	0	0	0	0	0	0	0	0	0	0	0	0	0	0	0	0	0	0	0	0	0	0	0	0	0	0	2003	0
FFQ	103	0	0	0	0	0	0	0	0	0	0	0	0	0	0	0	0	0	0	0	0	0	0	0	0	0	0	0	0	0	0	2003	0
FFQ	104	0	0	0	0	0	0	0	0	0	0	0	0	0	0	0	0	0	0	0	0	0	0	0	0	0	0	0	0	0	0	2003	0
FFQ	105	0	0	0	0	0	0	0	0	0	0	0	0	0	0	0	0	0	0	0	0	0	0	0	0	0	0	0	0	0	0	2003	0
FFQ	106	0	0	0	0	0	0	0	0	0	0	0	0	0	0	0	0	0	0	0	0	0	0	0	0	0	0	0	0	0	0	2003	0
FFQ	107	0	0	0	0	0	0	0	0	0	0	0	0	0	0	0	0	0	0	0	0	0	0	0	0	0	0	0	0	0	0	2003	0
FFQ	108	0	0	0	0	0	0	0	0	0	0	0	0	0	0	0	0	0	0	0	0	0	0	0	0	0	0	0	0	0	0	2003	0
FFQ	109	0	0	0	0	0	0	0	0	0	0	0	0	0	0	0	0	0	0	0	0	0	0	0	0	0	0	0	0	0	0	2003	0
FFQ	110	0	0	0	0	0	0	0	0	0	0	0	0	0	0	0	0	0	0	0	0	0	0	0	0	0	0	0	0	0	0	2003	0
FFQ	111	0	0	0	0	0	0	0	0	0	0	0	0	0	0	0	0	0	0	0	0	0	0	0	0	0	0	0	0	0	0	2003	0
FFQ	112	0	0	0	0	0	0	0	0	0	0	0	0	0	0	0	0	0	0	0	0	0	0	0	0	0	0	0	0	0	0	2003	0
FFQ	113	0	0	0	0	0	0	0	0	0	0	0	0	0	0	0	0	0	0	0	0	0	0	0	0	0	0	0	0	0	0	2003	0
FFQ	114	0	0	0	0	0	0	0	0	0	0	0	0	0	0	0	0	0	0	0	0	0	0	0	0	0	0	0	0	0	0	2003	0
FFQ	115	0	0	0	0	0	0	0	0	0	0	0	0	0	0	0	0	0	0	0	0	0	0	0	0	0	0	0	0	0	0	2003	0
FFQ	116	0	0	0	0	0	0	0	0	0	0	0	0	0	0	0	0	0	0	0	0	0	0	0	0	0	0	0	0	0	0	2003	0
FFQ	117	0	0	0	0	0	0	0	0	0	0	0	0	0	0	0	0	0	0	0	0	0	0	0	0	0	0	0	0	0	0	2003	0
FFQ	118	0	0	0	0	0	0	0	0	0	0	0	0	0	0	0	0	0	0	0	0	0	0	0	0	0	0	0	0	0	0	2003	0
FFQ	119	0	0	0	0	0	0	0	0	0	0	0	0	0	0	0	0	0	0	0	0	0	0	0	0	0	0	0	0	0	0	2003	0
FFQ	120	0	0	0	0	0	0	0	0	0	0	0	0	0	0	0	0	0	0	0	0	0	0	0	0	0	0	0	0	0	0	2003	0
FFQ	121	0	0	0	0	0	0	0	0	0	0	0	0	0	0	0	0	0	0	0	0	0	0	0	0	0	0	0	0	0	0	2003	0
FFQ	122	0	0	0	0	0	0	0	0	0	0	0	0	0	0	0	0	0	0	0	0	0	0	0	0	0	0	0	0	0	0	2003	0
FFQ	123	0	0	0	0	0	0	0	0	0	0	0	0	0	0	0	0	0	0	0	0	0	0	0	0	0	0	0	0	0	0	2003	0
FFQ	124	0	0	0	0	0	0	0	0	0	0	0	0	0	0	0	0	0	0	0	0	0	0	0	0	0	0	0	0	0	0	2003	0
FFQ	125	0	0	0	0	0	0	0	0	0	0	0	0	0	0	0	0	0	0	0	0	0	0	0	0	0	0	0	0	0	0	2003	0
FFQ	126	0	0	0	0	0	0	0	0	0	0	0	0	0	0	0	0	0	0	0	0	0	0	0	0	0	0	0	0	0	0	2003	0
FFQ	127	0	0	0	0	0	0	0	0	0	0	0	0	0	0	0	0	0	0	0	0	0	0	0	0	0	0	0	0	0	0	2003	0
FFQ	128	0	0	0	0	0	0	0	0	0	0	0	0	0	0	0	0	0	0	0	0	0	0	0	0	0	0	0	0	0	0	2003	0
FFQ	129	0	0	0	0	0	0	0	0	0	0	0	0	0	0	0	0	0	0	0	0	0	0	0	0	0	0	0	0	0	0	2003	0
FFQ	130	0	0	0	0	0	0	0	0	0	0	0	0	0	0	0	0	0	0	0	0	0	0	0	0	0	0	0	0	0	0	2003	0
FFQ	131	0	0	0	0	0	0	0	0	0	0	0	0	0	0	0	0	0	0	0	0	0	0	0	0	0	0	0	0	0	0	2003	0
FFQ	132	0	0	0	0	0	0	0	0	0	0	0	0	0	0	0	0	0	0	0	0	0	0	0	0	0	0	0	0	0	0	2003	0
FFQ	133	0	0	0	0	0	0	0	0	0	0	0	0	0	0	0	0	0	0	0	0	0	0	0	0	0	0	0	0	0	0	2003	0
FFQ	134	0	0	0	0	0	0	0	0	0	0	0	0	0	0	0	0	0	0	0	0	0	0	0	0	0	0	0	0	0	0	2003	0
FFQ	135	0	0	0	0	0	0	0	0	0	0	0	0	0	0	0	0	0	0	0	0	0	0	0	0	0	0	0	0	0	0	2003	0
FFQ	136	0	0	0	0	0	0	0	0	0	0	0	0	0	0	0	0	0	0	0	0	0	0	0	0	0	0	0	0	0	0	2003	0
FFQ	137	0	0	0	0	0	0	0	0	0	0	0	0	0	0	0	0	0	0	0	0	0	0	0	0	0	0	0	0	0	0	2003	0
FFQ	138	0	0	0	0	0	0	0	0	0	0	0	0	0	0	0	0	0	0	0	0	0	0	0	0	0	0	0	0	0	0	2003	0
FFQ	139	0	0	0	0	0	0	0	0	0	0	0	0	0	0	0	0	0	0	0	0	0	0	0	0	0	0	0	0	0	0	2003	0
FFQ	140	0	0	0	0	0	0	0	0	0	0	0	0	0	0	0	0	0	0	0	0	0	0	0	0	0	0	0	0	0	0	2003	0
FFQ	141	0	0	0	0	0	0	0	0	0	0	0	0	0	0	0	0	0	0	0	0	0	0	0	0	0	0	0	0	0	0	2003	0
FFQ	142	0	0	0	0	0	0	0	0	0	0	0	0	0	0	0	0	0	0	0	0	0	0	0	0	0	0	0	0	0	0	2003	0
FFQ	143	0	0	0	0	0	0	0	0	0	0	0	0	0	0	0	0	0	0	0	0	0	0	0	0	0	0	0	0	0	0	2003	0
FFQ	144	0	0	0	0	0	0	0	0	0	0	0	0	0	0	0	0	0	0	0	0	0	0	0	0	0	0	0	0	0	0	2003	0
FFQ	145	0	0	0	0	0	0	0	0	0	0	0	0	0	0	0	0	0	0	0	0	0	0	0	0	0	0	0	0	0	0	2003	0
FFQ	146	0	0	0	0	0	0	0	0	0	0	0	0	0	0	0	0	0	0	0	0	0	0	0	0	0	0	0	0	0	0	2003	0
FFQ	147	0	0	0	0	0	0	0	0	0	0	0	0	0	0	0	0	0	0	0	0	0	0	0	0	0	0	0	0	0	0	2003	0
FFQ	148	0	0	0	0	0	0	0	0	0	0	0	0	0	0	0	0	0	0	0	0	0	0	0	0	0	0	0	0	0	0	2003	0
FFQ	149	0	0	0	0	0	0	0	0	0	0	0	0	0	0	0	0	0	0	0	0	0	0	0	0	0	0	0	0	0	0	2003	0
FFQ	150	0	0	0	0	0	0	0	0	0	0	0	0	0	0	0	0	0	0	0	0	0	0	0	0	0	0	0	0	0	0	2003	0
# Last Fragment Qualities. Use `grep ^LFQ | cut -f 2-` to extract this part.
# Columns correspond to qualities and rows to cycles. First column is the cycle number.
LFQ	1	0	0	0	0	0	0	0	0	0	0	0	0	0	0	0	0	0	0	0	0	0	0	0	0	0	0	0	0	0	0	2003	0
LFQ	2	0	0	0	0	0	0	0	0	0	0	0	0	0	0	0	0	0	0	0	0	0	0	0	0	0	0	0	0	0	0	2003	0
LFQ	3	0	0	0	0	0	0	0	0	0	0	0	0	0	0	0	0	0	0	0	0	0	0	0	0	0	0	0	0	0	0	2003	0
LFQ	4	0	0	0	0	0	0	0	0	0	0	0	0	0	0	0	0	0	0	0	0	0	0	0	0	0	0	0	0	0	0	2003	0
LFQ	5	0	0	0	0	0	0	0	0	0	0	0	0	0	0	0	0	0	0	0	0	0	0	0	0	0	0	0	0	0	0	2003	0
LFQ	6	0	0	0	0	0	0	0	0	0	0	0	0	0	0	0	0	0	0	0	0	0	0	0	0	0	0	0	0	0	0	2003	0
LFQ	7	0	0	0	0	0	0	0	0	0	0	0	0	0	0	0	0	0	0	0	0	0	0	0	0	0	0	0	0	0	0	2003	0
LFQ	8	0	0	0	0	0	0	0	0	0	0	0	0	0	0	0	0	0	0	0	0	0	0	0	0	0	0	0	0	0	0	2003	0
LFQ	9	0	0	0	0	0	0	0	0	0	0	0	0	0	0	0	0	0	0	0	0	0	0	0	0	0	0	0	0	0	0	2003	0
LFQ	10	0	0	0	0	0	0	0	0	0	0	0	0	0	0	0	0	0	0	0	0	0	0	0	0	0	0	0	0	0	0	2003	0
LFQ	11	0	0	0	0	0	0	0	0	0	0	0	0	0	0	0	0	0	0	0	0	0	0	0	0	0	0	0	0	0	0	2003	0
LFQ	12	0	0	0	0	0	0	0	0	0	0	0	0	0	0	0	0	0	0	0	0	0	0	0	0	0	0	0	0	0	0	2003	0
LFQ	13	0	0	0	0	0	0	0	0	0	0	0	0	0	0	0	0	0	0	0	0	0	0	0	0	0	0	0	0	0	0	2003	0
LFQ	14	0	0	0	0	0	0	0	0	0	0	0	0	0	0	0	0	0	0	0	0	0	0	0	0	0	0	0	0	0	0	2003	0
LFQ	15	0	0	0	0	0	0	0	0	0	0	0	0	0	0	0	0	0	0	0	0	0	0	0	0	0	0	0	0	0	0	2003	0
LFQ	16	0	0	0	0	0	0	0	0	0	0	0	0	0	0	0	0	0	0	0	0	0	0	0	0	0	0	0	0	0	0	2003	0
LFQ	17	0	0	0	0	0	0	0	0	0	0	0	0	0	0	0	0	0	0	0	0	0	0	0	0	0	0	0	0	0	0	2003	0
LFQ	18	0	0	0	0	0	0	0	0	0	0	0	0	0	0	0	0	0	0	0	0	0	0	0	0	0	0	0	0	0	0	2003	0
LFQ	19	0	0	0	0	0	0	0	0	0	0	0	0	0	0	0	0	0	0	0	0	0	0	0	0	0	0	0	0	0	0	2003	0
LFQ	20	0	0	0	0	0	0	0	0	0	0	0	0	0	0	0	0	0	0	0	0	0	0	0	0	0	0	0	0	0	0	2003	0
LFQ	21	0	0	0	0	0	0	0	0	0	0	0	0	0	0	0	0	0	0	0	0	0	0	0	0	0	0	0	0	0	0	2003	0
LFQ	22	0	0	0	0	0	0	0	0	0	0	0	0	0	0	0	0	0	0	0	0	0	0	0	0	0	0	0	0	0	0	2003	0
LFQ	23	0	0	0	0	0	0	0	0	0	0	0	0	0	0	0	0	0	0	0	0	0	0	0	0	0	0	0	0	0	0	2003	0
LFQ	24	0	0	0	0	0	0	0	0	0	0	0	0	0	0	0	0	0	0	0	0	0	0	0	0	0	0	0	0	0	0	2003	0
LFQ	25	0	0	0	0	0	0	0	0	0	0	0	0	0	0	0	0	0	0	0	0	0	0	0	0	0	0	0	0	0	0	2003	0
LFQ	26	0	0	0	0	0	0	0	0	0	0	0	0	0	0	0	0	0	0	0	0	0	0	0	0	0	0	0	0	0	0	2003	0
LFQ	27	0	0	0	0	0	0	0	0	0	0	0	0	0	0	0	0	0	0	0	0	0	0	0	0	0	0	0	0	0	0	2003	0
LFQ	28	0	0	0	0	0	0	0	0	0	0	0	0	0	0	0	0	0	0	0	0	0	0	0	0	0	0	0	0	0	0	2003	0
LFQ	29	0	0	0	0	0	0	0	0	0	0	0	0	0	0	0	0	0	0	0	0	0	0	0	0	0	0	0	0	0	0	2003	0
LFQ	30	0	0	0	0	0	0	0	0	0	0	0	0	0	0	0	0	0	0	0	0	0	0	0	0	0	0	0	0	0	0	2003	0
LFQ	31	0	0	0	0	0	0	0	0	0	0	0	0	0	0	0	0	0	0	0	0	0	0	0	0	0	0	0	0	0	0	2003	0
LFQ	32	0	0	0	0	0	0	0	0	0	0	0	0	0	0	0	0	0	0	0	0	0	0	0	0	0	0	0	0	0	0	2003	0
LFQ	33	0	0	0	0	0	0	0	0	0	0	0	0	0	0	0	0	0	0	0	0	0	0	0	0	0	0	0	0	0	0	2003	0
LFQ	34	0	0	0	0	0	0	0	0	0	0	0	0	0	0	0	0	0	0	0	0	0	0	0	0	0	0	0	0	0	0	2003	0
LFQ	35	0	0	0	0	0	0	0	0	0	0	0	0	0	0	0	0	0	0	0	0	0	0	0	0	0	0	0	0	0	0	2003	0
LFQ	36	0	0	0	0	0	0	0	0	0	0	0	0	0	0	0	0	0	0	0	0	0	0	0	0	0	0	0	0	0	0	2003	0
LFQ	37	0	0	0	0	0	0	0	0	0	0	0	0	0	0	0	0	0	0	0	0	0	0	0	0	0	0	0	0	0	0	2003	0
LFQ	38	0	0	0	0	0	0	0	0	0	0	0	0	0	0	0	0	0	0	0	0	0	0	0	0	0	0	0	0	0	0	2003	0
LFQ	39	0	0	0	0	0	0	0	0	0	0	0	0	0	0	0	0	0	0	0	0	0	0	0	0	0	0	0	0	0	0	2003	0
LFQ	40	0	0	0	0	0	0	0	0	0	0	0	0	0	0	0	0	0	0	0	0	0	0	0	0	0	0	0	0	0	0	2003	0
LFQ	41	0	0	0	0	0	0	0	0	0	0	0	0	0	0	0	0	0	0	0	0	0	0	0	0	0	0	0	0	0	0	2003	0
LFQ	42	0	0	0	0	0	0	0	0	0	0	0	0	0	0	0	0	0	0	0	0	0	0	0	0	0	0	0	0	0	0	2003	0
LFQ	43	0	0	0	0	0	0	0	0	0	0	0	0	0	0	0	0	0	0	0	0	0	0	0	0	0	0	0	0	0	0	2003	0
LFQ	44	0	0	0	0	0	0	0	0	0	0	0	0	0	0	0	0	0	0	0	0	0	0	0	0	0	0	0	0	0	0	2003	0
LFQ	45	0	0	0	0	0	0	0	0	0	0	0	0	0	0	0	0	0	0	0	0	0	0	0	0	0	0	0	0	0	0	2003	0
LFQ	46	0	0	0	0	0	0	0	0	0	0	0	0	0	0	0	0	0	0	0	0	0	0	0	0	0	0	0	0	0	0	2003	0
LFQ	47	0	0	0	0	0	0	0	0	0	0	0	0	0	0	0	0	0	0	0	0	0	0	0	0	0	0	0	0	0	0	2003	0
LFQ	48	0	0	0	0	0	0	0	0	0	0	0	0	0	0	0	0	0	0	0	0	0	0	0	0	0	0	0	0	0	0	2003	0
LFQ	49	0	0	0	0	0	0	0	0	0	0	0	0	0	0	0	0	0	0	0	0	0	0	0	0	0	0	0	0	0	0	2003	0
LFQ	50	0	0	0	0	0	0	0	0	0	0	0	0	0	0	0	0	0	0	0	0	0	0	0	0	0	0	0	0	0	0	2003	0
LFQ	51	0	0	0	0	0	0	0	0	0	0	0	0	0	0	0	0	0	0	0	0	0	0	0	0	0	0	0	0	0	0	2003	0
LFQ	52	0	0	0	0	0	0	0	0	0	0	0	0	0	0	0	0	0	0	0	0	0	0	0	0	0	0	0	0	0	0	2003	0
LFQ	53	0	0	0	0	0	0	0	0	0	0	0	0	0	0	0	0	0	0	0	0	0	0	0	0	0	0	0	0	0	0	2003	0
LFQ	54	0	0	0	0	0	0	0	0	0	0	0	0	0	0	0	0	0	0	0	0	0	0	0	0	0	0	0	0	0	0	2003	0
LFQ	55	0	0	0	0	0	0	0	0	0	0	0	0	0	0	0	0	0	0	0	0	0	0	0	0	0	0	0	0	0	0	2003	0
LFQ	56	0	0	0	0	0	0	0	0	0	0	0	0	0	0	0	0	0	0	0	0	0	0	0	0	0	0	0	0	0	0	2003	0
LFQ	57	0	0	0	0	0	0	0	0	0	0	0	0	0	0	0	0	0	0	0	0	0	0	0	0	0	0	0	0	0	0	2003	0
LFQ	58	0	0	0	0	0	0	0	0	0	0	0	0	0	0	0	0	0	0	0	0	0	0	0	0	0	0	0	0	0	0	2003	0
LFQ	59	0	0	0	0	0	0	0	0	0	0	0	0	0	0	0	0	0	0	0	0	0	0	0	0	0	0	0	0	0	0	2003	0
LFQ	60	0	0	0	0	0	0	0	0	0	0	0	0	0	0	0	0	0	0	0	0	0	0	0	0	0	0	0	0	0	0	2003	0
LFQ	61	0	0	0	0	0	0	0	0	0	0	0	0	0	0	0	0	0	0	0	0	0	0	0	0	0	0	0	0	0	0	2003	0
LFQ	62	0	0	0	0	0	0	0	0	0	0	0	0	0	0	0	0	0	0	0	0	0	0	0	0	0	0	0	0	0	0	2003	0
LFQ	63	0	0	0	0	0	0	0	0	0	0	0	0	0	0	0	0	0	0	0	0	0	0	0	0	0	0	0	0	0	0	2003	0
LFQ	64	0	0	0	0	0	0	0	0	0	0	0	0	0	0	0	0	0	0	0	0	0	0	0	0	0	0	0	0	0	0	2003	0
LFQ	65	0	0	0	0	0	0	0	0	0	0	0	0	0	0	0	0	0	0	0	0	0	0	0	0	0	0	0	0	0	0	2003	0
LFQ	66	0	0	0	0	0	0	0	0	0	0	0	0	0	0	0	0	0	0	0	0	0	0	0	0	0	0	0	0	0	0	2003	0
LFQ	67	0	0	0	0	0	0	0	0	0	0	0	0	0	0	0	0	0	0	0	0	0	0	0	0	0	0	0	0	0	0	2003	0
LFQ	68	0	0	0	0	0	0	0	0	0	0	0	0	0	0	0	0	0	0	0	0	0	0	0	0	0	0	0	0	0	0	2003	0
LFQ	69	0	0	0	0	0	0	0	0	0	0	0	0	0	0	0	0	0	0	0	0	0	0	0	0	0	0	0	0	0	0	2003	0
LFQ	70	0	0	0	0	0	0	0	0	0	0	0	0	0	0	0	0	0	0	0	0	0	0	0	0	0	0	0	0	0	0	2003	0
LFQ	71	0	0	0	0	0	0	0	0	0	0	0	0	0	0	0	0	0	0	0	0	0	0	0	0	0	0	0	0	0	0	2003	0
LFQ	72	0	0	0	0	0	0	0	0	0	0	0	0	0	0	0	0	0	0	0	0	0	0	0	0	0	0	0	0	0	0	2003	0
LFQ	73	0	0	0	0	0	0	0	0	0	0	0	0	0	0	0	0	0	0	0	0	0	0	0	0	0	0	0	0	0	0	2003	0
LFQ	74	0	0	0	0	0	0	0	0	0	0	0	0	0	0	0	0	0	0	0	0	0	0	0	0	0	0	0	0	0	0	2003	0
LFQ	75	0	0	0	0	0	0	0	0	0	0	0	0	0	0	0	0	0	0	0	0	0	0	0	0	0	0	0	0	0	0	2003	0
LFQ	76	0	0	0	0	0	0	0	0	0	0	0	0	0	0	0	0	0	0	0	0	0	0	0	0	0	0	0	0	0	0	2003	0
LFQ	77	0	0	0	0	0	0	0	0	0	0	0	0	0	0	0	0	0	0	0	0	0	0	0	0	0	0	0	0	0	0	2003	0
LFQ	78	0	0	0	0	0	0	0	0	0	0	0	0	0	0	0	0	0	0	0	0	0	0	0	0	0	0	0	0	0	0	2003	0
LFQ	79	0	0	0	0	0	0	0	0	0	0	0	0	0	0	0	0	0	0	0	0	0	0	0	0	0	0	0	0	0	0	2003	0
LFQ	80	0	0	0	0	0	0	0	0	0	0	0	0	0	0	0	0	0	0	0	0	0	0	0	0	0	0	0	0	0	0	2003	0
LFQ	81	0	0	0	0	0	0	0	0	0	0	0	0	0	0	0	0	0	0	0	0	0	0	0	0	0	0	0	0	0	0	2003	0
LFQ	82	0	0	0	0	0	0	0	0	0	0	0	0	0	0	0	0	0	0	0	0	0	0	0	0	0	0	0	0	0	0	2003	0
LFQ	83	0	0	0	0	0	0	0	0	0	0	0	0	0	0	0	0	0	0	0	0	0	0	0	0	0	0	0	0	0	0	2003	0
LFQ	84	0	0	0	0	0	0	0	0	0	0	0	0	0	0	0	0	0	0	0	0	0	0	0	0	0	0	0	0	0	0	2003	0
LFQ	85	0	0	0	0	0	0	0	0	0	0	0	0	0	0	0	0	0	0	0	0	0	0	0	0	0	0	0	0	0	0	2003	0
LFQ	86	0	0	0	0	0	0	0	0	0	0	0	0	0	0	0	0	0	0	0	0	0	0	0	0	0	0	0	0	0	0	2003	0
LFQ	87	0	0	0	0	0	0	0	0	0	0	0	0	0	0	0	0	0	0	0	0	0	0	0	0	0	0	0	0	0	0	2003	0
LFQ	88	0	0	0	0	0	0	0	0	0	0	0	0	0	0	0	0	0	0	0	0	0	0	0	0	0	0	0	0	0	0	2003	0
LFQ	89	0	0	0	0	0	0	0	0	0	0	0	0	0	0	0	0	0	0	0	0	0	0	0	0	0	0	0	0	0	0	2003	0
LFQ	90	0	0	0	0	0	0	0	0	0	0	0	0	0	0	0	0	0	0	0	0	0	0	0	0	0	0	0	0	0	0	2003	0
LFQ	91	0	0	0	0	0	0	0	0	0	0	0	0	0	0	0	0	0	0	0	0	0	0	0	0	0	0	0	0	0	0	2003	0
LFQ	92	0	0	0	0	0	0	0	0	0	0	0	0	0	0	0	0	0	0	0	0	0	0	0	0	0	0	0	0	0	0	2003	0
LFQ	93	0	0	0	0	0	0	0	0	0	0	0	0	0	0	0	0	0	0	0	0	0	0	0	0	0	0	0	0	0	0	2003	0
LFQ	94	0	0	0	0	0	0	0	0	0	0	0	0	0	0	0	0	0	0	0	0	0	0	0	0	0	0	0	0	0	0	2003	0
LFQ	95	0	0	0	0	0	0	0	0	0	0	0	0	0	0	0	0	0	0	0	0	0	0	0	0	0	0	0	0	0	0	2003	0
LFQ	96	0	0	0	0	0	0	0	0	0	0	0	0	0	0	0	0	0	0	0	0	0	0	0	0	0	0	0	0	0	0	2003	0
LFQ	97	0	0	0	0	0	0	0	0	0	0	0	0	0	0	0	0	0	0	0	0	0	0	0	0	0	0	0	0	0	0	2003	0
LFQ	98	0	0	0	0	0	0	0	0	0	0	0	0	0	0	0	0	0	0	0	0	0	0	0	0	0	0	0	0	0	0	2003	0
LFQ	99	0	0	0	0	0	0	0	0	0	0	0	0	0	0	0	0	0	0	0	0	0	0	0	0	0	0	0	0	0	0	2003	0
LFQ	100	0	0	0	0	0	0	0	0	0	0	0	0	0	0	0	0	0	0	0	0	0	0	0	0	0	0	0	0	0	0	2003	0
LFQ	101	0	0	0	0	0	0	0	0	0	0	0	0	0	0	0	0	0	0	0	0	0	0	0	0	0	0	0	0	0	0	2003	0
LFQ	102	0	0	0	0	0	0	0	0	0	0	0	0	0	0	0	0	0	0	0	0	0	0	0	0	0	0	0	0	0	0	2003	0
LFQ	103	0	0	0	0	0	0	0	0	0	0	0	0	0	0	0	0	0	0	0	0	0	0	0	0	0	0	0	0	0	0	2003	0
LFQ	104	0	0	0	0	0	0	0	0	0	0	0	0	0	0	0	0	0	0	0	0	0	0	0	0	0	0	0	0	0	0	2003	0
LFQ	105	0	0	0	0	0	0	0	0	0	0	0	0	0	0	0	0	0	0	0	0	0	0	0	0	0	0	0	0	0	0	2003	0
LFQ	106	0	0	0	0	0	0	0	0	0	0	0	0	0	0	0	0	0	0	0	0	0	0	0	0	0	0	0	0	0	0	2003	0
LFQ	107	0	0	0	0	0	0	0	0	0	0	0	0	0	0	0	0	0	0	0	0	0	0	0	0	0	0	0	0	0	0	2003	0
LFQ	108	0	0	0	0	0	0	0	0	0	0	0	0	0	0	0	0	0	0	0	0	0	0	0	0	0	0	0	0	0	0	2003	0
LFQ	109	0	0	0	0	0	0	0	0	0	0	0	0	0	0	0	0	0	0	0	0	0	0	0	0	0	0	0	0	0	0	2003	0
LFQ	110	0	0	0	0	0	0	0	0	0	0	0	0	0	0	0	0	0	0	0	0	0	0	0	0	0	0	0	0	0	0	2003	0
LFQ	111	0	0	0	0	0	0	0	0	0	0	0	0	0	0	0	0	0	0	0	0	0	0	0	0	0	0	0	0	0	0	2003	0
LFQ	112	0	0	0	0	0	0	0	0	0	0	0	0	0	0	0	0	0	0	0	0	0	0	0	0	0	0	0	0	0	0	2003	0
LFQ	113	0	0	0	0	0	0	0	0	0	0	0	0	0	0	0	0	0	0	0	0	0	0	0	0	0	0	0	0	0	0	2003	0
LFQ	114	0	0	0	0	0	0	0	0	0	0	0	0	0	0	0	0	0	0	0	0	0	0	0	0	0	0	0	0	0	0	2003	0
LFQ	115	0	0	0	0	0	0	0	0	0	0	0	0	0	0	0	0	0	0	0	0	0	0	0	0	0	0	0	0	0	0	2003	0
LFQ	116	0	0	0	0	0	0	0	0	0	0	0	0	0	0	0	0	0	0	0	0	0	0	0	0	0	0	0	0	0	0	2003	0
LFQ	117	0	0	0	0	0	0	0	0	0	0	0	0	0	0	0	0	0	0	0	0	0	0	0	0	0	0	0	0	0	0	2003	0
LFQ	118	0	0	0	0	0	0	0	0	0	0	0	0	0	0	0	0	0	0	0	0	0	0	0	0	0	0	0	0	0	0	2003	0
LFQ	119	0	0	0	0	0	0	0	0	0	0	0	0	0	0	0	0	0	0	0	0	0	0	0	0	0	0	0	0	0	0	2003	0
LFQ	120	0	0	0	0	0	0	0	0	0	0	0	0	0	0	0	0	0	0	0	0	0	0	0	0	0	0	0	0	0	0	2003	0
LFQ	121	0	0	0	0	0	0	0	0	0	0	0	0	0	0	0	0	0	0	0	0	0	0	0	0	0	0	0	0	0	0	2003	0
LFQ	122	0	0	0	0	0	0	0	0	0	0	0	0	0	0	0	0	0	0	0	0	0	0	0	0	0	0	0	0	0	0	2003	0
LFQ	123	0	0	0	0	0	0	0	0	0	0	0	0	0	0	0	0	0	0	0	0	0	0	0	0	0	0	0	0	0	0	2003	0
LFQ	124	0	0	0	0	0	0	0	0	0	0	0	0	0	0	0	0	0	0	0	0	0	0	0	0	0	0	0	0	0	0	2003	0
LFQ	125	0	0	0	0	0	0	0	0	0	0	0	0	0	0	0	0	0	0	0	0	0	0	0	0	0	0	0	0	0	0	2003	0
LFQ	126	0	0	0	0	0	0	0	0	0	0	0	0	0	0	0	0	0	0	0	0	0	0	0	0	0	0	0	0	0	0	2003	0
LFQ	127	0	0	0	0	0	0	0	0	0	0	0	0	0	0	0	0	0	0	0	0	0	0	0	0	0	0	0	0	0	0	2003	0
LFQ	128	0	0	0	0	0	0	0	0	0	0	0	0	0	0	0	0	0	0	0	0	0	0	0	0	0	0	0	0	0	0	2003	0
LFQ	129	0	0	0	0	0	0	0	0	0	0	0	0	0	0	0	0	0	0	0	0	0	0	0	0	0	0	0	0	0	0	2003	0
LFQ	130	0	0	0	0	0	0	0	0	0	0	0	0	0	0	0	0	0	0	0	0	0	0	0	0	0	0	0	0	0	0	2003	0
LFQ	131	0	0	0	0	0	0	0	0	0	0	0	0	0	0	0	0	0	0	0	0	0	0	0	0	0	0	0	0	0	0	2003	0
LFQ	132	0	0	0	0	0	0	0	0	0	0	0	0	0	0	0	0	0	0	0	0	0	0	0	0	0	0	0	0	0	0	2003	0
LFQ	133	0	0	0	0	0	0	0	0	0	0	0	0	0	0	0	0	0	0	0	0	0	0	0	0	0	0	0	0	0	0	2003	0
LFQ	134	0	0	0	0	0	0	0	0	0	0	0	0	0	0	0	0	0	0	0	0	0	0	0	0	0	0	0	0	0	0	2003	0
LFQ	135	0	0	0	0	0	0	0	0	0	0	0	0	0	0	0	0	0	0	0	0	0	0	0	0	0	0	0	0	0	0	2003	0
LFQ	136	0	0	0	0	0	0	0	0	0	0	0	0	0	0	0	0	0	0	0	0	0	0	0	0	0	0	0	0	0	0	2003	0
LFQ	137	0	0	0	0	0	0	0	0	0	0	0	0	0	0	0	0	0	0	0	0	0	0	0	0	0	0	0	0	0	0	2003	0
LFQ	138	0	0	0	0	0	0	0	0	0	0	0	0	0	0	0	0	0	0	0	0	0	0	0	0	0	0	0	0	0	0	2003	0
LFQ	139	0	0	0	0	0	0	0	0	0	0	0	0	0	0	0	0	0	0	0	0	0	0	0	0	0	0	0	0	0	0	2003	0
LFQ	140	0	0	0	0	0	0	0	0	0	0	0	0	0	0	0	0	0	0	0	0	0	0	0	0	0	0	0	0	0	0	2003	0
LFQ	141	0	0	0	0	0	0	0	0	0	0	0	0	0	0	0	0	0	0	0	0	0	0	0	0	0	0	0	0	0	0	2003	0
LFQ	142	0	0	0	0	0	0	0	0	0	0	0	0	0	0	0	0	0	0	0	0	0	0	0	0	0	0	0	0	0	0	2003	0
LFQ	143	0	0	0	0	0	0	0	0	0	0	0	0	0	0	0	0	0	0	0	0	0	0	0	0	0	0	0	0	0	0	2003	0
LFQ	144	0	0	0	0	0	0	0	0	0	0	0	0	0	0	0	0	0	0	0	0	0	0	0	0	0	0	0	0	0	0	2003	0
LFQ	145	0	0	0	0	0	0	0	0	0	0	0	0	0	0	0	0	0	0	0	0	0	0	0	0	0	0	0	0	0	0	2003	0
LFQ	146	0	0	0	0	0	0	0	0	0	0	0	0	0	0	0	0	0	0	0	0	0	0	0	0	0	0	0	0	0	0	2003	0
LFQ	147	0	0	0	0	0	0	0	0	0	0	0	0	0	0	0	0	0	0	0	0	0	0	0	0	0	0	0	0	0	0	2003	0
LFQ	148	0	0	0	0	0	0	0	0	0	0	0	0	0	0	0	0	0	0	0	0	0	0	0	0	0	0	0	0	0	0	2003	0
LFQ	149	0	0	0	0	0	0	0	0	0	0	0	0	0	0	0	0	0	0	0	0	0	0	0	0	0	0	0	0	0	0	2003	0
LFQ	150	0	0	0	0	0	0	0	0	0	0	0	0	0	0	0	0	0	0	0	0	0	0	0	0	0	0	0	0	0	0	2003	0
# GC Content of first fragments. Use `grep ^GCF | cut -f 2-` to extract this part.
GCF	3.27	0
GCF	7.04	1
GCF	8.29	0
GCF	9.30	1
GCF	13.57	0
GCF	18.34	1
GCF	19.35	2
GCF	20.10	0
GCF	20.85	2
GCF	21.36	0
GCF	22.11	3
GCF	22.86	2
GCF	23.37	8
GCF	24.12	9
GCF	24.87	13
GCF	25.38	12
GCF	26.13	20
GCF	26.88	12
GCF	27.39	21
GCF	28.14	29
GCF	28.89	35
GCF	29.40	38
GCF	30.15	35
GCF	31.16	37
GCF	32.16	35
GCF	32.91	57
GCF	33.42	52
GCF	33.92	49
GCF	34.67	83
GCF	35.43	74
GCF	35.93	87
GCF	36.68	89
GCF	37.44	77
GCF	37.94	72
GCF	38.69	70
GCF	39.45	67
GCF	39.95	78
GCF	40.70	56
GCF	41.46	85
GCF	41.96	56
GCF	42.71	58
GCF	43.47	56
GCF	43.97	49
GCF	44.72	54
GCF	45.48	57
GCF	45.98	36
GCF	46.73	42
GCF	47.49	51
GCF	47.99	38
GCF	48.74	22
GCF	49.50	24
GCF	50.00	10
GCF	50.75	17
GCF	51.51	13
GCF	52.01	14
GCF	52.76	11
GCF	53.52	7
GCF	54.02	4
GCF	54.77	5
GCF	55.53	6
GCF	56.03	1
GCF	56.78	5
GCF	57.54	1
GCF	58.04	2
GCF	58.79	3
GCF	59.55	1
GCF	60.55	2
GCF	61.56	0
GCF	62.06	2
GCF	62.81	1
GCF	65.58	0
GCF	68.09	1
GCF	68.59	0
GCF	69.35	1
# GC Content of last fragments. Use `grep ^GCL | cut -f 2-` to extract this part.
GCL	3.27	0
GCL	6.78	1
GCL	8.29	0
GCL	10.05	1
GCL	12.06	0
GCL	14.07	1
GCL	14.82	0
GCL	15.83	1
GCL	17.59	0
GCL	18.84	2
GCL	19.35	1
GCL	20.10	5
GCL	20.85	2
GCL	21.36	5
GCL	22.11	2
GCL	22.86	1
GCL	23.37	5
GCL	24.12	10
GCL	24.87	9
GCL	25.38	15
GCL	26.13	18
GCL	26.88	13
GCL	27.39	22
GCL	28.14	28
GCL	28.89	32
GCL	29.40	28
GCL	30.15	43
GCL	30.90	36
GCL	31.41	42
GCL	32.16	46
GCL	32.91	51
GCL	33.42	59
GCL	33.92	65
GCL	34.92	72
GCL	35.93	81
GCL	36.68	84
GCL	37.44	73
GCL	37.94	72
GCL	38.69	64
GCL	39.45	86
GCL	39.95	56
GCL	40.70	72
GCL	41.46	58
GCL	41.96	51
GCL	42.71	71
GCL	43.47	54
GCL	43.97	32
GCL	44.72	39
GCL	45.48	54
GCL	45.98	61
GCL	46.73	53
GCL	47.49	37
GCL	47.99	40
GCL	48.74	31
GCL	49.75	18
GCL	51.01	15
GCL	52.01	19
GCL	52.76	8
GCL	53.52	9
GCL	54.02	4
GCL	54.77	7
GCL	55.53	2
GCL	56.03	5
GCL	56.78	2
GCL	57.54	3
GCL	58.04	2
GCL	58.79	3
GCL	59.55	2
GCL	60.05	3
GCL	61.06	1
GCL	62.06	2
GCL	63.07	0
GCL	64.07	1
GCL	64.82	3
GCL	65.83	0
GCL	66.58	1
GCL	67.59	0
GCL	68.59	1
# ACGT content per cycle. Use `grep ^GCC | cut -f 2-` to extract this part. The columns are: cycle; A,C,G,T base counts as a percentage of all A/C/G/T bases [%]; and N and O counts as a percentage of all A/C/G/T bases [%]
GCC	1	30.69	20.12	18.58	30.61	0.02	0.00
GCC	2	31.18	20.72	17.75	30.35	0.00	0.00
GCC	3	31.15	19.52	19.67	29.66	0.00	0.00
GCC	4	31.88	20.62	17.20	30.30	0.00	0.00
GCC	5	29.96	19.75	19.42	30.88	0.00	0.00
GCC	6	30.35	20.29	18.60	30.75	0.00	0.00
GCC	7	30.20	19.25	19.42	31.13	0.00	0.00
GCC	8	30.23	18.95	19.47	31.35	0.00	0.00
GCC	9	29.71	20.09	19.95	30.25	0.00	0.00
GCC	10	31.18	20.12	19.67	29.03	0.00	0.00
GCC	11	31.03	20.04	19.17	29.76	0.00	0.00
GCC	12	30.58	20.42	18.92	30.08	0.00	0.00
GCC	13	31.40	19.05	18.75	30.80	0.00	0.00
GCC	14	29.91	20.52	18.70	30.88	0.00	0.00
GCC	15	31.10	20.04	17.77	31.08	0.00	0.00
GCC	16	32.08	20.09	17.97	29.86	0.00	0.00
GCC	17	30.03	19.57	19.47	30.93	0.00	0.00
GCC	18	29.03	22.04	18.25	30.68	0.00	0.00
GCC	19	31.15	18.50	18.82	31.53	0.00	0.00
GCC	20	30.10	19.97	19.42	30.50	0.00	0.00
GCC	21	30.60	20.47	19.20	29.73	0.00	0.00
GCC	22	30.95	20.52	18.67	29.86	0.00	0.00
GCC	23	30.75	18.95	19.02	31.28	0.00	0.00
GCC	24	32.00	19.65	18.32	30.03	0.00	0.00
GCC	25	30.90	19.87	18.97	30.25	0.00	0.00
GCC	26	30.38	20.14	18.75	30.73	0.00	0.00
GCC	27	30.98	19.05	19.80	30.18	0.00	0.00
GCC	28	28.76	20.97	19.32	30.95	0.00	0.00
GCC	29	30.68	20.00	18.80	30.53	0.00	0.00
GCC	30	29.18	19.80	19.47	31.55	0.00	0.00
GCC	31	29.63	19.82	20.02	30.53	0.00	0.00
GCC	32	30.00	19.57	19.20	31.23	0.00	0.00
GCC	33	30.18	19.57	19.10	31.15	0.00	0.00
GCC	34	30.18	20.72	17.82	31.28	0.00	0.00
GCC	35	31.78	19.95	18.10	30.18	0.00	0.00
GCC	36	30.40	21.14	18.92	29.53	0.00	0.00
GCC	37	31.33	20.39	19.27	29.01	0.00	0.00
GCC	38	30.23	19.72	19.62	30.43	0.00	0.00
GCC	39	31.70	20.29	17.55	30.45	0.00	0.00
GCC	40	31.98	19.72	17.60	30.70	0.00	0.00
GCC	41	31.38	20.14	17.77	30.70	0.00	0.00
GCC	42	31.18	20.79	18.07	29.96	0.00	0.00
GCC	43	31.70	19.67	18.60	30.03	0.00	0.00
GCC	44	31.23	18.42	19.07	31.28	0.00	0.00
GCC	45	29.58	20.89	19.52	30.00	0.00	0.00
GCC	46	30.55	19.85	18.10	31.50	0.00	0.00
GCC	47	31.20	20.02	17.92	30.85	0.00	0.00
GCC	48	30.55	20.34	17.92	31.18	0.00	0.00
GCC	49	30.83	19.72	19.05	30.40	0.00	0.00
GCC	50	30.83	19.70	19.27	30.20	0.00	0.00
GCC	51	32.10	19.15	18.87	29.88	0.00	0.00
GCC	52	31.15	19.67	17.75	31.43	0.00	0.00
GCC	53	31.08	19.07	19.37	30.48	0.00	0.00
GCC	54	30.50	20.14	18.42	30.93	0.00	0.00
GCC	55	29.63	20.17	19.55	30.65	0.00	0.00
GCC	56	31.70	20.09	18.85	29.36	0.00	0.00
GCC	57	29.91	19.57	19.85	30.68	0.00	0.00
GCC	58	30.93	20.37	17.42	31.28	0.00	0.00
GCC	59	31.03	18.95	18.32	31.70	0.00	0.00
GCC	60	30.28	19.62	19.00	31.10	0.00	0.00
GCC	61	29.63	20.47	19.25	30.65	0.00	0.00
GCC	62	31.18	19.45	19.17	30.20	0.00	0.00
GCC	63	31.55	19.10	17.72	31.63	0.00	0.00
GCC	64	31.95	18.70	18.80	30.55	0.00	0.00
GCC	65	31.65	19.87	17.77	30.70	0.00	0.00
GCC	66	30.50	20.27	19.30	29.93	0.00	0.00
GCC	67	29.96	20.57	17.87	31.60	0.00	0.00
GCC	68	30.35	19.67	18.85	31.13	0.00	0.00
GCC	69	31.65	19.20	19.75	29.41	0.00	0.00
GCC	70	31.55	20.54	18.25	29.66	0.00	0.00
GCC	71	31.70	20.04	17.77	30.48	0.00	0.00
GCC	72	31.15	20.27	17.90	30.68	0.00	0.00
GCC	73	31.03	18.90	19.05	31.03	0.00	0.00
GCC	74	31.00	19.82	18.77	30.40	0.00	0.00
GCC	75	29.66	20.64	19.15	30.55	0.00	0.00
GCC	76	31.13	21.04	18.47	29.36	0.00	0.00
GCC	77	29.46	21.42	19.30	29.83	0.00	0.00
GCC	78	30.03	20.12	19.42	30.43	0.00	0.00
GCC	79	30.80	18.50	19.42	31.28	0.00	0.00
GCC	80	30.85	20.67	18.80	29.68	0.00	0.00
GCC	81	31.73	19.85	18.27	30.15	0.00	0.00
GCC	82	30.50	20.27	18.00	31.23	0.00	0.00
GCC	83	29.91	19.57	18.95	31.58	0.00	0.00
GCC	84	29.68	19.80	18.57	31.95	0.00	0.00
GCC	85	30.43	18.77	20.09	30.70	0.00	0.00
GCC	86	28.61	19.90	20.54	30.95	0.00	0.00
GCC	87	30.10	19.70	19.00	31.20	0.00	0.00
GCC	88	30.68	20.27	18.55	30.50	0.00	0.00
GCC	89	29.26	20.37	18.70	31.68	0.00	0.00
GCC	90	30.88	19.47	18.10	31.55	0.00	0.00
GCC	91	29.73	20.04	18.57	31.65	0.00	0.00
GCC	92	28.88	19.92	18.90	32.30	0.00	0.00
GCC	93	30.05	20.42	18.72	30.80	0.00	0.00
GCC	94	30.48	20.77	18.47	30.28	0.00	0.00
GCC	95	30.48	20.67	18.92	29.93	0.00	0.00
GCC	96	31.63	19.35	18.07	30.95	0.00	0.00
GCC	97	30.83	19.70	18.50	30.98	0.00	0.00
GCC	98	30.73	19.60	18.65	31.03	0.00	0.00
GCC	99	30.93	20.17	17.95	30.95	0.00	0.00
GCC	100	29.48	20.69	19.00	30.83	0.00	0.00
GCC	101	29.76	20.39	18.65	31.20	0.00	0.00
GCC	102	29.43	20.59	19.22	30.75	0.00	0.00
GCC	103	30.53	20.74	18.30	30.43	0.00	0.00
GCC	104	30.10	19.22	18.52	32.15	0.00	0.00
GCC	105	30.40	20.00	18.60	31.00	0.00	0.00
GCC	106	28.81	20.54	19.90	30.75	0.00	0.00
GCC	107	30.40	21.12	18.35	30.13	0.00	0.00
GCC	108	30.95	19.72	19.22	30.10	0.00	0.00
GCC	109	30.00	20.02	18.55	31.43	0.00	0.00
GCC	110	31.05	20.22	17.72	31.00	0.00	0.00
GCC	111	30.03	20.74	17.72	31.50	0.00	0.00
GCC	112	30.13	20.54	19.27	30.05	0.00	0.00
GCC	113	29.81	19.72	19.02	31.45	0.00	0.00
GCC	114	28.98	20.84	18.75	31.43	0.00	0.00
GCC	115	29.53	20.37	18.75	31.35	0.00	0.00
GCC	116	30.25	19.22	18.00	32.53	0.00	0.00
GCC	117	31.33	19.47	18.37	30.83	0.00	0.00
GCC	118	29.48	20.57	18.85	31.10	0.00	0.00
GCC	119	31.60	20.07	18.12	30.20	0.00	0.00
GCC	120	30.28	20.37	19.30	30.05	0.00	0.00
GCC	121	32.65	19.02	18.05	30.28	0.00	0.00
GCC	122	30.18	20.17	17.87	31.78	0.00	0.00
GCC	123	31.93	20.24	17.97	29.86	0.00	0.00
GCC	124	29.58	20.22	18.55	31.65	0.00	0.00
GCC	125	28.93	20.17	19.47	31.43	0.00	0.00
GCC	126	30.78	19.50	18.75	30.98	0.00	0.00
GCC	127	31.25	20.09	18.75	29.91	0.00	0.00
GCC	128	30.70	19.80	18.75	30.75	0.00	0.00
GCC	129	30.60	20.00	18.05	31.35	0.00	0.00
GCC	130	30.75	20.44	18.85	29.96	0.00	0.00
GCC	131	30.05	20.94	18.25	30.75	0.00	0.00
GCC	132	30.53	20.07	18.22	31.18	0.00	0.00
GCC	133	30.35	19.25	18.90	31.50	0.00	0.00
GCC	134	29.83	20.39	18.95	30.83	0.00	0.00
GCC	135	32.43	18.65	18.70	30.23	0.00	0.00
GCC	136	30.48	20.54	17.92	31.05	0.00	0.00
GCC	137	30.10	19.97	18.97	30.95	0.00	0.00
GCC	138	30.93	20.09	18.60	30.38	0.00	0.00
GCC	139	31.15	20.27	18.20	30.38	0.00	0.00
GCC	140	31.83	19.75	19.17	29.26	0.00	0.00
GCC	141	30.38	19.55	18.97	31.10	0.00	0.00
GCC	142	31.25	20.62	17.65	30.48	0.00	0.00
GCC	143	29.78	18.92	19.45	31.85	0.00	0.00
GCC	144	31.25	19.12	18.22	31.40	0.00	0.00
GCC	145	30.95	19.60	18.85	30.60	0.00	0.00
GCC	146	30.40	20.12	18.42	31.05	0.00	0.00
GCC	147	30.13	19.02	18.87	31.98	0.00	0.00
GCC	148	29.11	19.47	20.12	31.30	0.00	0.00
GCC	149	30.35	19.22	19.70	30.73	0.00	0.00
GCC	150	29.58	19.10	19.85	31.48	0.00	0.00
# ACGT content per cycle, read oriented. Use `grep ^GCT | cut -f 2-` to extract this part. The columns are: cycle; A,C,G,T base counts as a percentage of all A/C/G/T bases [%]
GCT	1	30.66	18.73	19.98	30.64
GCT	2	30.55	19.37	19.10	30.98
GCT	3	30.18	19.47	19.72	30.63
GCT	4	31.03	18.50	19.32	31.15
GCT	5	30.43	20.39	18.77	30.40
GCT	6	29.36	19.22	19.67	31.75
GCT	7	29.43	19.65	19.02	31.90
GCT	8	32.03	20.17	18.25	29.56
GCT	9	30.38	20.44	19.60	29.58
GCT	10	30.50	18.97	20.82	29.71
GCT	11	30.03	19.22	20.00	30.75
GCT	12	31.43	19.10	20.24	29.23
GCT	13	31.08	17.85	19.95	31.13
GCT	14	30.93	19.62	19.60	29.86
GCT	15	31.25	19.72	18.10	30.93
GCT	16	31.15	18.20	19.87	30.78
GCT	17	30.23	19.50	19.55	30.73
GCT	18	29.58	20.47	19.82	30.13
GCT	19	31.48	17.85	19.47	31.20
GCT	20	30.88	19.67	19.72	29.73
GCT	21	30.78	20.62	19.05	29.56
GCT	22	31.38	20.02	19.17	29.43
GCT	23	29.86	18.47	19.50	32.18
GCT	24	30.63	18.80	19.17	31.40
GCT	25	29.71	18.75	20.09	31.45
GCT	26	31.28	18.97	19.92	29.83
GCT	27	30.33	19.62	19.22	30.83
GCT	28	29.38	20.07	20.22	30.33
GCT	29	30.58	19.07	19.72	30.63
GCT	30	30.78	19.82	19.45	29.96
GCT	31	30.28	19.85	20.00	29.88
GCT	32	30.78	19.22	19.55	30.45
GCT	33	30.60	20.27	18.40	30.73
GCT	34	30.63	19.10	19.45	30.83
GCT	35	31.50	19.30	18.75	30.45
GCT	36	29.56	19.32	20.74	30.38
GCT	37	30.23	21.12	18.55	30.10
GCT	38	30.68	19.75	19.60	29.98
GCT	39	31.33	18.80	19.05	30.83
GCT	40	30.28	18.80	18.52	32.40
GCT	41	31.60	19.50	18.42	30.48
GCT	42	30.58	19.47	19.40	30.55
GCT	43	30.88	19.42	18.85	30.85
GCT	44	31.48	18.80	18.70	31.03
GCT	45	29.78	20.22	20.19	29.81
GCT	46	31.05	19.07	18.87	31.00
GCT	47	31.00	18.55	19.40	31.05
GCT	48	30.75	19.22	19.05	30.98
GCT	49	30.23	18.55	20.22	31.00
GCT	50	31.60	19.40	19.57	29.43
GCT	51	30.93	18.55	19.47	31.05
GCT	52	31.85	20.14	17.27	30.73
GCT	53	31.13	19.60	18.85	30.43
GCT	54	30.38	19.50	19.07	31.05
GCT	55	30.38	20.39	19.32	29.91
GCT	56	30.53	18.40	20.54	30.53
GCT	57	31.63	19.77	19.65	28.96
GCT	58	31.30	19.22	18.57	30.90
GCT	59	32.45	18.95	18.32	30.28
GCT	60	30.53	19.30	19.32	30.85
GCT	61	29.36	18.87	20.84	30.93
GCT	62	30.80	19.75	18.87	30.58
GCT	63	31.93	19.10	17.72	31.25
GCT	64	30.23	18.65	18.85	32.28
GCT	65	31.50	19.00	18.65	30.85
GCT	66	29.91	18.65	20.92	30.53
GCT	67	30.93	18.47	19.97	30.63
GCT	68	30.53	18.47	20.04	30.95
GCT	69	30.30	18.57	20.37	30.75
GCT	70	31.13	19.40	19.40	30.08
GCT	71	30.93	18.90	18.92	31.25
GCT	72	30.80	19.05	19.12	31.03
GCT	73	31.60	18.60	19.35	30.45
GCT	74	30.60	19.20	19.40	30.80
GCT	75	30.43	20.09	19.70	29.78
GCT	76	30.43	20.22	19.30	30.05
GCT	77	30.68	20.02	20.69	28.61
GCT	78	30.70	19.77	19.77	29.76
GCT	79	30.90	19.17	18.75	31.18
GCT	80	30.68	19.77	19.70	29.86
GCT	81	31.55	18.65	19.47	30.33
GCT	82	31.03	18.92	19.35	30.70
GCT	83	29.93	18.42	20.09	31.55
GCT	84	31.85	18.10	20.27	29.78
GCT	85	30.68	18.80	20.07	30.45
GCT	86	28.76	20.07	20.37	30.80
GCT	87	30.10	18.57	20.12	31.20
GCT	88	30.33	19.15	19.67	30.85
GCT	89	30.48	19.67	19.40	30.45
GCT	90	32.70	18.72	18.85	29.73
GCT	91	31.03	18.57	20.04	30.35
GCT	92	31.43	19.60	19.22	29.76
GCT	93	31.00	18.75	20.39	29.86
GCT	94	29.53	19.30	19.95	31.23
GCT	95	30.05	19.77	19.82	30.35
GCT	96	30.93	18.72	18.70	31.65
GCT	97	30.90	18.40	19.80	30.90
GCT	98	31.98	19.92	18.32	29.78
GCT	99	31.90	19.02	19.10	29.98
GCT	100	29.73	19.72	19.97	30.58
GCT	101	30.43	20.49	18.55	30.53
GCT	102	29.81	20.29	19.52	30.38
GCT	103	29.21	19.15	19.90	31.75
GCT	104	31.08	19.07	18.67	31.18
GCT	105	31.70	19.52	19.07	29.71
GCT	106	31.23	19.90	20.54	28.33
GCT	107	30.48	20.27	19.20	30.05
GCT	108	31.23	19.72	19.22	29.83
GCT	109	31.23	20.22	18.35	30.20
GCT	110	31.20	19.10	18.85	30.85
GCT	111	30.80	18.90	19.57	30.73
GCT	112	29.06	19.45	20.37	31.13
GCT	113	31.50	18.60	20.14	29.76
GCT	114	30.75	20.24	19.35	29.66
GCT	115	30.70	19.97	19.15	30.18
GCT	116	31.58	19.07	18.15	31.20
GCT	117	31.05	17.97	19.87	31.10
GCT	118	31.65	19.57	19.85	28.93
GCT	119	30.40	18.90	19.30	31.40
GCT	120	29.73	19.45	20.22	30.60
GCT	121	31.18	18.07	19.00	31.75
GCT	122	30.48	18.55	19.50	31.48
GCT	123	30.13	17.92	20.29	31.65
GCT	124	30.15	19.42	19.35	31.08
GCT	125	30.73	20.09	19.55	29.63
GCT	126	31.33	19.87	18.37	30.43
GCT	127	30.78	18.95	19.90	30.38
GCT	128	31.05	19.62	18.92	30.40
GCT	129	31.10	18.82	19.22	30.85
GCT	130	30.83	20.00	19.30	29.88
GCT	131	30.00	19.57	19.62	30.80
GCT	132	31.23	19.20	19.10	30.48
GCT	133	30.23	18.35	19.80	31.63
GCT	134	29.21	19.70	19.65	31.45
GCT	135	31.30	19.35	18.00	31.35
GCT	136	32.28	19.32	19.15	29.26
GCT	137	31.18	19.37	19.57	29.88
GCT	138	31.25	19.85	18.85	30.05
GCT	139	30.65	19.80	18.67	30.88
GCT	140	31.65	19.55	19.37	29.43
GCT	141	31.50	20.04	18.47	29.98
GCT	142	30.45	20.29	17.97	31.28
GCT	143	30.63	19.50	18.87	31.00
GCT	144	32.00	19.15	18.20	30.65
GCT	145	30.63	18.15	20.29	30.93
GCT	146	30.55	19.30	19.25	30.90
GCT	147	30.70	18.62	19.27	31.40
GCT	148	29.98	19.62	19.97	30.43
GCT	149	30.23	19.42	19.50	30.85
GCT	150	30.35	19.65	19.30	30.70
# ACGT content per cycle for first fragments. Use `grep ^FBC | cut -f 2-` to extract this part. The columns are: cycle; A,C,G,T base counts as a percentage of all A/C/G/T bases [%]; and N and O counts as a percentage of all A/C/G/T bases [%]
FBC	1	30.35	20.72	17.77	31.15	0.00	0.00
FBC	2	31.45	20.52	18.42	29.61	0.00	0.00
FBC	3	31.80	19.22	19.92	29.06	0.00	0.00
FBC	4	31.00	20.87	17.32	30.80	0.00	0.00
FBC	5	30.15	20.37	18.42	31.05	0.00	0.00
FBC	6	30.65	19.67	19.72	29.96	0.00	0.00
FBC	7	30.30	20.02	19.07	30.60	0.00	0.00
FBC	8	30.15	19.52	19.92	30.40	0.00	0.00
FBC	9	29.06	20.52	20.57	29.86	0.00	0.00
FBC	10	31.10	20.12	19.92	28.86	0.00	0.00
FBC	11	30.45	20.27	19.37	29.91	0.00	0.00
FBC	12	30.70	21.42	18.62	29.26	0.00	0.00
FBC	13	30.45	19.52	19.57	30.45	0.00	0.00
FBC	14	29.66	19.27	18.87	32.20	0.00	0.00
FBC	15	32.65	20.97	16.03	30.35	0.00	0.00
FBC	16	33.75	19.72	18.37	28.16	0.00	0.00
FBC	17	30.05	20.12	18.72	31.10	0.00	0.00
FBC	18	30.30	22.12	17.57	30.00	0.00	0.00
FBC	19	31.80	18.82	19.17	30.20	0.00	0.00
FBC	20	29.76	19.82	19.87	30.55	0.00	0.00
FBC	21	30.45	20.12	19.47	29.96	0.00	0.00
FBC	22	31.70	19.77	17.72	30.80	0.00	0.00
FBC	23	31.35	20.22	17.22	31.20	0.00	0.00
FBC	24	32.50	20.47	18.02	29.01	0.00	0.00
FBC	25	32.45	18.82	18.92	29.81	0.00	0.00
FBC	26	30.20	21.12	19.27	29.41	0.00	0.00
FBC	27	31.65	19.87	18.82	29.66	0.00	0.00
FBC	28	28.16	20.67	19.37	31.80	0.00	0.00
FBC	29	31.20	19.52	18.12	31.15	0.00	0.00
FBC	30	28.66	20.22	19.67	31.45	0.00	0.00
FBC	31	28.81	20.42	20.82	29.96	0.00	0.00
FBC	32	30.15	19.22	18.62	32.00	0.00	0.00
FBC	33	30.50	18.32	18.42	32.75	0.00	0.00
FBC	34	30.40	21.17	17.77	30.65	0.00	0.00
FBC	35	32.65	20.07	17.32	29.96	0.00	0.00
FBC	36	31.15	22.37	17.87	28.61	0.00	0.00
FBC	37	30.65	19.77	20.12	29.46	0.00	0.00
FBC	38	29.66	19.92	19.77	30.65	0.00	0.00
FBC	39	31.70	20.47	18.07	29.76	0.00	0.00
FBC	40	32.90	19.67	16.92	30.50	0.00	0.00
FBC	41	30.65	20.37	18.92	30.05	0.00	0.00
FBC	42	32.95	19.92	18.22	28.91	0.00	0.00
FBC	43	32.35	19.32	18.17	30.15	0.00	0.00
FBC	44	32.05	16.82	19.47	31.65	0.00	0.00
FBC	45	30.55	20.82	18.77	29.86	0.00	0.00
FBC	46	32.25	20.32	17.22	30.20	0.00	0.00
FBC	47	30.75	19.67	18.62	30.95	0.00	0.00
FBC	48	30.95	20.12	18.37	30.55	0.00	0.00
FBC	49	30.45	20.47	18.87	30.20	0.00	0.00
FBC	50	30.75	19.77	19.97	29.51	0.00	0.00
FBC	51	33.10	19.47	19.02	28.41	0.00	0.00
FBC	52	31.70	20.52	17.27	30.50	0.00	0.00
FBC	53	33.00	18.82	18.67	29.51	0.00	0.00
FBC	54	32.25	19.82	18.47	29.46	0.00	0.00
FBC	55	29.56	20.62	19.97	29.86	0.00	0.00
FBC	56	31.40	20.32	19.72	28.56	0.00	0.00
FBC	57	31.30	20.42	19.67	28.61	0.00	0.00
FBC	58	31.40	20.82	18.12	29.66	0.00	0.00
FBC	59	30.30	18.62	18.47	32.60	0.00	0.00
FBC	60	29.41	20.32	19.12	31.15	0.00	0.00
FBC	61	29.86	20.52	19.27	30.35	0.00	0.00
FBC	62	30.40	20.47	18.77	30.35	0.00	0.00
FBC	63	31.60	19.57	17.87	30.95	0.00	0.00
FBC	64	31.45	18.62	18.87	31.05	0.00	0.00
FBC	65	32.40	19.57	17.42	30.60	0.00	0.00
FBC	66	29.86	21.32	19.62	29.21	0.00	0.00
FBC	67	31.10	19.87	17.32	31.70	0.00	0.00
FBC	68	30.90	19.97	18.17	30.95	0.00	0.00
FBC	69	32.45	18.82	19.62	29.11	0.00	0.00
FBC	70	31.00	21.22	18.42	29.36	0.00	0.00
FBC	71	33.80	19.67	16.28	30.25	0.00	0.00
FBC	72	31.80	20.67	17.32	30.20	0.00	0.00
FBC	73	30.65	18.72	19.37	31.25	0.00	0.00
FBC	74	31.75	19.22	18.37	30.65	0.00	0.00
FBC	75	30.20	20.87	17.72	31.20	0.00	0.00
FBC	76	31.15	22.12	18.47	28.26	0.00	0.00
FBC	77	28.86	21.97	18.77	30.40	0.00	0.00
FBC	78	29.41	19.02	21.32	30.25	0.00	0.00
FBC	79	31.20	17.77	18.62	32.40	0.00	0.00
FBC	80	30.80	20.92	18.67	29.61	0.00	0.00
FBC	81	32.50	19.52	17.57	30.40	0.00	0.00
FBC	82	29.61	20.27	18.12	32.00	0.00	0.00
FBC	83	28.76	19.47	19.42	32.35	0.00	0.00
FBC	84	29.51	20.32	18.27	31.90	0.00	0.00
FBC	85	30.95	19.07	20.47	29.51	0.00	0.00
FBC	86	28.56	20.32	19.72	31.40	0.00	0.00
FBC	87	29.61	19.57	19.32	31.50	0.00	0.00
FBC	88	30.25	19.77	19.52	30.45	0.00	0.00
FBC	89	28.71	20.17	19.37	31.75	0.00	0.00
FBC	90	31.60	19.52	17.62	31.25	0.00	0.00
FBC	91	29.76	20.27	17.82	32.15	0.00	0.00
FBC	92	27.51	19.67	19.72	33.10	0.00	0.00
FBC	93	30.00	21.07	18.47	30.45	0.00	0.00
FBC	94	29.66	21.72	18.32	30.30	0.00	0.00
FBC	95	30.25	20.97	18.72	30.05	0.00	0.00
FBC	96	31.85	19.42	17.47	31.25	0.00	0.00
FBC	97	32.35	20.12	17.27	30.25	0.00	0.00
FBC	98	30.55	19.22	18.57	31.65	0.00	0.00
FBC	99	31.05	20.82	17.02	31.10	0.00	0.00
FBC	100	29.41	21.92	18.47	30.20	0.00	0.00
FBC	101	30.45	20.57	18.32	30.65	0.00	0.00
FBC	102	30.45	20.32	18.02	31.20	0.00	0.00
FBC	103	31.60	20.22	18.87	29.31	0.00	0.00
FBC	104	30.65	18.97	18.42	31.95	0.00	0.00
FBC	105	29.41	20.07	17.62	32.90	0.00	0.00
FBC	106	28.91	20.02	20.27	30.80	0.00	0.00
FBC	107	31.05	20.82	18.62	29.51	0.00	0.00
FBC	108	30.90	19.62	19.12	30.35	0.00	0.00
FBC	109	30.20	19.02	19.22	31.55	0.00	0.00
FBC	110	30.70	20.92	17.47	30.90	0.00	0.00
FBC	111	29.26	20.67	17.32	32.75	0.00	0.00
FBC	112	29.76	20.07	19.62	30.55	0.00	0.00
FBC	113	30.65	19.42	19.42	30.50	0.00	0.00
FBC	114	29.06	20.12	19.12	31.70	0.00	0.00
FBC	115	30.05	19.87	18.62	31.45	0.00	0.00
FBC	116	29.36	19.62	19.12	31.90	0.00	0.00
FBC	117	31.90	19.87	16.87	31.35	0.00	0.00
FBC	118	29.86	20.07	19.37	30.70	0.00	0.00
FBC	119	31.20	20.17	18.92	29.71	0.00	0.00
FBC	120	30.05	19.77	19.87	30.30	0.00	0.00
FBC	121	32.00	19.77	17.97	30.25	0.00	0.00
FBC	122	30.65	18.92	18.07	32.35	0.00	0.00
FBC	123	32.95	18.77	17.12	31.15	0.00	0.00
FBC	124	29.56	19.67	19.37	31.40	0.00	0.00
FBC	125	29.46	20.42	19.47	30.65	0.00	0.00
FBC	126	30.55	19.42	18.37	31.65	0.00	0.00
FBC	127	31.30	19.62	18.72	30.35	0.00	0.00
FBC	128	29.46	19.72	18.52	32.30	0.00	0.00
FBC	129	29.06	20.72	18.07	32.15	0.00	0.00
FBC	130	30.70	21.02	18.72	29.56	0.00	0.00
FBC	131	29.66	20.97	18.12	31.25	0.00	0.00
FBC	132	30.50	20.12	19.57	29.81	0.00	0.00
FBC	133	30.50	19.32	18.32	31.85	0.00	0.00
FBC	134	30.20	19.72	18.27	31.80	0.00	0.00
FBC	135	32.35	19.17	18.22	30.25	0.00	0.00
FBC	136	30.80	20.37	17.12	31.70	0.00	0.00
FBC	137	29.46	20.07	19.02	31.45	0.00	0.00
FBC	138	31.45	19.42	18.47	30.65	0.00	0.00
FBC	139	31.00	19.87	18.12	31.00	0.00	0.00
FBC	140	32.05	19.17	18.72	30.05	0.00	0.00
FBC	141	28.61	20.22	19.02	32.15	0.00	0.00
FBC	142	31.05	20.82	17.57	30.55	0.00	0.00
FBC	143	28.91	19.27	19.72	32.10	0.00	0.00
FBC	144	32.35	19.37	17.52	30.75	0.00	0.00
FBC	145	30.90	19.42	18.92	30.75	0.00	0.00
FBC	146	31.10	20.32	17.87	30.70	0.00	0.00
FBC	147	31.05	19.27	18.62	31.05	0.00	0.00
FBC	148	29.21	19.97	20.57	30.25	0.00	0.00
FBC	149	29.91	19.57	20.17	30.35	0.00	0.00
FBC	150	28.91	19.67	20.02	31.40	0.00	0.00
# ACGT raw counters for first fragments. Use `grep ^FTC | cut -f 2-` to extract this part. The columns are: A,C,G,T,N base counters
FTC	92218	60122	56063	92047	0
# ACGT content per cycle for last fragments. Use `grep ^LBC | cut -f 2-` to extract this part. The columns are: cycle; A,C,G,T base counts as a percentage of all A/C/G/T bases [%]; and N and O counts as a percentage of all A/C/G/T bases [%]
LBC	1	31.02	19.53	19.38	30.07	0.05	0.00
LBC	2	30.90	20.92	17.07	31.10	0.00	0.00
LBC	3	30.50	19.82	19.42	30.25	0.00	0.00
LBC	4	32.75	20.37	17.07	29.81	0.00	0.00
LBC	5	29.76	19.12	20.42	30.70	0.00	0.00
LBC	6	30.05	20.92	17.47	31.55	0.00	0.00
LBC	7	30.10	18.47	19.77	31.65	0.00	0.00
LBC	8	30.30	18.37	19.02	32.30	0.00	0.00
LBC	9	30.35	19.67	19.32	30.65	0.00	0.00
LBC	10	31.25	20.12	19.42	29.21	0.00	0.00
LBC	11	31.60	19.82	18.97	29.61	0.00	0.00
LBC	12	30.45	19.42	19.22	30.90	0.00	0.00
LBC	13	32.35	18.57	17.92	31.15	0.00	0.00
LBC	14	30.15	21.77	18.52	29.56	0.00	0.00
LBC	15	29.56	19.12	19.52	31.80	0.00	0.00
LBC	16	30.40	20.47	17.57	31.55	0.00	0.00
LBC	17	30.00	19.02	20.22	30.75	0.00	0.00
LBC	18	27.76	21.97	18.92	31.35	0.00	0.00
LBC	19	30.50	18.17	18.47	32.85	0.00	0.00
LBC	20	30.45	20.12	18.97	30.45	0.00	0.00
LBC	21	30.75	20.82	18.92	29.51	0.00	0.00
LBC	22	30.20	21.27	19.62	28.91	0.00	0.00
LBC	23	30.15	17.67	20.82	31.35	0.00	0.00
LBC	24	31.50	18.82	18.62	31.05	0.00	0.00
LBC	25	29.36	20.92	19.02	30.70	0.00	0.00
LBC	26	30.55	19.17	18.22	32.05	0.00	0.00
LBC	27	30.30	18.22	20.77	30.70	0.00	0.00
LBC	28	29.36	21.27	19.27	30.10	0.00	0.00
LBC	29	30.15	20.47	19.47	29.91	0.00	0.00
LBC	30	29.71	19.37	19.27	31.65	0.00	0.00
LBC	31	30.45	19.22	19.22	31.10	0.00	0.00
LBC	32	29.86	19.92	19.77	30.45	0.00	0.00
LBC	33	29.86	20.82	19.77	29.56	0.00	0.00
LBC	34	29.96	20.27	17.87	31.90	0.00	0.00
LBC	35	30.90	19.82	18.87	30.40	0.00	0.00
LBC	36	29.66	19.92	19.97	30.45	0.00	0.00
LBC	37	32.00	21.02	18.42	28.56	0.00	0.00
LBC	38	30.80	19.52	19.47	30.20	0.00	0.00
LBC	39	31.70	20.12	17.02	31.15	0.00	0.00
LBC	40	31.05	19.77	18.27	30.90	0.00	0.00
LBC	41	32.10	19.92	16.63	31.35	0.00	0.00
LBC	42	29.41	21.67	17.92	31.00	0.00	0.00
LBC	43	31.05	20.02	19.02	29.91	0.00	0.00
LBC	44	30.40	20.02	18.67	30.90	0.00	0.00
LBC	45	28.61	20.97	20.27	30.15	0.00	0.00
LBC	46	28.86	19.37	18.97	32.80	0.00	0.00
LBC	47	31.65	20.37	17.22	30.75	0.00	0.00
LBC	48	30.15	20.57	17.47	31.80	0.00	0.00
LBC	49	31.20	18.97	19.22	30.60	0.00	0.00
LBC	50	30.90	19.62	18.57	30.90	0.00	0.00
LBC	51	31.10	18.82	18.72	31.35	0.00	0.00
LBC	52	30.60	18.82	18.22	32.35	0.00	0.00
LBC	53	29.16	19.32	20.07	31.45	0.00	0.00
LBC	54	28.76	20.47	18.37	32.40	0.00	0.00
LBC	55	29.71	19.72	19.12	31.45	0.00	0.00
LBC	56	32.00	19.87	17.97	30.15	0.00	0.00
LBC	57	28.51	18.72	20.02	32.75	0.00	0.00
LBC	58	30.45	19.92	16.72	32.90	0.00	0.00
LBC	59	31.75	19.27	18.17	30.80	0.00	0.00
LBC	60	31.15	18.92	18.87	31.05	0.00	0.00
LBC	61	29.41	20.42	19.22	30.95	0.00	0.00
LBC	62	31.95	18.42	19.57	30.05	0.00	0.00
LBC	63	31.50	18.62	17.57	32.30	0.00	0.00
LBC	64	32.45	18.77	18.72	30.05	0.00	0.00
LBC	65	30.90	20.17	18.12	30.80	0.00	0.00
LBC	66	31.15	19.22	18.97	30.65	0.00	0.00
LBC	67	28.81	21.27	18.42	31.50	0.00	0.00
LBC	68	29.81	19.37	19.52	31.30	0.00	0.00
LBC	69	30.85	19.57	19.87	29.71	0.00	0.00
LBC	70	32.10	19.87	18.07	29.96	0.00	0.00
LBC	71	29.61	20.42	19.27	30.70	0.00	0.00
LBC	72	30.50	19.87	18.47	31.15	0.00	0.00
LBC	73	31.40	19.07	18.72	30.80	0.00	0.00
LBC	74	30.25	20.42	19.17	30.15	0.00	0.00
LBC	75	29.11	20.42	20.57	29.91	0.00	0.00
LBC	76	31.10	19.97	18.47	30.45	0.00	0.00
LBC	77	30.05	20.87	19.82	29.26	0.00	0.00
LBC	78	30.65	21.22	17.52	30.60	0.00	0.00
LBC	79	30.40	19.22	20.22	30.15	0.00	0.00
LBC	80	30.90	20.42	18.92	29.76	0.00	0.00
LBC	81	30.95	20.17	18.97	29.91	0.00	0.00
LBC	82	31.40	20.27	17.87	30.45	0.00	0.00
LBC	83	31.05	19.67	18.47	30.80	0.00	0.00
LBC	84	29.86	19.27	18.87	32.00	0.00	0.00
LBC	85	29.91	18.47	19.72	31.90	0.00	0.00
LBC	86	28.66	19.47	21.37	30.50	0.00	0.00
LBC	87	30.60	19.82	18.67	30.90	0.00	0.00
LBC	88	31.10	20.77	17.57	30.55	0.00	0.00
LBC	89	29.81	20.57	18.02	31.60	0.00	0.00
LBC	90	30.15	19.42	18.57	31.85	0.00	0.00
LBC	91	29.71	19.82	19.32	31.15	0.00	0.00
LBC	92	30.25	20.17	18.07	31.50	0.00	0.00
LBC	93	30.10	19.77	18.97	31.15	0.00	0.00
LBC	94	31.30	19.82	18.62	30.25	0.00	0.00
LBC	95	30.70	20.37	19.12	29.81	0.00	0.00
LBC	96	31.40	19.27	18.67	30.65	0.00	0.00
LBC	97	29.31	19.27	19.72	31.70	0.00	0.00
LBC	98	30.90	19.97	18.72	30.40	0.00	0.00
LBC	99	30.80	19.52	18.87	30.80	0.00	0.00
LBC	100	29.56	19.47	19.52	31.45	0.00	0.00
LBC	101	29.06	20.22	18.97	31.75	0.00	0.00
LBC	102	28.41	20.87	20.42	30.30	0.00	0.00
LBC	103	29.46	21.27	17.72	31.55	0.00	0.00
LBC	104	29.56	19.47	18.62	32.35	0.00	0.00
LBC	105	31.40	19.92	19.57	29.11	0.00	0.00
LBC	106	28.71	21.07	19.52	30.70	0.00	0.00
LBC	107	29.76	21.42	18.07	30.75	0.00	0.00
LBC	108	31.00	19.82	19.32	29.86	0.00	0.00
LBC	109	29.81	21.02	17.87	31.30	0.00	0.00
LBC	110	31.40	19.52	17.97	31.10	0.00	0.00
LBC	111	30.80	20.82	18.12	30.25	0.00	0.00
LBC	112	30.50	21.02	18.92	29.56	0.00	0.00
LBC	113	28.96	20.02	18.62	32.40	0.00	0.00
LBC	114	28.91	21.57	18.37	31.15	0.00	0.00
LBC	115	29.01	20.87	18.87	31.25	0.00	0.00
LBC	116	31.15	18.82	16.87	33.15	0.00	0.00
LBC	117	30.75	19.07	19.87	30.30	0.00	0.00
LBC	118	29.11	21.07	18.32	31.50	0.00	0.00
LBC	119	32.00	19.97	17.32	30.70	0.00	0.00
LBC	120	30.50	20.97	18.72	29.81	0.00	0.00
LBC	121	33.30	18.27	18.12	30.30	0.00	0.00
LBC	122	29.71	21.42	17.67	31.20	0.00	0.00
LBC	123	30.90	21.72	18.82	28.56	0.00	0.00
LBC	124	29.61	20.77	17.72	31.90	0.00	0.00
LBC	125	28.41	19.92	19.47	32.20	0.00	0.00
LBC	126	31.00	19.57	19.12	30.30	0.00	0.00
LBC	127	31.20	20.57	18.77	29.46	0.00	0.00
LBC	128	31.95	19.87	18.97	29.21	0.00	0.00
LBC	129	32.15	19.27	18.02	30.55	0.00	0.00
LBC	130	30.80	19.87	18.97	30.35	0.00	0.00
LBC	131	30.45	20.92	18.37	30.25	0.00	0.00
LBC	132	30.55	20.02	16.87	32.55	0.00	0.00
LBC	133	30.20	19.17	19.47	31.15	0.00	0.00
LBC	134	29.46	21.07	19.62	29.86	0.00	0.00
LBC	135	32.50	18.12	19.17	30.20	0.00	0.00
LBC	136	30.15	20.72	18.72	30.40	0.00	0.00
LBC	137	30.75	19.87	18.92	30.45	0.00	0.00
LBC	138	30.40	20.77	18.72	30.10	0.00	0.00
LBC	139	31.30	20.67	18.27	29.76	0.00	0.00
LBC	140	31.60	20.32	19.62	28.46	0.00	0.00
LBC	141	32.15	18.87	18.92	30.05	0.00	0.00
LBC	142	31.45	20.42	17.72	30.40	0.00	0.00
LBC	143	30.65	18.57	19.17	31.60	0.00	0.00
LBC	144	30.15	18.87	18.92	32.05	0.00	0.00
LBC	145	31.00	19.77	18.77	30.45	0.00	0.00
LBC	146	29.71	19.92	18.97	31.40	0.00	0.00
LBC	147	29.21	18.77	19.12	32.90	0.00	0.00
LBC	148	29.01	18.97	19.67	32.35	0.00	0.00
LBC	149	30.80	18.87	19.22	31.10	0.00	0.00
LBC	150	30.25	18.52	19.67	31.55	0.00	0.00
# ACGT raw counters for last fragments. Use `grep ^LTC | cut -f 2-` to extract this part. The columns are: A,C,G,T,N base counters
LTC	91489	59804	56530	92626	1
# Insert sizes. Use `grep ^IS | cut -f 2-` to extract this part. The columns are: insert size, pairs total, inward oriented pairs, outward oriented pairs, other pairs
IS	0	0	0	0	0
IS	1	0	0	0	0
IS	2	0	0	0	0
IS	3	0	0	0	0
IS	4	0	0	0	0
IS	5	0	0	0	0
IS	6	0	0	0	0
IS	7	0	0	0	0
IS	8	0	0	0	0
IS	9	0	0	0	0
IS	10	0	0	0	0
IS	11	0	0	0	0
IS	12	0	0	0	0
IS	13	0	0	0	0
IS	14	0	0	0	0
IS	15	0	0	0	0
IS	16	0	0	0	0
IS	17	0	0	0	0
IS	18	0	0	0	0
IS	19	0	0	0	0
IS	20	0	0	0	0
IS	21	0	0	0	0
IS	22	0	0	0	0
IS	23	0	0	0	0
IS	24	0	0	0	0
IS	25	0	0	0	0
IS	26	0	0	0	0
IS	27	0	0	0	0
IS	28	0	0	0	0
IS	29	0	0	0	0
IS	30	0	0	0	0
IS	31	0	0	0	0
IS	32	0	0	0	0
IS	33	0	0	0	0
IS	34	0	0	0	0
IS	35	0	0	0	0
IS	36	0	0	0	0
IS	37	0	0	0	0
IS	38	0	0	0	0
IS	39	0	0	0	0
IS	40	0	0	0	0
IS	41	0	0	0	0
IS	42	0	0	0	0
IS	43	0	0	0	0
IS	44	0	0	0	0
IS	45	0	0	0	0
IS	46	0	0	0	0
IS	47	0	0	0	0
IS	48	0	0	0	0
IS	49	0	0	0	0
IS	50	0	0	0	0
IS	51	0	0	0	0
IS	52	0	0	0	0
IS	53	0	0	0	0
IS	54	0	0	0	0
IS	55	0	0	0	0
IS	56	0	0	0	0
IS	57	0	0	0	0
IS	58	0	0	0	0
IS	59	0	0	0	0
IS	60	0	0	0	0
IS	61	0	0	0	0
IS	62	0	0	0	0
IS	63	0	0	0	0
IS	64	0	0	0	0
IS	65	0	0	0	0
IS	66	0	0	0	0
IS	67	0	0	0	0
IS	68	0	0	0	0
IS	69	0	0	0	0
IS	70	0	0	0	0
IS	71	0	0	0	0
IS	72	0	0	0	0
IS	73	0	0	0	0
IS	74	0	0	0	0
IS	75	0	0	0	0
IS	76	0	0	0	0
IS	77	0	0	0	0
IS	78	0	0	0	0
IS	79	0	0	0	0
IS	80	0	0	0	0
IS	81	0	0	0	0
IS	82	0	0	0	0
IS	83	0	0	0	0
IS	84	0	0	0	0
IS	85	0	0	0	0
IS	86	0	0	0	0
IS	87	0	0	0	0
IS	88	0	0	0	0
IS	89	0	0	0	0
IS	90	0	0	0	0
IS	91	0	0	0	0
IS	92	0	0	0	0
IS	93	0	0	0	0
IS	94	0	0	0	0
IS	95	0	0	0	0
IS	96	0	0	0	0
IS	97	0	0	0	0
IS	98	0	0	0	0
IS	99	0	0	0	0
IS	100	0	0	0	0
IS	101	0	0	0	0
IS	102	0	0	0	0
IS	103	0	0	0	0
IS	104	0	0	0	0
IS	105	0	0	0	0
IS	106	0	0	0	0
IS	107	0	0	0	0
IS	108	0	0	0	0
IS	109	0	0	0	0
IS	110	0	0	0	0
IS	111	0	0	0	0
IS	112	0	0	0	0
IS	113	0	0	0	0
IS	114	0	0	0	0
IS	115	0	0	0	0
IS	116	0	0	0	0
IS	117	0	0	0	0
IS	118	0	0	0	0
IS	119	0	0	0	0
IS	120	0	0	0	0
IS	121	0	0	0	0
IS	122	0	0	0	0
IS	123	0	0	0	0
IS	124	0	0	0	0
IS	125	0	0	0	0
IS	126	0	0	0	0
IS	127	0	0	0	0
IS	128	0	0	0	0
IS	129	0	0	0	0
IS	130	0	0	0	0
IS	131	0	0	0	0
IS	132	0	0	0	0
IS	133	0	0	0	0
IS	134	0	0	0	0
IS	135	0	0	0	0
IS	136	0	0	0	0
IS	137	0	0	0	0
IS	138	0	0	0	0
IS	139	0	0	0	0
IS	140	0	0	0	0
IS	141	0	0	0	0
IS	142	0	0	0	0
IS	143	0	0	0	0
IS	144	0	0	0	0
IS	145	0	0	0	0
IS	146	0	0	0	0
IS	147	0	0	0	0
IS	148	0	0	0	0
IS	149	0	0	0	0
IS	150	0	0	0	0
IS	151	0	0	0	0
IS	152	0	0	0	0
IS	153	0	0	0	0
IS	154	0	0	0	0
IS	155	0	0	0	0
IS	156	0	0	0	0
IS	157	0	0	0	0
IS	158	0	0	0	0
IS	159	0	0	0	0
IS	160	0	0	0	0
IS	161	0	0	0	0
IS	162	0	0	0	0
IS	163	0	0	0	0
IS	164	0	0	0	0
IS	165	0	0	0	0
IS	166	0	0	0	0
IS	167	0	0	0	0
IS	168	0	0	0	0
IS	169	0	0	0	0
IS	170	0	0	0	0
IS	171	0	0	0	0
IS	172	0	0	0	0
IS	173	0	0	0	0
IS	174	0	0	0	0
IS	175	0	0	0	0
IS	176	0	0	0	0
IS	177	0	0	0	0
IS	178	0	0	0	0
IS	179	0	0	0	0
IS	180	0	0	0	0
IS	181	0	0	0	0
IS	182	0	0	0	0
IS	183	0	0	0	0
IS	184	0	0	0	0
IS	185	0	0	0	0
IS	186	0	0	0	0
IS	187	0	0	0	0
IS	188	0	0	0	0
IS	189	0	0	0	0
IS	190	0	0	0	0
IS	191	0	0	0	0
IS	192	0	0	0	0
IS	193	0	0	0	0
IS	194	0	0	0	0
IS	195	0	0	0	0
IS	196	0	0	0	0
IS	197	0	0	0	0
IS	198	0	0	0	0
IS	199	0	0	0	0
IS	200	0	0	0	0
IS	201	0	0	0	0
IS	202	0	0	0	0
IS	203	0	0	0	0
IS	204	0	0	0	0
IS	205	0	0	0	0
IS	206	0	0	0	0
IS	207	0	0	0	0
IS	208	0	0	0	0
IS	209	0	0	0	0
IS	210	0	0	0	0
IS	211	0	0	0	0
IS	212	0	0	0	0
IS	213	0	0	0	0
IS	214	0	0	0	0
IS	215	0	0	0	0
IS	216	0	0	0	0
IS	217	0	0	0	0
IS	218	0	0	0	0
IS	219	0	0	0	0
IS	220	0	0	0	0
IS	221	0	0	0	0
IS	222	0	0	0	0
IS	223	0	0	0	0
IS	224	0	0	0	0
IS	225	0	0	0	0
IS	226	0	0	0	0
IS	227	0	0	0	0
IS	228	0	0	0	0
IS	229	0	0	0	0
IS	230	0	0	0	0
IS	231	0	0	0	0
IS	232	0	0	0	0
IS	233	0	0	0	0
IS	234	0	0	0	0
IS	235	0	0	0	0
IS	236	0	0	0	0
IS	237	0	0	0	0
IS	238	0	0	0	0
IS	239	0	0	0	0
IS	240	0	0	0	0
IS	241	0	0	0	0
IS	242	0	0	0	0
IS	243	0	0	0	0
IS	244	0	0	0	0
IS	245	0	0	0	0
IS	246	0	0	0	0
IS	247	0	0	0	0
IS	248	0	0	0	0
IS	249	0	0	0	0
IS	250	0	0	0	0
IS	251	0	0	0	0
IS	252	0	0	0	0
IS	253	0	0	0	0
IS	254	0	0	0	0
IS	255	0	0	0	0
IS	256	0	0	0	0
IS	257	0	0	0	0
IS	258	0	0	0	0
IS	259	0	0	0	0
IS	260	0	0	0	0
IS	261	0	0	0	0
IS	262	0	0	0	0
IS	263	0	0	0	0
IS	264	0	0	0	0
IS	265	0	0	0	0
IS	266	0	0	0	0
IS	267	0	0	0	0
IS	268	0	0	0	0
IS	269	0	0	0	0
IS	270	0	0	0	0
IS	271	0	0	0	0
IS	272	0	0	0	0
IS	273	0	0	0	0
IS	274	0	0	0	0
IS	275	0	0	0	0
IS	276	0	0	0	0
IS	277	0	0	0	0
IS	278	0	0	0	0
IS	279	0	0	0	0
IS	280	0	0	0	0
IS	281	0	0	0	0
IS	282	0	0	0	0
IS	283	0	0	0	0
IS	284	0	0	0	0
IS	285	0	0	0	0
IS	286	0	0	0	0
IS	287	0	0	0	0
IS	288	0	0	0	0
IS	289	0	0	0	0
IS	290	0	0	0	0
IS	291	0	0	0	0
IS	292	0	0	0	0
IS	293	0	0	0	0
IS	294	0	0	0	0
IS	295	0	0	0	0
IS	296	0	0	0	0
IS	297	0	0	0	0
IS	298	0	0	0	0
IS	299	0	0	0	0
IS	300	0	0	0	0
IS	301	0	0	0	0
IS	302	0	0	0	0
IS	303	0	0	0	0
IS	304	0	0	0	0
IS	305	0	0	0	0
IS	306	1	1	0	0
IS	307	0	0	0	0
IS	308	0	0	0	0
IS	309	0	0	0	0
IS	310	0	0	0	0
IS	311	0	0	0	0
IS	312	0	0	0	0
IS	313	0	0	0	0
IS	314	0	0	0	0
IS	315	0	0	0	0
IS	316	0	0	0	0
IS	317	0	0	0	0
IS	318	0	0	0	0
IS	319	0	0	0	0
IS	320	0	0	0	0
IS	321	0	0	0	0
IS	322	0	0	0	0
IS	323	0	0	0	0
IS	324	0	0	0	0
IS	325	0	0	0	0
IS	326	0	0	0	0
IS	327	0	0	0	0
IS	328	0	0	0	0
IS	329	0	0	0	0
IS	330	0	0	0	0
IS	331	0	0	0	0
IS	332	0	0	0	0
IS	333	0	0	0	0
IS	334	0	0	0	0
IS	335	0	0	0	0
IS	336	0	0	0	0
IS	337	1	1	0	0
IS	338	0	0	0	0
IS	339	0	0	0	0
IS	340	0	0	0	0
IS	341	0	0	0	0
IS	342	0	0	0	0
IS	343	0	0	0	0
IS	344	0	0	0	0
IS	345	0	0	0	0
IS	346	1	1	0	0
IS	347	0	0	0	0
IS	348	0	0	0	0
IS	349	0	0	0	0
IS	350	0	0	0	0
IS	351	0	0	0	0
IS	352	0	0	0	0
IS	353	0	0	0	0
IS	354	0	0	0	0
IS	355	0	0	0	0
IS	356	2	2	0	0
IS	357	0	0	0	0
IS	358	0	0	0	0
IS	359	0	0	0	0
IS	360	0	0	0	0
IS	361	0	0	0	0
IS	362	1	1	0	0
IS	363	0	0	0	0
IS	364	1	1	0	0
IS	365	3	3	0	0
IS	366	0	0	0	0
IS	367	0	0	0	0
IS	368	1	1	0	0
IS	369	1	1	0	0
IS	370	0	0	0	0
IS	371	2	2	0	0
IS	372	0	0	0	0
IS	373	0	0	0	0
IS	374	2	2	0	0
IS	375	0	0	0	0
IS	376	0	0	0	0
IS	377	1	1	0	0
IS	378	0	0	0	0
IS	379	1	1	0	0
IS	380	2	2	0	0
IS	381	1	1	0	0
IS	382	1	1	0	0
IS	383	0	0	0	0
IS	384	1	1	0	0
IS	385	1	1	0	0
IS	386	0	0	0	0
IS	387	4	4	0	0
IS	388	0	0	0	0
IS	389	1	1	0	0
IS	390	2	2	0	0
IS	391	0	0	0	0
IS	392	2	2	0	0
IS	393	1	1	0	0
IS	394	2	2	0	0
IS	395	3	3	0	0
IS	396	1	1	0	0
IS	397	1	1	0	0
IS	398	2	2	0	0
IS	399	3	3	0	0
IS	400	1	1	0	0
IS	401	2	2	0	0
IS	402	1	1	0	0
IS	403	2	2	0	0
IS	404	2	2	0	0
IS	405	3	3	0	0
IS	406	0	0	0	0
IS	407	2	2	0	0
IS	408	6	6	0	0
IS	409	2	2	0	0
IS	410	2	2	0	0
IS	411	1	1	0	0
IS	412	2	2	0	0
IS	413	5	5	0	0
IS	414	6	6	0	0
IS	415	5	5	0	0
IS	416	2	2	0	0
IS	417	5	5	0	0
IS	418	1	1	0	0
IS	419	2	2	0	0
IS	420	6	6	0	0
IS	421	4	4	0	0
IS	422	5	5	0	0
IS	423	4	4	0	0
IS	424	4	4	0	0
IS	425	4	4	0	0
IS	426	9	9	0	0
IS	427	6	6	0	0
IS	428	5	5	0	0
IS	429	5	5	0	0
IS	430	4	4	0	0
IS	431	6	6	0	0
IS	432	4	4	0	0
IS	433	1	1	0	0
IS	434	6	6	0	0
IS	435	9	9	0	0
IS	436	8	8	0	0
IS	437	10	10	0	0
IS	438	5	5	0	0
IS	439	8	8	0	0
IS	440	7	7	0	0
IS	441	8	8	0	0
IS	442	10	10	0	0
IS	443	10	10	0	0
IS	444	5	5	0	0
IS	445	4	4	0	0
IS	446	12	12	0	0
IS	447	15	15	0	0
IS	448	9	9	0	0
IS	449	4	4	0	0
IS	450	5	5	0	0
IS	451	10	10	0	0
IS	452	8	8	0	0
IS	453	18	18	0	0
IS	454	12	12	0	0
IS	455	14	14	0	0
IS	456	14	14	0	0
IS	457	8	8	0	0
IS	458	17	17	0	0
IS	459	14	14	0	0
IS	460	12	12	0	0
IS	461	15	15	0	0
IS	462	19	19	0	0
IS	463	16	16	0	0
IS	464	16	16	0	0
IS	465	10	10	0	0
IS	466	12	12	0	0
IS	467	15	15	0	0
IS	468	8	8	0	0
IS	469	11	11	0	0
IS	470	12	12	0	0
IS	471	13	13	0	0
IS	472	13	13	0	0
IS	473	11	11	0	0
IS	474	9	9	0	0
IS	475	8	8	0	0
IS	476	13	13	0	0
IS	477	16	16	0	0
IS	478	19	19	0	0
IS	479	12	12	0	0
IS	480	13	13	0	0
IS	481	18	18	0	0
IS	482	10	10	0	0
IS	483	17	17	0	0
IS	484	17	17	0	0
IS	485	20	20	0	0
IS	486	15	15	0	0
IS	487	11	11	0	0
IS	488	13	13	0	0
IS	489	12	12	0	0
IS	490	15	15	0	0
IS	491	20	20	0	0
IS	492	13	13	0	0
IS	493	16	16	0	0
IS	494	15	15	0	0
IS	495	21	21	0	0
IS	496	11	11	0	0
IS	497	9	9	0	0
IS	498	14	14	0	0
IS	499	19	19	0	0
IS	500	14	14	0	0
IS	501	14	14	0	0
IS	502	15	15	0	0
IS	503	15	15	0	0
IS	504	8	8	0	0
IS	505	20	20	0	0
IS	506	17	17	0	0
IS	507	15	15	0	0
IS	508	18	18	0	0
IS	509	19	19	0	0
IS	510	18	18	0	0
IS	511	13	13	0	0
IS	512	19	19	0	0
IS	513	19	19	0	0
IS	514	11	11	0	0
IS	515	19	19	0	0
IS	516	10	10	0	0
IS	517	24	24	0	0
IS	518	17	17	0	0
IS	519	17	17	0	0
IS	520	13	13	0	0
IS	521	14	14	0	0
IS	522	13	13	0	0
IS	523	18	18	0	0
IS	524	14	14	0	0
IS	525	17	17	0	0
IS	526	13	13	0	0
IS	527	12	12	0	0
IS	528	10	10	0	0
IS	529	8	8	0	0
IS	530	23	23	0	0
IS	531	16	16	0	0
IS	532	14	14	0	0
IS	533	14	14	0	0
IS	534	15	15	0	0
IS	535	14	14	0	0
IS	536	9	9	0	0
IS	537	11	11	0	0
IS	538	15	15	0	0
IS	539	12	12	0	0
IS	540	15	15	0	0
IS	541	9	9	0	0
IS	542	11	11	0	0
IS	543	13	13	0	0
IS	544	21	21	0	0
IS	545	13	13	0	0
IS	546	9	9	0	0
IS	547	3	3	0	0
IS	548	12	12	0	0
IS	549	9	9	0	0
IS	550	8	8	0	0
IS	551	8	8	0	0
IS	552	10	10	0	0
IS	553	7	7	0	0
IS	554	9	9	0	0
IS	555	4	4	0	0
IS	556	4	4	0	0
IS	557	11	11	0	0
IS	558	9	9	0	0
IS	559	7	7	0	0
IS	560	7	7	0	0
IS	561	10	10	0	0
IS	562	5	5	0	0
IS	563	7	7	0	0
IS	564	5	5	0	0
IS	565	4	4	0	0
IS	566	5	5	0	0
IS	567	10	10	0	0
IS	568	13	13	0	0
IS	569	6	6	0	0
IS	570	8	8	0	0
IS	571	6	6	0	0
IS	572	4	4	0	0
IS	573	4	4	0	0
IS	574	3	3	0	0
IS	575	6	6	0	0
IS	576	3	3	0	0
IS	577	7	7	0	0
IS	578	2	2	0	0
IS	579	3	3	0	0
IS	580	2	2	0	0
IS	581	10	10	0	0
IS	582	4	4	0	0
IS	583	4	4	0	0
IS	584	4	4	0	0
IS	585	3	3	0	0
IS	586	1	1	0	0
IS	587	4	4	0	0
IS	588	1	1	0	0
IS	589	3	3	0	0
IS	590	3	3	0	0
IS	591	3	3	0	0
IS	592	3	3	0	0
IS	593	0	0	0	0
IS	594	4	4	0	0
IS	595	2	2	0	0
IS	596	3	3	0	0
IS	597	2	2	0	0
IS	598	4	4	0	0
IS	599	4	4	0	0
IS	600	2	2	0	0
IS	601	4	4	0	0
IS	602	2	2	0	0
IS	603	2	2	0	0
IS	604	3	3	0	0
IS	605	6	6	0	0
IS	606	2	2	0	0
IS	607	2	2	0	0
IS	608	4	4	0	0
IS	609	3	3	0	0
IS	610	2	2	0	0
IS	611	1	1	0	0
IS	612	1	1	0	0
IS	613	2	2	0	0
IS	614	1	1	0	0
IS	615	2	2	0	0
# Read lengths. Use `grep ^RL | cut -f 2-` to extract this part. The columns are: read length, count
RL	150	4006
# Read lengths - first fragments. Use `grep ^FRL | cut -f 2-` to extract this part. The columns are: read length, count
FRL	150	2003
# Read lengths - last fragments. Use `grep ^LRL | cut -f 2-` to extract this part. The columns are: read length, count
LRL	150	2003
# Mapping qualities for reads !(UNMAP|SECOND|SUPPL|QCFAIL|DUP). Use `grep ^MAPQ | cut -f 2-` to extract this part. The columns are: mapq, count
MAPQ	0	24
MAPQ	27	2
MAPQ	40	27
MAPQ	41	1
MAPQ	43	1
MAPQ	45	1
MAPQ	46	1
MAPQ	47	1
MAPQ	48	41
MAPQ	50	2
MAPQ	52	5
MAPQ	57	16
MAPQ	59	4
MAPQ	60	3880
# Indel distribution. Use `grep ^ID | cut -f 2-` to extract this part. The columns are: length, number of insertions, number of deletions
# Indels per cycle. Use `grep ^IC | cut -f 2-` to extract this part. The columns are: cycle, number of insertions (fwd), .. (rev) , number of deletions (fwd), .. (rev)
# Coverage distribution. Use `grep ^COV | cut -f 2-` to extract this part.
COV	[1-1]	1	5660
COV	[2-2]	2	9344
COV	[3-3]	3	14964
COV	[4-4]	4	19489
COV	[5-5]	5	18731
COV	[6-6]	6	17235
COV	[7-7]	7	12779
COV	[8-8]	8	7972
COV	[9-9]	9	5547
COV	[10-10]	10	2673
COV	[11-11]	11	1497
COV	[12-12]	12	649
COV	[13-13]	13	186
COV	[14-14]	14	6
# GC-depth. Use `grep ^GCD | cut -f 2-` to extract this part. The columns are: GC%, unique sequence percentiles, 10th, 25th, 50th, 75th and 90th depth percentile
GCD	0.0	15.385	0.000	0.000	0.000	0.000	0.000
GCD	38.0	53.846	2.505	2.505	2.505	2.505	2.505
GCD	39.0	92.308	2.505	2.505	2.505	2.505	2.505
GCD	46.0	100.000	2.505	2.505	2.505	2.505	2.505
