# This file was produced by samtools stats (1.20+htslib-1.21) and can be plotted using plot-bamstats
# This file contains statistics for all reads.
# The command line was:  stats sample3821.sorted.group.rmdup.bam
# CHK, Checksum	[2]Read Names	[3]Sequences	[4]Qualities
# CHK, CRC32 of reads which passed filtering followed by addition (32bit overflow)
CHK	dc25e78e	aaf305d8	93be98f0
# Summary Numbers. Use `grep ^SN | cut -f 2-` to extract this part.
SN	raw total sequences:	4008	# excluding supplementary and secondary reads
SN	filtered sequences:	0
SN	sequences:	4008
SN	is sorted:	1
SN	1st fragments:	2004
SN	last fragments:	2004
SN	reads mapped:	4008
SN	reads mapped and paired:	4008	# paired-end technology bit set + both mates mapped
SN	reads unmapped:	0
SN	reads properly paired:	4008	# proper-pair bit set
SN	reads paired:	4008	# paired-end technology bit set
SN	reads duplicated:	0	# PCR or optical duplicate bit set
SN	reads MQ0:	16	# mapped and MQ=0
SN	reads QC failed:	0
SN	non-primary alignments:	0
SN	supplementary alignments:	0
SN	total length:	601200	# ignores clipping
SN	total first fragment length:	300600	# ignores clipping
SN	total last fragment length:	300600	# ignores clipping
SN	bases mapped:	601200	# ignores clipping
SN	bases mapped (cigar):	601200	# more accurate
SN	bases trimmed:	0
SN	bases duplicated:	0
SN	mismatches:	1030	# from NM fields
SN	error rate:	1.713240e-03	# mismatches / bases mapped (cigar)
SN	average length:	150
SN	average first fragment length:	150
SN	average last fragment length:	150
SN	maximum length:	150
SN	maximum first fragment length:	150
SN	maximum last fragment length:	150
SN	average quality:	30.0
SN	insert size average:	498.2
SN	insert size standard deviation:	49.0
SN	inward oriented pairs:	2004
SN	outward oriented pairs:	0
SN	pairs with other orientation:	0
SN	pairs on different chromosomes:	0
SN	percentage of properly paired reads (%):	100.0
# First Fragment Qualities. Use `grep ^FFQ | cut -f 2-` to extract this part.
# Columns correspond to qualities and rows to cycles. First column is the cycle number.
FFQ	1	0	0	0	0	0	0	0	0	0	0	0	0	0	0	0	0	0	0	0	0	0	0	0	0	0	0	0	0	0	0	2004	0
FFQ	2	0	0	0	0	0	0	0	0	0	0	0	0	0	0	0	0	0	0	0	0	0	0	0	0	0	0	0	0	0	0	2004	0
FFQ	3	0	0	0	0	0	0	0	0	0	0	0	0	0	0	0	0	0	0	0	0	0	0	0	0	0	0	0	0	0	0	2004	0
FFQ	4	0	0	0	0	0	0	0	0	0	0	0	0	0	0	0	0	0	0	0	0	0	0	0	0	0	0	0	0	0	0	2004	0
FFQ	5	0	0	0	0	0	0	0	0	0	0	0	0	0	0	0	0	0	0	0	0	0	0	0	0	0	0	0	0	0	0	2004	0
FFQ	6	0	0	0	0	0	0	0	0	0	0	0	0	0	0	0	0	0	0	0	0	0	0	0	0	0	0	0	0	0	0	2004	0
FFQ	7	0	0	0	0	0	0	0	0	0	0	0	0	0	0	0	0	0	0	0	0	0	0	0	0	0	0	0	0	0	0	2004	0
FFQ	8	0	0	0	0	0	0	0	0	0	0	0	0	0	0	0	0	0	0	0	0	0	0	0	0	0	0	0	0	0	0	2004	0
FFQ	9	0	0	0	0	0	0	0	0	0	0	0	0	0	0	0	0	0	0	0	0	0	0	0	0	0	0	0	0	0	0	2004	0
FFQ	10	0	0	0	0	0	0	0	0	0	0	0	0	0	0	0	0	0	0	0	0	0	0	0	0	0	0	0	0	0	0	2004	0
FFQ	11	0	0	0	0	0	0	0	0	0	0	0	0	0	0	0	0	0	0	0	0	0	0	0	0	0	0	0	0	0	0	2004	0
FFQ	12	0	0	0	0	0	0	0	0	0	0	0	0	0	0	0	0	0	0	0	0	0	0	0	0	0	0	0	0	0	0	2004	0
FFQ	13	0	0	0	0	0	0	0	0	0	0	0	0	0	0	0	0	0	0	0	0	0	0	0	0	0	0	0	0	0	0	2004	0
FFQ	14	0	0	0	0	0	0	0	0	0	0	0	0	0	0	0	0	0	0	0	0	0	0	0	0	0	0	0	0	0	0	2004	0
FFQ	15	0	0	0	0	0	0	0	0	0	0	0	0	0	0	0	0	0	0	0	0	0	0	0	0	0	0	0	0	0	0	2004	0
FFQ	16	0	0	0	0	0	0	0	0	0	0	0	0	0	0	0	0	0	0	0	0	0	0	0	0	0	0	0	0	0	0	2004	0
FFQ	17	0	0	0	0	0	0	0	0	0	0	0	0	0	0	0	0	0	0	0	0	0	0	0	0	0	0	0	0	0	0	2004	0
FFQ	18	0	0	0	0	0	0	0	0	0	0	0	0	0	0	0	0	0	0	0	0	0	0	0	0	0	0	0	0	0	0	2004	0
FFQ	19	0	0	0	0	0	0	0	0	0	0	0	0	0	0	0	0	0	0	0	0	0	0	0	0	0	0	0	0	0	0	2004	0
FFQ	20	0	0	0	0	0	0	0	0	0	0	0	0	0	0	0	0	0	0	0	0	0	0	0	0	0	0	0	0	0	0	2004	0
FFQ	21	0	0	0	0	0	0	0	0	0	0	0	0	0	0	0	0	0	0	0	0	0	0	0	0	0	0	0	0	0	0	2004	0
FFQ	22	0	0	0	0	0	0	0	0	0	0	0	0	0	0	0	0	0	0	0	0	0	0	0	0	0	0	0	0	0	0	2004	0
FFQ	23	0	0	0	0	0	0	0	0	0	0	0	0	0	0	0	0	0	0	0	0	0	0	0	0	0	0	0	0	0	0	2004	0
FFQ	24	0	0	0	0	0	0	0	0	0	0	0	0	0	0	0	0	0	0	0	0	0	0	0	0	0	0	0	0	0	0	2004	0
FFQ	25	0	0	0	0	0	0	0	0	0	0	0	0	0	0	0	0	0	0	0	0	0	0	0	0	0	0	0	0	0	0	2004	0
FFQ	26	0	0	0	0	0	0	0	0	0	0	0	0	0	0	0	0	0	0	0	0	0	0	0	0	0	0	0	0	0	0	2004	0
FFQ	27	0	0	0	0	0	0	0	0	0	0	0	0	0	0	0	0	0	0	0	0	0	0	0	0	0	0	0	0	0	0	2004	0
FFQ	28	0	0	0	0	0	0	0	0	0	0	0	0	0	0	0	0	0	0	0	0	0	0	0	0	0	0	0	0	0	0	2004	0
FFQ	29	0	0	0	0	0	0	0	0	0	0	0	0	0	0	0	0	0	0	0	0	0	0	0	0	0	0	0	0	0	0	2004	0
FFQ	30	0	0	0	0	0	0	0	0	0	0	0	0	0	0	0	0	0	0	0	0	0	0	0	0	0	0	0	0	0	0	2004	0
FFQ	31	0	0	0	0	0	0	0	0	0	0	0	0	0	0	0	0	0	0	0	0	0	0	0	0	0	0	0	0	0	0	2004	0
FFQ	32	0	0	0	0	0	0	0	0	0	0	0	0	0	0	0	0	0	0	0	0	0	0	0	0	0	0	0	0	0	0	2004	0
FFQ	33	0	0	0	0	0	0	0	0	0	0	0	0	0	0	0	0	0	0	0	0	0	0	0	0	0	0	0	0	0	0	2004	0
FFQ	34	0	0	0	0	0	0	0	0	0	0	0	0	0	0	0	0	0	0	0	0	0	0	0	0	0	0	0	0	0	0	2004	0
FFQ	35	0	0	0	0	0	0	0	0	0	0	0	0	0	0	0	0	0	0	0	0	0	0	0	0	0	0	0	0	0	0	2004	0
FFQ	36	0	0	0	0	0	0	0	0	0	0	0	0	0	0	0	0	0	0	0	0	0	0	0	0	0	0	0	0	0	0	2004	0
FFQ	37	0	0	0	0	0	0	0	0	0	0	0	0	0	0	0	0	0	0	0	0	0	0	0	0	0	0	0	0	0	0	2004	0
FFQ	38	0	0	0	0	0	0	0	0	0	0	0	0	0	0	0	0	0	0	0	0	0	0	0	0	0	0	0	0	0	0	2004	0
FFQ	39	0	0	0	0	0	0	0	0	0	0	0	0	0	0	0	0	0	0	0	0	0	0	0	0	0	0	0	0	0	0	2004	0
FFQ	40	0	0	0	0	0	0	0	0	0	0	0	0	0	0	0	0	0	0	0	0	0	0	0	0	0	0	0	0	0	0	2004	0
FFQ	41	0	0	0	0	0	0	0	0	0	0	0	0	0	0	0	0	0	0	0	0	0	0	0	0	0	0	0	0	0	0	2004	0
FFQ	42	0	0	0	0	0	0	0	0	0	0	0	0	0	0	0	0	0	0	0	0	0	0	0	0	0	0	0	0	0	0	2004	0
FFQ	43	0	0	0	0	0	0	0	0	0	0	0	0	0	0	0	0	0	0	0	0	0	0	0	0	0	0	0	0	0	0	2004	0
FFQ	44	0	0	0	0	0	0	0	0	0	0	0	0	0	0	0	0	0	0	0	0	0	0	0	0	0	0	0	0	0	0	2004	0
FFQ	45	0	0	0	0	0	0	0	0	0	0	0	0	0	0	0	0	0	0	0	0	0	0	0	0	0	0	0	0	0	0	2004	0
FFQ	46	0	0	0	0	0	0	0	0	0	0	0	0	0	0	0	0	0	0	0	0	0	0	0	0	0	0	0	0	0	0	2004	0
FFQ	47	0	0	0	0	0	0	0	0	0	0	0	0	0	0	0	0	0	0	0	0	0	0	0	0	0	0	0	0	0	0	2004	0
FFQ	48	0	0	0	0	0	0	0	0	0	0	0	0	0	0	0	0	0	0	0	0	0	0	0	0	0	0	0	0	0	0	2004	0
FFQ	49	0	0	0	0	0	0	0	0	0	0	0	0	0	0	0	0	0	0	0	0	0	0	0	0	0	0	0	0	0	0	2004	0
FFQ	50	0	0	0	0	0	0	0	0	0	0	0	0	0	0	0	0	0	0	0	0	0	0	0	0	0	0	0	0	0	0	2004	0
FFQ	51	0	0	0	0	0	0	0	0	0	0	0	0	0	0	0	0	0	0	0	0	0	0	0	0	0	0	0	0	0	0	2004	0
FFQ	52	0	0	0	0	0	0	0	0	0	0	0	0	0	0	0	0	0	0	0	0	0	0	0	0	0	0	0	0	0	0	2004	0
FFQ	53	0	0	0	0	0	0	0	0	0	0	0	0	0	0	0	0	0	0	0	0	0	0	0	0	0	0	0	0	0	0	2004	0
FFQ	54	0	0	0	0	0	0	0	0	0	0	0	0	0	0	0	0	0	0	0	0	0	0	0	0	0	0	0	0	0	0	2004	0
FFQ	55	0	0	0	0	0	0	0	0	0	0	0	0	0	0	0	0	0	0	0	0	0	0	0	0	0	0	0	0	0	0	2004	0
FFQ	56	0	0	0	0	0	0	0	0	0	0	0	0	0	0	0	0	0	0	0	0	0	0	0	0	0	0	0	0	0	0	2004	0
FFQ	57	0	0	0	0	0	0	0	0	0	0	0	0	0	0	0	0	0	0	0	0	0	0	0	0	0	0	0	0	0	0	2004	0
FFQ	58	0	0	0	0	0	0	0	0	0	0	0	0	0	0	0	0	0	0	0	0	0	0	0	0	0	0	0	0	0	0	2004	0
FFQ	59	0	0	0	0	0	0	0	0	0	0	0	0	0	0	0	0	0	0	0	0	0	0	0	0	0	0	0	0	0	0	2004	0
FFQ	60	0	0	0	0	0	0	0	0	0	0	0	0	0	0	0	0	0	0	0	0	0	0	0	0	0	0	0	0	0	0	2004	0
FFQ	61	0	0	0	0	0	0	0	0	0	0	0	0	0	0	0	0	0	0	0	0	0	0	0	0	0	0	0	0	0	0	2004	0
FFQ	62	0	0	0	0	0	0	0	0	0	0	0	0	0	0	0	0	0	0	0	0	0	0	0	0	0	0	0	0	0	0	2004	0
FFQ	63	0	0	0	0	0	0	0	0	0	0	0	0	0	0	0	0	0	0	0	0	0	0	0	0	0	0	0	0	0	0	2004	0
FFQ	64	0	0	0	0	0	0	0	0	0	0	0	0	0	0	0	0	0	0	0	0	0	0	0	0	0	0	0	0	0	0	2004	0
FFQ	65	0	0	0	0	0	0	0	0	0	0	0	0	0	0	0	0	0	0	0	0	0	0	0	0	0	0	0	0	0	0	2004	0
FFQ	66	0	0	0	0	0	0	0	0	0	0	0	0	0	0	0	0	0	0	0	0	0	0	0	0	0	0	0	0	0	0	2004	0
FFQ	67	0	0	0	0	0	0	0	0	0	0	0	0	0	0	0	0	0	0	0	0	0	0	0	0	0	0	0	0	0	0	2004	0
FFQ	68	0	0	0	0	0	0	0	0	0	0	0	0	0	0	0	0	0	0	0	0	0	0	0	0	0	0	0	0	0	0	2004	0
FFQ	69	0	0	0	0	0	0	0	0	0	0	0	0	0	0	0	0	0	0	0	0	0	0	0	0	0	0	0	0	0	0	2004	0
FFQ	70	0	0	0	0	0	0	0	0	0	0	0	0	0	0	0	0	0	0	0	0	0	0	0	0	0	0	0	0	0	0	2004	0
FFQ	71	0	0	0	0	0	0	0	0	0	0	0	0	0	0	0	0	0	0	0	0	0	0	0	0	0	0	0	0	0	0	2004	0
FFQ	72	0	0	0	0	0	0	0	0	0	0	0	0	0	0	0	0	0	0	0	0	0	0	0	0	0	0	0	0	0	0	2004	0
FFQ	73	0	0	0	0	0	0	0	0	0	0	0	0	0	0	0	0	0	0	0	0	0	0	0	0	0	0	0	0	0	0	2004	0
FFQ	74	0	0	0	0	0	0	0	0	0	0	0	0	0	0	0	0	0	0	0	0	0	0	0	0	0	0	0	0	0	0	2004	0
FFQ	75	0	0	0	0	0	0	0	0	0	0	0	0	0	0	0	0	0	0	0	0	0	0	0	0	0	0	0	0	0	0	2004	0
FFQ	76	0	0	0	0	0	0	0	0	0	0	0	0	0	0	0	0	0	0	0	0	0	0	0	0	0	0	0	0	0	0	2004	0
FFQ	77	0	0	0	0	0	0	0	0	0	0	0	0	0	0	0	0	0	0	0	0	0	0	0	0	0	0	0	0	0	0	2004	0
FFQ	78	0	0	0	0	0	0	0	0	0	0	0	0	0	0	0	0	0	0	0	0	0	0	0	0	0	0	0	0	0	0	2004	0
FFQ	79	0	0	0	0	0	0	0	0	0	0	0	0	0	0	0	0	0	0	0	0	0	0	0	0	0	0	0	0	0	0	2004	0
FFQ	80	0	0	0	0	0	0	0	0	0	0	0	0	0	0	0	0	0	0	0	0	0	0	0	0	0	0	0	0	0	0	2004	0
FFQ	81	0	0	0	0	0	0	0	0	0	0	0	0	0	0	0	0	0	0	0	0	0	0	0	0	0	0	0	0	0	0	2004	0
FFQ	82	0	0	0	0	0	0	0	0	0	0	0	0	0	0	0	0	0	0	0	0	0	0	0	0	0	0	0	0	0	0	2004	0
FFQ	83	0	0	0	0	0	0	0	0	0	0	0	0	0	0	0	0	0	0	0	0	0	0	0	0	0	0	0	0	0	0	2004	0
FFQ	84	0	0	0	0	0	0	0	0	0	0	0	0	0	0	0	0	0	0	0	0	0	0	0	0	0	0	0	0	0	0	2004	0
FFQ	85	0	0	0	0	0	0	0	0	0	0	0	0	0	0	0	0	0	0	0	0	0	0	0	0	0	0	0	0	0	0	2004	0
FFQ	86	0	0	0	0	0	0	0	0	0	0	0	0	0	0	0	0	0	0	0	0	0	0	0	0	0	0	0	0	0	0	2004	0
FFQ	87	0	0	0	0	0	0	0	0	0	0	0	0	0	0	0	0	0	0	0	0	0	0	0	0	0	0	0	0	0	0	2004	0
FFQ	88	0	0	0	0	0	0	0	0	0	0	0	0	0	0	0	0	0	0	0	0	0	0	0	0	0	0	0	0	0	0	2004	0
FFQ	89	0	0	0	0	0	0	0	0	0	0	0	0	0	0	0	0	0	0	0	0	0	0	0	0	0	0	0	0	0	0	2004	0
FFQ	90	0	0	0	0	0	0	0	0	0	0	0	0	0	0	0	0	0	0	0	0	0	0	0	0	0	0	0	0	0	0	2004	0
FFQ	91	0	0	0	0	0	0	0	0	0	0	0	0	0	0	0	0	0	0	0	0	0	0	0	0	0	0	0	0	0	0	2004	0
FFQ	92	0	0	0	0	0	0	0	0	0	0	0	0	0	0	0	0	0	0	0	0	0	0	0	0	0	0	0	0	0	0	2004	0
FFQ	93	0	0	0	0	0	0	0	0	0	0	0	0	0	0	0	0	0	0	0	0	0	0	0	0	0	0	0	0	0	0	2004	0
FFQ	94	0	0	0	0	0	0	0	0	0	0	0	0	0	0	0	0	0	0	0	0	0	0	0	0	0	0	0	0	0	0	2004	0
FFQ	95	0	0	0	0	0	0	0	0	0	0	0	0	0	0	0	0	0	0	0	0	0	0	0	0	0	0	0	0	0	0	2004	0
FFQ	96	0	0	0	0	0	0	0	0	0	0	0	0	0	0	0	0	0	0	0	0	0	0	0	0	0	0	0	0	0	0	2004	0
FFQ	97	0	0	0	0	0	0	0	0	0	0	0	0	0	0	0	0	0	0	0	0	0	0	0	0	0	0	0	0	0	0	2004	0
FFQ	98	0	0	0	0	0	0	0	0	0	0	0	0	0	0	0	0	0	0	0	0	0	0	0	0	0	0	0	0	0	0	2004	0
FFQ	99	0	0	0	0	0	0	0	0	0	0	0	0	0	0	0	0	0	0	0	0	0	0	0	0	0	0	0	0	0	0	2004	0
FFQ	100	0	0	0	0	0	0	0	0	0	0	0	0	0	0	0	0	0	0	0	0	0	0	0	0	0	0	0	0	0	0	2004	0
FFQ	101	0	0	0	0	0	0	0	0	0	0	0	0	0	0	0	0	0	0	0	0	0	0	0	0	0	0	0	0	0	0	2004	0
FFQ	102	0	0	0	0	0	0	0	0	0	0	0	0	0	0	0	0	0	0	0	0	0	0	0	0	0	0	0	0	0	0	2004	0
FFQ	103	0	0	0	0	0	0	0	0	0	0	0	0	0	0	0	0	0	0	0	0	0	0	0	0	0	0	0	0	0	0	2004	0
FFQ	104	0	0	0	0	0	0	0	0	0	0	0	0	0	0	0	0	0	0	0	0	0	0	0	0	0	0	0	0	0	0	2004	0
FFQ	105	0	0	0	0	0	0	0	0	0	0	0	0	0	0	0	0	0	0	0	0	0	0	0	0	0	0	0	0	0	0	2004	0
FFQ	106	0	0	0	0	0	0	0	0	0	0	0	0	0	0	0	0	0	0	0	0	0	0	0	0	0	0	0	0	0	0	2004	0
FFQ	107	0	0	0	0	0	0	0	0	0	0	0	0	0	0	0	0	0	0	0	0	0	0	0	0	0	0	0	0	0	0	2004	0
FFQ	108	0	0	0	0	0	0	0	0	0	0	0	0	0	0	0	0	0	0	0	0	0	0	0	0	0	0	0	0	0	0	2004	0
FFQ	109	0	0	0	0	0	0	0	0	0	0	0	0	0	0	0	0	0	0	0	0	0	0	0	0	0	0	0	0	0	0	2004	0
FFQ	110	0	0	0	0	0	0	0	0	0	0	0	0	0	0	0	0	0	0	0	0	0	0	0	0	0	0	0	0	0	0	2004	0
FFQ	111	0	0	0	0	0	0	0	0	0	0	0	0	0	0	0	0	0	0	0	0	0	0	0	0	0	0	0	0	0	0	2004	0
FFQ	112	0	0	0	0	0	0	0	0	0	0	0	0	0	0	0	0	0	0	0	0	0	0	0	0	0	0	0	0	0	0	2004	0
FFQ	113	0	0	0	0	0	0	0	0	0	0	0	0	0	0	0	0	0	0	0	0	0	0	0	0	0	0	0	0	0	0	2004	0
FFQ	114	0	0	0	0	0	0	0	0	0	0	0	0	0	0	0	0	0	0	0	0	0	0	0	0	0	0	0	0	0	0	2004	0
FFQ	115	0	0	0	0	0	0	0	0	0	0	0	0	0	0	0	0	0	0	0	0	0	0	0	0	0	0	0	0	0	0	2004	0
FFQ	116	0	0	0	0	0	0	0	0	0	0	0	0	0	0	0	0	0	0	0	0	0	0	0	0	0	0	0	0	0	0	2004	0
FFQ	117	0	0	0	0	0	0	0	0	0	0	0	0	0	0	0	0	0	0	0	0	0	0	0	0	0	0	0	0	0	0	2004	0
FFQ	118	0	0	0	0	0	0	0	0	0	0	0	0	0	0	0	0	0	0	0	0	0	0	0	0	0	0	0	0	0	0	2004	0
FFQ	119	0	0	0	0	0	0	0	0	0	0	0	0	0	0	0	0	0	0	0	0	0	0	0	0	0	0	0	0	0	0	2004	0
FFQ	120	0	0	0	0	0	0	0	0	0	0	0	0	0	0	0	0	0	0	0	0	0	0	0	0	0	0	0	0	0	0	2004	0
FFQ	121	0	0	0	0	0	0	0	0	0	0	0	0	0	0	0	0	0	0	0	0	0	0	0	0	0	0	0	0	0	0	2004	0
FFQ	122	0	0	0	0	0	0	0	0	0	0	0	0	0	0	0	0	0	0	0	0	0	0	0	0	0	0	0	0	0	0	2004	0
FFQ	123	0	0	0	0	0	0	0	0	0	0	0	0	0	0	0	0	0	0	0	0	0	0	0	0	0	0	0	0	0	0	2004	0
FFQ	124	0	0	0	0	0	0	0	0	0	0	0	0	0	0	0	0	0	0	0	0	0	0	0	0	0	0	0	0	0	0	2004	0
FFQ	125	0	0	0	0	0	0	0	0	0	0	0	0	0	0	0	0	0	0	0	0	0	0	0	0	0	0	0	0	0	0	2004	0
FFQ	126	0	0	0	0	0	0	0	0	0	0	0	0	0	0	0	0	0	0	0	0	0	0	0	0	0	0	0	0	0	0	2004	0
FFQ	127	0	0	0	0	0	0	0	0	0	0	0	0	0	0	0	0	0	0	0	0	0	0	0	0	0	0	0	0	0	0	2004	0
FFQ	128	0	0	0	0	0	0	0	0	0	0	0	0	0	0	0	0	0	0	0	0	0	0	0	0	0	0	0	0	0	0	2004	0
FFQ	129	0	0	0	0	0	0	0	0	0	0	0	0	0	0	0	0	0	0	0	0	0	0	0	0	0	0	0	0	0	0	2004	0
FFQ	130	0	0	0	0	0	0	0	0	0	0	0	0	0	0	0	0	0	0	0	0	0	0	0	0	0	0	0	0	0	0	2004	0
FFQ	131	0	0	0	0	0	0	0	0	0	0	0	0	0	0	0	0	0	0	0	0	0	0	0	0	0	0	0	0	0	0	2004	0
FFQ	132	0	0	0	0	0	0	0	0	0	0	0	0	0	0	0	0	0	0	0	0	0	0	0	0	0	0	0	0	0	0	2004	0
FFQ	133	0	0	0	0	0	0	0	0	0	0	0	0	0	0	0	0	0	0	0	0	0	0	0	0	0	0	0	0	0	0	2004	0
FFQ	134	0	0	0	0	0	0	0	0	0	0	0	0	0	0	0	0	0	0	0	0	0	0	0	0	0	0	0	0	0	0	2004	0
FFQ	135	0	0	0	0	0	0	0	0	0	0	0	0	0	0	0	0	0	0	0	0	0	0	0	0	0	0	0	0	0	0	2004	0
FFQ	136	0	0	0	0	0	0	0	0	0	0	0	0	0	0	0	0	0	0	0	0	0	0	0	0	0	0	0	0	0	0	2004	0
FFQ	137	0	0	0	0	0	0	0	0	0	0	0	0	0	0	0	0	0	0	0	0	0	0	0	0	0	0	0	0	0	0	2004	0
FFQ	138	0	0	0	0	0	0	0	0	0	0	0	0	0	0	0	0	0	0	0	0	0	0	0	0	0	0	0	0	0	0	2004	0
FFQ	139	0	0	0	0	0	0	0	0	0	0	0	0	0	0	0	0	0	0	0	0	0	0	0	0	0	0	0	0	0	0	2004	0
FFQ	140	0	0	0	0	0	0	0	0	0	0	0	0	0	0	0	0	0	0	0	0	0	0	0	0	0	0	0	0	0	0	2004	0
FFQ	141	0	0	0	0	0	0	0	0	0	0	0	0	0	0	0	0	0	0	0	0	0	0	0	0	0	0	0	0	0	0	2004	0
FFQ	142	0	0	0	0	0	0	0	0	0	0	0	0	0	0	0	0	0	0	0	0	0	0	0	0	0	0	0	0	0	0	2004	0
FFQ	143	0	0	0	0	0	0	0	0	0	0	0	0	0	0	0	0	0	0	0	0	0	0	0	0	0	0	0	0	0	0	2004	0
FFQ	144	0	0	0	0	0	0	0	0	0	0	0	0	0	0	0	0	0	0	0	0	0	0	0	0	0	0	0	0	0	0	2004	0
FFQ	145	0	0	0	0	0	0	0	0	0	0	0	0	0	0	0	0	0	0	0	0	0	0	0	0	0	0	0	0	0	0	2004	0
FFQ	146	0	0	0	0	0	0	0	0	0	0	0	0	0	0	0	0	0	0	0	0	0	0	0	0	0	0	0	0	0	0	2004	0
FFQ	147	0	0	0	0	0	0	0	0	0	0	0	0	0	0	0	0	0	0	0	0	0	0	0	0	0	0	0	0	0	0	2004	0
FFQ	148	0	0	0	0	0	0	0	0	0	0	0	0	0	0	0	0	0	0	0	0	0	0	0	0	0	0	0	0	0	0	2004	0
FFQ	149	0	0	0	0	0	0	0	0	0	0	0	0	0	0	0	0	0	0	0	0	0	0	0	0	0	0	0	0	0	0	2004	0
FFQ	150	0	0	0	0	0	0	0	0	0	0	0	0	0	0	0	0	0	0	0	0	0	0	0	0	0	0	0	0	0	0	2004	0
# Last Fragment Qualities. Use `grep ^LFQ | cut -f 2-` to extract this part.
# Columns correspond to qualities and rows to cycles. First column is the cycle number.
LFQ	1	0	0	0	0	0	0	0	0	0	0	0	0	0	0	0	0	0	0	0	0	0	0	0	0	0	0	0	0	0	0	2004	0
LFQ	2	0	0	0	0	0	0	0	0	0	0	0	0	0	0	0	0	0	0	0	0	0	0	0	0	0	0	0	0	0	0	2004	0
LFQ	3	0	0	0	0	0	0	0	0	0	0	0	0	0	0	0	0	0	0	0	0	0	0	0	0	0	0	0	0	0	0	2004	0
LFQ	4	0	0	0	0	0	0	0	0	0	0	0	0	0	0	0	0	0	0	0	0	0	0	0	0	0	0	0	0	0	0	2004	0
LFQ	5	0	0	0	0	0	0	0	0	0	0	0	0	0	0	0	0	0	0	0	0	0	0	0	0	0	0	0	0	0	0	2004	0
LFQ	6	0	0	0	0	0	0	0	0	0	0	0	0	0	0	0	0	0	0	0	0	0	0	0	0	0	0	0	0	0	0	2004	0
LFQ	7	0	0	0	0	0	0	0	0	0	0	0	0	0	0	0	0	0	0	0	0	0	0	0	0	0	0	0	0	0	0	2004	0
LFQ	8	0	0	0	0	0	0	0	0	0	0	0	0	0	0	0	0	0	0	0	0	0	0	0	0	0	0	0	0	0	0	2004	0
LFQ	9	0	0	0	0	0	0	0	0	0	0	0	0	0	0	0	0	0	0	0	0	0	0	0	0	0	0	0	0	0	0	2004	0
LFQ	10	0	0	0	0	0	0	0	0	0	0	0	0	0	0	0	0	0	0	0	0	0	0	0	0	0	0	0	0	0	0	2004	0
LFQ	11	0	0	0	0	0	0	0	0	0	0	0	0	0	0	0	0	0	0	0	0	0	0	0	0	0	0	0	0	0	0	2004	0
LFQ	12	0	0	0	0	0	0	0	0	0	0	0	0	0	0	0	0	0	0	0	0	0	0	0	0	0	0	0	0	0	0	2004	0
LFQ	13	0	0	0	0	0	0	0	0	0	0	0	0	0	0	0	0	0	0	0	0	0	0	0	0	0	0	0	0	0	0	2004	0
LFQ	14	0	0	0	0	0	0	0	0	0	0	0	0	0	0	0	0	0	0	0	0	0	0	0	0	0	0	0	0	0	0	2004	0
LFQ	15	0	0	0	0	0	0	0	0	0	0	0	0	0	0	0	0	0	0	0	0	0	0	0	0	0	0	0	0	0	0	2004	0
LFQ	16	0	0	0	0	0	0	0	0	0	0	0	0	0	0	0	0	0	0	0	0	0	0	0	0	0	0	0	0	0	0	2004	0
LFQ	17	0	0	0	0	0	0	0	0	0	0	0	0	0	0	0	0	0	0	0	0	0	0	0	0	0	0	0	0	0	0	2004	0
LFQ	18	0	0	0	0	0	0	0	0	0	0	0	0	0	0	0	0	0	0	0	0	0	0	0	0	0	0	0	0	0	0	2004	0
LFQ	19	0	0	0	0	0	0	0	0	0	0	0	0	0	0	0	0	0	0	0	0	0	0	0	0	0	0	0	0	0	0	2004	0
LFQ	20	0	0	0	0	0	0	0	0	0	0	0	0	0	0	0	0	0	0	0	0	0	0	0	0	0	0	0	0	0	0	2004	0
LFQ	21	0	0	0	0	0	0	0	0	0	0	0	0	0	0	0	0	0	0	0	0	0	0	0	0	0	0	0	0	0	0	2004	0
LFQ	22	0	0	0	0	0	0	0	0	0	0	0	0	0	0	0	0	0	0	0	0	0	0	0	0	0	0	0	0	0	0	2004	0
LFQ	23	0	0	0	0	0	0	0	0	0	0	0	0	0	0	0	0	0	0	0	0	0	0	0	0	0	0	0	0	0	0	2004	0
LFQ	24	0	0	0	0	0	0	0	0	0	0	0	0	0	0	0	0	0	0	0	0	0	0	0	0	0	0	0	0	0	0	2004	0
LFQ	25	0	0	0	0	0	0	0	0	0	0	0	0	0	0	0	0	0	0	0	0	0	0	0	0	0	0	0	0	0	0	2004	0
LFQ	26	0	0	0	0	0	0	0	0	0	0	0	0	0	0	0	0	0	0	0	0	0	0	0	0	0	0	0	0	0	0	2004	0
LFQ	27	0	0	0	0	0	0	0	0	0	0	0	0	0	0	0	0	0	0	0	0	0	0	0	0	0	0	0	0	0	0	2004	0
LFQ	28	0	0	0	0	0	0	0	0	0	0	0	0	0	0	0	0	0	0	0	0	0	0	0	0	0	0	0	0	0	0	2004	0
LFQ	29	0	0	0	0	0	0	0	0	0	0	0	0	0	0	0	0	0	0	0	0	0	0	0	0	0	0	0	0	0	0	2004	0
LFQ	30	0	0	0	0	0	0	0	0	0	0	0	0	0	0	0	0	0	0	0	0	0	0	0	0	0	0	0	0	0	0	2004	0
LFQ	31	0	0	0	0	0	0	0	0	0	0	0	0	0	0	0	0	0	0	0	0	0	0	0	0	0	0	0	0	0	0	2004	0
LFQ	32	0	0	0	0	0	0	0	0	0	0	0	0	0	0	0	0	0	0	0	0	0	0	0	0	0	0	0	0	0	0	2004	0
LFQ	33	0	0	0	0	0	0	0	0	0	0	0	0	0	0	0	0	0	0	0	0	0	0	0	0	0	0	0	0	0	0	2004	0
LFQ	34	0	0	0	0	0	0	0	0	0	0	0	0	0	0	0	0	0	0	0	0	0	0	0	0	0	0	0	0	0	0	2004	0
LFQ	35	0	0	0	0	0	0	0	0	0	0	0	0	0	0	0	0	0	0	0	0	0	0	0	0	0	0	0	0	0	0	2004	0
LFQ	36	0	0	0	0	0	0	0	0	0	0	0	0	0	0	0	0	0	0	0	0	0	0	0	0	0	0	0	0	0	0	2004	0
LFQ	37	0	0	0	0	0	0	0	0	0	0	0	0	0	0	0	0	0	0	0	0	0	0	0	0	0	0	0	0	0	0	2004	0
LFQ	38	0	0	0	0	0	0	0	0	0	0	0	0	0	0	0	0	0	0	0	0	0	0	0	0	0	0	0	0	0	0	2004	0
LFQ	39	0	0	0	0	0	0	0	0	0	0	0	0	0	0	0	0	0	0	0	0	0	0	0	0	0	0	0	0	0	0	2004	0
LFQ	40	0	0	0	0	0	0	0	0	0	0	0	0	0	0	0	0	0	0	0	0	0	0	0	0	0	0	0	0	0	0	2004	0
LFQ	41	0	0	0	0	0	0	0	0	0	0	0	0	0	0	0	0	0	0	0	0	0	0	0	0	0	0	0	0	0	0	2004	0
LFQ	42	0	0	0	0	0	0	0	0	0	0	0	0	0	0	0	0	0	0	0	0	0	0	0	0	0	0	0	0	0	0	2004	0
LFQ	43	0	0	0	0	0	0	0	0	0	0	0	0	0	0	0	0	0	0	0	0	0	0	0	0	0	0	0	0	0	0	2004	0
LFQ	44	0	0	0	0	0	0	0	0	0	0	0	0	0	0	0	0	0	0	0	0	0	0	0	0	0	0	0	0	0	0	2004	0
LFQ	45	0	0	0	0	0	0	0	0	0	0	0	0	0	0	0	0	0	0	0	0	0	0	0	0	0	0	0	0	0	0	2004	0
LFQ	46	0	0	0	0	0	0	0	0	0	0	0	0	0	0	0	0	0	0	0	0	0	0	0	0	0	0	0	0	0	0	2004	0
LFQ	47	0	0	0	0	0	0	0	0	0	0	0	0	0	0	0	0	0	0	0	0	0	0	0	0	0	0	0	0	0	0	2004	0
LFQ	48	0	0	0	0	0	0	0	0	0	0	0	0	0	0	0	0	0	0	0	0	0	0	0	0	0	0	0	0	0	0	2004	0
LFQ	49	0	0	0	0	0	0	0	0	0	0	0	0	0	0	0	0	0	0	0	0	0	0	0	0	0	0	0	0	0	0	2004	0
LFQ	50	0	0	0	0	0	0	0	0	0	0	0	0	0	0	0	0	0	0	0	0	0	0	0	0	0	0	0	0	0	0	2004	0
LFQ	51	0	0	0	0	0	0	0	0	0	0	0	0	0	0	0	0	0	0	0	0	0	0	0	0	0	0	0	0	0	0	2004	0
LFQ	52	0	0	0	0	0	0	0	0	0	0	0	0	0	0	0	0	0	0	0	0	0	0	0	0	0	0	0	0	0	0	2004	0
LFQ	53	0	0	0	0	0	0	0	0	0	0	0	0	0	0	0	0	0	0	0	0	0	0	0	0	0	0	0	0	0	0	2004	0
LFQ	54	0	0	0	0	0	0	0	0	0	0	0	0	0	0	0	0	0	0	0	0	0	0	0	0	0	0	0	0	0	0	2004	0
LFQ	55	0	0	0	0	0	0	0	0	0	0	0	0	0	0	0	0	0	0	0	0	0	0	0	0	0	0	0	0	0	0	2004	0
LFQ	56	0	0	0	0	0	0	0	0	0	0	0	0	0	0	0	0	0	0	0	0	0	0	0	0	0	0	0	0	0	0	2004	0
LFQ	57	0	0	0	0	0	0	0	0	0	0	0	0	0	0	0	0	0	0	0	0	0	0	0	0	0	0	0	0	0	0	2004	0
LFQ	58	0	0	0	0	0	0	0	0	0	0	0	0	0	0	0	0	0	0	0	0	0	0	0	0	0	0	0	0	0	0	2004	0
LFQ	59	0	0	0	0	0	0	0	0	0	0	0	0	0	0	0	0	0	0	0	0	0	0	0	0	0	0	0	0	0	0	2004	0
LFQ	60	0	0	0	0	0	0	0	0	0	0	0	0	0	0	0	0	0	0	0	0	0	0	0	0	0	0	0	0	0	0	2004	0
LFQ	61	0	0	0	0	0	0	0	0	0	0	0	0	0	0	0	0	0	0	0	0	0	0	0	0	0	0	0	0	0	0	2004	0
LFQ	62	0	0	0	0	0	0	0	0	0	0	0	0	0	0	0	0	0	0	0	0	0	0	0	0	0	0	0	0	0	0	2004	0
LFQ	63	0	0	0	0	0	0	0	0	0	0	0	0	0	0	0	0	0	0	0	0	0	0	0	0	0	0	0	0	0	0	2004	0
LFQ	64	0	0	0	0	0	0	0	0	0	0	0	0	0	0	0	0	0	0	0	0	0	0	0	0	0	0	0	0	0	0	2004	0
LFQ	65	0	0	0	0	0	0	0	0	0	0	0	0	0	0	0	0	0	0	0	0	0	0	0	0	0	0	0	0	0	0	2004	0
LFQ	66	0	0	0	0	0	0	0	0	0	0	0	0	0	0	0	0	0	0	0	0	0	0	0	0	0	0	0	0	0	0	2004	0
LFQ	67	0	0	0	0	0	0	0	0	0	0	0	0	0	0	0	0	0	0	0	0	0	0	0	0	0	0	0	0	0	0	2004	0
LFQ	68	0	0	0	0	0	0	0	0	0	0	0	0	0	0	0	0	0	0	0	0	0	0	0	0	0	0	0	0	0	0	2004	0
LFQ	69	0	0	0	0	0	0	0	0	0	0	0	0	0	0	0	0	0	0	0	0	0	0	0	0	0	0	0	0	0	0	2004	0
LFQ	70	0	0	0	0	0	0	0	0	0	0	0	0	0	0	0	0	0	0	0	0	0	0	0	0	0	0	0	0	0	0	2004	0
LFQ	71	0	0	0	0	0	0	0	0	0	0	0	0	0	0	0	0	0	0	0	0	0	0	0	0	0	0	0	0	0	0	2004	0
LFQ	72	0	0	0	0	0	0	0	0	0	0	0	0	0	0	0	0	0	0	0	0	0	0	0	0	0	0	0	0	0	0	2004	0
LFQ	73	0	0	0	0	0	0	0	0	0	0	0	0	0	0	0	0	0	0	0	0	0	0	0	0	0	0	0	0	0	0	2004	0
LFQ	74	0	0	0	0	0	0	0	0	0	0	0	0	0	0	0	0	0	0	0	0	0	0	0	0	0	0	0	0	0	0	2004	0
LFQ	75	0	0	0	0	0	0	0	0	0	0	0	0	0	0	0	0	0	0	0	0	0	0	0	0	0	0	0	0	0	0	2004	0
LFQ	76	0	0	0	0	0	0	0	0	0	0	0	0	0	0	0	0	0	0	0	0	0	0	0	0	0	0	0	0	0	0	2004	0
LFQ	77	0	0	0	0	0	0	0	0	0	0	0	0	0	0	0	0	0	0	0	0	0	0	0	0	0	0	0	0	0	0	2004	0
LFQ	78	0	0	0	0	0	0	0	0	0	0	0	0	0	0	0	0	0	0	0	0	0	0	0	0	0	0	0	0	0	0	2004	0
LFQ	79	0	0	0	0	0	0	0	0	0	0	0	0	0	0	0	0	0	0	0	0	0	0	0	0	0	0	0	0	0	0	2004	0
LFQ	80	0	0	0	0	0	0	0	0	0	0	0	0	0	0	0	0	0	0	0	0	0	0	0	0	0	0	0	0	0	0	2004	0
LFQ	81	0	0	0	0	0	0	0	0	0	0	0	0	0	0	0	0	0	0	0	0	0	0	0	0	0	0	0	0	0	0	2004	0
LFQ	82	0	0	0	0	0	0	0	0	0	0	0	0	0	0	0	0	0	0	0	0	0	0	0	0	0	0	0	0	0	0	2004	0
LFQ	83	0	0	0	0	0	0	0	0	0	0	0	0	0	0	0	0	0	0	0	0	0	0	0	0	0	0	0	0	0	0	2004	0
LFQ	84	0	0	0	0	0	0	0	0	0	0	0	0	0	0	0	0	0	0	0	0	0	0	0	0	0	0	0	0	0	0	2004	0
LFQ	85	0	0	0	0	0	0	0	0	0	0	0	0	0	0	0	0	0	0	0	0	0	0	0	0	0	0	0	0	0	0	2004	0
LFQ	86	0	0	0	0	0	0	0	0	0	0	0	0	0	0	0	0	0	0	0	0	0	0	0	0	0	0	0	0	0	0	2004	0
LFQ	87	0	0	0	0	0	0	0	0	0	0	0	0	0	0	0	0	0	0	0	0	0	0	0	0	0	0	0	0	0	0	2004	0
LFQ	88	0	0	0	0	0	0	0	0	0	0	0	0	0	0	0	0	0	0	0	0	0	0	0	0	0	0	0	0	0	0	2004	0
LFQ	89	0	0	0	0	0	0	0	0	0	0	0	0	0	0	0	0	0	0	0	0	0	0	0	0	0	0	0	0	0	0	2004	0
LFQ	90	0	0	0	0	0	0	0	0	0	0	0	0	0	0	0	0	0	0	0	0	0	0	0	0	0	0	0	0	0	0	2004	0
LFQ	91	0	0	0	0	0	0	0	0	0	0	0	0	0	0	0	0	0	0	0	0	0	0	0	0	0	0	0	0	0	0	2004	0
LFQ	92	0	0	0	0	0	0	0	0	0	0	0	0	0	0	0	0	0	0	0	0	0	0	0	0	0	0	0	0	0	0	2004	0
LFQ	93	0	0	0	0	0	0	0	0	0	0	0	0	0	0	0	0	0	0	0	0	0	0	0	0	0	0	0	0	0	0	2004	0
LFQ	94	0	0	0	0	0	0	0	0	0	0	0	0	0	0	0	0	0	0	0	0	0	0	0	0	0	0	0	0	0	0	2004	0
LFQ	95	0	0	0	0	0	0	0	0	0	0	0	0	0	0	0	0	0	0	0	0	0	0	0	0	0	0	0	0	0	0	2004	0
LFQ	96	0	0	0	0	0	0	0	0	0	0	0	0	0	0	0	0	0	0	0	0	0	0	0	0	0	0	0	0	0	0	2004	0
LFQ	97	0	0	0	0	0	0	0	0	0	0	0	0	0	0	0	0	0	0	0	0	0	0	0	0	0	0	0	0	0	0	2004	0
LFQ	98	0	0	0	0	0	0	0	0	0	0	0	0	0	0	0	0	0	0	0	0	0	0	0	0	0	0	0	0	0	0	2004	0
LFQ	99	0	0	0	0	0	0	0	0	0	0	0	0	0	0	0	0	0	0	0	0	0	0	0	0	0	0	0	0	0	0	2004	0
LFQ	100	0	0	0	0	0	0	0	0	0	0	0	0	0	0	0	0	0	0	0	0	0	0	0	0	0	0	0	0	0	0	2004	0
LFQ	101	0	0	0	0	0	0	0	0	0	0	0	0	0	0	0	0	0	0	0	0	0	0	0	0	0	0	0	0	0	0	2004	0
LFQ	102	0	0	0	0	0	0	0	0	0	0	0	0	0	0	0	0	0	0	0	0	0	0	0	0	0	0	0	0	0	0	2004	0
LFQ	103	0	0	0	0	0	0	0	0	0	0	0	0	0	0	0	0	0	0	0	0	0	0	0	0	0	0	0	0	0	0	2004	0
LFQ	104	0	0	0	0	0	0	0	0	0	0	0	0	0	0	0	0	0	0	0	0	0	0	0	0	0	0	0	0	0	0	2004	0
LFQ	105	0	0	0	0	0	0	0	0	0	0	0	0	0	0	0	0	0	0	0	0	0	0	0	0	0	0	0	0	0	0	2004	0
LFQ	106	0	0	0	0	0	0	0	0	0	0	0	0	0	0	0	0	0	0	0	0	0	0	0	0	0	0	0	0	0	0	2004	0
LFQ	107	0	0	0	0	0	0	0	0	0	0	0	0	0	0	0	0	0	0	0	0	0	0	0	0	0	0	0	0	0	0	2004	0
LFQ	108	0	0	0	0	0	0	0	0	0	0	0	0	0	0	0	0	0	0	0	0	0	0	0	0	0	0	0	0	0	0	2004	0
LFQ	109	0	0	0	0	0	0	0	0	0	0	0	0	0	0	0	0	0	0	0	0	0	0	0	0	0	0	0	0	0	0	2004	0
LFQ	110	0	0	0	0	0	0	0	0	0	0	0	0	0	0	0	0	0	0	0	0	0	0	0	0	0	0	0	0	0	0	2004	0
LFQ	111	0	0	0	0	0	0	0	0	0	0	0	0	0	0	0	0	0	0	0	0	0	0	0	0	0	0	0	0	0	0	2004	0
LFQ	112	0	0	0	0	0	0	0	0	0	0	0	0	0	0	0	0	0	0	0	0	0	0	0	0	0	0	0	0	0	0	2004	0
LFQ	113	0	0	0	0	0	0	0	0	0	0	0	0	0	0	0	0	0	0	0	0	0	0	0	0	0	0	0	0	0	0	2004	0
LFQ	114	0	0	0	0	0	0	0	0	0	0	0	0	0	0	0	0	0	0	0	0	0	0	0	0	0	0	0	0	0	0	2004	0
LFQ	115	0	0	0	0	0	0	0	0	0	0	0	0	0	0	0	0	0	0	0	0	0	0	0	0	0	0	0	0	0	0	2004	0
LFQ	116	0	0	0	0	0	0	0	0	0	0	0	0	0	0	0	0	0	0	0	0	0	0	0	0	0	0	0	0	0	0	2004	0
LFQ	117	0	0	0	0	0	0	0	0	0	0	0	0	0	0	0	0	0	0	0	0	0	0	0	0	0	0	0	0	0	0	2004	0
LFQ	118	0	0	0	0	0	0	0	0	0	0	0	0	0	0	0	0	0	0	0	0	0	0	0	0	0	0	0	0	0	0	2004	0
LFQ	119	0	0	0	0	0	0	0	0	0	0	0	0	0	0	0	0	0	0	0	0	0	0	0	0	0	0	0	0	0	0	2004	0
LFQ	120	0	0	0	0	0	0	0	0	0	0	0	0	0	0	0	0	0	0	0	0	0	0	0	0	0	0	0	0	0	0	2004	0
LFQ	121	0	0	0	0	0	0	0	0	0	0	0	0	0	0	0	0	0	0	0	0	0	0	0	0	0	0	0	0	0	0	2004	0
LFQ	122	0	0	0	0	0	0	0	0	0	0	0	0	0	0	0	0	0	0	0	0	0	0	0	0	0	0	0	0	0	0	2004	0
LFQ	123	0	0	0	0	0	0	0	0	0	0	0	0	0	0	0	0	0	0	0	0	0	0	0	0	0	0	0	0	0	0	2004	0
LFQ	124	0	0	0	0	0	0	0	0	0	0	0	0	0	0	0	0	0	0	0	0	0	0	0	0	0	0	0	0	0	0	2004	0
LFQ	125	0	0	0	0	0	0	0	0	0	0	0	0	0	0	0	0	0	0	0	0	0	0	0	0	0	0	0	0	0	0	2004	0
LFQ	126	0	0	0	0	0	0	0	0	0	0	0	0	0	0	0	0	0	0	0	0	0	0	0	0	0	0	0	0	0	0	2004	0
LFQ	127	0	0	0	0	0	0	0	0	0	0	0	0	0	0	0	0	0	0	0	0	0	0	0	0	0	0	0	0	0	0	2004	0
LFQ	128	0	0	0	0	0	0	0	0	0	0	0	0	0	0	0	0	0	0	0	0	0	0	0	0	0	0	0	0	0	0	2004	0
LFQ	129	0	0	0	0	0	0	0	0	0	0	0	0	0	0	0	0	0	0	0	0	0	0	0	0	0	0	0	0	0	0	2004	0
LFQ	130	0	0	0	0	0	0	0	0	0	0	0	0	0	0	0	0	0	0	0	0	0	0	0	0	0	0	0	0	0	0	2004	0
LFQ	131	0	0	0	0	0	0	0	0	0	0	0	0	0	0	0	0	0	0	0	0	0	0	0	0	0	0	0	0	0	0	2004	0
LFQ	132	0	0	0	0	0	0	0	0	0	0	0	0	0	0	0	0	0	0	0	0	0	0	0	0	0	0	0	0	0	0	2004	0
LFQ	133	0	0	0	0	0	0	0	0	0	0	0	0	0	0	0	0	0	0	0	0	0	0	0	0	0	0	0	0	0	0	2004	0
LFQ	134	0	0	0	0	0	0	0	0	0	0	0	0	0	0	0	0	0	0	0	0	0	0	0	0	0	0	0	0	0	0	2004	0
LFQ	135	0	0	0	0	0	0	0	0	0	0	0	0	0	0	0	0	0	0	0	0	0	0	0	0	0	0	0	0	0	0	2004	0
LFQ	136	0	0	0	0	0	0	0	0	0	0	0	0	0	0	0	0	0	0	0	0	0	0	0	0	0	0	0	0	0	0	2004	0
LFQ	137	0	0	0	0	0	0	0	0	0	0	0	0	0	0	0	0	0	0	0	0	0	0	0	0	0	0	0	0	0	0	2004	0
LFQ	138	0	0	0	0	0	0	0	0	0	0	0	0	0	0	0	0	0	0	0	0	0	0	0	0	0	0	0	0	0	0	2004	0
LFQ	139	0	0	0	0	0	0	0	0	0	0	0	0	0	0	0	0	0	0	0	0	0	0	0	0	0	0	0	0	0	0	2004	0
LFQ	140	0	0	0	0	0	0	0	0	0	0	0	0	0	0	0	0	0	0	0	0	0	0	0	0	0	0	0	0	0	0	2004	0
LFQ	141	0	0	0	0	0	0	0	0	0	0	0	0	0	0	0	0	0	0	0	0	0	0	0	0	0	0	0	0	0	0	2004	0
LFQ	142	0	0	0	0	0	0	0	0	0	0	0	0	0	0	0	0	0	0	0	0	0	0	0	0	0	0	0	0	0	0	2004	0
LFQ	143	0	0	0	0	0	0	0	0	0	0	0	0	0	0	0	0	0	0	0	0	0	0	0	0	0	0	0	0	0	0	2004	0
LFQ	144	0	0	0	0	0	0	0	0	0	0	0	0	0	0	0	0	0	0	0	0	0	0	0	0	0	0	0	0	0	0	2004	0
LFQ	145	0	0	0	0	0	0	0	0	0	0	0	0	0	0	0	0	0	0	0	0	0	0	0	0	0	0	0	0	0	0	2004	0
LFQ	146	0	0	0	0	0	0	0	0	0	0	0	0	0	0	0	0	0	0	0	0	0	0	0	0	0	0	0	0	0	0	2004	0
LFQ	147	0	0	0	0	0	0	0	0	0	0	0	0	0	0	0	0	0	0	0	0	0	0	0	0	0	0	0	0	0	0	2004	0
LFQ	148	0	0	0	0	0	0	0	0	0	0	0	0	0	0	0	0	0	0	0	0	0	0	0	0	0	0	0	0	0	0	2004	0
LFQ	149	0	0	0	0	0	0	0	0	0	0	0	0	0	0	0	0	0	0	0	0	0	0	0	0	0	0	0	0	0	0	2004	0
LFQ	150	0	0	0	0	0	0	0	0	0	0	0	0	0	0	0	0	0	0	0	0	0	0	0	0	0	0	0	0	0	0	2004	0
# GC Content of first fragments. Use `grep ^GCF | cut -f 2-` to extract this part.
GCF	3.77	0
GCF	8.04	2
GCF	11.81	0
GCF	15.33	1
GCF	16.08	0
GCF	16.83	1
GCF	18.09	0
GCF	19.35	3
GCF	20.35	2
GCF	21.36	4
GCF	22.11	2
GCF	22.86	4
GCF	23.87	8
GCF	24.87	11
GCF	25.38	13
GCF	26.13	10
GCF	26.88	12
GCF	27.39	21
GCF	28.14	20
GCF	28.89	38
GCF	29.40	31
GCF	30.15	37
GCF	30.90	25
GCF	31.41	49
GCF	32.16	38
GCF	32.91	57
GCF	33.67	62
GCF	34.67	64
GCF	35.43	78
GCF	35.93	81
GCF	36.68	83
GCF	37.44	88
GCF	37.94	77
GCF	38.69	67
GCF	39.45	64
GCF	39.95	60
GCF	40.70	79
GCF	41.46	65
GCF	41.96	62
GCF	42.71	40
GCF	43.47	63
GCF	43.97	60
GCF	44.97	54
GCF	45.98	51
GCF	46.73	44
GCF	47.74	31
GCF	48.74	33
GCF	49.50	23
GCF	50.00	19
GCF	50.75	12
GCF	51.51	17
GCF	52.01	13
GCF	52.76	7
GCF	53.52	3
GCF	54.02	12
GCF	55.03	6
GCF	56.03	8
GCF	56.78	6
GCF	57.54	7
GCF	58.79	2
GCF	60.55	0
GCF	61.56	3
GCF	62.06	0
GCF	62.81	1
GCF	63.57	0
GCF	64.07	1
GCF	66.08	0
GCF	68.09	1
GCF	69.10	0
GCF	70.10	1
# GC Content of last fragments. Use `grep ^GCL | cut -f 2-` to extract this part.
GCL	3.52	0
GCL	7.29	1
GCL	11.56	0
GCL	16.08	2
GCL	16.83	1
GCL	17.84	0
GCL	18.84	5
GCL	19.35	0
GCL	20.35	2
GCL	21.36	6
GCL	22.11	4
GCL	22.86	6
GCL	23.37	12
GCL	24.12	10
GCL	24.87	12
GCL	25.38	17
GCL	26.13	16
GCL	26.88	22
GCL	27.39	19
GCL	28.14	18
GCL	28.89	29
GCL	29.40	42
GCL	30.15	37
GCL	31.16	47
GCL	32.16	37
GCL	32.91	55
GCL	33.42	56
GCL	33.92	55
GCL	34.67	52
GCL	35.43	79
GCL	35.93	82
GCL	36.68	79
GCL	37.44	65
GCL	37.94	77
GCL	38.69	80
GCL	39.45	59
GCL	39.95	68
GCL	40.70	72
GCL	41.46	66
GCL	41.96	73
GCL	42.71	55
GCL	43.47	48
GCL	44.47	49
GCL	45.48	47
GCL	46.48	42
GCL	47.49	38
GCL	47.99	33
GCL	48.74	32
GCL	49.50	13
GCL	50.00	29
GCL	50.75	19
GCL	51.51	16
GCL	52.01	13
GCL	52.76	9
GCL	53.52	5
GCL	54.02	2
GCL	54.77	10
GCL	55.53	6
GCL	56.03	8
GCL	56.78	6
GCL	57.54	1
GCL	58.04	3
GCL	58.79	5
GCL	59.55	1
GCL	60.05	2
GCL	60.80	0
GCL	61.56	3
GCL	62.06	0
GCL	63.32	1
GCL	64.82	0
GCL	65.58	1
GCL	66.08	0
GCL	66.58	2
# ACGT content per cycle. Use `grep ^GCC | cut -f 2-` to extract this part. The columns are: cycle; A,C,G,T base counts as a percentage of all A/C/G/T bases [%]; and N and O counts as a percentage of all A/C/G/T bases [%]
GCC	1	29.72	20.31	19.01	30.96	0.00	0.00
GCC	2	30.01	20.18	18.21	31.59	0.00	0.00
GCC	3	29.99	20.51	18.66	30.84	0.00	0.00
GCC	4	30.71	20.21	18.21	30.86	0.00	0.00
GCC	5	30.36	20.38	19.14	30.11	0.00	0.00
GCC	6	29.89	21.66	19.06	29.39	0.00	0.00
GCC	7	30.51	19.69	19.56	30.24	0.00	0.00
GCC	8	29.54	20.08	19.21	31.16	0.00	0.00
GCC	9	29.59	20.36	18.46	31.59	0.00	0.00
GCC	10	31.44	18.91	19.26	30.39	0.00	0.00
GCC	11	30.91	19.21	18.99	30.89	0.00	0.00
GCC	12	30.29	20.28	19.39	30.04	0.00	0.00
GCC	13	30.66	19.71	17.91	31.71	0.00	0.00
GCC	14	30.04	19.59	19.49	30.89	0.00	0.00
GCC	15	29.99	19.84	19.84	30.34	0.00	0.00
GCC	16	31.16	20.11	19.54	29.19	0.00	0.00
GCC	17	31.16	18.69	19.84	30.31	0.00	0.00
GCC	18	30.76	20.08	19.61	29.54	0.00	0.00
GCC	19	30.61	19.54	19.24	30.61	0.00	0.00
GCC	20	30.16	20.36	18.49	30.99	0.00	0.00
GCC	21	29.64	20.48	18.16	31.71	0.00	0.00
GCC	22	30.16	19.26	19.29	31.29	0.00	0.00
GCC	23	30.16	19.34	19.14	31.36	0.00	0.00
GCC	24	30.29	19.46	20.26	29.99	0.00	0.00
GCC	25	31.39	19.21	18.76	30.64	0.00	0.00
GCC	26	29.79	20.21	18.34	31.66	0.00	0.00
GCC	27	30.91	19.91	18.71	30.46	0.00	0.00
GCC	28	29.84	20.06	19.34	30.76	0.00	0.00
GCC	29	30.04	20.06	18.74	31.16	0.00	0.00
GCC	30	31.11	18.31	20.08	30.49	0.00	0.00
GCC	31	31.61	19.99	18.24	30.16	0.00	0.00
GCC	32	29.94	19.66	19.34	31.06	0.00	0.00
GCC	33	30.11	19.74	18.94	31.21	0.00	0.00
GCC	34	32.56	18.91	18.81	29.72	0.00	0.00
GCC	35	28.79	19.61	19.14	32.46	0.00	0.00
GCC	36	29.74	19.79	18.51	31.96	0.00	0.00
GCC	37	30.21	19.64	18.09	32.06	0.00	0.00
GCC	38	30.79	20.01	19.41	29.79	0.00	0.00
GCC	39	30.21	20.06	19.04	30.69	0.00	0.00
GCC	40	30.19	21.33	18.26	30.21	0.00	0.00
GCC	41	30.41	20.03	17.74	31.81	0.00	0.00
GCC	42	30.46	20.96	18.21	30.36	0.00	0.00
GCC	43	30.09	20.56	18.71	30.64	0.00	0.00
GCC	44	30.14	20.66	18.91	30.29	0.00	0.00
GCC	45	30.76	19.99	17.34	31.91	0.00	0.00
GCC	46	29.82	20.76	18.19	31.24	0.00	0.00
GCC	47	30.16	19.26	19.64	30.94	0.00	0.00
GCC	48	31.59	19.86	17.89	30.66	0.00	0.00
GCC	49	31.19	19.16	19.51	30.14	0.00	0.00
GCC	50	31.44	18.76	18.11	31.69	0.00	0.00
GCC	51	30.94	19.56	18.89	30.61	0.00	0.00
GCC	52	29.27	20.11	19.96	30.66	0.00	0.00
GCC	53	31.51	19.94	18.71	29.84	0.00	0.00
GCC	54	31.96	19.26	17.79	30.99	0.00	0.00
GCC	55	30.76	19.91	19.39	29.94	0.00	0.00
GCC	56	31.09	20.03	18.51	30.36	0.00	0.00
GCC	57	30.39	20.33	19.14	30.14	0.00	0.00
GCC	58	31.06	20.66	18.24	30.04	0.00	0.00
GCC	59	30.26	20.86	17.81	31.06	0.00	0.00
GCC	60	29.82	21.28	19.24	29.67	0.00	0.00
GCC	61	30.81	19.39	18.79	31.01	0.00	0.00
GCC	62	31.04	19.44	18.39	31.14	0.00	0.00
GCC	63	30.76	20.78	18.59	29.87	0.00	0.00
GCC	64	30.19	19.01	19.66	31.14	0.00	0.00
GCC	65	31.71	20.01	18.31	29.97	0.00	0.00
GCC	66	30.54	19.49	18.84	31.14	0.00	0.00
GCC	67	31.19	20.66	18.41	29.74	0.00	0.00
GCC	68	30.79	19.56	19.64	30.01	0.00	0.00
GCC	69	30.39	18.89	19.66	31.06	0.00	0.00
GCC	70	31.21	18.16	19.74	30.89	0.00	0.00
GCC	71	31.21	19.19	18.56	31.04	0.00	0.00
GCC	72	32.26	19.31	18.39	30.04	0.00	0.00
GCC	73	31.51	19.21	18.86	30.41	0.00	0.00
GCC	74	30.41	20.01	18.69	30.89	0.00	0.00
GCC	75	30.21	20.28	17.17	32.34	0.00	0.00
GCC	76	28.97	19.14	20.18	31.71	0.00	0.00
GCC	77	30.54	20.31	19.01	30.14	0.00	0.00
GCC	78	31.29	19.81	18.26	30.64	0.00	0.00
GCC	79	30.99	19.14	18.99	30.89	0.00	0.00
GCC	80	28.64	20.58	18.89	31.89	0.00	0.00
GCC	81	31.06	20.31	18.06	30.56	0.00	0.00
GCC	82	29.92	19.84	18.81	31.44	0.00	0.00
GCC	83	30.59	20.68	18.94	29.79	0.00	0.00
GCC	84	30.09	20.18	18.71	31.01	0.00	0.00
GCC	85	30.19	18.96	19.19	31.66	0.00	0.00
GCC	86	30.61	18.71	19.76	30.91	0.00	0.00
GCC	87	31.74	20.61	18.89	28.77	0.00	0.00
GCC	88	30.79	19.64	18.66	30.91	0.00	0.00
GCC	89	30.61	19.34	19.84	30.21	0.00	0.00
GCC	90	30.44	20.21	19.24	30.11	0.00	0.00
GCC	91	31.24	19.79	17.89	31.09	0.00	0.00
GCC	92	29.57	20.46	18.71	31.26	0.00	0.00
GCC	93	31.44	20.78	18.64	29.14	0.00	0.00
GCC	94	30.61	20.38	18.89	30.11	0.00	0.00
GCC	95	30.71	19.86	19.54	29.89	0.00	0.00
GCC	96	31.51	19.41	18.79	30.29	0.00	0.00
GCC	97	30.59	20.36	19.26	29.79	0.00	0.00
GCC	98	30.61	19.61	19.16	30.61	0.00	0.00
GCC	99	30.76	20.26	18.89	30.09	0.00	0.00
GCC	100	31.11	19.61	19.74	29.54	0.00	0.00
GCC	101	29.92	20.68	19.64	29.77	0.00	0.00
GCC	102	30.86	20.18	18.56	30.39	0.00	0.00
GCC	103	29.89	20.01	19.34	30.76	0.00	0.00
GCC	104	29.87	20.66	18.39	31.09	0.00	0.00
GCC	105	30.91	19.49	19.44	30.16	0.00	0.00
GCC	106	30.61	19.69	19.09	30.61	0.00	0.00
GCC	107	30.06	18.86	19.86	31.21	0.00	0.00
GCC	108	31.34	20.31	18.79	29.57	0.00	0.00
GCC	109	29.74	20.43	18.94	30.89	0.00	0.00
GCC	110	30.29	20.13	18.49	31.09	0.00	0.00
GCC	111	30.54	19.94	17.99	31.54	0.00	0.00
GCC	112	30.79	20.61	17.49	31.11	0.00	0.00
GCC	113	31.19	19.94	18.51	30.36	0.00	0.00
GCC	114	31.56	19.04	18.29	31.11	0.00	0.00
GCC	115	31.11	19.51	19.19	30.19	0.00	0.00
GCC	116	30.59	19.46	19.54	30.41	0.00	0.00
GCC	117	29.59	19.24	19.36	31.81	0.00	0.00
GCC	118	29.74	19.84	18.41	32.01	0.00	0.00
GCC	119	29.74	19.76	19.11	31.39	0.00	0.00
GCC	120	31.54	18.76	19.21	30.49	0.00	0.00
GCC	121	31.01	19.76	17.81	31.41	0.00	0.00
GCC	122	31.44	19.51	18.76	30.29	0.00	0.00
GCC	123	31.06	19.06	19.29	30.59	0.00	0.00
GCC	124	31.21	19.21	18.31	31.26	0.00	0.00
GCC	125	30.01	20.16	19.16	30.66	0.00	0.00
GCC	126	30.01	19.89	18.99	31.11	0.00	0.00
GCC	127	30.59	20.11	19.21	30.09	0.00	0.00
GCC	128	30.29	20.56	19.54	29.62	0.00	0.00
GCC	129	31.24	20.41	18.39	29.97	0.00	0.00
GCC	130	30.59	19.44	18.29	31.69	0.00	0.00
GCC	131	29.79	19.94	19.06	31.21	0.00	0.00
GCC	132	30.34	19.69	19.54	30.44	0.00	0.00
GCC	133	30.29	20.61	18.96	30.14	0.00	0.00
GCC	134	31.29	19.54	19.04	30.14	0.00	0.00
GCC	135	30.56	20.13	19.26	30.04	0.00	0.00
GCC	136	32.09	19.94	18.26	29.72	0.00	0.00
GCC	137	31.06	20.11	19.19	29.64	0.00	0.00
GCC	138	30.96	19.01	19.51	30.51	0.00	0.00
GCC	139	30.59	18.96	19.94	30.51	0.00	0.00
GCC	140	30.56	19.21	18.81	31.41	0.00	0.00
GCC	141	30.41	20.33	18.56	30.69	0.00	0.00
GCC	142	29.72	19.94	19.36	30.99	0.00	0.00
GCC	143	29.12	19.81	18.89	32.19	0.00	0.00
GCC	144	30.76	21.26	18.39	29.59	0.00	0.00
GCC	145	30.94	18.81	18.36	31.89	0.00	0.00
GCC	146	31.86	20.23	18.09	29.82	0.00	0.00
GCC	147	30.34	20.66	18.49	30.51	0.00	0.00
GCC	148	30.16	19.46	18.79	31.59	0.00	0.00
GCC	149	30.21	19.96	18.84	30.99	0.00	0.00
GCC	150	31.01	20.03	17.91	31.04	0.00	0.00
# ACGT content per cycle, read oriented. Use `grep ^GCT | cut -f 2-` to extract this part. The columns are: cycle; A,C,G,T base counts as a percentage of all A/C/G/T bases [%]
GCT	1	30.61	19.36	19.96	30.06
GCT	2	32.26	19.24	19.16	29.34
GCT	3	29.99	19.76	19.41	30.84
GCT	4	32.36	18.91	19.51	29.22
GCT	5	30.74	20.26	19.26	29.74
GCT	6	31.29	19.91	20.81	27.99
GCT	7	31.59	19.46	19.79	29.17
GCT	8	29.97	20.21	19.09	30.74
GCT	9	31.16	19.09	19.74	30.01
GCT	10	32.06	19.79	18.39	29.77
GCT	11	31.51	18.56	19.64	30.29
GCT	12	31.34	19.39	20.28	28.99
GCT	13	32.06	19.11	18.51	30.31
GCT	14	30.41	19.56	19.51	30.51
GCT	15	30.89	19.64	20.03	29.44
GCT	16	30.44	19.94	19.71	29.92
GCT	17	30.76	19.59	18.94	30.71
GCT	18	29.39	19.81	19.89	30.91
GCT	19	30.91	19.64	19.14	30.31
GCT	20	30.54	20.63	18.21	30.61
GCT	21	30.51	19.26	19.39	30.84
GCT	22	31.14	18.94	19.61	30.31
GCT	23	30.54	19.61	18.86	30.99
GCT	24	30.79	19.01	20.71	29.49
GCT	25	30.76	18.44	19.54	31.26
GCT	26	30.84	19.36	19.19	30.61
GCT	27	30.49	18.94	19.69	30.89
GCT	28	30.61	19.54	19.86	29.99
GCT	29	29.34	19.21	19.59	31.86
GCT	30	32.06	19.21	19.19	29.54
GCT	31	30.49	19.36	18.86	31.29
GCT	32	30.36	18.94	20.06	30.64
GCT	33	31.34	19.31	19.36	29.99
GCT	34	31.99	19.54	18.19	30.29
GCT	35	30.19	20.21	18.54	31.06
GCT	36	30.94	19.99	18.31	30.76
GCT	37	30.91	17.64	20.08	31.36
GCT	38	30.56	20.23	19.19	30.01
GCT	39	29.62	19.81	19.29	31.29
GCT	40	30.74	20.08	19.51	29.67
GCT	41	31.94	18.96	18.81	30.29
GCT	42	31.41	19.56	19.61	29.42
GCT	43	31.41	19.34	19.94	29.32
GCT	44	31.14	19.01	20.56	29.29
GCT	45	31.49	18.06	19.26	31.19
GCT	46	30.84	19.49	19.46	30.21
GCT	47	29.97	18.71	20.18	31.14
GCT	48	31.14	19.66	18.09	31.11
GCT	49	30.94	19.51	19.16	30.39
GCT	50	32.14	18.41	18.46	30.99
GCT	51	30.89	18.81	19.64	30.66
GCT	52	30.91	20.66	19.41	29.02
GCT	53	31.21	19.34	19.31	30.14
GCT	54	31.86	18.96	18.09	31.09
GCT	55	30.14	19.39	19.91	30.56
GCT	56	30.44	18.94	19.61	31.01
GCT	57	30.09	19.79	19.69	30.44
GCT	58	30.24	19.54	19.36	30.86
GCT	59	30.79	19.54	19.14	30.54
GCT	60	29.37	20.23	20.28	30.11
GCT	61	31.14	18.76	19.41	30.69
GCT	62	32.36	19.26	18.56	29.82
GCT	63	29.79	18.96	20.41	30.84
GCT	64	29.99	19.11	19.56	31.34
GCT	65	30.76	18.41	19.91	30.91
GCT	66	31.04	18.39	19.94	30.64
GCT	67	29.79	19.76	19.31	31.14
GCT	68	30.29	19.31	19.89	30.51
GCT	69	31.16	19.51	19.04	30.29
GCT	70	32.09	18.34	19.56	30.01
GCT	71	30.91	19.09	18.66	31.34
GCT	72	31.69	18.39	19.31	30.61
GCT	73	30.79	18.29	19.79	31.14
GCT	74	31.41	19.51	19.19	29.89
GCT	75	31.34	18.71	18.74	31.21
GCT	76	30.26	19.54	19.79	30.41
GCT	77	29.89	18.81	20.51	30.79
GCT	78	30.71	19.09	18.99	31.21
GCT	79	30.56	18.56	19.56	31.31
GCT	80	30.16	20.26	19.21	30.36
GCT	81	29.62	18.46	19.91	32.01
GCT	82	30.76	18.39	20.26	30.59
GCT	83	29.57	18.76	20.86	30.81
GCT	84	30.74	19.89	19.01	30.36
GCT	85	30.74	18.96	19.19	31.11
GCT	86	30.91	18.86	19.61	30.61
GCT	87	30.29	19.61	19.89	30.21
GCT	88	30.16	19.26	19.04	31.54
GCT	89	30.04	19.36	19.81	30.79
GCT	90	31.19	20.01	19.44	29.37
GCT	91	30.89	18.49	19.19	31.44
GCT	92	31.19	19.34	19.84	29.64
GCT	93	31.14	19.14	20.28	29.44
GCT	94	29.77	20.23	19.04	30.96
GCT	95	29.99	19.89	19.51	30.61
GCT	96	31.49	19.49	18.71	30.31
GCT	97	29.77	20.03	19.59	30.61
GCT	98	31.71	20.21	18.56	29.52
GCT	99	31.04	19.99	19.16	29.82
GCT	100	31.01	19.36	19.99	29.64
GCT	101	29.87	19.69	20.63	29.82
GCT	102	29.57	19.79	18.96	31.69
GCT	103	30.16	19.44	19.91	30.49
GCT	104	30.94	18.79	20.26	30.01
GCT	105	30.31	18.74	20.18	30.76
GCT	106	30.29	19.56	19.21	30.94
GCT	107	31.39	18.74	19.99	29.89
GCT	108	29.72	18.74	20.36	31.19
GCT	109	30.06	19.36	20.01	30.56
GCT	110	30.74	19.19	19.44	30.64
GCT	111	30.46	19.71	18.21	31.61
GCT	112	30.46	18.54	19.56	31.44
GCT	113	31.51	19.66	18.79	30.04
GCT	114	31.99	18.86	18.46	30.69
GCT	115	29.99	19.19	19.51	31.31
GCT	116	30.69	18.86	20.13	30.31
GCT	117	29.72	19.26	19.34	31.69
GCT	118	32.61	19.36	18.89	29.14
GCT	119	31.09	18.86	20.01	30.04
GCT	120	32.21	18.04	19.94	29.82
GCT	121	31.24	18.44	19.14	31.19
GCT	122	30.99	20.01	18.26	30.74
GCT	123	30.86	19.16	19.19	30.79
GCT	124	31.14	19.04	18.49	31.34
GCT	125	30.34	19.84	19.49	30.34
GCT	126	31.46	19.74	19.14	29.67
GCT	127	30.54	19.01	20.31	30.14
GCT	128	30.51	19.89	20.21	29.39
GCT	129	30.74	18.81	19.99	30.46
GCT	130	31.64	18.44	19.29	30.64
GCT	131	31.81	18.96	20.03	29.19
GCT	132	31.39	19.59	19.64	29.39
GCT	133	30.94	19.86	19.71	29.49
GCT	134	29.64	18.74	19.84	31.79
GCT	135	31.21	19.49	19.91	29.39
GCT	136	29.92	18.51	19.69	31.89
GCT	137	30.86	20.36	18.94	29.84
GCT	138	29.42	19.11	19.41	32.06
GCT	139	30.16	19.44	19.46	30.94
GCT	140	31.16	18.16	19.86	30.81
GCT	141	30.54	20.56	18.34	30.56
GCT	142	30.14	18.91	20.38	30.56
GCT	143	30.89	20.03	18.66	30.41
GCT	144	29.39	19.79	19.86	30.96
GCT	145	30.64	19.06	18.11	32.19
GCT	146	31.69	19.01	19.31	29.99
GCT	147	29.97	19.44	19.71	30.89
GCT	148	31.61	19.31	18.94	30.14
GCT	149	30.09	19.89	18.91	31.11
GCT	150	30.44	19.41	18.54	31.61
# ACGT content per cycle for first fragments. Use `grep ^FBC | cut -f 2-` to extract this part. The columns are: cycle; A,C,G,T base counts as a percentage of all A/C/G/T bases [%]; and N and O counts as a percentage of all A/C/G/T bases [%]
FBC	1	30.14	19.81	19.91	30.14	0.00	0.00
FBC	2	30.64	19.16	18.71	31.49	0.00	0.00
FBC	3	30.14	20.91	17.32	31.64	0.00	0.00
FBC	4	31.44	19.71	18.21	30.64	0.00	0.00
FBC	5	30.54	21.06	19.76	28.64	0.00	0.00
FBC	6	31.49	20.36	17.81	30.34	0.00	0.00
FBC	7	30.94	19.61	19.41	30.04	0.00	0.00
FBC	8	29.64	19.76	18.21	32.39	0.00	0.00
FBC	9	30.79	20.96	17.76	30.49	0.00	0.00
FBC	10	31.99	19.21	18.81	29.99	0.00	0.00
FBC	11	32.09	18.26	19.46	30.19	0.00	0.00
FBC	12	29.84	19.61	20.01	30.54	0.00	0.00
FBC	13	31.29	19.21	18.16	31.34	0.00	0.00
FBC	14	30.14	19.41	20.16	30.29	0.00	0.00
FBC	15	30.39	21.01	18.61	29.99	0.00	0.00
FBC	16	31.29	20.86	19.11	28.74	0.00	0.00
FBC	17	30.54	17.81	20.91	30.74	0.00	0.00
FBC	18	30.24	20.26	19.11	30.39	0.00	0.00
FBC	19	30.89	19.11	19.36	30.64	0.00	0.00
FBC	20	29.44	20.06	18.86	31.64	0.00	0.00
FBC	21	31.09	19.61	18.31	30.99	0.00	0.00
FBC	22	31.44	18.46	18.91	31.19	0.00	0.00
FBC	23	30.94	19.86	19.21	29.99	0.00	0.00
FBC	24	30.54	19.71	19.96	29.79	0.00	0.00
FBC	25	32.78	18.51	18.66	30.04	0.00	0.00
FBC	26	30.69	19.46	18.81	31.04	0.00	0.00
FBC	27	30.89	20.41	19.31	29.39	0.00	0.00
FBC	28	29.69	19.06	19.66	31.59	0.00	0.00
FBC	29	30.04	19.91	19.41	30.64	0.00	0.00
FBC	30	29.49	19.51	19.71	31.29	0.00	0.00
FBC	31	31.99	20.11	18.76	29.14	0.00	0.00
FBC	32	30.54	20.31	18.91	30.24	0.00	0.00
FBC	33	31.24	20.06	18.36	30.34	0.00	0.00
FBC	34	33.43	18.16	18.76	29.64	0.00	0.00
FBC	35	29.24	18.36	19.31	33.08	0.00	0.00
FBC	36	28.44	19.41	18.76	33.38	0.00	0.00
FBC	37	28.69	21.41	17.56	32.34	0.00	0.00
FBC	38	29.94	20.56	19.86	29.64	0.00	0.00
FBC	39	29.19	19.96	19.56	31.29	0.00	0.00
FBC	40	30.84	20.91	17.86	30.39	0.00	0.00
FBC	41	29.49	20.16	18.11	32.24	0.00	0.00
FBC	42	29.89	21.01	18.56	30.54	0.00	0.00
FBC	43	30.34	20.31	19.06	30.29	0.00	0.00
FBC	44	29.49	20.06	20.11	30.34	0.00	0.00
FBC	45	31.79	20.11	16.72	31.39	0.00	0.00
FBC	46	30.59	19.31	18.41	31.69	0.00	0.00
FBC	47	29.59	19.21	20.21	30.99	0.00	0.00
FBC	48	31.64	19.16	18.51	30.69	0.00	0.00
FBC	49	30.79	19.96	19.41	29.84	0.00	0.00
FBC	50	31.04	19.36	18.16	31.44	0.00	0.00
FBC	51	30.54	20.71	18.11	30.64	0.00	0.00
FBC	52	29.04	20.56	19.71	30.69	0.00	0.00
FBC	53	32.73	20.01	18.61	28.64	0.00	0.00
FBC	54	32.34	18.76	18.41	30.49	0.00	0.00
FBC	55	31.89	19.41	19.71	28.99	0.00	0.00
FBC	56	30.89	18.76	18.86	31.49	0.00	0.00
FBC	57	29.99	21.16	19.66	29.19	0.00	0.00
FBC	58	31.54	21.11	17.42	29.94	0.00	0.00
FBC	59	29.69	20.51	18.81	30.99	0.00	0.00
FBC	60	29.29	20.96	19.21	30.54	0.00	0.00
FBC	61	30.64	20.51	18.36	30.49	0.00	0.00
FBC	62	30.79	18.71	18.96	31.54	0.00	0.00
FBC	63	30.34	21.31	19.56	28.79	0.00	0.00
FBC	64	30.79	20.26	19.21	29.74	0.00	0.00
FBC	65	31.29	20.56	18.81	29.34	0.00	0.00
FBC	66	31.04	19.31	18.71	30.94	0.00	0.00
FBC	67	32.24	20.01	18.21	29.54	0.00	0.00
FBC	68	31.29	19.61	19.81	29.29	0.00	0.00
FBC	69	29.94	19.36	19.81	30.89	0.00	0.00
FBC	70	31.94	18.31	19.36	30.39	0.00	0.00
FBC	71	31.04	18.06	18.96	31.94	0.00	0.00
FBC	72	32.04	20.21	18.16	29.59	0.00	0.00
FBC	73	30.14	19.91	20.06	29.89	0.00	0.00
FBC	74	30.14	20.96	18.01	30.89	0.00	0.00
FBC	75	31.19	20.36	17.42	31.04	0.00	0.00
FBC	76	29.09	18.96	20.16	31.79	0.00	0.00
FBC	77	30.69	19.11	19.41	30.79	0.00	0.00
FBC	78	31.34	18.76	18.31	31.59	0.00	0.00
FBC	79	30.29	19.96	19.21	30.54	0.00	0.00
FBC	80	29.14	19.46	18.31	33.08	0.00	0.00
FBC	81	31.39	19.71	18.76	30.14	0.00	0.00
FBC	82	30.39	20.01	18.06	31.54	0.00	0.00
FBC	83	30.64	20.81	19.11	29.44	0.00	0.00
FBC	84	29.99	20.66	18.76	30.59	0.00	0.00
FBC	85	29.54	18.86	20.11	31.49	0.00	0.00
FBC	86	29.94	18.21	20.46	31.39	0.00	0.00
FBC	87	30.79	20.91	19.51	28.79	0.00	0.00
FBC	88	30.19	20.76	18.76	30.29	0.00	0.00
FBC	89	32.09	18.76	19.51	29.64	0.00	0.00
FBC	90	30.24	20.56	19.11	30.09	0.00	0.00
FBC	91	31.34	19.86	18.51	30.29	0.00	0.00
FBC	92	29.69	19.96	20.01	30.34	0.00	0.00
FBC	93	32.19	21.61	18.56	27.64	0.00	0.00
FBC	94	31.29	20.11	18.36	30.24	0.00	0.00
FBC	95	30.24	19.91	20.16	29.69	0.00	0.00
FBC	96	30.69	19.81	18.06	31.44	0.00	0.00
FBC	97	29.94	20.36	19.41	30.29	0.00	0.00
FBC	98	30.19	19.86	19.76	30.19	0.00	0.00
FBC	99	29.64	20.41	18.71	31.24	0.00	0.00
FBC	100	31.04	19.86	19.61	29.49	0.00	0.00
FBC	101	29.39	20.66	20.91	29.04	0.00	0.00
FBC	102	31.14	19.21	19.31	30.34	0.00	0.00
FBC	103	29.59	20.21	20.16	30.04	0.00	0.00
FBC	104	31.19	19.96	19.36	29.49	0.00	0.00
FBC	105	29.44	19.31	19.91	31.34	0.00	0.00
FBC	106	31.09	19.61	19.76	29.54	0.00	0.00
FBC	107	29.54	19.66	20.06	30.74	0.00	0.00
FBC	108	32.93	20.01	18.26	28.79	0.00	0.00
FBC	109	29.39	22.06	19.21	29.34	0.00	0.00
FBC	110	30.34	19.91	18.96	30.79	0.00	0.00
FBC	111	30.09	19.91	17.91	32.09	0.00	0.00
FBC	112	32.04	19.86	17.96	30.14	0.00	0.00
FBC	113	30.74	19.41	19.31	30.54	0.00	0.00
FBC	114	30.94	20.01	18.26	30.79	0.00	0.00
FBC	115	31.24	20.21	20.31	28.24	0.00	0.00
FBC	116	30.64	18.71	20.06	30.59	0.00	0.00
FBC	117	29.54	20.26	19.21	30.99	0.00	0.00
FBC	118	30.59	19.51	18.41	31.49	0.00	0.00
FBC	119	28.54	20.46	19.81	31.19	0.00	0.00
FBC	120	30.89	19.06	19.16	30.89	0.00	0.00
FBC	121	30.64	19.71	17.37	32.29	0.00	0.00
FBC	122	31.29	20.06	18.86	29.79	0.00	0.00
FBC	123	30.14	19.11	21.01	29.74	0.00	0.00
FBC	124	30.99	18.26	19.16	31.59	0.00	0.00
FBC	125	30.09	20.96	20.16	28.79	0.00	0.00
FBC	126	31.04	19.61	18.96	30.39	0.00	0.00
FBC	127	31.09	20.46	18.91	29.54	0.00	0.00
FBC	128	30.14	20.96	19.11	29.79	0.00	0.00
FBC	129	32.24	19.21	18.06	30.49	0.00	0.00
FBC	130	31.04	19.16	18.76	31.04	0.00	0.00
FBC	131	30.24	19.91	19.31	30.54	0.00	0.00
FBC	132	29.54	20.06	20.61	29.79	0.00	0.00
FBC	133	30.14	20.86	18.76	30.24	0.00	0.00
FBC	134	31.29	19.86	18.91	29.94	0.00	0.00
FBC	135	30.79	19.71	19.71	29.79	0.00	0.00
FBC	136	32.49	19.56	17.66	30.29	0.00	0.00
FBC	137	31.14	19.71	19.41	29.74	0.00	0.00
FBC	138	30.04	19.56	19.21	31.19	0.00	0.00
FBC	139	30.19	18.76	20.16	30.89	0.00	0.00
FBC	140	30.94	19.11	18.51	31.44	0.00	0.00
FBC	141	29.64	20.46	18.46	31.44	0.00	0.00
FBC	142	30.14	19.26	18.66	31.94	0.00	0.00
FBC	143	29.29	19.56	19.61	31.54	0.00	0.00
FBC	144	30.24	20.36	19.86	29.54	0.00	0.00
FBC	145	31.74	19.21	16.97	32.09	0.00	0.00
FBC	146	32.34	21.31	17.91	28.44	0.00	0.00
FBC	147	31.49	21.21	17.81	29.49	0.00	0.00
FBC	148	30.29	19.21	18.16	32.34	0.00	0.00
FBC	149	30.09	20.36	19.06	30.49	0.00	0.00
FBC	150	31.14	20.81	17.37	30.69	0.00	0.00
# ACGT raw counters for first fragments. Use `grep ^FTC | cut -f 2-` to extract this part. The columns are: A,C,G,T,N base counters
FTC	92094	59711	57118	91677	0
# ACGT content per cycle for last fragments. Use `grep ^LBC | cut -f 2-` to extract this part. The columns are: cycle; A,C,G,T base counts as a percentage of all A/C/G/T bases [%]; and N and O counts as a percentage of all A/C/G/T bases [%]
LBC	1	29.29	20.81	18.11	31.79	0.00	0.00
LBC	2	29.39	21.21	17.71	31.69	0.00	0.00
LBC	3	29.84	20.11	20.01	30.04	0.00	0.00
LBC	4	29.99	20.71	18.21	31.09	0.00	0.00
LBC	5	30.19	19.71	18.51	31.59	0.00	0.00
LBC	6	28.29	22.95	20.31	28.44	0.00	0.00
LBC	7	30.09	19.76	19.71	30.44	0.00	0.00
LBC	8	29.44	20.41	20.21	29.94	0.00	0.00
LBC	9	28.39	19.76	19.16	32.68	0.00	0.00
LBC	10	30.89	18.61	19.71	30.79	0.00	0.00
LBC	11	29.74	20.16	18.51	31.59	0.00	0.00
LBC	12	30.74	20.96	18.76	29.54	0.00	0.00
LBC	13	30.04	20.21	17.66	32.09	0.00	0.00
LBC	14	29.94	19.76	18.81	31.49	0.00	0.00
LBC	15	29.59	18.66	21.06	30.69	0.00	0.00
LBC	16	31.04	19.36	19.96	29.64	0.00	0.00
LBC	17	31.79	19.56	18.76	29.89	0.00	0.00
LBC	18	31.29	19.91	20.11	28.69	0.00	0.00
LBC	19	30.34	19.96	19.11	30.59	0.00	0.00
LBC	20	30.89	20.66	18.11	30.34	0.00	0.00
LBC	21	28.19	21.36	18.01	32.44	0.00	0.00
LBC	22	28.89	20.06	19.66	31.39	0.00	0.00
LBC	23	29.39	18.81	19.06	32.73	0.00	0.00
LBC	24	30.04	19.21	20.56	30.19	0.00	0.00
LBC	25	29.99	19.91	18.86	31.24	0.00	0.00
LBC	26	28.89	20.96	17.86	32.29	0.00	0.00
LBC	27	30.94	19.41	18.11	31.54	0.00	0.00
LBC	28	29.99	21.06	19.01	29.94	0.00	0.00
LBC	29	30.04	20.21	18.06	31.69	0.00	0.00
LBC	30	32.73	17.12	20.46	29.69	0.00	0.00
LBC	31	31.24	19.86	17.71	31.19	0.00	0.00
LBC	32	29.34	19.01	19.76	31.89	0.00	0.00
LBC	33	28.99	19.41	19.51	32.09	0.00	0.00
LBC	34	31.69	19.66	18.86	29.79	0.00	0.00
LBC	35	28.34	20.86	18.96	31.84	0.00	0.00
LBC	36	31.04	20.16	18.26	30.54	0.00	0.00
LBC	37	31.74	17.86	18.61	31.79	0.00	0.00
LBC	38	31.64	19.46	18.96	29.94	0.00	0.00
LBC	39	31.24	20.16	18.51	30.09	0.00	0.00
LBC	40	29.54	21.76	18.66	30.04	0.00	0.00
LBC	41	31.34	19.91	17.37	31.39	0.00	0.00
LBC	42	31.04	20.91	17.86	30.19	0.00	0.00
LBC	43	29.84	20.81	18.36	30.99	0.00	0.00
LBC	44	30.79	21.26	17.71	30.24	0.00	0.00
LBC	45	29.74	19.86	17.96	32.44	0.00	0.00
LBC	46	29.04	22.21	17.96	30.79	0.00	0.00
LBC	47	30.74	19.31	19.06	30.89	0.00	0.00
LBC	48	31.54	20.56	17.27	30.64	0.00	0.00
LBC	49	31.59	18.36	19.61	30.44	0.00	0.00
LBC	50	31.84	18.16	18.06	31.94	0.00	0.00
LBC	51	31.34	18.41	19.66	30.59	0.00	0.00
LBC	52	29.49	19.66	20.21	30.64	0.00	0.00
LBC	53	30.29	19.86	18.81	31.04	0.00	0.00
LBC	54	31.59	19.76	17.17	31.49	0.00	0.00
LBC	55	29.64	20.41	19.06	30.89	0.00	0.00
LBC	56	31.29	21.31	18.16	29.24	0.00	0.00
LBC	57	30.79	19.51	18.61	31.09	0.00	0.00
LBC	58	30.59	20.21	19.06	30.14	0.00	0.00
LBC	59	30.84	21.21	16.82	31.14	0.00	0.00
LBC	60	30.34	21.61	19.26	28.79	0.00	0.00
LBC	61	30.99	18.26	19.21	31.54	0.00	0.00
LBC	62	31.29	20.16	17.81	30.74	0.00	0.00
LBC	63	31.19	20.26	17.61	30.94	0.00	0.00
LBC	64	29.59	17.76	20.11	32.53	0.00	0.00
LBC	65	32.14	19.46	17.81	30.59	0.00	0.00
LBC	66	30.04	19.66	18.96	31.34	0.00	0.00
LBC	67	30.14	21.31	18.61	29.94	0.00	0.00
LBC	68	30.29	19.51	19.46	30.74	0.00	0.00
LBC	69	30.84	18.41	19.51	31.24	0.00	0.00
LBC	70	30.49	18.01	20.11	31.39	0.00	0.00
LBC	71	31.39	20.31	18.16	30.14	0.00	0.00
LBC	72	32.49	18.41	18.61	30.49	0.00	0.00
LBC	73	32.88	18.51	17.66	30.94	0.00	0.00
LBC	74	30.69	19.06	19.36	30.89	0.00	0.00
LBC	75	29.24	20.21	16.92	33.63	0.00	0.00
LBC	76	28.84	19.31	20.21	31.64	0.00	0.00
LBC	77	30.39	21.51	18.61	29.49	0.00	0.00
LBC	78	31.24	20.86	18.21	29.69	0.00	0.00
LBC	79	31.69	18.31	18.76	31.24	0.00	0.00
LBC	80	28.14	21.71	19.46	30.69	0.00	0.00
LBC	81	30.74	20.91	17.37	30.99	0.00	0.00
LBC	82	29.44	19.66	19.56	31.34	0.00	0.00
LBC	83	30.54	20.56	18.76	30.14	0.00	0.00
LBC	84	30.19	19.71	18.66	31.44	0.00	0.00
LBC	85	30.84	19.06	18.26	31.84	0.00	0.00
LBC	86	31.29	19.21	19.06	30.44	0.00	0.00
LBC	87	32.68	20.31	18.26	28.74	0.00	0.00
LBC	88	31.39	18.51	18.56	31.54	0.00	0.00
LBC	89	29.14	19.91	20.16	30.79	0.00	0.00
LBC	90	30.64	19.86	19.36	30.14	0.00	0.00
LBC	91	31.14	19.71	17.27	31.89	0.00	0.00
LBC	92	29.44	20.96	17.42	32.19	0.00	0.00
LBC	93	30.69	19.96	18.71	30.64	0.00	0.00
LBC	94	29.94	20.66	19.41	29.99	0.00	0.00
LBC	95	31.19	19.81	18.91	30.09	0.00	0.00
LBC	96	32.34	19.01	19.51	29.14	0.00	0.00
LBC	97	31.24	20.36	19.11	29.29	0.00	0.00
LBC	98	31.04	19.36	18.56	31.04	0.00	0.00
LBC	99	31.89	20.11	19.06	28.94	0.00	0.00
LBC	100	31.19	19.36	19.86	29.59	0.00	0.00
LBC	101	30.44	20.71	18.36	30.49	0.00	0.00
LBC	102	30.59	21.16	17.81	30.44	0.00	0.00
LBC	103	30.19	19.81	18.51	31.49	0.00	0.00
LBC	104	28.54	21.36	17.42	32.68	0.00	0.00
LBC	105	32.39	19.66	18.96	28.99	0.00	0.00
LBC	106	30.14	19.76	18.41	31.69	0.00	0.00
LBC	107	30.59	18.06	19.66	31.69	0.00	0.00
LBC	108	29.74	20.61	19.31	30.34	0.00	0.00
LBC	109	30.09	18.81	18.66	32.44	0.00	0.00
LBC	110	30.24	20.36	18.01	31.39	0.00	0.00
LBC	111	30.99	19.96	18.06	30.99	0.00	0.00
LBC	112	29.54	21.36	17.02	32.09	0.00	0.00
LBC	113	31.64	20.46	17.71	30.19	0.00	0.00
LBC	114	32.19	18.06	18.31	31.44	0.00	0.00
LBC	115	30.99	18.81	18.06	32.14	0.00	0.00
LBC	116	30.54	20.21	19.01	30.24	0.00	0.00
LBC	117	29.64	18.21	19.51	32.63	0.00	0.00
LBC	118	28.89	20.16	18.41	32.53	0.00	0.00
LBC	119	30.94	19.06	18.41	31.59	0.00	0.00
LBC	120	32.19	18.46	19.26	30.09	0.00	0.00
LBC	121	31.39	19.81	18.26	30.54	0.00	0.00
LBC	122	31.59	18.96	18.66	30.79	0.00	0.00
LBC	123	31.99	19.01	17.56	31.44	0.00	0.00
LBC	124	31.44	20.16	17.47	30.94	0.00	0.00
LBC	125	29.94	19.36	18.16	32.53	0.00	0.00
LBC	126	28.99	20.16	19.01	31.84	0.00	0.00
LBC	127	30.09	19.76	19.51	30.64	0.00	0.00
LBC	128	30.44	20.16	19.96	29.44	0.00	0.00
LBC	129	30.24	21.61	18.71	29.44	0.00	0.00
LBC	130	30.14	19.71	17.81	32.34	0.00	0.00
LBC	131	29.34	19.96	18.81	31.89	0.00	0.00
LBC	132	31.14	19.31	18.46	31.09	0.00	0.00
LBC	133	30.44	20.36	19.16	30.04	0.00	0.00
LBC	134	31.29	19.21	19.16	30.34	0.00	0.00
LBC	135	30.34	20.56	18.81	30.29	0.00	0.00
LBC	136	31.69	20.31	18.86	29.14	0.00	0.00
LBC	137	30.99	20.51	18.96	29.54	0.00	0.00
LBC	138	31.89	18.46	19.81	29.84	0.00	0.00
LBC	139	30.99	19.16	19.71	30.14	0.00	0.00
LBC	140	30.19	19.31	19.11	31.39	0.00	0.00
LBC	141	31.19	20.21	18.66	29.94	0.00	0.00
LBC	142	29.29	20.61	20.06	30.04	0.00	0.00
LBC	143	28.94	20.06	18.16	32.83	0.00	0.00
LBC	144	31.29	22.16	16.92	29.64	0.00	0.00
LBC	145	30.14	18.41	19.76	31.69	0.00	0.00
LBC	146	31.39	19.16	18.26	31.19	0.00	0.00
LBC	147	29.19	20.11	19.16	31.54	0.00	0.00
LBC	148	30.04	19.71	19.41	30.84	0.00	0.00
LBC	149	30.34	19.56	18.61	31.49	0.00	0.00
LBC	150	30.89	19.26	18.46	31.39	0.00	0.00
# ACGT raw counters for last fragments. Use `grep ^LTC | cut -f 2-` to extract this part. The columns are: A,C,G,T,N base counters
LTC	91731	59740	56343	92786	0
# Insert sizes. Use `grep ^IS | cut -f 2-` to extract this part. The columns are: insert size, pairs total, inward oriented pairs, outward oriented pairs, other pairs
IS	0	0	0	0	0
IS	1	0	0	0	0
IS	2	0	0	0	0
IS	3	0	0	0	0
IS	4	0	0	0	0
IS	5	0	0	0	0
IS	6	0	0	0	0
IS	7	0	0	0	0
IS	8	0	0	0	0
IS	9	0	0	0	0
IS	10	0	0	0	0
IS	11	0	0	0	0
IS	12	0	0	0	0
IS	13	0	0	0	0
IS	14	0	0	0	0
IS	15	0	0	0	0
IS	16	0	0	0	0
IS	17	0	0	0	0
IS	18	0	0	0	0
IS	19	0	0	0	0
IS	20	0	0	0	0
IS	21	0	0	0	0
IS	22	0	0	0	0
IS	23	0	0	0	0
IS	24	0	0	0	0
IS	25	0	0	0	0
IS	26	0	0	0	0
IS	27	0	0	0	0
IS	28	0	0	0	0
IS	29	0	0	0	0
IS	30	0	0	0	0
IS	31	0	0	0	0
IS	32	0	0	0	0
IS	33	0	0	0	0
IS	34	0	0	0	0
IS	35	0	0	0	0
IS	36	0	0	0	0
IS	37	0	0	0	0
IS	38	0	0	0	0
IS	39	0	0	0	0
IS	40	0	0	0	0
IS	41	0	0	0	0
IS	42	0	0	0	0
IS	43	0	0	0	0
IS	44	0	0	0	0
IS	45	0	0	0	0
IS	46	0	0	0	0
IS	47	0	0	0	0
IS	48	0	0	0	0
IS	49	0	0	0	0
IS	50	0	0	0	0
IS	51	0	0	0	0
IS	52	0	0	0	0
IS	53	0	0	0	0
IS	54	0	0	0	0
IS	55	0	0	0	0
IS	56	0	0	0	0
IS	57	0	0	0	0
IS	58	0	0	0	0
IS	59	0	0	0	0
IS	60	0	0	0	0
IS	61	0	0	0	0
IS	62	0	0	0	0
IS	63	0	0	0	0
IS	64	0	0	0	0
IS	65	0	0	0	0
IS	66	0	0	0	0
IS	67	0	0	0	0
IS	68	0	0	0	0
IS	69	0	0	0	0
IS	70	0	0	0	0
IS	71	0	0	0	0
IS	72	0	0	0	0
IS	73	0	0	0	0
IS	74	0	0	0	0
IS	75	0	0	0	0
IS	76	0	0	0	0
IS	77	0	0	0	0
IS	78	0	0	0	0
IS	79	0	0	0	0
IS	80	0	0	0	0
IS	81	0	0	0	0
IS	82	0	0	0	0
IS	83	0	0	0	0
IS	84	0	0	0	0
IS	85	0	0	0	0
IS	86	0	0	0	0
IS	87	0	0	0	0
IS	88	0	0	0	0
IS	89	0	0	0	0
IS	90	0	0	0	0
IS	91	0	0	0	0
IS	92	0	0	0	0
IS	93	0	0	0	0
IS	94	0	0	0	0
IS	95	0	0	0	0
IS	96	0	0	0	0
IS	97	0	0	0	0
IS	98	0	0	0	0
IS	99	0	0	0	0
IS	100	0	0	0	0
IS	101	0	0	0	0
IS	102	0	0	0	0
IS	103	0	0	0	0
IS	104	0	0	0	0
IS	105	0	0	0	0
IS	106	0	0	0	0
IS	107	0	0	0	0
IS	108	0	0	0	0
IS	109	0	0	0	0
IS	110	0	0	0	0
IS	111	0	0	0	0
IS	112	0	0	0	0
IS	113	0	0	0	0
IS	114	0	0	0	0
IS	115	0	0	0	0
IS	116	0	0	0	0
IS	117	0	0	0	0
IS	118	0	0	0	0
IS	119	0	0	0	0
IS	120	0	0	0	0
IS	121	0	0	0	0
IS	122	0	0	0	0
IS	123	0	0	0	0
IS	124	0	0	0	0
IS	125	0	0	0	0
IS	126	0	0	0	0
IS	127	0	0	0	0
IS	128	0	0	0	0
IS	129	0	0	0	0
IS	130	0	0	0	0
IS	131	0	0	0	0
IS	132	0	0	0	0
IS	133	0	0	0	0
IS	134	0	0	0	0
IS	135	0	0	0	0
IS	136	0	0	0	0
IS	137	0	0	0	0
IS	138	0	0	0	0
IS	139	0	0	0	0
IS	140	0	0	0	0
IS	141	0	0	0	0
IS	142	0	0	0	0
IS	143	0	0	0	0
IS	144	0	0	0	0
IS	145	0	0	0	0
IS	146	0	0	0	0
IS	147	0	0	0	0
IS	148	0	0	0	0
IS	149	0	0	0	0
IS	150	0	0	0	0
IS	151	0	0	0	0
IS	152	0	0	0	0
IS	153	0	0	0	0
IS	154	0	0	0	0
IS	155	0	0	0	0
IS	156	0	0	0	0
IS	157	0	0	0	0
IS	158	0	0	0	0
IS	159	0	0	0	0
IS	160	0	0	0	0
IS	161	0	0	0	0
IS	162	0	0	0	0
IS	163	0	0	0	0
IS	164	0	0	0	0
IS	165	0	0	0	0
IS	166	0	0	0	0
IS	167	0	0	0	0
IS	168	0	0	0	0
IS	169	0	0	0	0
IS	170	0	0	0	0
IS	171	0	0	0	0
IS	172	0	0	0	0
IS	173	0	0	0	0
IS	174	0	0	0	0
IS	175	0	0	0	0
IS	176	0	0	0	0
IS	177	0	0	0	0
IS	178	0	0	0	0
IS	179	0	0	0	0
IS	180	0	0	0	0
IS	181	0	0	0	0
IS	182	0	0	0	0
IS	183	0	0	0	0
IS	184	0	0	0	0
IS	185	0	0	0	0
IS	186	0	0	0	0
IS	187	0	0	0	0
IS	188	0	0	0	0
IS	189	0	0	0	0
IS	190	0	0	0	0
IS	191	0	0	0	0
IS	192	0	0	0	0
IS	193	0	0	0	0
IS	194	0	0	0	0
IS	195	0	0	0	0
IS	196	0	0	0	0
IS	197	0	0	0	0
IS	198	0	0	0	0
IS	199	0	0	0	0
IS	200	0	0	0	0
IS	201	0	0	0	0
IS	202	0	0	0	0
IS	203	0	0	0	0
IS	204	0	0	0	0
IS	205	0	0	0	0
IS	206	0	0	0	0
IS	207	0	0	0	0
IS	208	0	0	0	0
IS	209	0	0	0	0
IS	210	0	0	0	0
IS	211	0	0	0	0
IS	212	0	0	0	0
IS	213	0	0	0	0
IS	214	0	0	0	0
IS	215	0	0	0	0
IS	216	0	0	0	0
IS	217	0	0	0	0
IS	218	0	0	0	0
IS	219	0	0	0	0
IS	220	0	0	0	0
IS	221	0	0	0	0
IS	222	0	0	0	0
IS	223	0	0	0	0
IS	224	0	0	0	0
IS	225	0	0	0	0
IS	226	0	0	0	0
IS	227	0	0	0	0
IS	228	0	0	0	0
IS	229	0	0	0	0
IS	230	0	0	0	0
IS	231	0	0	0	0
IS	232	0	0	0	0
IS	233	0	0	0	0
IS	234	0	0	0	0
IS	235	0	0	0	0
IS	236	0	0	0	0
IS	237	0	0	0	0
IS	238	0	0	0	0
IS	239	0	0	0	0
IS	240	0	0	0	0
IS	241	0	0	0	0
IS	242	0	0	0	0
IS	243	0	0	0	0
IS	244	0	0	0	0
IS	245	0	0	0	0
IS	246	0	0	0	0
IS	247	0	0	0	0
IS	248	0	0	0	0
IS	249	0	0	0	0
IS	250	0	0	0	0
IS	251	0	0	0	0
IS	252	0	0	0	0
IS	253	0	0	0	0
IS	254	0	0	0	0
IS	255	0	0	0	0
IS	256	0	0	0	0
IS	257	0	0	0	0
IS	258	0	0	0	0
IS	259	0	0	0	0
IS	260	0	0	0	0
IS	261	0	0	0	0
IS	262	0	0	0	0
IS	263	0	0	0	0
IS	264	0	0	0	0
IS	265	0	0	0	0
IS	266	0	0	0	0
IS	267	0	0	0	0
IS	268	0	0	0	0
IS	269	0	0	0	0
IS	270	0	0	0	0
IS	271	0	0	0	0
IS	272	0	0	0	0
IS	273	0	0	0	0
IS	274	0	0	0	0
IS	275	0	0	0	0
IS	276	0	0	0	0
IS	277	0	0	0	0
IS	278	0	0	0	0
IS	279	0	0	0	0
IS	280	0	0	0	0
IS	281	0	0	0	0
IS	282	0	0	0	0
IS	283	0	0	0	0
IS	284	0	0	0	0
IS	285	0	0	0	0
IS	286	0	0	0	0
IS	287	0	0	0	0
IS	288	0	0	0	0
IS	289	0	0	0	0
IS	290	0	0	0	0
IS	291	0	0	0	0
IS	292	0	0	0	0
IS	293	0	0	0	0
IS	294	0	0	0	0
IS	295	0	0	0	0
IS	296	0	0	0	0
IS	297	0	0	0	0
IS	298	0	0	0	0
IS	299	0	0	0	0
IS	300	0	0	0	0
IS	301	0	0	0	0
IS	302	0	0	0	0
IS	303	0	0	0	0
IS	304	0	0	0	0
IS	305	0	0	0	0
IS	306	0	0	0	0
IS	307	0	0	0	0
IS	308	0	0	0	0
IS	309	0	0	0	0
IS	310	0	0	0	0
IS	311	0	0	0	0
IS	312	0	0	0	0
IS	313	0	0	0	0
IS	314	0	0	0	0
IS	315	0	0	0	0
IS	316	0	0	0	0
IS	317	0	0	0	0
IS	318	0	0	0	0
IS	319	0	0	0	0
IS	320	0	0	0	0
IS	321	0	0	0	0
IS	322	0	0	0	0
IS	323	0	0	0	0
IS	324	0	0	0	0
IS	325	0	0	0	0
IS	326	0	0	0	0
IS	327	0	0	0	0
IS	328	0	0	0	0
IS	329	0	0	0	0
IS	330	0	0	0	0
IS	331	0	0	0	0
IS	332	0	0	0	0
IS	333	0	0	0	0
IS	334	0	0	0	0
IS	335	0	0	0	0
IS	336	0	0	0	0
IS	337	0	0	0	0
IS	338	0	0	0	0
IS	339	0	0	0	0
IS	340	0	0	0	0
IS	341	0	0	0	0
IS	342	0	0	0	0
IS	343	0	0	0	0
IS	344	0	0	0	0
IS	345	1	1	0	0
IS	346	1	1	0	0
IS	347	0	0	0	0
IS	348	0	0	0	0
IS	349	0	0	0	0
IS	350	0	0	0	0
IS	351	0	0	0	0
IS	352	0	0	0	0
IS	353	1	1	0	0
IS	354	1	1	0	0
IS	355	0	0	0	0
IS	356	0	0	0	0
IS	357	1	1	0	0
IS	358	1	1	0	0
IS	359	1	1	0	0
IS	360	0	0	0	0
IS	361	0	0	0	0
IS	362	1	1	0	0
IS	363	0	0	0	0
IS	364	1	1	0	0
IS	365	1	1	0	0
IS	366	0	0	0	0
IS	367	0	0	0	0
IS	368	2	2	0	0
IS	369	1	1	0	0
IS	370	1	1	0	0
IS	371	1	1	0	0
IS	372	1	1	0	0
IS	373	1	1	0	0
IS	374	0	0	0	0
IS	375	2	2	0	0
IS	376	0	0	0	0
IS	377	0	0	0	0
IS	378	2	2	0	0
IS	379	0	0	0	0
IS	380	1	1	0	0
IS	381	0	0	0	0
IS	382	3	3	0	0
IS	383	3	3	0	0
IS	384	1	1	0	0
IS	385	1	1	0	0
IS	386	1	1	0	0
IS	387	3	3	0	0
IS	388	2	2	0	0
IS	389	0	0	0	0
IS	390	2	2	0	0
IS	391	1	1	0	0
IS	392	0	0	0	0
IS	393	3	3	0	0
IS	394	2	2	0	0
IS	395	2	2	0	0
IS	396	1	1	0	0
IS	397	3	3	0	0
IS	398	3	3	0	0
IS	399	5	5	0	0
IS	400	2	2	0	0
IS	401	3	3	0	0
IS	402	1	1	0	0
IS	403	2	2	0	0
IS	404	2	2	0	0
IS	405	5	5	0	0
IS	406	2	2	0	0
IS	407	1	1	0	0
IS	408	2	2	0	0
IS	409	3	3	0	0
IS	410	3	3	0	0
IS	411	6	6	0	0
IS	412	6	6	0	0
IS	413	3	3	0	0
IS	414	4	4	0	0
IS	415	3	3	0	0
IS	416	7	7	0	0
IS	417	3	3	0	0
IS	418	2	2	0	0
IS	419	3	3	0	0
IS	420	4	4	0	0
IS	421	6	6	0	0
IS	422	4	4	0	0
IS	423	6	6	0	0
IS	424	5	5	0	0
IS	425	4	4	0	0
IS	426	6	6	0	0
IS	427	4	4	0	0
IS	428	8	8	0	0
IS	429	6	6	0	0
IS	430	8	8	0	0
IS	431	3	3	0	0
IS	432	4	4	0	0
IS	433	10	10	0	0
IS	434	6	6	0	0
IS	435	5	5	0	0
IS	436	11	11	0	0
IS	437	4	4	0	0
IS	438	6	6	0	0
IS	439	10	10	0	0
IS	440	6	6	0	0
IS	441	12	12	0	0
IS	442	9	9	0	0
IS	443	7	7	0	0
IS	444	6	6	0	0
IS	445	6	6	0	0
IS	446	6	6	0	0
IS	447	6	6	0	0
IS	448	10	10	0	0
IS	449	5	5	0	0
IS	450	10	10	0	0
IS	451	13	13	0	0
IS	452	11	11	0	0
IS	453	7	7	0	0
IS	454	7	7	0	0
IS	455	7	7	0	0
IS	456	9	9	0	0
IS	457	10	10	0	0
IS	458	11	11	0	0
IS	459	11	11	0	0
IS	460	10	10	0	0
IS	461	10	10	0	0
IS	462	6	6	0	0
IS	463	10	10	0	0
IS	464	16	16	0	0
IS	465	14	14	0	0
IS	466	14	14	0	0
IS	467	14	14	0	0
IS	468	16	16	0	0
IS	469	14	14	0	0
IS	470	14	14	0	0
IS	471	16	16	0	0
IS	472	13	13	0	0
IS	473	15	15	0	0
IS	474	17	17	0	0
IS	475	11	11	0	0
IS	476	10	10	0	0
IS	477	19	19	0	0
IS	478	18	18	0	0
IS	479	21	21	0	0
IS	480	12	12	0	0
IS	481	26	26	0	0
IS	482	17	17	0	0
IS	483	15	15	0	0
IS	484	12	12	0	0
IS	485	16	16	0	0
IS	486	10	10	0	0
IS	487	13	13	0	0
IS	488	10	10	0	0
IS	489	12	12	0	0
IS	490	11	11	0	0
IS	491	10	10	0	0
IS	492	10	10	0	0
IS	493	20	20	0	0
IS	494	13	13	0	0
IS	495	22	22	0	0
IS	496	10	10	0	0
IS	497	22	22	0	0
IS	498	14	14	0	0
IS	499	14	14	0	0
IS	500	18	18	0	0
IS	501	19	19	0	0
IS	502	13	13	0	0
IS	503	24	24	0	0
IS	504	13	13	0	0
IS	505	13	13	0	0
IS	506	16	16	0	0
IS	507	26	26	0	0
IS	508	12	12	0	0
IS	509	10	10	0	0
IS	510	16	16	0	0
IS	511	18	18	0	0
IS	512	18	18	0	0
IS	513	24	24	0	0
IS	514	19	19	0	0
IS	515	11	11	0	0
IS	516	13	13	0	0
IS	517	18	18	0	0
IS	518	10	10	0	0
IS	519	14	14	0	0
IS	520	19	19	0	0
IS	521	20	20	0	0
IS	522	16	16	0	0
IS	523	16	16	0	0
IS	524	11	11	0	0
IS	525	16	16	0	0
IS	526	11	11	0	0
IS	527	16	16	0	0
IS	528	9	9	0	0
IS	529	19	19	0	0
IS	530	22	22	0	0
IS	531	7	7	0	0
IS	532	12	12	0	0
IS	533	16	16	0	0
IS	534	10	10	0	0
IS	535	19	19	0	0
IS	536	13	13	0	0
IS	537	13	13	0	0
IS	538	13	13	0	0
IS	539	14	14	0	0
IS	540	8	8	0	0
IS	541	11	11	0	0
IS	542	12	12	0	0
IS	543	14	14	0	0
IS	544	8	8	0	0
IS	545	12	12	0	0
IS	546	15	15	0	0
IS	547	10	10	0	0
IS	548	10	10	0	0
IS	549	11	11	0	0
IS	550	4	4	0	0
IS	551	9	9	0	0
IS	552	5	5	0	0
IS	553	7	7	0	0
IS	554	12	12	0	0
IS	555	5	5	0	0
IS	556	10	10	0	0
IS	557	8	8	0	0
IS	558	7	7	0	0
IS	559	5	5	0	0
IS	560	4	4	0	0
IS	561	10	10	0	0
IS	562	7	7	0	0
IS	563	4	4	0	0
IS	564	7	7	0	0
IS	565	8	8	0	0
IS	566	9	9	0	0
IS	567	5	5	0	0
IS	568	7	7	0	0
IS	569	9	9	0	0
IS	570	5	5	0	0
IS	571	4	4	0	0
IS	572	4	4	0	0
IS	573	5	5	0	0
IS	574	0	0	0	0
IS	575	4	4	0	0
IS	576	4	4	0	0
IS	577	3	3	0	0
IS	578	10	10	0	0
IS	579	0	0	0	0
IS	580	4	4	0	0
IS	581	4	4	0	0
IS	582	3	3	0	0
IS	583	3	3	0	0
IS	584	4	4	0	0
IS	585	5	5	0	0
IS	586	3	3	0	0
IS	587	3	3	0	0
IS	588	3	3	0	0
IS	589	4	4	0	0
IS	590	1	1	0	0
IS	591	2	2	0	0
IS	592	5	5	0	0
IS	593	5	5	0	0
IS	594	1	1	0	0
IS	595	5	5	0	0
IS	596	3	3	0	0
IS	597	3	3	0	0
IS	598	3	3	0	0
IS	599	3	3	0	0
IS	600	3	3	0	0
IS	601	1	1	0	0
IS	602	2	2	0	0
IS	603	2	2	0	0
IS	604	2	2	0	0
IS	605	3	3	0	0
IS	606	6	6	0	0
IS	607	2	2	0	0
IS	608	2	2	0	0
IS	609	2	2	0	0
IS	610	1	1	0	0
IS	611	0	0	0	0
IS	612	1	1	0	0
IS	613	0	0	0	0
IS	614	3	3	0	0
IS	615	0	0	0	0
IS	616	0	0	0	0
IS	617	0	0	0	0
IS	618	1	1	0	0
# Read lengths. Use `grep ^RL | cut -f 2-` to extract this part. The columns are: read length, count
RL	150	4008
# Read lengths - first fragments. Use `grep ^FRL | cut -f 2-` to extract this part. The columns are: read length, count
FRL	150	2004
# Read lengths - last fragments. Use `grep ^LRL | cut -f 2-` to extract this part. The columns are: read length, count
LRL	150	2004
# Mapping qualities for reads !(UNMAP|SECOND|SUPPL|QCFAIL|DUP). Use `grep ^MAPQ | cut -f 2-` to extract this part. The columns are: mapq, count
MAPQ	0	16
MAPQ	27	9
MAPQ	40	32
MAPQ	41	1
MAPQ	47	1
MAPQ	48	47
MAPQ	50	1
MAPQ	51	1
MAPQ	52	3
MAPQ	57	10
MAPQ	59	3
MAPQ	60	3884
# Indel distribution. Use `grep ^ID | cut -f 2-` to extract this part. The columns are: length, number of insertions, number of deletions
# Indels per cycle. Use `grep ^IC | cut -f 2-` to extract this part. The columns are: cycle, number of insertions (fwd), .. (rev) , number of deletions (fwd), .. (rev)
# Coverage distribution. Use `grep ^COV | cut -f 2-` to extract this part.
COV	[1-1]	1	5443
COV	[2-2]	2	9931
COV	[3-3]	3	14817
COV	[4-4]	4	17234
COV	[5-5]	5	20688
COV	[6-6]	6	16843
COV	[7-7]	7	13346
COV	[8-8]	8	9371
COV	[9-9]	9	4340
COV	[10-10]	10	2495
COV	[11-11]	11	1285
COV	[12-12]	12	645
COV	[13-13]	13	273
COV	[14-14]	14	9
COV	[15-15]	15	4
# GC-depth. Use `grep ^GCD | cut -f 2-` to extract this part. The columns are: GC%, unique sequence percentiles, 10th, 25th, 50th, 75th and 90th depth percentile
GCD	0.0	15.385	0.000	0.000	0.000	0.000	0.000
GCD	37.0	30.769	2.505	2.505	2.505	2.505	2.505
GCD	38.0	61.538	2.505	2.505	2.505	2.505	2.505
GCD	39.0	76.923	2.505	2.505	2.505	2.505	2.505
GCD	40.0	84.615	2.505	2.505	2.505	2.505	2.505
GCD	41.0	92.308	2.505	2.505	2.505	2.505	2.505
GCD	46.0	100.000	2.505	2.505	2.505	2.505	2.505
