# This file was produced by samtools stats (1.20+htslib-1.21) and can be plotted using plot-bamstats
# This file contains statistics for all reads.
# The command line was:  stats sample3810.sorted.bam
# CHK, Checksum	[2]Read Names	[3]Sequences	[4]Qualities
# CHK, CRC32 of reads which passed filtering followed by addition (32bit overflow)
CHK	17dd8d14	8172ebe2	93be98f0
# Summary Numbers. Use `grep ^SN | cut -f 2-` to extract this part.
SN	raw total sequences:	4008	# excluding supplementary and secondary reads
SN	filtered sequences:	0
SN	sequences:	4008
SN	is sorted:	1
SN	1st fragments:	2004
SN	last fragments:	2004
SN	reads mapped:	4008
SN	reads mapped and paired:	4008	# paired-end technology bit set + both mates mapped
SN	reads unmapped:	0
SN	reads properly paired:	4008	# proper-pair bit set
SN	reads paired:	4008	# paired-end technology bit set
SN	reads duplicated:	0	# PCR or optical duplicate bit set
SN	reads MQ0:	14	# mapped and MQ=0
SN	reads QC failed:	0
SN	non-primary alignments:	0
SN	supplementary alignments:	0
SN	total length:	601200	# ignores clipping
SN	total first fragment length:	300600	# ignores clipping
SN	total last fragment length:	300600	# ignores clipping
SN	bases mapped:	601200	# ignores clipping
SN	bases mapped (cigar):	601200	# more accurate
SN	bases trimmed:	0
SN	bases duplicated:	0
SN	mismatches:	1028	# from NM fields
SN	error rate:	1.709913e-03	# mismatches / bases mapped (cigar)
SN	average length:	150
SN	average first fragment length:	150
SN	average last fragment length:	150
SN	maximum length:	150
SN	maximum first fragment length:	150
SN	maximum last fragment length:	150
SN	average quality:	30.0
SN	insert size average:	496.9
SN	insert size standard deviation:	47.5
SN	inward oriented pairs:	2004
SN	outward oriented pairs:	0
SN	pairs with other orientation:	0
SN	pairs on different chromosomes:	0
SN	percentage of properly paired reads (%):	100.0
# First Fragment Qualities. Use `grep ^FFQ | cut -f 2-` to extract this part.
# Columns correspond to qualities and rows to cycles. First column is the cycle number.
FFQ	1	0	0	0	0	0	0	0	0	0	0	0	0	0	0	0	0	0	0	0	0	0	0	0	0	0	0	0	0	0	0	2004	0
FFQ	2	0	0	0	0	0	0	0	0	0	0	0	0	0	0	0	0	0	0	0	0	0	0	0	0	0	0	0	0	0	0	2004	0
FFQ	3	0	0	0	0	0	0	0	0	0	0	0	0	0	0	0	0	0	0	0	0	0	0	0	0	0	0	0	0	0	0	2004	0
FFQ	4	0	0	0	0	0	0	0	0	0	0	0	0	0	0	0	0	0	0	0	0	0	0	0	0	0	0	0	0	0	0	2004	0
FFQ	5	0	0	0	0	0	0	0	0	0	0	0	0	0	0	0	0	0	0	0	0	0	0	0	0	0	0	0	0	0	0	2004	0
FFQ	6	0	0	0	0	0	0	0	0	0	0	0	0	0	0	0	0	0	0	0	0	0	0	0	0	0	0	0	0	0	0	2004	0
FFQ	7	0	0	0	0	0	0	0	0	0	0	0	0	0	0	0	0	0	0	0	0	0	0	0	0	0	0	0	0	0	0	2004	0
FFQ	8	0	0	0	0	0	0	0	0	0	0	0	0	0	0	0	0	0	0	0	0	0	0	0	0	0	0	0	0	0	0	2004	0
FFQ	9	0	0	0	0	0	0	0	0	0	0	0	0	0	0	0	0	0	0	0	0	0	0	0	0	0	0	0	0	0	0	2004	0
FFQ	10	0	0	0	0	0	0	0	0	0	0	0	0	0	0	0	0	0	0	0	0	0	0	0	0	0	0	0	0	0	0	2004	0
FFQ	11	0	0	0	0	0	0	0	0	0	0	0	0	0	0	0	0	0	0	0	0	0	0	0	0	0	0	0	0	0	0	2004	0
FFQ	12	0	0	0	0	0	0	0	0	0	0	0	0	0	0	0	0	0	0	0	0	0	0	0	0	0	0	0	0	0	0	2004	0
FFQ	13	0	0	0	0	0	0	0	0	0	0	0	0	0	0	0	0	0	0	0	0	0	0	0	0	0	0	0	0	0	0	2004	0
FFQ	14	0	0	0	0	0	0	0	0	0	0	0	0	0	0	0	0	0	0	0	0	0	0	0	0	0	0	0	0	0	0	2004	0
FFQ	15	0	0	0	0	0	0	0	0	0	0	0	0	0	0	0	0	0	0	0	0	0	0	0	0	0	0	0	0	0	0	2004	0
FFQ	16	0	0	0	0	0	0	0	0	0	0	0	0	0	0	0	0	0	0	0	0	0	0	0	0	0	0	0	0	0	0	2004	0
FFQ	17	0	0	0	0	0	0	0	0	0	0	0	0	0	0	0	0	0	0	0	0	0	0	0	0	0	0	0	0	0	0	2004	0
FFQ	18	0	0	0	0	0	0	0	0	0	0	0	0	0	0	0	0	0	0	0	0	0	0	0	0	0	0	0	0	0	0	2004	0
FFQ	19	0	0	0	0	0	0	0	0	0	0	0	0	0	0	0	0	0	0	0	0	0	0	0	0	0	0	0	0	0	0	2004	0
FFQ	20	0	0	0	0	0	0	0	0	0	0	0	0	0	0	0	0	0	0	0	0	0	0	0	0	0	0	0	0	0	0	2004	0
FFQ	21	0	0	0	0	0	0	0	0	0	0	0	0	0	0	0	0	0	0	0	0	0	0	0	0	0	0	0	0	0	0	2004	0
FFQ	22	0	0	0	0	0	0	0	0	0	0	0	0	0	0	0	0	0	0	0	0	0	0	0	0	0	0	0	0	0	0	2004	0
FFQ	23	0	0	0	0	0	0	0	0	0	0	0	0	0	0	0	0	0	0	0	0	0	0	0	0	0	0	0	0	0	0	2004	0
FFQ	24	0	0	0	0	0	0	0	0	0	0	0	0	0	0	0	0	0	0	0	0	0	0	0	0	0	0	0	0	0	0	2004	0
FFQ	25	0	0	0	0	0	0	0	0	0	0	0	0	0	0	0	0	0	0	0	0	0	0	0	0	0	0	0	0	0	0	2004	0
FFQ	26	0	0	0	0	0	0	0	0	0	0	0	0	0	0	0	0	0	0	0	0	0	0	0	0	0	0	0	0	0	0	2004	0
FFQ	27	0	0	0	0	0	0	0	0	0	0	0	0	0	0	0	0	0	0	0	0	0	0	0	0	0	0	0	0	0	0	2004	0
FFQ	28	0	0	0	0	0	0	0	0	0	0	0	0	0	0	0	0	0	0	0	0	0	0	0	0	0	0	0	0	0	0	2004	0
FFQ	29	0	0	0	0	0	0	0	0	0	0	0	0	0	0	0	0	0	0	0	0	0	0	0	0	0	0	0	0	0	0	2004	0
FFQ	30	0	0	0	0	0	0	0	0	0	0	0	0	0	0	0	0	0	0	0	0	0	0	0	0	0	0	0	0	0	0	2004	0
FFQ	31	0	0	0	0	0	0	0	0	0	0	0	0	0	0	0	0	0	0	0	0	0	0	0	0	0	0	0	0	0	0	2004	0
FFQ	32	0	0	0	0	0	0	0	0	0	0	0	0	0	0	0	0	0	0	0	0	0	0	0	0	0	0	0	0	0	0	2004	0
FFQ	33	0	0	0	0	0	0	0	0	0	0	0	0	0	0	0	0	0	0	0	0	0	0	0	0	0	0	0	0	0	0	2004	0
FFQ	34	0	0	0	0	0	0	0	0	0	0	0	0	0	0	0	0	0	0	0	0	0	0	0	0	0	0	0	0	0	0	2004	0
FFQ	35	0	0	0	0	0	0	0	0	0	0	0	0	0	0	0	0	0	0	0	0	0	0	0	0	0	0	0	0	0	0	2004	0
FFQ	36	0	0	0	0	0	0	0	0	0	0	0	0	0	0	0	0	0	0	0	0	0	0	0	0	0	0	0	0	0	0	2004	0
FFQ	37	0	0	0	0	0	0	0	0	0	0	0	0	0	0	0	0	0	0	0	0	0	0	0	0	0	0	0	0	0	0	2004	0
FFQ	38	0	0	0	0	0	0	0	0	0	0	0	0	0	0	0	0	0	0	0	0	0	0	0	0	0	0	0	0	0	0	2004	0
FFQ	39	0	0	0	0	0	0	0	0	0	0	0	0	0	0	0	0	0	0	0	0	0	0	0	0	0	0	0	0	0	0	2004	0
FFQ	40	0	0	0	0	0	0	0	0	0	0	0	0	0	0	0	0	0	0	0	0	0	0	0	0	0	0	0	0	0	0	2004	0
FFQ	41	0	0	0	0	0	0	0	0	0	0	0	0	0	0	0	0	0	0	0	0	0	0	0	0	0	0	0	0	0	0	2004	0
FFQ	42	0	0	0	0	0	0	0	0	0	0	0	0	0	0	0	0	0	0	0	0	0	0	0	0	0	0	0	0	0	0	2004	0
FFQ	43	0	0	0	0	0	0	0	0	0	0	0	0	0	0	0	0	0	0	0	0	0	0	0	0	0	0	0	0	0	0	2004	0
FFQ	44	0	0	0	0	0	0	0	0	0	0	0	0	0	0	0	0	0	0	0	0	0	0	0	0	0	0	0	0	0	0	2004	0
FFQ	45	0	0	0	0	0	0	0	0	0	0	0	0	0	0	0	0	0	0	0	0	0	0	0	0	0	0	0	0	0	0	2004	0
FFQ	46	0	0	0	0	0	0	0	0	0	0	0	0	0	0	0	0	0	0	0	0	0	0	0	0	0	0	0	0	0	0	2004	0
FFQ	47	0	0	0	0	0	0	0	0	0	0	0	0	0	0	0	0	0	0	0	0	0	0	0	0	0	0	0	0	0	0	2004	0
FFQ	48	0	0	0	0	0	0	0	0	0	0	0	0	0	0	0	0	0	0	0	0	0	0	0	0	0	0	0	0	0	0	2004	0
FFQ	49	0	0	0	0	0	0	0	0	0	0	0	0	0	0	0	0	0	0	0	0	0	0	0	0	0	0	0	0	0	0	2004	0
FFQ	50	0	0	0	0	0	0	0	0	0	0	0	0	0	0	0	0	0	0	0	0	0	0	0	0	0	0	0	0	0	0	2004	0
FFQ	51	0	0	0	0	0	0	0	0	0	0	0	0	0	0	0	0	0	0	0	0	0	0	0	0	0	0	0	0	0	0	2004	0
FFQ	52	0	0	0	0	0	0	0	0	0	0	0	0	0	0	0	0	0	0	0	0	0	0	0	0	0	0	0	0	0	0	2004	0
FFQ	53	0	0	0	0	0	0	0	0	0	0	0	0	0	0	0	0	0	0	0	0	0	0	0	0	0	0	0	0	0	0	2004	0
FFQ	54	0	0	0	0	0	0	0	0	0	0	0	0	0	0	0	0	0	0	0	0	0	0	0	0	0	0	0	0	0	0	2004	0
FFQ	55	0	0	0	0	0	0	0	0	0	0	0	0	0	0	0	0	0	0	0	0	0	0	0	0	0	0	0	0	0	0	2004	0
FFQ	56	0	0	0	0	0	0	0	0	0	0	0	0	0	0	0	0	0	0	0	0	0	0	0	0	0	0	0	0	0	0	2004	0
FFQ	57	0	0	0	0	0	0	0	0	0	0	0	0	0	0	0	0	0	0	0	0	0	0	0	0	0	0	0	0	0	0	2004	0
FFQ	58	0	0	0	0	0	0	0	0	0	0	0	0	0	0	0	0	0	0	0	0	0	0	0	0	0	0	0	0	0	0	2004	0
FFQ	59	0	0	0	0	0	0	0	0	0	0	0	0	0	0	0	0	0	0	0	0	0	0	0	0	0	0	0	0	0	0	2004	0
FFQ	60	0	0	0	0	0	0	0	0	0	0	0	0	0	0	0	0	0	0	0	0	0	0	0	0	0	0	0	0	0	0	2004	0
FFQ	61	0	0	0	0	0	0	0	0	0	0	0	0	0	0	0	0	0	0	0	0	0	0	0	0	0	0	0	0	0	0	2004	0
FFQ	62	0	0	0	0	0	0	0	0	0	0	0	0	0	0	0	0	0	0	0	0	0	0	0	0	0	0	0	0	0	0	2004	0
FFQ	63	0	0	0	0	0	0	0	0	0	0	0	0	0	0	0	0	0	0	0	0	0	0	0	0	0	0	0	0	0	0	2004	0
FFQ	64	0	0	0	0	0	0	0	0	0	0	0	0	0	0	0	0	0	0	0	0	0	0	0	0	0	0	0	0	0	0	2004	0
FFQ	65	0	0	0	0	0	0	0	0	0	0	0	0	0	0	0	0	0	0	0	0	0	0	0	0	0	0	0	0	0	0	2004	0
FFQ	66	0	0	0	0	0	0	0	0	0	0	0	0	0	0	0	0	0	0	0	0	0	0	0	0	0	0	0	0	0	0	2004	0
FFQ	67	0	0	0	0	0	0	0	0	0	0	0	0	0	0	0	0	0	0	0	0	0	0	0	0	0	0	0	0	0	0	2004	0
FFQ	68	0	0	0	0	0	0	0	0	0	0	0	0	0	0	0	0	0	0	0	0	0	0	0	0	0	0	0	0	0	0	2004	0
FFQ	69	0	0	0	0	0	0	0	0	0	0	0	0	0	0	0	0	0	0	0	0	0	0	0	0	0	0	0	0	0	0	2004	0
FFQ	70	0	0	0	0	0	0	0	0	0	0	0	0	0	0	0	0	0	0	0	0	0	0	0	0	0	0	0	0	0	0	2004	0
FFQ	71	0	0	0	0	0	0	0	0	0	0	0	0	0	0	0	0	0	0	0	0	0	0	0	0	0	0	0	0	0	0	2004	0
FFQ	72	0	0	0	0	0	0	0	0	0	0	0	0	0	0	0	0	0	0	0	0	0	0	0	0	0	0	0	0	0	0	2004	0
FFQ	73	0	0	0	0	0	0	0	0	0	0	0	0	0	0	0	0	0	0	0	0	0	0	0	0	0	0	0	0	0	0	2004	0
FFQ	74	0	0	0	0	0	0	0	0	0	0	0	0	0	0	0	0	0	0	0	0	0	0	0	0	0	0	0	0	0	0	2004	0
FFQ	75	0	0	0	0	0	0	0	0	0	0	0	0	0	0	0	0	0	0	0	0	0	0	0	0	0	0	0	0	0	0	2004	0
FFQ	76	0	0	0	0	0	0	0	0	0	0	0	0	0	0	0	0	0	0	0	0	0	0	0	0	0	0	0	0	0	0	2004	0
FFQ	77	0	0	0	0	0	0	0	0	0	0	0	0	0	0	0	0	0	0	0	0	0	0	0	0	0	0	0	0	0	0	2004	0
FFQ	78	0	0	0	0	0	0	0	0	0	0	0	0	0	0	0	0	0	0	0	0	0	0	0	0	0	0	0	0	0	0	2004	0
FFQ	79	0	0	0	0	0	0	0	0	0	0	0	0	0	0	0	0	0	0	0	0	0	0	0	0	0	0	0	0	0	0	2004	0
FFQ	80	0	0	0	0	0	0	0	0	0	0	0	0	0	0	0	0	0	0	0	0	0	0	0	0	0	0	0	0	0	0	2004	0
FFQ	81	0	0	0	0	0	0	0	0	0	0	0	0	0	0	0	0	0	0	0	0	0	0	0	0	0	0	0	0	0	0	2004	0
FFQ	82	0	0	0	0	0	0	0	0	0	0	0	0	0	0	0	0	0	0	0	0	0	0	0	0	0	0	0	0	0	0	2004	0
FFQ	83	0	0	0	0	0	0	0	0	0	0	0	0	0	0	0	0	0	0	0	0	0	0	0	0	0	0	0	0	0	0	2004	0
FFQ	84	0	0	0	0	0	0	0	0	0	0	0	0	0	0	0	0	0	0	0	0	0	0	0	0	0	0	0	0	0	0	2004	0
FFQ	85	0	0	0	0	0	0	0	0	0	0	0	0	0	0	0	0	0	0	0	0	0	0	0	0	0	0	0	0	0	0	2004	0
FFQ	86	0	0	0	0	0	0	0	0	0	0	0	0	0	0	0	0	0	0	0	0	0	0	0	0	0	0	0	0	0	0	2004	0
FFQ	87	0	0	0	0	0	0	0	0	0	0	0	0	0	0	0	0	0	0	0	0	0	0	0	0	0	0	0	0	0	0	2004	0
FFQ	88	0	0	0	0	0	0	0	0	0	0	0	0	0	0	0	0	0	0	0	0	0	0	0	0	0	0	0	0	0	0	2004	0
FFQ	89	0	0	0	0	0	0	0	0	0	0	0	0	0	0	0	0	0	0	0	0	0	0	0	0	0	0	0	0	0	0	2004	0
FFQ	90	0	0	0	0	0	0	0	0	0	0	0	0	0	0	0	0	0	0	0	0	0	0	0	0	0	0	0	0	0	0	2004	0
FFQ	91	0	0	0	0	0	0	0	0	0	0	0	0	0	0	0	0	0	0	0	0	0	0	0	0	0	0	0	0	0	0	2004	0
FFQ	92	0	0	0	0	0	0	0	0	0	0	0	0	0	0	0	0	0	0	0	0	0	0	0	0	0	0	0	0	0	0	2004	0
FFQ	93	0	0	0	0	0	0	0	0	0	0	0	0	0	0	0	0	0	0	0	0	0	0	0	0	0	0	0	0	0	0	2004	0
FFQ	94	0	0	0	0	0	0	0	0	0	0	0	0	0	0	0	0	0	0	0	0	0	0	0	0	0	0	0	0	0	0	2004	0
FFQ	95	0	0	0	0	0	0	0	0	0	0	0	0	0	0	0	0	0	0	0	0	0	0	0	0	0	0	0	0	0	0	2004	0
FFQ	96	0	0	0	0	0	0	0	0	0	0	0	0	0	0	0	0	0	0	0	0	0	0	0	0	0	0	0	0	0	0	2004	0
FFQ	97	0	0	0	0	0	0	0	0	0	0	0	0	0	0	0	0	0	0	0	0	0	0	0	0	0	0	0	0	0	0	2004	0
FFQ	98	0	0	0	0	0	0	0	0	0	0	0	0	0	0	0	0	0	0	0	0	0	0	0	0	0	0	0	0	0	0	2004	0
FFQ	99	0	0	0	0	0	0	0	0	0	0	0	0	0	0	0	0	0	0	0	0	0	0	0	0	0	0	0	0	0	0	2004	0
FFQ	100	0	0	0	0	0	0	0	0	0	0	0	0	0	0	0	0	0	0	0	0	0	0	0	0	0	0	0	0	0	0	2004	0
FFQ	101	0	0	0	0	0	0	0	0	0	0	0	0	0	0	0	0	0	0	0	0	0	0	0	0	0	0	0	0	0	0	2004	0
FFQ	102	0	0	0	0	0	0	0	0	0	0	0	0	0	0	0	0	0	0	0	0	0	0	0	0	0	0	0	0	0	0	2004	0
FFQ	103	0	0	0	0	0	0	0	0	0	0	0	0	0	0	0	0	0	0	0	0	0	0	0	0	0	0	0	0	0	0	2004	0
FFQ	104	0	0	0	0	0	0	0	0	0	0	0	0	0	0	0	0	0	0	0	0	0	0	0	0	0	0	0	0	0	0	2004	0
FFQ	105	0	0	0	0	0	0	0	0	0	0	0	0	0	0	0	0	0	0	0	0	0	0	0	0	0	0	0	0	0	0	2004	0
FFQ	106	0	0	0	0	0	0	0	0	0	0	0	0	0	0	0	0	0	0	0	0	0	0	0	0	0	0	0	0	0	0	2004	0
FFQ	107	0	0	0	0	0	0	0	0	0	0	0	0	0	0	0	0	0	0	0	0	0	0	0	0	0	0	0	0	0	0	2004	0
FFQ	108	0	0	0	0	0	0	0	0	0	0	0	0	0	0	0	0	0	0	0	0	0	0	0	0	0	0	0	0	0	0	2004	0
FFQ	109	0	0	0	0	0	0	0	0	0	0	0	0	0	0	0	0	0	0	0	0	0	0	0	0	0	0	0	0	0	0	2004	0
FFQ	110	0	0	0	0	0	0	0	0	0	0	0	0	0	0	0	0	0	0	0	0	0	0	0	0	0	0	0	0	0	0	2004	0
FFQ	111	0	0	0	0	0	0	0	0	0	0	0	0	0	0	0	0	0	0	0	0	0	0	0	0	0	0	0	0	0	0	2004	0
FFQ	112	0	0	0	0	0	0	0	0	0	0	0	0	0	0	0	0	0	0	0	0	0	0	0	0	0	0	0	0	0	0	2004	0
FFQ	113	0	0	0	0	0	0	0	0	0	0	0	0	0	0	0	0	0	0	0	0	0	0	0	0	0	0	0	0	0	0	2004	0
FFQ	114	0	0	0	0	0	0	0	0	0	0	0	0	0	0	0	0	0	0	0	0	0	0	0	0	0	0	0	0	0	0	2004	0
FFQ	115	0	0	0	0	0	0	0	0	0	0	0	0	0	0	0	0	0	0	0	0	0	0	0	0	0	0	0	0	0	0	2004	0
FFQ	116	0	0	0	0	0	0	0	0	0	0	0	0	0	0	0	0	0	0	0	0	0	0	0	0	0	0	0	0	0	0	2004	0
FFQ	117	0	0	0	0	0	0	0	0	0	0	0	0	0	0	0	0	0	0	0	0	0	0	0	0	0	0	0	0	0	0	2004	0
FFQ	118	0	0	0	0	0	0	0	0	0	0	0	0	0	0	0	0	0	0	0	0	0	0	0	0	0	0	0	0	0	0	2004	0
FFQ	119	0	0	0	0	0	0	0	0	0	0	0	0	0	0	0	0	0	0	0	0	0	0	0	0	0	0	0	0	0	0	2004	0
FFQ	120	0	0	0	0	0	0	0	0	0	0	0	0	0	0	0	0	0	0	0	0	0	0	0	0	0	0	0	0	0	0	2004	0
FFQ	121	0	0	0	0	0	0	0	0	0	0	0	0	0	0	0	0	0	0	0	0	0	0	0	0	0	0	0	0	0	0	2004	0
FFQ	122	0	0	0	0	0	0	0	0	0	0	0	0	0	0	0	0	0	0	0	0	0	0	0	0	0	0	0	0	0	0	2004	0
FFQ	123	0	0	0	0	0	0	0	0	0	0	0	0	0	0	0	0	0	0	0	0	0	0	0	0	0	0	0	0	0	0	2004	0
FFQ	124	0	0	0	0	0	0	0	0	0	0	0	0	0	0	0	0	0	0	0	0	0	0	0	0	0	0	0	0	0	0	2004	0
FFQ	125	0	0	0	0	0	0	0	0	0	0	0	0	0	0	0	0	0	0	0	0	0	0	0	0	0	0	0	0	0	0	2004	0
FFQ	126	0	0	0	0	0	0	0	0	0	0	0	0	0	0	0	0	0	0	0	0	0	0	0	0	0	0	0	0	0	0	2004	0
FFQ	127	0	0	0	0	0	0	0	0	0	0	0	0	0	0	0	0	0	0	0	0	0	0	0	0	0	0	0	0	0	0	2004	0
FFQ	128	0	0	0	0	0	0	0	0	0	0	0	0	0	0	0	0	0	0	0	0	0	0	0	0	0	0	0	0	0	0	2004	0
FFQ	129	0	0	0	0	0	0	0	0	0	0	0	0	0	0	0	0	0	0	0	0	0	0	0	0	0	0	0	0	0	0	2004	0
FFQ	130	0	0	0	0	0	0	0	0	0	0	0	0	0	0	0	0	0	0	0	0	0	0	0	0	0	0	0	0	0	0	2004	0
FFQ	131	0	0	0	0	0	0	0	0	0	0	0	0	0	0	0	0	0	0	0	0	0	0	0	0	0	0	0	0	0	0	2004	0
FFQ	132	0	0	0	0	0	0	0	0	0	0	0	0	0	0	0	0	0	0	0	0	0	0	0	0	0	0	0	0	0	0	2004	0
FFQ	133	0	0	0	0	0	0	0	0	0	0	0	0	0	0	0	0	0	0	0	0	0	0	0	0	0	0	0	0	0	0	2004	0
FFQ	134	0	0	0	0	0	0	0	0	0	0	0	0	0	0	0	0	0	0	0	0	0	0	0	0	0	0	0	0	0	0	2004	0
FFQ	135	0	0	0	0	0	0	0	0	0	0	0	0	0	0	0	0	0	0	0	0	0	0	0	0	0	0	0	0	0	0	2004	0
FFQ	136	0	0	0	0	0	0	0	0	0	0	0	0	0	0	0	0	0	0	0	0	0	0	0	0	0	0	0	0	0	0	2004	0
FFQ	137	0	0	0	0	0	0	0	0	0	0	0	0	0	0	0	0	0	0	0	0	0	0	0	0	0	0	0	0	0	0	2004	0
FFQ	138	0	0	0	0	0	0	0	0	0	0	0	0	0	0	0	0	0	0	0	0	0	0	0	0	0	0	0	0	0	0	2004	0
FFQ	139	0	0	0	0	0	0	0	0	0	0	0	0	0	0	0	0	0	0	0	0	0	0	0	0	0	0	0	0	0	0	2004	0
FFQ	140	0	0	0	0	0	0	0	0	0	0	0	0	0	0	0	0	0	0	0	0	0	0	0	0	0	0	0	0	0	0	2004	0
FFQ	141	0	0	0	0	0	0	0	0	0	0	0	0	0	0	0	0	0	0	0	0	0	0	0	0	0	0	0	0	0	0	2004	0
FFQ	142	0	0	0	0	0	0	0	0	0	0	0	0	0	0	0	0	0	0	0	0	0	0	0	0	0	0	0	0	0	0	2004	0
FFQ	143	0	0	0	0	0	0	0	0	0	0	0	0	0	0	0	0	0	0	0	0	0	0	0	0	0	0	0	0	0	0	2004	0
FFQ	144	0	0	0	0	0	0	0	0	0	0	0	0	0	0	0	0	0	0	0	0	0	0	0	0	0	0	0	0	0	0	2004	0
FFQ	145	0	0	0	0	0	0	0	0	0	0	0	0	0	0	0	0	0	0	0	0	0	0	0	0	0	0	0	0	0	0	2004	0
FFQ	146	0	0	0	0	0	0	0	0	0	0	0	0	0	0	0	0	0	0	0	0	0	0	0	0	0	0	0	0	0	0	2004	0
FFQ	147	0	0	0	0	0	0	0	0	0	0	0	0	0	0	0	0	0	0	0	0	0	0	0	0	0	0	0	0	0	0	2004	0
FFQ	148	0	0	0	0	0	0	0	0	0	0	0	0	0	0	0	0	0	0	0	0	0	0	0	0	0	0	0	0	0	0	2004	0
FFQ	149	0	0	0	0	0	0	0	0	0	0	0	0	0	0	0	0	0	0	0	0	0	0	0	0	0	0	0	0	0	0	2004	0
FFQ	150	0	0	0	0	0	0	0	0	0	0	0	0	0	0	0	0	0	0	0	0	0	0	0	0	0	0	0	0	0	0	2004	0
# Last Fragment Qualities. Use `grep ^LFQ | cut -f 2-` to extract this part.
# Columns correspond to qualities and rows to cycles. First column is the cycle number.
LFQ	1	0	0	0	0	0	0	0	0	0	0	0	0	0	0	0	0	0	0	0	0	0	0	0	0	0	0	0	0	0	0	2004	0
LFQ	2	0	0	0	0	0	0	0	0	0	0	0	0	0	0	0	0	0	0	0	0	0	0	0	0	0	0	0	0	0	0	2004	0
LFQ	3	0	0	0	0	0	0	0	0	0	0	0	0	0	0	0	0	0	0	0	0	0	0	0	0	0	0	0	0	0	0	2004	0
LFQ	4	0	0	0	0	0	0	0	0	0	0	0	0	0	0	0	0	0	0	0	0	0	0	0	0	0	0	0	0	0	0	2004	0
LFQ	5	0	0	0	0	0	0	0	0	0	0	0	0	0	0	0	0	0	0	0	0	0	0	0	0	0	0	0	0	0	0	2004	0
LFQ	6	0	0	0	0	0	0	0	0	0	0	0	0	0	0	0	0	0	0	0	0	0	0	0	0	0	0	0	0	0	0	2004	0
LFQ	7	0	0	0	0	0	0	0	0	0	0	0	0	0	0	0	0	0	0	0	0	0	0	0	0	0	0	0	0	0	0	2004	0
LFQ	8	0	0	0	0	0	0	0	0	0	0	0	0	0	0	0	0	0	0	0	0	0	0	0	0	0	0	0	0	0	0	2004	0
LFQ	9	0	0	0	0	0	0	0	0	0	0	0	0	0	0	0	0	0	0	0	0	0	0	0	0	0	0	0	0	0	0	2004	0
LFQ	10	0	0	0	0	0	0	0	0	0	0	0	0	0	0	0	0	0	0	0	0	0	0	0	0	0	0	0	0	0	0	2004	0
LFQ	11	0	0	0	0	0	0	0	0	0	0	0	0	0	0	0	0	0	0	0	0	0	0	0	0	0	0	0	0	0	0	2004	0
LFQ	12	0	0	0	0	0	0	0	0	0	0	0	0	0	0	0	0	0	0	0	0	0	0	0	0	0	0	0	0	0	0	2004	0
LFQ	13	0	0	0	0	0	0	0	0	0	0	0	0	0	0	0	0	0	0	0	0	0	0	0	0	0	0	0	0	0	0	2004	0
LFQ	14	0	0	0	0	0	0	0	0	0	0	0	0	0	0	0	0	0	0	0	0	0	0	0	0	0	0	0	0	0	0	2004	0
LFQ	15	0	0	0	0	0	0	0	0	0	0	0	0	0	0	0	0	0	0	0	0	0	0	0	0	0	0	0	0	0	0	2004	0
LFQ	16	0	0	0	0	0	0	0	0	0	0	0	0	0	0	0	0	0	0	0	0	0	0	0	0	0	0	0	0	0	0	2004	0
LFQ	17	0	0	0	0	0	0	0	0	0	0	0	0	0	0	0	0	0	0	0	0	0	0	0	0	0	0	0	0	0	0	2004	0
LFQ	18	0	0	0	0	0	0	0	0	0	0	0	0	0	0	0	0	0	0	0	0	0	0	0	0	0	0	0	0	0	0	2004	0
LFQ	19	0	0	0	0	0	0	0	0	0	0	0	0	0	0	0	0	0	0	0	0	0	0	0	0	0	0	0	0	0	0	2004	0
LFQ	20	0	0	0	0	0	0	0	0	0	0	0	0	0	0	0	0	0	0	0	0	0	0	0	0	0	0	0	0	0	0	2004	0
LFQ	21	0	0	0	0	0	0	0	0	0	0	0	0	0	0	0	0	0	0	0	0	0	0	0	0	0	0	0	0	0	0	2004	0
LFQ	22	0	0	0	0	0	0	0	0	0	0	0	0	0	0	0	0	0	0	0	0	0	0	0	0	0	0	0	0	0	0	2004	0
LFQ	23	0	0	0	0	0	0	0	0	0	0	0	0	0	0	0	0	0	0	0	0	0	0	0	0	0	0	0	0	0	0	2004	0
LFQ	24	0	0	0	0	0	0	0	0	0	0	0	0	0	0	0	0	0	0	0	0	0	0	0	0	0	0	0	0	0	0	2004	0
LFQ	25	0	0	0	0	0	0	0	0	0	0	0	0	0	0	0	0	0	0	0	0	0	0	0	0	0	0	0	0	0	0	2004	0
LFQ	26	0	0	0	0	0	0	0	0	0	0	0	0	0	0	0	0	0	0	0	0	0	0	0	0	0	0	0	0	0	0	2004	0
LFQ	27	0	0	0	0	0	0	0	0	0	0	0	0	0	0	0	0	0	0	0	0	0	0	0	0	0	0	0	0	0	0	2004	0
LFQ	28	0	0	0	0	0	0	0	0	0	0	0	0	0	0	0	0	0	0	0	0	0	0	0	0	0	0	0	0	0	0	2004	0
LFQ	29	0	0	0	0	0	0	0	0	0	0	0	0	0	0	0	0	0	0	0	0	0	0	0	0	0	0	0	0	0	0	2004	0
LFQ	30	0	0	0	0	0	0	0	0	0	0	0	0	0	0	0	0	0	0	0	0	0	0	0	0	0	0	0	0	0	0	2004	0
LFQ	31	0	0	0	0	0	0	0	0	0	0	0	0	0	0	0	0	0	0	0	0	0	0	0	0	0	0	0	0	0	0	2004	0
LFQ	32	0	0	0	0	0	0	0	0	0	0	0	0	0	0	0	0	0	0	0	0	0	0	0	0	0	0	0	0	0	0	2004	0
LFQ	33	0	0	0	0	0	0	0	0	0	0	0	0	0	0	0	0	0	0	0	0	0	0	0	0	0	0	0	0	0	0	2004	0
LFQ	34	0	0	0	0	0	0	0	0	0	0	0	0	0	0	0	0	0	0	0	0	0	0	0	0	0	0	0	0	0	0	2004	0
LFQ	35	0	0	0	0	0	0	0	0	0	0	0	0	0	0	0	0	0	0	0	0	0	0	0	0	0	0	0	0	0	0	2004	0
LFQ	36	0	0	0	0	0	0	0	0	0	0	0	0	0	0	0	0	0	0	0	0	0	0	0	0	0	0	0	0	0	0	2004	0
LFQ	37	0	0	0	0	0	0	0	0	0	0	0	0	0	0	0	0	0	0	0	0	0	0	0	0	0	0	0	0	0	0	2004	0
LFQ	38	0	0	0	0	0	0	0	0	0	0	0	0	0	0	0	0	0	0	0	0	0	0	0	0	0	0	0	0	0	0	2004	0
LFQ	39	0	0	0	0	0	0	0	0	0	0	0	0	0	0	0	0	0	0	0	0	0	0	0	0	0	0	0	0	0	0	2004	0
LFQ	40	0	0	0	0	0	0	0	0	0	0	0	0	0	0	0	0	0	0	0	0	0	0	0	0	0	0	0	0	0	0	2004	0
LFQ	41	0	0	0	0	0	0	0	0	0	0	0	0	0	0	0	0	0	0	0	0	0	0	0	0	0	0	0	0	0	0	2004	0
LFQ	42	0	0	0	0	0	0	0	0	0	0	0	0	0	0	0	0	0	0	0	0	0	0	0	0	0	0	0	0	0	0	2004	0
LFQ	43	0	0	0	0	0	0	0	0	0	0	0	0	0	0	0	0	0	0	0	0	0	0	0	0	0	0	0	0	0	0	2004	0
LFQ	44	0	0	0	0	0	0	0	0	0	0	0	0	0	0	0	0	0	0	0	0	0	0	0	0	0	0	0	0	0	0	2004	0
LFQ	45	0	0	0	0	0	0	0	0	0	0	0	0	0	0	0	0	0	0	0	0	0	0	0	0	0	0	0	0	0	0	2004	0
LFQ	46	0	0	0	0	0	0	0	0	0	0	0	0	0	0	0	0	0	0	0	0	0	0	0	0	0	0	0	0	0	0	2004	0
LFQ	47	0	0	0	0	0	0	0	0	0	0	0	0	0	0	0	0	0	0	0	0	0	0	0	0	0	0	0	0	0	0	2004	0
LFQ	48	0	0	0	0	0	0	0	0	0	0	0	0	0	0	0	0	0	0	0	0	0	0	0	0	0	0	0	0	0	0	2004	0
LFQ	49	0	0	0	0	0	0	0	0	0	0	0	0	0	0	0	0	0	0	0	0	0	0	0	0	0	0	0	0	0	0	2004	0
LFQ	50	0	0	0	0	0	0	0	0	0	0	0	0	0	0	0	0	0	0	0	0	0	0	0	0	0	0	0	0	0	0	2004	0
LFQ	51	0	0	0	0	0	0	0	0	0	0	0	0	0	0	0	0	0	0	0	0	0	0	0	0	0	0	0	0	0	0	2004	0
LFQ	52	0	0	0	0	0	0	0	0	0	0	0	0	0	0	0	0	0	0	0	0	0	0	0	0	0	0	0	0	0	0	2004	0
LFQ	53	0	0	0	0	0	0	0	0	0	0	0	0	0	0	0	0	0	0	0	0	0	0	0	0	0	0	0	0	0	0	2004	0
LFQ	54	0	0	0	0	0	0	0	0	0	0	0	0	0	0	0	0	0	0	0	0	0	0	0	0	0	0	0	0	0	0	2004	0
LFQ	55	0	0	0	0	0	0	0	0	0	0	0	0	0	0	0	0	0	0	0	0	0	0	0	0	0	0	0	0	0	0	2004	0
LFQ	56	0	0	0	0	0	0	0	0	0	0	0	0	0	0	0	0	0	0	0	0	0	0	0	0	0	0	0	0	0	0	2004	0
LFQ	57	0	0	0	0	0	0	0	0	0	0	0	0	0	0	0	0	0	0	0	0	0	0	0	0	0	0	0	0	0	0	2004	0
LFQ	58	0	0	0	0	0	0	0	0	0	0	0	0	0	0	0	0	0	0	0	0	0	0	0	0	0	0	0	0	0	0	2004	0
LFQ	59	0	0	0	0	0	0	0	0	0	0	0	0	0	0	0	0	0	0	0	0	0	0	0	0	0	0	0	0	0	0	2004	0
LFQ	60	0	0	0	0	0	0	0	0	0	0	0	0	0	0	0	0	0	0	0	0	0	0	0	0	0	0	0	0	0	0	2004	0
LFQ	61	0	0	0	0	0	0	0	0	0	0	0	0	0	0	0	0	0	0	0	0	0	0	0	0	0	0	0	0	0	0	2004	0
LFQ	62	0	0	0	0	0	0	0	0	0	0	0	0	0	0	0	0	0	0	0	0	0	0	0	0	0	0	0	0	0	0	2004	0
LFQ	63	0	0	0	0	0	0	0	0	0	0	0	0	0	0	0	0	0	0	0	0	0	0	0	0	0	0	0	0	0	0	2004	0
LFQ	64	0	0	0	0	0	0	0	0	0	0	0	0	0	0	0	0	0	0	0	0	0	0	0	0	0	0	0	0	0	0	2004	0
LFQ	65	0	0	0	0	0	0	0	0	0	0	0	0	0	0	0	0	0	0	0	0	0	0	0	0	0	0	0	0	0	0	2004	0
LFQ	66	0	0	0	0	0	0	0	0	0	0	0	0	0	0	0	0	0	0	0	0	0	0	0	0	0	0	0	0	0	0	2004	0
LFQ	67	0	0	0	0	0	0	0	0	0	0	0	0	0	0	0	0	0	0	0	0	0	0	0	0	0	0	0	0	0	0	2004	0
LFQ	68	0	0	0	0	0	0	0	0	0	0	0	0	0	0	0	0	0	0	0	0	0	0	0	0	0	0	0	0	0	0	2004	0
LFQ	69	0	0	0	0	0	0	0	0	0	0	0	0	0	0	0	0	0	0	0	0	0	0	0	0	0	0	0	0	0	0	2004	0
LFQ	70	0	0	0	0	0	0	0	0	0	0	0	0	0	0	0	0	0	0	0	0	0	0	0	0	0	0	0	0	0	0	2004	0
LFQ	71	0	0	0	0	0	0	0	0	0	0	0	0	0	0	0	0	0	0	0	0	0	0	0	0	0	0	0	0	0	0	2004	0
LFQ	72	0	0	0	0	0	0	0	0	0	0	0	0	0	0	0	0	0	0	0	0	0	0	0	0	0	0	0	0	0	0	2004	0
LFQ	73	0	0	0	0	0	0	0	0	0	0	0	0	0	0	0	0	0	0	0	0	0	0	0	0	0	0	0	0	0	0	2004	0
LFQ	74	0	0	0	0	0	0	0	0	0	0	0	0	0	0	0	0	0	0	0	0	0	0	0	0	0	0	0	0	0	0	2004	0
LFQ	75	0	0	0	0	0	0	0	0	0	0	0	0	0	0	0	0	0	0	0	0	0	0	0	0	0	0	0	0	0	0	2004	0
LFQ	76	0	0	0	0	0	0	0	0	0	0	0	0	0	0	0	0	0	0	0	0	0	0	0	0	0	0	0	0	0	0	2004	0
LFQ	77	0	0	0	0	0	0	0	0	0	0	0	0	0	0	0	0	0	0	0	0	0	0	0	0	0	0	0	0	0	0	2004	0
LFQ	78	0	0	0	0	0	0	0	0	0	0	0	0	0	0	0	0	0	0	0	0	0	0	0	0	0	0	0	0	0	0	2004	0
LFQ	79	0	0	0	0	0	0	0	0	0	0	0	0	0	0	0	0	0	0	0	0	0	0	0	0	0	0	0	0	0	0	2004	0
LFQ	80	0	0	0	0	0	0	0	0	0	0	0	0	0	0	0	0	0	0	0	0	0	0	0	0	0	0	0	0	0	0	2004	0
LFQ	81	0	0	0	0	0	0	0	0	0	0	0	0	0	0	0	0	0	0	0	0	0	0	0	0	0	0	0	0	0	0	2004	0
LFQ	82	0	0	0	0	0	0	0	0	0	0	0	0	0	0	0	0	0	0	0	0	0	0	0	0	0	0	0	0	0	0	2004	0
LFQ	83	0	0	0	0	0	0	0	0	0	0	0	0	0	0	0	0	0	0	0	0	0	0	0	0	0	0	0	0	0	0	2004	0
LFQ	84	0	0	0	0	0	0	0	0	0	0	0	0	0	0	0	0	0	0	0	0	0	0	0	0	0	0	0	0	0	0	2004	0
LFQ	85	0	0	0	0	0	0	0	0	0	0	0	0	0	0	0	0	0	0	0	0	0	0	0	0	0	0	0	0	0	0	2004	0
LFQ	86	0	0	0	0	0	0	0	0	0	0	0	0	0	0	0	0	0	0	0	0	0	0	0	0	0	0	0	0	0	0	2004	0
LFQ	87	0	0	0	0	0	0	0	0	0	0	0	0	0	0	0	0	0	0	0	0	0	0	0	0	0	0	0	0	0	0	2004	0
LFQ	88	0	0	0	0	0	0	0	0	0	0	0	0	0	0	0	0	0	0	0	0	0	0	0	0	0	0	0	0	0	0	2004	0
LFQ	89	0	0	0	0	0	0	0	0	0	0	0	0	0	0	0	0	0	0	0	0	0	0	0	0	0	0	0	0	0	0	2004	0
LFQ	90	0	0	0	0	0	0	0	0	0	0	0	0	0	0	0	0	0	0	0	0	0	0	0	0	0	0	0	0	0	0	2004	0
LFQ	91	0	0	0	0	0	0	0	0	0	0	0	0	0	0	0	0	0	0	0	0	0	0	0	0	0	0	0	0	0	0	2004	0
LFQ	92	0	0	0	0	0	0	0	0	0	0	0	0	0	0	0	0	0	0	0	0	0	0	0	0	0	0	0	0	0	0	2004	0
LFQ	93	0	0	0	0	0	0	0	0	0	0	0	0	0	0	0	0	0	0	0	0	0	0	0	0	0	0	0	0	0	0	2004	0
LFQ	94	0	0	0	0	0	0	0	0	0	0	0	0	0	0	0	0	0	0	0	0	0	0	0	0	0	0	0	0	0	0	2004	0
LFQ	95	0	0	0	0	0	0	0	0	0	0	0	0	0	0	0	0	0	0	0	0	0	0	0	0	0	0	0	0	0	0	2004	0
LFQ	96	0	0	0	0	0	0	0	0	0	0	0	0	0	0	0	0	0	0	0	0	0	0	0	0	0	0	0	0	0	0	2004	0
LFQ	97	0	0	0	0	0	0	0	0	0	0	0	0	0	0	0	0	0	0	0	0	0	0	0	0	0	0	0	0	0	0	2004	0
LFQ	98	0	0	0	0	0	0	0	0	0	0	0	0	0	0	0	0	0	0	0	0	0	0	0	0	0	0	0	0	0	0	2004	0
LFQ	99	0	0	0	0	0	0	0	0	0	0	0	0	0	0	0	0	0	0	0	0	0	0	0	0	0	0	0	0	0	0	2004	0
LFQ	100	0	0	0	0	0	0	0	0	0	0	0	0	0	0	0	0	0	0	0	0	0	0	0	0	0	0	0	0	0	0	2004	0
LFQ	101	0	0	0	0	0	0	0	0	0	0	0	0	0	0	0	0	0	0	0	0	0	0	0	0	0	0	0	0	0	0	2004	0
LFQ	102	0	0	0	0	0	0	0	0	0	0	0	0	0	0	0	0	0	0	0	0	0	0	0	0	0	0	0	0	0	0	2004	0
LFQ	103	0	0	0	0	0	0	0	0	0	0	0	0	0	0	0	0	0	0	0	0	0	0	0	0	0	0	0	0	0	0	2004	0
LFQ	104	0	0	0	0	0	0	0	0	0	0	0	0	0	0	0	0	0	0	0	0	0	0	0	0	0	0	0	0	0	0	2004	0
LFQ	105	0	0	0	0	0	0	0	0	0	0	0	0	0	0	0	0	0	0	0	0	0	0	0	0	0	0	0	0	0	0	2004	0
LFQ	106	0	0	0	0	0	0	0	0	0	0	0	0	0	0	0	0	0	0	0	0	0	0	0	0	0	0	0	0	0	0	2004	0
LFQ	107	0	0	0	0	0	0	0	0	0	0	0	0	0	0	0	0	0	0	0	0	0	0	0	0	0	0	0	0	0	0	2004	0
LFQ	108	0	0	0	0	0	0	0	0	0	0	0	0	0	0	0	0	0	0	0	0	0	0	0	0	0	0	0	0	0	0	2004	0
LFQ	109	0	0	0	0	0	0	0	0	0	0	0	0	0	0	0	0	0	0	0	0	0	0	0	0	0	0	0	0	0	0	2004	0
LFQ	110	0	0	0	0	0	0	0	0	0	0	0	0	0	0	0	0	0	0	0	0	0	0	0	0	0	0	0	0	0	0	2004	0
LFQ	111	0	0	0	0	0	0	0	0	0	0	0	0	0	0	0	0	0	0	0	0	0	0	0	0	0	0	0	0	0	0	2004	0
LFQ	112	0	0	0	0	0	0	0	0	0	0	0	0	0	0	0	0	0	0	0	0	0	0	0	0	0	0	0	0	0	0	2004	0
LFQ	113	0	0	0	0	0	0	0	0	0	0	0	0	0	0	0	0	0	0	0	0	0	0	0	0	0	0	0	0	0	0	2004	0
LFQ	114	0	0	0	0	0	0	0	0	0	0	0	0	0	0	0	0	0	0	0	0	0	0	0	0	0	0	0	0	0	0	2004	0
LFQ	115	0	0	0	0	0	0	0	0	0	0	0	0	0	0	0	0	0	0	0	0	0	0	0	0	0	0	0	0	0	0	2004	0
LFQ	116	0	0	0	0	0	0	0	0	0	0	0	0	0	0	0	0	0	0	0	0	0	0	0	0	0	0	0	0	0	0	2004	0
LFQ	117	0	0	0	0	0	0	0	0	0	0	0	0	0	0	0	0	0	0	0	0	0	0	0	0	0	0	0	0	0	0	2004	0
LFQ	118	0	0	0	0	0	0	0	0	0	0	0	0	0	0	0	0	0	0	0	0	0	0	0	0	0	0	0	0	0	0	2004	0
LFQ	119	0	0	0	0	0	0	0	0	0	0	0	0	0	0	0	0	0	0	0	0	0	0	0	0	0	0	0	0	0	0	2004	0
LFQ	120	0	0	0	0	0	0	0	0	0	0	0	0	0	0	0	0	0	0	0	0	0	0	0	0	0	0	0	0	0	0	2004	0
LFQ	121	0	0	0	0	0	0	0	0	0	0	0	0	0	0	0	0	0	0	0	0	0	0	0	0	0	0	0	0	0	0	2004	0
LFQ	122	0	0	0	0	0	0	0	0	0	0	0	0	0	0	0	0	0	0	0	0	0	0	0	0	0	0	0	0	0	0	2004	0
LFQ	123	0	0	0	0	0	0	0	0	0	0	0	0	0	0	0	0	0	0	0	0	0	0	0	0	0	0	0	0	0	0	2004	0
LFQ	124	0	0	0	0	0	0	0	0	0	0	0	0	0	0	0	0	0	0	0	0	0	0	0	0	0	0	0	0	0	0	2004	0
LFQ	125	0	0	0	0	0	0	0	0	0	0	0	0	0	0	0	0	0	0	0	0	0	0	0	0	0	0	0	0	0	0	2004	0
LFQ	126	0	0	0	0	0	0	0	0	0	0	0	0	0	0	0	0	0	0	0	0	0	0	0	0	0	0	0	0	0	0	2004	0
LFQ	127	0	0	0	0	0	0	0	0	0	0	0	0	0	0	0	0	0	0	0	0	0	0	0	0	0	0	0	0	0	0	2004	0
LFQ	128	0	0	0	0	0	0	0	0	0	0	0	0	0	0	0	0	0	0	0	0	0	0	0	0	0	0	0	0	0	0	2004	0
LFQ	129	0	0	0	0	0	0	0	0	0	0	0	0	0	0	0	0	0	0	0	0	0	0	0	0	0	0	0	0	0	0	2004	0
LFQ	130	0	0	0	0	0	0	0	0	0	0	0	0	0	0	0	0	0	0	0	0	0	0	0	0	0	0	0	0	0	0	2004	0
LFQ	131	0	0	0	0	0	0	0	0	0	0	0	0	0	0	0	0	0	0	0	0	0	0	0	0	0	0	0	0	0	0	2004	0
LFQ	132	0	0	0	0	0	0	0	0	0	0	0	0	0	0	0	0	0	0	0	0	0	0	0	0	0	0	0	0	0	0	2004	0
LFQ	133	0	0	0	0	0	0	0	0	0	0	0	0	0	0	0	0	0	0	0	0	0	0	0	0	0	0	0	0	0	0	2004	0
LFQ	134	0	0	0	0	0	0	0	0	0	0	0	0	0	0	0	0	0	0	0	0	0	0	0	0	0	0	0	0	0	0	2004	0
LFQ	135	0	0	0	0	0	0	0	0	0	0	0	0	0	0	0	0	0	0	0	0	0	0	0	0	0	0	0	0	0	0	2004	0
LFQ	136	0	0	0	0	0	0	0	0	0	0	0	0	0	0	0	0	0	0	0	0	0	0	0	0	0	0	0	0	0	0	2004	0
LFQ	137	0	0	0	0	0	0	0	0	0	0	0	0	0	0	0	0	0	0	0	0	0	0	0	0	0	0	0	0	0	0	2004	0
LFQ	138	0	0	0	0	0	0	0	0	0	0	0	0	0	0	0	0	0	0	0	0	0	0	0	0	0	0	0	0	0	0	2004	0
LFQ	139	0	0	0	0	0	0	0	0	0	0	0	0	0	0	0	0	0	0	0	0	0	0	0	0	0	0	0	0	0	0	2004	0
LFQ	140	0	0	0	0	0	0	0	0	0	0	0	0	0	0	0	0	0	0	0	0	0	0	0	0	0	0	0	0	0	0	2004	0
LFQ	141	0	0	0	0	0	0	0	0	0	0	0	0	0	0	0	0	0	0	0	0	0	0	0	0	0	0	0	0	0	0	2004	0
LFQ	142	0	0	0	0	0	0	0	0	0	0	0	0	0	0	0	0	0	0	0	0	0	0	0	0	0	0	0	0	0	0	2004	0
LFQ	143	0	0	0	0	0	0	0	0	0	0	0	0	0	0	0	0	0	0	0	0	0	0	0	0	0	0	0	0	0	0	2004	0
LFQ	144	0	0	0	0	0	0	0	0	0	0	0	0	0	0	0	0	0	0	0	0	0	0	0	0	0	0	0	0	0	0	2004	0
LFQ	145	0	0	0	0	0	0	0	0	0	0	0	0	0	0	0	0	0	0	0	0	0	0	0	0	0	0	0	0	0	0	2004	0
LFQ	146	0	0	0	0	0	0	0	0	0	0	0	0	0	0	0	0	0	0	0	0	0	0	0	0	0	0	0	0	0	0	2004	0
LFQ	147	0	0	0	0	0	0	0	0	0	0	0	0	0	0	0	0	0	0	0	0	0	0	0	0	0	0	0	0	0	0	2004	0
LFQ	148	0	0	0	0	0	0	0	0	0	0	0	0	0	0	0	0	0	0	0	0	0	0	0	0	0	0	0	0	0	0	2004	0
LFQ	149	0	0	0	0	0	0	0	0	0	0	0	0	0	0	0	0	0	0	0	0	0	0	0	0	0	0	0	0	0	0	2004	0
LFQ	150	0	0	0	0	0	0	0	0	0	0	0	0	0	0	0	0	0	0	0	0	0	0	0	0	0	0	0	0	0	0	2004	0
# GC Content of first fragments. Use `grep ^GCF | cut -f 2-` to extract this part.
GCF	5.28	0
GCF	10.80	2
GCF	12.31	0
GCF	15.08	1
GCF	17.09	0
GCF	18.09	4
GCF	18.84	2
GCF	19.35	1
GCF	20.10	2
GCF	20.85	1
GCF	21.36	3
GCF	22.36	6
GCF	23.37	7
GCF	24.12	15
GCF	25.13	11
GCF	26.13	18
GCF	26.88	16
GCF	27.39	19
GCF	28.14	29
GCF	28.89	34
GCF	29.40	25
GCF	30.15	23
GCF	30.90	43
GCF	31.41	47
GCF	32.16	42
GCF	32.91	40
GCF	33.42	57
GCF	33.92	54
GCF	34.67	85
GCF	35.43	82
GCF	35.93	69
GCF	36.68	82
GCF	37.44	78
GCF	37.94	75
GCF	38.69	73
GCF	39.45	64
GCF	39.95	74
GCF	40.70	65
GCF	41.46	66
GCF	41.96	43
GCF	42.71	63
GCF	43.47	67
GCF	43.97	49
GCF	44.72	51
GCF	45.48	39
GCF	45.98	48
GCF	46.73	40
GCF	47.49	51
GCF	47.99	24
GCF	48.74	33
GCF	49.75	19
GCF	50.75	18
GCF	51.51	15
GCF	52.01	12
GCF	52.76	14
GCF	53.52	7
GCF	54.02	9
GCF	54.77	6
GCF	55.53	5
GCF	56.03	2
GCF	56.78	1
GCF	57.54	5
GCF	58.04	10
GCF	58.79	1
GCF	59.55	4
GCF	60.05	3
GCF	60.80	4
GCF	61.81	1
GCF	62.81	2
GCF	63.82	0
GCF	65.08	1
GCF	67.84	0
GCF	70.10	1
# GC Content of last fragments. Use `grep ^GCL | cut -f 2-` to extract this part.
GCL	3.52	0
GCL	7.29	1
GCL	9.55	0
GCL	12.06	1
GCL	13.57	0
GCL	14.82	1
GCL	15.83	0
GCL	17.09	1
GCL	18.09	0
GCL	19.10	1
GCL	20.10	3
GCL	20.85	1
GCL	21.36	3
GCL	22.11	7
GCL	22.86	6
GCL	23.37	12
GCL	24.12	8
GCL	24.87	12
GCL	25.38	6
GCL	26.13	22
GCL	26.88	15
GCL	27.39	22
GCL	28.14	20
GCL	28.89	40
GCL	29.40	41
GCL	30.15	26
GCL	30.90	33
GCL	31.41	48
GCL	32.16	44
GCL	32.91	48
GCL	33.42	62
GCL	33.92	67
GCL	34.67	75
GCL	35.43	73
GCL	35.93	80
GCL	36.68	73
GCL	37.44	72
GCL	37.94	65
GCL	38.69	70
GCL	39.45	67
GCL	39.95	78
GCL	40.70	74
GCL	41.46	64
GCL	41.96	49
GCL	42.71	59
GCL	43.47	58
GCL	43.97	40
GCL	44.72	54
GCL	45.48	49
GCL	45.98	58
GCL	46.73	36
GCL	47.49	41
GCL	47.99	37
GCL	48.74	33
GCL	49.50	20
GCL	50.50	16
GCL	51.51	12
GCL	52.51	4
GCL	53.52	9
GCL	54.02	5
GCL	54.77	7
GCL	55.53	11
GCL	56.03	6
GCL	56.78	4
GCL	57.54	8
GCL	58.04	3
GCL	58.79	1
GCL	59.55	7
GCL	60.05	1
GCL	60.80	2
GCL	61.56	1
GCL	62.06	2
GCL	62.81	3
GCL	64.32	0
GCL	65.83	1
GCL	66.58	0
GCL	67.34	1
GCL	68.84	0
GCL	70.10	1
# ACGT content per cycle. Use `grep ^GCC | cut -f 2-` to extract this part. The columns are: cycle; A,C,G,T base counts as a percentage of all A/C/G/T bases [%]; and N and O counts as a percentage of all A/C/G/T bases [%]
GCC	1	29.24	20.23	19.24	31.29	0.00	0.00
GCC	2	30.74	20.16	18.54	30.56	0.00	0.00
GCC	3	30.16	19.56	18.56	31.71	0.00	0.00
GCC	4	30.86	19.96	19.11	30.06	0.00	0.00
GCC	5	29.74	21.36	18.24	30.66	0.00	0.00
GCC	6	30.34	20.06	19.19	30.41	0.00	0.00
GCC	7	30.39	20.03	18.41	31.16	0.00	0.00
GCC	8	30.61	19.76	18.64	30.99	0.00	0.00
GCC	9	31.61	20.11	18.64	29.64	0.00	0.00
GCC	10	29.89	19.16	19.49	31.46	0.00	0.00
GCC	11	30.11	18.91	19.89	31.09	0.00	0.00
GCC	12	31.76	19.56	18.06	30.61	0.00	0.00
GCC	13	30.31	19.56	19.29	30.84	0.00	0.00
GCC	14	31.11	20.08	18.96	29.84	0.00	0.00
GCC	15	29.89	19.46	18.81	31.84	0.00	0.00
GCC	16	31.76	19.71	18.56	29.97	0.00	0.00
GCC	17	32.53	20.08	16.52	30.86	0.00	0.00
GCC	18	30.61	20.21	18.29	30.89	0.00	0.00
GCC	19	30.39	19.06	19.71	30.84	0.00	0.00
GCC	20	29.87	19.69	18.76	31.69	0.00	0.00
GCC	21	29.49	20.21	18.99	31.31	0.00	0.00
GCC	22	30.34	19.14	19.56	30.96	0.00	0.00
GCC	23	28.34	20.61	19.29	31.76	0.00	0.00
GCC	24	29.72	19.69	19.26	31.34	0.00	0.00
GCC	25	30.99	19.59	18.71	30.71	0.00	0.00
GCC	26	30.71	20.53	18.89	29.87	0.00	0.00
GCC	27	31.09	19.06	18.49	31.36	0.00	0.00
GCC	28	30.49	20.63	18.34	30.54	0.00	0.00
GCC	29	30.31	20.13	18.46	31.09	0.00	0.00
GCC	30	30.91	19.76	18.49	30.84	0.00	0.00
GCC	31	30.26	19.74	19.54	30.46	0.00	0.00
GCC	32	29.92	20.46	18.61	31.01	0.00	0.00
GCC	33	29.34	20.36	19.39	30.91	0.00	0.00
GCC	34	30.26	20.38	18.11	31.24	0.00	0.00
GCC	35	30.24	19.94	18.84	30.99	0.00	0.00
GCC	36	29.22	20.58	19.09	31.11	0.00	0.00
GCC	37	29.39	20.18	19.44	30.99	0.00	0.00
GCC	38	30.21	19.64	18.36	31.79	0.00	0.00
GCC	39	29.57	20.28	18.09	32.06	0.00	0.00
GCC	40	29.82	20.63	19.54	30.01	0.00	0.00
GCC	41	30.89	19.61	19.11	30.39	0.00	0.00
GCC	42	30.96	19.56	18.01	31.46	0.00	0.00
GCC	43	30.11	19.64	18.66	31.59	0.00	0.00
GCC	44	29.89	20.56	18.76	30.79	0.00	0.00
GCC	45	31.56	19.54	18.04	30.86	0.00	0.00
GCC	46	28.79	20.53	19.69	30.99	0.00	0.00
GCC	47	30.99	20.06	19.26	29.69	0.00	0.00
GCC	48	30.66	21.21	18.56	29.57	0.00	0.00
GCC	49	31.49	18.91	18.81	30.79	0.00	0.00
GCC	50	30.79	20.31	18.29	30.61	0.00	0.00
GCC	51	30.79	20.76	17.27	31.19	0.00	0.00
GCC	52	31.41	19.21	18.74	30.64	0.00	0.00
GCC	53	30.56	20.16	18.11	31.16	0.00	0.00
GCC	54	30.49	21.18	18.84	29.49	0.00	0.00
GCC	55	30.11	20.16	18.81	30.91	0.00	0.00
GCC	56	32.11	18.86	18.54	30.49	0.00	0.00
GCC	57	29.74	20.48	18.29	31.49	0.00	0.00
GCC	58	30.71	20.71	19.24	29.34	0.00	0.00
GCC	59	30.84	19.01	18.26	31.89	0.00	0.00
GCC	60	29.34	20.48	19.39	30.79	0.00	0.00
GCC	61	30.56	20.11	19.06	30.26	0.00	0.00
GCC	62	31.76	19.04	18.14	31.06	0.00	0.00
GCC	63	30.99	20.43	18.66	29.92	0.00	0.00
GCC	64	30.81	19.56	18.86	30.76	0.00	0.00
GCC	65	31.01	19.16	18.41	31.41	0.00	0.00
GCC	66	30.79	19.89	18.46	30.86	0.00	0.00
GCC	67	31.24	19.44	18.19	31.14	0.00	0.00
GCC	68	30.44	20.03	19.09	30.44	0.00	0.00
GCC	69	28.54	20.96	18.49	32.01	0.00	0.00
GCC	70	30.29	19.14	19.01	31.56	0.00	0.00
GCC	71	29.47	19.01	20.48	31.04	0.00	0.00
GCC	72	30.01	19.66	18.84	31.49	0.00	0.00
GCC	73	30.66	18.31	19.39	31.64	0.00	0.00
GCC	74	29.17	19.89	18.76	32.19	0.00	0.00
GCC	75	30.79	18.51	19.36	31.34	0.00	0.00
GCC	76	30.71	20.56	17.86	30.86	0.00	0.00
GCC	77	31.16	18.94	19.81	30.09	0.00	0.00
GCC	78	29.67	20.96	18.99	30.39	0.00	0.00
GCC	79	29.57	21.18	18.44	30.81	0.00	0.00
GCC	80	30.74	19.69	18.74	30.84	0.00	0.00
GCC	81	31.26	19.81	18.81	30.11	0.00	0.00
GCC	82	29.59	19.49	19.04	31.89	0.00	0.00
GCC	83	30.89	19.74	17.91	31.46	0.00	0.00
GCC	84	29.89	19.59	19.31	31.21	0.00	0.00
GCC	85	30.01	20.18	19.29	30.51	0.00	0.00
GCC	86	31.14	18.99	18.76	31.11	0.00	0.00
GCC	87	31.04	19.76	18.64	30.56	0.00	0.00
GCC	88	29.94	19.76	19.11	31.19	0.00	0.00
GCC	89	29.32	20.91	18.31	31.46	0.00	0.00
GCC	90	30.11	20.11	18.61	31.16	0.00	0.00
GCC	91	30.29	18.94	19.14	31.64	0.00	0.00
GCC	92	30.09	19.16	19.21	31.54	0.00	0.00
GCC	93	30.59	19.14	19.34	30.94	0.00	0.00
GCC	94	31.11	20.28	18.26	30.34	0.00	0.00
GCC	95	29.72	20.16	19.24	30.89	0.00	0.00
GCC	96	30.01	20.26	17.99	31.74	0.00	0.00
GCC	97	29.39	20.68	20.13	29.79	0.00	0.00
GCC	98	30.71	20.03	18.66	30.59	0.00	0.00
GCC	99	31.31	19.06	19.39	30.24	0.00	0.00
GCC	100	31.11	18.36	18.31	32.21	0.00	0.00
GCC	101	30.04	19.54	19.39	31.04	0.00	0.00
GCC	102	31.86	19.61	18.74	29.79	0.00	0.00
GCC	103	30.16	20.26	18.94	30.64	0.00	0.00
GCC	104	30.36	20.01	19.79	29.84	0.00	0.00
GCC	105	30.04	19.49	19.31	31.16	0.00	0.00
GCC	106	30.44	20.21	18.94	30.41	0.00	0.00
GCC	107	30.36	20.16	18.51	30.96	0.00	0.00
GCC	108	29.74	20.78	18.76	30.71	0.00	0.00
GCC	109	29.59	19.39	19.59	31.44	0.00	0.00
GCC	110	29.89	19.71	19.06	31.34	0.00	0.00
GCC	111	30.76	19.84	19.36	30.04	0.00	0.00
GCC	112	29.99	19.81	19.46	30.74	0.00	0.00
GCC	113	30.31	19.99	18.69	31.01	0.00	0.00
GCC	114	30.11	20.38	18.96	30.54	0.00	0.00
GCC	115	31.24	19.66	18.41	30.69	0.00	0.00
GCC	116	30.04	20.21	18.86	30.89	0.00	0.00
GCC	117	30.61	19.49	18.69	31.21	0.00	0.00
GCC	118	30.66	19.71	18.19	31.44	0.00	0.00
GCC	119	30.99	19.41	19.69	29.92	0.00	0.00
GCC	120	30.46	20.33	18.89	30.31	0.00	0.00
GCC	121	29.04	20.61	17.94	32.41	0.00	0.00
GCC	122	30.49	20.26	18.21	31.04	0.00	0.00
GCC	123	29.74	20.28	18.59	31.39	0.00	0.00
GCC	124	30.06	20.16	18.56	31.21	0.00	0.00
GCC	125	30.76	19.74	18.71	30.79	0.00	0.00
GCC	126	31.09	19.11	19.11	30.69	0.00	0.00
GCC	127	30.56	19.86	19.04	30.54	0.00	0.00
GCC	128	30.89	19.29	18.39	31.44	0.00	0.00
GCC	129	30.51	19.89	19.41	30.19	0.00	0.00
GCC	130	28.87	20.08	19.64	31.41	0.00	0.00
GCC	131	31.11	19.51	18.56	30.81	0.00	0.00
GCC	132	31.36	19.64	19.16	29.84	0.00	0.00
GCC	133	31.69	19.81	18.76	29.74	0.00	0.00
GCC	134	31.06	20.16	18.59	30.19	0.00	0.00
GCC	135	30.94	19.11	18.74	31.21	0.00	0.00
GCC	136	29.69	20.58	19.49	30.24	0.00	0.00
GCC	137	30.46	20.03	18.99	30.51	0.00	0.00
GCC	138	31.66	19.66	18.29	30.39	0.00	0.00
GCC	139	31.11	19.49	19.81	29.59	0.00	0.00
GCC	140	30.29	19.99	19.36	30.36	0.00	0.00
GCC	141	29.69	20.76	18.96	30.59	0.00	0.00
GCC	142	30.69	20.11	19.61	29.59	0.00	0.00
GCC	143	29.82	19.84	19.86	30.49	0.00	0.00
GCC	144	30.26	20.46	18.24	31.04	0.00	0.00
GCC	145	31.44	19.46	19.34	29.77	0.00	0.00
GCC	146	30.29	20.61	18.66	30.44	0.00	0.00
GCC	147	30.66	20.08	18.54	30.71	0.00	0.00
GCC	148	30.14	19.71	19.31	30.84	0.00	0.00
GCC	149	30.54	20.01	18.86	30.59	0.00	0.00
GCC	150	31.56	20.43	18.01	29.99	0.00	0.00
# ACGT content per cycle, read oriented. Use `grep ^GCT | cut -f 2-` to extract this part. The columns are: cycle; A,C,G,T base counts as a percentage of all A/C/G/T bases [%]
GCT	1	30.99	19.09	20.38	29.54
GCT	2	30.46	19.59	19.11	30.84
GCT	3	30.89	20.08	18.04	30.99
GCT	4	29.72	19.66	19.41	31.21
GCT	5	30.64	20.91	18.69	29.77
GCT	6	30.09	19.21	20.03	30.66
GCT	7	31.49	19.89	18.56	30.06
GCT	8	30.09	19.94	18.46	31.51
GCT	9	29.94	18.99	19.76	31.31
GCT	10	30.11	19.64	19.01	31.24
GCT	11	29.74	19.19	19.61	31.46
GCT	12	30.74	18.64	18.99	31.64
GCT	13	30.24	19.09	19.76	30.91
GCT	14	29.92	18.89	20.16	31.04
GCT	15	30.61	19.69	18.59	31.11
GCT	16	31.09	19.79	18.49	30.64
GCT	17	31.74	18.69	17.91	31.66
GCT	18	29.99	20.18	18.31	31.51
GCT	19	29.99	19.26	19.51	31.24
GCT	20	30.06	19.44	19.01	31.49
GCT	21	31.36	19.69	19.51	29.44
GCT	22	30.19	19.09	19.61	31.11
GCT	23	29.37	18.84	21.06	30.74
GCT	24	30.44	19.41	19.54	30.61
GCT	25	30.06	19.06	19.24	31.64
GCT	26	29.89	20.06	19.36	30.69
GCT	27	29.87	18.29	19.26	32.58
GCT	28	31.41	18.56	20.41	29.62
GCT	29	30.76	19.09	19.51	30.64
GCT	30	30.24	19.69	18.56	31.51
GCT	31	31.89	19.46	19.81	28.84
GCT	32	29.89	18.74	20.33	31.04
GCT	33	30.89	19.81	19.94	29.37
GCT	34	30.81	19.24	19.26	30.69
GCT	35	30.79	18.79	19.99	30.44
GCT	36	29.64	19.26	20.41	30.69
GCT	37	30.46	19.06	20.56	29.92
GCT	38	30.64	18.96	19.04	31.36
GCT	39	31.29	18.76	19.61	30.34
GCT	40	29.04	19.56	20.61	30.79
GCT	41	31.44	19.96	18.76	29.84
GCT	42	30.91	18.31	19.26	31.51
GCT	43	30.94	18.81	19.49	30.76
GCT	44	30.51	19.84	19.49	30.16
GCT	45	31.09	17.37	20.21	31.34
GCT	46	29.92	19.86	20.36	29.87
GCT	47	32.14	19.36	19.96	28.54
GCT	48	31.04	19.94	19.84	29.19
GCT	49	31.01	18.84	18.89	31.26
GCT	50	30.09	20.36	18.24	31.31
GCT	51	30.29	18.26	19.76	31.69
GCT	52	31.16	19.41	18.54	30.89
GCT	53	30.56	19.21	19.06	31.16
GCT	54	30.61	20.16	19.86	29.37
GCT	55	31.24	19.54	19.44	29.79
GCT	56	31.11	18.01	19.39	31.49
GCT	57	29.72	19.51	19.26	31.51
GCT	58	29.27	20.21	19.74	30.79
GCT	59	31.66	18.74	18.54	31.06
GCT	60	30.21	20.11	19.76	29.92
GCT	61	30.51	18.86	20.31	30.31
GCT	62	31.31	18.14	19.04	31.51
GCT	63	29.94	19.99	19.11	30.96
GCT	64	31.44	19.74	18.69	30.14
GCT	65	31.46	18.36	19.21	30.96
GCT	66	30.71	18.41	19.94	30.94
GCT	67	31.79	18.64	18.99	30.59
GCT	68	30.61	18.96	20.16	30.26
GCT	69	30.69	21.16	18.29	29.87
GCT	70	31.84	18.94	19.21	30.01
GCT	71	30.14	20.23	19.26	30.36
GCT	72	31.44	19.24	19.26	30.06
GCT	73	31.91	17.96	19.74	30.39
GCT	74	30.69	19.31	19.34	30.66
GCT	75	29.79	19.16	18.71	32.34
GCT	76	30.49	20.23	18.19	31.09
GCT	77	30.21	19.34	19.41	31.04
GCT	78	31.56	19.56	20.38	28.49
GCT	79	30.41	19.74	19.89	29.97
GCT	80	30.44	19.04	19.39	31.14
GCT	81	30.66	20.51	18.11	30.71
GCT	82	30.51	19.41	19.11	30.96
GCT	83	31.86	17.27	20.38	30.49
GCT	84	30.16	19.41	19.49	30.94
GCT	85	30.24	20.16	19.31	30.29
GCT	86	31.01	18.96	18.79	31.24
GCT	87	31.04	19.31	19.09	30.56
GCT	88	31.16	19.34	19.54	29.97
GCT	89	31.06	19.76	19.46	29.72
GCT	90	29.42	18.86	19.86	31.86
GCT	91	30.99	19.24	18.84	30.94
GCT	92	31.79	19.71	18.66	29.84
GCT	93	31.06	18.76	19.71	30.46
GCT	94	31.31	19.74	18.81	30.14
GCT	95	30.66	20.21	19.19	29.94
GCT	96	31.69	18.64	19.61	30.06
GCT	97	30.44	19.79	21.03	28.74
GCT	98	31.76	19.44	19.26	29.54
GCT	99	31.11	19.91	18.54	30.44
GCT	100	31.46	17.47	19.21	31.86
GCT	101	30.71	19.86	19.06	30.36
GCT	102	31.11	18.76	19.59	30.54
GCT	103	30.56	19.76	19.44	30.24
GCT	104	29.72	19.66	20.13	30.49
GCT	105	30.44	18.64	20.16	30.76
GCT	106	30.56	19.14	20.01	30.29
GCT	107	30.39	19.29	19.39	30.94
GCT	108	29.52	19.91	19.64	30.94
GCT	109	29.99	19.19	19.79	31.04
GCT	110	31.01	18.94	19.84	30.21
GCT	111	30.61	19.19	20.01	30.19
GCT	112	30.76	19.99	19.29	29.97
GCT	113	31.76	19.29	19.39	29.57
GCT	114	29.24	19.41	19.94	31.41
GCT	115	31.14	18.81	19.26	30.79
GCT	116	31.44	19.56	19.51	29.49
GCT	117	30.91	19.09	19.09	30.91
GCT	118	30.56	18.71	19.19	31.54
GCT	119	28.94	18.21	20.88	31.96
GCT	120	29.69	19.46	19.76	31.09
GCT	121	30.29	18.31	20.23	31.16
GCT	122	30.54	18.96	19.51	30.99
GCT	123	30.24	19.39	19.49	30.89
GCT	124	30.49	17.74	20.98	30.79
GCT	125	30.94	19.11	19.34	30.61
GCT	126	31.09	19.11	19.11	30.69
GCT	127	31.56	19.16	19.74	29.54
GCT	128	31.79	19.39	18.29	30.54
GCT	129	30.74	20.26	19.04	29.97
GCT	130	30.14	20.51	19.21	30.14
GCT	131	31.06	18.96	19.11	30.86
GCT	132	30.84	19.21	19.59	30.36
GCT	133	29.69	19.11	19.46	31.74
GCT	134	30.14	19.39	19.36	31.11
GCT	135	30.11	19.44	18.41	32.04
GCT	136	29.59	20.13	19.94	30.34
GCT	137	30.74	18.81	20.21	30.24
GCT	138	30.09	18.54	19.41	31.96
GCT	139	29.42	18.74	20.56	31.29
GCT	140	29.87	19.46	19.89	30.79
GCT	141	29.62	19.34	20.38	30.66
GCT	142	31.36	20.53	19.19	28.92
GCT	143	30.34	20.26	19.44	29.97
GCT	144	29.32	19.56	19.14	31.99
GCT	145	31.16	19.39	19.41	30.04
GCT	146	29.82	19.44	19.84	30.91
GCT	147	31.09	19.76	18.86	30.29
GCT	148	30.51	18.49	20.53	30.46
GCT	149	30.31	19.39	19.49	30.81
GCT	150	30.69	19.41	19.04	30.86
# ACGT content per cycle for first fragments. Use `grep ^FBC | cut -f 2-` to extract this part. The columns are: cycle; A,C,G,T base counts as a percentage of all A/C/G/T bases [%]; and N and O counts as a percentage of all A/C/G/T bases [%]
FBC	1	30.24	20.06	18.91	30.79	0.00	0.00
FBC	2	31.04	19.01	19.46	30.49	0.00	0.00
FBC	3	30.29	19.31	19.26	31.14	0.00	0.00
FBC	4	29.99	20.41	19.36	30.24	0.00	0.00
FBC	5	30.99	20.71	17.91	30.39	0.00	0.00
FBC	6	31.09	20.61	19.26	29.04	0.00	0.00
FBC	7	30.64	20.21	18.46	30.69	0.00	0.00
FBC	8	30.89	19.46	18.96	30.69	0.00	0.00
FBC	9	30.84	20.76	18.56	29.84	0.00	0.00
FBC	10	29.59	18.86	18.81	32.73	0.00	0.00
FBC	11	30.29	18.96	20.11	30.64	0.00	0.00
FBC	12	31.34	20.11	17.37	31.19	0.00	0.00
FBC	13	30.29	19.36	17.56	32.78	0.00	0.00
FBC	14	29.49	21.01	18.71	30.79	0.00	0.00
FBC	15	30.89	18.96	18.16	31.99	0.00	0.00
FBC	16	32.09	19.66	18.21	30.04	0.00	0.00
FBC	17	33.23	20.01	16.42	30.34	0.00	0.00
FBC	18	30.24	20.06	18.61	31.09	0.00	0.00
FBC	19	30.04	19.76	19.71	30.49	0.00	0.00
FBC	20	30.34	19.06	19.01	31.59	0.00	0.00
FBC	21	28.69	20.61	19.11	31.59	0.00	0.00
FBC	22	30.69	17.96	19.21	32.14	0.00	0.00
FBC	23	28.24	21.41	18.66	31.69	0.00	0.00
FBC	24	30.54	19.26	19.41	30.79	0.00	0.00
FBC	25	29.79	19.26	18.96	31.99	0.00	0.00
FBC	26	30.34	20.01	20.86	28.79	0.00	0.00
FBC	27	31.84	18.26	18.96	30.94	0.00	0.00
FBC	28	31.29	20.26	18.11	30.34	0.00	0.00
FBC	29	30.34	19.51	19.21	30.94	0.00	0.00
FBC	30	30.29	20.31	18.51	30.89	0.00	0.00
FBC	31	30.54	18.31	20.61	30.54	0.00	0.00
FBC	32	30.89	20.06	18.21	30.84	0.00	0.00
FBC	33	28.69	20.96	19.26	31.09	0.00	0.00
FBC	34	29.39	21.11	17.61	31.89	0.00	0.00
FBC	35	29.29	20.51	18.46	31.74	0.00	0.00
FBC	36	28.59	21.51	19.31	30.59	0.00	0.00
FBC	37	29.09	20.16	18.51	32.24	0.00	0.00
FBC	38	29.94	19.46	18.81	31.79	0.00	0.00
FBC	39	29.39	21.01	17.56	32.04	0.00	0.00
FBC	40	29.74	20.56	18.96	30.74	0.00	0.00
FBC	41	29.94	20.36	18.26	31.44	0.00	0.00
FBC	42	30.64	18.51	17.76	33.08	0.00	0.00
FBC	43	29.69	19.06	19.26	31.99	0.00	0.00
FBC	44	29.84	20.56	18.36	31.24	0.00	0.00
FBC	45	32.19	20.51	18.36	28.94	0.00	0.00
FBC	46	29.14	20.26	19.26	31.34	0.00	0.00
FBC	47	31.89	19.61	19.16	29.34	0.00	0.00
FBC	48	30.39	21.91	17.81	29.89	0.00	0.00
FBC	49	31.64	19.46	18.61	30.29	0.00	0.00
FBC	50	30.84	20.36	18.36	30.44	0.00	0.00
FBC	51	31.24	20.61	17.91	30.24	0.00	0.00
FBC	52	32.19	18.96	17.66	31.19	0.00	0.00
FBC	53	29.64	20.06	18.46	31.84	0.00	0.00
FBC	54	30.04	23.05	17.42	29.49	0.00	0.00
FBC	55	30.54	20.11	18.76	30.59	0.00	0.00
FBC	56	31.49	20.11	17.47	30.94	0.00	0.00
FBC	57	29.19	20.06	18.56	32.19	0.00	0.00
FBC	58	30.19	20.61	19.46	29.74	0.00	0.00
FBC	59	29.79	18.36	18.66	33.18	0.00	0.00
FBC	60	28.94	19.46	20.06	31.54	0.00	0.00
FBC	61	30.79	20.11	18.66	30.44	0.00	0.00
FBC	62	30.54	19.06	18.51	31.89	0.00	0.00
FBC	63	30.34	21.11	18.21	30.34	0.00	0.00
FBC	64	30.29	19.61	19.81	30.29	0.00	0.00
FBC	65	31.34	18.41	18.06	32.19	0.00	0.00
FBC	66	30.49	20.31	18.96	30.24	0.00	0.00
FBC	67	31.04	19.11	18.26	31.59	0.00	0.00
FBC	68	31.29	18.81	19.91	29.99	0.00	0.00
FBC	69	28.09	19.86	19.31	32.73	0.00	0.00
FBC	70	30.09	18.31	19.56	32.04	0.00	0.00
FBC	71	28.64	19.21	22.55	29.59	0.00	0.00
FBC	72	29.94	19.06	18.91	32.09	0.00	0.00
FBC	73	30.84	18.91	19.41	30.84	0.00	0.00
FBC	74	29.14	19.31	20.21	31.34	0.00	0.00
FBC	75	30.79	18.76	19.46	30.99	0.00	0.00
FBC	76	30.64	19.81	18.91	30.64	0.00	0.00
FBC	77	31.49	18.31	20.06	30.14	0.00	0.00
FBC	78	28.39	21.21	19.66	30.74	0.00	0.00
FBC	79	29.04	21.31	19.16	30.49	0.00	0.00
FBC	80	31.34	19.01	18.86	30.79	0.00	0.00
FBC	81	31.39	20.36	18.51	29.74	0.00	0.00
FBC	82	29.79	19.46	18.61	32.14	0.00	0.00
FBC	83	31.84	19.21	18.21	30.74	0.00	0.00
FBC	84	30.09	19.66	19.11	31.14	0.00	0.00
FBC	85	29.89	19.61	19.21	31.29	0.00	0.00
FBC	86	30.69	18.96	17.66	32.68	0.00	0.00
FBC	87	30.94	20.46	18.41	30.19	0.00	0.00
FBC	88	29.44	20.21	20.16	30.19	0.00	0.00
FBC	89	29.19	20.81	18.86	31.14	0.00	0.00
FBC	90	30.39	19.26	19.21	31.14	0.00	0.00
FBC	91	30.84	18.71	18.56	31.89	0.00	0.00
FBC	92	30.39	19.41	19.26	30.94	0.00	0.00
FBC	93	30.94	19.41	18.76	30.89	0.00	0.00
FBC	94	30.49	22.21	18.31	28.99	0.00	0.00
FBC	95	30.09	20.21	19.11	30.59	0.00	0.00
FBC	96	29.89	21.46	17.51	31.14	0.00	0.00
FBC	97	28.79	21.11	20.66	29.44	0.00	0.00
FBC	98	30.49	20.46	17.17	31.89	0.00	0.00
FBC	99	31.04	19.61	19.06	30.29	0.00	0.00
FBC	100	31.74	18.66	17.91	31.69	0.00	0.00
FBC	101	30.29	20.01	19.26	30.44	0.00	0.00
FBC	102	31.44	19.76	18.66	30.14	0.00	0.00
FBC	103	30.39	19.46	18.76	31.39	0.00	0.00
FBC	104	29.94	20.06	19.61	30.39	0.00	0.00
FBC	105	29.74	18.61	20.16	31.49	0.00	0.00
FBC	106	30.19	20.76	18.71	30.34	0.00	0.00
FBC	107	30.69	19.66	18.06	31.59	0.00	0.00
FBC	108	29.29	20.71	18.91	31.09	0.00	0.00
FBC	109	29.14	19.21	18.86	32.78	0.00	0.00
FBC	110	29.54	19.36	19.66	31.44	0.00	0.00
FBC	111	28.69	20.71	20.31	30.29	0.00	0.00
FBC	112	32.39	18.51	19.91	29.19	0.00	0.00
FBC	113	30.79	19.66	19.41	30.14	0.00	0.00
FBC	114	30.99	21.71	19.01	28.29	0.00	0.00
FBC	115	32.63	19.76	18.01	29.59	0.00	0.00
FBC	116	30.44	19.76	19.51	30.29	0.00	0.00
FBC	117	31.29	20.51	17.76	30.44	0.00	0.00
FBC	118	30.99	18.31	18.61	32.09	0.00	0.00
FBC	119	30.39	19.96	20.11	29.54	0.00	0.00
FBC	120	30.99	19.86	19.06	30.09	0.00	0.00
FBC	121	29.69	19.76	18.76	31.79	0.00	0.00
FBC	122	29.84	20.81	18.26	31.09	0.00	0.00
FBC	123	29.69	20.41	16.92	32.98	0.00	0.00
FBC	124	31.24	20.01	18.96	29.79	0.00	0.00
FBC	125	29.54	20.46	20.01	29.99	0.00	0.00
FBC	126	30.14	19.61	19.91	30.34	0.00	0.00
FBC	127	30.19	19.71	19.31	30.79	0.00	0.00
FBC	128	30.44	17.76	18.76	33.03	0.00	0.00
FBC	129	30.89	19.11	18.96	31.04	0.00	0.00
FBC	130	28.99	20.06	19.36	31.59	0.00	0.00
FBC	131	29.59	20.76	18.51	31.14	0.00	0.00
FBC	132	31.89	19.61	19.36	29.14	0.00	0.00
FBC	133	31.94	19.66	18.96	29.44	0.00	0.00
FBC	134	31.14	19.86	18.26	30.74	0.00	0.00
FBC	135	29.99	20.01	18.11	31.89	0.00	0.00
FBC	136	27.79	20.66	20.41	31.14	0.00	0.00
FBC	137	29.19	20.26	19.76	30.79	0.00	0.00
FBC	138	31.69	18.61	17.96	31.74	0.00	0.00
FBC	139	29.89	19.26	19.41	31.44	0.00	0.00
FBC	140	30.34	19.96	20.46	29.24	0.00	0.00
FBC	141	29.94	20.01	19.51	30.54	0.00	0.00
FBC	142	31.49	19.26	19.61	29.64	0.00	0.00
FBC	143	30.44	18.91	19.56	31.09	0.00	0.00
FBC	144	28.89	20.31	18.26	32.53	0.00	0.00
FBC	145	31.44	19.36	20.01	29.19	0.00	0.00
FBC	146	30.54	20.96	18.66	29.84	0.00	0.00
FBC	147	31.69	19.76	18.26	30.29	0.00	0.00
FBC	148	30.44	20.56	19.31	29.69	0.00	0.00
FBC	149	30.14	20.91	18.81	30.14	0.00	0.00
FBC	150	31.94	20.46	17.66	29.94	0.00	0.00
# ACGT raw counters for first fragments. Use `grep ^FTC | cut -f 2-` to extract this part. The columns are: A,C,G,T,N base counters
FTC	91282	59738	56796	92784	0
# ACGT content per cycle for last fragments. Use `grep ^LBC | cut -f 2-` to extract this part. The columns are: cycle; A,C,G,T base counts as a percentage of all A/C/G/T bases [%]; and N and O counts as a percentage of all A/C/G/T bases [%]
LBC	1	28.24	20.41	19.56	31.79	0.00	0.00
LBC	2	30.44	21.31	17.61	30.64	0.00	0.00
LBC	3	30.04	19.81	17.86	32.29	0.00	0.00
LBC	4	31.74	19.51	18.86	29.89	0.00	0.00
LBC	5	28.49	22.01	18.56	30.94	0.00	0.00
LBC	6	29.59	19.51	19.11	31.79	0.00	0.00
LBC	7	30.14	19.86	18.36	31.64	0.00	0.00
LBC	8	30.34	20.06	18.31	31.29	0.00	0.00
LBC	9	32.39	19.46	18.71	29.44	0.00	0.00
LBC	10	30.19	19.46	20.16	30.19	0.00	0.00
LBC	11	29.94	18.86	19.66	31.54	0.00	0.00
LBC	12	32.19	19.01	18.76	30.04	0.00	0.00
LBC	13	30.34	19.76	21.01	28.89	0.00	0.00
LBC	14	32.73	19.16	19.21	28.89	0.00	0.00
LBC	15	28.89	19.96	19.46	31.69	0.00	0.00
LBC	16	31.44	19.76	18.91	29.89	0.00	0.00
LBC	17	31.84	20.16	16.62	31.39	0.00	0.00
LBC	18	30.99	20.36	17.96	30.69	0.00	0.00
LBC	19	30.74	18.36	19.71	31.19	0.00	0.00
LBC	20	29.39	20.31	18.51	31.79	0.00	0.00
LBC	21	30.29	19.81	18.86	31.04	0.00	0.00
LBC	22	29.99	20.31	19.91	29.79	0.00	0.00
LBC	23	28.44	19.81	19.91	31.84	0.00	0.00
LBC	24	28.89	20.11	19.11	31.89	0.00	0.00
LBC	25	32.19	19.91	18.46	29.44	0.00	0.00
LBC	26	31.09	21.06	16.92	30.94	0.00	0.00
LBC	27	30.34	19.86	18.01	31.79	0.00	0.00
LBC	28	29.69	21.01	18.56	30.74	0.00	0.00
LBC	29	30.29	20.76	17.71	31.24	0.00	0.00
LBC	30	31.54	19.21	18.46	30.79	0.00	0.00
LBC	31	29.99	21.16	18.46	30.39	0.00	0.00
LBC	32	28.94	20.86	19.01	31.19	0.00	0.00
LBC	33	29.99	19.76	19.51	30.74	0.00	0.00
LBC	34	31.14	19.66	18.61	30.59	0.00	0.00
LBC	35	31.19	19.36	19.21	30.24	0.00	0.00
LBC	36	29.84	19.66	18.86	31.64	0.00	0.00
LBC	37	29.69	20.21	20.36	29.74	0.00	0.00
LBC	38	30.49	19.81	17.91	31.79	0.00	0.00
LBC	39	29.74	19.56	18.61	32.09	0.00	0.00
LBC	40	29.89	20.71	20.11	29.29	0.00	0.00
LBC	41	31.84	18.86	19.96	29.34	0.00	0.00
LBC	42	31.29	20.61	18.26	29.84	0.00	0.00
LBC	43	30.54	20.21	18.06	31.19	0.00	0.00
LBC	44	29.94	20.56	19.16	30.34	0.00	0.00
LBC	45	30.94	18.56	17.71	32.78	0.00	0.00
LBC	46	28.44	20.81	20.11	30.64	0.00	0.00
LBC	47	30.09	20.51	19.36	30.04	0.00	0.00
LBC	48	30.94	20.51	19.31	29.24	0.00	0.00
LBC	49	31.34	18.36	19.01	31.29	0.00	0.00
LBC	50	30.74	20.26	18.21	30.79	0.00	0.00
LBC	51	30.34	20.91	16.62	32.14	0.00	0.00
LBC	52	30.64	19.46	19.81	30.09	0.00	0.00
LBC	53	31.49	20.26	17.76	30.49	0.00	0.00
LBC	54	30.94	19.31	20.26	29.49	0.00	0.00
LBC	55	29.69	20.21	18.86	31.24	0.00	0.00
LBC	56	32.73	17.61	19.61	30.04	0.00	0.00
LBC	57	30.29	20.91	18.01	30.79	0.00	0.00
LBC	58	31.24	20.81	19.01	28.94	0.00	0.00
LBC	59	31.89	19.66	17.86	30.59	0.00	0.00
LBC	60	29.74	21.51	18.71	30.04	0.00	0.00
LBC	61	30.34	20.11	19.46	30.09	0.00	0.00
LBC	62	32.98	19.01	17.76	30.24	0.00	0.00
LBC	63	31.64	19.76	19.11	29.49	0.00	0.00
LBC	64	31.34	19.51	17.91	31.24	0.00	0.00
LBC	65	30.69	19.91	18.76	30.64	0.00	0.00
LBC	66	31.09	19.46	17.96	31.49	0.00	0.00
LBC	67	31.44	19.76	18.11	30.69	0.00	0.00
LBC	68	29.59	21.26	18.26	30.89	0.00	0.00
LBC	69	28.99	22.06	17.66	31.29	0.00	0.00
LBC	70	30.49	19.96	18.46	31.09	0.00	0.00
LBC	71	30.29	18.81	18.41	32.49	0.00	0.00
LBC	72	30.09	20.26	18.76	30.89	0.00	0.00
LBC	73	30.49	17.71	19.36	32.44	0.00	0.00
LBC	74	29.19	20.46	17.32	33.03	0.00	0.00
LBC	75	30.79	18.26	19.26	31.69	0.00	0.00
LBC	76	30.79	21.31	16.82	31.09	0.00	0.00
LBC	77	30.84	19.56	19.56	30.04	0.00	0.00
LBC	78	30.94	20.71	18.31	30.04	0.00	0.00
LBC	79	30.09	21.06	17.71	31.14	0.00	0.00
LBC	80	30.14	20.36	18.61	30.89	0.00	0.00
LBC	81	31.14	19.26	19.11	30.49	0.00	0.00
LBC	82	29.39	19.51	19.46	31.64	0.00	0.00
LBC	83	29.94	20.26	17.61	32.19	0.00	0.00
LBC	84	29.69	19.51	19.51	31.29	0.00	0.00
LBC	85	30.14	20.76	19.36	29.74	0.00	0.00
LBC	86	31.59	19.01	19.86	29.54	0.00	0.00
LBC	87	31.14	19.06	18.86	30.94	0.00	0.00
LBC	88	30.44	19.31	18.06	32.19	0.00	0.00
LBC	89	29.44	21.01	17.76	31.79	0.00	0.00
LBC	90	29.84	20.96	18.01	31.19	0.00	0.00
LBC	91	29.74	19.16	19.71	31.39	0.00	0.00
LBC	92	29.79	18.91	19.16	32.14	0.00	0.00
LBC	93	30.24	18.86	19.91	30.99	0.00	0.00
LBC	94	31.74	18.36	18.21	31.69	0.00	0.00
LBC	95	29.34	20.11	19.36	31.19	0.00	0.00
LBC	96	30.14	19.06	18.46	32.34	0.00	0.00
LBC	97	29.99	20.26	19.61	30.14	0.00	0.00
LBC	98	30.94	19.61	20.16	29.29	0.00	0.00
LBC	99	31.59	18.51	19.71	30.19	0.00	0.00
LBC	100	30.49	18.06	18.71	32.73	0.00	0.00
LBC	101	29.79	19.06	19.51	31.64	0.00	0.00
LBC	102	32.29	19.46	18.81	29.44	0.00	0.00
LBC	103	29.94	21.06	19.11	29.89	0.00	0.00
LBC	104	30.79	19.96	19.96	29.29	0.00	0.00
LBC	105	30.34	20.36	18.46	30.84	0.00	0.00
LBC	106	30.69	19.66	19.16	30.49	0.00	0.00
LBC	107	30.04	20.66	18.96	30.34	0.00	0.00
LBC	108	30.19	20.86	18.61	30.34	0.00	0.00
LBC	109	30.04	19.56	20.31	30.09	0.00	0.00
LBC	110	30.24	20.06	18.46	31.24	0.00	0.00
LBC	111	32.83	18.96	18.41	29.79	0.00	0.00
LBC	112	27.59	21.11	19.01	32.29	0.00	0.00
LBC	113	29.84	20.31	17.96	31.89	0.00	0.00
LBC	114	29.24	19.06	18.91	32.78	0.00	0.00
LBC	115	29.84	19.56	18.81	31.79	0.00	0.00
LBC	116	29.64	20.66	18.21	31.49	0.00	0.00
LBC	117	29.94	18.46	19.61	31.99	0.00	0.00
LBC	118	30.34	21.11	17.76	30.79	0.00	0.00
LBC	119	31.59	18.86	19.26	30.29	0.00	0.00
LBC	120	29.94	20.81	18.71	30.54	0.00	0.00
LBC	121	28.39	21.46	17.12	33.03	0.00	0.00
LBC	122	31.14	19.71	18.16	30.99	0.00	0.00
LBC	123	29.79	20.16	20.26	29.79	0.00	0.00
LBC	124	28.89	20.31	18.16	32.63	0.00	0.00
LBC	125	31.99	19.01	17.42	31.59	0.00	0.00
LBC	126	32.04	18.61	18.31	31.04	0.00	0.00
LBC	127	30.94	20.01	18.76	30.29	0.00	0.00
LBC	128	31.34	20.81	18.01	29.84	0.00	0.00
LBC	129	30.14	20.66	19.86	29.34	0.00	0.00
LBC	130	28.74	20.11	19.91	31.24	0.00	0.00
LBC	131	32.63	18.26	18.61	30.49	0.00	0.00
LBC	132	30.84	19.66	18.96	30.54	0.00	0.00
LBC	133	31.44	19.96	18.56	30.04	0.00	0.00
LBC	134	30.99	20.46	18.91	29.64	0.00	0.00
LBC	135	31.89	18.21	19.36	30.54	0.00	0.00
LBC	136	31.59	20.51	18.56	29.34	0.00	0.00
LBC	137	31.74	19.81	18.21	30.24	0.00	0.00
LBC	138	31.64	20.71	18.61	29.04	0.00	0.00
LBC	139	32.34	19.71	20.21	27.74	0.00	0.00
LBC	140	30.24	20.01	18.26	31.49	0.00	0.00
LBC	141	29.44	21.51	18.41	30.64	0.00	0.00
LBC	142	29.89	20.96	19.61	29.54	0.00	0.00
LBC	143	29.19	20.76	20.16	29.89	0.00	0.00
LBC	144	31.64	20.61	18.21	29.54	0.00	0.00
LBC	145	31.44	19.56	18.66	30.34	0.00	0.00
LBC	146	30.04	20.26	18.66	31.04	0.00	0.00
LBC	147	29.64	20.41	18.81	31.14	0.00	0.00
LBC	148	29.84	18.86	19.31	31.99	0.00	0.00
LBC	149	30.94	19.11	18.91	31.04	0.00	0.00
LBC	150	31.19	20.41	18.36	30.04	0.00	0.00
# ACGT raw counters for last fragments. Use `grep ^LTC | cut -f 2-` to extract this part. The columns are: A,C,G,T,N base counters
LTC	91680	59893	56491	92536	0
# Insert sizes. Use `grep ^IS | cut -f 2-` to extract this part. The columns are: insert size, pairs total, inward oriented pairs, outward oriented pairs, other pairs
IS	0	0	0	0	0
IS	1	0	0	0	0
IS	2	0	0	0	0
IS	3	0	0	0	0
IS	4	0	0	0	0
IS	5	0	0	0	0
IS	6	0	0	0	0
IS	7	0	0	0	0
IS	8	0	0	0	0
IS	9	0	0	0	0
IS	10	0	0	0	0
IS	11	0	0	0	0
IS	12	0	0	0	0
IS	13	0	0	0	0
IS	14	0	0	0	0
IS	15	0	0	0	0
IS	16	0	0	0	0
IS	17	0	0	0	0
IS	18	0	0	0	0
IS	19	0	0	0	0
IS	20	0	0	0	0
IS	21	0	0	0	0
IS	22	0	0	0	0
IS	23	0	0	0	0
IS	24	0	0	0	0
IS	25	0	0	0	0
IS	26	0	0	0	0
IS	27	0	0	0	0
IS	28	0	0	0	0
IS	29	0	0	0	0
IS	30	0	0	0	0
IS	31	0	0	0	0
IS	32	0	0	0	0
IS	33	0	0	0	0
IS	34	0	0	0	0
IS	35	0	0	0	0
IS	36	0	0	0	0
IS	37	0	0	0	0
IS	38	0	0	0	0
IS	39	0	0	0	0
IS	40	0	0	0	0
IS	41	0	0	0	0
IS	42	0	0	0	0
IS	43	0	0	0	0
IS	44	0	0	0	0
IS	45	0	0	0	0
IS	46	0	0	0	0
IS	47	0	0	0	0
IS	48	0	0	0	0
IS	49	0	0	0	0
IS	50	0	0	0	0
IS	51	0	0	0	0
IS	52	0	0	0	0
IS	53	0	0	0	0
IS	54	0	0	0	0
IS	55	0	0	0	0
IS	56	0	0	0	0
IS	57	0	0	0	0
IS	58	0	0	0	0
IS	59	0	0	0	0
IS	60	0	0	0	0
IS	61	0	0	0	0
IS	62	0	0	0	0
IS	63	0	0	0	0
IS	64	0	0	0	0
IS	65	0	0	0	0
IS	66	0	0	0	0
IS	67	0	0	0	0
IS	68	0	0	0	0
IS	69	0	0	0	0
IS	70	0	0	0	0
IS	71	0	0	0	0
IS	72	0	0	0	0
IS	73	0	0	0	0
IS	74	0	0	0	0
IS	75	0	0	0	0
IS	76	0	0	0	0
IS	77	0	0	0	0
IS	78	0	0	0	0
IS	79	0	0	0	0
IS	80	0	0	0	0
IS	81	0	0	0	0
IS	82	0	0	0	0
IS	83	0	0	0	0
IS	84	0	0	0	0
IS	85	0	0	0	0
IS	86	0	0	0	0
IS	87	0	0	0	0
IS	88	0	0	0	0
IS	89	0	0	0	0
IS	90	0	0	0	0
IS	91	0	0	0	0
IS	92	0	0	0	0
IS	93	0	0	0	0
IS	94	0	0	0	0
IS	95	0	0	0	0
IS	96	0	0	0	0
IS	97	0	0	0	0
IS	98	0	0	0	0
IS	99	0	0	0	0
IS	100	0	0	0	0
IS	101	0	0	0	0
IS	102	0	0	0	0
IS	103	0	0	0	0
IS	104	0	0	0	0
IS	105	0	0	0	0
IS	106	0	0	0	0
IS	107	0	0	0	0
IS	108	0	0	0	0
IS	109	0	0	0	0
IS	110	0	0	0	0
IS	111	0	0	0	0
IS	112	0	0	0	0
IS	113	0	0	0	0
IS	114	0	0	0	0
IS	115	0	0	0	0
IS	116	0	0	0	0
IS	117	0	0	0	0
IS	118	0	0	0	0
IS	119	0	0	0	0
IS	120	0	0	0	0
IS	121	0	0	0	0
IS	122	0	0	0	0
IS	123	0	0	0	0
IS	124	0	0	0	0
IS	125	0	0	0	0
IS	126	0	0	0	0
IS	127	0	0	0	0
IS	128	0	0	0	0
IS	129	0	0	0	0
IS	130	0	0	0	0
IS	131	0	0	0	0
IS	132	0	0	0	0
IS	133	0	0	0	0
IS	134	0	0	0	0
IS	135	0	0	0	0
IS	136	0	0	0	0
IS	137	0	0	0	0
IS	138	0	0	0	0
IS	139	0	0	0	0
IS	140	0	0	0	0
IS	141	0	0	0	0
IS	142	0	0	0	0
IS	143	0	0	0	0
IS	144	0	0	0	0
IS	145	0	0	0	0
IS	146	0	0	0	0
IS	147	0	0	0	0
IS	148	0	0	0	0
IS	149	0	0	0	0
IS	150	0	0	0	0
IS	151	0	0	0	0
IS	152	0	0	0	0
IS	153	0	0	0	0
IS	154	0	0	0	0
IS	155	0	0	0	0
IS	156	0	0	0	0
IS	157	0	0	0	0
IS	158	0	0	0	0
IS	159	0	0	0	0
IS	160	0	0	0	0
IS	161	0	0	0	0
IS	162	0	0	0	0
IS	163	0	0	0	0
IS	164	0	0	0	0
IS	165	0	0	0	0
IS	166	0	0	0	0
IS	167	0	0	0	0
IS	168	0	0	0	0
IS	169	0	0	0	0
IS	170	0	0	0	0
IS	171	0	0	0	0
IS	172	0	0	0	0
IS	173	0	0	0	0
IS	174	0	0	0	0
IS	175	0	0	0	0
IS	176	0	0	0	0
IS	177	0	0	0	0
IS	178	0	0	0	0
IS	179	0	0	0	0
IS	180	0	0	0	0
IS	181	0	0	0	0
IS	182	0	0	0	0
IS	183	0	0	0	0
IS	184	0	0	0	0
IS	185	0	0	0	0
IS	186	0	0	0	0
IS	187	0	0	0	0
IS	188	0	0	0	0
IS	189	0	0	0	0
IS	190	0	0	0	0
IS	191	0	0	0	0
IS	192	0	0	0	0
IS	193	0	0	0	0
IS	194	0	0	0	0
IS	195	0	0	0	0
IS	196	0	0	0	0
IS	197	0	0	0	0
IS	198	0	0	0	0
IS	199	0	0	0	0
IS	200	0	0	0	0
IS	201	0	0	0	0
IS	202	0	0	0	0
IS	203	0	0	0	0
IS	204	0	0	0	0
IS	205	0	0	0	0
IS	206	0	0	0	0
IS	207	0	0	0	0
IS	208	0	0	0	0
IS	209	0	0	0	0
IS	210	0	0	0	0
IS	211	0	0	0	0
IS	212	0	0	0	0
IS	213	0	0	0	0
IS	214	0	0	0	0
IS	215	0	0	0	0
IS	216	0	0	0	0
IS	217	0	0	0	0
IS	218	0	0	0	0
IS	219	0	0	0	0
IS	220	0	0	0	0
IS	221	0	0	0	0
IS	222	0	0	0	0
IS	223	0	0	0	0
IS	224	0	0	0	0
IS	225	0	0	0	0
IS	226	0	0	0	0
IS	227	0	0	0	0
IS	228	0	0	0	0
IS	229	0	0	0	0
IS	230	0	0	0	0
IS	231	0	0	0	0
IS	232	0	0	0	0
IS	233	0	0	0	0
IS	234	0	0	0	0
IS	235	0	0	0	0
IS	236	0	0	0	0
IS	237	0	0	0	0
IS	238	0	0	0	0
IS	239	0	0	0	0
IS	240	0	0	0	0
IS	241	0	0	0	0
IS	242	0	0	0	0
IS	243	0	0	0	0
IS	244	0	0	0	0
IS	245	0	0	0	0
IS	246	0	0	0	0
IS	247	0	0	0	0
IS	248	0	0	0	0
IS	249	0	0	0	0
IS	250	0	0	0	0
IS	251	0	0	0	0
IS	252	0	0	0	0
IS	253	0	0	0	0
IS	254	0	0	0	0
IS	255	0	0	0	0
IS	256	0	0	0	0
IS	257	0	0	0	0
IS	258	0	0	0	0
IS	259	0	0	0	0
IS	260	0	0	0	0
IS	261	0	0	0	0
IS	262	0	0	0	0
IS	263	0	0	0	0
IS	264	0	0	0	0
IS	265	0	0	0	0
IS	266	0	0	0	0
IS	267	0	0	0	0
IS	268	0	0	0	0
IS	269	0	0	0	0
IS	270	0	0	0	0
IS	271	0	0	0	0
IS	272	0	0	0	0
IS	273	0	0	0	0
IS	274	0	0	0	0
IS	275	0	0	0	0
IS	276	0	0	0	0
IS	277	0	0	0	0
IS	278	0	0	0	0
IS	279	0	0	0	0
IS	280	0	0	0	0
IS	281	0	0	0	0
IS	282	0	0	0	0
IS	283	0	0	0	0
IS	284	0	0	0	0
IS	285	0	0	0	0
IS	286	0	0	0	0
IS	287	0	0	0	0
IS	288	0	0	0	0
IS	289	0	0	0	0
IS	290	0	0	0	0
IS	291	0	0	0	0
IS	292	0	0	0	0
IS	293	0	0	0	0
IS	294	0	0	0	0
IS	295	0	0	0	0
IS	296	0	0	0	0
IS	297	0	0	0	0
IS	298	0	0	0	0
IS	299	0	0	0	0
IS	300	0	0	0	0
IS	301	0	0	0	0
IS	302	0	0	0	0
IS	303	0	0	0	0
IS	304	0	0	0	0
IS	305	0	0	0	0
IS	306	0	0	0	0
IS	307	0	0	0	0
IS	308	0	0	0	0
IS	309	0	0	0	0
IS	310	0	0	0	0
IS	311	0	0	0	0
IS	312	0	0	0	0
IS	313	0	0	0	0
IS	314	0	0	0	0
IS	315	0	0	0	0
IS	316	0	0	0	0
IS	317	1	1	0	0
IS	318	0	0	0	0
IS	319	0	0	0	0
IS	320	0	0	0	0
IS	321	0	0	0	0
IS	322	0	0	0	0
IS	323	0	0	0	0
IS	324	0	0	0	0
IS	325	0	0	0	0
IS	326	0	0	0	0
IS	327	0	0	0	0
IS	328	0	0	0	0
IS	329	0	0	0	0
IS	330	0	0	0	0
IS	331	0	0	0	0
IS	332	0	0	0	0
IS	333	0	0	0	0
IS	334	1	1	0	0
IS	335	0	0	0	0
IS	336	0	0	0	0
IS	337	0	0	0	0
IS	338	0	0	0	0
IS	339	0	0	0	0
IS	340	0	0	0	0
IS	341	0	0	0	0
IS	342	0	0	0	0
IS	343	0	0	0	0
IS	344	1	1	0	0
IS	345	0	0	0	0
IS	346	0	0	0	0
IS	347	0	0	0	0
IS	348	0	0	0	0
IS	349	0	0	0	0
IS	350	0	0	0	0
IS	351	0	0	0	0
IS	352	0	0	0	0
IS	353	0	0	0	0
IS	354	0	0	0	0
IS	355	1	1	0	0
IS	356	0	0	0	0
IS	357	0	0	0	0
IS	358	0	0	0	0
IS	359	1	1	0	0
IS	360	0	0	0	0
IS	361	0	0	0	0
IS	362	0	0	0	0
IS	363	0	0	0	0
IS	364	0	0	0	0
IS	365	0	0	0	0
IS	366	0	0	0	0
IS	367	0	0	0	0
IS	368	2	2	0	0
IS	369	0	0	0	0
IS	370	2	2	0	0
IS	371	0	0	0	0
IS	372	1	1	0	0
IS	373	1	1	0	0
IS	374	0	0	0	0
IS	375	1	1	0	0
IS	376	1	1	0	0
IS	377	1	1	0	0
IS	378	0	0	0	0
IS	379	0	0	0	0
IS	380	2	2	0	0
IS	381	0	0	0	0
IS	382	1	1	0	0
IS	383	0	0	0	0
IS	384	1	1	0	0
IS	385	2	2	0	0
IS	386	2	2	0	0
IS	387	5	5	0	0
IS	388	1	1	0	0
IS	389	1	1	0	0
IS	390	0	0	0	0
IS	391	2	2	0	0
IS	392	1	1	0	0
IS	393	1	1	0	0
IS	394	1	1	0	0
IS	395	3	3	0	0
IS	396	5	5	0	0
IS	397	1	1	0	0
IS	398	2	2	0	0
IS	399	3	3	0	0
IS	400	3	3	0	0
IS	401	2	2	0	0
IS	402	1	1	0	0
IS	403	1	1	0	0
IS	404	4	4	0	0
IS	405	4	4	0	0
IS	406	3	3	0	0
IS	407	1	1	0	0
IS	408	6	6	0	0
IS	409	3	3	0	0
IS	410	3	3	0	0
IS	411	4	4	0	0
IS	412	1	1	0	0
IS	413	4	4	0	0
IS	414	6	6	0	0
IS	415	5	5	0	0
IS	416	3	3	0	0
IS	417	5	5	0	0
IS	418	6	6	0	0
IS	419	1	1	0	0
IS	420	3	3	0	0
IS	421	4	4	0	0
IS	422	4	4	0	0
IS	423	6	6	0	0
IS	424	3	3	0	0
IS	425	2	2	0	0
IS	426	5	5	0	0
IS	427	9	9	0	0
IS	428	9	9	0	0
IS	429	2	2	0	0
IS	430	3	3	0	0
IS	431	5	5	0	0
IS	432	11	11	0	0
IS	433	9	9	0	0
IS	434	7	7	0	0
IS	435	5	5	0	0
IS	436	7	7	0	0
IS	437	7	7	0	0
IS	438	10	10	0	0
IS	439	12	12	0	0
IS	440	9	9	0	0
IS	441	13	13	0	0
IS	442	8	8	0	0
IS	443	5	5	0	0
IS	444	12	12	0	0
IS	445	12	12	0	0
IS	446	10	10	0	0
IS	447	9	9	0	0
IS	448	12	12	0	0
IS	449	9	9	0	0
IS	450	9	9	0	0
IS	451	9	9	0	0
IS	452	13	13	0	0
IS	453	6	6	0	0
IS	454	6	6	0	0
IS	455	11	11	0	0
IS	456	9	9	0	0
IS	457	9	9	0	0
IS	458	9	9	0	0
IS	459	10	10	0	0
IS	460	11	11	0	0
IS	461	13	13	0	0
IS	462	10	10	0	0
IS	463	9	9	0	0
IS	464	14	14	0	0
IS	465	7	7	0	0
IS	466	9	9	0	0
IS	467	12	12	0	0
IS	468	20	20	0	0
IS	469	16	16	0	0
IS	470	8	8	0	0
IS	471	20	20	0	0
IS	472	16	16	0	0
IS	473	12	12	0	0
IS	474	19	19	0	0
IS	475	14	14	0	0
IS	476	14	14	0	0
IS	477	14	14	0	0
IS	478	14	14	0	0
IS	479	13	13	0	0
IS	480	15	15	0	0
IS	481	17	17	0	0
IS	482	17	17	0	0
IS	483	13	13	0	0
IS	484	10	10	0	0
IS	485	15	15	0	0
IS	486	21	21	0	0
IS	487	14	14	0	0
IS	488	22	22	0	0
IS	489	13	13	0	0
IS	490	18	18	0	0
IS	491	16	16	0	0
IS	492	18	18	0	0
IS	493	19	19	0	0
IS	494	12	12	0	0
IS	495	19	19	0	0
IS	496	24	24	0	0
IS	497	20	20	0	0
IS	498	12	12	0	0
IS	499	12	12	0	0
IS	500	18	18	0	0
IS	501	17	17	0	0
IS	502	16	16	0	0
IS	503	12	12	0	0
IS	504	24	24	0	0
IS	505	11	11	0	0
IS	506	25	25	0	0
IS	507	15	15	0	0
IS	508	18	18	0	0
IS	509	13	13	0	0
IS	510	18	18	0	0
IS	511	15	15	0	0
IS	512	12	12	0	0
IS	513	22	22	0	0
IS	514	20	20	0	0
IS	515	13	13	0	0
IS	516	17	17	0	0
IS	517	11	11	0	0
IS	518	19	19	0	0
IS	519	18	18	0	0
IS	520	11	11	0	0
IS	521	10	10	0	0
IS	522	14	14	0	0
IS	523	20	20	0	0
IS	524	11	11	0	0
IS	525	19	19	0	0
IS	526	11	11	0	0
IS	527	9	9	0	0
IS	528	19	19	0	0
IS	529	6	6	0	0
IS	530	15	15	0	0
IS	531	15	15	0	0
IS	532	9	9	0	0
IS	533	10	10	0	0
IS	534	8	8	0	0
IS	535	11	11	0	0
IS	536	7	7	0	0
IS	537	13	13	0	0
IS	538	14	14	0	0
IS	539	7	7	0	0
IS	540	8	8	0	0
IS	541	11	11	0	0
IS	542	13	13	0	0
IS	543	10	10	0	0
IS	544	15	15	0	0
IS	545	12	12	0	0
IS	546	10	10	0	0
IS	547	10	10	0	0
IS	548	9	9	0	0
IS	549	16	16	0	0
IS	550	10	10	0	0
IS	551	6	6	0	0
IS	552	8	8	0	0
IS	553	11	11	0	0
IS	554	9	9	0	0
IS	555	12	12	0	0
IS	556	5	5	0	0
IS	557	9	9	0	0
IS	558	4	4	0	0
IS	559	8	8	0	0
IS	560	9	9	0	0
IS	561	7	7	0	0
IS	562	8	8	0	0
IS	563	9	9	0	0
IS	564	10	10	0	0
IS	565	5	5	0	0
IS	566	7	7	0	0
IS	567	3	3	0	0
IS	568	7	7	0	0
IS	569	6	6	0	0
IS	570	4	4	0	0
IS	571	5	5	0	0
IS	572	4	4	0	0
IS	573	8	8	0	0
IS	574	2	2	0	0
IS	575	4	4	0	0
IS	576	5	5	0	0
IS	577	6	6	0	0
IS	578	10	10	0	0
IS	579	5	5	0	0
IS	580	2	2	0	0
IS	581	6	6	0	0
IS	582	6	6	0	0
IS	583	2	2	0	0
IS	584	6	6	0	0
IS	585	2	2	0	0
IS	586	5	5	0	0
IS	587	3	3	0	0
IS	588	1	1	0	0
IS	589	2	2	0	0
IS	590	3	3	0	0
IS	591	4	4	0	0
IS	592	2	2	0	0
IS	593	0	0	0	0
IS	594	3	3	0	0
IS	595	1	1	0	0
IS	596	1	1	0	0
IS	597	1	1	0	0
IS	598	2	2	0	0
IS	599	3	3	0	0
IS	600	3	3	0	0
IS	601	1	1	0	0
IS	602	1	1	0	0
IS	603	0	0	0	0
IS	604	1	1	0	0
IS	605	1	1	0	0
IS	606	0	0	0	0
IS	607	3	3	0	0
IS	608	0	0	0	0
IS	609	2	2	0	0
IS	610	1	1	0	0
IS	611	1	1	0	0
IS	612	0	0	0	0
IS	613	3	3	0	0
# Read lengths. Use `grep ^RL | cut -f 2-` to extract this part. The columns are: read length, count
RL	150	4008
# Read lengths - first fragments. Use `grep ^FRL | cut -f 2-` to extract this part. The columns are: read length, count
FRL	150	2004
# Read lengths - last fragments. Use `grep ^LRL | cut -f 2-` to extract this part. The columns are: read length, count
LRL	150	2004
# Mapping qualities for reads !(UNMAP|SECOND|SUPPL|QCFAIL|DUP). Use `grep ^MAPQ | cut -f 2-` to extract this part. The columns are: mapq, count
MAPQ	0	14
MAPQ	3	4
MAPQ	27	8
MAPQ	39	3
MAPQ	40	36
MAPQ	43	1
MAPQ	45	3
MAPQ	47	2
MAPQ	48	32
MAPQ	50	3
MAPQ	56	2
MAPQ	57	17
MAPQ	59	2
MAPQ	60	3881
# Indel distribution. Use `grep ^ID | cut -f 2-` to extract this part. The columns are: length, number of insertions, number of deletions
# Indels per cycle. Use `grep ^IC | cut -f 2-` to extract this part. The columns are: cycle, number of insertions (fwd), .. (rev) , number of deletions (fwd), .. (rev)
# Coverage distribution. Use `grep ^COV | cut -f 2-` to extract this part.
COV	[1-1]	1	5931
COV	[2-2]	2	10226
COV	[3-3]	3	15484
COV	[4-4]	4	18308
COV	[5-5]	5	18177
COV	[6-6]	6	16782
COV	[7-7]	7	11815
COV	[8-8]	8	8854
COV	[9-9]	9	6039
COV	[10-10]	10	3125
COV	[11-11]	11	1082
COV	[12-12]	12	684
COV	[13-13]	13	179
COV	[14-14]	14	91
COV	[15-15]	15	45
COV	[16-16]	16	2
# GC-depth. Use `grep ^GCD | cut -f 2-` to extract this part. The columns are: GC%, unique sequence percentiles, 10th, 25th, 50th, 75th and 90th depth percentile
GCD	0.0	15.385	0.000	0.000	0.000	0.000	0.000
GCD	36.0	23.077	2.505	2.505	2.505	2.505	2.505
GCD	38.0	53.846	2.505	2.505	2.505	2.505	2.505
GCD	39.0	84.615	2.505	2.505	2.505	2.505	2.505
GCD	40.0	92.308	2.505	2.505	2.505	2.505	2.505
GCD	46.0	100.000	2.505	2.505	2.505	2.505	2.505
