# This file was produced by samtools stats (1.20+htslib-1.21) and can be plotted using plot-bamstats
# This file contains statistics for all reads.
# The command line was:  stats sample3833.sorted.bam
# CHK, Checksum	[2]Read Names	[3]Sequences	[4]Qualities
# CHK, CRC32 of reads which passed filtering followed by addition (32bit overflow)
CHK	2c3f45fc	1cd2f7a3	f1f23d24
# Summary Numbers. Use `grep ^SN | cut -f 2-` to extract this part.
SN	raw total sequences:	4006	# excluding supplementary and secondary reads
SN	filtered sequences:	0
SN	sequences:	4006
SN	is sorted:	1
SN	1st fragments:	2003
SN	last fragments:	2003
SN	reads mapped:	4006
SN	reads mapped and paired:	4006	# paired-end technology bit set + both mates mapped
SN	reads unmapped:	0
SN	reads properly paired:	4006	# proper-pair bit set
SN	reads paired:	4006	# paired-end technology bit set
SN	reads duplicated:	0	# PCR or optical duplicate bit set
SN	reads MQ0:	20	# mapped and MQ=0
SN	reads QC failed:	0
SN	non-primary alignments:	0
SN	supplementary alignments:	0
SN	total length:	600900	# ignores clipping
SN	total first fragment length:	300450	# ignores clipping
SN	total last fragment length:	300450	# ignores clipping
SN	bases mapped:	600900	# ignores clipping
SN	bases mapped (cigar):	600900	# more accurate
SN	bases trimmed:	0
SN	bases duplicated:	0
SN	mismatches:	1076	# from NM fields
SN	error rate:	1.790647e-03	# mismatches / bases mapped (cigar)
SN	average length:	150
SN	average first fragment length:	150
SN	average last fragment length:	150
SN	maximum length:	150
SN	maximum first fragment length:	150
SN	maximum last fragment length:	150
SN	average quality:	30.0
SN	insert size average:	498.7
SN	insert size standard deviation:	49.0
SN	inward oriented pairs:	2003
SN	outward oriented pairs:	0
SN	pairs with other orientation:	0
SN	pairs on different chromosomes:	0
SN	percentage of properly paired reads (%):	100.0
# First Fragment Qualities. Use `grep ^FFQ | cut -f 2-` to extract this part.
# Columns correspond to qualities and rows to cycles. First column is the cycle number.
FFQ	1	0	0	0	0	0	0	0	0	0	0	0	0	0	0	0	0	0	0	0	0	0	0	0	0	0	0	0	0	0	0	2003	0
FFQ	2	0	0	0	0	0	0	0	0	0	0	0	0	0	0	0	0	0	0	0	0	0	0	0	0	0	0	0	0	0	0	2003	0
FFQ	3	0	0	0	0	0	0	0	0	0	0	0	0	0	0	0	0	0	0	0	0	0	0	0	0	0	0	0	0	0	0	2003	0
FFQ	4	0	0	0	0	0	0	0	0	0	0	0	0	0	0	0	0	0	0	0	0	0	0	0	0	0	0	0	0	0	0	2003	0
FFQ	5	0	0	0	0	0	0	0	0	0	0	0	0	0	0	0	0	0	0	0	0	0	0	0	0	0	0	0	0	0	0	2003	0
FFQ	6	0	0	0	0	0	0	0	0	0	0	0	0	0	0	0	0	0	0	0	0	0	0	0	0	0	0	0	0	0	0	2003	0
FFQ	7	0	0	0	0	0	0	0	0	0	0	0	0	0	0	0	0	0	0	0	0	0	0	0	0	0	0	0	0	0	0	2003	0
FFQ	8	0	0	0	0	0	0	0	0	0	0	0	0	0	0	0	0	0	0	0	0	0	0	0	0	0	0	0	0	0	0	2003	0
FFQ	9	0	0	0	0	0	0	0	0	0	0	0	0	0	0	0	0	0	0	0	0	0	0	0	0	0	0	0	0	0	0	2003	0
FFQ	10	0	0	0	0	0	0	0	0	0	0	0	0	0	0	0	0	0	0	0	0	0	0	0	0	0	0	0	0	0	0	2003	0
FFQ	11	0	0	0	0	0	0	0	0	0	0	0	0	0	0	0	0	0	0	0	0	0	0	0	0	0	0	0	0	0	0	2003	0
FFQ	12	0	0	0	0	0	0	0	0	0	0	0	0	0	0	0	0	0	0	0	0	0	0	0	0	0	0	0	0	0	0	2003	0
FFQ	13	0	0	0	0	0	0	0	0	0	0	0	0	0	0	0	0	0	0	0	0	0	0	0	0	0	0	0	0	0	0	2003	0
FFQ	14	0	0	0	0	0	0	0	0	0	0	0	0	0	0	0	0	0	0	0	0	0	0	0	0	0	0	0	0	0	0	2003	0
FFQ	15	0	0	0	0	0	0	0	0	0	0	0	0	0	0	0	0	0	0	0	0	0	0	0	0	0	0	0	0	0	0	2003	0
FFQ	16	0	0	0	0	0	0	0	0	0	0	0	0	0	0	0	0	0	0	0	0	0	0	0	0	0	0	0	0	0	0	2003	0
FFQ	17	0	0	0	0	0	0	0	0	0	0	0	0	0	0	0	0	0	0	0	0	0	0	0	0	0	0	0	0	0	0	2003	0
FFQ	18	0	0	0	0	0	0	0	0	0	0	0	0	0	0	0	0	0	0	0	0	0	0	0	0	0	0	0	0	0	0	2003	0
FFQ	19	0	0	0	0	0	0	0	0	0	0	0	0	0	0	0	0	0	0	0	0	0	0	0	0	0	0	0	0	0	0	2003	0
FFQ	20	0	0	0	0	0	0	0	0	0	0	0	0	0	0	0	0	0	0	0	0	0	0	0	0	0	0	0	0	0	0	2003	0
FFQ	21	0	0	0	0	0	0	0	0	0	0	0	0	0	0	0	0	0	0	0	0	0	0	0	0	0	0	0	0	0	0	2003	0
FFQ	22	0	0	0	0	0	0	0	0	0	0	0	0	0	0	0	0	0	0	0	0	0	0	0	0	0	0	0	0	0	0	2003	0
FFQ	23	0	0	0	0	0	0	0	0	0	0	0	0	0	0	0	0	0	0	0	0	0	0	0	0	0	0	0	0	0	0	2003	0
FFQ	24	0	0	0	0	0	0	0	0	0	0	0	0	0	0	0	0	0	0	0	0	0	0	0	0	0	0	0	0	0	0	2003	0
FFQ	25	0	0	0	0	0	0	0	0	0	0	0	0	0	0	0	0	0	0	0	0	0	0	0	0	0	0	0	0	0	0	2003	0
FFQ	26	0	0	0	0	0	0	0	0	0	0	0	0	0	0	0	0	0	0	0	0	0	0	0	0	0	0	0	0	0	0	2003	0
FFQ	27	0	0	0	0	0	0	0	0	0	0	0	0	0	0	0	0	0	0	0	0	0	0	0	0	0	0	0	0	0	0	2003	0
FFQ	28	0	0	0	0	0	0	0	0	0	0	0	0	0	0	0	0	0	0	0	0	0	0	0	0	0	0	0	0	0	0	2003	0
FFQ	29	0	0	0	0	0	0	0	0	0	0	0	0	0	0	0	0	0	0	0	0	0	0	0	0	0	0	0	0	0	0	2003	0
FFQ	30	0	0	0	0	0	0	0	0	0	0	0	0	0	0	0	0	0	0	0	0	0	0	0	0	0	0	0	0	0	0	2003	0
FFQ	31	0	0	0	0	0	0	0	0	0	0	0	0	0	0	0	0	0	0	0	0	0	0	0	0	0	0	0	0	0	0	2003	0
FFQ	32	0	0	0	0	0	0	0	0	0	0	0	0	0	0	0	0	0	0	0	0	0	0	0	0	0	0	0	0	0	0	2003	0
FFQ	33	0	0	0	0	0	0	0	0	0	0	0	0	0	0	0	0	0	0	0	0	0	0	0	0	0	0	0	0	0	0	2003	0
FFQ	34	0	0	0	0	0	0	0	0	0	0	0	0	0	0	0	0	0	0	0	0	0	0	0	0	0	0	0	0	0	0	2003	0
FFQ	35	0	0	0	0	0	0	0	0	0	0	0	0	0	0	0	0	0	0	0	0	0	0	0	0	0	0	0	0	0	0	2003	0
FFQ	36	0	0	0	0	0	0	0	0	0	0	0	0	0	0	0	0	0	0	0	0	0	0	0	0	0	0	0	0	0	0	2003	0
FFQ	37	0	0	0	0	0	0	0	0	0	0	0	0	0	0	0	0	0	0	0	0	0	0	0	0	0	0	0	0	0	0	2003	0
FFQ	38	0	0	0	0	0	0	0	0	0	0	0	0	0	0	0	0	0	0	0	0	0	0	0	0	0	0	0	0	0	0	2003	0
FFQ	39	0	0	0	0	0	0	0	0	0	0	0	0	0	0	0	0	0	0	0	0	0	0	0	0	0	0	0	0	0	0	2003	0
FFQ	40	0	0	0	0	0	0	0	0	0	0	0	0	0	0	0	0	0	0	0	0	0	0	0	0	0	0	0	0	0	0	2003	0
FFQ	41	0	0	0	0	0	0	0	0	0	0	0	0	0	0	0	0	0	0	0	0	0	0	0	0	0	0	0	0	0	0	2003	0
FFQ	42	0	0	0	0	0	0	0	0	0	0	0	0	0	0	0	0	0	0	0	0	0	0	0	0	0	0	0	0	0	0	2003	0
FFQ	43	0	0	0	0	0	0	0	0	0	0	0	0	0	0	0	0	0	0	0	0	0	0	0	0	0	0	0	0	0	0	2003	0
FFQ	44	0	0	0	0	0	0	0	0	0	0	0	0	0	0	0	0	0	0	0	0	0	0	0	0	0	0	0	0	0	0	2003	0
FFQ	45	0	0	0	0	0	0	0	0	0	0	0	0	0	0	0	0	0	0	0	0	0	0	0	0	0	0	0	0	0	0	2003	0
FFQ	46	0	0	0	0	0	0	0	0	0	0	0	0	0	0	0	0	0	0	0	0	0	0	0	0	0	0	0	0	0	0	2003	0
FFQ	47	0	0	0	0	0	0	0	0	0	0	0	0	0	0	0	0	0	0	0	0	0	0	0	0	0	0	0	0	0	0	2003	0
FFQ	48	0	0	0	0	0	0	0	0	0	0	0	0	0	0	0	0	0	0	0	0	0	0	0	0	0	0	0	0	0	0	2003	0
FFQ	49	0	0	0	0	0	0	0	0	0	0	0	0	0	0	0	0	0	0	0	0	0	0	0	0	0	0	0	0	0	0	2003	0
FFQ	50	0	0	0	0	0	0	0	0	0	0	0	0	0	0	0	0	0	0	0	0	0	0	0	0	0	0	0	0	0	0	2003	0
FFQ	51	0	0	0	0	0	0	0	0	0	0	0	0	0	0	0	0	0	0	0	0	0	0	0	0	0	0	0	0	0	0	2003	0
FFQ	52	0	0	0	0	0	0	0	0	0	0	0	0	0	0	0	0	0	0	0	0	0	0	0	0	0	0	0	0	0	0	2003	0
FFQ	53	0	0	0	0	0	0	0	0	0	0	0	0	0	0	0	0	0	0	0	0	0	0	0	0	0	0	0	0	0	0	2003	0
FFQ	54	0	0	0	0	0	0	0	0	0	0	0	0	0	0	0	0	0	0	0	0	0	0	0	0	0	0	0	0	0	0	2003	0
FFQ	55	0	0	0	0	0	0	0	0	0	0	0	0	0	0	0	0	0	0	0	0	0	0	0	0	0	0	0	0	0	0	2003	0
FFQ	56	0	0	0	0	0	0	0	0	0	0	0	0	0	0	0	0	0	0	0	0	0	0	0	0	0	0	0	0	0	0	2003	0
FFQ	57	0	0	0	0	0	0	0	0	0	0	0	0	0	0	0	0	0	0	0	0	0	0	0	0	0	0	0	0	0	0	2003	0
FFQ	58	0	0	0	0	0	0	0	0	0	0	0	0	0	0	0	0	0	0	0	0	0	0	0	0	0	0	0	0	0	0	2003	0
FFQ	59	0	0	0	0	0	0	0	0	0	0	0	0	0	0	0	0	0	0	0	0	0	0	0	0	0	0	0	0	0	0	2003	0
FFQ	60	0	0	0	0	0	0	0	0	0	0	0	0	0	0	0	0	0	0	0	0	0	0	0	0	0	0	0	0	0	0	2003	0
FFQ	61	0	0	0	0	0	0	0	0	0	0	0	0	0	0	0	0	0	0	0	0	0	0	0	0	0	0	0	0	0	0	2003	0
FFQ	62	0	0	0	0	0	0	0	0	0	0	0	0	0	0	0	0	0	0	0	0	0	0	0	0	0	0	0	0	0	0	2003	0
FFQ	63	0	0	0	0	0	0	0	0	0	0	0	0	0	0	0	0	0	0	0	0	0	0	0	0	0	0	0	0	0	0	2003	0
FFQ	64	0	0	0	0	0	0	0	0	0	0	0	0	0	0	0	0	0	0	0	0	0	0	0	0	0	0	0	0	0	0	2003	0
FFQ	65	0	0	0	0	0	0	0	0	0	0	0	0	0	0	0	0	0	0	0	0	0	0	0	0	0	0	0	0	0	0	2003	0
FFQ	66	0	0	0	0	0	0	0	0	0	0	0	0	0	0	0	0	0	0	0	0	0	0	0	0	0	0	0	0	0	0	2003	0
FFQ	67	0	0	0	0	0	0	0	0	0	0	0	0	0	0	0	0	0	0	0	0	0	0	0	0	0	0	0	0	0	0	2003	0
FFQ	68	0	0	0	0	0	0	0	0	0	0	0	0	0	0	0	0	0	0	0	0	0	0	0	0	0	0	0	0	0	0	2003	0
FFQ	69	0	0	0	0	0	0	0	0	0	0	0	0	0	0	0	0	0	0	0	0	0	0	0	0	0	0	0	0	0	0	2003	0
FFQ	70	0	0	0	0	0	0	0	0	0	0	0	0	0	0	0	0	0	0	0	0	0	0	0	0	0	0	0	0	0	0	2003	0
FFQ	71	0	0	0	0	0	0	0	0	0	0	0	0	0	0	0	0	0	0	0	0	0	0	0	0	0	0	0	0	0	0	2003	0
FFQ	72	0	0	0	0	0	0	0	0	0	0	0	0	0	0	0	0	0	0	0	0	0	0	0	0	0	0	0	0	0	0	2003	0
FFQ	73	0	0	0	0	0	0	0	0	0	0	0	0	0	0	0	0	0	0	0	0	0	0	0	0	0	0	0	0	0	0	2003	0
FFQ	74	0	0	0	0	0	0	0	0	0	0	0	0	0	0	0	0	0	0	0	0	0	0	0	0	0	0	0	0	0	0	2003	0
FFQ	75	0	0	0	0	0	0	0	0	0	0	0	0	0	0	0	0	0	0	0	0	0	0	0	0	0	0	0	0	0	0	2003	0
FFQ	76	0	0	0	0	0	0	0	0	0	0	0	0	0	0	0	0	0	0	0	0	0	0	0	0	0	0	0	0	0	0	2003	0
FFQ	77	0	0	0	0	0	0	0	0	0	0	0	0	0	0	0	0	0	0	0	0	0	0	0	0	0	0	0	0	0	0	2003	0
FFQ	78	0	0	0	0	0	0	0	0	0	0	0	0	0	0	0	0	0	0	0	0	0	0	0	0	0	0	0	0	0	0	2003	0
FFQ	79	0	0	0	0	0	0	0	0	0	0	0	0	0	0	0	0	0	0	0	0	0	0	0	0	0	0	0	0	0	0	2003	0
FFQ	80	0	0	0	0	0	0	0	0	0	0	0	0	0	0	0	0	0	0	0	0	0	0	0	0	0	0	0	0	0	0	2003	0
FFQ	81	0	0	0	0	0	0	0	0	0	0	0	0	0	0	0	0	0	0	0	0	0	0	0	0	0	0	0	0	0	0	2003	0
FFQ	82	0	0	0	0	0	0	0	0	0	0	0	0	0	0	0	0	0	0	0	0	0	0	0	0	0	0	0	0	0	0	2003	0
FFQ	83	0	0	0	0	0	0	0	0	0	0	0	0	0	0	0	0	0	0	0	0	0	0	0	0	0	0	0	0	0	0	2003	0
FFQ	84	0	0	0	0	0	0	0	0	0	0	0	0	0	0	0	0	0	0	0	0	0	0	0	0	0	0	0	0	0	0	2003	0
FFQ	85	0	0	0	0	0	0	0	0	0	0	0	0	0	0	0	0	0	0	0	0	0	0	0	0	0	0	0	0	0	0	2003	0
FFQ	86	0	0	0	0	0	0	0	0	0	0	0	0	0	0	0	0	0	0	0	0	0	0	0	0	0	0	0	0	0	0	2003	0
FFQ	87	0	0	0	0	0	0	0	0	0	0	0	0	0	0	0	0	0	0	0	0	0	0	0	0	0	0	0	0	0	0	2003	0
FFQ	88	0	0	0	0	0	0	0	0	0	0	0	0	0	0	0	0	0	0	0	0	0	0	0	0	0	0	0	0	0	0	2003	0
FFQ	89	0	0	0	0	0	0	0	0	0	0	0	0	0	0	0	0	0	0	0	0	0	0	0	0	0	0	0	0	0	0	2003	0
FFQ	90	0	0	0	0	0	0	0	0	0	0	0	0	0	0	0	0	0	0	0	0	0	0	0	0	0	0	0	0	0	0	2003	0
FFQ	91	0	0	0	0	0	0	0	0	0	0	0	0	0	0	0	0	0	0	0	0	0	0	0	0	0	0	0	0	0	0	2003	0
FFQ	92	0	0	0	0	0	0	0	0	0	0	0	0	0	0	0	0	0	0	0	0	0	0	0	0	0	0	0	0	0	0	2003	0
FFQ	93	0	0	0	0	0	0	0	0	0	0	0	0	0	0	0	0	0	0	0	0	0	0	0	0	0	0	0	0	0	0	2003	0
FFQ	94	0	0	0	0	0	0	0	0	0	0	0	0	0	0	0	0	0	0	0	0	0	0	0	0	0	0	0	0	0	0	2003	0
FFQ	95	0	0	0	0	0	0	0	0	0	0	0	0	0	0	0	0	0	0	0	0	0	0	0	0	0	0	0	0	0	0	2003	0
FFQ	96	0	0	0	0	0	0	0	0	0	0	0	0	0	0	0	0	0	0	0	0	0	0	0	0	0	0	0	0	0	0	2003	0
FFQ	97	0	0	0	0	0	0	0	0	0	0	0	0	0	0	0	0	0	0	0	0	0	0	0	0	0	0	0	0	0	0	2003	0
FFQ	98	0	0	0	0	0	0	0	0	0	0	0	0	0	0	0	0	0	0	0	0	0	0	0	0	0	0	0	0	0	0	2003	0
FFQ	99	0	0	0	0	0	0	0	0	0	0	0	0	0	0	0	0	0	0	0	0	0	0	0	0	0	0	0	0	0	0	2003	0
FFQ	100	0	0	0	0	0	0	0	0	0	0	0	0	0	0	0	0	0	0	0	0	0	0	0	0	0	0	0	0	0	0	2003	0
FFQ	101	0	0	0	0	0	0	0	0	0	0	0	0	0	0	0	0	0	0	0	0	0	0	0	0	0	0	0	0	0	0	2003	0
FFQ	102	0	0	0	0	0	0	0	0	0	0	0	0	0	0	0	0	0	0	0	0	0	0	0	0	0	0	0	0	0	0	2003	0
FFQ	103	0	0	0	0	0	0	0	0	0	0	0	0	0	0	0	0	0	0	0	0	0	0	0	0	0	0	0	0	0	0	2003	0
FFQ	104	0	0	0	0	0	0	0	0	0	0	0	0	0	0	0	0	0	0	0	0	0	0	0	0	0	0	0	0	0	0	2003	0
FFQ	105	0	0	0	0	0	0	0	0	0	0	0	0	0	0	0	0	0	0	0	0	0	0	0	0	0	0	0	0	0	0	2003	0
FFQ	106	0	0	0	0	0	0	0	0	0	0	0	0	0	0	0	0	0	0	0	0	0	0	0	0	0	0	0	0	0	0	2003	0
FFQ	107	0	0	0	0	0	0	0	0	0	0	0	0	0	0	0	0	0	0	0	0	0	0	0	0	0	0	0	0	0	0	2003	0
FFQ	108	0	0	0	0	0	0	0	0	0	0	0	0	0	0	0	0	0	0	0	0	0	0	0	0	0	0	0	0	0	0	2003	0
FFQ	109	0	0	0	0	0	0	0	0	0	0	0	0	0	0	0	0	0	0	0	0	0	0	0	0	0	0	0	0	0	0	2003	0
FFQ	110	0	0	0	0	0	0	0	0	0	0	0	0	0	0	0	0	0	0	0	0	0	0	0	0	0	0	0	0	0	0	2003	0
FFQ	111	0	0	0	0	0	0	0	0	0	0	0	0	0	0	0	0	0	0	0	0	0	0	0	0	0	0	0	0	0	0	2003	0
FFQ	112	0	0	0	0	0	0	0	0	0	0	0	0	0	0	0	0	0	0	0	0	0	0	0	0	0	0	0	0	0	0	2003	0
FFQ	113	0	0	0	0	0	0	0	0	0	0	0	0	0	0	0	0	0	0	0	0	0	0	0	0	0	0	0	0	0	0	2003	0
FFQ	114	0	0	0	0	0	0	0	0	0	0	0	0	0	0	0	0	0	0	0	0	0	0	0	0	0	0	0	0	0	0	2003	0
FFQ	115	0	0	0	0	0	0	0	0	0	0	0	0	0	0	0	0	0	0	0	0	0	0	0	0	0	0	0	0	0	0	2003	0
FFQ	116	0	0	0	0	0	0	0	0	0	0	0	0	0	0	0	0	0	0	0	0	0	0	0	0	0	0	0	0	0	0	2003	0
FFQ	117	0	0	0	0	0	0	0	0	0	0	0	0	0	0	0	0	0	0	0	0	0	0	0	0	0	0	0	0	0	0	2003	0
FFQ	118	0	0	0	0	0	0	0	0	0	0	0	0	0	0	0	0	0	0	0	0	0	0	0	0	0	0	0	0	0	0	2003	0
FFQ	119	0	0	0	0	0	0	0	0	0	0	0	0	0	0	0	0	0	0	0	0	0	0	0	0	0	0	0	0	0	0	2003	0
FFQ	120	0	0	0	0	0	0	0	0	0	0	0	0	0	0	0	0	0	0	0	0	0	0	0	0	0	0	0	0	0	0	2003	0
FFQ	121	0	0	0	0	0	0	0	0	0	0	0	0	0	0	0	0	0	0	0	0	0	0	0	0	0	0	0	0	0	0	2003	0
FFQ	122	0	0	0	0	0	0	0	0	0	0	0	0	0	0	0	0	0	0	0	0	0	0	0	0	0	0	0	0	0	0	2003	0
FFQ	123	0	0	0	0	0	0	0	0	0	0	0	0	0	0	0	0	0	0	0	0	0	0	0	0	0	0	0	0	0	0	2003	0
FFQ	124	0	0	0	0	0	0	0	0	0	0	0	0	0	0	0	0	0	0	0	0	0	0	0	0	0	0	0	0	0	0	2003	0
FFQ	125	0	0	0	0	0	0	0	0	0	0	0	0	0	0	0	0	0	0	0	0	0	0	0	0	0	0	0	0	0	0	2003	0
FFQ	126	0	0	0	0	0	0	0	0	0	0	0	0	0	0	0	0	0	0	0	0	0	0	0	0	0	0	0	0	0	0	2003	0
FFQ	127	0	0	0	0	0	0	0	0	0	0	0	0	0	0	0	0	0	0	0	0	0	0	0	0	0	0	0	0	0	0	2003	0
FFQ	128	0	0	0	0	0	0	0	0	0	0	0	0	0	0	0	0	0	0	0	0	0	0	0	0	0	0	0	0	0	0	2003	0
FFQ	129	0	0	0	0	0	0	0	0	0	0	0	0	0	0	0	0	0	0	0	0	0	0	0	0	0	0	0	0	0	0	2003	0
FFQ	130	0	0	0	0	0	0	0	0	0	0	0	0	0	0	0	0	0	0	0	0	0	0	0	0	0	0	0	0	0	0	2003	0
FFQ	131	0	0	0	0	0	0	0	0	0	0	0	0	0	0	0	0	0	0	0	0	0	0	0	0	0	0	0	0	0	0	2003	0
FFQ	132	0	0	0	0	0	0	0	0	0	0	0	0	0	0	0	0	0	0	0	0	0	0	0	0	0	0	0	0	0	0	2003	0
FFQ	133	0	0	0	0	0	0	0	0	0	0	0	0	0	0	0	0	0	0	0	0	0	0	0	0	0	0	0	0	0	0	2003	0
FFQ	134	0	0	0	0	0	0	0	0	0	0	0	0	0	0	0	0	0	0	0	0	0	0	0	0	0	0	0	0	0	0	2003	0
FFQ	135	0	0	0	0	0	0	0	0	0	0	0	0	0	0	0	0	0	0	0	0	0	0	0	0	0	0	0	0	0	0	2003	0
FFQ	136	0	0	0	0	0	0	0	0	0	0	0	0	0	0	0	0	0	0	0	0	0	0	0	0	0	0	0	0	0	0	2003	0
FFQ	137	0	0	0	0	0	0	0	0	0	0	0	0	0	0	0	0	0	0	0	0	0	0	0	0	0	0	0	0	0	0	2003	0
FFQ	138	0	0	0	0	0	0	0	0	0	0	0	0	0	0	0	0	0	0	0	0	0	0	0	0	0	0	0	0	0	0	2003	0
FFQ	139	0	0	0	0	0	0	0	0	0	0	0	0	0	0	0	0	0	0	0	0	0	0	0	0	0	0	0	0	0	0	2003	0
FFQ	140	0	0	0	0	0	0	0	0	0	0	0	0	0	0	0	0	0	0	0	0	0	0	0	0	0	0	0	0	0	0	2003	0
FFQ	141	0	0	0	0	0	0	0	0	0	0	0	0	0	0	0	0	0	0	0	0	0	0	0	0	0	0	0	0	0	0	2003	0
FFQ	142	0	0	0	0	0	0	0	0	0	0	0	0	0	0	0	0	0	0	0	0	0	0	0	0	0	0	0	0	0	0	2003	0
FFQ	143	0	0	0	0	0	0	0	0	0	0	0	0	0	0	0	0	0	0	0	0	0	0	0	0	0	0	0	0	0	0	2003	0
FFQ	144	0	0	0	0	0	0	0	0	0	0	0	0	0	0	0	0	0	0	0	0	0	0	0	0	0	0	0	0	0	0	2003	0
FFQ	145	0	0	0	0	0	0	0	0	0	0	0	0	0	0	0	0	0	0	0	0	0	0	0	0	0	0	0	0	0	0	2003	0
FFQ	146	0	0	0	0	0	0	0	0	0	0	0	0	0	0	0	0	0	0	0	0	0	0	0	0	0	0	0	0	0	0	2003	0
FFQ	147	0	0	0	0	0	0	0	0	0	0	0	0	0	0	0	0	0	0	0	0	0	0	0	0	0	0	0	0	0	0	2003	0
FFQ	148	0	0	0	0	0	0	0	0	0	0	0	0	0	0	0	0	0	0	0	0	0	0	0	0	0	0	0	0	0	0	2003	0
FFQ	149	0	0	0	0	0	0	0	0	0	0	0	0	0	0	0	0	0	0	0	0	0	0	0	0	0	0	0	0	0	0	2003	0
FFQ	150	0	0	0	0	0	0	0	0	0	0	0	0	0	0	0	0	0	0	0	0	0	0	0	0	0	0	0	0	0	0	2003	0
# Last Fragment Qualities. Use `grep ^LFQ | cut -f 2-` to extract this part.
# Columns correspond to qualities and rows to cycles. First column is the cycle number.
LFQ	1	0	0	0	0	0	0	0	0	0	0	0	0	0	0	0	0	0	0	0	0	0	0	0	0	0	0	0	0	0	0	2003	0
LFQ	2	0	0	0	0	0	0	0	0	0	0	0	0	0	0	0	0	0	0	0	0	0	0	0	0	0	0	0	0	0	0	2003	0
LFQ	3	0	0	0	0	0	0	0	0	0	0	0	0	0	0	0	0	0	0	0	0	0	0	0	0	0	0	0	0	0	0	2003	0
LFQ	4	0	0	0	0	0	0	0	0	0	0	0	0	0	0	0	0	0	0	0	0	0	0	0	0	0	0	0	0	0	0	2003	0
LFQ	5	0	0	0	0	0	0	0	0	0	0	0	0	0	0	0	0	0	0	0	0	0	0	0	0	0	0	0	0	0	0	2003	0
LFQ	6	0	0	0	0	0	0	0	0	0	0	0	0	0	0	0	0	0	0	0	0	0	0	0	0	0	0	0	0	0	0	2003	0
LFQ	7	0	0	0	0	0	0	0	0	0	0	0	0	0	0	0	0	0	0	0	0	0	0	0	0	0	0	0	0	0	0	2003	0
LFQ	8	0	0	0	0	0	0	0	0	0	0	0	0	0	0	0	0	0	0	0	0	0	0	0	0	0	0	0	0	0	0	2003	0
LFQ	9	0	0	0	0	0	0	0	0	0	0	0	0	0	0	0	0	0	0	0	0	0	0	0	0	0	0	0	0	0	0	2003	0
LFQ	10	0	0	0	0	0	0	0	0	0	0	0	0	0	0	0	0	0	0	0	0	0	0	0	0	0	0	0	0	0	0	2003	0
LFQ	11	0	0	0	0	0	0	0	0	0	0	0	0	0	0	0	0	0	0	0	0	0	0	0	0	0	0	0	0	0	0	2003	0
LFQ	12	0	0	0	0	0	0	0	0	0	0	0	0	0	0	0	0	0	0	0	0	0	0	0	0	0	0	0	0	0	0	2003	0
LFQ	13	0	0	0	0	0	0	0	0	0	0	0	0	0	0	0	0	0	0	0	0	0	0	0	0	0	0	0	0	0	0	2003	0
LFQ	14	0	0	0	0	0	0	0	0	0	0	0	0	0	0	0	0	0	0	0	0	0	0	0	0	0	0	0	0	0	0	2003	0
LFQ	15	0	0	0	0	0	0	0	0	0	0	0	0	0	0	0	0	0	0	0	0	0	0	0	0	0	0	0	0	0	0	2003	0
LFQ	16	0	0	0	0	0	0	0	0	0	0	0	0	0	0	0	0	0	0	0	0	0	0	0	0	0	0	0	0	0	0	2003	0
LFQ	17	0	0	0	0	0	0	0	0	0	0	0	0	0	0	0	0	0	0	0	0	0	0	0	0	0	0	0	0	0	0	2003	0
LFQ	18	0	0	0	0	0	0	0	0	0	0	0	0	0	0	0	0	0	0	0	0	0	0	0	0	0	0	0	0	0	0	2003	0
LFQ	19	0	0	0	0	0	0	0	0	0	0	0	0	0	0	0	0	0	0	0	0	0	0	0	0	0	0	0	0	0	0	2003	0
LFQ	20	0	0	0	0	0	0	0	0	0	0	0	0	0	0	0	0	0	0	0	0	0	0	0	0	0	0	0	0	0	0	2003	0
LFQ	21	0	0	0	0	0	0	0	0	0	0	0	0	0	0	0	0	0	0	0	0	0	0	0	0	0	0	0	0	0	0	2003	0
LFQ	22	0	0	0	0	0	0	0	0	0	0	0	0	0	0	0	0	0	0	0	0	0	0	0	0	0	0	0	0	0	0	2003	0
LFQ	23	0	0	0	0	0	0	0	0	0	0	0	0	0	0	0	0	0	0	0	0	0	0	0	0	0	0	0	0	0	0	2003	0
LFQ	24	0	0	0	0	0	0	0	0	0	0	0	0	0	0	0	0	0	0	0	0	0	0	0	0	0	0	0	0	0	0	2003	0
LFQ	25	0	0	0	0	0	0	0	0	0	0	0	0	0	0	0	0	0	0	0	0	0	0	0	0	0	0	0	0	0	0	2003	0
LFQ	26	0	0	0	0	0	0	0	0	0	0	0	0	0	0	0	0	0	0	0	0	0	0	0	0	0	0	0	0	0	0	2003	0
LFQ	27	0	0	0	0	0	0	0	0	0	0	0	0	0	0	0	0	0	0	0	0	0	0	0	0	0	0	0	0	0	0	2003	0
LFQ	28	0	0	0	0	0	0	0	0	0	0	0	0	0	0	0	0	0	0	0	0	0	0	0	0	0	0	0	0	0	0	2003	0
LFQ	29	0	0	0	0	0	0	0	0	0	0	0	0	0	0	0	0	0	0	0	0	0	0	0	0	0	0	0	0	0	0	2003	0
LFQ	30	0	0	0	0	0	0	0	0	0	0	0	0	0	0	0	0	0	0	0	0	0	0	0	0	0	0	0	0	0	0	2003	0
LFQ	31	0	0	0	0	0	0	0	0	0	0	0	0	0	0	0	0	0	0	0	0	0	0	0	0	0	0	0	0	0	0	2003	0
LFQ	32	0	0	0	0	0	0	0	0	0	0	0	0	0	0	0	0	0	0	0	0	0	0	0	0	0	0	0	0	0	0	2003	0
LFQ	33	0	0	0	0	0	0	0	0	0	0	0	0	0	0	0	0	0	0	0	0	0	0	0	0	0	0	0	0	0	0	2003	0
LFQ	34	0	0	0	0	0	0	0	0	0	0	0	0	0	0	0	0	0	0	0	0	0	0	0	0	0	0	0	0	0	0	2003	0
LFQ	35	0	0	0	0	0	0	0	0	0	0	0	0	0	0	0	0	0	0	0	0	0	0	0	0	0	0	0	0	0	0	2003	0
LFQ	36	0	0	0	0	0	0	0	0	0	0	0	0	0	0	0	0	0	0	0	0	0	0	0	0	0	0	0	0	0	0	2003	0
LFQ	37	0	0	0	0	0	0	0	0	0	0	0	0	0	0	0	0	0	0	0	0	0	0	0	0	0	0	0	0	0	0	2003	0
LFQ	38	0	0	0	0	0	0	0	0	0	0	0	0	0	0	0	0	0	0	0	0	0	0	0	0	0	0	0	0	0	0	2003	0
LFQ	39	0	0	0	0	0	0	0	0	0	0	0	0	0	0	0	0	0	0	0	0	0	0	0	0	0	0	0	0	0	0	2003	0
LFQ	40	0	0	0	0	0	0	0	0	0	0	0	0	0	0	0	0	0	0	0	0	0	0	0	0	0	0	0	0	0	0	2003	0
LFQ	41	0	0	0	0	0	0	0	0	0	0	0	0	0	0	0	0	0	0	0	0	0	0	0	0	0	0	0	0	0	0	2003	0
LFQ	42	0	0	0	0	0	0	0	0	0	0	0	0	0	0	0	0	0	0	0	0	0	0	0	0	0	0	0	0	0	0	2003	0
LFQ	43	0	0	0	0	0	0	0	0	0	0	0	0	0	0	0	0	0	0	0	0	0	0	0	0	0	0	0	0	0	0	2003	0
LFQ	44	0	0	0	0	0	0	0	0	0	0	0	0	0	0	0	0	0	0	0	0	0	0	0	0	0	0	0	0	0	0	2003	0
LFQ	45	0	0	0	0	0	0	0	0	0	0	0	0	0	0	0	0	0	0	0	0	0	0	0	0	0	0	0	0	0	0	2003	0
LFQ	46	0	0	0	0	0	0	0	0	0	0	0	0	0	0	0	0	0	0	0	0	0	0	0	0	0	0	0	0	0	0	2003	0
LFQ	47	0	0	0	0	0	0	0	0	0	0	0	0	0	0	0	0	0	0	0	0	0	0	0	0	0	0	0	0	0	0	2003	0
LFQ	48	0	0	0	0	0	0	0	0	0	0	0	0	0	0	0	0	0	0	0	0	0	0	0	0	0	0	0	0	0	0	2003	0
LFQ	49	0	0	0	0	0	0	0	0	0	0	0	0	0	0	0	0	0	0	0	0	0	0	0	0	0	0	0	0	0	0	2003	0
LFQ	50	0	0	0	0	0	0	0	0	0	0	0	0	0	0	0	0	0	0	0	0	0	0	0	0	0	0	0	0	0	0	2003	0
LFQ	51	0	0	0	0	0	0	0	0	0	0	0	0	0	0	0	0	0	0	0	0	0	0	0	0	0	0	0	0	0	0	2003	0
LFQ	52	0	0	0	0	0	0	0	0	0	0	0	0	0	0	0	0	0	0	0	0	0	0	0	0	0	0	0	0	0	0	2003	0
LFQ	53	0	0	0	0	0	0	0	0	0	0	0	0	0	0	0	0	0	0	0	0	0	0	0	0	0	0	0	0	0	0	2003	0
LFQ	54	0	0	0	0	0	0	0	0	0	0	0	0	0	0	0	0	0	0	0	0	0	0	0	0	0	0	0	0	0	0	2003	0
LFQ	55	0	0	0	0	0	0	0	0	0	0	0	0	0	0	0	0	0	0	0	0	0	0	0	0	0	0	0	0	0	0	2003	0
LFQ	56	0	0	0	0	0	0	0	0	0	0	0	0	0	0	0	0	0	0	0	0	0	0	0	0	0	0	0	0	0	0	2003	0
LFQ	57	0	0	0	0	0	0	0	0	0	0	0	0	0	0	0	0	0	0	0	0	0	0	0	0	0	0	0	0	0	0	2003	0
LFQ	58	0	0	0	0	0	0	0	0	0	0	0	0	0	0	0	0	0	0	0	0	0	0	0	0	0	0	0	0	0	0	2003	0
LFQ	59	0	0	0	0	0	0	0	0	0	0	0	0	0	0	0	0	0	0	0	0	0	0	0	0	0	0	0	0	0	0	2003	0
LFQ	60	0	0	0	0	0	0	0	0	0	0	0	0	0	0	0	0	0	0	0	0	0	0	0	0	0	0	0	0	0	0	2003	0
LFQ	61	0	0	0	0	0	0	0	0	0	0	0	0	0	0	0	0	0	0	0	0	0	0	0	0	0	0	0	0	0	0	2003	0
LFQ	62	0	0	0	0	0	0	0	0	0	0	0	0	0	0	0	0	0	0	0	0	0	0	0	0	0	0	0	0	0	0	2003	0
LFQ	63	0	0	0	0	0	0	0	0	0	0	0	0	0	0	0	0	0	0	0	0	0	0	0	0	0	0	0	0	0	0	2003	0
LFQ	64	0	0	0	0	0	0	0	0	0	0	0	0	0	0	0	0	0	0	0	0	0	0	0	0	0	0	0	0	0	0	2003	0
LFQ	65	0	0	0	0	0	0	0	0	0	0	0	0	0	0	0	0	0	0	0	0	0	0	0	0	0	0	0	0	0	0	2003	0
LFQ	66	0	0	0	0	0	0	0	0	0	0	0	0	0	0	0	0	0	0	0	0	0	0	0	0	0	0	0	0	0	0	2003	0
LFQ	67	0	0	0	0	0	0	0	0	0	0	0	0	0	0	0	0	0	0	0	0	0	0	0	0	0	0	0	0	0	0	2003	0
LFQ	68	0	0	0	0	0	0	0	0	0	0	0	0	0	0	0	0	0	0	0	0	0	0	0	0	0	0	0	0	0	0	2003	0
LFQ	69	0	0	0	0	0	0	0	0	0	0	0	0	0	0	0	0	0	0	0	0	0	0	0	0	0	0	0	0	0	0	2003	0
LFQ	70	0	0	0	0	0	0	0	0	0	0	0	0	0	0	0	0	0	0	0	0	0	0	0	0	0	0	0	0	0	0	2003	0
LFQ	71	0	0	0	0	0	0	0	0	0	0	0	0	0	0	0	0	0	0	0	0	0	0	0	0	0	0	0	0	0	0	2003	0
LFQ	72	0	0	0	0	0	0	0	0	0	0	0	0	0	0	0	0	0	0	0	0	0	0	0	0	0	0	0	0	0	0	2003	0
LFQ	73	0	0	0	0	0	0	0	0	0	0	0	0	0	0	0	0	0	0	0	0	0	0	0	0	0	0	0	0	0	0	2003	0
LFQ	74	0	0	0	0	0	0	0	0	0	0	0	0	0	0	0	0	0	0	0	0	0	0	0	0	0	0	0	0	0	0	2003	0
LFQ	75	0	0	0	0	0	0	0	0	0	0	0	0	0	0	0	0	0	0	0	0	0	0	0	0	0	0	0	0	0	0	2003	0
LFQ	76	0	0	0	0	0	0	0	0	0	0	0	0	0	0	0	0	0	0	0	0	0	0	0	0	0	0	0	0	0	0	2003	0
LFQ	77	0	0	0	0	0	0	0	0	0	0	0	0	0	0	0	0	0	0	0	0	0	0	0	0	0	0	0	0	0	0	2003	0
LFQ	78	0	0	0	0	0	0	0	0	0	0	0	0	0	0	0	0	0	0	0	0	0	0	0	0	0	0	0	0	0	0	2003	0
LFQ	79	0	0	0	0	0	0	0	0	0	0	0	0	0	0	0	0	0	0	0	0	0	0	0	0	0	0	0	0	0	0	2003	0
LFQ	80	0	0	0	0	0	0	0	0	0	0	0	0	0	0	0	0	0	0	0	0	0	0	0	0	0	0	0	0	0	0	2003	0
LFQ	81	0	0	0	0	0	0	0	0	0	0	0	0	0	0	0	0	0	0	0	0	0	0	0	0	0	0	0	0	0	0	2003	0
LFQ	82	0	0	0	0	0	0	0	0	0	0	0	0	0	0	0	0	0	0	0	0	0	0	0	0	0	0	0	0	0	0	2003	0
LFQ	83	0	0	0	0	0	0	0	0	0	0	0	0	0	0	0	0	0	0	0	0	0	0	0	0	0	0	0	0	0	0	2003	0
LFQ	84	0	0	0	0	0	0	0	0	0	0	0	0	0	0	0	0	0	0	0	0	0	0	0	0	0	0	0	0	0	0	2003	0
LFQ	85	0	0	0	0	0	0	0	0	0	0	0	0	0	0	0	0	0	0	0	0	0	0	0	0	0	0	0	0	0	0	2003	0
LFQ	86	0	0	0	0	0	0	0	0	0	0	0	0	0	0	0	0	0	0	0	0	0	0	0	0	0	0	0	0	0	0	2003	0
LFQ	87	0	0	0	0	0	0	0	0	0	0	0	0	0	0	0	0	0	0	0	0	0	0	0	0	0	0	0	0	0	0	2003	0
LFQ	88	0	0	0	0	0	0	0	0	0	0	0	0	0	0	0	0	0	0	0	0	0	0	0	0	0	0	0	0	0	0	2003	0
LFQ	89	0	0	0	0	0	0	0	0	0	0	0	0	0	0	0	0	0	0	0	0	0	0	0	0	0	0	0	0	0	0	2003	0
LFQ	90	0	0	0	0	0	0	0	0	0	0	0	0	0	0	0	0	0	0	0	0	0	0	0	0	0	0	0	0	0	0	2003	0
LFQ	91	0	0	0	0	0	0	0	0	0	0	0	0	0	0	0	0	0	0	0	0	0	0	0	0	0	0	0	0	0	0	2003	0
LFQ	92	0	0	0	0	0	0	0	0	0	0	0	0	0	0	0	0	0	0	0	0	0	0	0	0	0	0	0	0	0	0	2003	0
LFQ	93	0	0	0	0	0	0	0	0	0	0	0	0	0	0	0	0	0	0	0	0	0	0	0	0	0	0	0	0	0	0	2003	0
LFQ	94	0	0	0	0	0	0	0	0	0	0	0	0	0	0	0	0	0	0	0	0	0	0	0	0	0	0	0	0	0	0	2003	0
LFQ	95	0	0	0	0	0	0	0	0	0	0	0	0	0	0	0	0	0	0	0	0	0	0	0	0	0	0	0	0	0	0	2003	0
LFQ	96	0	0	0	0	0	0	0	0	0	0	0	0	0	0	0	0	0	0	0	0	0	0	0	0	0	0	0	0	0	0	2003	0
LFQ	97	0	0	0	0	0	0	0	0	0	0	0	0	0	0	0	0	0	0	0	0	0	0	0	0	0	0	0	0	0	0	2003	0
LFQ	98	0	0	0	0	0	0	0	0	0	0	0	0	0	0	0	0	0	0	0	0	0	0	0	0	0	0	0	0	0	0	2003	0
LFQ	99	0	0	0	0	0	0	0	0	0	0	0	0	0	0	0	0	0	0	0	0	0	0	0	0	0	0	0	0	0	0	2003	0
LFQ	100	0	0	0	0	0	0	0	0	0	0	0	0	0	0	0	0	0	0	0	0	0	0	0	0	0	0	0	0	0	0	2003	0
LFQ	101	0	0	0	0	0	0	0	0	0	0	0	0	0	0	0	0	0	0	0	0	0	0	0	0	0	0	0	0	0	0	2003	0
LFQ	102	0	0	0	0	0	0	0	0	0	0	0	0	0	0	0	0	0	0	0	0	0	0	0	0	0	0	0	0	0	0	2003	0
LFQ	103	0	0	0	0	0	0	0	0	0	0	0	0	0	0	0	0	0	0	0	0	0	0	0	0	0	0	0	0	0	0	2003	0
LFQ	104	0	0	0	0	0	0	0	0	0	0	0	0	0	0	0	0	0	0	0	0	0	0	0	0	0	0	0	0	0	0	2003	0
LFQ	105	0	0	0	0	0	0	0	0	0	0	0	0	0	0	0	0	0	0	0	0	0	0	0	0	0	0	0	0	0	0	2003	0
LFQ	106	0	0	0	0	0	0	0	0	0	0	0	0	0	0	0	0	0	0	0	0	0	0	0	0	0	0	0	0	0	0	2003	0
LFQ	107	0	0	0	0	0	0	0	0	0	0	0	0	0	0	0	0	0	0	0	0	0	0	0	0	0	0	0	0	0	0	2003	0
LFQ	108	0	0	0	0	0	0	0	0	0	0	0	0	0	0	0	0	0	0	0	0	0	0	0	0	0	0	0	0	0	0	2003	0
LFQ	109	0	0	0	0	0	0	0	0	0	0	0	0	0	0	0	0	0	0	0	0	0	0	0	0	0	0	0	0	0	0	2003	0
LFQ	110	0	0	0	0	0	0	0	0	0	0	0	0	0	0	0	0	0	0	0	0	0	0	0	0	0	0	0	0	0	0	2003	0
LFQ	111	0	0	0	0	0	0	0	0	0	0	0	0	0	0	0	0	0	0	0	0	0	0	0	0	0	0	0	0	0	0	2003	0
LFQ	112	0	0	0	0	0	0	0	0	0	0	0	0	0	0	0	0	0	0	0	0	0	0	0	0	0	0	0	0	0	0	2003	0
LFQ	113	0	0	0	0	0	0	0	0	0	0	0	0	0	0	0	0	0	0	0	0	0	0	0	0	0	0	0	0	0	0	2003	0
LFQ	114	0	0	0	0	0	0	0	0	0	0	0	0	0	0	0	0	0	0	0	0	0	0	0	0	0	0	0	0	0	0	2003	0
LFQ	115	0	0	0	0	0	0	0	0	0	0	0	0	0	0	0	0	0	0	0	0	0	0	0	0	0	0	0	0	0	0	2003	0
LFQ	116	0	0	0	0	0	0	0	0	0	0	0	0	0	0	0	0	0	0	0	0	0	0	0	0	0	0	0	0	0	0	2003	0
LFQ	117	0	0	0	0	0	0	0	0	0	0	0	0	0	0	0	0	0	0	0	0	0	0	0	0	0	0	0	0	0	0	2003	0
LFQ	118	0	0	0	0	0	0	0	0	0	0	0	0	0	0	0	0	0	0	0	0	0	0	0	0	0	0	0	0	0	0	2003	0
LFQ	119	0	0	0	0	0	0	0	0	0	0	0	0	0	0	0	0	0	0	0	0	0	0	0	0	0	0	0	0	0	0	2003	0
LFQ	120	0	0	0	0	0	0	0	0	0	0	0	0	0	0	0	0	0	0	0	0	0	0	0	0	0	0	0	0	0	0	2003	0
LFQ	121	0	0	0	0	0	0	0	0	0	0	0	0	0	0	0	0	0	0	0	0	0	0	0	0	0	0	0	0	0	0	2003	0
LFQ	122	0	0	0	0	0	0	0	0	0	0	0	0	0	0	0	0	0	0	0	0	0	0	0	0	0	0	0	0	0	0	2003	0
LFQ	123	0	0	0	0	0	0	0	0	0	0	0	0	0	0	0	0	0	0	0	0	0	0	0	0	0	0	0	0	0	0	2003	0
LFQ	124	0	0	0	0	0	0	0	0	0	0	0	0	0	0	0	0	0	0	0	0	0	0	0	0	0	0	0	0	0	0	2003	0
LFQ	125	0	0	0	0	0	0	0	0	0	0	0	0	0	0	0	0	0	0	0	0	0	0	0	0	0	0	0	0	0	0	2003	0
LFQ	126	0	0	0	0	0	0	0	0	0	0	0	0	0	0	0	0	0	0	0	0	0	0	0	0	0	0	0	0	0	0	2003	0
LFQ	127	0	0	0	0	0	0	0	0	0	0	0	0	0	0	0	0	0	0	0	0	0	0	0	0	0	0	0	0	0	0	2003	0
LFQ	128	0	0	0	0	0	0	0	0	0	0	0	0	0	0	0	0	0	0	0	0	0	0	0	0	0	0	0	0	0	0	2003	0
LFQ	129	0	0	0	0	0	0	0	0	0	0	0	0	0	0	0	0	0	0	0	0	0	0	0	0	0	0	0	0	0	0	2003	0
LFQ	130	0	0	0	0	0	0	0	0	0	0	0	0	0	0	0	0	0	0	0	0	0	0	0	0	0	0	0	0	0	0	2003	0
LFQ	131	0	0	0	0	0	0	0	0	0	0	0	0	0	0	0	0	0	0	0	0	0	0	0	0	0	0	0	0	0	0	2003	0
LFQ	132	0	0	0	0	0	0	0	0	0	0	0	0	0	0	0	0	0	0	0	0	0	0	0	0	0	0	0	0	0	0	2003	0
LFQ	133	0	0	0	0	0	0	0	0	0	0	0	0	0	0	0	0	0	0	0	0	0	0	0	0	0	0	0	0	0	0	2003	0
LFQ	134	0	0	0	0	0	0	0	0	0	0	0	0	0	0	0	0	0	0	0	0	0	0	0	0	0	0	0	0	0	0	2003	0
LFQ	135	0	0	0	0	0	0	0	0	0	0	0	0	0	0	0	0	0	0	0	0	0	0	0	0	0	0	0	0	0	0	2003	0
LFQ	136	0	0	0	0	0	0	0	0	0	0	0	0	0	0	0	0	0	0	0	0	0	0	0	0	0	0	0	0	0	0	2003	0
LFQ	137	0	0	0	0	0	0	0	0	0	0	0	0	0	0	0	0	0	0	0	0	0	0	0	0	0	0	0	0	0	0	2003	0
LFQ	138	0	0	0	0	0	0	0	0	0	0	0	0	0	0	0	0	0	0	0	0	0	0	0	0	0	0	0	0	0	0	2003	0
LFQ	139	0	0	0	0	0	0	0	0	0	0	0	0	0	0	0	0	0	0	0	0	0	0	0	0	0	0	0	0	0	0	2003	0
LFQ	140	0	0	0	0	0	0	0	0	0	0	0	0	0	0	0	0	0	0	0	0	0	0	0	0	0	0	0	0	0	0	2003	0
LFQ	141	0	0	0	0	0	0	0	0	0	0	0	0	0	0	0	0	0	0	0	0	0	0	0	0	0	0	0	0	0	0	2003	0
LFQ	142	0	0	0	0	0	0	0	0	0	0	0	0	0	0	0	0	0	0	0	0	0	0	0	0	0	0	0	0	0	0	2003	0
LFQ	143	0	0	0	0	0	0	0	0	0	0	0	0	0	0	0	0	0	0	0	0	0	0	0	0	0	0	0	0	0	0	2003	0
LFQ	144	0	0	0	0	0	0	0	0	0	0	0	0	0	0	0	0	0	0	0	0	0	0	0	0	0	0	0	0	0	0	2003	0
LFQ	145	0	0	0	0	0	0	0	0	0	0	0	0	0	0	0	0	0	0	0	0	0	0	0	0	0	0	0	0	0	0	2003	0
LFQ	146	0	0	0	0	0	0	0	0	0	0	0	0	0	0	0	0	0	0	0	0	0	0	0	0	0	0	0	0	0	0	2003	0
LFQ	147	0	0	0	0	0	0	0	0	0	0	0	0	0	0	0	0	0	0	0	0	0	0	0	0	0	0	0	0	0	0	2003	0
LFQ	148	0	0	0	0	0	0	0	0	0	0	0	0	0	0	0	0	0	0	0	0	0	0	0	0	0	0	0	0	0	0	2003	0
LFQ	149	0	0	0	0	0	0	0	0	0	0	0	0	0	0	0	0	0	0	0	0	0	0	0	0	0	0	0	0	0	0	2003	0
LFQ	150	0	0	0	0	0	0	0	0	0	0	0	0	0	0	0	0	0	0	0	0	0	0	0	0	0	0	0	0	0	0	2003	0
# GC Content of first fragments. Use `grep ^GCF | cut -f 2-` to extract this part.
GCF	3.77	0
GCF	8.04	1
GCF	8.79	0
GCF	9.80	1
GCF	12.81	0
GCF	15.83	1
GCF	17.09	0
GCF	18.09	4
GCF	18.84	0
GCF	19.35	1
GCF	20.10	2
GCF	20.85	1
GCF	21.36	6
GCF	22.11	5
GCF	22.86	3
GCF	23.37	4
GCF	24.12	11
GCF	24.87	14
GCF	25.38	11
GCF	26.13	9
GCF	26.88	19
GCF	27.39	26
GCF	28.14	19
GCF	29.15	31
GCF	30.15	34
GCF	30.90	38
GCF	31.41	50
GCF	32.16	57
GCF	32.91	47
GCF	33.42	68
GCF	33.92	61
GCF	34.67	60
GCF	35.43	87
GCF	35.93	72
GCF	36.68	76
GCF	37.44	86
GCF	37.94	68
GCF	38.69	72
GCF	39.45	68
GCF	39.95	76
GCF	40.70	70
GCF	41.46	72
GCF	41.96	60
GCF	42.71	59
GCF	43.47	43
GCF	43.97	49
GCF	44.72	50
GCF	45.48	48
GCF	45.98	42
GCF	46.73	45
GCF	47.49	42
GCF	47.99	34
GCF	48.74	17
GCF	49.50	18
GCF	50.00	12
GCF	50.75	13
GCF	51.51	17
GCF	52.01	9
GCF	52.76	17
GCF	53.52	7
GCF	54.02	5
GCF	54.77	4
GCF	55.53	8
GCF	56.03	5
GCF	56.78	3
GCF	57.54	6
GCF	58.04	5
GCF	58.79	3
GCF	59.55	2
GCF	60.05	6
GCF	60.80	1
GCF	61.56	0
GCF	62.06	1
GCF	62.81	0
GCF	63.57	2
GCF	64.07	1
GCF	65.33	0
GCF	66.58	1
GCF	67.34	2
GCF	68.34	1
# GC Content of last fragments. Use `grep ^GCL | cut -f 2-` to extract this part.
GCL	3.27	0
GCL	7.04	1
GCL	8.04	0
GCL	8.79	1
GCL	12.81	0
GCL	16.83	1
GCL	18.09	0
GCL	19.35	5
GCL	20.10	1
GCL	20.85	3
GCL	21.36	1
GCL	22.11	2
GCL	22.86	3
GCL	23.37	5
GCL	24.12	9
GCL	24.87	12
GCL	25.38	9
GCL	26.13	11
GCL	26.88	13
GCL	27.39	24
GCL	28.14	29
GCL	29.15	32
GCL	30.40	40
GCL	31.41	43
GCL	32.16	38
GCL	32.91	61
GCL	33.67	68
GCL	34.67	76
GCL	35.43	81
GCL	35.93	75
GCL	36.68	74
GCL	37.44	78
GCL	37.94	67
GCL	38.69	56
GCL	39.70	63
GCL	40.70	66
GCL	41.46	59
GCL	41.96	57
GCL	42.71	52
GCL	43.47	55
GCL	43.97	47
GCL	44.72	54
GCL	45.48	55
GCL	45.98	36
GCL	46.73	42
GCL	47.49	48
GCL	47.99	35
GCL	48.74	23
GCL	49.50	22
GCL	50.00	24
GCL	51.01	20
GCL	52.01	12
GCL	52.76	14
GCL	53.52	13
GCL	54.02	11
GCL	54.77	7
GCL	55.78	5
GCL	56.78	4
GCL	57.54	7
GCL	58.04	1
GCL	58.79	3
GCL	59.55	6
GCL	60.05	4
GCL	60.80	0
GCL	61.56	4
GCL	62.56	1
GCL	63.57	0
GCL	64.07	1
GCL	64.82	0
GCL	65.83	1
GCL	66.58	0
GCL	67.34	1
# ACGT content per cycle. Use `grep ^GCC | cut -f 2-` to extract this part. The columns are: cycle; A,C,G,T base counts as a percentage of all A/C/G/T bases [%]; and N and O counts as a percentage of all A/C/G/T bases [%]
GCC	1	30.18	20.27	17.85	31.70	0.00	0.00
GCC	2	31.13	20.24	18.27	30.35	0.00	0.00
GCC	3	30.93	20.84	18.75	29.48	0.00	0.00
GCC	4	30.45	19.45	19.12	30.98	0.00	0.00
GCC	5	29.38	21.07	17.92	31.63	0.00	0.00
GCC	6	30.60	18.10	19.35	31.95	0.00	0.00
GCC	7	31.08	18.87	18.77	31.28	0.00	0.00
GCC	8	30.28	20.67	18.85	30.20	0.00	0.00
GCC	9	30.30	19.25	18.27	32.18	0.00	0.00
GCC	10	31.95	19.97	17.17	30.90	0.00	0.00
GCC	11	31.15	19.45	18.80	30.60	0.00	0.00
GCC	12	30.90	19.17	18.30	31.63	0.00	0.00
GCC	13	31.13	19.80	18.72	30.35	0.00	0.00
GCC	14	30.88	18.57	20.00	30.55	0.00	0.00
GCC	15	29.11	20.84	19.50	30.55	0.00	0.00
GCC	16	30.23	20.47	18.62	30.68	0.00	0.00
GCC	17	30.00	21.67	18.90	29.43	0.00	0.00
GCC	18	31.30	19.60	18.67	30.43	0.00	0.00
GCC	19	30.83	19.50	19.00	30.68	0.00	0.00
GCC	20	32.03	19.55	18.80	29.63	0.00	0.00
GCC	21	29.56	20.32	20.07	30.05	0.00	0.00
GCC	22	30.28	20.02	18.35	31.35	0.00	0.00
GCC	23	32.08	20.02	19.05	28.86	0.00	0.00
GCC	24	31.20	20.09	19.05	29.66	0.00	0.00
GCC	25	32.28	19.12	18.40	30.20	0.00	0.00
GCC	26	29.83	21.09	18.72	30.35	0.00	0.00
GCC	27	29.68	20.27	19.40	30.65	0.00	0.00
GCC	28	30.93	20.32	18.50	30.25	0.00	0.00
GCC	29	29.91	20.94	18.30	30.85	0.00	0.00
GCC	30	29.31	20.37	19.20	31.13	0.00	0.00
GCC	31	30.00	20.49	18.45	31.05	0.00	0.00
GCC	32	30.60	19.30	18.72	31.38	0.00	0.00
GCC	33	30.73	19.60	18.62	31.05	0.00	0.00
GCC	34	30.03	20.62	18.90	30.45	0.00	0.00
GCC	35	30.23	19.20	19.32	31.25	0.00	0.00
GCC	36	30.60	20.37	18.52	30.50	0.00	0.00
GCC	37	30.58	19.37	18.55	31.50	0.00	0.00
GCC	38	30.35	20.62	18.02	31.00	0.00	0.00
GCC	39	30.03	19.55	18.72	31.70	0.00	0.00
GCC	40	30.70	19.22	18.37	31.70	0.00	0.00
GCC	41	30.55	20.47	18.55	30.43	0.00	0.00
GCC	42	30.33	20.52	19.12	30.03	0.00	0.00
GCC	43	30.68	19.85	18.45	31.03	0.00	0.00
GCC	44	30.63	19.85	18.17	31.35	0.00	0.00
GCC	45	31.43	19.82	19.47	29.28	0.00	0.00
GCC	46	30.65	18.62	18.67	32.05	0.00	0.00
GCC	47	31.63	19.15	18.50	30.73	0.00	0.00
GCC	48	29.63	20.37	18.55	31.45	0.00	0.00
GCC	49	31.83	20.14	16.92	31.10	0.00	0.00
GCC	50	30.48	20.32	18.92	30.28	0.00	0.00
GCC	51	31.33	19.60	19.22	29.86	0.00	0.00
GCC	52	30.60	20.54	19.05	29.81	0.00	0.00
GCC	53	31.18	19.02	19.97	29.83	0.00	0.00
GCC	54	29.83	21.04	18.07	31.05	0.00	0.00
GCC	55	31.05	20.37	19.32	29.26	0.00	0.00
GCC	56	31.23	19.92	19.10	29.76	0.00	0.00
GCC	57	31.70	19.15	18.30	30.85	0.00	0.00
GCC	58	31.45	20.02	17.60	30.93	0.00	0.00
GCC	59	29.86	20.12	18.77	31.25	0.00	0.00
GCC	60	30.60	20.62	18.50	30.28	0.00	0.00
GCC	61	29.56	19.52	18.60	32.33	0.00	0.00
GCC	62	30.85	20.07	18.80	30.28	0.00	0.00
GCC	63	31.90	20.74	18.12	29.23	0.00	0.00
GCC	64	29.43	20.09	19.35	31.13	0.00	0.00
GCC	65	30.18	21.04	18.80	29.98	0.00	0.00
GCC	66	32.23	19.80	18.55	29.43	0.00	0.00
GCC	67	31.08	20.54	19.12	29.26	0.00	0.00
GCC	68	29.78	20.02	19.17	31.03	0.00	0.00
GCC	69	29.21	21.24	18.12	31.43	0.00	0.00
GCC	70	30.93	20.04	17.97	31.05	0.00	0.00
GCC	71	30.28	20.89	18.95	29.88	0.00	0.00
GCC	72	30.90	19.72	19.37	30.00	0.00	0.00
GCC	73	30.38	19.85	18.65	31.13	0.00	0.00
GCC	74	31.35	19.27	18.55	30.83	0.00	0.00
GCC	75	30.15	19.57	20.07	30.20	0.00	0.00
GCC	76	29.56	19.92	19.77	30.75	0.00	0.00
GCC	77	31.60	19.32	19.40	29.68	0.00	0.00
GCC	78	29.91	20.32	18.15	31.63	0.00	0.00
GCC	79	30.63	19.75	18.37	31.25	0.00	0.00
GCC	80	29.76	20.42	20.34	29.48	0.00	0.00
GCC	81	30.38	20.19	19.62	29.81	0.00	0.00
GCC	82	30.40	20.07	18.50	31.03	0.00	0.00
GCC	83	31.48	18.67	19.70	30.15	0.00	0.00
GCC	84	30.70	19.47	19.02	30.80	0.00	0.00
GCC	85	29.78	20.32	18.85	31.05	0.00	0.00
GCC	86	30.98	20.54	18.35	30.13	0.00	0.00
GCC	87	30.70	18.97	18.82	31.50	0.00	0.00
GCC	88	30.28	19.30	20.44	29.98	0.00	0.00
GCC	89	30.58	20.12	18.75	30.55	0.00	0.00
GCC	90	30.13	19.50	19.17	31.20	0.00	0.00
GCC	91	32.00	19.82	18.47	29.71	0.00	0.00
GCC	92	29.86	21.07	18.57	30.50	0.00	0.00
GCC	93	30.08	19.77	19.95	30.20	0.00	0.00
GCC	94	30.63	20.47	18.57	30.33	0.00	0.00
GCC	95	30.80	21.09	17.65	30.45	0.00	0.00
GCC	96	30.75	20.39	19.60	29.26	0.00	0.00
GCC	97	30.45	19.52	18.87	31.15	0.00	0.00
GCC	98	30.45	19.95	18.65	30.95	0.00	0.00
GCC	99	31.63	18.90	19.27	30.20	0.00	0.00
GCC	100	30.38	19.27	19.62	30.73	0.00	0.00
GCC	101	30.68	20.04	18.70	30.58	0.00	0.00
GCC	102	30.53	19.35	18.95	31.18	0.00	0.00
GCC	103	30.10	19.27	19.02	31.60	0.00	0.00
GCC	104	30.63	19.72	20.72	28.93	0.00	0.00
GCC	105	32.05	18.85	17.75	31.35	0.00	0.00
GCC	106	30.75	20.97	18.15	30.13	0.00	0.00
GCC	107	30.03	20.84	19.02	30.10	0.00	0.00
GCC	108	32.05	19.37	17.95	30.63	0.00	0.00
GCC	109	30.90	20.39	18.30	30.40	0.00	0.00
GCC	110	30.35	19.90	19.22	30.53	0.00	0.00
GCC	111	30.00	19.87	18.65	31.48	0.00	0.00
GCC	112	29.93	20.02	19.37	30.68	0.00	0.00
GCC	113	29.41	21.07	18.85	30.68	0.00	0.00
GCC	114	31.05	19.77	18.45	30.73	0.00	0.00
GCC	115	29.91	19.30	18.85	31.95	0.00	0.00
GCC	116	31.43	20.07	18.25	30.25	0.00	0.00
GCC	117	32.43	19.87	18.52	29.18	0.00	0.00
GCC	118	31.65	19.90	18.72	29.73	0.00	0.00
GCC	119	30.45	19.57	19.85	30.13	0.00	0.00
GCC	120	31.58	19.22	19.25	29.96	0.00	0.00
GCC	121	31.28	19.80	18.75	30.18	0.00	0.00
GCC	122	29.63	20.19	18.40	31.78	0.00	0.00
GCC	123	29.61	20.74	19.52	30.13	0.00	0.00
GCC	124	29.41	20.82	19.00	30.78	0.00	0.00
GCC	125	29.11	21.02	19.35	30.53	0.00	0.00
GCC	126	30.10	19.95	18.25	31.70	0.00	0.00
GCC	127	30.10	19.70	19.42	30.78	0.00	0.00
GCC	128	29.48	18.82	19.42	32.28	0.00	0.00
GCC	129	29.76	20.24	19.40	30.60	0.00	0.00
GCC	130	30.18	19.27	18.62	31.93	0.00	0.00
GCC	131	31.65	19.92	17.75	30.68	0.00	0.00
GCC	132	32.03	18.87	18.85	30.25	0.00	0.00
GCC	133	30.75	19.35	19.00	30.90	0.00	0.00
GCC	134	31.63	19.70	18.15	30.53	0.00	0.00
GCC	135	30.20	20.00	19.97	29.83	0.00	0.00
GCC	136	30.75	19.50	18.90	30.85	0.00	0.00
GCC	137	31.95	19.87	18.72	29.46	0.00	0.00
GCC	138	29.46	20.67	19.30	30.58	0.00	0.00
GCC	139	29.66	19.50	19.85	31.00	0.00	0.00
GCC	140	30.33	19.75	19.10	30.83	0.00	0.00
GCC	141	31.00	20.44	18.57	29.98	0.00	0.00
GCC	142	29.13	20.44	18.77	31.65	0.00	0.00
GCC	143	31.25	19.45	18.97	30.33	0.00	0.00
GCC	144	30.85	20.14	19.00	30.00	0.00	0.00
GCC	145	30.50	20.19	19.27	30.03	0.00	0.00
GCC	146	31.58	20.77	17.80	29.86	0.00	0.00
GCC	147	29.73	20.19	19.50	30.58	0.00	0.00
GCC	148	30.25	19.27	19.62	30.85	0.00	0.00
GCC	149	31.58	19.37	19.32	29.73	0.00	0.00
GCC	150	29.93	20.74	19.40	29.93	0.00	0.00
# ACGT content per cycle, read oriented. Use `grep ^GCT | cut -f 2-` to extract this part. The columns are: cycle; A,C,G,T base counts as a percentage of all A/C/G/T bases [%]
GCT	1	31.10	18.77	19.35	30.78
GCT	2	29.71	18.55	19.97	31.78
GCT	3	31.13	19.37	20.22	29.28
GCT	4	31.28	18.75	19.82	30.15
GCT	5	30.80	19.47	19.52	30.20
GCT	6	29.66	18.72	18.72	32.90
GCT	7	31.33	18.15	19.50	31.03
GCT	8	30.08	19.90	19.62	30.40
GCT	9	32.00	18.47	19.05	30.48
GCT	10	31.88	18.22	18.92	30.98
GCT	11	31.50	19.12	19.12	30.25
GCT	12	31.13	18.42	19.05	31.40
GCT	13	30.73	18.32	20.19	30.75
GCT	14	30.40	19.42	19.15	31.03
GCT	15	30.25	20.22	20.12	29.41
GCT	16	30.30	20.07	19.02	30.60
GCT	17	28.51	19.65	20.92	30.93
GCT	18	31.45	18.77	19.50	30.28
GCT	19	31.30	19.25	19.25	30.20
GCT	20	30.50	19.50	18.85	31.15
GCT	21	30.98	19.57	20.82	28.63
GCT	22	30.03	19.35	19.02	31.60
GCT	23	30.65	19.72	19.35	30.28
GCT	24	31.00	19.92	19.22	29.86
GCT	25	32.78	19.35	18.17	29.71
GCT	26	29.21	21.04	18.77	30.98
GCT	27	31.25	20.22	19.45	29.08
GCT	28	30.55	20.02	18.80	30.63
GCT	29	30.93	20.79	18.45	29.83
GCT	30	30.33	18.97	20.59	30.10
GCT	31	32.13	19.05	19.90	28.93
GCT	32	31.45	19.37	18.65	30.53
GCT	33	31.83	19.72	18.50	29.96
GCT	34	31.13	19.05	20.47	29.36
GCT	35	31.88	18.42	20.09	29.61
GCT	36	30.60	20.14	18.75	30.50
GCT	37	31.60	19.22	18.70	30.48
GCT	38	30.93	19.02	19.62	30.43
GCT	39	30.70	19.05	19.22	31.03
GCT	40	30.08	19.82	17.77	32.33
GCT	41	31.23	18.47	20.54	29.76
GCT	42	31.10	19.52	20.12	29.26
GCT	43	30.90	18.70	19.60	30.80
GCT	44	31.53	19.27	18.75	30.45
GCT	45	30.15	20.62	18.67	30.55
GCT	46	32.18	18.77	18.52	30.53
GCT	47	31.85	19.15	18.50	30.50
GCT	48	30.20	19.72	19.20	30.88
GCT	49	31.23	18.07	19.00	31.70
GCT	50	30.98	19.50	19.75	29.78
GCT	51	31.33	19.87	18.95	29.86
GCT	52	30.95	19.67	19.92	29.46
GCT	53	30.10	19.82	19.17	30.90
GCT	54	29.91	19.75	19.37	30.98
GCT	55	29.23	19.82	19.87	31.08
GCT	56	30.45	20.22	18.80	30.53
GCT	57	31.43	19.20	18.25	31.13
GCT	58	31.65	19.35	18.27	30.73
GCT	59	30.60	20.19	18.70	30.50
GCT	60	30.48	18.92	20.19	30.40
GCT	61	30.85	19.80	18.32	31.03
GCT	62	31.03	19.57	19.30	30.10
GCT	63	29.98	19.25	19.62	31.15
GCT	64	29.53	18.97	20.47	31.03
GCT	65	29.76	19.80	20.04	30.40
GCT	66	30.55	18.95	19.40	31.10
GCT	67	29.38	19.77	19.90	30.95
GCT	68	30.68	18.90	20.29	30.13
GCT	69	31.05	18.62	20.74	29.58
GCT	70	31.38	19.52	18.50	30.60
GCT	71	31.10	19.50	20.34	29.06
GCT	72	30.25	19.20	19.90	30.65
GCT	73	30.10	19.20	19.30	31.40
GCT	74	30.70	18.80	19.02	31.48
GCT	75	30.25	20.00	19.65	30.10
GCT	76	30.40	20.39	19.30	29.91
GCT	77	31.10	18.75	19.97	30.18
GCT	78	30.40	19.50	18.97	31.13
GCT	79	30.98	18.32	19.80	30.90
GCT	80	29.43	20.27	20.49	29.81
GCT	81	29.98	19.92	19.90	30.20
GCT	82	31.60	19.40	19.17	29.83
GCT	83	31.55	19.27	19.10	30.08
GCT	84	31.25	19.55	18.95	30.25
GCT	85	30.33	19.15	20.02	30.50
GCT	86	31.30	19.50	19.40	29.81
GCT	87	30.58	18.62	19.17	31.63
GCT	88	29.48	19.82	19.92	30.78
GCT	89	31.28	19.15	19.72	29.86
GCT	90	31.08	19.17	19.50	30.25
GCT	91	29.78	19.72	18.57	31.93
GCT	92	30.93	20.22	19.42	29.43
GCT	93	29.96	20.67	19.05	30.33
GCT	94	30.43	19.40	19.65	30.53
GCT	95	30.55	19.77	18.97	30.70
GCT	96	29.88	20.29	19.70	30.13
GCT	97	31.38	19.22	19.17	30.23
GCT	98	30.75	20.17	18.42	30.65
GCT	99	31.35	19.90	18.27	30.48
GCT	100	31.25	19.67	19.22	29.86
GCT	101	31.13	19.52	19.22	30.13
GCT	102	31.63	19.32	18.97	30.08
GCT	103	31.05	19.45	18.85	30.65
GCT	104	29.73	20.29	20.14	29.83
GCT	105	31.65	18.37	18.22	31.75
GCT	106	30.95	18.95	20.17	29.93
GCT	107	30.78	20.17	19.70	29.36
GCT	108	32.88	19.37	17.95	29.81
GCT	109	30.33	19.85	18.85	30.98
GCT	110	30.68	19.65	19.47	30.20
GCT	111	30.55	19.60	18.92	30.93
GCT	112	30.78	19.25	20.14	29.83
GCT	113	29.51	20.59	19.32	30.58
GCT	114	31.68	20.07	18.15	30.10
GCT	115	31.10	19.42	18.72	30.75
GCT	116	31.55	19.87	18.45	30.13
GCT	117	30.33	19.45	18.95	31.28
GCT	118	30.23	19.55	19.07	31.15
GCT	119	30.83	20.32	19.10	29.76
GCT	120	30.43	19.75	18.72	31.10
GCT	121	31.53	19.67	18.87	29.93
GCT	122	30.13	19.17	19.42	31.28
GCT	123	29.76	20.52	19.75	29.98
GCT	124	29.43	19.22	20.59	30.75
GCT	125	29.76	19.85	20.52	29.88
GCT	126	31.10	18.17	20.02	30.70
GCT	127	30.00	19.97	19.15	30.88
GCT	128	30.78	18.75	19.50	30.98
GCT	129	30.03	18.90	20.74	30.33
GCT	130	31.45	18.27	19.62	30.65
GCT	131	30.80	18.55	19.12	31.53
GCT	132	31.13	19.25	18.47	31.15
GCT	133	30.50	18.77	19.57	31.15
GCT	134	30.45	18.55	19.30	31.70
GCT	135	29.88	19.10	20.87	30.15
GCT	136	30.30	19.72	18.67	31.30
GCT	137	30.28	19.02	19.57	31.13
GCT	138	29.98	19.77	20.19	30.05
GCT	139	30.75	19.67	19.67	29.91
GCT	140	30.63	19.47	19.37	30.53
GCT	141	31.38	19.65	19.37	29.61
GCT	142	29.63	19.57	19.65	31.15
GCT	143	29.98	19.00	19.42	31.60
GCT	144	29.88	20.24	18.90	30.98
GCT	145	29.53	19.40	20.07	31.00
GCT	146	31.00	20.12	18.45	30.43
GCT	147	30.83	19.77	19.92	29.48
GCT	148	30.53	19.47	19.42	30.58
GCT	149	29.93	19.35	19.35	31.38
GCT	150	29.23	20.57	19.57	30.63
# ACGT content per cycle for first fragments. Use `grep ^FBC | cut -f 2-` to extract this part. The columns are: cycle; A,C,G,T base counts as a percentage of all A/C/G/T bases [%]; and N and O counts as a percentage of all A/C/G/T bases [%]
FBC	1	29.91	20.07	17.37	32.65	0.00	0.00
FBC	2	30.90	21.17	16.87	31.05	0.00	0.00
FBC	3	30.80	20.57	19.67	28.96	0.00	0.00
FBC	4	30.70	19.82	18.97	30.50	0.00	0.00
FBC	5	29.86	20.77	17.02	32.35	0.00	0.00
FBC	6	30.40	16.87	20.07	32.65	0.00	0.00
FBC	7	32.00	18.42	18.12	31.45	0.00	0.00
FBC	8	28.96	21.67	18.42	30.95	0.00	0.00
FBC	9	30.40	19.87	18.02	31.70	0.00	0.00
FBC	10	31.80	19.97	17.07	31.15	0.00	0.00
FBC	11	33.40	18.32	18.12	30.15	0.00	0.00
FBC	12	30.35	19.47	18.12	32.05	0.00	0.00
FBC	13	31.80	19.42	18.52	30.25	0.00	0.00
FBC	14	31.00	17.82	19.52	31.65	0.00	0.00
FBC	15	28.46	20.27	19.52	31.75	0.00	0.00
FBC	16	28.61	20.42	18.87	32.10	0.00	0.00
FBC	17	29.86	21.47	18.77	29.91	0.00	0.00
FBC	18	32.10	19.22	17.87	30.80	0.00	0.00
FBC	19	31.50	19.47	18.97	30.05	0.00	0.00
FBC	20	32.35	19.42	19.32	28.91	0.00	0.00
FBC	21	28.31	20.87	20.77	30.05	0.00	0.00
FBC	22	29.61	20.82	18.57	31.00	0.00	0.00
FBC	23	32.30	19.97	19.02	28.71	0.00	0.00
FBC	24	30.30	21.07	19.17	29.46	0.00	0.00
FBC	25	32.40	19.67	18.07	29.86	0.00	0.00
FBC	26	28.81	20.72	19.47	31.00	0.00	0.00
FBC	27	30.15	20.57	19.07	30.20	0.00	0.00
FBC	28	32.40	19.52	18.72	29.36	0.00	0.00
FBC	29	30.95	19.72	18.07	31.25	0.00	0.00
FBC	30	29.06	20.62	19.17	31.15	0.00	0.00
FBC	31	28.46	22.42	19.02	30.10	0.00	0.00
FBC	32	30.45	19.77	17.42	32.35	0.00	0.00
FBC	33	31.15	20.52	18.57	29.76	0.00	0.00
FBC	34	30.85	21.17	17.92	30.05	0.00	0.00
FBC	35	29.96	19.12	18.22	32.70	0.00	0.00
FBC	36	31.00	19.52	19.47	30.00	0.00	0.00
FBC	37	30.40	20.17	16.97	32.45	0.00	0.00
FBC	38	29.66	19.57	19.02	31.75	0.00	0.00
FBC	39	30.00	19.72	19.22	31.05	0.00	0.00
FBC	40	30.90	19.32	17.57	32.20	0.00	0.00
FBC	41	31.00	19.42	19.02	30.55	0.00	0.00
FBC	42	29.86	20.57	18.92	30.65	0.00	0.00
FBC	43	30.40	21.27	18.82	29.51	0.00	0.00
FBC	44	29.41	20.37	18.42	31.80	0.00	0.00
FBC	45	31.55	19.97	20.22	28.26	0.00	0.00
FBC	46	30.50	19.12	19.42	30.95	0.00	0.00
FBC	47	32.60	19.27	18.52	29.61	0.00	0.00
FBC	48	29.86	20.52	18.62	31.00	0.00	0.00
FBC	49	31.60	20.12	16.63	31.65	0.00	0.00
FBC	50	30.10	20.87	18.52	30.50	0.00	0.00
FBC	51	32.30	18.22	19.47	30.00	0.00	0.00
FBC	52	31.40	20.12	18.82	29.66	0.00	0.00
FBC	53	31.70	18.97	19.42	29.91	0.00	0.00
FBC	54	30.85	21.02	17.07	31.05	0.00	0.00
FBC	55	31.55	19.42	19.92	29.11	0.00	0.00
FBC	56	30.85	20.27	18.87	30.00	0.00	0.00
FBC	57	30.65	19.37	17.72	32.25	0.00	0.00
FBC	58	32.25	18.92	16.92	31.90	0.00	0.00
FBC	59	29.41	19.82	20.12	30.65	0.00	0.00
FBC	60	31.40	21.37	18.42	28.81	0.00	0.00
FBC	61	29.51	19.82	18.47	32.20	0.00	0.00
FBC	62	30.20	20.12	19.02	30.65	0.00	0.00
FBC	63	31.25	20.22	19.12	29.41	0.00	0.00
FBC	64	29.41	20.12	18.97	31.50	0.00	0.00
FBC	65	31.00	20.57	18.22	30.20	0.00	0.00
FBC	66	32.55	19.47	19.07	28.91	0.00	0.00
FBC	67	31.70	19.52	19.72	29.06	0.00	0.00
FBC	68	28.21	21.07	20.22	30.50	0.00	0.00
FBC	69	29.51	22.02	16.97	31.50	0.00	0.00
FBC	70	30.45	20.57	17.37	31.60	0.00	0.00
FBC	71	30.20	20.62	18.77	30.40	0.00	0.00
FBC	72	32.40	20.37	19.27	27.96	0.00	0.00
FBC	73	30.65	19.97	18.97	30.40	0.00	0.00
FBC	74	32.45	18.37	18.17	31.00	0.00	0.00
FBC	75	30.45	18.87	19.77	30.90	0.00	0.00
FBC	76	29.16	19.32	20.07	31.45	0.00	0.00
FBC	77	31.25	19.62	19.87	29.26	0.00	0.00
FBC	78	31.35	19.37	17.97	31.30	0.00	0.00
FBC	79	29.96	19.67	18.27	32.10	0.00	0.00
FBC	80	29.46	20.57	21.17	28.81	0.00	0.00
FBC	81	30.40	20.57	19.52	29.51	0.00	0.00
FBC	82	29.86	20.12	19.47	30.55	0.00	0.00
FBC	83	31.45	19.32	18.92	30.30	0.00	0.00
FBC	84	31.80	18.67	18.32	31.20	0.00	0.00
FBC	85	30.05	21.22	18.57	30.15	0.00	0.00
FBC	86	31.45	19.47	18.77	30.30	0.00	0.00
FBC	87	31.70	19.42	18.32	30.55	0.00	0.00
FBC	88	30.20	20.12	19.47	30.20	0.00	0.00
FBC	89	30.80	19.92	18.62	30.65	0.00	0.00
FBC	90	30.30	19.92	18.77	31.00	0.00	0.00
FBC	91	31.90	18.97	18.52	30.60	0.00	0.00
FBC	92	30.55	21.02	17.12	31.30	0.00	0.00
FBC	93	30.70	19.47	20.02	29.81	0.00	0.00
FBC	94	30.20	20.72	18.87	30.20	0.00	0.00
FBC	95	31.95	20.22	16.63	31.20	0.00	0.00
FBC	96	31.45	20.72	19.02	28.81	0.00	0.00
FBC	97	30.55	19.27	19.62	30.55	0.00	0.00
FBC	98	30.75	18.07	18.52	32.65	0.00	0.00
FBC	99	32.25	18.67	19.47	29.61	0.00	0.00
FBC	100	29.96	20.12	20.27	29.66	0.00	0.00
FBC	101	30.00	19.82	18.52	31.65	0.00	0.00
FBC	102	32.05	18.87	18.07	31.00	0.00	0.00
FBC	103	31.90	18.47	18.42	31.20	0.00	0.00
FBC	104	30.90	18.92	20.92	29.26	0.00	0.00
FBC	105	31.80	19.17	17.97	31.05	0.00	0.00
FBC	106	30.95	21.17	18.02	29.86	0.00	0.00
FBC	107	30.60	21.52	19.07	28.81	0.00	0.00
FBC	108	32.20	19.87	18.22	29.71	0.00	0.00
FBC	109	31.00	21.22	16.63	31.15	0.00	0.00
FBC	110	30.35	19.82	19.02	30.80	0.00	0.00
FBC	111	30.40	19.92	18.02	31.65	0.00	0.00
FBC	112	29.31	19.07	20.52	31.10	0.00	0.00
FBC	113	29.31	21.72	18.32	30.65	0.00	0.00
FBC	114	30.85	18.92	18.72	31.50	0.00	0.00
FBC	115	30.50	18.87	18.62	32.00	0.00	0.00
FBC	116	31.60	19.52	18.42	30.45	0.00	0.00
FBC	117	33.20	19.02	18.02	29.76	0.00	0.00
FBC	118	31.00	21.02	18.12	29.86	0.00	0.00
FBC	119	30.10	18.72	20.52	30.65	0.00	0.00
FBC	120	32.85	18.52	19.12	29.51	0.00	0.00
FBC	121	30.75	21.07	17.77	30.40	0.00	0.00
FBC	122	30.50	19.72	17.57	32.20	0.00	0.00
FBC	123	29.71	20.37	19.42	30.50	0.00	0.00
FBC	124	29.96	21.12	18.92	30.00	0.00	0.00
FBC	125	29.71	21.62	19.22	29.46	0.00	0.00
FBC	126	30.70	20.32	16.97	32.00	0.00	0.00
FBC	127	31.10	19.32	18.52	31.05	0.00	0.00
FBC	128	31.55	18.37	19.17	30.90	0.00	0.00
FBC	129	30.35	19.77	19.67	30.20	0.00	0.00
FBC	130	31.55	18.12	19.17	31.15	0.00	0.00
FBC	131	31.85	19.62	17.47	31.05	0.00	0.00
FBC	132	32.10	18.92	18.77	30.20	0.00	0.00
FBC	133	31.75	19.17	18.97	30.10	0.00	0.00
FBC	134	31.15	18.82	18.37	31.65	0.00	0.00
FBC	135	30.50	19.92	19.87	29.71	0.00	0.00
FBC	136	30.90	19.47	18.52	31.10	0.00	0.00
FBC	137	31.70	20.02	18.67	29.61	0.00	0.00
FBC	138	29.16	20.77	19.32	30.75	0.00	0.00
FBC	139	29.56	19.62	19.92	30.90	0.00	0.00
FBC	140	31.05	19.62	18.22	31.10	0.00	0.00
FBC	141	31.45	20.12	18.37	30.05	0.00	0.00
FBC	142	29.96	19.87	19.62	30.55	0.00	0.00
FBC	143	31.45	20.17	19.12	29.26	0.00	0.00
FBC	144	31.05	18.72	20.77	29.46	0.00	0.00
FBC	145	31.75	20.37	18.37	29.51	0.00	0.00
FBC	146	31.70	20.47	17.37	30.45	0.00	0.00
FBC	147	30.80	19.87	19.62	29.71	0.00	0.00
FBC	148	30.75	18.62	19.57	31.05	0.00	0.00
FBC	149	31.55	19.37	19.42	29.66	0.00	0.00
FBC	150	28.61	21.02	20.32	30.05	0.00	0.00
# ACGT raw counters for first fragments. Use `grep ^FTC | cut -f 2-` to extract this part. The columns are: A,C,G,T,N base counters
FTC	92472	59752	56352	91874	0
# ACGT content per cycle for last fragments. Use `grep ^LBC | cut -f 2-` to extract this part. The columns are: cycle; A,C,G,T base counts as a percentage of all A/C/G/T bases [%]; and N and O counts as a percentage of all A/C/G/T bases [%]
LBC	1	30.45	20.47	18.32	30.75	0.00	0.00
LBC	2	31.35	19.32	19.67	29.66	0.00	0.00
LBC	3	31.05	21.12	17.82	30.00	0.00	0.00
LBC	4	30.20	19.07	19.27	31.45	0.00	0.00
LBC	5	28.91	21.37	18.82	30.90	0.00	0.00
LBC	6	30.80	19.32	18.62	31.25	0.00	0.00
LBC	7	30.15	19.32	19.42	31.10	0.00	0.00
LBC	8	31.60	19.67	19.27	29.46	0.00	0.00
LBC	9	30.20	18.62	18.52	32.65	0.00	0.00
LBC	10	32.10	19.97	17.27	30.65	0.00	0.00
LBC	11	28.91	20.57	19.47	31.05	0.00	0.00
LBC	12	31.45	18.87	18.47	31.20	0.00	0.00
LBC	13	30.45	20.17	18.92	30.45	0.00	0.00
LBC	14	30.75	19.32	20.47	29.46	0.00	0.00
LBC	15	29.76	21.42	19.47	29.36	0.00	0.00
LBC	16	31.85	20.52	18.37	29.26	0.00	0.00
LBC	17	30.15	21.87	19.02	28.96	0.00	0.00
LBC	18	30.50	19.97	19.47	30.05	0.00	0.00
LBC	19	30.15	19.52	19.02	31.30	0.00	0.00
LBC	20	31.70	19.67	18.27	30.35	0.00	0.00
LBC	21	30.80	19.77	19.37	30.05	0.00	0.00
LBC	22	30.95	19.22	18.12	31.70	0.00	0.00
LBC	23	31.85	20.07	19.07	29.01	0.00	0.00
LBC	24	32.10	19.12	18.92	29.86	0.00	0.00
LBC	25	32.15	18.57	18.72	30.55	0.00	0.00
LBC	26	30.85	21.47	17.97	29.71	0.00	0.00
LBC	27	29.21	19.97	19.72	31.10	0.00	0.00
LBC	28	29.46	21.12	18.27	31.15	0.00	0.00
LBC	29	28.86	22.17	18.52	30.45	0.00	0.00
LBC	30	29.56	20.12	19.22	31.10	0.00	0.00
LBC	31	31.55	18.57	17.87	32.00	0.00	0.00
LBC	32	30.75	18.82	20.02	30.40	0.00	0.00
LBC	33	30.30	18.67	18.67	32.35	0.00	0.00
LBC	34	29.21	20.07	19.87	30.85	0.00	0.00
LBC	35	30.50	19.27	20.42	29.81	0.00	0.00
LBC	36	30.20	21.22	17.57	31.00	0.00	0.00
LBC	37	30.75	18.57	20.12	30.55	0.00	0.00
LBC	38	31.05	21.67	17.02	30.25	0.00	0.00
LBC	39	30.05	19.37	18.22	32.35	0.00	0.00
LBC	40	30.50	19.12	19.17	31.20	0.00	0.00
LBC	41	30.10	21.52	18.07	30.30	0.00	0.00
LBC	42	30.80	20.47	19.32	29.41	0.00	0.00
LBC	43	30.95	18.42	18.07	32.55	0.00	0.00
LBC	44	31.85	19.32	17.92	30.90	0.00	0.00
LBC	45	31.30	19.67	18.72	30.30	0.00	0.00
LBC	46	30.80	18.12	17.92	33.15	0.00	0.00
LBC	47	30.65	19.02	18.47	31.85	0.00	0.00
LBC	48	29.41	20.22	18.47	31.90	0.00	0.00
LBC	49	32.05	20.17	17.22	30.55	0.00	0.00
LBC	50	30.85	19.77	19.32	30.05	0.00	0.00
LBC	51	30.35	20.97	18.97	29.71	0.00	0.00
LBC	52	29.81	20.97	19.27	29.96	0.00	0.00
LBC	53	30.65	19.07	20.52	29.76	0.00	0.00
LBC	54	28.81	21.07	19.07	31.05	0.00	0.00
LBC	55	30.55	21.32	18.72	29.41	0.00	0.00
LBC	56	31.60	19.57	19.32	29.51	0.00	0.00
LBC	57	32.75	18.92	18.87	29.46	0.00	0.00
LBC	58	30.65	21.12	18.27	29.96	0.00	0.00
LBC	59	30.30	20.42	17.42	31.85	0.00	0.00
LBC	60	29.81	19.87	18.57	31.75	0.00	0.00
LBC	61	29.61	19.22	18.72	32.45	0.00	0.00
LBC	62	31.50	20.02	18.57	29.91	0.00	0.00
LBC	63	32.55	21.27	17.12	29.06	0.00	0.00
LBC	64	29.46	20.07	19.72	30.75	0.00	0.00
LBC	65	29.36	21.52	19.37	29.76	0.00	0.00
LBC	66	31.90	20.12	18.02	29.96	0.00	0.00
LBC	67	30.45	21.57	18.52	29.46	0.00	0.00
LBC	68	31.35	18.97	18.12	31.55	0.00	0.00
LBC	69	28.91	20.47	19.27	31.35	0.00	0.00
LBC	70	31.40	19.52	18.57	30.50	0.00	0.00
LBC	71	30.35	21.17	19.12	29.36	0.00	0.00
LBC	72	29.41	19.07	19.47	32.05	0.00	0.00
LBC	73	30.10	19.72	18.32	31.85	0.00	0.00
LBC	74	30.25	20.17	18.92	30.65	0.00	0.00
LBC	75	29.86	20.27	20.37	29.51	0.00	0.00
LBC	76	29.96	20.52	19.47	30.05	0.00	0.00
LBC	77	31.95	19.02	18.92	30.10	0.00	0.00
LBC	78	28.46	21.27	18.32	31.95	0.00	0.00
LBC	79	31.30	19.82	18.47	30.40	0.00	0.00
LBC	80	30.05	20.27	19.52	30.15	0.00	0.00
LBC	81	30.35	19.82	19.72	30.10	0.00	0.00
LBC	82	30.95	20.02	17.52	31.50	0.00	0.00
LBC	83	31.50	18.02	20.47	30.00	0.00	0.00
LBC	84	29.61	20.27	19.72	30.40	0.00	0.00
LBC	85	29.51	19.42	19.12	31.95	0.00	0.00
LBC	86	30.50	21.62	17.92	29.96	0.00	0.00
LBC	87	29.71	18.52	19.32	32.45	0.00	0.00
LBC	88	30.35	18.47	21.42	29.76	0.00	0.00
LBC	89	30.35	20.32	18.87	30.45	0.00	0.00
LBC	90	29.96	19.07	19.57	31.40	0.00	0.00
LBC	91	32.10	20.67	18.42	28.81	0.00	0.00
LBC	92	29.16	21.12	20.02	29.71	0.00	0.00
LBC	93	29.46	20.07	19.87	30.60	0.00	0.00
LBC	94	31.05	20.22	18.27	30.45	0.00	0.00
LBC	95	29.66	21.97	18.67	29.71	0.00	0.00
LBC	96	30.05	20.07	20.17	29.71	0.00	0.00
LBC	97	30.35	19.77	18.12	31.75	0.00	0.00
LBC	98	30.15	21.82	18.77	29.26	0.00	0.00
LBC	99	31.00	19.12	19.07	30.80	0.00	0.00
LBC	100	30.80	18.42	18.97	31.80	0.00	0.00
LBC	101	31.35	20.27	18.87	29.51	0.00	0.00
LBC	102	29.01	19.82	19.82	31.35	0.00	0.00
LBC	103	28.31	20.07	19.62	32.00	0.00	0.00
LBC	104	30.35	20.52	20.52	28.61	0.00	0.00
LBC	105	32.30	18.52	17.52	31.65	0.00	0.00
LBC	106	30.55	20.77	18.27	30.40	0.00	0.00
LBC	107	29.46	20.17	18.97	31.40	0.00	0.00
LBC	108	31.90	18.87	17.67	31.55	0.00	0.00
LBC	109	30.80	19.57	19.97	29.66	0.00	0.00
LBC	110	30.35	19.97	19.42	30.25	0.00	0.00
LBC	111	29.61	19.82	19.27	31.30	0.00	0.00
LBC	112	30.55	20.97	18.22	30.25	0.00	0.00
LBC	113	29.51	20.42	19.37	30.70	0.00	0.00
LBC	114	31.25	20.62	18.17	29.96	0.00	0.00
LBC	115	29.31	19.72	19.07	31.90	0.00	0.00
LBC	116	31.25	20.62	18.07	30.05	0.00	0.00
LBC	117	31.65	20.72	19.02	28.61	0.00	0.00
LBC	118	32.30	18.77	19.32	29.61	0.00	0.00
LBC	119	30.80	20.42	19.17	29.61	0.00	0.00
LBC	120	30.30	19.92	19.37	30.40	0.00	0.00
LBC	121	31.80	18.52	19.72	29.96	0.00	0.00
LBC	122	28.76	20.67	19.22	31.35	0.00	0.00
LBC	123	29.51	21.12	19.62	29.76	0.00	0.00
LBC	124	28.86	20.52	19.07	31.55	0.00	0.00
LBC	125	28.51	20.42	19.47	31.60	0.00	0.00
LBC	126	29.51	19.57	19.52	31.40	0.00	0.00
LBC	127	29.11	20.07	20.32	30.50	0.00	0.00
LBC	128	27.41	19.27	19.67	33.65	0.00	0.00
LBC	129	29.16	20.72	19.12	31.00	0.00	0.00
LBC	130	28.81	20.42	18.07	32.70	0.00	0.00
LBC	131	31.45	20.22	18.02	30.30	0.00	0.00
LBC	132	31.95	18.82	18.92	30.30	0.00	0.00
LBC	133	29.76	19.52	19.02	31.70	0.00	0.00
LBC	134	32.10	20.57	17.92	29.41	0.00	0.00
LBC	135	29.91	20.07	20.07	29.96	0.00	0.00
LBC	136	30.60	19.52	19.27	30.60	0.00	0.00
LBC	137	32.20	19.72	18.77	29.31	0.00	0.00
LBC	138	29.76	20.57	19.27	30.40	0.00	0.00
LBC	139	29.76	19.37	19.77	31.10	0.00	0.00
LBC	140	29.61	19.87	19.97	30.55	0.00	0.00
LBC	141	30.55	20.77	18.77	29.91	0.00	0.00
LBC	142	28.31	21.02	17.92	32.75	0.00	0.00
LBC	143	31.05	18.72	18.82	31.40	0.00	0.00
LBC	144	30.65	21.57	17.22	30.55	0.00	0.00
LBC	145	29.26	20.02	20.17	30.55	0.00	0.00
LBC	146	31.45	21.07	18.22	29.26	0.00	0.00
LBC	147	28.66	20.52	19.37	31.45	0.00	0.00
LBC	148	29.76	19.92	19.67	30.65	0.00	0.00
LBC	149	31.60	19.37	19.22	29.81	0.00	0.00
LBC	150	31.25	20.47	18.47	29.81	0.00	0.00
# ACGT raw counters for last fragments. Use `grep ^LTC | cut -f 2-` to extract this part. The columns are: A,C,G,T,N base counters
LTC	91418	60160	56901	91971	0
# Insert sizes. Use `grep ^IS | cut -f 2-` to extract this part. The columns are: insert size, pairs total, inward oriented pairs, outward oriented pairs, other pairs
IS	0	0	0	0	0
IS	1	0	0	0	0
IS	2	0	0	0	0
IS	3	0	0	0	0
IS	4	0	0	0	0
IS	5	0	0	0	0
IS	6	0	0	0	0
IS	7	0	0	0	0
IS	8	0	0	0	0
IS	9	0	0	0	0
IS	10	0	0	0	0
IS	11	0	0	0	0
IS	12	0	0	0	0
IS	13	0	0	0	0
IS	14	0	0	0	0
IS	15	0	0	0	0
IS	16	0	0	0	0
IS	17	0	0	0	0
IS	18	0	0	0	0
IS	19	0	0	0	0
IS	20	0	0	0	0
IS	21	0	0	0	0
IS	22	0	0	0	0
IS	23	0	0	0	0
IS	24	0	0	0	0
IS	25	0	0	0	0
IS	26	0	0	0	0
IS	27	0	0	0	0
IS	28	0	0	0	0
IS	29	0	0	0	0
IS	30	0	0	0	0
IS	31	0	0	0	0
IS	32	0	0	0	0
IS	33	0	0	0	0
IS	34	0	0	0	0
IS	35	0	0	0	0
IS	36	0	0	0	0
IS	37	0	0	0	0
IS	38	0	0	0	0
IS	39	0	0	0	0
IS	40	0	0	0	0
IS	41	0	0	0	0
IS	42	0	0	0	0
IS	43	0	0	0	0
IS	44	0	0	0	0
IS	45	0	0	0	0
IS	46	0	0	0	0
IS	47	0	0	0	0
IS	48	0	0	0	0
IS	49	0	0	0	0
IS	50	0	0	0	0
IS	51	0	0	0	0
IS	52	0	0	0	0
IS	53	0	0	0	0
IS	54	0	0	0	0
IS	55	0	0	0	0
IS	56	0	0	0	0
IS	57	0	0	0	0
IS	58	0	0	0	0
IS	59	0	0	0	0
IS	60	0	0	0	0
IS	61	0	0	0	0
IS	62	0	0	0	0
IS	63	0	0	0	0
IS	64	0	0	0	0
IS	65	0	0	0	0
IS	66	0	0	0	0
IS	67	0	0	0	0
IS	68	0	0	0	0
IS	69	0	0	0	0
IS	70	0	0	0	0
IS	71	0	0	0	0
IS	72	0	0	0	0
IS	73	0	0	0	0
IS	74	0	0	0	0
IS	75	0	0	0	0
IS	76	0	0	0	0
IS	77	0	0	0	0
IS	78	0	0	0	0
IS	79	0	0	0	0
IS	80	0	0	0	0
IS	81	0	0	0	0
IS	82	0	0	0	0
IS	83	0	0	0	0
IS	84	0	0	0	0
IS	85	0	0	0	0
IS	86	0	0	0	0
IS	87	0	0	0	0
IS	88	0	0	0	0
IS	89	0	0	0	0
IS	90	0	0	0	0
IS	91	0	0	0	0
IS	92	0	0	0	0
IS	93	0	0	0	0
IS	94	0	0	0	0
IS	95	0	0	0	0
IS	96	0	0	0	0
IS	97	0	0	0	0
IS	98	0	0	0	0
IS	99	0	0	0	0
IS	100	0	0	0	0
IS	101	0	0	0	0
IS	102	0	0	0	0
IS	103	0	0	0	0
IS	104	0	0	0	0
IS	105	0	0	0	0
IS	106	0	0	0	0
IS	107	0	0	0	0
IS	108	0	0	0	0
IS	109	0	0	0	0
IS	110	0	0	0	0
IS	111	0	0	0	0
IS	112	0	0	0	0
IS	113	0	0	0	0
IS	114	0	0	0	0
IS	115	0	0	0	0
IS	116	0	0	0	0
IS	117	0	0	0	0
IS	118	0	0	0	0
IS	119	0	0	0	0
IS	120	0	0	0	0
IS	121	0	0	0	0
IS	122	0	0	0	0
IS	123	0	0	0	0
IS	124	0	0	0	0
IS	125	0	0	0	0
IS	126	0	0	0	0
IS	127	0	0	0	0
IS	128	0	0	0	0
IS	129	0	0	0	0
IS	130	0	0	0	0
IS	131	0	0	0	0
IS	132	0	0	0	0
IS	133	0	0	0	0
IS	134	0	0	0	0
IS	135	0	0	0	0
IS	136	0	0	0	0
IS	137	0	0	0	0
IS	138	0	0	0	0
IS	139	0	0	0	0
IS	140	0	0	0	0
IS	141	0	0	0	0
IS	142	0	0	0	0
IS	143	0	0	0	0
IS	144	0	0	0	0
IS	145	0	0	0	0
IS	146	0	0	0	0
IS	147	0	0	0	0
IS	148	0	0	0	0
IS	149	0	0	0	0
IS	150	0	0	0	0
IS	151	0	0	0	0
IS	152	0	0	0	0
IS	153	0	0	0	0
IS	154	0	0	0	0
IS	155	0	0	0	0
IS	156	0	0	0	0
IS	157	0	0	0	0
IS	158	0	0	0	0
IS	159	0	0	0	0
IS	160	0	0	0	0
IS	161	0	0	0	0
IS	162	0	0	0	0
IS	163	0	0	0	0
IS	164	0	0	0	0
IS	165	0	0	0	0
IS	166	0	0	0	0
IS	167	0	0	0	0
IS	168	0	0	0	0
IS	169	0	0	0	0
IS	170	0	0	0	0
IS	171	0	0	0	0
IS	172	0	0	0	0
IS	173	0	0	0	0
IS	174	0	0	0	0
IS	175	0	0	0	0
IS	176	0	0	0	0
IS	177	0	0	0	0
IS	178	0	0	0	0
IS	179	0	0	0	0
IS	180	0	0	0	0
IS	181	0	0	0	0
IS	182	0	0	0	0
IS	183	0	0	0	0
IS	184	0	0	0	0
IS	185	0	0	0	0
IS	186	0	0	0	0
IS	187	0	0	0	0
IS	188	0	0	0	0
IS	189	0	0	0	0
IS	190	0	0	0	0
IS	191	0	0	0	0
IS	192	0	0	0	0
IS	193	0	0	0	0
IS	194	0	0	0	0
IS	195	0	0	0	0
IS	196	0	0	0	0
IS	197	0	0	0	0
IS	198	0	0	0	0
IS	199	0	0	0	0
IS	200	0	0	0	0
IS	201	0	0	0	0
IS	202	0	0	0	0
IS	203	0	0	0	0
IS	204	0	0	0	0
IS	205	0	0	0	0
IS	206	0	0	0	0
IS	207	0	0	0	0
IS	208	0	0	0	0
IS	209	0	0	0	0
IS	210	0	0	0	0
IS	211	0	0	0	0
IS	212	0	0	0	0
IS	213	0	0	0	0
IS	214	0	0	0	0
IS	215	0	0	0	0
IS	216	0	0	0	0
IS	217	0	0	0	0
IS	218	0	0	0	0
IS	219	0	0	0	0
IS	220	0	0	0	0
IS	221	0	0	0	0
IS	222	0	0	0	0
IS	223	0	0	0	0
IS	224	0	0	0	0
IS	225	0	0	0	0
IS	226	0	0	0	0
IS	227	0	0	0	0
IS	228	0	0	0	0
IS	229	0	0	0	0
IS	230	0	0	0	0
IS	231	0	0	0	0
IS	232	0	0	0	0
IS	233	0	0	0	0
IS	234	0	0	0	0
IS	235	0	0	0	0
IS	236	0	0	0	0
IS	237	0	0	0	0
IS	238	0	0	0	0
IS	239	0	0	0	0
IS	240	0	0	0	0
IS	241	0	0	0	0
IS	242	0	0	0	0
IS	243	0	0	0	0
IS	244	0	0	0	0
IS	245	0	0	0	0
IS	246	0	0	0	0
IS	247	0	0	0	0
IS	248	0	0	0	0
IS	249	0	0	0	0
IS	250	0	0	0	0
IS	251	0	0	0	0
IS	252	0	0	0	0
IS	253	0	0	0	0
IS	254	0	0	0	0
IS	255	0	0	0	0
IS	256	0	0	0	0
IS	257	0	0	0	0
IS	258	0	0	0	0
IS	259	0	0	0	0
IS	260	0	0	0	0
IS	261	0	0	0	0
IS	262	0	0	0	0
IS	263	0	0	0	0
IS	264	0	0	0	0
IS	265	0	0	0	0
IS	266	0	0	0	0
IS	267	0	0	0	0
IS	268	0	0	0	0
IS	269	0	0	0	0
IS	270	0	0	0	0
IS	271	0	0	0	0
IS	272	0	0	0	0
IS	273	0	0	0	0
IS	274	0	0	0	0
IS	275	0	0	0	0
IS	276	0	0	0	0
IS	277	0	0	0	0
IS	278	0	0	0	0
IS	279	0	0	0	0
IS	280	0	0	0	0
IS	281	0	0	0	0
IS	282	0	0	0	0
IS	283	0	0	0	0
IS	284	0	0	0	0
IS	285	0	0	0	0
IS	286	0	0	0	0
IS	287	0	0	0	0
IS	288	0	0	0	0
IS	289	0	0	0	0
IS	290	0	0	0	0
IS	291	0	0	0	0
IS	292	0	0	0	0
IS	293	0	0	0	0
IS	294	0	0	0	0
IS	295	0	0	0	0
IS	296	0	0	0	0
IS	297	0	0	0	0
IS	298	0	0	0	0
IS	299	0	0	0	0
IS	300	0	0	0	0
IS	301	0	0	0	0
IS	302	0	0	0	0
IS	303	0	0	0	0
IS	304	0	0	0	0
IS	305	0	0	0	0
IS	306	0	0	0	0
IS	307	0	0	0	0
IS	308	0	0	0	0
IS	309	0	0	0	0
IS	310	0	0	0	0
IS	311	0	0	0	0
IS	312	0	0	0	0
IS	313	0	0	0	0
IS	314	0	0	0	0
IS	315	0	0	0	0
IS	316	0	0	0	0
IS	317	0	0	0	0
IS	318	0	0	0	0
IS	319	0	0	0	0
IS	320	0	0	0	0
IS	321	0	0	0	0
IS	322	0	0	0	0
IS	323	0	0	0	0
IS	324	0	0	0	0
IS	325	0	0	0	0
IS	326	0	0	0	0
IS	327	0	0	0	0
IS	328	0	0	0	0
IS	329	0	0	0	0
IS	330	0	0	0	0
IS	331	0	0	0	0
IS	332	0	0	0	0
IS	333	0	0	0	0
IS	334	0	0	0	0
IS	335	0	0	0	0
IS	336	0	0	0	0
IS	337	0	0	0	0
IS	338	0	0	0	0
IS	339	0	0	0	0
IS	340	2	2	0	0
IS	341	0	0	0	0
IS	342	0	0	0	0
IS	343	0	0	0	0
IS	344	0	0	0	0
IS	345	0	0	0	0
IS	346	0	0	0	0
IS	347	0	0	0	0
IS	348	0	0	0	0
IS	349	0	0	0	0
IS	350	0	0	0	0
IS	351	1	1	0	0
IS	352	0	0	0	0
IS	353	0	0	0	0
IS	354	2	2	0	0
IS	355	0	0	0	0
IS	356	0	0	0	0
IS	357	0	0	0	0
IS	358	0	0	0	0
IS	359	0	0	0	0
IS	360	1	1	0	0
IS	361	0	0	0	0
IS	362	0	0	0	0
IS	363	1	1	0	0
IS	364	0	0	0	0
IS	365	2	2	0	0
IS	366	0	0	0	0
IS	367	0	0	0	0
IS	368	2	2	0	0
IS	369	0	0	0	0
IS	370	0	0	0	0
IS	371	1	1	0	0
IS	372	0	0	0	0
IS	373	3	3	0	0
IS	374	0	0	0	0
IS	375	1	1	0	0
IS	376	0	0	0	0
IS	377	1	1	0	0
IS	378	0	0	0	0
IS	379	3	3	0	0
IS	380	1	1	0	0
IS	381	0	0	0	0
IS	382	1	1	0	0
IS	383	1	1	0	0
IS	384	1	1	0	0
IS	385	0	0	0	0
IS	386	1	1	0	0
IS	387	1	1	0	0
IS	388	2	2	0	0
IS	389	3	3	0	0
IS	390	0	0	0	0
IS	391	1	1	0	0
IS	392	1	1	0	0
IS	393	2	2	0	0
IS	394	2	2	0	0
IS	395	1	1	0	0
IS	396	1	1	0	0
IS	397	3	3	0	0
IS	398	4	4	0	0
IS	399	2	2	0	0
IS	400	3	3	0	0
IS	401	3	3	0	0
IS	402	0	0	0	0
IS	403	2	2	0	0
IS	404	1	1	0	0
IS	405	4	4	0	0
IS	406	2	2	0	0
IS	407	3	3	0	0
IS	408	1	1	0	0
IS	409	6	6	0	0
IS	410	8	8	0	0
IS	411	7	7	0	0
IS	412	6	6	0	0
IS	413	0	0	0	0
IS	414	4	4	0	0
IS	415	1	1	0	0
IS	416	4	4	0	0
IS	417	4	4	0	0
IS	418	4	4	0	0
IS	419	1	1	0	0
IS	420	3	3	0	0
IS	421	4	4	0	0
IS	422	5	5	0	0
IS	423	4	4	0	0
IS	424	6	6	0	0
IS	425	9	9	0	0
IS	426	5	5	0	0
IS	427	3	3	0	0
IS	428	11	11	0	0
IS	429	6	6	0	0
IS	430	6	6	0	0
IS	431	8	8	0	0
IS	432	8	8	0	0
IS	433	8	8	0	0
IS	434	8	8	0	0
IS	435	4	4	0	0
IS	436	4	4	0	0
IS	437	10	10	0	0
IS	438	9	9	0	0
IS	439	6	6	0	0
IS	440	5	5	0	0
IS	441	9	9	0	0
IS	442	6	6	0	0
IS	443	2	2	0	0
IS	444	7	7	0	0
IS	445	9	9	0	0
IS	446	3	3	0	0
IS	447	12	12	0	0
IS	448	8	8	0	0
IS	449	8	8	0	0
IS	450	14	14	0	0
IS	451	8	8	0	0
IS	452	10	10	0	0
IS	453	10	10	0	0
IS	454	10	10	0	0
IS	455	7	7	0	0
IS	456	8	8	0	0
IS	457	10	10	0	0
IS	458	25	25	0	0
IS	459	13	13	0	0
IS	460	18	18	0	0
IS	461	15	15	0	0
IS	462	9	9	0	0
IS	463	16	16	0	0
IS	464	10	10	0	0
IS	465	13	13	0	0
IS	466	13	13	0	0
IS	467	17	17	0	0
IS	468	14	14	0	0
IS	469	12	12	0	0
IS	470	9	9	0	0
IS	471	11	11	0	0
IS	472	14	14	0	0
IS	473	13	13	0	0
IS	474	15	15	0	0
IS	475	12	12	0	0
IS	476	14	14	0	0
IS	477	11	11	0	0
IS	478	8	8	0	0
IS	479	19	19	0	0
IS	480	14	14	0	0
IS	481	17	17	0	0
IS	482	13	13	0	0
IS	483	15	15	0	0
IS	484	16	16	0	0
IS	485	17	17	0	0
IS	486	19	19	0	0
IS	487	22	22	0	0
IS	488	11	11	0	0
IS	489	17	17	0	0
IS	490	14	14	0	0
IS	491	20	20	0	0
IS	492	13	13	0	0
IS	493	9	9	0	0
IS	494	19	19	0	0
IS	495	8	8	0	0
IS	496	16	16	0	0
IS	497	15	15	0	0
IS	498	13	13	0	0
IS	499	15	15	0	0
IS	500	13	13	0	0
IS	501	18	18	0	0
IS	502	18	18	0	0
IS	503	13	13	0	0
IS	504	12	12	0	0
IS	505	12	12	0	0
IS	506	15	15	0	0
IS	507	17	17	0	0
IS	508	8	8	0	0
IS	509	18	18	0	0
IS	510	25	25	0	0
IS	511	11	11	0	0
IS	512	22	22	0	0
IS	513	11	11	0	0
IS	514	17	17	0	0
IS	515	11	11	0	0
IS	516	17	17	0	0
IS	517	19	19	0	0
IS	518	8	8	0	0
IS	519	17	17	0	0
IS	520	16	16	0	0
IS	521	9	9	0	0
IS	522	12	12	0	0
IS	523	13	13	0	0
IS	524	12	12	0	0
IS	525	13	13	0	0
IS	526	16	16	0	0
IS	527	14	14	0	0
IS	528	16	16	0	0
IS	529	10	10	0	0
IS	530	10	10	0	0
IS	531	11	11	0	0
IS	532	18	18	0	0
IS	533	15	15	0	0
IS	534	14	14	0	0
IS	535	20	20	0	0
IS	536	14	14	0	0
IS	537	9	9	0	0
IS	538	14	14	0	0
IS	539	14	14	0	0
IS	540	19	19	0	0
IS	541	17	17	0	0
IS	542	7	7	0	0
IS	543	16	16	0	0
IS	544	13	13	0	0
IS	545	6	6	0	0
IS	546	9	9	0	0
IS	547	10	10	0	0
IS	548	6	6	0	0
IS	549	14	14	0	0
IS	550	12	12	0	0
IS	551	2	2	0	0
IS	552	10	10	0	0
IS	553	10	10	0	0
IS	554	7	7	0	0
IS	555	10	10	0	0
IS	556	15	15	0	0
IS	557	5	5	0	0
IS	558	8	8	0	0
IS	559	13	13	0	0
IS	560	9	9	0	0
IS	561	6	6	0	0
IS	562	8	8	0	0
IS	563	11	11	0	0
IS	564	5	5	0	0
IS	565	6	6	0	0
IS	566	6	6	0	0
IS	567	7	7	0	0
IS	568	5	5	0	0
IS	569	8	8	0	0
IS	570	7	7	0	0
IS	571	0	0	0	0
IS	572	2	2	0	0
IS	573	6	6	0	0
IS	574	4	4	0	0
IS	575	3	3	0	0
IS	576	8	8	0	0
IS	577	6	6	0	0
IS	578	6	6	0	0
IS	579	4	4	0	0
IS	580	4	4	0	0
IS	581	6	6	0	0
IS	582	4	4	0	0
IS	583	2	2	0	0
IS	584	6	6	0	0
IS	585	3	3	0	0
IS	586	5	5	0	0
IS	587	1	1	0	0
IS	588	2	2	0	0
IS	589	6	6	0	0
IS	590	2	2	0	0
IS	591	4	4	0	0
IS	592	5	5	0	0
IS	593	1	1	0	0
IS	594	4	4	0	0
IS	595	3	3	0	0
IS	596	4	4	0	0
IS	597	1	1	0	0
IS	598	4	4	0	0
IS	599	1	1	0	0
IS	600	4	4	0	0
IS	601	3	3	0	0
IS	602	1	1	0	0
IS	603	2	2	0	0
IS	604	1	1	0	0
IS	605	3	3	0	0
IS	606	0	0	0	0
IS	607	4	4	0	0
IS	608	3	3	0	0
IS	609	1	1	0	0
IS	610	3	3	0	0
IS	611	0	0	0	0
IS	612	0	0	0	0
IS	613	3	3	0	0
# Read lengths. Use `grep ^RL | cut -f 2-` to extract this part. The columns are: read length, count
RL	150	4006
# Read lengths - first fragments. Use `grep ^FRL | cut -f 2-` to extract this part. The columns are: read length, count
FRL	150	2003
# Read lengths - last fragments. Use `grep ^LRL | cut -f 2-` to extract this part. The columns are: read length, count
LRL	150	2003
# Mapping qualities for reads !(UNMAP|SECOND|SUPPL|QCFAIL|DUP). Use `grep ^MAPQ | cut -f 2-` to extract this part. The columns are: mapq, count
MAPQ	0	20
MAPQ	27	12
MAPQ	40	24
MAPQ	41	3
MAPQ	43	1
MAPQ	46	1
MAPQ	47	1
MAPQ	48	45
MAPQ	50	1
MAPQ	51	2
MAPQ	57	10
MAPQ	59	2
MAPQ	60	3884
# Indel distribution. Use `grep ^ID | cut -f 2-` to extract this part. The columns are: length, number of insertions, number of deletions
# Indels per cycle. Use `grep ^IC | cut -f 2-` to extract this part. The columns are: cycle, number of insertions (fwd), .. (rev) , number of deletions (fwd), .. (rev)
# Coverage distribution. Use `grep ^COV | cut -f 2-` to extract this part.
COV	[1-1]	1	5565
COV	[2-2]	2	9689
COV	[3-3]	3	15767
COV	[4-4]	4	17906
COV	[5-5]	5	18899
COV	[6-6]	6	18179
COV	[7-7]	7	13575
COV	[8-8]	8	8056
COV	[9-9]	9	5031
COV	[10-10]	10	2417
COV	[11-11]	11	1369
COV	[12-12]	12	491
COV	[13-13]	13	205
COV	[14-14]	14	65
COV	[15-15]	15	1
# GC-depth. Use `grep ^GCD | cut -f 2-` to extract this part. The columns are: GC%, unique sequence percentiles, 10th, 25th, 50th, 75th and 90th depth percentile
GCD	0.0	15.385	0.000	0.000	0.000	0.000	0.000
GCD	37.0	30.769	2.505	2.505	2.505	2.505	2.505
GCD	38.0	46.154	2.505	2.505	2.505	2.505	2.505
GCD	39.0	76.923	2.490	2.494	2.505	2.505	2.505
GCD	40.0	92.308	2.505	2.505	2.505	2.505	2.505
GCD	46.0	100.000	2.505	2.505	2.505	2.505	2.505
