# This file was produced by samtools stats (1.20+htslib-1.21) and can be plotted using plot-bamstats
# This file contains statistics for all reads.
# The command line was:  stats sample3826.sorted.bam
# CHK, Checksum	[2]Read Names	[3]Sequences	[4]Qualities
# CHK, CRC32 of reads which passed filtering followed by addition (32bit overflow)
CHK	44b6b65a	4f5a3abd	93be98f0
# Summary Numbers. Use `grep ^SN | cut -f 2-` to extract this part.
SN	raw total sequences:	4008	# excluding supplementary and secondary reads
SN	filtered sequences:	0
SN	sequences:	4008
SN	is sorted:	1
SN	1st fragments:	2004
SN	last fragments:	2004
SN	reads mapped:	4008
SN	reads mapped and paired:	4008	# paired-end technology bit set + both mates mapped
SN	reads unmapped:	0
SN	reads properly paired:	4008	# proper-pair bit set
SN	reads paired:	4008	# paired-end technology bit set
SN	reads duplicated:	0	# PCR or optical duplicate bit set
SN	reads MQ0:	6	# mapped and MQ=0
SN	reads QC failed:	0
SN	non-primary alignments:	0
SN	supplementary alignments:	0
SN	total length:	601200	# ignores clipping
SN	total first fragment length:	300600	# ignores clipping
SN	total last fragment length:	300600	# ignores clipping
SN	bases mapped:	601200	# ignores clipping
SN	bases mapped (cigar):	601200	# more accurate
SN	bases trimmed:	0
SN	bases duplicated:	0
SN	mismatches:	954	# from NM fields
SN	error rate:	1.586826e-03	# mismatches / bases mapped (cigar)
SN	average length:	150
SN	average first fragment length:	150
SN	average last fragment length:	150
SN	maximum length:	150
SN	maximum first fragment length:	150
SN	maximum last fragment length:	150
SN	average quality:	30.0
SN	insert size average:	497.0
SN	insert size standard deviation:	46.5
SN	inward oriented pairs:	2004
SN	outward oriented pairs:	0
SN	pairs with other orientation:	0
SN	pairs on different chromosomes:	0
SN	percentage of properly paired reads (%):	100.0
# First Fragment Qualities. Use `grep ^FFQ | cut -f 2-` to extract this part.
# Columns correspond to qualities and rows to cycles. First column is the cycle number.
FFQ	1	0	0	0	0	0	0	0	0	0	0	0	0	0	0	0	0	0	0	0	0	0	0	0	0	0	0	0	0	0	0	2004	0
FFQ	2	0	0	0	0	0	0	0	0	0	0	0	0	0	0	0	0	0	0	0	0	0	0	0	0	0	0	0	0	0	0	2004	0
FFQ	3	0	0	0	0	0	0	0	0	0	0	0	0	0	0	0	0	0	0	0	0	0	0	0	0	0	0	0	0	0	0	2004	0
FFQ	4	0	0	0	0	0	0	0	0	0	0	0	0	0	0	0	0	0	0	0	0	0	0	0	0	0	0	0	0	0	0	2004	0
FFQ	5	0	0	0	0	0	0	0	0	0	0	0	0	0	0	0	0	0	0	0	0	0	0	0	0	0	0	0	0	0	0	2004	0
FFQ	6	0	0	0	0	0	0	0	0	0	0	0	0	0	0	0	0	0	0	0	0	0	0	0	0	0	0	0	0	0	0	2004	0
FFQ	7	0	0	0	0	0	0	0	0	0	0	0	0	0	0	0	0	0	0	0	0	0	0	0	0	0	0	0	0	0	0	2004	0
FFQ	8	0	0	0	0	0	0	0	0	0	0	0	0	0	0	0	0	0	0	0	0	0	0	0	0	0	0	0	0	0	0	2004	0
FFQ	9	0	0	0	0	0	0	0	0	0	0	0	0	0	0	0	0	0	0	0	0	0	0	0	0	0	0	0	0	0	0	2004	0
FFQ	10	0	0	0	0	0	0	0	0	0	0	0	0	0	0	0	0	0	0	0	0	0	0	0	0	0	0	0	0	0	0	2004	0
FFQ	11	0	0	0	0	0	0	0	0	0	0	0	0	0	0	0	0	0	0	0	0	0	0	0	0	0	0	0	0	0	0	2004	0
FFQ	12	0	0	0	0	0	0	0	0	0	0	0	0	0	0	0	0	0	0	0	0	0	0	0	0	0	0	0	0	0	0	2004	0
FFQ	13	0	0	0	0	0	0	0	0	0	0	0	0	0	0	0	0	0	0	0	0	0	0	0	0	0	0	0	0	0	0	2004	0
FFQ	14	0	0	0	0	0	0	0	0	0	0	0	0	0	0	0	0	0	0	0	0	0	0	0	0	0	0	0	0	0	0	2004	0
FFQ	15	0	0	0	0	0	0	0	0	0	0	0	0	0	0	0	0	0	0	0	0	0	0	0	0	0	0	0	0	0	0	2004	0
FFQ	16	0	0	0	0	0	0	0	0	0	0	0	0	0	0	0	0	0	0	0	0	0	0	0	0	0	0	0	0	0	0	2004	0
FFQ	17	0	0	0	0	0	0	0	0	0	0	0	0	0	0	0	0	0	0	0	0	0	0	0	0	0	0	0	0	0	0	2004	0
FFQ	18	0	0	0	0	0	0	0	0	0	0	0	0	0	0	0	0	0	0	0	0	0	0	0	0	0	0	0	0	0	0	2004	0
FFQ	19	0	0	0	0	0	0	0	0	0	0	0	0	0	0	0	0	0	0	0	0	0	0	0	0	0	0	0	0	0	0	2004	0
FFQ	20	0	0	0	0	0	0	0	0	0	0	0	0	0	0	0	0	0	0	0	0	0	0	0	0	0	0	0	0	0	0	2004	0
FFQ	21	0	0	0	0	0	0	0	0	0	0	0	0	0	0	0	0	0	0	0	0	0	0	0	0	0	0	0	0	0	0	2004	0
FFQ	22	0	0	0	0	0	0	0	0	0	0	0	0	0	0	0	0	0	0	0	0	0	0	0	0	0	0	0	0	0	0	2004	0
FFQ	23	0	0	0	0	0	0	0	0	0	0	0	0	0	0	0	0	0	0	0	0	0	0	0	0	0	0	0	0	0	0	2004	0
FFQ	24	0	0	0	0	0	0	0	0	0	0	0	0	0	0	0	0	0	0	0	0	0	0	0	0	0	0	0	0	0	0	2004	0
FFQ	25	0	0	0	0	0	0	0	0	0	0	0	0	0	0	0	0	0	0	0	0	0	0	0	0	0	0	0	0	0	0	2004	0
FFQ	26	0	0	0	0	0	0	0	0	0	0	0	0	0	0	0	0	0	0	0	0	0	0	0	0	0	0	0	0	0	0	2004	0
FFQ	27	0	0	0	0	0	0	0	0	0	0	0	0	0	0	0	0	0	0	0	0	0	0	0	0	0	0	0	0	0	0	2004	0
FFQ	28	0	0	0	0	0	0	0	0	0	0	0	0	0	0	0	0	0	0	0	0	0	0	0	0	0	0	0	0	0	0	2004	0
FFQ	29	0	0	0	0	0	0	0	0	0	0	0	0	0	0	0	0	0	0	0	0	0	0	0	0	0	0	0	0	0	0	2004	0
FFQ	30	0	0	0	0	0	0	0	0	0	0	0	0	0	0	0	0	0	0	0	0	0	0	0	0	0	0	0	0	0	0	2004	0
FFQ	31	0	0	0	0	0	0	0	0	0	0	0	0	0	0	0	0	0	0	0	0	0	0	0	0	0	0	0	0	0	0	2004	0
FFQ	32	0	0	0	0	0	0	0	0	0	0	0	0	0	0	0	0	0	0	0	0	0	0	0	0	0	0	0	0	0	0	2004	0
FFQ	33	0	0	0	0	0	0	0	0	0	0	0	0	0	0	0	0	0	0	0	0	0	0	0	0	0	0	0	0	0	0	2004	0
FFQ	34	0	0	0	0	0	0	0	0	0	0	0	0	0	0	0	0	0	0	0	0	0	0	0	0	0	0	0	0	0	0	2004	0
FFQ	35	0	0	0	0	0	0	0	0	0	0	0	0	0	0	0	0	0	0	0	0	0	0	0	0	0	0	0	0	0	0	2004	0
FFQ	36	0	0	0	0	0	0	0	0	0	0	0	0	0	0	0	0	0	0	0	0	0	0	0	0	0	0	0	0	0	0	2004	0
FFQ	37	0	0	0	0	0	0	0	0	0	0	0	0	0	0	0	0	0	0	0	0	0	0	0	0	0	0	0	0	0	0	2004	0
FFQ	38	0	0	0	0	0	0	0	0	0	0	0	0	0	0	0	0	0	0	0	0	0	0	0	0	0	0	0	0	0	0	2004	0
FFQ	39	0	0	0	0	0	0	0	0	0	0	0	0	0	0	0	0	0	0	0	0	0	0	0	0	0	0	0	0	0	0	2004	0
FFQ	40	0	0	0	0	0	0	0	0	0	0	0	0	0	0	0	0	0	0	0	0	0	0	0	0	0	0	0	0	0	0	2004	0
FFQ	41	0	0	0	0	0	0	0	0	0	0	0	0	0	0	0	0	0	0	0	0	0	0	0	0	0	0	0	0	0	0	2004	0
FFQ	42	0	0	0	0	0	0	0	0	0	0	0	0	0	0	0	0	0	0	0	0	0	0	0	0	0	0	0	0	0	0	2004	0
FFQ	43	0	0	0	0	0	0	0	0	0	0	0	0	0	0	0	0	0	0	0	0	0	0	0	0	0	0	0	0	0	0	2004	0
FFQ	44	0	0	0	0	0	0	0	0	0	0	0	0	0	0	0	0	0	0	0	0	0	0	0	0	0	0	0	0	0	0	2004	0
FFQ	45	0	0	0	0	0	0	0	0	0	0	0	0	0	0	0	0	0	0	0	0	0	0	0	0	0	0	0	0	0	0	2004	0
FFQ	46	0	0	0	0	0	0	0	0	0	0	0	0	0	0	0	0	0	0	0	0	0	0	0	0	0	0	0	0	0	0	2004	0
FFQ	47	0	0	0	0	0	0	0	0	0	0	0	0	0	0	0	0	0	0	0	0	0	0	0	0	0	0	0	0	0	0	2004	0
FFQ	48	0	0	0	0	0	0	0	0	0	0	0	0	0	0	0	0	0	0	0	0	0	0	0	0	0	0	0	0	0	0	2004	0
FFQ	49	0	0	0	0	0	0	0	0	0	0	0	0	0	0	0	0	0	0	0	0	0	0	0	0	0	0	0	0	0	0	2004	0
FFQ	50	0	0	0	0	0	0	0	0	0	0	0	0	0	0	0	0	0	0	0	0	0	0	0	0	0	0	0	0	0	0	2004	0
FFQ	51	0	0	0	0	0	0	0	0	0	0	0	0	0	0	0	0	0	0	0	0	0	0	0	0	0	0	0	0	0	0	2004	0
FFQ	52	0	0	0	0	0	0	0	0	0	0	0	0	0	0	0	0	0	0	0	0	0	0	0	0	0	0	0	0	0	0	2004	0
FFQ	53	0	0	0	0	0	0	0	0	0	0	0	0	0	0	0	0	0	0	0	0	0	0	0	0	0	0	0	0	0	0	2004	0
FFQ	54	0	0	0	0	0	0	0	0	0	0	0	0	0	0	0	0	0	0	0	0	0	0	0	0	0	0	0	0	0	0	2004	0
FFQ	55	0	0	0	0	0	0	0	0	0	0	0	0	0	0	0	0	0	0	0	0	0	0	0	0	0	0	0	0	0	0	2004	0
FFQ	56	0	0	0	0	0	0	0	0	0	0	0	0	0	0	0	0	0	0	0	0	0	0	0	0	0	0	0	0	0	0	2004	0
FFQ	57	0	0	0	0	0	0	0	0	0	0	0	0	0	0	0	0	0	0	0	0	0	0	0	0	0	0	0	0	0	0	2004	0
FFQ	58	0	0	0	0	0	0	0	0	0	0	0	0	0	0	0	0	0	0	0	0	0	0	0	0	0	0	0	0	0	0	2004	0
FFQ	59	0	0	0	0	0	0	0	0	0	0	0	0	0	0	0	0	0	0	0	0	0	0	0	0	0	0	0	0	0	0	2004	0
FFQ	60	0	0	0	0	0	0	0	0	0	0	0	0	0	0	0	0	0	0	0	0	0	0	0	0	0	0	0	0	0	0	2004	0
FFQ	61	0	0	0	0	0	0	0	0	0	0	0	0	0	0	0	0	0	0	0	0	0	0	0	0	0	0	0	0	0	0	2004	0
FFQ	62	0	0	0	0	0	0	0	0	0	0	0	0	0	0	0	0	0	0	0	0	0	0	0	0	0	0	0	0	0	0	2004	0
FFQ	63	0	0	0	0	0	0	0	0	0	0	0	0	0	0	0	0	0	0	0	0	0	0	0	0	0	0	0	0	0	0	2004	0
FFQ	64	0	0	0	0	0	0	0	0	0	0	0	0	0	0	0	0	0	0	0	0	0	0	0	0	0	0	0	0	0	0	2004	0
FFQ	65	0	0	0	0	0	0	0	0	0	0	0	0	0	0	0	0	0	0	0	0	0	0	0	0	0	0	0	0	0	0	2004	0
FFQ	66	0	0	0	0	0	0	0	0	0	0	0	0	0	0	0	0	0	0	0	0	0	0	0	0	0	0	0	0	0	0	2004	0
FFQ	67	0	0	0	0	0	0	0	0	0	0	0	0	0	0	0	0	0	0	0	0	0	0	0	0	0	0	0	0	0	0	2004	0
FFQ	68	0	0	0	0	0	0	0	0	0	0	0	0	0	0	0	0	0	0	0	0	0	0	0	0	0	0	0	0	0	0	2004	0
FFQ	69	0	0	0	0	0	0	0	0	0	0	0	0	0	0	0	0	0	0	0	0	0	0	0	0	0	0	0	0	0	0	2004	0
FFQ	70	0	0	0	0	0	0	0	0	0	0	0	0	0	0	0	0	0	0	0	0	0	0	0	0	0	0	0	0	0	0	2004	0
FFQ	71	0	0	0	0	0	0	0	0	0	0	0	0	0	0	0	0	0	0	0	0	0	0	0	0	0	0	0	0	0	0	2004	0
FFQ	72	0	0	0	0	0	0	0	0	0	0	0	0	0	0	0	0	0	0	0	0	0	0	0	0	0	0	0	0	0	0	2004	0
FFQ	73	0	0	0	0	0	0	0	0	0	0	0	0	0	0	0	0	0	0	0	0	0	0	0	0	0	0	0	0	0	0	2004	0
FFQ	74	0	0	0	0	0	0	0	0	0	0	0	0	0	0	0	0	0	0	0	0	0	0	0	0	0	0	0	0	0	0	2004	0
FFQ	75	0	0	0	0	0	0	0	0	0	0	0	0	0	0	0	0	0	0	0	0	0	0	0	0	0	0	0	0	0	0	2004	0
FFQ	76	0	0	0	0	0	0	0	0	0	0	0	0	0	0	0	0	0	0	0	0	0	0	0	0	0	0	0	0	0	0	2004	0
FFQ	77	0	0	0	0	0	0	0	0	0	0	0	0	0	0	0	0	0	0	0	0	0	0	0	0	0	0	0	0	0	0	2004	0
FFQ	78	0	0	0	0	0	0	0	0	0	0	0	0	0	0	0	0	0	0	0	0	0	0	0	0	0	0	0	0	0	0	2004	0
FFQ	79	0	0	0	0	0	0	0	0	0	0	0	0	0	0	0	0	0	0	0	0	0	0	0	0	0	0	0	0	0	0	2004	0
FFQ	80	0	0	0	0	0	0	0	0	0	0	0	0	0	0	0	0	0	0	0	0	0	0	0	0	0	0	0	0	0	0	2004	0
FFQ	81	0	0	0	0	0	0	0	0	0	0	0	0	0	0	0	0	0	0	0	0	0	0	0	0	0	0	0	0	0	0	2004	0
FFQ	82	0	0	0	0	0	0	0	0	0	0	0	0	0	0	0	0	0	0	0	0	0	0	0	0	0	0	0	0	0	0	2004	0
FFQ	83	0	0	0	0	0	0	0	0	0	0	0	0	0	0	0	0	0	0	0	0	0	0	0	0	0	0	0	0	0	0	2004	0
FFQ	84	0	0	0	0	0	0	0	0	0	0	0	0	0	0	0	0	0	0	0	0	0	0	0	0	0	0	0	0	0	0	2004	0
FFQ	85	0	0	0	0	0	0	0	0	0	0	0	0	0	0	0	0	0	0	0	0	0	0	0	0	0	0	0	0	0	0	2004	0
FFQ	86	0	0	0	0	0	0	0	0	0	0	0	0	0	0	0	0	0	0	0	0	0	0	0	0	0	0	0	0	0	0	2004	0
FFQ	87	0	0	0	0	0	0	0	0	0	0	0	0	0	0	0	0	0	0	0	0	0	0	0	0	0	0	0	0	0	0	2004	0
FFQ	88	0	0	0	0	0	0	0	0	0	0	0	0	0	0	0	0	0	0	0	0	0	0	0	0	0	0	0	0	0	0	2004	0
FFQ	89	0	0	0	0	0	0	0	0	0	0	0	0	0	0	0	0	0	0	0	0	0	0	0	0	0	0	0	0	0	0	2004	0
FFQ	90	0	0	0	0	0	0	0	0	0	0	0	0	0	0	0	0	0	0	0	0	0	0	0	0	0	0	0	0	0	0	2004	0
FFQ	91	0	0	0	0	0	0	0	0	0	0	0	0	0	0	0	0	0	0	0	0	0	0	0	0	0	0	0	0	0	0	2004	0
FFQ	92	0	0	0	0	0	0	0	0	0	0	0	0	0	0	0	0	0	0	0	0	0	0	0	0	0	0	0	0	0	0	2004	0
FFQ	93	0	0	0	0	0	0	0	0	0	0	0	0	0	0	0	0	0	0	0	0	0	0	0	0	0	0	0	0	0	0	2004	0
FFQ	94	0	0	0	0	0	0	0	0	0	0	0	0	0	0	0	0	0	0	0	0	0	0	0	0	0	0	0	0	0	0	2004	0
FFQ	95	0	0	0	0	0	0	0	0	0	0	0	0	0	0	0	0	0	0	0	0	0	0	0	0	0	0	0	0	0	0	2004	0
FFQ	96	0	0	0	0	0	0	0	0	0	0	0	0	0	0	0	0	0	0	0	0	0	0	0	0	0	0	0	0	0	0	2004	0
FFQ	97	0	0	0	0	0	0	0	0	0	0	0	0	0	0	0	0	0	0	0	0	0	0	0	0	0	0	0	0	0	0	2004	0
FFQ	98	0	0	0	0	0	0	0	0	0	0	0	0	0	0	0	0	0	0	0	0	0	0	0	0	0	0	0	0	0	0	2004	0
FFQ	99	0	0	0	0	0	0	0	0	0	0	0	0	0	0	0	0	0	0	0	0	0	0	0	0	0	0	0	0	0	0	2004	0
FFQ	100	0	0	0	0	0	0	0	0	0	0	0	0	0	0	0	0	0	0	0	0	0	0	0	0	0	0	0	0	0	0	2004	0
FFQ	101	0	0	0	0	0	0	0	0	0	0	0	0	0	0	0	0	0	0	0	0	0	0	0	0	0	0	0	0	0	0	2004	0
FFQ	102	0	0	0	0	0	0	0	0	0	0	0	0	0	0	0	0	0	0	0	0	0	0	0	0	0	0	0	0	0	0	2004	0
FFQ	103	0	0	0	0	0	0	0	0	0	0	0	0	0	0	0	0	0	0	0	0	0	0	0	0	0	0	0	0	0	0	2004	0
FFQ	104	0	0	0	0	0	0	0	0	0	0	0	0	0	0	0	0	0	0	0	0	0	0	0	0	0	0	0	0	0	0	2004	0
FFQ	105	0	0	0	0	0	0	0	0	0	0	0	0	0	0	0	0	0	0	0	0	0	0	0	0	0	0	0	0	0	0	2004	0
FFQ	106	0	0	0	0	0	0	0	0	0	0	0	0	0	0	0	0	0	0	0	0	0	0	0	0	0	0	0	0	0	0	2004	0
FFQ	107	0	0	0	0	0	0	0	0	0	0	0	0	0	0	0	0	0	0	0	0	0	0	0	0	0	0	0	0	0	0	2004	0
FFQ	108	0	0	0	0	0	0	0	0	0	0	0	0	0	0	0	0	0	0	0	0	0	0	0	0	0	0	0	0	0	0	2004	0
FFQ	109	0	0	0	0	0	0	0	0	0	0	0	0	0	0	0	0	0	0	0	0	0	0	0	0	0	0	0	0	0	0	2004	0
FFQ	110	0	0	0	0	0	0	0	0	0	0	0	0	0	0	0	0	0	0	0	0	0	0	0	0	0	0	0	0	0	0	2004	0
FFQ	111	0	0	0	0	0	0	0	0	0	0	0	0	0	0	0	0	0	0	0	0	0	0	0	0	0	0	0	0	0	0	2004	0
FFQ	112	0	0	0	0	0	0	0	0	0	0	0	0	0	0	0	0	0	0	0	0	0	0	0	0	0	0	0	0	0	0	2004	0
FFQ	113	0	0	0	0	0	0	0	0	0	0	0	0	0	0	0	0	0	0	0	0	0	0	0	0	0	0	0	0	0	0	2004	0
FFQ	114	0	0	0	0	0	0	0	0	0	0	0	0	0	0	0	0	0	0	0	0	0	0	0	0	0	0	0	0	0	0	2004	0
FFQ	115	0	0	0	0	0	0	0	0	0	0	0	0	0	0	0	0	0	0	0	0	0	0	0	0	0	0	0	0	0	0	2004	0
FFQ	116	0	0	0	0	0	0	0	0	0	0	0	0	0	0	0	0	0	0	0	0	0	0	0	0	0	0	0	0	0	0	2004	0
FFQ	117	0	0	0	0	0	0	0	0	0	0	0	0	0	0	0	0	0	0	0	0	0	0	0	0	0	0	0	0	0	0	2004	0
FFQ	118	0	0	0	0	0	0	0	0	0	0	0	0	0	0	0	0	0	0	0	0	0	0	0	0	0	0	0	0	0	0	2004	0
FFQ	119	0	0	0	0	0	0	0	0	0	0	0	0	0	0	0	0	0	0	0	0	0	0	0	0	0	0	0	0	0	0	2004	0
FFQ	120	0	0	0	0	0	0	0	0	0	0	0	0	0	0	0	0	0	0	0	0	0	0	0	0	0	0	0	0	0	0	2004	0
FFQ	121	0	0	0	0	0	0	0	0	0	0	0	0	0	0	0	0	0	0	0	0	0	0	0	0	0	0	0	0	0	0	2004	0
FFQ	122	0	0	0	0	0	0	0	0	0	0	0	0	0	0	0	0	0	0	0	0	0	0	0	0	0	0	0	0	0	0	2004	0
FFQ	123	0	0	0	0	0	0	0	0	0	0	0	0	0	0	0	0	0	0	0	0	0	0	0	0	0	0	0	0	0	0	2004	0
FFQ	124	0	0	0	0	0	0	0	0	0	0	0	0	0	0	0	0	0	0	0	0	0	0	0	0	0	0	0	0	0	0	2004	0
FFQ	125	0	0	0	0	0	0	0	0	0	0	0	0	0	0	0	0	0	0	0	0	0	0	0	0	0	0	0	0	0	0	2004	0
FFQ	126	0	0	0	0	0	0	0	0	0	0	0	0	0	0	0	0	0	0	0	0	0	0	0	0	0	0	0	0	0	0	2004	0
FFQ	127	0	0	0	0	0	0	0	0	0	0	0	0	0	0	0	0	0	0	0	0	0	0	0	0	0	0	0	0	0	0	2004	0
FFQ	128	0	0	0	0	0	0	0	0	0	0	0	0	0	0	0	0	0	0	0	0	0	0	0	0	0	0	0	0	0	0	2004	0
FFQ	129	0	0	0	0	0	0	0	0	0	0	0	0	0	0	0	0	0	0	0	0	0	0	0	0	0	0	0	0	0	0	2004	0
FFQ	130	0	0	0	0	0	0	0	0	0	0	0	0	0	0	0	0	0	0	0	0	0	0	0	0	0	0	0	0	0	0	2004	0
FFQ	131	0	0	0	0	0	0	0	0	0	0	0	0	0	0	0	0	0	0	0	0	0	0	0	0	0	0	0	0	0	0	2004	0
FFQ	132	0	0	0	0	0	0	0	0	0	0	0	0	0	0	0	0	0	0	0	0	0	0	0	0	0	0	0	0	0	0	2004	0
FFQ	133	0	0	0	0	0	0	0	0	0	0	0	0	0	0	0	0	0	0	0	0	0	0	0	0	0	0	0	0	0	0	2004	0
FFQ	134	0	0	0	0	0	0	0	0	0	0	0	0	0	0	0	0	0	0	0	0	0	0	0	0	0	0	0	0	0	0	2004	0
FFQ	135	0	0	0	0	0	0	0	0	0	0	0	0	0	0	0	0	0	0	0	0	0	0	0	0	0	0	0	0	0	0	2004	0
FFQ	136	0	0	0	0	0	0	0	0	0	0	0	0	0	0	0	0	0	0	0	0	0	0	0	0	0	0	0	0	0	0	2004	0
FFQ	137	0	0	0	0	0	0	0	0	0	0	0	0	0	0	0	0	0	0	0	0	0	0	0	0	0	0	0	0	0	0	2004	0
FFQ	138	0	0	0	0	0	0	0	0	0	0	0	0	0	0	0	0	0	0	0	0	0	0	0	0	0	0	0	0	0	0	2004	0
FFQ	139	0	0	0	0	0	0	0	0	0	0	0	0	0	0	0	0	0	0	0	0	0	0	0	0	0	0	0	0	0	0	2004	0
FFQ	140	0	0	0	0	0	0	0	0	0	0	0	0	0	0	0	0	0	0	0	0	0	0	0	0	0	0	0	0	0	0	2004	0
FFQ	141	0	0	0	0	0	0	0	0	0	0	0	0	0	0	0	0	0	0	0	0	0	0	0	0	0	0	0	0	0	0	2004	0
FFQ	142	0	0	0	0	0	0	0	0	0	0	0	0	0	0	0	0	0	0	0	0	0	0	0	0	0	0	0	0	0	0	2004	0
FFQ	143	0	0	0	0	0	0	0	0	0	0	0	0	0	0	0	0	0	0	0	0	0	0	0	0	0	0	0	0	0	0	2004	0
FFQ	144	0	0	0	0	0	0	0	0	0	0	0	0	0	0	0	0	0	0	0	0	0	0	0	0	0	0	0	0	0	0	2004	0
FFQ	145	0	0	0	0	0	0	0	0	0	0	0	0	0	0	0	0	0	0	0	0	0	0	0	0	0	0	0	0	0	0	2004	0
FFQ	146	0	0	0	0	0	0	0	0	0	0	0	0	0	0	0	0	0	0	0	0	0	0	0	0	0	0	0	0	0	0	2004	0
FFQ	147	0	0	0	0	0	0	0	0	0	0	0	0	0	0	0	0	0	0	0	0	0	0	0	0	0	0	0	0	0	0	2004	0
FFQ	148	0	0	0	0	0	0	0	0	0	0	0	0	0	0	0	0	0	0	0	0	0	0	0	0	0	0	0	0	0	0	2004	0
FFQ	149	0	0	0	0	0	0	0	0	0	0	0	0	0	0	0	0	0	0	0	0	0	0	0	0	0	0	0	0	0	0	2004	0
FFQ	150	0	0	0	0	0	0	0	0	0	0	0	0	0	0	0	0	0	0	0	0	0	0	0	0	0	0	0	0	0	0	2004	0
# Last Fragment Qualities. Use `grep ^LFQ | cut -f 2-` to extract this part.
# Columns correspond to qualities and rows to cycles. First column is the cycle number.
LFQ	1	0	0	0	0	0	0	0	0	0	0	0	0	0	0	0	0	0	0	0	0	0	0	0	0	0	0	0	0	0	0	2004	0
LFQ	2	0	0	0	0	0	0	0	0	0	0	0	0	0	0	0	0	0	0	0	0	0	0	0	0	0	0	0	0	0	0	2004	0
LFQ	3	0	0	0	0	0	0	0	0	0	0	0	0	0	0	0	0	0	0	0	0	0	0	0	0	0	0	0	0	0	0	2004	0
LFQ	4	0	0	0	0	0	0	0	0	0	0	0	0	0	0	0	0	0	0	0	0	0	0	0	0	0	0	0	0	0	0	2004	0
LFQ	5	0	0	0	0	0	0	0	0	0	0	0	0	0	0	0	0	0	0	0	0	0	0	0	0	0	0	0	0	0	0	2004	0
LFQ	6	0	0	0	0	0	0	0	0	0	0	0	0	0	0	0	0	0	0	0	0	0	0	0	0	0	0	0	0	0	0	2004	0
LFQ	7	0	0	0	0	0	0	0	0	0	0	0	0	0	0	0	0	0	0	0	0	0	0	0	0	0	0	0	0	0	0	2004	0
LFQ	8	0	0	0	0	0	0	0	0	0	0	0	0	0	0	0	0	0	0	0	0	0	0	0	0	0	0	0	0	0	0	2004	0
LFQ	9	0	0	0	0	0	0	0	0	0	0	0	0	0	0	0	0	0	0	0	0	0	0	0	0	0	0	0	0	0	0	2004	0
LFQ	10	0	0	0	0	0	0	0	0	0	0	0	0	0	0	0	0	0	0	0	0	0	0	0	0	0	0	0	0	0	0	2004	0
LFQ	11	0	0	0	0	0	0	0	0	0	0	0	0	0	0	0	0	0	0	0	0	0	0	0	0	0	0	0	0	0	0	2004	0
LFQ	12	0	0	0	0	0	0	0	0	0	0	0	0	0	0	0	0	0	0	0	0	0	0	0	0	0	0	0	0	0	0	2004	0
LFQ	13	0	0	0	0	0	0	0	0	0	0	0	0	0	0	0	0	0	0	0	0	0	0	0	0	0	0	0	0	0	0	2004	0
LFQ	14	0	0	0	0	0	0	0	0	0	0	0	0	0	0	0	0	0	0	0	0	0	0	0	0	0	0	0	0	0	0	2004	0
LFQ	15	0	0	0	0	0	0	0	0	0	0	0	0	0	0	0	0	0	0	0	0	0	0	0	0	0	0	0	0	0	0	2004	0
LFQ	16	0	0	0	0	0	0	0	0	0	0	0	0	0	0	0	0	0	0	0	0	0	0	0	0	0	0	0	0	0	0	2004	0
LFQ	17	0	0	0	0	0	0	0	0	0	0	0	0	0	0	0	0	0	0	0	0	0	0	0	0	0	0	0	0	0	0	2004	0
LFQ	18	0	0	0	0	0	0	0	0	0	0	0	0	0	0	0	0	0	0	0	0	0	0	0	0	0	0	0	0	0	0	2004	0
LFQ	19	0	0	0	0	0	0	0	0	0	0	0	0	0	0	0	0	0	0	0	0	0	0	0	0	0	0	0	0	0	0	2004	0
LFQ	20	0	0	0	0	0	0	0	0	0	0	0	0	0	0	0	0	0	0	0	0	0	0	0	0	0	0	0	0	0	0	2004	0
LFQ	21	0	0	0	0	0	0	0	0	0	0	0	0	0	0	0	0	0	0	0	0	0	0	0	0	0	0	0	0	0	0	2004	0
LFQ	22	0	0	0	0	0	0	0	0	0	0	0	0	0	0	0	0	0	0	0	0	0	0	0	0	0	0	0	0	0	0	2004	0
LFQ	23	0	0	0	0	0	0	0	0	0	0	0	0	0	0	0	0	0	0	0	0	0	0	0	0	0	0	0	0	0	0	2004	0
LFQ	24	0	0	0	0	0	0	0	0	0	0	0	0	0	0	0	0	0	0	0	0	0	0	0	0	0	0	0	0	0	0	2004	0
LFQ	25	0	0	0	0	0	0	0	0	0	0	0	0	0	0	0	0	0	0	0	0	0	0	0	0	0	0	0	0	0	0	2004	0
LFQ	26	0	0	0	0	0	0	0	0	0	0	0	0	0	0	0	0	0	0	0	0	0	0	0	0	0	0	0	0	0	0	2004	0
LFQ	27	0	0	0	0	0	0	0	0	0	0	0	0	0	0	0	0	0	0	0	0	0	0	0	0	0	0	0	0	0	0	2004	0
LFQ	28	0	0	0	0	0	0	0	0	0	0	0	0	0	0	0	0	0	0	0	0	0	0	0	0	0	0	0	0	0	0	2004	0
LFQ	29	0	0	0	0	0	0	0	0	0	0	0	0	0	0	0	0	0	0	0	0	0	0	0	0	0	0	0	0	0	0	2004	0
LFQ	30	0	0	0	0	0	0	0	0	0	0	0	0	0	0	0	0	0	0	0	0	0	0	0	0	0	0	0	0	0	0	2004	0
LFQ	31	0	0	0	0	0	0	0	0	0	0	0	0	0	0	0	0	0	0	0	0	0	0	0	0	0	0	0	0	0	0	2004	0
LFQ	32	0	0	0	0	0	0	0	0	0	0	0	0	0	0	0	0	0	0	0	0	0	0	0	0	0	0	0	0	0	0	2004	0
LFQ	33	0	0	0	0	0	0	0	0	0	0	0	0	0	0	0	0	0	0	0	0	0	0	0	0	0	0	0	0	0	0	2004	0
LFQ	34	0	0	0	0	0	0	0	0	0	0	0	0	0	0	0	0	0	0	0	0	0	0	0	0	0	0	0	0	0	0	2004	0
LFQ	35	0	0	0	0	0	0	0	0	0	0	0	0	0	0	0	0	0	0	0	0	0	0	0	0	0	0	0	0	0	0	2004	0
LFQ	36	0	0	0	0	0	0	0	0	0	0	0	0	0	0	0	0	0	0	0	0	0	0	0	0	0	0	0	0	0	0	2004	0
LFQ	37	0	0	0	0	0	0	0	0	0	0	0	0	0	0	0	0	0	0	0	0	0	0	0	0	0	0	0	0	0	0	2004	0
LFQ	38	0	0	0	0	0	0	0	0	0	0	0	0	0	0	0	0	0	0	0	0	0	0	0	0	0	0	0	0	0	0	2004	0
LFQ	39	0	0	0	0	0	0	0	0	0	0	0	0	0	0	0	0	0	0	0	0	0	0	0	0	0	0	0	0	0	0	2004	0
LFQ	40	0	0	0	0	0	0	0	0	0	0	0	0	0	0	0	0	0	0	0	0	0	0	0	0	0	0	0	0	0	0	2004	0
LFQ	41	0	0	0	0	0	0	0	0	0	0	0	0	0	0	0	0	0	0	0	0	0	0	0	0	0	0	0	0	0	0	2004	0
LFQ	42	0	0	0	0	0	0	0	0	0	0	0	0	0	0	0	0	0	0	0	0	0	0	0	0	0	0	0	0	0	0	2004	0
LFQ	43	0	0	0	0	0	0	0	0	0	0	0	0	0	0	0	0	0	0	0	0	0	0	0	0	0	0	0	0	0	0	2004	0
LFQ	44	0	0	0	0	0	0	0	0	0	0	0	0	0	0	0	0	0	0	0	0	0	0	0	0	0	0	0	0	0	0	2004	0
LFQ	45	0	0	0	0	0	0	0	0	0	0	0	0	0	0	0	0	0	0	0	0	0	0	0	0	0	0	0	0	0	0	2004	0
LFQ	46	0	0	0	0	0	0	0	0	0	0	0	0	0	0	0	0	0	0	0	0	0	0	0	0	0	0	0	0	0	0	2004	0
LFQ	47	0	0	0	0	0	0	0	0	0	0	0	0	0	0	0	0	0	0	0	0	0	0	0	0	0	0	0	0	0	0	2004	0
LFQ	48	0	0	0	0	0	0	0	0	0	0	0	0	0	0	0	0	0	0	0	0	0	0	0	0	0	0	0	0	0	0	2004	0
LFQ	49	0	0	0	0	0	0	0	0	0	0	0	0	0	0	0	0	0	0	0	0	0	0	0	0	0	0	0	0	0	0	2004	0
LFQ	50	0	0	0	0	0	0	0	0	0	0	0	0	0	0	0	0	0	0	0	0	0	0	0	0	0	0	0	0	0	0	2004	0
LFQ	51	0	0	0	0	0	0	0	0	0	0	0	0	0	0	0	0	0	0	0	0	0	0	0	0	0	0	0	0	0	0	2004	0
LFQ	52	0	0	0	0	0	0	0	0	0	0	0	0	0	0	0	0	0	0	0	0	0	0	0	0	0	0	0	0	0	0	2004	0
LFQ	53	0	0	0	0	0	0	0	0	0	0	0	0	0	0	0	0	0	0	0	0	0	0	0	0	0	0	0	0	0	0	2004	0
LFQ	54	0	0	0	0	0	0	0	0	0	0	0	0	0	0	0	0	0	0	0	0	0	0	0	0	0	0	0	0	0	0	2004	0
LFQ	55	0	0	0	0	0	0	0	0	0	0	0	0	0	0	0	0	0	0	0	0	0	0	0	0	0	0	0	0	0	0	2004	0
LFQ	56	0	0	0	0	0	0	0	0	0	0	0	0	0	0	0	0	0	0	0	0	0	0	0	0	0	0	0	0	0	0	2004	0
LFQ	57	0	0	0	0	0	0	0	0	0	0	0	0	0	0	0	0	0	0	0	0	0	0	0	0	0	0	0	0	0	0	2004	0
LFQ	58	0	0	0	0	0	0	0	0	0	0	0	0	0	0	0	0	0	0	0	0	0	0	0	0	0	0	0	0	0	0	2004	0
LFQ	59	0	0	0	0	0	0	0	0	0	0	0	0	0	0	0	0	0	0	0	0	0	0	0	0	0	0	0	0	0	0	2004	0
LFQ	60	0	0	0	0	0	0	0	0	0	0	0	0	0	0	0	0	0	0	0	0	0	0	0	0	0	0	0	0	0	0	2004	0
LFQ	61	0	0	0	0	0	0	0	0	0	0	0	0	0	0	0	0	0	0	0	0	0	0	0	0	0	0	0	0	0	0	2004	0
LFQ	62	0	0	0	0	0	0	0	0	0	0	0	0	0	0	0	0	0	0	0	0	0	0	0	0	0	0	0	0	0	0	2004	0
LFQ	63	0	0	0	0	0	0	0	0	0	0	0	0	0	0	0	0	0	0	0	0	0	0	0	0	0	0	0	0	0	0	2004	0
LFQ	64	0	0	0	0	0	0	0	0	0	0	0	0	0	0	0	0	0	0	0	0	0	0	0	0	0	0	0	0	0	0	2004	0
LFQ	65	0	0	0	0	0	0	0	0	0	0	0	0	0	0	0	0	0	0	0	0	0	0	0	0	0	0	0	0	0	0	2004	0
LFQ	66	0	0	0	0	0	0	0	0	0	0	0	0	0	0	0	0	0	0	0	0	0	0	0	0	0	0	0	0	0	0	2004	0
LFQ	67	0	0	0	0	0	0	0	0	0	0	0	0	0	0	0	0	0	0	0	0	0	0	0	0	0	0	0	0	0	0	2004	0
LFQ	68	0	0	0	0	0	0	0	0	0	0	0	0	0	0	0	0	0	0	0	0	0	0	0	0	0	0	0	0	0	0	2004	0
LFQ	69	0	0	0	0	0	0	0	0	0	0	0	0	0	0	0	0	0	0	0	0	0	0	0	0	0	0	0	0	0	0	2004	0
LFQ	70	0	0	0	0	0	0	0	0	0	0	0	0	0	0	0	0	0	0	0	0	0	0	0	0	0	0	0	0	0	0	2004	0
LFQ	71	0	0	0	0	0	0	0	0	0	0	0	0	0	0	0	0	0	0	0	0	0	0	0	0	0	0	0	0	0	0	2004	0
LFQ	72	0	0	0	0	0	0	0	0	0	0	0	0	0	0	0	0	0	0	0	0	0	0	0	0	0	0	0	0	0	0	2004	0
LFQ	73	0	0	0	0	0	0	0	0	0	0	0	0	0	0	0	0	0	0	0	0	0	0	0	0	0	0	0	0	0	0	2004	0
LFQ	74	0	0	0	0	0	0	0	0	0	0	0	0	0	0	0	0	0	0	0	0	0	0	0	0	0	0	0	0	0	0	2004	0
LFQ	75	0	0	0	0	0	0	0	0	0	0	0	0	0	0	0	0	0	0	0	0	0	0	0	0	0	0	0	0	0	0	2004	0
LFQ	76	0	0	0	0	0	0	0	0	0	0	0	0	0	0	0	0	0	0	0	0	0	0	0	0	0	0	0	0	0	0	2004	0
LFQ	77	0	0	0	0	0	0	0	0	0	0	0	0	0	0	0	0	0	0	0	0	0	0	0	0	0	0	0	0	0	0	2004	0
LFQ	78	0	0	0	0	0	0	0	0	0	0	0	0	0	0	0	0	0	0	0	0	0	0	0	0	0	0	0	0	0	0	2004	0
LFQ	79	0	0	0	0	0	0	0	0	0	0	0	0	0	0	0	0	0	0	0	0	0	0	0	0	0	0	0	0	0	0	2004	0
LFQ	80	0	0	0	0	0	0	0	0	0	0	0	0	0	0	0	0	0	0	0	0	0	0	0	0	0	0	0	0	0	0	2004	0
LFQ	81	0	0	0	0	0	0	0	0	0	0	0	0	0	0	0	0	0	0	0	0	0	0	0	0	0	0	0	0	0	0	2004	0
LFQ	82	0	0	0	0	0	0	0	0	0	0	0	0	0	0	0	0	0	0	0	0	0	0	0	0	0	0	0	0	0	0	2004	0
LFQ	83	0	0	0	0	0	0	0	0	0	0	0	0	0	0	0	0	0	0	0	0	0	0	0	0	0	0	0	0	0	0	2004	0
LFQ	84	0	0	0	0	0	0	0	0	0	0	0	0	0	0	0	0	0	0	0	0	0	0	0	0	0	0	0	0	0	0	2004	0
LFQ	85	0	0	0	0	0	0	0	0	0	0	0	0	0	0	0	0	0	0	0	0	0	0	0	0	0	0	0	0	0	0	2004	0
LFQ	86	0	0	0	0	0	0	0	0	0	0	0	0	0	0	0	0	0	0	0	0	0	0	0	0	0	0	0	0	0	0	2004	0
LFQ	87	0	0	0	0	0	0	0	0	0	0	0	0	0	0	0	0	0	0	0	0	0	0	0	0	0	0	0	0	0	0	2004	0
LFQ	88	0	0	0	0	0	0	0	0	0	0	0	0	0	0	0	0	0	0	0	0	0	0	0	0	0	0	0	0	0	0	2004	0
LFQ	89	0	0	0	0	0	0	0	0	0	0	0	0	0	0	0	0	0	0	0	0	0	0	0	0	0	0	0	0	0	0	2004	0
LFQ	90	0	0	0	0	0	0	0	0	0	0	0	0	0	0	0	0	0	0	0	0	0	0	0	0	0	0	0	0	0	0	2004	0
LFQ	91	0	0	0	0	0	0	0	0	0	0	0	0	0	0	0	0	0	0	0	0	0	0	0	0	0	0	0	0	0	0	2004	0
LFQ	92	0	0	0	0	0	0	0	0	0	0	0	0	0	0	0	0	0	0	0	0	0	0	0	0	0	0	0	0	0	0	2004	0
LFQ	93	0	0	0	0	0	0	0	0	0	0	0	0	0	0	0	0	0	0	0	0	0	0	0	0	0	0	0	0	0	0	2004	0
LFQ	94	0	0	0	0	0	0	0	0	0	0	0	0	0	0	0	0	0	0	0	0	0	0	0	0	0	0	0	0	0	0	2004	0
LFQ	95	0	0	0	0	0	0	0	0	0	0	0	0	0	0	0	0	0	0	0	0	0	0	0	0	0	0	0	0	0	0	2004	0
LFQ	96	0	0	0	0	0	0	0	0	0	0	0	0	0	0	0	0	0	0	0	0	0	0	0	0	0	0	0	0	0	0	2004	0
LFQ	97	0	0	0	0	0	0	0	0	0	0	0	0	0	0	0	0	0	0	0	0	0	0	0	0	0	0	0	0	0	0	2004	0
LFQ	98	0	0	0	0	0	0	0	0	0	0	0	0	0	0	0	0	0	0	0	0	0	0	0	0	0	0	0	0	0	0	2004	0
LFQ	99	0	0	0	0	0	0	0	0	0	0	0	0	0	0	0	0	0	0	0	0	0	0	0	0	0	0	0	0	0	0	2004	0
LFQ	100	0	0	0	0	0	0	0	0	0	0	0	0	0	0	0	0	0	0	0	0	0	0	0	0	0	0	0	0	0	0	2004	0
LFQ	101	0	0	0	0	0	0	0	0	0	0	0	0	0	0	0	0	0	0	0	0	0	0	0	0	0	0	0	0	0	0	2004	0
LFQ	102	0	0	0	0	0	0	0	0	0	0	0	0	0	0	0	0	0	0	0	0	0	0	0	0	0	0	0	0	0	0	2004	0
LFQ	103	0	0	0	0	0	0	0	0	0	0	0	0	0	0	0	0	0	0	0	0	0	0	0	0	0	0	0	0	0	0	2004	0
LFQ	104	0	0	0	0	0	0	0	0	0	0	0	0	0	0	0	0	0	0	0	0	0	0	0	0	0	0	0	0	0	0	2004	0
LFQ	105	0	0	0	0	0	0	0	0	0	0	0	0	0	0	0	0	0	0	0	0	0	0	0	0	0	0	0	0	0	0	2004	0
LFQ	106	0	0	0	0	0	0	0	0	0	0	0	0	0	0	0	0	0	0	0	0	0	0	0	0	0	0	0	0	0	0	2004	0
LFQ	107	0	0	0	0	0	0	0	0	0	0	0	0	0	0	0	0	0	0	0	0	0	0	0	0	0	0	0	0	0	0	2004	0
LFQ	108	0	0	0	0	0	0	0	0	0	0	0	0	0	0	0	0	0	0	0	0	0	0	0	0	0	0	0	0	0	0	2004	0
LFQ	109	0	0	0	0	0	0	0	0	0	0	0	0	0	0	0	0	0	0	0	0	0	0	0	0	0	0	0	0	0	0	2004	0
LFQ	110	0	0	0	0	0	0	0	0	0	0	0	0	0	0	0	0	0	0	0	0	0	0	0	0	0	0	0	0	0	0	2004	0
LFQ	111	0	0	0	0	0	0	0	0	0	0	0	0	0	0	0	0	0	0	0	0	0	0	0	0	0	0	0	0	0	0	2004	0
LFQ	112	0	0	0	0	0	0	0	0	0	0	0	0	0	0	0	0	0	0	0	0	0	0	0	0	0	0	0	0	0	0	2004	0
LFQ	113	0	0	0	0	0	0	0	0	0	0	0	0	0	0	0	0	0	0	0	0	0	0	0	0	0	0	0	0	0	0	2004	0
LFQ	114	0	0	0	0	0	0	0	0	0	0	0	0	0	0	0	0	0	0	0	0	0	0	0	0	0	0	0	0	0	0	2004	0
LFQ	115	0	0	0	0	0	0	0	0	0	0	0	0	0	0	0	0	0	0	0	0	0	0	0	0	0	0	0	0	0	0	2004	0
LFQ	116	0	0	0	0	0	0	0	0	0	0	0	0	0	0	0	0	0	0	0	0	0	0	0	0	0	0	0	0	0	0	2004	0
LFQ	117	0	0	0	0	0	0	0	0	0	0	0	0	0	0	0	0	0	0	0	0	0	0	0	0	0	0	0	0	0	0	2004	0
LFQ	118	0	0	0	0	0	0	0	0	0	0	0	0	0	0	0	0	0	0	0	0	0	0	0	0	0	0	0	0	0	0	2004	0
LFQ	119	0	0	0	0	0	0	0	0	0	0	0	0	0	0	0	0	0	0	0	0	0	0	0	0	0	0	0	0	0	0	2004	0
LFQ	120	0	0	0	0	0	0	0	0	0	0	0	0	0	0	0	0	0	0	0	0	0	0	0	0	0	0	0	0	0	0	2004	0
LFQ	121	0	0	0	0	0	0	0	0	0	0	0	0	0	0	0	0	0	0	0	0	0	0	0	0	0	0	0	0	0	0	2004	0
LFQ	122	0	0	0	0	0	0	0	0	0	0	0	0	0	0	0	0	0	0	0	0	0	0	0	0	0	0	0	0	0	0	2004	0
LFQ	123	0	0	0	0	0	0	0	0	0	0	0	0	0	0	0	0	0	0	0	0	0	0	0	0	0	0	0	0	0	0	2004	0
LFQ	124	0	0	0	0	0	0	0	0	0	0	0	0	0	0	0	0	0	0	0	0	0	0	0	0	0	0	0	0	0	0	2004	0
LFQ	125	0	0	0	0	0	0	0	0	0	0	0	0	0	0	0	0	0	0	0	0	0	0	0	0	0	0	0	0	0	0	2004	0
LFQ	126	0	0	0	0	0	0	0	0	0	0	0	0	0	0	0	0	0	0	0	0	0	0	0	0	0	0	0	0	0	0	2004	0
LFQ	127	0	0	0	0	0	0	0	0	0	0	0	0	0	0	0	0	0	0	0	0	0	0	0	0	0	0	0	0	0	0	2004	0
LFQ	128	0	0	0	0	0	0	0	0	0	0	0	0	0	0	0	0	0	0	0	0	0	0	0	0	0	0	0	0	0	0	2004	0
LFQ	129	0	0	0	0	0	0	0	0	0	0	0	0	0	0	0	0	0	0	0	0	0	0	0	0	0	0	0	0	0	0	2004	0
LFQ	130	0	0	0	0	0	0	0	0	0	0	0	0	0	0	0	0	0	0	0	0	0	0	0	0	0	0	0	0	0	0	2004	0
LFQ	131	0	0	0	0	0	0	0	0	0	0	0	0	0	0	0	0	0	0	0	0	0	0	0	0	0	0	0	0	0	0	2004	0
LFQ	132	0	0	0	0	0	0	0	0	0	0	0	0	0	0	0	0	0	0	0	0	0	0	0	0	0	0	0	0	0	0	2004	0
LFQ	133	0	0	0	0	0	0	0	0	0	0	0	0	0	0	0	0	0	0	0	0	0	0	0	0	0	0	0	0	0	0	2004	0
LFQ	134	0	0	0	0	0	0	0	0	0	0	0	0	0	0	0	0	0	0	0	0	0	0	0	0	0	0	0	0	0	0	2004	0
LFQ	135	0	0	0	0	0	0	0	0	0	0	0	0	0	0	0	0	0	0	0	0	0	0	0	0	0	0	0	0	0	0	2004	0
LFQ	136	0	0	0	0	0	0	0	0	0	0	0	0	0	0	0	0	0	0	0	0	0	0	0	0	0	0	0	0	0	0	2004	0
LFQ	137	0	0	0	0	0	0	0	0	0	0	0	0	0	0	0	0	0	0	0	0	0	0	0	0	0	0	0	0	0	0	2004	0
LFQ	138	0	0	0	0	0	0	0	0	0	0	0	0	0	0	0	0	0	0	0	0	0	0	0	0	0	0	0	0	0	0	2004	0
LFQ	139	0	0	0	0	0	0	0	0	0	0	0	0	0	0	0	0	0	0	0	0	0	0	0	0	0	0	0	0	0	0	2004	0
LFQ	140	0	0	0	0	0	0	0	0	0	0	0	0	0	0	0	0	0	0	0	0	0	0	0	0	0	0	0	0	0	0	2004	0
LFQ	141	0	0	0	0	0	0	0	0	0	0	0	0	0	0	0	0	0	0	0	0	0	0	0	0	0	0	0	0	0	0	2004	0
LFQ	142	0	0	0	0	0	0	0	0	0	0	0	0	0	0	0	0	0	0	0	0	0	0	0	0	0	0	0	0	0	0	2004	0
LFQ	143	0	0	0	0	0	0	0	0	0	0	0	0	0	0	0	0	0	0	0	0	0	0	0	0	0	0	0	0	0	0	2004	0
LFQ	144	0	0	0	0	0	0	0	0	0	0	0	0	0	0	0	0	0	0	0	0	0	0	0	0	0	0	0	0	0	0	2004	0
LFQ	145	0	0	0	0	0	0	0	0	0	0	0	0	0	0	0	0	0	0	0	0	0	0	0	0	0	0	0	0	0	0	2004	0
LFQ	146	0	0	0	0	0	0	0	0	0	0	0	0	0	0	0	0	0	0	0	0	0	0	0	0	0	0	0	0	0	0	2004	0
LFQ	147	0	0	0	0	0	0	0	0	0	0	0	0	0	0	0	0	0	0	0	0	0	0	0	0	0	0	0	0	0	0	2004	0
LFQ	148	0	0	0	0	0	0	0	0	0	0	0	0	0	0	0	0	0	0	0	0	0	0	0	0	0	0	0	0	0	0	2004	0
LFQ	149	0	0	0	0	0	0	0	0	0	0	0	0	0	0	0	0	0	0	0	0	0	0	0	0	0	0	0	0	0	0	2004	0
LFQ	150	0	0	0	0	0	0	0	0	0	0	0	0	0	0	0	0	0	0	0	0	0	0	0	0	0	0	0	0	0	0	2004	0
# GC Content of first fragments. Use `grep ^GCF | cut -f 2-` to extract this part.
GCF	8.54	0
GCF	17.34	2
GCF	18.09	1
GCF	19.10	3
GCF	20.10	1
GCF	20.85	3
GCF	21.36	2
GCF	22.11	3
GCF	22.86	6
GCF	23.37	5
GCF	24.12	12
GCF	24.87	17
GCF	25.38	14
GCF	26.13	17
GCF	26.88	13
GCF	27.39	23
GCF	28.14	22
GCF	28.89	35
GCF	29.40	25
GCF	30.40	32
GCF	31.41	41
GCF	32.16	54
GCF	32.91	53
GCF	33.42	72
GCF	33.92	63
GCF	34.67	70
GCF	35.43	79
GCF	35.93	63
GCF	36.68	85
GCF	37.44	90
GCF	37.94	69
GCF	38.69	60
GCF	39.45	63
GCF	39.95	83
GCF	40.70	75
GCF	41.46	57
GCF	42.46	56
GCF	43.47	51
GCF	43.97	38
GCF	44.72	47
GCF	45.48	50
GCF	45.98	45
GCF	46.73	53
GCF	47.49	29
GCF	47.99	34
GCF	48.74	23
GCF	49.50	24
GCF	50.00	19
GCF	50.75	10
GCF	51.51	13
GCF	52.01	20
GCF	52.76	13
GCF	53.52	11
GCF	54.02	7
GCF	54.77	6
GCF	55.53	5
GCF	56.03	6
GCF	57.04	3
GCF	58.04	6
GCF	58.79	3
GCF	59.55	8
GCF	60.05	6
GCF	60.80	2
GCF	61.56	1
GCF	62.06	3
GCF	62.81	1
GCF	63.82	0
GCF	64.82	2
GCF	65.58	1
GCF	67.84	0
GCF	70.10	1
# GC Content of last fragments. Use `grep ^GCL | cut -f 2-` to extract this part.
GCL	3.27	0
GCL	7.04	1
GCL	9.55	0
GCL	12.06	1
GCL	13.82	0
GCL	15.33	1
GCL	16.08	0
GCL	16.83	1
GCL	17.34	0
GCL	18.09	4
GCL	19.60	2
GCL	20.85	3
GCL	21.36	6
GCL	22.11	0
GCL	22.86	4
GCL	23.37	9
GCL	24.12	10
GCL	24.87	7
GCL	25.38	12
GCL	26.13	17
GCL	26.88	18
GCL	27.39	23
GCL	28.14	20
GCL	28.89	25
GCL	29.40	43
GCL	30.15	48
GCL	30.90	35
GCL	31.41	33
GCL	32.16	46
GCL	32.91	52
GCL	33.42	53
GCL	34.42	76
GCL	35.43	80
GCL	35.93	72
GCL	36.68	74
GCL	37.44	82
GCL	37.94	69
GCL	38.69	71
GCL	39.45	74
GCL	39.95	59
GCL	40.70	67
GCL	41.46	69
GCL	41.96	42
GCL	42.71	75
GCL	43.47	42
GCL	43.97	40
GCL	44.72	54
GCL	45.48	44
GCL	45.98	51
GCL	46.73	36
GCL	47.49	33
GCL	47.99	36
GCL	48.74	28
GCL	49.50	23
GCL	50.00	22
GCL	50.75	18
GCL	51.51	16
GCL	52.01	12
GCL	52.76	10
GCL	53.52	14
GCL	54.02	7
GCL	54.77	3
GCL	55.78	7
GCL	56.78	3
GCL	57.54	9
GCL	58.04	5
GCL	58.79	1
GCL	59.55	4
GCL	60.05	1
GCL	60.80	3
GCL	61.56	5
GCL	62.56	0
GCL	63.57	1
GCL	64.82	0
GCL	66.08	1
GCL	66.58	2
GCL	67.34	0
GCL	68.09	1
# ACGT content per cycle. Use `grep ^GCC | cut -f 2-` to extract this part. The columns are: cycle; A,C,G,T base counts as a percentage of all A/C/G/T bases [%]; and N and O counts as a percentage of all A/C/G/T bases [%]
GCC	1	30.09	19.89	19.64	30.39	0.00	0.00
GCC	2	30.74	20.38	19.01	29.87	0.00	0.00
GCC	3	30.86	18.19	19.19	31.76	0.00	0.00
GCC	4	29.82	19.16	19.56	31.46	0.00	0.00
GCC	5	30.14	19.76	19.24	30.86	0.00	0.00
GCC	6	30.66	20.58	17.79	30.96	0.00	0.00
GCC	7	30.16	19.84	18.96	31.04	0.00	0.00
GCC	8	29.59	20.66	17.61	32.14	0.00	0.00
GCC	9	30.36	20.21	18.54	30.89	0.00	0.00
GCC	10	30.06	19.96	18.54	31.44	0.00	0.00
GCC	11	29.99	19.79	19.39	30.84	0.00	0.00
GCC	12	30.01	20.28	19.36	30.34	0.00	0.00
GCC	13	30.24	19.31	19.06	31.39	0.00	0.00
GCC	14	30.46	19.29	18.41	31.84	0.00	0.00
GCC	15	30.56	19.91	18.31	31.21	0.00	0.00
GCC	16	31.41	19.64	19.19	29.77	0.00	0.00
GCC	17	31.36	19.34	18.61	30.69	0.00	0.00
GCC	18	30.46	20.31	19.11	30.11	0.00	0.00
GCC	19	30.09	19.14	19.06	31.71	0.00	0.00
GCC	20	30.11	19.76	19.74	30.39	0.00	0.00
GCC	21	31.04	19.84	17.61	31.51	0.00	0.00
GCC	22	29.99	20.43	18.19	31.39	0.00	0.00
GCC	23	31.24	19.74	18.46	30.56	0.00	0.00
GCC	24	30.54	19.81	19.19	30.46	0.00	0.00
GCC	25	29.94	21.28	19.29	29.49	0.00	0.00
GCC	26	31.24	20.38	18.16	30.21	0.00	0.00
GCC	27	30.21	19.74	19.04	31.01	0.00	0.00
GCC	28	30.51	19.31	19.06	31.11	0.00	0.00
GCC	29	29.94	20.11	18.71	31.24	0.00	0.00
GCC	30	31.81	20.26	18.04	29.89	0.00	0.00
GCC	31	30.44	20.28	18.96	30.31	0.00	0.00
GCC	32	29.89	20.28	19.06	30.76	0.00	0.00
GCC	33	32.09	19.19	19.04	29.69	0.00	0.00
GCC	34	30.31	19.04	18.96	31.69	0.00	0.00
GCC	35	30.99	20.23	18.74	30.04	0.00	0.00
GCC	36	30.51	19.94	18.01	31.54	0.00	0.00
GCC	37	30.46	19.04	19.94	30.56	0.00	0.00
GCC	38	30.46	20.16	19.76	29.62	0.00	0.00
GCC	39	30.06	20.23	19.06	30.64	0.00	0.00
GCC	40	30.79	19.71	19.01	30.49	0.00	0.00
GCC	41	30.46	19.79	19.06	30.69	0.00	0.00
GCC	42	30.64	20.38	19.81	29.17	0.00	0.00
GCC	43	30.99	19.64	18.56	30.81	0.00	0.00
GCC	44	32.06	19.66	19.89	28.39	0.00	0.00
GCC	45	30.69	20.18	18.99	30.14	0.00	0.00
GCC	46	30.26	20.61	18.89	30.24	0.00	0.00
GCC	47	31.44	20.18	19.09	29.29	0.00	0.00
GCC	48	30.79	19.91	18.89	30.41	0.00	0.00
GCC	49	29.09	21.08	18.46	31.36	0.00	0.00
GCC	50	30.91	19.99	18.86	30.24	0.00	0.00
GCC	51	30.14	20.36	17.76	31.74	0.00	0.00
GCC	52	29.62	20.51	19.29	30.59	0.00	0.00
GCC	53	31.49	18.74	18.31	31.46	0.00	0.00
GCC	54	32.49	19.34	17.74	30.44	0.00	0.00
GCC	55	29.34	20.53	18.31	31.81	0.00	0.00
GCC	56	32.04	18.64	19.36	29.97	0.00	0.00
GCC	57	30.99	19.54	18.99	30.49	0.00	0.00
GCC	58	31.26	20.73	19.21	28.79	0.00	0.00
GCC	59	31.14	19.86	19.36	29.64	0.00	0.00
GCC	60	30.79	19.26	19.49	30.46	0.00	0.00
GCC	61	29.17	21.03	19.29	30.51	0.00	0.00
GCC	62	30.39	19.89	19.51	30.21	0.00	0.00
GCC	63	29.94	20.68	19.69	29.69	0.00	0.00
GCC	64	31.19	19.56	18.24	31.01	0.00	0.00
GCC	65	31.26	19.21	18.96	30.56	0.00	0.00
GCC	66	31.34	20.28	17.59	30.79	0.00	0.00
GCC	67	29.82	20.58	18.89	30.71	0.00	0.00
GCC	68	31.39	19.39	19.19	30.04	0.00	0.00
GCC	69	31.16	19.59	18.79	30.46	0.00	0.00
GCC	70	30.46	19.54	20.01	29.99	0.00	0.00
GCC	71	31.79	18.91	19.39	29.92	0.00	0.00
GCC	72	31.54	19.29	19.19	29.99	0.00	0.00
GCC	73	30.06	19.56	18.21	32.16	0.00	0.00
GCC	74	30.99	19.36	19.69	29.97	0.00	0.00
GCC	75	30.21	19.44	19.51	30.84	0.00	0.00
GCC	76	30.74	19.06	20.08	30.11	0.00	0.00
GCC	77	31.34	19.76	19.24	29.67	0.00	0.00
GCC	78	31.21	20.28	18.31	30.19	0.00	0.00
GCC	79	31.56	20.58	18.51	29.34	0.00	0.00
GCC	80	32.09	20.23	18.71	28.97	0.00	0.00
GCC	81	31.54	20.76	18.61	29.09	0.00	0.00
GCC	82	31.39	21.03	16.84	30.74	0.00	0.00
GCC	83	31.69	19.79	19.24	29.29	0.00	0.00
GCC	84	31.16	19.44	19.34	30.06	0.00	0.00
GCC	85	30.81	19.11	19.24	30.84	0.00	0.00
GCC	86	30.39	18.44	19.44	31.74	0.00	0.00
GCC	87	30.56	19.14	18.14	32.16	0.00	0.00
GCC	88	30.61	19.89	19.64	29.87	0.00	0.00
GCC	89	30.04	20.71	18.31	30.94	0.00	0.00
GCC	90	29.44	20.38	19.36	30.81	0.00	0.00
GCC	91	31.31	20.63	19.04	29.02	0.00	0.00
GCC	92	30.99	19.19	19.61	30.21	0.00	0.00
GCC	93	32.16	19.24	18.59	30.01	0.00	0.00
GCC	94	29.89	19.84	20.11	30.16	0.00	0.00
GCC	95	30.96	20.01	18.39	30.64	0.00	0.00
GCC	96	31.24	19.69	19.59	29.49	0.00	0.00
GCC	97	30.79	21.28	18.64	29.29	0.00	0.00
GCC	98	30.74	19.89	18.74	30.64	0.00	0.00
GCC	99	30.36	19.64	19.29	30.71	0.00	0.00
GCC	100	30.11	20.01	19.21	30.66	0.00	0.00
GCC	101	30.96	19.66	18.41	30.96	0.00	0.00
GCC	102	30.64	19.96	18.59	30.81	0.00	0.00
GCC	103	29.52	20.93	18.26	31.29	0.00	0.00
GCC	104	29.32	18.99	19.94	31.76	0.00	0.00
GCC	105	29.54	20.53	19.94	29.99	0.00	0.00
GCC	106	31.19	20.53	18.09	30.19	0.00	0.00
GCC	107	30.29	20.88	19.29	29.54	0.00	0.00
GCC	108	30.16	20.63	18.96	30.24	0.00	0.00
GCC	109	29.37	20.66	19.04	30.94	0.00	0.00
GCC	110	30.54	19.29	19.91	30.26	0.00	0.00
GCC	111	30.29	19.69	19.01	31.01	0.00	0.00
GCC	112	29.19	20.36	18.36	32.09	0.00	0.00
GCC	113	30.26	20.08	18.86	30.79	0.00	0.00
GCC	114	30.56	20.38	18.61	30.44	0.00	0.00
GCC	115	29.99	19.91	19.49	30.61	0.00	0.00
GCC	116	29.44	19.64	18.84	32.09	0.00	0.00
GCC	117	30.46	19.24	19.81	30.49	0.00	0.00
GCC	118	29.59	21.08	19.19	30.14	0.00	0.00
GCC	119	31.69	19.84	19.21	29.27	0.00	0.00
GCC	120	30.26	20.06	18.49	31.19	0.00	0.00
GCC	121	31.39	19.41	18.29	30.91	0.00	0.00
GCC	122	29.82	19.61	18.16	32.41	0.00	0.00
GCC	123	31.54	19.09	18.84	30.54	0.00	0.00
GCC	124	30.41	19.36	19.64	30.59	0.00	0.00
GCC	125	31.29	19.31	18.21	31.19	0.00	0.00
GCC	126	31.31	19.41	18.31	30.96	0.00	0.00
GCC	127	30.39	20.06	18.36	31.19	0.00	0.00
GCC	128	31.04	18.91	18.01	32.04	0.00	0.00
GCC	129	30.51	19.71	18.91	30.86	0.00	0.00
GCC	130	29.37	19.51	20.46	30.66	0.00	0.00
GCC	131	29.59	19.64	18.96	31.81	0.00	0.00
GCC	132	31.99	20.06	18.54	29.42	0.00	0.00
GCC	133	31.79	19.86	18.66	29.69	0.00	0.00
GCC	134	31.44	19.79	19.21	29.57	0.00	0.00
GCC	135	30.94	20.26	18.39	30.41	0.00	0.00
GCC	136	31.06	19.14	19.49	30.31	0.00	0.00
GCC	137	30.24	19.94	19.76	30.06	0.00	0.00
GCC	138	30.51	19.76	18.84	30.89	0.00	0.00
GCC	139	32.26	20.63	17.89	29.22	0.00	0.00
GCC	140	30.59	19.34	18.69	31.39	0.00	0.00
GCC	141	31.74	19.31	19.41	29.54	0.00	0.00
GCC	142	30.79	19.59	17.56	32.06	0.00	0.00
GCC	143	30.81	19.26	19.06	30.86	0.00	0.00
GCC	144	31.19	20.88	18.19	29.74	0.00	0.00
GCC	145	32.04	19.64	18.16	30.16	0.00	0.00
GCC	146	30.69	19.71	18.79	30.81	0.00	0.00
GCC	147	29.84	20.18	19.14	30.84	0.00	0.00
GCC	148	30.79	19.64	18.79	30.79	0.00	0.00
GCC	149	31.04	19.56	18.69	30.71	0.00	0.00
GCC	150	32.14	19.26	18.74	29.87	0.00	0.00
# ACGT content per cycle, read oriented. Use `grep ^GCT | cut -f 2-` to extract this part. The columns are: cycle; A,C,G,T base counts as a percentage of all A/C/G/T bases [%]
GCT	1	29.77	19.66	19.86	30.71
GCT	2	30.36	19.56	19.84	30.24
GCT	3	30.46	19.54	17.84	32.16
GCT	4	30.46	20.51	18.21	30.81
GCT	5	30.34	19.46	19.54	30.66
GCT	6	30.99	19.46	18.91	30.64
GCT	7	31.56	19.64	19.16	29.64
GCT	8	31.26	19.64	18.64	30.46
GCT	9	30.69	18.39	20.36	30.56
GCT	10	30.51	18.66	19.84	30.99
GCT	11	30.59	19.89	19.29	30.24
GCT	12	30.81	19.19	20.46	29.54
GCT	13	31.71	19.39	18.99	29.92
GCT	14	30.71	18.39	19.31	31.59
GCT	15	30.41	19.61	18.61	31.36
GCT	16	30.19	19.41	19.41	30.99
GCT	17	32.36	19.09	18.86	29.69
GCT	18	29.37	19.81	19.61	31.21
GCT	19	30.81	19.71	18.49	30.99
GCT	20	30.56	19.61	19.89	29.94
GCT	21	31.31	20.01	17.44	31.24
GCT	22	31.11	20.11	18.51	30.26
GCT	23	31.96	19.06	19.14	29.84
GCT	24	30.79	18.96	20.03	30.21
GCT	25	29.24	19.54	21.03	30.19
GCT	26	31.39	20.08	18.46	30.06
GCT	27	30.96	18.39	20.38	30.26
GCT	28	30.41	18.46	19.91	31.21
GCT	29	31.09	19.06	19.76	30.09
GCT	30	31.24	18.39	19.91	30.46
GCT	31	29.82	19.81	19.44	30.94
GCT	32	29.99	19.69	19.66	30.66
GCT	33	30.71	19.46	18.76	31.06
GCT	34	30.66	18.74	19.26	31.34
GCT	35	30.59	19.34	19.64	30.44
GCT	36	30.16	18.84	19.11	31.89
GCT	37	31.24	19.21	19.76	29.79
GCT	38	29.87	19.91	20.01	30.21
GCT	39	29.54	19.06	20.23	31.16
GCT	40	31.19	19.01	19.71	30.09
GCT	41	29.47	19.59	19.26	31.69
GCT	42	29.67	19.46	20.73	30.14
GCT	43	31.16	19.56	18.64	30.64
GCT	44	30.19	19.69	19.86	30.26
GCT	45	30.09	19.34	19.84	30.74
GCT	46	29.99	20.28	19.21	30.51
GCT	47	29.87	19.61	19.66	30.86
GCT	48	30.51	19.79	19.01	30.69
GCT	49	30.34	20.13	19.41	30.11
GCT	50	32.24	19.26	19.59	28.92
GCT	51	31.76	18.64	19.49	30.11
GCT	52	30.06	19.81	19.99	30.14
GCT	53	31.71	18.96	18.09	31.24
GCT	54	31.01	20.31	16.77	31.91
GCT	55	31.34	19.39	19.46	29.82
GCT	56	32.86	19.06	18.94	29.14
GCT	57	31.44	19.44	19.09	30.04
GCT	58	31.39	19.36	20.58	28.67
GCT	59	30.44	20.16	19.06	30.34
GCT	60	30.71	19.99	18.76	30.54
GCT	61	29.12	19.89	20.43	30.56
GCT	62	31.09	20.53	18.86	29.52
GCT	63	29.44	20.53	19.84	30.19
GCT	64	30.04	19.06	18.74	32.16
GCT	65	31.06	18.86	19.31	30.76
GCT	66	31.31	20.31	17.56	30.81
GCT	67	30.34	19.61	19.86	30.19
GCT	68	31.24	19.84	18.74	30.19
GCT	69	31.16	19.29	19.09	30.46
GCT	70	30.76	20.23	19.31	29.69
GCT	71	31.34	19.11	19.19	30.36
GCT	72	30.51	19.41	19.06	31.01
GCT	73	31.21	18.46	19.31	31.01
GCT	74	31.59	20.26	18.79	29.37
GCT	75	30.59	18.66	20.28	30.46
GCT	76	31.29	19.66	19.49	29.57
GCT	77	31.14	19.56	19.44	29.87
GCT	78	31.21	18.09	20.51	30.19
GCT	79	30.89	19.76	19.34	30.01
GCT	80	29.62	19.61	19.34	31.44
GCT	81	30.34	18.81	20.56	30.29
GCT	82	31.31	18.86	19.01	30.81
GCT	83	30.06	19.36	19.66	30.91
GCT	84	30.76	20.18	18.59	30.46
GCT	85	30.81	19.11	19.24	30.84
GCT	86	31.54	18.34	19.54	30.59
GCT	87	30.91	18.34	18.94	31.81
GCT	88	29.34	19.86	19.66	31.14
GCT	89	30.54	19.81	19.21	30.44
GCT	90	30.29	19.29	20.46	29.97
GCT	91	29.09	19.76	19.91	31.24
GCT	92	29.67	19.16	19.64	31.54
GCT	93	31.16	19.09	18.74	31.01
GCT	94	29.87	19.51	20.43	30.19
GCT	95	29.74	20.03	18.36	31.86
GCT	96	28.84	20.28	18.99	31.89
GCT	97	29.74	19.54	20.38	30.34
GCT	98	30.24	19.29	19.34	31.14
GCT	99	29.64	19.76	19.16	31.44
GCT	100	31.09	19.79	19.44	29.69
GCT	101	30.61	19.36	18.71	31.31
GCT	102	30.51	20.08	18.46	30.94
GCT	103	31.21	19.04	20.16	29.59
GCT	104	29.72	19.54	19.39	31.36
GCT	105	29.87	20.41	20.06	29.67
GCT	106	30.49	19.89	18.74	30.89
GCT	107	31.26	20.71	19.46	28.57
GCT	108	30.56	19.64	19.96	29.84
GCT	109	30.26	19.96	19.74	30.04
GCT	110	29.39	20.53	18.66	31.41
GCT	111	31.04	19.44	19.26	30.26
GCT	112	31.36	19.24	19.49	29.92
GCT	113	29.64	19.16	19.79	31.41
GCT	114	30.74	19.96	19.04	30.26
GCT	115	29.87	19.54	19.86	30.74
GCT	116	30.71	20.11	18.36	30.81
GCT	117	30.61	19.29	19.76	30.34
GCT	118	29.47	19.76	20.51	30.26
GCT	119	30.29	19.84	19.21	30.66
GCT	120	29.99	19.09	19.46	31.46
GCT	121	31.14	19.01	18.69	31.16
GCT	122	31.11	18.76	19.01	31.11
GCT	123	29.37	19.41	18.51	32.71
GCT	124	31.91	19.56	19.44	29.09
GCT	125	31.26	18.54	18.99	31.21
GCT	126	30.14	19.49	18.24	32.14
GCT	127	31.99	19.31	19.11	29.59
GCT	128	31.61	18.04	18.89	31.46
GCT	129	31.09	19.84	18.79	30.29
GCT	130	30.66	20.51	19.46	29.37
GCT	131	31.21	18.91	19.69	30.19
GCT	132	30.14	19.86	18.74	31.26
GCT	133	29.99	18.91	19.61	31.49
GCT	134	29.52	19.76	19.24	31.49
GCT	135	31.49	20.76	17.89	29.87
GCT	136	30.31	18.84	19.79	31.06
GCT	137	29.72	19.91	19.79	30.59
GCT	138	30.66	19.26	19.34	30.74
GCT	139	31.29	19.21	19.31	30.19
GCT	140	31.69	19.24	18.79	30.29
GCT	141	31.09	19.31	19.41	30.19
GCT	142	31.06	17.66	19.49	31.79
GCT	143	30.44	18.24	20.08	31.24
GCT	144	30.46	19.76	19.31	30.46
GCT	145	31.34	18.44	19.36	30.86
GCT	146	31.16	19.04	19.46	30.34
GCT	147	30.74	20.23	19.09	29.94
GCT	148	31.26	18.66	19.76	30.31
GCT	149	31.39	17.37	20.88	30.36
GCT	150	31.11	17.89	20.11	30.89
# ACGT content per cycle for first fragments. Use `grep ^FBC | cut -f 2-` to extract this part. The columns are: cycle; A,C,G,T base counts as a percentage of all A/C/G/T bases [%]; and N and O counts as a percentage of all A/C/G/T bases [%]
FBC	1	30.19	19.76	20.16	29.89	0.00	0.00
FBC	2	31.49	20.26	18.41	29.84	0.00	0.00
FBC	3	31.74	17.71	18.66	31.89	0.00	0.00
FBC	4	29.99	19.01	19.46	31.54	0.00	0.00
FBC	5	29.69	19.51	19.41	31.39	0.00	0.00
FBC	6	29.89	18.91	19.21	31.99	0.00	0.00
FBC	7	30.44	18.71	19.71	31.14	0.00	0.00
FBC	8	28.34	21.46	17.32	32.88	0.00	0.00
FBC	9	29.89	20.61	17.76	31.74	0.00	0.00
FBC	10	30.39	20.26	17.76	31.59	0.00	0.00
FBC	11	29.99	18.86	20.01	31.14	0.00	0.00
FBC	12	30.24	19.01	20.41	30.34	0.00	0.00
FBC	13	29.64	19.46	19.86	31.04	0.00	0.00
FBC	14	30.14	18.71	16.87	34.28	0.00	0.00
FBC	15	30.24	20.01	18.81	30.94	0.00	0.00
FBC	16	30.69	20.61	18.61	30.09	0.00	0.00
FBC	17	30.64	19.91	18.01	31.44	0.00	0.00
FBC	18	29.79	19.56	19.06	31.59	0.00	0.00
FBC	19	30.04	17.66	19.91	32.39	0.00	0.00
FBC	20	29.99	20.56	18.56	30.89	0.00	0.00
FBC	21	31.14	19.76	18.01	31.09	0.00	0.00
FBC	22	29.64	20.31	18.51	31.54	0.00	0.00
FBC	23	30.74	20.26	18.66	30.34	0.00	0.00
FBC	24	31.24	19.71	19.56	29.49	0.00	0.00
FBC	25	29.69	21.56	19.26	29.49	0.00	0.00
FBC	26	30.14	20.36	17.86	31.64	0.00	0.00
FBC	27	30.34	20.16	19.26	30.24	0.00	0.00
FBC	28	30.04	18.71	19.46	31.79	0.00	0.00
FBC	29	30.34	18.86	19.11	31.69	0.00	0.00
FBC	30	32.14	18.61	18.16	31.09	0.00	0.00
FBC	31	29.54	20.56	18.61	31.29	0.00	0.00
FBC	32	30.44	20.21	19.71	29.64	0.00	0.00
FBC	33	31.69	18.81	19.51	29.99	0.00	0.00
FBC	34	31.29	19.61	18.56	30.54	0.00	0.00
FBC	35	30.89	20.81	18.41	29.89	0.00	0.00
FBC	36	30.84	19.76	17.61	31.79	0.00	0.00
FBC	37	30.34	19.11	20.06	30.49	0.00	0.00
FBC	38	30.04	20.41	19.96	29.59	0.00	0.00
FBC	39	30.59	19.71	17.76	31.94	0.00	0.00
FBC	40	29.94	20.11	18.96	30.99	0.00	0.00
FBC	41	30.94	19.46	18.01	31.59	0.00	0.00
FBC	42	30.04	21.26	19.91	28.79	0.00	0.00
FBC	43	31.39	19.31	17.56	31.74	0.00	0.00
FBC	44	32.53	19.41	20.46	27.59	0.00	0.00
FBC	45	29.89	20.36	19.26	30.49	0.00	0.00
FBC	46	30.09	20.46	18.56	30.89	0.00	0.00
FBC	47	30.79	20.06	18.96	30.19	0.00	0.00
FBC	48	29.49	19.76	20.36	30.39	0.00	0.00
FBC	49	28.29	21.56	18.81	31.34	0.00	0.00
FBC	50	30.99	21.31	17.91	29.79	0.00	0.00
FBC	51	29.04	20.91	18.16	31.89	0.00	0.00
FBC	52	29.64	19.91	19.16	31.29	0.00	0.00
FBC	53	30.44	19.51	20.16	29.89	0.00	0.00
FBC	54	32.83	19.76	17.22	30.19	0.00	0.00
FBC	55	28.89	21.21	18.21	31.69	0.00	0.00
FBC	56	32.04	18.96	18.31	30.69	0.00	0.00
FBC	57	31.14	19.01	18.86	30.99	0.00	0.00
FBC	58	30.24	20.81	18.86	30.09	0.00	0.00
FBC	59	31.04	20.71	19.21	29.04	0.00	0.00
FBC	60	30.59	20.46	19.96	28.99	0.00	0.00
FBC	61	29.89	21.06	18.61	30.44	0.00	0.00
FBC	62	29.99	20.16	19.21	30.64	0.00	0.00
FBC	63	29.79	21.86	19.01	29.34	0.00	0.00
FBC	64	30.49	19.86	17.96	31.69	0.00	0.00
FBC	65	31.29	19.61	19.11	29.99	0.00	0.00
FBC	66	31.74	20.16	17.91	30.19	0.00	0.00
FBC	67	30.94	21.26	18.96	28.84	0.00	0.00
FBC	68	30.89	19.01	19.51	30.59	0.00	0.00
FBC	69	29.89	19.66	20.01	30.44	0.00	0.00
FBC	70	31.04	19.26	20.01	29.69	0.00	0.00
FBC	71	31.39	19.26	19.46	29.89	0.00	0.00
FBC	72	31.54	19.11	20.31	29.04	0.00	0.00
FBC	73	29.69	20.96	18.26	31.09	0.00	0.00
FBC	74	30.54	19.16	19.71	30.59	0.00	0.00
FBC	75	30.89	19.41	18.76	30.94	0.00	0.00
FBC	76	29.69	18.61	20.81	30.89	0.00	0.00
FBC	77	30.39	19.61	19.36	30.64	0.00	0.00
FBC	78	32.04	19.86	18.06	30.04	0.00	0.00
FBC	79	31.34	19.76	19.41	29.49	0.00	0.00
FBC	80	32.14	19.86	19.21	28.79	0.00	0.00
FBC	81	31.94	20.36	18.36	29.34	0.00	0.00
FBC	82	31.44	20.81	17.17	30.59	0.00	0.00
FBC	83	31.14	21.06	18.31	29.49	0.00	0.00
FBC	84	31.84	19.31	18.86	29.99	0.00	0.00
FBC	85	31.59	19.41	18.96	30.04	0.00	0.00
FBC	86	30.94	18.91	18.56	31.59	0.00	0.00
FBC	87	31.44	18.26	18.46	31.84	0.00	0.00
FBC	88	31.54	18.76	19.86	29.84	0.00	0.00
FBC	89	28.79	20.46	19.76	30.99	0.00	0.00
FBC	90	29.09	21.46	18.66	30.79	0.00	0.00
FBC	91	30.64	21.56	18.96	28.84	0.00	0.00
FBC	92	30.74	19.81	19.21	30.24	0.00	0.00
FBC	93	31.89	19.11	18.66	30.34	0.00	0.00
FBC	94	29.49	19.46	20.16	30.89	0.00	0.00
FBC	95	32.09	20.31	19.01	28.59	0.00	0.00
FBC	96	31.64	18.81	19.66	29.89	0.00	0.00
FBC	97	29.69	21.11	19.36	29.84	0.00	0.00
FBC	98	30.14	19.61	19.71	30.54	0.00	0.00
FBC	99	31.04	19.66	17.91	31.39	0.00	0.00
FBC	100	30.94	20.51	18.71	29.84	0.00	0.00
FBC	101	31.49	20.31	18.26	29.94	0.00	0.00
FBC	102	30.59	18.11	19.96	31.34	0.00	0.00
FBC	103	30.34	19.96	18.51	31.19	0.00	0.00
FBC	104	30.79	18.51	20.11	30.59	0.00	0.00
FBC	105	29.59	20.56	20.71	29.14	0.00	0.00
FBC	106	32.68	20.21	17.56	29.54	0.00	0.00
FBC	107	30.99	20.81	19.06	29.14	0.00	0.00
FBC	108	30.39	20.46	19.31	29.84	0.00	0.00
FBC	109	29.14	20.36	19.16	31.34	0.00	0.00
FBC	110	29.49	20.76	19.51	30.24	0.00	0.00
FBC	111	30.09	20.01	19.76	30.14	0.00	0.00
FBC	112	28.49	20.31	18.76	32.44	0.00	0.00
FBC	113	29.89	19.41	18.06	32.63	0.00	0.00
FBC	114	30.39	19.91	18.46	31.24	0.00	0.00
FBC	115	29.39	20.81	19.61	30.19	0.00	0.00
FBC	116	28.69	20.51	18.36	32.44	0.00	0.00
FBC	117	29.59	19.11	20.51	30.79	0.00	0.00
FBC	118	30.54	20.51	19.66	29.29	0.00	0.00
FBC	119	30.79	21.21	18.46	29.54	0.00	0.00
FBC	120	28.99	19.71	18.71	32.58	0.00	0.00
FBC	121	31.79	19.11	18.71	30.39	0.00	0.00
FBC	122	28.44	19.66	19.06	32.83	0.00	0.00
FBC	123	30.99	19.06	19.86	30.09	0.00	0.00
FBC	124	31.24	19.41	19.36	29.99	0.00	0.00
FBC	125	32.39	19.21	18.21	30.19	0.00	0.00
FBC	126	32.63	19.76	17.17	30.44	0.00	0.00
FBC	127	30.79	19.41	18.81	30.99	0.00	0.00
FBC	128	31.09	19.21	17.27	32.44	0.00	0.00
FBC	129	30.34	20.01	19.41	30.24	0.00	0.00
FBC	130	28.69	19.31	20.56	31.44	0.00	0.00
FBC	131	28.49	20.01	19.06	32.44	0.00	0.00
FBC	132	32.73	19.81	18.51	28.94	0.00	0.00
FBC	133	31.34	20.11	18.46	30.09	0.00	0.00
FBC	134	31.74	19.41	20.01	28.84	0.00	0.00
FBC	135	30.54	19.36	18.41	31.69	0.00	0.00
FBC	136	32.19	18.26	19.16	30.39	0.00	0.00
FBC	137	29.99	20.01	20.26	29.74	0.00	0.00
FBC	138	30.89	19.46	19.21	30.44	0.00	0.00
FBC	139	32.63	20.26	16.42	30.69	0.00	0.00
FBC	140	31.04	18.76	18.66	31.54	0.00	0.00
FBC	141	31.84	18.56	20.26	29.34	0.00	0.00
FBC	142	30.19	19.56	17.81	32.44	0.00	0.00
FBC	143	30.24	19.16	19.86	30.74	0.00	0.00
FBC	144	30.89	21.26	18.01	29.84	0.00	0.00
FBC	145	31.74	19.11	18.96	30.19	0.00	0.00
FBC	146	30.94	19.81	18.96	30.29	0.00	0.00
FBC	147	28.99	20.36	20.06	30.59	0.00	0.00
FBC	148	31.19	19.01	17.32	32.49	0.00	0.00
FBC	149	29.14	20.41	20.21	30.24	0.00	0.00
FBC	150	32.29	18.96	19.66	29.09	0.00	0.00
# ACGT raw counters for first fragments. Use `grep ^FTC | cut -f 2-` to extract this part. The columns are: A,C,G,T,N base counters
FTC	91946	59635	57019	92000	0
# ACGT content per cycle for last fragments. Use `grep ^LBC | cut -f 2-` to extract this part. The columns are: cycle; A,C,G,T base counts as a percentage of all A/C/G/T bases [%]; and N and O counts as a percentage of all A/C/G/T bases [%]
LBC	1	29.99	20.01	19.11	30.89	0.00	0.00
LBC	2	29.99	20.51	19.61	29.89	0.00	0.00
LBC	3	29.99	18.66	19.71	31.64	0.00	0.00
LBC	4	29.64	19.31	19.66	31.39	0.00	0.00
LBC	5	30.59	20.01	19.06	30.34	0.00	0.00
LBC	6	31.44	22.26	16.37	29.94	0.00	0.00
LBC	7	29.89	20.96	18.21	30.94	0.00	0.00
LBC	8	30.84	19.86	17.91	31.39	0.00	0.00
LBC	9	30.84	19.81	19.31	30.04	0.00	0.00
LBC	10	29.74	19.66	19.31	31.29	0.00	0.00
LBC	11	29.99	20.71	18.76	30.54	0.00	0.00
LBC	12	29.79	21.56	18.31	30.34	0.00	0.00
LBC	13	30.84	19.16	18.26	31.74	0.00	0.00
LBC	14	30.79	19.86	19.96	29.39	0.00	0.00
LBC	15	30.89	19.81	17.81	31.49	0.00	0.00
LBC	16	32.14	18.66	19.76	29.44	0.00	0.00
LBC	17	32.09	18.76	19.21	29.94	0.00	0.00
LBC	18	31.14	21.06	19.16	28.64	0.00	0.00
LBC	19	30.14	20.61	18.21	31.04	0.00	0.00
LBC	20	30.24	18.96	20.91	29.89	0.00	0.00
LBC	21	30.94	19.91	17.22	31.94	0.00	0.00
LBC	22	30.34	20.56	17.86	31.24	0.00	0.00
LBC	23	31.74	19.21	18.26	30.79	0.00	0.00
LBC	24	29.84	19.91	18.81	31.44	0.00	0.00
LBC	25	30.19	21.01	19.31	29.49	0.00	0.00
LBC	26	32.34	20.41	18.46	28.79	0.00	0.00
LBC	27	30.09	19.31	18.81	31.79	0.00	0.00
LBC	28	30.99	19.91	18.66	30.44	0.00	0.00
LBC	29	29.54	21.36	18.31	30.79	0.00	0.00
LBC	30	31.49	21.91	17.91	28.69	0.00	0.00
LBC	31	31.34	20.01	19.31	29.34	0.00	0.00
LBC	32	29.34	20.36	18.41	31.89	0.00	0.00
LBC	33	32.49	19.56	18.56	29.39	0.00	0.00
LBC	34	29.34	18.46	19.36	32.83	0.00	0.00
LBC	35	31.09	19.66	19.06	30.19	0.00	0.00
LBC	36	30.19	20.11	18.41	31.29	0.00	0.00
LBC	37	30.59	18.96	19.81	30.64	0.00	0.00
LBC	38	30.89	19.91	19.56	29.64	0.00	0.00
LBC	39	29.54	20.76	20.36	29.34	0.00	0.00
LBC	40	31.64	19.31	19.06	29.99	0.00	0.00
LBC	41	29.99	20.11	20.11	29.79	0.00	0.00
LBC	42	31.24	19.51	19.71	29.54	0.00	0.00
LBC	43	30.59	19.96	19.56	29.89	0.00	0.00
LBC	44	31.59	19.91	19.31	29.19	0.00	0.00
LBC	45	31.49	20.01	18.71	29.79	0.00	0.00
LBC	46	30.44	20.76	19.21	29.59	0.00	0.00
LBC	47	32.09	20.31	19.21	28.39	0.00	0.00
LBC	48	32.09	20.06	17.42	30.44	0.00	0.00
LBC	49	29.89	20.61	18.11	31.39	0.00	0.00
LBC	50	30.84	18.66	19.81	30.69	0.00	0.00
LBC	51	31.24	19.81	17.37	31.59	0.00	0.00
LBC	52	29.59	21.11	19.41	29.89	0.00	0.00
LBC	53	32.53	17.96	16.47	33.03	0.00	0.00
LBC	54	32.14	18.91	18.26	30.69	0.00	0.00
LBC	55	29.79	19.86	18.41	31.94	0.00	0.00
LBC	56	32.04	18.31	20.41	29.24	0.00	0.00
LBC	57	30.84	20.06	19.11	29.99	0.00	0.00
LBC	58	32.29	20.66	19.56	27.50	0.00	0.00
LBC	59	31.24	19.01	19.51	30.24	0.00	0.00
LBC	60	30.99	18.06	19.01	31.94	0.00	0.00
LBC	61	28.44	21.01	19.96	30.59	0.00	0.00
LBC	62	30.79	19.61	19.81	29.79	0.00	0.00
LBC	63	30.09	19.51	20.36	30.04	0.00	0.00
LBC	64	31.89	19.26	18.51	30.34	0.00	0.00
LBC	65	31.24	18.81	18.81	31.14	0.00	0.00
LBC	66	30.94	20.41	17.27	31.39	0.00	0.00
LBC	67	28.69	19.91	18.81	32.58	0.00	0.00
LBC	68	31.89	19.76	18.86	29.49	0.00	0.00
LBC	69	32.44	19.51	17.56	30.49	0.00	0.00
LBC	70	29.89	19.81	20.01	30.29	0.00	0.00
LBC	71	32.19	18.56	19.31	29.94	0.00	0.00
LBC	72	31.54	19.46	18.06	30.94	0.00	0.00
LBC	73	30.44	18.16	18.16	33.23	0.00	0.00
LBC	74	31.44	19.56	19.66	29.34	0.00	0.00
LBC	75	29.54	19.46	20.26	30.74	0.00	0.00
LBC	76	31.79	19.51	19.36	29.34	0.00	0.00
LBC	77	32.29	19.91	19.11	28.69	0.00	0.00
LBC	78	30.39	20.71	18.56	30.34	0.00	0.00
LBC	79	31.79	21.41	17.61	29.19	0.00	0.00
LBC	80	32.04	20.61	18.21	29.14	0.00	0.00
LBC	81	31.14	21.16	18.86	28.84	0.00	0.00
LBC	82	31.34	21.26	16.52	30.89	0.00	0.00
LBC	83	32.24	18.51	20.16	29.09	0.00	0.00
LBC	84	30.49	19.56	19.81	30.14	0.00	0.00
LBC	85	30.04	18.81	19.51	31.64	0.00	0.00
LBC	86	29.84	17.96	20.31	31.89	0.00	0.00
LBC	87	29.69	20.01	17.81	32.49	0.00	0.00
LBC	88	29.69	21.01	19.41	29.89	0.00	0.00
LBC	89	31.29	20.96	16.87	30.89	0.00	0.00
LBC	90	29.79	19.31	20.06	30.84	0.00	0.00
LBC	91	31.99	19.71	19.11	29.19	0.00	0.00
LBC	92	31.24	18.56	20.01	30.19	0.00	0.00
LBC	93	32.44	19.36	18.51	29.69	0.00	0.00
LBC	94	30.29	20.21	20.06	29.44	0.00	0.00
LBC	95	29.84	19.71	17.76	32.68	0.00	0.00
LBC	96	30.84	20.56	19.51	29.09	0.00	0.00
LBC	97	31.89	21.46	17.91	28.74	0.00	0.00
LBC	98	31.34	20.16	17.76	30.74	0.00	0.00
LBC	99	29.69	19.61	20.66	30.04	0.00	0.00
LBC	100	29.29	19.51	19.71	31.49	0.00	0.00
LBC	101	30.44	19.01	18.56	31.99	0.00	0.00
LBC	102	30.69	21.81	17.22	30.29	0.00	0.00
LBC	103	28.69	21.91	18.01	31.39	0.00	0.00
LBC	104	27.84	19.46	19.76	32.93	0.00	0.00
LBC	105	29.49	20.51	19.16	30.84	0.00	0.00
LBC	106	29.69	20.86	18.61	30.84	0.00	0.00
LBC	107	29.59	20.96	19.51	29.94	0.00	0.00
LBC	108	29.94	20.81	18.61	30.64	0.00	0.00
LBC	109	29.59	20.96	18.91	30.54	0.00	0.00
LBC	110	31.59	17.81	20.31	30.29	0.00	0.00
LBC	111	30.49	19.36	18.26	31.89	0.00	0.00
LBC	112	29.89	20.41	17.96	31.74	0.00	0.00
LBC	113	30.64	20.76	19.66	28.94	0.00	0.00
LBC	114	30.74	20.86	18.76	29.64	0.00	0.00
LBC	115	30.59	19.01	19.36	31.04	0.00	0.00
LBC	116	30.19	18.76	19.31	31.74	0.00	0.00
LBC	117	31.34	19.36	19.11	30.19	0.00	0.00
LBC	118	28.64	21.66	18.71	30.99	0.00	0.00
LBC	119	32.58	18.46	19.96	28.99	0.00	0.00
LBC	120	31.54	20.41	18.26	29.79	0.00	0.00
LBC	121	30.99	19.71	17.86	31.44	0.00	0.00
LBC	122	31.19	19.56	17.27	31.99	0.00	0.00
LBC	123	32.09	19.11	17.81	30.99	0.00	0.00
LBC	124	29.59	19.31	19.91	31.19	0.00	0.00
LBC	125	30.19	19.41	18.21	32.19	0.00	0.00
LBC	126	29.99	19.06	19.46	31.49	0.00	0.00
LBC	127	29.99	20.71	17.91	31.39	0.00	0.00
LBC	128	30.99	18.61	18.76	31.64	0.00	0.00
LBC	129	30.69	19.41	18.41	31.49	0.00	0.00
LBC	130	30.04	19.71	20.36	29.89	0.00	0.00
LBC	131	30.69	19.26	18.86	31.19	0.00	0.00
LBC	132	31.24	20.31	18.56	29.89	0.00	0.00
LBC	133	32.24	19.61	18.86	29.29	0.00	0.00
LBC	134	31.14	20.16	18.41	30.29	0.00	0.00
LBC	135	31.34	21.16	18.36	29.14	0.00	0.00
LBC	136	29.94	20.01	19.81	30.24	0.00	0.00
LBC	137	30.49	19.86	19.26	30.39	0.00	0.00
LBC	138	30.14	20.06	18.46	31.34	0.00	0.00
LBC	139	31.89	21.01	19.36	27.74	0.00	0.00
LBC	140	30.14	19.91	18.71	31.24	0.00	0.00
LBC	141	31.64	20.06	18.56	29.74	0.00	0.00
LBC	142	31.39	19.61	17.32	31.69	0.00	0.00
LBC	143	31.39	19.36	18.26	30.99	0.00	0.00
LBC	144	31.49	20.51	18.36	29.64	0.00	0.00
LBC	145	32.34	20.16	17.37	30.14	0.00	0.00
LBC	146	30.44	19.61	18.61	31.34	0.00	0.00
LBC	147	30.69	20.01	18.21	31.09	0.00	0.00
LBC	148	30.39	20.26	20.26	29.09	0.00	0.00
LBC	149	32.93	18.71	17.17	31.19	0.00	0.00
LBC	150	31.99	19.56	17.81	30.64	0.00	0.00
# ACGT raw counters for last fragments. Use `grep ^LTC | cut -f 2-` to extract this part. The columns are: A,C,G,T,N base counters
LTC	92499	59795	56636	91670	0
# Insert sizes. Use `grep ^IS | cut -f 2-` to extract this part. The columns are: insert size, pairs total, inward oriented pairs, outward oriented pairs, other pairs
IS	0	0	0	0	0
IS	1	0	0	0	0
IS	2	0	0	0	0
IS	3	0	0	0	0
IS	4	0	0	0	0
IS	5	0	0	0	0
IS	6	0	0	0	0
IS	7	0	0	0	0
IS	8	0	0	0	0
IS	9	0	0	0	0
IS	10	0	0	0	0
IS	11	0	0	0	0
IS	12	0	0	0	0
IS	13	0	0	0	0
IS	14	0	0	0	0
IS	15	0	0	0	0
IS	16	0	0	0	0
IS	17	0	0	0	0
IS	18	0	0	0	0
IS	19	0	0	0	0
IS	20	0	0	0	0
IS	21	0	0	0	0
IS	22	0	0	0	0
IS	23	0	0	0	0
IS	24	0	0	0	0
IS	25	0	0	0	0
IS	26	0	0	0	0
IS	27	0	0	0	0
IS	28	0	0	0	0
IS	29	0	0	0	0
IS	30	0	0	0	0
IS	31	0	0	0	0
IS	32	0	0	0	0
IS	33	0	0	0	0
IS	34	0	0	0	0
IS	35	0	0	0	0
IS	36	0	0	0	0
IS	37	0	0	0	0
IS	38	0	0	0	0
IS	39	0	0	0	0
IS	40	0	0	0	0
IS	41	0	0	0	0
IS	42	0	0	0	0
IS	43	0	0	0	0
IS	44	0	0	0	0
IS	45	0	0	0	0
IS	46	0	0	0	0
IS	47	0	0	0	0
IS	48	0	0	0	0
IS	49	0	0	0	0
IS	50	0	0	0	0
IS	51	0	0	0	0
IS	52	0	0	0	0
IS	53	0	0	0	0
IS	54	0	0	0	0
IS	55	0	0	0	0
IS	56	0	0	0	0
IS	57	0	0	0	0
IS	58	0	0	0	0
IS	59	0	0	0	0
IS	60	0	0	0	0
IS	61	0	0	0	0
IS	62	0	0	0	0
IS	63	0	0	0	0
IS	64	0	0	0	0
IS	65	0	0	0	0
IS	66	0	0	0	0
IS	67	0	0	0	0
IS	68	0	0	0	0
IS	69	0	0	0	0
IS	70	0	0	0	0
IS	71	0	0	0	0
IS	72	0	0	0	0
IS	73	0	0	0	0
IS	74	0	0	0	0
IS	75	0	0	0	0
IS	76	0	0	0	0
IS	77	0	0	0	0
IS	78	0	0	0	0
IS	79	0	0	0	0
IS	80	0	0	0	0
IS	81	0	0	0	0
IS	82	0	0	0	0
IS	83	0	0	0	0
IS	84	0	0	0	0
IS	85	0	0	0	0
IS	86	0	0	0	0
IS	87	0	0	0	0
IS	88	0	0	0	0
IS	89	0	0	0	0
IS	90	0	0	0	0
IS	91	0	0	0	0
IS	92	0	0	0	0
IS	93	0	0	0	0
IS	94	0	0	0	0
IS	95	0	0	0	0
IS	96	0	0	0	0
IS	97	0	0	0	0
IS	98	0	0	0	0
IS	99	0	0	0	0
IS	100	0	0	0	0
IS	101	0	0	0	0
IS	102	0	0	0	0
IS	103	0	0	0	0
IS	104	0	0	0	0
IS	105	0	0	0	0
IS	106	0	0	0	0
IS	107	0	0	0	0
IS	108	0	0	0	0
IS	109	0	0	0	0
IS	110	0	0	0	0
IS	111	0	0	0	0
IS	112	0	0	0	0
IS	113	0	0	0	0
IS	114	0	0	0	0
IS	115	0	0	0	0
IS	116	0	0	0	0
IS	117	0	0	0	0
IS	118	0	0	0	0
IS	119	0	0	0	0
IS	120	0	0	0	0
IS	121	0	0	0	0
IS	122	0	0	0	0
IS	123	0	0	0	0
IS	124	0	0	0	0
IS	125	0	0	0	0
IS	126	0	0	0	0
IS	127	0	0	0	0
IS	128	0	0	0	0
IS	129	0	0	0	0
IS	130	0	0	0	0
IS	131	0	0	0	0
IS	132	0	0	0	0
IS	133	0	0	0	0
IS	134	0	0	0	0
IS	135	0	0	0	0
IS	136	0	0	0	0
IS	137	0	0	0	0
IS	138	0	0	0	0
IS	139	0	0	0	0
IS	140	0	0	0	0
IS	141	0	0	0	0
IS	142	0	0	0	0
IS	143	0	0	0	0
IS	144	0	0	0	0
IS	145	0	0	0	0
IS	146	0	0	0	0
IS	147	0	0	0	0
IS	148	0	0	0	0
IS	149	0	0	0	0
IS	150	0	0	0	0
IS	151	0	0	0	0
IS	152	0	0	0	0
IS	153	0	0	0	0
IS	154	0	0	0	0
IS	155	0	0	0	0
IS	156	0	0	0	0
IS	157	0	0	0	0
IS	158	0	0	0	0
IS	159	0	0	0	0
IS	160	0	0	0	0
IS	161	0	0	0	0
IS	162	0	0	0	0
IS	163	0	0	0	0
IS	164	0	0	0	0
IS	165	0	0	0	0
IS	166	0	0	0	0
IS	167	0	0	0	0
IS	168	0	0	0	0
IS	169	0	0	0	0
IS	170	0	0	0	0
IS	171	0	0	0	0
IS	172	0	0	0	0
IS	173	0	0	0	0
IS	174	0	0	0	0
IS	175	0	0	0	0
IS	176	0	0	0	0
IS	177	0	0	0	0
IS	178	0	0	0	0
IS	179	0	0	0	0
IS	180	0	0	0	0
IS	181	0	0	0	0
IS	182	0	0	0	0
IS	183	0	0	0	0
IS	184	0	0	0	0
IS	185	0	0	0	0
IS	186	0	0	0	0
IS	187	0	0	0	0
IS	188	0	0	0	0
IS	189	0	0	0	0
IS	190	0	0	0	0
IS	191	0	0	0	0
IS	192	0	0	0	0
IS	193	0	0	0	0
IS	194	0	0	0	0
IS	195	0	0	0	0
IS	196	0	0	0	0
IS	197	0	0	0	0
IS	198	0	0	0	0
IS	199	0	0	0	0
IS	200	0	0	0	0
IS	201	0	0	0	0
IS	202	0	0	0	0
IS	203	0	0	0	0
IS	204	0	0	0	0
IS	205	0	0	0	0
IS	206	0	0	0	0
IS	207	0	0	0	0
IS	208	0	0	0	0
IS	209	0	0	0	0
IS	210	0	0	0	0
IS	211	0	0	0	0
IS	212	0	0	0	0
IS	213	0	0	0	0
IS	214	0	0	0	0
IS	215	0	0	0	0
IS	216	0	0	0	0
IS	217	0	0	0	0
IS	218	0	0	0	0
IS	219	0	0	0	0
IS	220	0	0	0	0
IS	221	0	0	0	0
IS	222	0	0	0	0
IS	223	0	0	0	0
IS	224	0	0	0	0
IS	225	0	0	0	0
IS	226	0	0	0	0
IS	227	0	0	0	0
IS	228	0	0	0	0
IS	229	0	0	0	0
IS	230	0	0	0	0
IS	231	0	0	0	0
IS	232	0	0	0	0
IS	233	0	0	0	0
IS	234	0	0	0	0
IS	235	0	0	0	0
IS	236	0	0	0	0
IS	237	0	0	0	0
IS	238	0	0	0	0
IS	239	0	0	0	0
IS	240	0	0	0	0
IS	241	0	0	0	0
IS	242	0	0	0	0
IS	243	0	0	0	0
IS	244	0	0	0	0
IS	245	0	0	0	0
IS	246	0	0	0	0
IS	247	0	0	0	0
IS	248	0	0	0	0
IS	249	0	0	0	0
IS	250	0	0	0	0
IS	251	0	0	0	0
IS	252	0	0	0	0
IS	253	0	0	0	0
IS	254	0	0	0	0
IS	255	0	0	0	0
IS	256	0	0	0	0
IS	257	0	0	0	0
IS	258	0	0	0	0
IS	259	0	0	0	0
IS	260	0	0	0	0
IS	261	0	0	0	0
IS	262	0	0	0	0
IS	263	0	0	0	0
IS	264	0	0	0	0
IS	265	0	0	0	0
IS	266	0	0	0	0
IS	267	0	0	0	0
IS	268	0	0	0	0
IS	269	0	0	0	0
IS	270	0	0	0	0
IS	271	0	0	0	0
IS	272	0	0	0	0
IS	273	0	0	0	0
IS	274	0	0	0	0
IS	275	0	0	0	0
IS	276	0	0	0	0
IS	277	0	0	0	0
IS	278	0	0	0	0
IS	279	0	0	0	0
IS	280	0	0	0	0
IS	281	0	0	0	0
IS	282	0	0	0	0
IS	283	0	0	0	0
IS	284	0	0	0	0
IS	285	0	0	0	0
IS	286	0	0	0	0
IS	287	0	0	0	0
IS	288	0	0	0	0
IS	289	0	0	0	0
IS	290	0	0	0	0
IS	291	0	0	0	0
IS	292	0	0	0	0
IS	293	0	0	0	0
IS	294	0	0	0	0
IS	295	0	0	0	0
IS	296	0	0	0	0
IS	297	0	0	0	0
IS	298	0	0	0	0
IS	299	0	0	0	0
IS	300	0	0	0	0
IS	301	0	0	0	0
IS	302	0	0	0	0
IS	303	0	0	0	0
IS	304	0	0	0	0
IS	305	0	0	0	0
IS	306	0	0	0	0
IS	307	0	0	0	0
IS	308	0	0	0	0
IS	309	0	0	0	0
IS	310	0	0	0	0
IS	311	0	0	0	0
IS	312	0	0	0	0
IS	313	0	0	0	0
IS	314	0	0	0	0
IS	315	0	0	0	0
IS	316	0	0	0	0
IS	317	0	0	0	0
IS	318	0	0	0	0
IS	319	0	0	0	0
IS	320	0	0	0	0
IS	321	0	0	0	0
IS	322	1	1	0	0
IS	323	0	0	0	0
IS	324	0	0	0	0
IS	325	0	0	0	0
IS	326	0	0	0	0
IS	327	0	0	0	0
IS	328	0	0	0	0
IS	329	0	0	0	0
IS	330	0	0	0	0
IS	331	0	0	0	0
IS	332	0	0	0	0
IS	333	0	0	0	0
IS	334	0	0	0	0
IS	335	0	0	0	0
IS	336	0	0	0	0
IS	337	0	0	0	0
IS	338	0	0	0	0
IS	339	0	0	0	0
IS	340	0	0	0	0
IS	341	0	0	0	0
IS	342	0	0	0	0
IS	343	0	0	0	0
IS	344	1	1	0	0
IS	345	1	1	0	0
IS	346	1	1	0	0
IS	347	0	0	0	0
IS	348	0	0	0	0
IS	349	0	0	0	0
IS	350	0	0	0	0
IS	351	0	0	0	0
IS	352	0	0	0	0
IS	353	0	0	0	0
IS	354	1	1	0	0
IS	355	1	1	0	0
IS	356	0	0	0	0
IS	357	0	0	0	0
IS	358	0	0	0	0
IS	359	1	1	0	0
IS	360	0	0	0	0
IS	361	0	0	0	0
IS	362	0	0	0	0
IS	363	0	0	0	0
IS	364	0	0	0	0
IS	365	0	0	0	0
IS	366	0	0	0	0
IS	367	1	1	0	0
IS	368	0	0	0	0
IS	369	0	0	0	0
IS	370	1	1	0	0
IS	371	0	0	0	0
IS	372	0	0	0	0
IS	373	2	2	0	0
IS	374	0	0	0	0
IS	375	0	0	0	0
IS	376	2	2	0	0
IS	377	1	1	0	0
IS	378	0	0	0	0
IS	379	2	2	0	0
IS	380	3	3	0	0
IS	381	3	3	0	0
IS	382	0	0	0	0
IS	383	2	2	0	0
IS	384	1	1	0	0
IS	385	0	0	0	0
IS	386	0	0	0	0
IS	387	0	0	0	0
IS	388	1	1	0	0
IS	389	2	2	0	0
IS	390	0	0	0	0
IS	391	1	1	0	0
IS	392	1	1	0	0
IS	393	2	2	0	0
IS	394	0	0	0	0
IS	395	1	1	0	0
IS	396	0	0	0	0
IS	397	1	1	0	0
IS	398	1	1	0	0
IS	399	2	2	0	0
IS	400	0	0	0	0
IS	401	0	0	0	0
IS	402	1	1	0	0
IS	403	2	2	0	0
IS	404	4	4	0	0
IS	405	1	1	0	0
IS	406	2	2	0	0
IS	407	1	1	0	0
IS	408	2	2	0	0
IS	409	2	2	0	0
IS	410	1	1	0	0
IS	411	3	3	0	0
IS	412	5	5	0	0
IS	413	8	8	0	0
IS	414	2	2	0	0
IS	415	7	7	0	0
IS	416	8	8	0	0
IS	417	2	2	0	0
IS	418	1	1	0	0
IS	419	4	4	0	0
IS	420	10	10	0	0
IS	421	4	4	0	0
IS	422	7	7	0	0
IS	423	6	6	0	0
IS	424	2	2	0	0
IS	425	6	6	0	0
IS	426	3	3	0	0
IS	427	4	4	0	0
IS	428	7	7	0	0
IS	429	5	5	0	0
IS	430	4	4	0	0
IS	431	9	9	0	0
IS	432	4	4	0	0
IS	433	8	8	0	0
IS	434	7	7	0	0
IS	435	5	5	0	0
IS	436	4	4	0	0
IS	437	14	14	0	0
IS	438	9	9	0	0
IS	439	10	10	0	0
IS	440	9	9	0	0
IS	441	10	10	0	0
IS	442	7	7	0	0
IS	443	9	9	0	0
IS	444	6	6	0	0
IS	445	9	9	0	0
IS	446	10	10	0	0
IS	447	10	10	0	0
IS	448	9	9	0	0
IS	449	8	8	0	0
IS	450	9	9	0	0
IS	451	14	14	0	0
IS	452	18	18	0	0
IS	453	14	14	0	0
IS	454	11	11	0	0
IS	455	7	7	0	0
IS	456	10	10	0	0
IS	457	13	13	0	0
IS	458	11	11	0	0
IS	459	13	13	0	0
IS	460	9	9	0	0
IS	461	12	12	0	0
IS	462	11	11	0	0
IS	463	8	8	0	0
IS	464	11	11	0	0
IS	465	10	10	0	0
IS	466	8	8	0	0
IS	467	10	10	0	0
IS	468	15	15	0	0
IS	469	19	19	0	0
IS	470	15	15	0	0
IS	471	6	6	0	0
IS	472	17	17	0	0
IS	473	20	20	0	0
IS	474	15	15	0	0
IS	475	17	17	0	0
IS	476	11	11	0	0
IS	477	16	16	0	0
IS	478	11	11	0	0
IS	479	22	22	0	0
IS	480	20	20	0	0
IS	481	16	16	0	0
IS	482	13	13	0	0
IS	483	11	11	0	0
IS	484	13	13	0	0
IS	485	19	19	0	0
IS	486	21	21	0	0
IS	487	13	13	0	0
IS	488	14	14	0	0
IS	489	16	16	0	0
IS	490	15	15	0	0
IS	491	23	23	0	0
IS	492	13	13	0	0
IS	493	19	19	0	0
IS	494	22	22	0	0
IS	495	24	24	0	0
IS	496	21	21	0	0
IS	497	16	16	0	0
IS	498	17	17	0	0
IS	499	15	15	0	0
IS	500	10	10	0	0
IS	501	9	9	0	0
IS	502	25	25	0	0
IS	503	18	18	0	0
IS	504	20	20	0	0
IS	505	17	17	0	0
IS	506	18	18	0	0
IS	507	22	22	0	0
IS	508	14	14	0	0
IS	509	18	18	0	0
IS	510	17	17	0	0
IS	511	14	14	0	0
IS	512	17	17	0	0
IS	513	16	16	0	0
IS	514	19	19	0	0
IS	515	17	17	0	0
IS	516	12	12	0	0
IS	517	14	14	0	0
IS	518	14	14	0	0
IS	519	8	8	0	0
IS	520	15	15	0	0
IS	521	12	12	0	0
IS	522	15	15	0	0
IS	523	16	16	0	0
IS	524	14	14	0	0
IS	525	21	21	0	0
IS	526	11	11	0	0
IS	527	11	11	0	0
IS	528	14	14	0	0
IS	529	9	9	0	0
IS	530	14	14	0	0
IS	531	17	17	0	0
IS	532	14	14	0	0
IS	533	11	11	0	0
IS	534	11	11	0	0
IS	535	14	14	0	0
IS	536	14	14	0	0
IS	537	12	12	0	0
IS	538	12	12	0	0
IS	539	13	13	0	0
IS	540	7	7	0	0
IS	541	17	17	0	0
IS	542	12	12	0	0
IS	543	12	12	0	0
IS	544	9	9	0	0
IS	545	5	5	0	0
IS	546	15	15	0	0
IS	547	8	8	0	0
IS	548	10	10	0	0
IS	549	8	8	0	0
IS	550	9	9	0	0
IS	551	7	7	0	0
IS	552	4	4	0	0
IS	553	8	8	0	0
IS	554	8	8	0	0
IS	555	7	7	0	0
IS	556	6	6	0	0
IS	557	12	12	0	0
IS	558	8	8	0	0
IS	559	5	5	0	0
IS	560	5	5	0	0
IS	561	11	11	0	0
IS	562	6	6	0	0
IS	563	8	8	0	0
IS	564	5	5	0	0
IS	565	9	9	0	0
IS	566	4	4	0	0
IS	567	3	3	0	0
IS	568	5	5	0	0
IS	569	4	4	0	0
IS	570	6	6	0	0
IS	571	4	4	0	0
IS	572	3	3	0	0
IS	573	4	4	0	0
IS	574	6	6	0	0
IS	575	6	6	0	0
IS	576	6	6	0	0
IS	577	9	9	0	0
IS	578	6	6	0	0
IS	579	3	3	0	0
IS	580	2	2	0	0
IS	581	3	3	0	0
IS	582	2	2	0	0
IS	583	5	5	0	0
IS	584	4	4	0	0
IS	585	2	2	0	0
IS	586	2	2	0	0
IS	587	3	3	0	0
IS	588	2	2	0	0
IS	589	2	2	0	0
IS	590	5	5	0	0
IS	591	0	0	0	0
IS	592	7	7	0	0
IS	593	1	1	0	0
IS	594	2	2	0	0
IS	595	0	0	0	0
IS	596	4	4	0	0
IS	597	3	3	0	0
IS	598	4	4	0	0
IS	599	1	1	0	0
IS	600	2	2	0	0
IS	601	1	1	0	0
IS	602	2	2	0	0
IS	603	0	0	0	0
IS	604	2	2	0	0
IS	605	1	1	0	0
IS	606	1	1	0	0
IS	607	4	4	0	0
IS	608	1	1	0	0
IS	609	1	1	0	0
IS	610	4	4	0	0
# Read lengths. Use `grep ^RL | cut -f 2-` to extract this part. The columns are: read length, count
RL	150	4008
# Read lengths - first fragments. Use `grep ^FRL | cut -f 2-` to extract this part. The columns are: read length, count
FRL	150	2004
# Read lengths - last fragments. Use `grep ^LRL | cut -f 2-` to extract this part. The columns are: read length, count
LRL	150	2004
# Mapping qualities for reads !(UNMAP|SECOND|SUPPL|QCFAIL|DUP). Use `grep ^MAPQ | cut -f 2-` to extract this part. The columns are: mapq, count
MAPQ	0	6
MAPQ	21	1
MAPQ	27	2
MAPQ	33	2
MAPQ	39	1
MAPQ	40	20
MAPQ	41	1
MAPQ	43	3
MAPQ	45	1
MAPQ	46	1
MAPQ	48	32
MAPQ	50	4
MAPQ	51	2
MAPQ	52	1
MAPQ	57	12
MAPQ	59	1
MAPQ	60	3918
# Indel distribution. Use `grep ^ID | cut -f 2-` to extract this part. The columns are: length, number of insertions, number of deletions
# Indels per cycle. Use `grep ^IC | cut -f 2-` to extract this part. The columns are: cycle, number of insertions (fwd), .. (rev) , number of deletions (fwd), .. (rev)
# Coverage distribution. Use `grep ^COV | cut -f 2-` to extract this part.
COV	[1-1]	1	5100
COV	[2-2]	2	9151
COV	[3-3]	3	15073
COV	[4-4]	4	19167
COV	[5-5]	5	19935
COV	[6-6]	6	16710
COV	[7-7]	7	12112
COV	[8-8]	8	8049
COV	[9-9]	9	5325
COV	[10-10]	10	3299
COV	[11-11]	11	1273
COV	[12-12]	12	539
COV	[13-13]	13	293
COV	[14-14]	14	105
COV	[15-15]	15	9
# GC-depth. Use `grep ^GCD | cut -f 2-` to extract this part. The columns are: GC%, unique sequence percentiles, 10th, 25th, 50th, 75th and 90th depth percentile
GCD	0.0	15.385	0.000	0.000	0.000	0.000	0.000
GCD	37.0	30.769	2.505	2.505	2.505	2.505	2.505
GCD	38.0	46.154	2.505	2.505	2.505	2.505	2.505
GCD	39.0	69.231	2.505	2.505	2.505	2.505	2.505
GCD	40.0	92.308	2.505	2.505	2.505	2.505	2.505
GCD	45.0	100.000	2.505	2.505	2.505	2.505	2.505
