# This file was produced by samtools stats (1.20+htslib-1.21) and can be plotted using plot-bamstats
# This file contains statistics for all reads.
# The command line was:  stats sample3831.sorted.group.rmdup.bam
# CHK, Checksum	[2]Read Names	[3]Sequences	[4]Qualities
# CHK, CRC32 of reads which passed filtering followed by addition (32bit overflow)
CHK	c9c633d2	fc64569c	f1f23d24
# Summary Numbers. Use `grep ^SN | cut -f 2-` to extract this part.
SN	raw total sequences:	4006	# excluding supplementary and secondary reads
SN	filtered sequences:	0
SN	sequences:	4006
SN	is sorted:	1
SN	1st fragments:	2003
SN	last fragments:	2003
SN	reads mapped:	4006
SN	reads mapped and paired:	4006	# paired-end technology bit set + both mates mapped
SN	reads unmapped:	0
SN	reads properly paired:	4006	# proper-pair bit set
SN	reads paired:	4006	# paired-end technology bit set
SN	reads duplicated:	0	# PCR or optical duplicate bit set
SN	reads MQ0:	20	# mapped and MQ=0
SN	reads QC failed:	0
SN	non-primary alignments:	0
SN	supplementary alignments:	0
SN	total length:	600900	# ignores clipping
SN	total first fragment length:	300450	# ignores clipping
SN	total last fragment length:	300450	# ignores clipping
SN	bases mapped:	600900	# ignores clipping
SN	bases mapped (cigar):	600900	# more accurate
SN	bases trimmed:	0
SN	bases duplicated:	0
SN	mismatches:	1058	# from NM fields
SN	error rate:	1.760692e-03	# mismatches / bases mapped (cigar)
SN	average length:	150
SN	average first fragment length:	150
SN	average last fragment length:	150
SN	maximum length:	150
SN	maximum first fragment length:	150
SN	maximum last fragment length:	150
SN	average quality:	30.0
SN	insert size average:	496.6
SN	insert size standard deviation:	48.9
SN	inward oriented pairs:	2003
SN	outward oriented pairs:	0
SN	pairs with other orientation:	0
SN	pairs on different chromosomes:	0
SN	percentage of properly paired reads (%):	100.0
# First Fragment Qualities. Use `grep ^FFQ | cut -f 2-` to extract this part.
# Columns correspond to qualities and rows to cycles. First column is the cycle number.
FFQ	1	0	0	0	0	0	0	0	0	0	0	0	0	0	0	0	0	0	0	0	0	0	0	0	0	0	0	0	0	0	0	2003	0
FFQ	2	0	0	0	0	0	0	0	0	0	0	0	0	0	0	0	0	0	0	0	0	0	0	0	0	0	0	0	0	0	0	2003	0
FFQ	3	0	0	0	0	0	0	0	0	0	0	0	0	0	0	0	0	0	0	0	0	0	0	0	0	0	0	0	0	0	0	2003	0
FFQ	4	0	0	0	0	0	0	0	0	0	0	0	0	0	0	0	0	0	0	0	0	0	0	0	0	0	0	0	0	0	0	2003	0
FFQ	5	0	0	0	0	0	0	0	0	0	0	0	0	0	0	0	0	0	0	0	0	0	0	0	0	0	0	0	0	0	0	2003	0
FFQ	6	0	0	0	0	0	0	0	0	0	0	0	0	0	0	0	0	0	0	0	0	0	0	0	0	0	0	0	0	0	0	2003	0
FFQ	7	0	0	0	0	0	0	0	0	0	0	0	0	0	0	0	0	0	0	0	0	0	0	0	0	0	0	0	0	0	0	2003	0
FFQ	8	0	0	0	0	0	0	0	0	0	0	0	0	0	0	0	0	0	0	0	0	0	0	0	0	0	0	0	0	0	0	2003	0
FFQ	9	0	0	0	0	0	0	0	0	0	0	0	0	0	0	0	0	0	0	0	0	0	0	0	0	0	0	0	0	0	0	2003	0
FFQ	10	0	0	0	0	0	0	0	0	0	0	0	0	0	0	0	0	0	0	0	0	0	0	0	0	0	0	0	0	0	0	2003	0
FFQ	11	0	0	0	0	0	0	0	0	0	0	0	0	0	0	0	0	0	0	0	0	0	0	0	0	0	0	0	0	0	0	2003	0
FFQ	12	0	0	0	0	0	0	0	0	0	0	0	0	0	0	0	0	0	0	0	0	0	0	0	0	0	0	0	0	0	0	2003	0
FFQ	13	0	0	0	0	0	0	0	0	0	0	0	0	0	0	0	0	0	0	0	0	0	0	0	0	0	0	0	0	0	0	2003	0
FFQ	14	0	0	0	0	0	0	0	0	0	0	0	0	0	0	0	0	0	0	0	0	0	0	0	0	0	0	0	0	0	0	2003	0
FFQ	15	0	0	0	0	0	0	0	0	0	0	0	0	0	0	0	0	0	0	0	0	0	0	0	0	0	0	0	0	0	0	2003	0
FFQ	16	0	0	0	0	0	0	0	0	0	0	0	0	0	0	0	0	0	0	0	0	0	0	0	0	0	0	0	0	0	0	2003	0
FFQ	17	0	0	0	0	0	0	0	0	0	0	0	0	0	0	0	0	0	0	0	0	0	0	0	0	0	0	0	0	0	0	2003	0
FFQ	18	0	0	0	0	0	0	0	0	0	0	0	0	0	0	0	0	0	0	0	0	0	0	0	0	0	0	0	0	0	0	2003	0
FFQ	19	0	0	0	0	0	0	0	0	0	0	0	0	0	0	0	0	0	0	0	0	0	0	0	0	0	0	0	0	0	0	2003	0
FFQ	20	0	0	0	0	0	0	0	0	0	0	0	0	0	0	0	0	0	0	0	0	0	0	0	0	0	0	0	0	0	0	2003	0
FFQ	21	0	0	0	0	0	0	0	0	0	0	0	0	0	0	0	0	0	0	0	0	0	0	0	0	0	0	0	0	0	0	2003	0
FFQ	22	0	0	0	0	0	0	0	0	0	0	0	0	0	0	0	0	0	0	0	0	0	0	0	0	0	0	0	0	0	0	2003	0
FFQ	23	0	0	0	0	0	0	0	0	0	0	0	0	0	0	0	0	0	0	0	0	0	0	0	0	0	0	0	0	0	0	2003	0
FFQ	24	0	0	0	0	0	0	0	0	0	0	0	0	0	0	0	0	0	0	0	0	0	0	0	0	0	0	0	0	0	0	2003	0
FFQ	25	0	0	0	0	0	0	0	0	0	0	0	0	0	0	0	0	0	0	0	0	0	0	0	0	0	0	0	0	0	0	2003	0
FFQ	26	0	0	0	0	0	0	0	0	0	0	0	0	0	0	0	0	0	0	0	0	0	0	0	0	0	0	0	0	0	0	2003	0
FFQ	27	0	0	0	0	0	0	0	0	0	0	0	0	0	0	0	0	0	0	0	0	0	0	0	0	0	0	0	0	0	0	2003	0
FFQ	28	0	0	0	0	0	0	0	0	0	0	0	0	0	0	0	0	0	0	0	0	0	0	0	0	0	0	0	0	0	0	2003	0
FFQ	29	0	0	0	0	0	0	0	0	0	0	0	0	0	0	0	0	0	0	0	0	0	0	0	0	0	0	0	0	0	0	2003	0
FFQ	30	0	0	0	0	0	0	0	0	0	0	0	0	0	0	0	0	0	0	0	0	0	0	0	0	0	0	0	0	0	0	2003	0
FFQ	31	0	0	0	0	0	0	0	0	0	0	0	0	0	0	0	0	0	0	0	0	0	0	0	0	0	0	0	0	0	0	2003	0
FFQ	32	0	0	0	0	0	0	0	0	0	0	0	0	0	0	0	0	0	0	0	0	0	0	0	0	0	0	0	0	0	0	2003	0
FFQ	33	0	0	0	0	0	0	0	0	0	0	0	0	0	0	0	0	0	0	0	0	0	0	0	0	0	0	0	0	0	0	2003	0
FFQ	34	0	0	0	0	0	0	0	0	0	0	0	0	0	0	0	0	0	0	0	0	0	0	0	0	0	0	0	0	0	0	2003	0
FFQ	35	0	0	0	0	0	0	0	0	0	0	0	0	0	0	0	0	0	0	0	0	0	0	0	0	0	0	0	0	0	0	2003	0
FFQ	36	0	0	0	0	0	0	0	0	0	0	0	0	0	0	0	0	0	0	0	0	0	0	0	0	0	0	0	0	0	0	2003	0
FFQ	37	0	0	0	0	0	0	0	0	0	0	0	0	0	0	0	0	0	0	0	0	0	0	0	0	0	0	0	0	0	0	2003	0
FFQ	38	0	0	0	0	0	0	0	0	0	0	0	0	0	0	0	0	0	0	0	0	0	0	0	0	0	0	0	0	0	0	2003	0
FFQ	39	0	0	0	0	0	0	0	0	0	0	0	0	0	0	0	0	0	0	0	0	0	0	0	0	0	0	0	0	0	0	2003	0
FFQ	40	0	0	0	0	0	0	0	0	0	0	0	0	0	0	0	0	0	0	0	0	0	0	0	0	0	0	0	0	0	0	2003	0
FFQ	41	0	0	0	0	0	0	0	0	0	0	0	0	0	0	0	0	0	0	0	0	0	0	0	0	0	0	0	0	0	0	2003	0
FFQ	42	0	0	0	0	0	0	0	0	0	0	0	0	0	0	0	0	0	0	0	0	0	0	0	0	0	0	0	0	0	0	2003	0
FFQ	43	0	0	0	0	0	0	0	0	0	0	0	0	0	0	0	0	0	0	0	0	0	0	0	0	0	0	0	0	0	0	2003	0
FFQ	44	0	0	0	0	0	0	0	0	0	0	0	0	0	0	0	0	0	0	0	0	0	0	0	0	0	0	0	0	0	0	2003	0
FFQ	45	0	0	0	0	0	0	0	0	0	0	0	0	0	0	0	0	0	0	0	0	0	0	0	0	0	0	0	0	0	0	2003	0
FFQ	46	0	0	0	0	0	0	0	0	0	0	0	0	0	0	0	0	0	0	0	0	0	0	0	0	0	0	0	0	0	0	2003	0
FFQ	47	0	0	0	0	0	0	0	0	0	0	0	0	0	0	0	0	0	0	0	0	0	0	0	0	0	0	0	0	0	0	2003	0
FFQ	48	0	0	0	0	0	0	0	0	0	0	0	0	0	0	0	0	0	0	0	0	0	0	0	0	0	0	0	0	0	0	2003	0
FFQ	49	0	0	0	0	0	0	0	0	0	0	0	0	0	0	0	0	0	0	0	0	0	0	0	0	0	0	0	0	0	0	2003	0
FFQ	50	0	0	0	0	0	0	0	0	0	0	0	0	0	0	0	0	0	0	0	0	0	0	0	0	0	0	0	0	0	0	2003	0
FFQ	51	0	0	0	0	0	0	0	0	0	0	0	0	0	0	0	0	0	0	0	0	0	0	0	0	0	0	0	0	0	0	2003	0
FFQ	52	0	0	0	0	0	0	0	0	0	0	0	0	0	0	0	0	0	0	0	0	0	0	0	0	0	0	0	0	0	0	2003	0
FFQ	53	0	0	0	0	0	0	0	0	0	0	0	0	0	0	0	0	0	0	0	0	0	0	0	0	0	0	0	0	0	0	2003	0
FFQ	54	0	0	0	0	0	0	0	0	0	0	0	0	0	0	0	0	0	0	0	0	0	0	0	0	0	0	0	0	0	0	2003	0
FFQ	55	0	0	0	0	0	0	0	0	0	0	0	0	0	0	0	0	0	0	0	0	0	0	0	0	0	0	0	0	0	0	2003	0
FFQ	56	0	0	0	0	0	0	0	0	0	0	0	0	0	0	0	0	0	0	0	0	0	0	0	0	0	0	0	0	0	0	2003	0
FFQ	57	0	0	0	0	0	0	0	0	0	0	0	0	0	0	0	0	0	0	0	0	0	0	0	0	0	0	0	0	0	0	2003	0
FFQ	58	0	0	0	0	0	0	0	0	0	0	0	0	0	0	0	0	0	0	0	0	0	0	0	0	0	0	0	0	0	0	2003	0
FFQ	59	0	0	0	0	0	0	0	0	0	0	0	0	0	0	0	0	0	0	0	0	0	0	0	0	0	0	0	0	0	0	2003	0
FFQ	60	0	0	0	0	0	0	0	0	0	0	0	0	0	0	0	0	0	0	0	0	0	0	0	0	0	0	0	0	0	0	2003	0
FFQ	61	0	0	0	0	0	0	0	0	0	0	0	0	0	0	0	0	0	0	0	0	0	0	0	0	0	0	0	0	0	0	2003	0
FFQ	62	0	0	0	0	0	0	0	0	0	0	0	0	0	0	0	0	0	0	0	0	0	0	0	0	0	0	0	0	0	0	2003	0
FFQ	63	0	0	0	0	0	0	0	0	0	0	0	0	0	0	0	0	0	0	0	0	0	0	0	0	0	0	0	0	0	0	2003	0
FFQ	64	0	0	0	0	0	0	0	0	0	0	0	0	0	0	0	0	0	0	0	0	0	0	0	0	0	0	0	0	0	0	2003	0
FFQ	65	0	0	0	0	0	0	0	0	0	0	0	0	0	0	0	0	0	0	0	0	0	0	0	0	0	0	0	0	0	0	2003	0
FFQ	66	0	0	0	0	0	0	0	0	0	0	0	0	0	0	0	0	0	0	0	0	0	0	0	0	0	0	0	0	0	0	2003	0
FFQ	67	0	0	0	0	0	0	0	0	0	0	0	0	0	0	0	0	0	0	0	0	0	0	0	0	0	0	0	0	0	0	2003	0
FFQ	68	0	0	0	0	0	0	0	0	0	0	0	0	0	0	0	0	0	0	0	0	0	0	0	0	0	0	0	0	0	0	2003	0
FFQ	69	0	0	0	0	0	0	0	0	0	0	0	0	0	0	0	0	0	0	0	0	0	0	0	0	0	0	0	0	0	0	2003	0
FFQ	70	0	0	0	0	0	0	0	0	0	0	0	0	0	0	0	0	0	0	0	0	0	0	0	0	0	0	0	0	0	0	2003	0
FFQ	71	0	0	0	0	0	0	0	0	0	0	0	0	0	0	0	0	0	0	0	0	0	0	0	0	0	0	0	0	0	0	2003	0
FFQ	72	0	0	0	0	0	0	0	0	0	0	0	0	0	0	0	0	0	0	0	0	0	0	0	0	0	0	0	0	0	0	2003	0
FFQ	73	0	0	0	0	0	0	0	0	0	0	0	0	0	0	0	0	0	0	0	0	0	0	0	0	0	0	0	0	0	0	2003	0
FFQ	74	0	0	0	0	0	0	0	0	0	0	0	0	0	0	0	0	0	0	0	0	0	0	0	0	0	0	0	0	0	0	2003	0
FFQ	75	0	0	0	0	0	0	0	0	0	0	0	0	0	0	0	0	0	0	0	0	0	0	0	0	0	0	0	0	0	0	2003	0
FFQ	76	0	0	0	0	0	0	0	0	0	0	0	0	0	0	0	0	0	0	0	0	0	0	0	0	0	0	0	0	0	0	2003	0
FFQ	77	0	0	0	0	0	0	0	0	0	0	0	0	0	0	0	0	0	0	0	0	0	0	0	0	0	0	0	0	0	0	2003	0
FFQ	78	0	0	0	0	0	0	0	0	0	0	0	0	0	0	0	0	0	0	0	0	0	0	0	0	0	0	0	0	0	0	2003	0
FFQ	79	0	0	0	0	0	0	0	0	0	0	0	0	0	0	0	0	0	0	0	0	0	0	0	0	0	0	0	0	0	0	2003	0
FFQ	80	0	0	0	0	0	0	0	0	0	0	0	0	0	0	0	0	0	0	0	0	0	0	0	0	0	0	0	0	0	0	2003	0
FFQ	81	0	0	0	0	0	0	0	0	0	0	0	0	0	0	0	0	0	0	0	0	0	0	0	0	0	0	0	0	0	0	2003	0
FFQ	82	0	0	0	0	0	0	0	0	0	0	0	0	0	0	0	0	0	0	0	0	0	0	0	0	0	0	0	0	0	0	2003	0
FFQ	83	0	0	0	0	0	0	0	0	0	0	0	0	0	0	0	0	0	0	0	0	0	0	0	0	0	0	0	0	0	0	2003	0
FFQ	84	0	0	0	0	0	0	0	0	0	0	0	0	0	0	0	0	0	0	0	0	0	0	0	0	0	0	0	0	0	0	2003	0
FFQ	85	0	0	0	0	0	0	0	0	0	0	0	0	0	0	0	0	0	0	0	0	0	0	0	0	0	0	0	0	0	0	2003	0
FFQ	86	0	0	0	0	0	0	0	0	0	0	0	0	0	0	0	0	0	0	0	0	0	0	0	0	0	0	0	0	0	0	2003	0
FFQ	87	0	0	0	0	0	0	0	0	0	0	0	0	0	0	0	0	0	0	0	0	0	0	0	0	0	0	0	0	0	0	2003	0
FFQ	88	0	0	0	0	0	0	0	0	0	0	0	0	0	0	0	0	0	0	0	0	0	0	0	0	0	0	0	0	0	0	2003	0
FFQ	89	0	0	0	0	0	0	0	0	0	0	0	0	0	0	0	0	0	0	0	0	0	0	0	0	0	0	0	0	0	0	2003	0
FFQ	90	0	0	0	0	0	0	0	0	0	0	0	0	0	0	0	0	0	0	0	0	0	0	0	0	0	0	0	0	0	0	2003	0
FFQ	91	0	0	0	0	0	0	0	0	0	0	0	0	0	0	0	0	0	0	0	0	0	0	0	0	0	0	0	0	0	0	2003	0
FFQ	92	0	0	0	0	0	0	0	0	0	0	0	0	0	0	0	0	0	0	0	0	0	0	0	0	0	0	0	0	0	0	2003	0
FFQ	93	0	0	0	0	0	0	0	0	0	0	0	0	0	0	0	0	0	0	0	0	0	0	0	0	0	0	0	0	0	0	2003	0
FFQ	94	0	0	0	0	0	0	0	0	0	0	0	0	0	0	0	0	0	0	0	0	0	0	0	0	0	0	0	0	0	0	2003	0
FFQ	95	0	0	0	0	0	0	0	0	0	0	0	0	0	0	0	0	0	0	0	0	0	0	0	0	0	0	0	0	0	0	2003	0
FFQ	96	0	0	0	0	0	0	0	0	0	0	0	0	0	0	0	0	0	0	0	0	0	0	0	0	0	0	0	0	0	0	2003	0
FFQ	97	0	0	0	0	0	0	0	0	0	0	0	0	0	0	0	0	0	0	0	0	0	0	0	0	0	0	0	0	0	0	2003	0
FFQ	98	0	0	0	0	0	0	0	0	0	0	0	0	0	0	0	0	0	0	0	0	0	0	0	0	0	0	0	0	0	0	2003	0
FFQ	99	0	0	0	0	0	0	0	0	0	0	0	0	0	0	0	0	0	0	0	0	0	0	0	0	0	0	0	0	0	0	2003	0
FFQ	100	0	0	0	0	0	0	0	0	0	0	0	0	0	0	0	0	0	0	0	0	0	0	0	0	0	0	0	0	0	0	2003	0
FFQ	101	0	0	0	0	0	0	0	0	0	0	0	0	0	0	0	0	0	0	0	0	0	0	0	0	0	0	0	0	0	0	2003	0
FFQ	102	0	0	0	0	0	0	0	0	0	0	0	0	0	0	0	0	0	0	0	0	0	0	0	0	0	0	0	0	0	0	2003	0
FFQ	103	0	0	0	0	0	0	0	0	0	0	0	0	0	0	0	0	0	0	0	0	0	0	0	0	0	0	0	0	0	0	2003	0
FFQ	104	0	0	0	0	0	0	0	0	0	0	0	0	0	0	0	0	0	0	0	0	0	0	0	0	0	0	0	0	0	0	2003	0
FFQ	105	0	0	0	0	0	0	0	0	0	0	0	0	0	0	0	0	0	0	0	0	0	0	0	0	0	0	0	0	0	0	2003	0
FFQ	106	0	0	0	0	0	0	0	0	0	0	0	0	0	0	0	0	0	0	0	0	0	0	0	0	0	0	0	0	0	0	2003	0
FFQ	107	0	0	0	0	0	0	0	0	0	0	0	0	0	0	0	0	0	0	0	0	0	0	0	0	0	0	0	0	0	0	2003	0
FFQ	108	0	0	0	0	0	0	0	0	0	0	0	0	0	0	0	0	0	0	0	0	0	0	0	0	0	0	0	0	0	0	2003	0
FFQ	109	0	0	0	0	0	0	0	0	0	0	0	0	0	0	0	0	0	0	0	0	0	0	0	0	0	0	0	0	0	0	2003	0
FFQ	110	0	0	0	0	0	0	0	0	0	0	0	0	0	0	0	0	0	0	0	0	0	0	0	0	0	0	0	0	0	0	2003	0
FFQ	111	0	0	0	0	0	0	0	0	0	0	0	0	0	0	0	0	0	0	0	0	0	0	0	0	0	0	0	0	0	0	2003	0
FFQ	112	0	0	0	0	0	0	0	0	0	0	0	0	0	0	0	0	0	0	0	0	0	0	0	0	0	0	0	0	0	0	2003	0
FFQ	113	0	0	0	0	0	0	0	0	0	0	0	0	0	0	0	0	0	0	0	0	0	0	0	0	0	0	0	0	0	0	2003	0
FFQ	114	0	0	0	0	0	0	0	0	0	0	0	0	0	0	0	0	0	0	0	0	0	0	0	0	0	0	0	0	0	0	2003	0
FFQ	115	0	0	0	0	0	0	0	0	0	0	0	0	0	0	0	0	0	0	0	0	0	0	0	0	0	0	0	0	0	0	2003	0
FFQ	116	0	0	0	0	0	0	0	0	0	0	0	0	0	0	0	0	0	0	0	0	0	0	0	0	0	0	0	0	0	0	2003	0
FFQ	117	0	0	0	0	0	0	0	0	0	0	0	0	0	0	0	0	0	0	0	0	0	0	0	0	0	0	0	0	0	0	2003	0
FFQ	118	0	0	0	0	0	0	0	0	0	0	0	0	0	0	0	0	0	0	0	0	0	0	0	0	0	0	0	0	0	0	2003	0
FFQ	119	0	0	0	0	0	0	0	0	0	0	0	0	0	0	0	0	0	0	0	0	0	0	0	0	0	0	0	0	0	0	2003	0
FFQ	120	0	0	0	0	0	0	0	0	0	0	0	0	0	0	0	0	0	0	0	0	0	0	0	0	0	0	0	0	0	0	2003	0
FFQ	121	0	0	0	0	0	0	0	0	0	0	0	0	0	0	0	0	0	0	0	0	0	0	0	0	0	0	0	0	0	0	2003	0
FFQ	122	0	0	0	0	0	0	0	0	0	0	0	0	0	0	0	0	0	0	0	0	0	0	0	0	0	0	0	0	0	0	2003	0
FFQ	123	0	0	0	0	0	0	0	0	0	0	0	0	0	0	0	0	0	0	0	0	0	0	0	0	0	0	0	0	0	0	2003	0
FFQ	124	0	0	0	0	0	0	0	0	0	0	0	0	0	0	0	0	0	0	0	0	0	0	0	0	0	0	0	0	0	0	2003	0
FFQ	125	0	0	0	0	0	0	0	0	0	0	0	0	0	0	0	0	0	0	0	0	0	0	0	0	0	0	0	0	0	0	2003	0
FFQ	126	0	0	0	0	0	0	0	0	0	0	0	0	0	0	0	0	0	0	0	0	0	0	0	0	0	0	0	0	0	0	2003	0
FFQ	127	0	0	0	0	0	0	0	0	0	0	0	0	0	0	0	0	0	0	0	0	0	0	0	0	0	0	0	0	0	0	2003	0
FFQ	128	0	0	0	0	0	0	0	0	0	0	0	0	0	0	0	0	0	0	0	0	0	0	0	0	0	0	0	0	0	0	2003	0
FFQ	129	0	0	0	0	0	0	0	0	0	0	0	0	0	0	0	0	0	0	0	0	0	0	0	0	0	0	0	0	0	0	2003	0
FFQ	130	0	0	0	0	0	0	0	0	0	0	0	0	0	0	0	0	0	0	0	0	0	0	0	0	0	0	0	0	0	0	2003	0
FFQ	131	0	0	0	0	0	0	0	0	0	0	0	0	0	0	0	0	0	0	0	0	0	0	0	0	0	0	0	0	0	0	2003	0
FFQ	132	0	0	0	0	0	0	0	0	0	0	0	0	0	0	0	0	0	0	0	0	0	0	0	0	0	0	0	0	0	0	2003	0
FFQ	133	0	0	0	0	0	0	0	0	0	0	0	0	0	0	0	0	0	0	0	0	0	0	0	0	0	0	0	0	0	0	2003	0
FFQ	134	0	0	0	0	0	0	0	0	0	0	0	0	0	0	0	0	0	0	0	0	0	0	0	0	0	0	0	0	0	0	2003	0
FFQ	135	0	0	0	0	0	0	0	0	0	0	0	0	0	0	0	0	0	0	0	0	0	0	0	0	0	0	0	0	0	0	2003	0
FFQ	136	0	0	0	0	0	0	0	0	0	0	0	0	0	0	0	0	0	0	0	0	0	0	0	0	0	0	0	0	0	0	2003	0
FFQ	137	0	0	0	0	0	0	0	0	0	0	0	0	0	0	0	0	0	0	0	0	0	0	0	0	0	0	0	0	0	0	2003	0
FFQ	138	0	0	0	0	0	0	0	0	0	0	0	0	0	0	0	0	0	0	0	0	0	0	0	0	0	0	0	0	0	0	2003	0
FFQ	139	0	0	0	0	0	0	0	0	0	0	0	0	0	0	0	0	0	0	0	0	0	0	0	0	0	0	0	0	0	0	2003	0
FFQ	140	0	0	0	0	0	0	0	0	0	0	0	0	0	0	0	0	0	0	0	0	0	0	0	0	0	0	0	0	0	0	2003	0
FFQ	141	0	0	0	0	0	0	0	0	0	0	0	0	0	0	0	0	0	0	0	0	0	0	0	0	0	0	0	0	0	0	2003	0
FFQ	142	0	0	0	0	0	0	0	0	0	0	0	0	0	0	0	0	0	0	0	0	0	0	0	0	0	0	0	0	0	0	2003	0
FFQ	143	0	0	0	0	0	0	0	0	0	0	0	0	0	0	0	0	0	0	0	0	0	0	0	0	0	0	0	0	0	0	2003	0
FFQ	144	0	0	0	0	0	0	0	0	0	0	0	0	0	0	0	0	0	0	0	0	0	0	0	0	0	0	0	0	0	0	2003	0
FFQ	145	0	0	0	0	0	0	0	0	0	0	0	0	0	0	0	0	0	0	0	0	0	0	0	0	0	0	0	0	0	0	2003	0
FFQ	146	0	0	0	0	0	0	0	0	0	0	0	0	0	0	0	0	0	0	0	0	0	0	0	0	0	0	0	0	0	0	2003	0
FFQ	147	0	0	0	0	0	0	0	0	0	0	0	0	0	0	0	0	0	0	0	0	0	0	0	0	0	0	0	0	0	0	2003	0
FFQ	148	0	0	0	0	0	0	0	0	0	0	0	0	0	0	0	0	0	0	0	0	0	0	0	0	0	0	0	0	0	0	2003	0
FFQ	149	0	0	0	0	0	0	0	0	0	0	0	0	0	0	0	0	0	0	0	0	0	0	0	0	0	0	0	0	0	0	2003	0
FFQ	150	0	0	0	0	0	0	0	0	0	0	0	0	0	0	0	0	0	0	0	0	0	0	0	0	0	0	0	0	0	0	2003	0
# Last Fragment Qualities. Use `grep ^LFQ | cut -f 2-` to extract this part.
# Columns correspond to qualities and rows to cycles. First column is the cycle number.
LFQ	1	0	0	0	0	0	0	0	0	0	0	0	0	0	0	0	0	0	0	0	0	0	0	0	0	0	0	0	0	0	0	2003	0
LFQ	2	0	0	0	0	0	0	0	0	0	0	0	0	0	0	0	0	0	0	0	0	0	0	0	0	0	0	0	0	0	0	2003	0
LFQ	3	0	0	0	0	0	0	0	0	0	0	0	0	0	0	0	0	0	0	0	0	0	0	0	0	0	0	0	0	0	0	2003	0
LFQ	4	0	0	0	0	0	0	0	0	0	0	0	0	0	0	0	0	0	0	0	0	0	0	0	0	0	0	0	0	0	0	2003	0
LFQ	5	0	0	0	0	0	0	0	0	0	0	0	0	0	0	0	0	0	0	0	0	0	0	0	0	0	0	0	0	0	0	2003	0
LFQ	6	0	0	0	0	0	0	0	0	0	0	0	0	0	0	0	0	0	0	0	0	0	0	0	0	0	0	0	0	0	0	2003	0
LFQ	7	0	0	0	0	0	0	0	0	0	0	0	0	0	0	0	0	0	0	0	0	0	0	0	0	0	0	0	0	0	0	2003	0
LFQ	8	0	0	0	0	0	0	0	0	0	0	0	0	0	0	0	0	0	0	0	0	0	0	0	0	0	0	0	0	0	0	2003	0
LFQ	9	0	0	0	0	0	0	0	0	0	0	0	0	0	0	0	0	0	0	0	0	0	0	0	0	0	0	0	0	0	0	2003	0
LFQ	10	0	0	0	0	0	0	0	0	0	0	0	0	0	0	0	0	0	0	0	0	0	0	0	0	0	0	0	0	0	0	2003	0
LFQ	11	0	0	0	0	0	0	0	0	0	0	0	0	0	0	0	0	0	0	0	0	0	0	0	0	0	0	0	0	0	0	2003	0
LFQ	12	0	0	0	0	0	0	0	0	0	0	0	0	0	0	0	0	0	0	0	0	0	0	0	0	0	0	0	0	0	0	2003	0
LFQ	13	0	0	0	0	0	0	0	0	0	0	0	0	0	0	0	0	0	0	0	0	0	0	0	0	0	0	0	0	0	0	2003	0
LFQ	14	0	0	0	0	0	0	0	0	0	0	0	0	0	0	0	0	0	0	0	0	0	0	0	0	0	0	0	0	0	0	2003	0
LFQ	15	0	0	0	0	0	0	0	0	0	0	0	0	0	0	0	0	0	0	0	0	0	0	0	0	0	0	0	0	0	0	2003	0
LFQ	16	0	0	0	0	0	0	0	0	0	0	0	0	0	0	0	0	0	0	0	0	0	0	0	0	0	0	0	0	0	0	2003	0
LFQ	17	0	0	0	0	0	0	0	0	0	0	0	0	0	0	0	0	0	0	0	0	0	0	0	0	0	0	0	0	0	0	2003	0
LFQ	18	0	0	0	0	0	0	0	0	0	0	0	0	0	0	0	0	0	0	0	0	0	0	0	0	0	0	0	0	0	0	2003	0
LFQ	19	0	0	0	0	0	0	0	0	0	0	0	0	0	0	0	0	0	0	0	0	0	0	0	0	0	0	0	0	0	0	2003	0
LFQ	20	0	0	0	0	0	0	0	0	0	0	0	0	0	0	0	0	0	0	0	0	0	0	0	0	0	0	0	0	0	0	2003	0
LFQ	21	0	0	0	0	0	0	0	0	0	0	0	0	0	0	0	0	0	0	0	0	0	0	0	0	0	0	0	0	0	0	2003	0
LFQ	22	0	0	0	0	0	0	0	0	0	0	0	0	0	0	0	0	0	0	0	0	0	0	0	0	0	0	0	0	0	0	2003	0
LFQ	23	0	0	0	0	0	0	0	0	0	0	0	0	0	0	0	0	0	0	0	0	0	0	0	0	0	0	0	0	0	0	2003	0
LFQ	24	0	0	0	0	0	0	0	0	0	0	0	0	0	0	0	0	0	0	0	0	0	0	0	0	0	0	0	0	0	0	2003	0
LFQ	25	0	0	0	0	0	0	0	0	0	0	0	0	0	0	0	0	0	0	0	0	0	0	0	0	0	0	0	0	0	0	2003	0
LFQ	26	0	0	0	0	0	0	0	0	0	0	0	0	0	0	0	0	0	0	0	0	0	0	0	0	0	0	0	0	0	0	2003	0
LFQ	27	0	0	0	0	0	0	0	0	0	0	0	0	0	0	0	0	0	0	0	0	0	0	0	0	0	0	0	0	0	0	2003	0
LFQ	28	0	0	0	0	0	0	0	0	0	0	0	0	0	0	0	0	0	0	0	0	0	0	0	0	0	0	0	0	0	0	2003	0
LFQ	29	0	0	0	0	0	0	0	0	0	0	0	0	0	0	0	0	0	0	0	0	0	0	0	0	0	0	0	0	0	0	2003	0
LFQ	30	0	0	0	0	0	0	0	0	0	0	0	0	0	0	0	0	0	0	0	0	0	0	0	0	0	0	0	0	0	0	2003	0
LFQ	31	0	0	0	0	0	0	0	0	0	0	0	0	0	0	0	0	0	0	0	0	0	0	0	0	0	0	0	0	0	0	2003	0
LFQ	32	0	0	0	0	0	0	0	0	0	0	0	0	0	0	0	0	0	0	0	0	0	0	0	0	0	0	0	0	0	0	2003	0
LFQ	33	0	0	0	0	0	0	0	0	0	0	0	0	0	0	0	0	0	0	0	0	0	0	0	0	0	0	0	0	0	0	2003	0
LFQ	34	0	0	0	0	0	0	0	0	0	0	0	0	0	0	0	0	0	0	0	0	0	0	0	0	0	0	0	0	0	0	2003	0
LFQ	35	0	0	0	0	0	0	0	0	0	0	0	0	0	0	0	0	0	0	0	0	0	0	0	0	0	0	0	0	0	0	2003	0
LFQ	36	0	0	0	0	0	0	0	0	0	0	0	0	0	0	0	0	0	0	0	0	0	0	0	0	0	0	0	0	0	0	2003	0
LFQ	37	0	0	0	0	0	0	0	0	0	0	0	0	0	0	0	0	0	0	0	0	0	0	0	0	0	0	0	0	0	0	2003	0
LFQ	38	0	0	0	0	0	0	0	0	0	0	0	0	0	0	0	0	0	0	0	0	0	0	0	0	0	0	0	0	0	0	2003	0
LFQ	39	0	0	0	0	0	0	0	0	0	0	0	0	0	0	0	0	0	0	0	0	0	0	0	0	0	0	0	0	0	0	2003	0
LFQ	40	0	0	0	0	0	0	0	0	0	0	0	0	0	0	0	0	0	0	0	0	0	0	0	0	0	0	0	0	0	0	2003	0
LFQ	41	0	0	0	0	0	0	0	0	0	0	0	0	0	0	0	0	0	0	0	0	0	0	0	0	0	0	0	0	0	0	2003	0
LFQ	42	0	0	0	0	0	0	0	0	0	0	0	0	0	0	0	0	0	0	0	0	0	0	0	0	0	0	0	0	0	0	2003	0
LFQ	43	0	0	0	0	0	0	0	0	0	0	0	0	0	0	0	0	0	0	0	0	0	0	0	0	0	0	0	0	0	0	2003	0
LFQ	44	0	0	0	0	0	0	0	0	0	0	0	0	0	0	0	0	0	0	0	0	0	0	0	0	0	0	0	0	0	0	2003	0
LFQ	45	0	0	0	0	0	0	0	0	0	0	0	0	0	0	0	0	0	0	0	0	0	0	0	0	0	0	0	0	0	0	2003	0
LFQ	46	0	0	0	0	0	0	0	0	0	0	0	0	0	0	0	0	0	0	0	0	0	0	0	0	0	0	0	0	0	0	2003	0
LFQ	47	0	0	0	0	0	0	0	0	0	0	0	0	0	0	0	0	0	0	0	0	0	0	0	0	0	0	0	0	0	0	2003	0
LFQ	48	0	0	0	0	0	0	0	0	0	0	0	0	0	0	0	0	0	0	0	0	0	0	0	0	0	0	0	0	0	0	2003	0
LFQ	49	0	0	0	0	0	0	0	0	0	0	0	0	0	0	0	0	0	0	0	0	0	0	0	0	0	0	0	0	0	0	2003	0
LFQ	50	0	0	0	0	0	0	0	0	0	0	0	0	0	0	0	0	0	0	0	0	0	0	0	0	0	0	0	0	0	0	2003	0
LFQ	51	0	0	0	0	0	0	0	0	0	0	0	0	0	0	0	0	0	0	0	0	0	0	0	0	0	0	0	0	0	0	2003	0
LFQ	52	0	0	0	0	0	0	0	0	0	0	0	0	0	0	0	0	0	0	0	0	0	0	0	0	0	0	0	0	0	0	2003	0
LFQ	53	0	0	0	0	0	0	0	0	0	0	0	0	0	0	0	0	0	0	0	0	0	0	0	0	0	0	0	0	0	0	2003	0
LFQ	54	0	0	0	0	0	0	0	0	0	0	0	0	0	0	0	0	0	0	0	0	0	0	0	0	0	0	0	0	0	0	2003	0
LFQ	55	0	0	0	0	0	0	0	0	0	0	0	0	0	0	0	0	0	0	0	0	0	0	0	0	0	0	0	0	0	0	2003	0
LFQ	56	0	0	0	0	0	0	0	0	0	0	0	0	0	0	0	0	0	0	0	0	0	0	0	0	0	0	0	0	0	0	2003	0
LFQ	57	0	0	0	0	0	0	0	0	0	0	0	0	0	0	0	0	0	0	0	0	0	0	0	0	0	0	0	0	0	0	2003	0
LFQ	58	0	0	0	0	0	0	0	0	0	0	0	0	0	0	0	0	0	0	0	0	0	0	0	0	0	0	0	0	0	0	2003	0
LFQ	59	0	0	0	0	0	0	0	0	0	0	0	0	0	0	0	0	0	0	0	0	0	0	0	0	0	0	0	0	0	0	2003	0
LFQ	60	0	0	0	0	0	0	0	0	0	0	0	0	0	0	0	0	0	0	0	0	0	0	0	0	0	0	0	0	0	0	2003	0
LFQ	61	0	0	0	0	0	0	0	0	0	0	0	0	0	0	0	0	0	0	0	0	0	0	0	0	0	0	0	0	0	0	2003	0
LFQ	62	0	0	0	0	0	0	0	0	0	0	0	0	0	0	0	0	0	0	0	0	0	0	0	0	0	0	0	0	0	0	2003	0
LFQ	63	0	0	0	0	0	0	0	0	0	0	0	0	0	0	0	0	0	0	0	0	0	0	0	0	0	0	0	0	0	0	2003	0
LFQ	64	0	0	0	0	0	0	0	0	0	0	0	0	0	0	0	0	0	0	0	0	0	0	0	0	0	0	0	0	0	0	2003	0
LFQ	65	0	0	0	0	0	0	0	0	0	0	0	0	0	0	0	0	0	0	0	0	0	0	0	0	0	0	0	0	0	0	2003	0
LFQ	66	0	0	0	0	0	0	0	0	0	0	0	0	0	0	0	0	0	0	0	0	0	0	0	0	0	0	0	0	0	0	2003	0
LFQ	67	0	0	0	0	0	0	0	0	0	0	0	0	0	0	0	0	0	0	0	0	0	0	0	0	0	0	0	0	0	0	2003	0
LFQ	68	0	0	0	0	0	0	0	0	0	0	0	0	0	0	0	0	0	0	0	0	0	0	0	0	0	0	0	0	0	0	2003	0
LFQ	69	0	0	0	0	0	0	0	0	0	0	0	0	0	0	0	0	0	0	0	0	0	0	0	0	0	0	0	0	0	0	2003	0
LFQ	70	0	0	0	0	0	0	0	0	0	0	0	0	0	0	0	0	0	0	0	0	0	0	0	0	0	0	0	0	0	0	2003	0
LFQ	71	0	0	0	0	0	0	0	0	0	0	0	0	0	0	0	0	0	0	0	0	0	0	0	0	0	0	0	0	0	0	2003	0
LFQ	72	0	0	0	0	0	0	0	0	0	0	0	0	0	0	0	0	0	0	0	0	0	0	0	0	0	0	0	0	0	0	2003	0
LFQ	73	0	0	0	0	0	0	0	0	0	0	0	0	0	0	0	0	0	0	0	0	0	0	0	0	0	0	0	0	0	0	2003	0
LFQ	74	0	0	0	0	0	0	0	0	0	0	0	0	0	0	0	0	0	0	0	0	0	0	0	0	0	0	0	0	0	0	2003	0
LFQ	75	0	0	0	0	0	0	0	0	0	0	0	0	0	0	0	0	0	0	0	0	0	0	0	0	0	0	0	0	0	0	2003	0
LFQ	76	0	0	0	0	0	0	0	0	0	0	0	0	0	0	0	0	0	0	0	0	0	0	0	0	0	0	0	0	0	0	2003	0
LFQ	77	0	0	0	0	0	0	0	0	0	0	0	0	0	0	0	0	0	0	0	0	0	0	0	0	0	0	0	0	0	0	2003	0
LFQ	78	0	0	0	0	0	0	0	0	0	0	0	0	0	0	0	0	0	0	0	0	0	0	0	0	0	0	0	0	0	0	2003	0
LFQ	79	0	0	0	0	0	0	0	0	0	0	0	0	0	0	0	0	0	0	0	0	0	0	0	0	0	0	0	0	0	0	2003	0
LFQ	80	0	0	0	0	0	0	0	0	0	0	0	0	0	0	0	0	0	0	0	0	0	0	0	0	0	0	0	0	0	0	2003	0
LFQ	81	0	0	0	0	0	0	0	0	0	0	0	0	0	0	0	0	0	0	0	0	0	0	0	0	0	0	0	0	0	0	2003	0
LFQ	82	0	0	0	0	0	0	0	0	0	0	0	0	0	0	0	0	0	0	0	0	0	0	0	0	0	0	0	0	0	0	2003	0
LFQ	83	0	0	0	0	0	0	0	0	0	0	0	0	0	0	0	0	0	0	0	0	0	0	0	0	0	0	0	0	0	0	2003	0
LFQ	84	0	0	0	0	0	0	0	0	0	0	0	0	0	0	0	0	0	0	0	0	0	0	0	0	0	0	0	0	0	0	2003	0
LFQ	85	0	0	0	0	0	0	0	0	0	0	0	0	0	0	0	0	0	0	0	0	0	0	0	0	0	0	0	0	0	0	2003	0
LFQ	86	0	0	0	0	0	0	0	0	0	0	0	0	0	0	0	0	0	0	0	0	0	0	0	0	0	0	0	0	0	0	2003	0
LFQ	87	0	0	0	0	0	0	0	0	0	0	0	0	0	0	0	0	0	0	0	0	0	0	0	0	0	0	0	0	0	0	2003	0
LFQ	88	0	0	0	0	0	0	0	0	0	0	0	0	0	0	0	0	0	0	0	0	0	0	0	0	0	0	0	0	0	0	2003	0
LFQ	89	0	0	0	0	0	0	0	0	0	0	0	0	0	0	0	0	0	0	0	0	0	0	0	0	0	0	0	0	0	0	2003	0
LFQ	90	0	0	0	0	0	0	0	0	0	0	0	0	0	0	0	0	0	0	0	0	0	0	0	0	0	0	0	0	0	0	2003	0
LFQ	91	0	0	0	0	0	0	0	0	0	0	0	0	0	0	0	0	0	0	0	0	0	0	0	0	0	0	0	0	0	0	2003	0
LFQ	92	0	0	0	0	0	0	0	0	0	0	0	0	0	0	0	0	0	0	0	0	0	0	0	0	0	0	0	0	0	0	2003	0
LFQ	93	0	0	0	0	0	0	0	0	0	0	0	0	0	0	0	0	0	0	0	0	0	0	0	0	0	0	0	0	0	0	2003	0
LFQ	94	0	0	0	0	0	0	0	0	0	0	0	0	0	0	0	0	0	0	0	0	0	0	0	0	0	0	0	0	0	0	2003	0
LFQ	95	0	0	0	0	0	0	0	0	0	0	0	0	0	0	0	0	0	0	0	0	0	0	0	0	0	0	0	0	0	0	2003	0
LFQ	96	0	0	0	0	0	0	0	0	0	0	0	0	0	0	0	0	0	0	0	0	0	0	0	0	0	0	0	0	0	0	2003	0
LFQ	97	0	0	0	0	0	0	0	0	0	0	0	0	0	0	0	0	0	0	0	0	0	0	0	0	0	0	0	0	0	0	2003	0
LFQ	98	0	0	0	0	0	0	0	0	0	0	0	0	0	0	0	0	0	0	0	0	0	0	0	0	0	0	0	0	0	0	2003	0
LFQ	99	0	0	0	0	0	0	0	0	0	0	0	0	0	0	0	0	0	0	0	0	0	0	0	0	0	0	0	0	0	0	2003	0
LFQ	100	0	0	0	0	0	0	0	0	0	0	0	0	0	0	0	0	0	0	0	0	0	0	0	0	0	0	0	0	0	0	2003	0
LFQ	101	0	0	0	0	0	0	0	0	0	0	0	0	0	0	0	0	0	0	0	0	0	0	0	0	0	0	0	0	0	0	2003	0
LFQ	102	0	0	0	0	0	0	0	0	0	0	0	0	0	0	0	0	0	0	0	0	0	0	0	0	0	0	0	0	0	0	2003	0
LFQ	103	0	0	0	0	0	0	0	0	0	0	0	0	0	0	0	0	0	0	0	0	0	0	0	0	0	0	0	0	0	0	2003	0
LFQ	104	0	0	0	0	0	0	0	0	0	0	0	0	0	0	0	0	0	0	0	0	0	0	0	0	0	0	0	0	0	0	2003	0
LFQ	105	0	0	0	0	0	0	0	0	0	0	0	0	0	0	0	0	0	0	0	0	0	0	0	0	0	0	0	0	0	0	2003	0
LFQ	106	0	0	0	0	0	0	0	0	0	0	0	0	0	0	0	0	0	0	0	0	0	0	0	0	0	0	0	0	0	0	2003	0
LFQ	107	0	0	0	0	0	0	0	0	0	0	0	0	0	0	0	0	0	0	0	0	0	0	0	0	0	0	0	0	0	0	2003	0
LFQ	108	0	0	0	0	0	0	0	0	0	0	0	0	0	0	0	0	0	0	0	0	0	0	0	0	0	0	0	0	0	0	2003	0
LFQ	109	0	0	0	0	0	0	0	0	0	0	0	0	0	0	0	0	0	0	0	0	0	0	0	0	0	0	0	0	0	0	2003	0
LFQ	110	0	0	0	0	0	0	0	0	0	0	0	0	0	0	0	0	0	0	0	0	0	0	0	0	0	0	0	0	0	0	2003	0
LFQ	111	0	0	0	0	0	0	0	0	0	0	0	0	0	0	0	0	0	0	0	0	0	0	0	0	0	0	0	0	0	0	2003	0
LFQ	112	0	0	0	0	0	0	0	0	0	0	0	0	0	0	0	0	0	0	0	0	0	0	0	0	0	0	0	0	0	0	2003	0
LFQ	113	0	0	0	0	0	0	0	0	0	0	0	0	0	0	0	0	0	0	0	0	0	0	0	0	0	0	0	0	0	0	2003	0
LFQ	114	0	0	0	0	0	0	0	0	0	0	0	0	0	0	0	0	0	0	0	0	0	0	0	0	0	0	0	0	0	0	2003	0
LFQ	115	0	0	0	0	0	0	0	0	0	0	0	0	0	0	0	0	0	0	0	0	0	0	0	0	0	0	0	0	0	0	2003	0
LFQ	116	0	0	0	0	0	0	0	0	0	0	0	0	0	0	0	0	0	0	0	0	0	0	0	0	0	0	0	0	0	0	2003	0
LFQ	117	0	0	0	0	0	0	0	0	0	0	0	0	0	0	0	0	0	0	0	0	0	0	0	0	0	0	0	0	0	0	2003	0
LFQ	118	0	0	0	0	0	0	0	0	0	0	0	0	0	0	0	0	0	0	0	0	0	0	0	0	0	0	0	0	0	0	2003	0
LFQ	119	0	0	0	0	0	0	0	0	0	0	0	0	0	0	0	0	0	0	0	0	0	0	0	0	0	0	0	0	0	0	2003	0
LFQ	120	0	0	0	0	0	0	0	0	0	0	0	0	0	0	0	0	0	0	0	0	0	0	0	0	0	0	0	0	0	0	2003	0
LFQ	121	0	0	0	0	0	0	0	0	0	0	0	0	0	0	0	0	0	0	0	0	0	0	0	0	0	0	0	0	0	0	2003	0
LFQ	122	0	0	0	0	0	0	0	0	0	0	0	0	0	0	0	0	0	0	0	0	0	0	0	0	0	0	0	0	0	0	2003	0
LFQ	123	0	0	0	0	0	0	0	0	0	0	0	0	0	0	0	0	0	0	0	0	0	0	0	0	0	0	0	0	0	0	2003	0
LFQ	124	0	0	0	0	0	0	0	0	0	0	0	0	0	0	0	0	0	0	0	0	0	0	0	0	0	0	0	0	0	0	2003	0
LFQ	125	0	0	0	0	0	0	0	0	0	0	0	0	0	0	0	0	0	0	0	0	0	0	0	0	0	0	0	0	0	0	2003	0
LFQ	126	0	0	0	0	0	0	0	0	0	0	0	0	0	0	0	0	0	0	0	0	0	0	0	0	0	0	0	0	0	0	2003	0
LFQ	127	0	0	0	0	0	0	0	0	0	0	0	0	0	0	0	0	0	0	0	0	0	0	0	0	0	0	0	0	0	0	2003	0
LFQ	128	0	0	0	0	0	0	0	0	0	0	0	0	0	0	0	0	0	0	0	0	0	0	0	0	0	0	0	0	0	0	2003	0
LFQ	129	0	0	0	0	0	0	0	0	0	0	0	0	0	0	0	0	0	0	0	0	0	0	0	0	0	0	0	0	0	0	2003	0
LFQ	130	0	0	0	0	0	0	0	0	0	0	0	0	0	0	0	0	0	0	0	0	0	0	0	0	0	0	0	0	0	0	2003	0
LFQ	131	0	0	0	0	0	0	0	0	0	0	0	0	0	0	0	0	0	0	0	0	0	0	0	0	0	0	0	0	0	0	2003	0
LFQ	132	0	0	0	0	0	0	0	0	0	0	0	0	0	0	0	0	0	0	0	0	0	0	0	0	0	0	0	0	0	0	2003	0
LFQ	133	0	0	0	0	0	0	0	0	0	0	0	0	0	0	0	0	0	0	0	0	0	0	0	0	0	0	0	0	0	0	2003	0
LFQ	134	0	0	0	0	0	0	0	0	0	0	0	0	0	0	0	0	0	0	0	0	0	0	0	0	0	0	0	0	0	0	2003	0
LFQ	135	0	0	0	0	0	0	0	0	0	0	0	0	0	0	0	0	0	0	0	0	0	0	0	0	0	0	0	0	0	0	2003	0
LFQ	136	0	0	0	0	0	0	0	0	0	0	0	0	0	0	0	0	0	0	0	0	0	0	0	0	0	0	0	0	0	0	2003	0
LFQ	137	0	0	0	0	0	0	0	0	0	0	0	0	0	0	0	0	0	0	0	0	0	0	0	0	0	0	0	0	0	0	2003	0
LFQ	138	0	0	0	0	0	0	0	0	0	0	0	0	0	0	0	0	0	0	0	0	0	0	0	0	0	0	0	0	0	0	2003	0
LFQ	139	0	0	0	0	0	0	0	0	0	0	0	0	0	0	0	0	0	0	0	0	0	0	0	0	0	0	0	0	0	0	2003	0
LFQ	140	0	0	0	0	0	0	0	0	0	0	0	0	0	0	0	0	0	0	0	0	0	0	0	0	0	0	0	0	0	0	2003	0
LFQ	141	0	0	0	0	0	0	0	0	0	0	0	0	0	0	0	0	0	0	0	0	0	0	0	0	0	0	0	0	0	0	2003	0
LFQ	142	0	0	0	0	0	0	0	0	0	0	0	0	0	0	0	0	0	0	0	0	0	0	0	0	0	0	0	0	0	0	2003	0
LFQ	143	0	0	0	0	0	0	0	0	0	0	0	0	0	0	0	0	0	0	0	0	0	0	0	0	0	0	0	0	0	0	2003	0
LFQ	144	0	0	0	0	0	0	0	0	0	0	0	0	0	0	0	0	0	0	0	0	0	0	0	0	0	0	0	0	0	0	2003	0
LFQ	145	0	0	0	0	0	0	0	0	0	0	0	0	0	0	0	0	0	0	0	0	0	0	0	0	0	0	0	0	0	0	2003	0
LFQ	146	0	0	0	0	0	0	0	0	0	0	0	0	0	0	0	0	0	0	0	0	0	0	0	0	0	0	0	0	0	0	2003	0
LFQ	147	0	0	0	0	0	0	0	0	0	0	0	0	0	0	0	0	0	0	0	0	0	0	0	0	0	0	0	0	0	0	2003	0
LFQ	148	0	0	0	0	0	0	0	0	0	0	0	0	0	0	0	0	0	0	0	0	0	0	0	0	0	0	0	0	0	0	2003	0
LFQ	149	0	0	0	0	0	0	0	0	0	0	0	0	0	0	0	0	0	0	0	0	0	0	0	0	0	0	0	0	0	0	2003	0
LFQ	150	0	0	0	0	0	0	0	0	0	0	0	0	0	0	0	0	0	0	0	0	0	0	0	0	0	0	0	0	0	0	2003	0
# GC Content of first fragments. Use `grep ^GCF | cut -f 2-` to extract this part.
GCF	4.52	0
GCF	9.30	1
GCF	13.07	0
GCF	16.83	1
GCF	17.34	0
GCF	18.09	3
GCF	18.84	1
GCF	19.85	0
GCF	20.85	1
GCF	21.36	4
GCF	22.11	3
GCF	22.86	4
GCF	23.37	7
GCF	24.12	8
GCF	24.87	10
GCF	25.38	21
GCF	26.13	13
GCF	26.88	15
GCF	27.39	19
GCF	28.14	20
GCF	28.89	25
GCF	29.40	26
GCF	30.15	35
GCF	30.90	41
GCF	31.41	54
GCF	32.16	48
GCF	32.91	56
GCF	33.42	64
GCF	33.92	72
GCF	34.67	63
GCF	35.43	78
GCF	35.93	75
GCF	36.68	73
GCF	37.44	66
GCF	37.94	57
GCF	38.69	82
GCF	39.45	67
GCF	39.95	85
GCF	40.70	74
GCF	41.46	75
GCF	41.96	66
GCF	42.71	71
GCF	43.47	60
GCF	43.97	42
GCF	44.72	55
GCF	45.48	48
GCF	45.98	45
GCF	46.73	33
GCF	47.74	29
GCF	48.74	25
GCF	49.75	18
GCF	51.01	16
GCF	52.01	15
GCF	52.76	9
GCF	53.52	4
GCF	54.02	6
GCF	54.77	5
GCF	55.53	10
GCF	56.03	5
GCF	56.78	2
GCF	57.54	5
GCF	59.55	3
GCF	61.56	0
GCF	62.06	2
GCF	62.81	0
GCF	63.57	2
GCF	64.07	1
GCF	65.33	0
GCF	67.34	1
GCF	69.10	0
GCF	70.10	1
# GC Content of last fragments. Use `grep ^GCL | cut -f 2-` to extract this part.
GCL	3.27	0
GCL	6.78	1
GCL	8.79	0
GCL	10.80	1
GCL	11.31	2
GCL	13.57	0
GCL	16.08	1
GCL	17.84	0
GCL	19.35	3
GCL	20.10	2
GCL	20.85	3
GCL	22.11	2
GCL	23.37	11
GCL	24.12	7
GCL	24.87	12
GCL	25.38	4
GCL	26.38	23
GCL	27.39	20
GCL	28.14	24
GCL	28.89	26
GCL	29.90	31
GCL	30.90	30
GCL	31.41	36
GCL	32.16	46
GCL	32.91	43
GCL	33.42	63
GCL	33.92	72
GCL	34.92	68
GCL	35.93	70
GCL	36.68	80
GCL	37.44	70
GCL	37.94	74
GCL	38.69	70
GCL	39.45	66
GCL	39.95	73
GCL	40.70	66
GCL	41.46	70
GCL	41.96	49
GCL	42.71	63
GCL	43.47	62
GCL	43.97	54
GCL	44.72	39
GCL	45.48	51
GCL	45.98	47
GCL	46.73	48
GCL	47.49	40
GCL	47.99	43
GCL	48.74	30
GCL	49.50	29
GCL	50.00	20
GCL	51.01	13
GCL	52.01	12
GCL	52.76	13
GCL	53.52	14
GCL	54.52	7
GCL	55.53	8
GCL	56.03	4
GCL	56.78	5
GCL	57.54	10
GCL	58.04	4
GCL	59.05	2
GCL	60.05	3
GCL	60.80	2
GCL	61.56	3
GCL	62.06	0
GCL	62.81	1
GCL	63.57	0
GCL	64.07	2
GCL	64.82	0
GCL	65.58	2
GCL	66.08	0
GCL	67.09	1
GCL	68.09	2
GCL	68.59	0
GCL	69.35	1
# ACGT content per cycle. Use `grep ^GCC | cut -f 2-` to extract this part. The columns are: cycle; A,C,G,T base counts as a percentage of all A/C/G/T bases [%]; and N and O counts as a percentage of all A/C/G/T bases [%]
GCC	1	30.35	19.57	18.80	31.28	0.00	0.00
GCC	2	30.98	19.90	19.37	29.76	0.00	0.00
GCC	3	29.93	19.75	18.45	31.88	0.00	0.00
GCC	4	30.20	19.57	18.60	31.63	0.00	0.00
GCC	5	31.15	19.12	19.12	30.60	0.00	0.00
GCC	6	30.55	19.67	19.27	30.50	0.00	0.00
GCC	7	30.43	19.90	19.60	30.08	0.00	0.00
GCC	8	30.68	20.27	19.72	29.33	0.00	0.00
GCC	9	30.13	19.47	19.72	30.68	0.00	0.00
GCC	10	30.53	19.60	19.22	30.65	0.00	0.00
GCC	11	30.15	19.80	19.85	30.20	0.00	0.00
GCC	12	30.48	19.97	18.52	31.03	0.00	0.00
GCC	13	31.30	19.40	19.22	30.08	0.00	0.00
GCC	14	30.13	21.34	19.25	29.28	0.00	0.00
GCC	15	28.73	20.17	19.57	31.53	0.00	0.00
GCC	16	30.05	20.79	18.32	30.83	0.00	0.00
GCC	17	29.78	20.44	19.62	30.15	0.00	0.00
GCC	18	29.98	19.72	19.50	30.80	0.00	0.00
GCC	19	30.05	20.72	19.30	29.93	0.00	0.00
GCC	20	30.00	20.22	18.60	31.18	0.00	0.00
GCC	21	31.30	19.70	19.25	29.76	0.00	0.00
GCC	22	29.63	21.04	19.95	29.38	0.00	0.00
GCC	23	30.28	20.00	19.62	30.10	0.00	0.00
GCC	24	30.13	19.15	19.32	31.40	0.00	0.00
GCC	25	30.95	19.57	19.75	29.73	0.00	0.00
GCC	26	31.58	19.82	19.27	29.33	0.00	0.00
GCC	27	30.73	19.85	19.12	30.30	0.00	0.00
GCC	28	31.30	19.75	19.47	29.48	0.00	0.00
GCC	29	31.60	20.74	18.80	28.86	0.00	0.00
GCC	30	29.08	20.54	19.25	31.13	0.00	0.00
GCC	31	30.50	19.60	18.90	31.00	0.00	0.00
GCC	32	29.86	19.02	19.85	31.28	0.00	0.00
GCC	33	30.83	19.35	18.30	31.53	0.00	0.00
GCC	34	31.98	20.09	18.55	29.38	0.00	0.00
GCC	35	32.13	19.37	18.95	29.56	0.00	0.00
GCC	36	31.25	19.52	18.87	30.35	0.00	0.00
GCC	37	29.33	19.97	18.77	31.93	0.00	0.00
GCC	38	31.15	20.47	19.25	29.13	0.00	0.00
GCC	39	30.93	19.85	19.65	29.58	0.00	0.00
GCC	40	30.95	18.97	19.47	30.60	0.00	0.00
GCC	41	31.03	19.97	17.85	31.15	0.00	0.00
GCC	42	32.08	19.65	18.55	29.73	0.00	0.00
GCC	43	29.93	19.97	19.87	30.23	0.00	0.00
GCC	44	30.98	19.50	18.40	31.13	0.00	0.00
GCC	45	30.60	20.39	18.22	30.78	0.00	0.00
GCC	46	30.58	19.20	20.22	30.00	0.00	0.00
GCC	47	30.50	19.00	18.87	31.63	0.00	0.00
GCC	48	30.28	18.40	19.55	31.78	0.00	0.00
GCC	49	30.38	20.24	19.02	30.35	0.00	0.00
GCC	50	30.15	19.85	18.07	31.93	0.00	0.00
GCC	51	30.60	18.70	20.14	30.55	0.00	0.00
GCC	52	29.41	20.14	19.70	30.75	0.00	0.00
GCC	53	30.63	19.47	18.70	31.20	0.00	0.00
GCC	54	31.18	20.34	18.57	29.91	0.00	0.00
GCC	55	29.68	21.14	18.77	30.40	0.00	0.00
GCC	56	31.68	19.47	18.12	30.73	0.00	0.00
GCC	57	28.81	19.82	19.57	31.80	0.00	0.00
GCC	58	30.13	20.09	20.07	29.71	0.00	0.00
GCC	59	28.23	19.72	20.19	31.85	0.00	0.00
GCC	60	31.40	19.15	18.75	30.70	0.00	0.00
GCC	61	29.06	21.29	17.72	31.93	0.00	0.00
GCC	62	31.28	19.67	18.72	30.33	0.00	0.00
GCC	63	30.18	19.40	20.37	30.05	0.00	0.00
GCC	64	30.13	19.85	19.12	30.90	0.00	0.00
GCC	65	31.45	18.77	18.67	31.10	0.00	0.00
GCC	66	28.98	20.29	19.82	30.90	0.00	0.00
GCC	67	30.25	20.94	19.12	29.68	0.00	0.00
GCC	68	29.91	20.69	18.60	30.80	0.00	0.00
GCC	69	31.43	20.09	18.45	30.03	0.00	0.00
GCC	70	29.28	19.77	18.60	32.35	0.00	0.00
GCC	71	30.23	20.04	19.35	30.38	0.00	0.00
GCC	72	30.70	20.04	18.70	30.55	0.00	0.00
GCC	73	30.15	20.00	18.87	30.98	0.00	0.00
GCC	74	29.63	19.72	20.00	30.65	0.00	0.00
GCC	75	30.35	20.19	19.40	30.05	0.00	0.00
GCC	76	30.63	18.95	19.25	31.18	0.00	0.00
GCC	77	30.10	20.44	19.15	30.30	0.00	0.00
GCC	78	30.80	20.57	18.90	29.73	0.00	0.00
GCC	79	30.30	19.95	18.32	31.43	0.00	0.00
GCC	80	30.03	19.45	19.30	31.23	0.00	0.00
GCC	81	30.35	19.57	19.32	30.75	0.00	0.00
GCC	82	29.63	20.82	17.97	31.58	0.00	0.00
GCC	83	31.68	18.92	18.92	30.48	0.00	0.00
GCC	84	29.78	18.90	19.60	31.73	0.00	0.00
GCC	85	30.33	19.10	19.25	31.33	0.00	0.00
GCC	86	29.43	20.52	18.80	31.25	0.00	0.00
GCC	87	29.33	20.57	20.29	29.81	0.00	0.00
GCC	88	30.40	19.02	19.52	31.05	0.00	0.00
GCC	89	30.78	19.52	18.45	31.25	0.00	0.00
GCC	90	30.18	19.77	18.07	31.98	0.00	0.00
GCC	91	28.48	20.62	19.90	31.00	0.00	0.00
GCC	92	29.43	20.29	19.05	31.23	0.00	0.00
GCC	93	30.30	20.19	19.20	30.30	0.00	0.00
GCC	94	30.18	20.24	18.50	31.08	0.00	0.00
GCC	95	28.53	20.39	19.70	31.38	0.00	0.00
GCC	96	31.00	19.90	18.65	30.45	0.00	0.00
GCC	97	29.56	20.84	19.50	30.10	0.00	0.00
GCC	98	30.15	19.57	17.90	32.38	0.00	0.00
GCC	99	29.01	21.09	19.12	30.78	0.00	0.00
GCC	100	30.33	19.55	19.65	30.48	0.00	0.00
GCC	101	29.93	19.12	19.65	31.30	0.00	0.00
GCC	102	31.43	19.05	18.90	30.63	0.00	0.00
GCC	103	30.28	19.87	18.97	30.88	0.00	0.00
GCC	104	29.38	19.70	20.14	30.78	0.00	0.00
GCC	105	29.86	20.19	19.62	30.33	0.00	0.00
GCC	106	30.93	19.55	19.35	30.18	0.00	0.00
GCC	107	30.55	20.12	19.20	30.13	0.00	0.00
GCC	108	29.58	19.00	19.22	32.20	0.00	0.00
GCC	109	30.15	20.37	18.45	31.03	0.00	0.00
GCC	110	30.25	19.52	18.82	31.40	0.00	0.00
GCC	111	29.51	21.02	19.32	30.15	0.00	0.00
GCC	112	30.85	19.87	18.22	31.05	0.00	0.00
GCC	113	30.75	19.30	19.90	30.05	0.00	0.00
GCC	114	30.40	19.70	19.87	30.03	0.00	0.00
GCC	115	31.33	19.75	19.47	29.46	0.00	0.00
GCC	116	30.80	19.20	19.57	30.43	0.00	0.00
GCC	117	30.65	20.24	18.52	30.58	0.00	0.00
GCC	118	29.93	20.79	18.37	30.90	0.00	0.00
GCC	119	32.08	20.54	17.95	29.43	0.00	0.00
GCC	120	30.30	20.57	19.37	29.76	0.00	0.00
GCC	121	30.70	19.82	18.85	30.63	0.00	0.00
GCC	122	29.93	21.12	17.80	31.15	0.00	0.00
GCC	123	31.30	19.92	18.10	30.68	0.00	0.00
GCC	124	29.68	19.47	20.12	30.73	0.00	0.00
GCC	125	30.45	20.42	19.67	29.46	0.00	0.00
GCC	126	31.13	19.27	18.65	30.95	0.00	0.00
GCC	127	30.08	20.49	18.97	30.45	0.00	0.00
GCC	128	30.98	20.07	19.00	29.96	0.00	0.00
GCC	129	31.65	19.82	18.47	30.05	0.00	0.00
GCC	130	29.93	20.07	18.82	31.18	0.00	0.00
GCC	131	29.41	21.62	18.32	30.65	0.00	0.00
GCC	132	30.80	20.04	18.57	30.58	0.00	0.00
GCC	133	30.78	18.72	18.95	31.55	0.00	0.00
GCC	134	29.56	20.74	18.05	31.65	0.00	0.00
GCC	135	29.73	20.72	18.67	30.88	0.00	0.00
GCC	136	30.05	19.97	18.85	31.13	0.00	0.00
GCC	137	31.23	20.69	18.02	30.05	0.00	0.00
GCC	138	29.68	19.50	19.67	31.15	0.00	0.00
GCC	139	30.73	19.52	18.05	31.70	0.00	0.00
GCC	140	29.76	19.57	19.97	30.70	0.00	0.00
GCC	141	29.68	19.67	19.15	31.50	0.00	0.00
GCC	142	31.30	19.55	18.82	30.33	0.00	0.00
GCC	143	30.78	20.62	18.65	29.96	0.00	0.00
GCC	144	31.03	19.95	18.52	30.50	0.00	0.00
GCC	145	29.61	21.44	18.95	30.00	0.00	0.00
GCC	146	30.30	20.49	18.07	31.13	0.00	0.00
GCC	147	30.55	19.62	18.50	31.33	0.00	0.00
GCC	148	30.25	19.62	19.15	30.98	0.00	0.00
GCC	149	29.48	19.92	19.02	31.58	0.00	0.00
GCC	150	30.35	20.04	19.55	30.05	0.00	0.00
# ACGT content per cycle, read oriented. Use `grep ^GCT | cut -f 2-` to extract this part. The columns are: cycle; A,C,G,T base counts as a percentage of all A/C/G/T bases [%]
GCT	1	30.05	19.50	18.87	31.58
GCT	2	30.43	20.07	19.20	30.30
GCT	3	29.76	18.60	19.60	32.05
GCT	4	30.93	18.97	19.20	30.90
GCT	5	31.45	19.10	19.15	30.30
GCT	6	31.43	19.72	19.22	29.63
GCT	7	29.68	19.37	20.12	30.83
GCT	8	29.68	20.04	19.95	30.33
GCT	9	30.70	19.52	19.67	30.10
GCT	10	30.58	18.67	20.14	30.60
GCT	11	29.38	19.85	19.80	30.98
GCT	12	29.93	19.40	19.10	31.58
GCT	13	30.48	19.25	19.37	30.90
GCT	14	29.31	20.44	20.14	30.10
GCT	15	29.63	20.09	19.65	30.63
GCT	16	30.75	19.62	19.50	30.13
GCT	17	29.68	20.17	19.90	30.25
GCT	18	30.88	19.95	19.27	29.91
GCT	19	30.30	20.24	19.77	29.68
GCT	20	30.25	19.50	19.32	30.93
GCT	21	30.93	19.10	19.85	30.13
GCT	22	29.36	20.09	20.89	29.66
GCT	23	30.85	20.54	19.07	29.53
GCT	24	30.50	18.50	19.97	31.03
GCT	25	30.30	19.25	20.07	30.38
GCT	26	30.78	19.90	19.20	30.13
GCT	27	31.23	20.07	18.90	29.81
GCT	28	29.83	18.80	20.42	30.95
GCT	29	30.38	20.00	19.55	30.08
GCT	30	30.98	20.07	19.72	29.23
GCT	31	30.88	19.50	19.00	30.63
GCT	32	31.15	19.95	18.92	29.98
GCT	33	30.80	18.25	19.40	31.55
GCT	34	30.98	19.42	19.22	30.38
GCT	35	30.35	19.07	19.25	31.33
GCT	36	30.00	20.00	18.40	31.60
GCT	37	29.46	19.12	19.62	31.80
GCT	38	29.78	19.27	20.44	30.50
GCT	39	30.33	19.52	19.97	30.18
GCT	40	31.10	20.00	18.45	30.45
GCT	41	31.73	18.85	18.97	30.45
GCT	42	31.35	18.70	19.50	30.45
GCT	43	30.13	20.34	19.50	30.03
GCT	44	30.38	18.77	19.12	31.73
GCT	45	29.46	19.52	19.10	31.93
GCT	46	30.85	19.50	19.92	29.73
GCT	47	31.33	19.40	18.47	30.80
GCT	48	29.93	18.37	19.57	32.13
GCT	49	30.13	20.47	18.80	30.60
GCT	50	31.13	18.50	19.42	30.95
GCT	51	30.98	18.75	20.09	30.18
GCT	52	30.73	19.45	20.39	29.43
GCT	53	30.78	18.40	19.77	31.05
GCT	54	30.45	19.05	19.87	30.63
GCT	55	29.68	19.22	20.69	30.40
GCT	56	30.65	18.97	18.62	31.75
GCT	57	29.93	20.07	19.32	30.68
GCT	58	29.41	20.19	19.97	30.43
GCT	59	30.70	20.02	19.90	29.38
GCT	60	30.33	18.20	19.70	31.78
GCT	61	29.28	19.85	19.17	31.70
GCT	62	30.60	18.47	19.92	31.00
GCT	63	28.63	19.92	19.85	31.60
GCT	64	30.28	19.97	19.00	30.75
GCT	65	31.48	18.47	18.97	31.08
GCT	66	29.96	19.65	20.47	29.93
GCT	67	31.25	20.12	19.95	28.68
GCT	68	31.20	19.47	19.82	29.51
GCT	69	31.63	20.12	18.42	29.83
GCT	70	30.63	18.45	19.92	31.00
GCT	71	29.68	19.32	20.07	30.93
GCT	72	29.98	18.80	19.95	31.28
GCT	73	29.26	19.27	19.60	31.88
GCT	74	31.60	19.97	19.75	28.68
GCT	75	30.40	19.77	19.82	30.00
GCT	76	31.20	19.50	18.70	30.60
GCT	77	30.50	20.22	19.37	29.91
GCT	78	31.05	19.60	19.87	29.48
GCT	79	31.63	18.95	19.32	30.10
GCT	80	31.00	19.00	19.75	30.25
GCT	81	30.95	19.30	19.60	30.15
GCT	82	30.50	19.42	19.37	30.70
GCT	83	30.53	19.05	18.80	31.63
GCT	84	30.65	19.05	19.45	30.85
GCT	85	31.18	19.62	18.72	30.48
GCT	86	30.18	19.90	19.42	30.50
GCT	87	29.13	20.49	20.37	30.00
GCT	88	31.38	19.37	19.17	30.08
GCT	89	30.90	19.37	18.60	31.13
GCT	90	31.83	19.40	18.45	30.33
GCT	91	29.36	20.62	19.90	30.13
GCT	92	31.60	19.95	19.40	29.06
GCT	93	30.93	20.19	19.20	29.68
GCT	94	31.00	19.05	19.70	30.25
GCT	95	30.70	20.59	19.50	29.21
GCT	96	31.05	19.27	19.27	30.40
GCT	97	29.18	20.94	19.40	30.48
GCT	98	30.35	18.75	18.72	32.18
GCT	99	29.23	18.95	21.27	30.55
GCT	100	30.55	20.24	18.95	30.25
GCT	101	30.45	18.97	19.80	30.78
GCT	102	31.05	18.60	19.35	31.00
GCT	103	30.13	20.04	18.80	31.03
GCT	104	31.23	20.07	19.77	28.93
GCT	105	29.91	20.42	19.40	30.28
GCT	106	29.51	20.09	18.80	31.60
GCT	107	30.75	19.80	19.52	29.93
GCT	108	30.70	18.70	19.52	31.08
GCT	109	29.16	19.70	19.12	32.03
GCT	110	30.78	19.87	18.47	30.88
GCT	111	29.73	20.22	20.12	29.93
GCT	112	31.50	19.05	19.05	30.40
GCT	113	30.03	19.75	19.45	30.78
GCT	114	29.48	19.55	20.02	30.95
GCT	115	31.43	19.47	19.75	29.36
GCT	116	30.63	19.80	18.97	30.60
GCT	117	30.83	20.00	18.77	30.40
GCT	118	30.20	19.50	19.67	30.63
GCT	119	30.63	19.72	18.77	30.88
GCT	120	29.41	20.09	19.85	30.65
GCT	121	31.33	19.87	18.80	30.00
GCT	122	30.28	20.34	18.57	30.80
GCT	123	31.85	18.70	19.32	30.13
GCT	124	31.53	19.75	19.85	28.88
GCT	125	29.76	20.19	19.90	30.15
GCT	126	31.55	19.37	18.55	30.53
GCT	127	30.55	19.70	19.77	29.98
GCT	128	30.68	18.65	20.42	30.25
GCT	129	30.35	19.45	18.85	31.35
GCT	130	30.10	19.77	19.12	31.00
GCT	131	30.63	19.97	19.97	29.43
GCT	132	31.18	19.00	19.62	30.20
GCT	133	31.65	18.37	19.30	30.68
GCT	134	30.93	19.30	19.50	30.28
GCT	135	29.51	20.42	18.97	31.10
GCT	136	30.95	18.70	20.12	30.23
GCT	137	31.23	19.72	19.00	30.05
GCT	138	30.03	19.37	19.80	30.80
GCT	139	31.90	18.42	19.15	30.53
GCT	140	29.33	19.92	19.62	31.13
GCT	141	30.65	18.47	20.34	30.53
GCT	142	30.38	18.70	19.67	31.25
GCT	143	29.03	18.90	20.37	31.70
GCT	144	30.30	18.85	19.62	31.23
GCT	145	29.23	19.70	20.69	30.38
GCT	146	30.50	18.52	20.04	30.93
GCT	147	31.15	18.55	19.57	30.73
GCT	148	30.08	19.77	19.00	31.15
GCT	149	30.60	19.42	19.52	30.45
GCT	150	31.30	20.52	19.07	29.11
# ACGT content per cycle for first fragments. Use `grep ^FBC | cut -f 2-` to extract this part. The columns are: cycle; A,C,G,T base counts as a percentage of all A/C/G/T bases [%]; and N and O counts as a percentage of all A/C/G/T bases [%]
FBC	1	31.00	18.82	18.77	31.40	0.00	0.00
FBC	2	30.60	20.37	19.12	29.91	0.00	0.00
FBC	3	31.45	20.07	18.42	30.05	0.00	0.00
FBC	4	31.55	19.17	18.32	30.95	0.00	0.00
FBC	5	30.80	19.57	18.77	30.85	0.00	0.00
FBC	6	30.85	20.27	19.47	29.41	0.00	0.00
FBC	7	30.80	20.02	19.47	29.71	0.00	0.00
FBC	8	30.65	19.62	19.57	30.15	0.00	0.00
FBC	9	31.40	18.57	18.42	31.60	0.00	0.00
FBC	10	30.85	18.87	18.62	31.65	0.00	0.00
FBC	11	30.40	19.87	19.77	29.96	0.00	0.00
FBC	12	30.50	19.92	18.87	30.70	0.00	0.00
FBC	13	31.10	18.67	18.32	31.90	0.00	0.00
FBC	14	30.80	21.57	18.52	29.11	0.00	0.00
FBC	15	29.01	18.92	20.52	31.55	0.00	0.00
FBC	16	30.20	20.82	18.62	30.35	0.00	0.00
FBC	17	31.80	19.42	18.72	30.05	0.00	0.00
FBC	18	29.41	19.17	20.47	30.95	0.00	0.00
FBC	19	30.55	20.77	19.62	29.06	0.00	0.00
FBC	20	31.15	19.82	18.02	31.00	0.00	0.00
FBC	21	31.75	19.72	20.07	28.46	0.00	0.00
FBC	22	29.01	20.72	20.87	29.41	0.00	0.00
FBC	23	29.86	19.42	20.02	30.70	0.00	0.00
FBC	24	31.45	17.67	19.47	31.40	0.00	0.00
FBC	25	30.70	19.37	19.97	29.96	0.00	0.00
FBC	26	31.60	21.22	19.07	28.11	0.00	0.00
FBC	27	31.45	18.97	18.92	30.65	0.00	0.00
FBC	28	31.65	20.47	17.97	29.91	0.00	0.00
FBC	29	31.60	21.37	18.52	28.51	0.00	0.00
FBC	30	29.31	21.52	18.82	30.35	0.00	0.00
FBC	31	30.25	19.97	18.42	31.35	0.00	0.00
FBC	32	30.30	18.72	19.62	31.35	0.00	0.00
FBC	33	32.40	19.92	17.82	29.86	0.00	0.00
FBC	34	32.70	19.77	18.17	29.36	0.00	0.00
FBC	35	32.55	18.92	19.02	29.51	0.00	0.00
FBC	36	30.55	19.22	19.12	31.10	0.00	0.00
FBC	37	29.56	19.57	19.17	31.70	0.00	0.00
FBC	38	30.95	20.92	19.12	29.01	0.00	0.00
FBC	39	30.35	19.37	20.27	30.00	0.00	0.00
FBC	40	31.65	19.32	18.22	30.80	0.00	0.00
FBC	41	30.65	20.52	18.37	30.45	0.00	0.00
FBC	42	33.65	19.27	18.52	28.56	0.00	0.00
FBC	43	31.15	21.02	19.52	28.31	0.00	0.00
FBC	44	29.66	20.52	19.07	30.75	0.00	0.00
FBC	45	31.10	19.42	19.47	30.00	0.00	0.00
FBC	46	30.75	18.87	20.72	29.66	0.00	0.00
FBC	47	30.50	19.32	19.57	30.60	0.00	0.00
FBC	48	31.00	18.37	19.47	31.15	0.00	0.00
FBC	49	30.05	19.27	20.12	30.55	0.00	0.00
FBC	50	30.50	19.87	17.57	32.05	0.00	0.00
FBC	51	31.60	18.12	19.67	30.60	0.00	0.00
FBC	52	28.96	21.02	19.02	31.00	0.00	0.00
FBC	53	30.70	19.32	18.37	31.60	0.00	0.00
FBC	54	30.35	21.42	18.02	30.20	0.00	0.00
FBC	55	30.30	21.72	18.27	29.71	0.00	0.00
FBC	56	31.45	20.07	17.62	30.85	0.00	0.00
FBC	57	29.16	19.67	19.17	32.00	0.00	0.00
FBC	58	29.61	19.27	20.47	30.65	0.00	0.00
FBC	59	28.91	19.87	20.92	30.30	0.00	0.00
FBC	60	31.85	19.02	18.32	30.80	0.00	0.00
FBC	61	29.01	20.67	18.12	32.20	0.00	0.00
FBC	62	31.40	20.87	18.87	28.86	0.00	0.00
FBC	63	30.30	19.12	20.07	30.50	0.00	0.00
FBC	64	30.80	18.72	18.87	31.60	0.00	0.00
FBC	65	31.65	18.42	18.77	31.15	0.00	0.00
FBC	66	30.35	19.52	20.27	29.86	0.00	0.00
FBC	67	30.95	19.92	19.07	30.05	0.00	0.00
FBC	68	29.86	21.32	17.67	31.15	0.00	0.00
FBC	69	33.25	19.92	18.02	28.81	0.00	0.00
FBC	70	29.46	19.47	18.17	32.90	0.00	0.00
FBC	71	29.76	20.82	19.37	30.05	0.00	0.00
FBC	72	30.60	20.22	18.57	30.60	0.00	0.00
FBC	73	30.45	19.37	19.27	30.90	0.00	0.00
FBC	74	30.75	19.12	19.47	30.65	0.00	0.00
FBC	75	30.45	20.52	19.07	29.96	0.00	0.00
FBC	76	30.70	18.77	19.47	31.05	0.00	0.00
FBC	77	30.65	20.02	18.77	30.55	0.00	0.00
FBC	78	29.71	20.12	18.87	31.30	0.00	0.00
FBC	79	30.35	19.72	18.52	31.40	0.00	0.00
FBC	80	29.71	20.17	18.57	31.55	0.00	0.00
FBC	81	30.05	19.37	19.97	30.60	0.00	0.00
FBC	82	29.41	19.82	17.67	33.10	0.00	0.00
FBC	83	30.70	18.72	19.12	31.45	0.00	0.00
FBC	84	29.71	18.17	20.62	31.50	0.00	0.00
FBC	85	30.00	18.87	18.97	32.15	0.00	0.00
FBC	86	29.81	21.22	18.27	30.70	0.00	0.00
FBC	87	29.96	20.07	20.12	29.86	0.00	0.00
FBC	88	31.45	19.02	19.27	30.25	0.00	0.00
FBC	89	31.45	18.42	18.37	31.75	0.00	0.00
FBC	90	30.70	19.92	16.82	32.55	0.00	0.00
FBC	91	28.76	21.42	19.27	30.55	0.00	0.00
FBC	92	29.61	21.02	18.72	30.65	0.00	0.00
FBC	93	31.85	19.12	18.67	30.35	0.00	0.00
FBC	94	29.71	20.27	19.07	30.95	0.00	0.00
FBC	95	29.41	20.27	19.67	30.65	0.00	0.00
FBC	96	31.60	19.02	18.12	31.25	0.00	0.00
FBC	97	29.71	20.87	18.87	30.55	0.00	0.00
FBC	98	29.61	20.07	17.87	32.45	0.00	0.00
FBC	99	30.35	20.67	18.22	30.75	0.00	0.00
FBC	100	29.16	19.52	20.67	30.65	0.00	0.00
FBC	101	29.16	19.27	20.62	30.95	0.00	0.00
FBC	102	32.00	18.32	19.37	30.30	0.00	0.00
FBC	103	30.85	19.07	19.62	30.45	0.00	0.00
FBC	104	28.76	20.67	19.42	31.15	0.00	0.00
FBC	105	29.76	20.27	19.37	30.60	0.00	0.00
FBC	106	31.40	19.02	19.97	29.61	0.00	0.00
FBC	107	30.50	19.47	19.82	30.20	0.00	0.00
FBC	108	32.10	18.37	17.97	31.55	0.00	0.00
FBC	109	29.81	20.22	18.57	31.40	0.00	0.00
FBC	110	30.15	20.47	17.72	31.65	0.00	0.00
FBC	111	29.11	19.57	20.07	31.25	0.00	0.00
FBC	112	30.15	19.32	17.22	33.30	0.00	0.00
FBC	113	30.10	19.02	19.47	31.40	0.00	0.00
FBC	114	30.70	19.22	20.22	29.86	0.00	0.00
FBC	115	30.95	19.07	20.72	29.26	0.00	0.00
FBC	116	31.45	18.72	19.07	30.75	0.00	0.00
FBC	117	30.15	20.27	18.52	31.05	0.00	0.00
FBC	118	29.51	20.42	18.77	31.30	0.00	0.00
FBC	119	32.15	20.27	17.32	30.25	0.00	0.00
FBC	120	30.85	21.07	18.77	29.31	0.00	0.00
FBC	121	30.70	19.77	19.32	30.20	0.00	0.00
FBC	122	29.31	21.02	18.67	31.00	0.00	0.00
FBC	123	31.40	17.72	19.27	31.60	0.00	0.00
FBC	124	29.51	18.87	19.92	31.70	0.00	0.00
FBC	125	30.65	20.27	19.32	29.76	0.00	0.00
FBC	126	29.21	19.37	18.47	32.95	0.00	0.00
FBC	127	30.65	21.02	18.32	30.00	0.00	0.00
FBC	128	31.10	20.22	18.97	29.71	0.00	0.00
FBC	129	32.75	18.72	18.77	29.76	0.00	0.00
FBC	130	30.10	20.37	19.32	30.20	0.00	0.00
FBC	131	29.46	21.17	18.52	30.85	0.00	0.00
FBC	132	31.35	20.32	17.97	30.35	0.00	0.00
FBC	133	31.45	18.77	18.92	30.85	0.00	0.00
FBC	134	30.45	19.67	18.37	31.50	0.00	0.00
FBC	135	31.10	20.47	17.02	31.40	0.00	0.00
FBC	136	30.50	19.57	18.67	31.25	0.00	0.00
FBC	137	29.16	21.92	18.32	30.60	0.00	0.00
FBC	138	29.16	19.12	19.97	31.75	0.00	0.00
FBC	139	31.00	19.72	17.72	31.55	0.00	0.00
FBC	140	28.91	20.07	20.77	30.25	0.00	0.00
FBC	141	30.05	19.57	18.87	31.50	0.00	0.00
FBC	142	31.60	18.02	19.32	31.05	0.00	0.00
FBC	143	31.00	20.62	18.92	29.46	0.00	0.00
FBC	144	31.20	20.02	18.47	30.30	0.00	0.00
FBC	145	31.45	20.72	17.67	30.15	0.00	0.00
FBC	146	30.70	21.52	17.07	30.70	0.00	0.00
FBC	147	31.30	18.52	18.62	31.55	0.00	0.00
FBC	148	30.80	18.97	20.07	30.15	0.00	0.00
FBC	149	29.01	20.22	18.57	32.20	0.00	0.00
FBC	150	30.85	19.72	20.62	28.81	0.00	0.00
# ACGT raw counters for first fragments. Use `grep ^FTC | cut -f 2-` to extract this part. The columns are: A,C,G,T,N base counters
FTC	91843	59434	57068	92105	0
# ACGT content per cycle for last fragments. Use `grep ^LBC | cut -f 2-` to extract this part. The columns are: cycle; A,C,G,T base counts as a percentage of all A/C/G/T bases [%]; and N and O counts as a percentage of all A/C/G/T bases [%]
LBC	1	29.71	20.32	18.82	31.15	0.00	0.00
LBC	2	31.35	19.42	19.62	29.61	0.00	0.00
LBC	3	28.41	19.42	18.47	33.70	0.00	0.00
LBC	4	28.86	19.97	18.87	32.30	0.00	0.00
LBC	5	31.50	18.67	19.47	30.35	0.00	0.00
LBC	6	30.25	19.07	19.07	31.60	0.00	0.00
LBC	7	30.05	19.77	19.72	30.45	0.00	0.00
LBC	8	30.70	20.92	19.87	28.51	0.00	0.00
LBC	9	28.86	20.37	21.02	29.76	0.00	0.00
LBC	10	30.20	20.32	19.82	29.66	0.00	0.00
LBC	11	29.91	19.72	19.92	30.45	0.00	0.00
LBC	12	30.45	20.02	18.17	31.35	0.00	0.00
LBC	13	31.50	20.12	20.12	28.26	0.00	0.00
LBC	14	29.46	21.12	19.97	29.46	0.00	0.00
LBC	15	28.46	21.42	18.62	31.50	0.00	0.00
LBC	16	29.91	20.77	18.02	31.30	0.00	0.00
LBC	17	27.76	21.47	20.52	30.25	0.00	0.00
LBC	18	30.55	20.27	18.52	30.65	0.00	0.00
LBC	19	29.56	20.67	18.97	30.80	0.00	0.00
LBC	20	28.86	20.62	19.17	31.35	0.00	0.00
LBC	21	30.85	19.67	18.42	31.05	0.00	0.00
LBC	22	30.25	21.37	19.02	29.36	0.00	0.00
LBC	23	30.70	20.57	19.22	29.51	0.00	0.00
LBC	24	28.81	20.62	19.17	31.40	0.00	0.00
LBC	25	31.20	19.77	19.52	29.51	0.00	0.00
LBC	26	31.55	18.42	19.47	30.55	0.00	0.00
LBC	27	30.00	20.72	19.32	29.96	0.00	0.00
LBC	28	30.95	19.02	20.97	29.06	0.00	0.00
LBC	29	31.60	20.12	19.07	29.21	0.00	0.00
LBC	30	28.86	19.57	19.67	31.90	0.00	0.00
LBC	31	30.75	19.22	19.37	30.65	0.00	0.00
LBC	32	29.41	19.32	20.07	31.20	0.00	0.00
LBC	33	29.26	18.77	18.77	33.20	0.00	0.00
LBC	34	31.25	20.42	18.92	29.41	0.00	0.00
LBC	35	31.70	19.82	18.87	29.61	0.00	0.00
LBC	36	31.95	19.82	18.62	29.61	0.00	0.00
LBC	37	29.11	20.37	18.37	32.15	0.00	0.00
LBC	38	31.35	20.02	19.37	29.26	0.00	0.00
LBC	39	31.50	20.32	19.02	29.16	0.00	0.00
LBC	40	30.25	18.62	20.72	30.40	0.00	0.00
LBC	41	31.40	19.42	17.32	31.85	0.00	0.00
LBC	42	30.50	20.02	18.57	30.90	0.00	0.00
LBC	43	28.71	18.92	20.22	32.15	0.00	0.00
LBC	44	32.30	18.47	17.72	31.50	0.00	0.00
LBC	45	30.10	21.37	16.97	31.55	0.00	0.00
LBC	46	30.40	19.52	19.72	30.35	0.00	0.00
LBC	47	30.50	18.67	18.17	32.65	0.00	0.00
LBC	48	29.56	18.42	19.62	32.40	0.00	0.00
LBC	49	30.70	21.22	17.92	30.15	0.00	0.00
LBC	50	29.81	19.82	18.57	31.80	0.00	0.00
LBC	51	29.61	19.27	20.62	30.50	0.00	0.00
LBC	52	29.86	19.27	20.37	30.50	0.00	0.00
LBC	53	30.55	19.62	19.02	30.80	0.00	0.00
LBC	54	32.00	19.27	19.12	29.61	0.00	0.00
LBC	55	29.06	20.57	19.27	31.10	0.00	0.00
LBC	56	31.90	18.87	18.62	30.60	0.00	0.00
LBC	57	28.46	19.97	19.97	31.60	0.00	0.00
LBC	58	30.65	20.92	19.67	28.76	0.00	0.00
LBC	59	27.56	19.57	19.47	33.40	0.00	0.00
LBC	60	30.95	19.27	19.17	30.60	0.00	0.00
LBC	61	29.11	21.92	17.32	31.65	0.00	0.00
LBC	62	31.15	18.47	18.57	31.80	0.00	0.00
LBC	63	30.05	19.67	20.67	29.61	0.00	0.00
LBC	64	29.46	20.97	19.37	30.20	0.00	0.00
LBC	65	31.25	19.12	18.57	31.05	0.00	0.00
LBC	66	27.61	21.07	19.37	31.95	0.00	0.00
LBC	67	29.56	21.97	19.17	29.31	0.00	0.00
LBC	68	29.96	20.07	19.52	30.45	0.00	0.00
LBC	69	29.61	20.27	18.87	31.25	0.00	0.00
LBC	70	29.11	20.07	19.02	31.80	0.00	0.00
LBC	71	30.70	19.27	19.32	30.70	0.00	0.00
LBC	72	30.80	19.87	18.82	30.50	0.00	0.00
LBC	73	29.86	20.62	18.47	31.05	0.00	0.00
LBC	74	28.51	20.32	20.52	30.65	0.00	0.00
LBC	75	30.25	19.87	19.72	30.15	0.00	0.00
LBC	76	30.55	19.12	19.02	31.30	0.00	0.00
LBC	77	29.56	20.87	19.52	30.05	0.00	0.00
LBC	78	31.90	21.02	18.92	28.16	0.00	0.00
LBC	79	30.25	20.17	18.12	31.45	0.00	0.00
LBC	80	30.35	18.72	20.02	30.90	0.00	0.00
LBC	81	30.65	19.77	18.67	30.90	0.00	0.00
LBC	82	29.86	21.82	18.27	30.05	0.00	0.00
LBC	83	32.65	19.12	18.72	29.51	0.00	0.00
LBC	84	29.86	19.62	18.57	31.95	0.00	0.00
LBC	85	30.65	19.32	19.52	30.50	0.00	0.00
LBC	86	29.06	19.82	19.32	31.80	0.00	0.00
LBC	87	28.71	21.07	20.47	29.76	0.00	0.00
LBC	88	29.36	19.02	19.77	31.85	0.00	0.00
LBC	89	30.10	20.62	18.52	30.75	0.00	0.00
LBC	90	29.66	19.62	19.32	31.40	0.00	0.00
LBC	91	28.21	19.82	20.52	31.45	0.00	0.00
LBC	92	29.26	19.57	19.37	31.80	0.00	0.00
LBC	93	28.76	21.27	19.72	30.25	0.00	0.00
LBC	94	30.65	20.22	17.92	31.20	0.00	0.00
LBC	95	27.66	20.52	19.72	32.10	0.00	0.00
LBC	96	30.40	20.77	19.17	29.66	0.00	0.00
LBC	97	29.41	20.82	20.12	29.66	0.00	0.00
LBC	98	30.70	19.07	17.92	32.30	0.00	0.00
LBC	99	27.66	21.52	20.02	30.80	0.00	0.00
LBC	100	31.50	19.57	18.62	30.30	0.00	0.00
LBC	101	30.70	18.97	18.67	31.65	0.00	0.00
LBC	102	30.85	19.77	18.42	30.95	0.00	0.00
LBC	103	29.71	20.67	18.32	31.30	0.00	0.00
LBC	104	30.00	18.72	20.87	30.40	0.00	0.00
LBC	105	29.96	20.12	19.87	30.05	0.00	0.00
LBC	106	30.45	20.07	18.72	30.75	0.00	0.00
LBC	107	30.60	20.77	18.57	30.05	0.00	0.00
LBC	108	27.06	19.62	20.47	32.85	0.00	0.00
LBC	109	30.50	20.52	18.32	30.65	0.00	0.00
LBC	110	30.35	18.57	19.92	31.15	0.00	0.00
LBC	111	29.91	22.47	18.57	29.06	0.00	0.00
LBC	112	31.55	20.42	19.22	28.81	0.00	0.00
LBC	113	31.40	19.57	20.32	28.71	0.00	0.00
LBC	114	30.10	20.17	19.52	30.20	0.00	0.00
LBC	115	31.70	20.42	18.22	29.66	0.00	0.00
LBC	116	30.15	19.67	20.07	30.10	0.00	0.00
LBC	117	31.15	20.22	18.52	30.10	0.00	0.00
LBC	118	30.35	21.17	17.97	30.50	0.00	0.00
LBC	119	32.00	20.82	18.57	28.61	0.00	0.00
LBC	120	29.76	20.07	19.97	30.20	0.00	0.00
LBC	121	30.70	19.87	18.37	31.05	0.00	0.00
LBC	122	30.55	21.22	16.92	31.30	0.00	0.00
LBC	123	31.20	22.12	16.92	29.76	0.00	0.00
LBC	124	29.86	20.07	20.32	29.76	0.00	0.00
LBC	125	30.25	20.57	20.02	29.16	0.00	0.00
LBC	126	33.05	19.17	18.82	28.96	0.00	0.00
LBC	127	29.51	19.97	19.62	30.90	0.00	0.00
LBC	128	30.85	19.92	19.02	30.20	0.00	0.00
LBC	129	30.55	20.92	18.17	30.35	0.00	0.00
LBC	130	29.76	19.77	18.32	32.15	0.00	0.00
LBC	131	29.36	22.07	18.12	30.45	0.00	0.00
LBC	132	30.25	19.77	19.17	30.80	0.00	0.00
LBC	133	30.10	18.67	18.97	32.25	0.00	0.00
LBC	134	28.66	21.82	17.72	31.80	0.00	0.00
LBC	135	28.36	20.97	20.32	30.35	0.00	0.00
LBC	136	29.61	20.37	19.02	31.00	0.00	0.00
LBC	137	33.30	19.47	17.72	29.51	0.00	0.00
LBC	138	30.20	19.87	19.37	30.55	0.00	0.00
LBC	139	30.45	19.32	18.37	31.85	0.00	0.00
LBC	140	30.60	19.07	19.17	31.15	0.00	0.00
LBC	141	29.31	19.77	19.42	31.50	0.00	0.00
LBC	142	31.00	21.07	18.32	29.61	0.00	0.00
LBC	143	30.55	20.62	18.37	30.45	0.00	0.00
LBC	144	30.85	19.87	18.57	30.70	0.00	0.00
LBC	145	27.76	22.17	20.22	29.86	0.00	0.00
LBC	146	29.91	19.47	19.07	31.55	0.00	0.00
LBC	147	29.81	20.72	18.37	31.10	0.00	0.00
LBC	148	29.71	20.27	18.22	31.80	0.00	0.00
LBC	149	29.96	19.62	19.47	30.95	0.00	0.00
LBC	150	29.86	20.37	18.47	31.30	0.00	0.00
# ACGT raw counters for last fragments. Use `grep ^LTC | cut -f 2-` to extract this part. The columns are: A,C,G,T,N base counters
LTC	90551	60322	57410	92167	0
# Insert sizes. Use `grep ^IS | cut -f 2-` to extract this part. The columns are: insert size, pairs total, inward oriented pairs, outward oriented pairs, other pairs
IS	0	0	0	0	0
IS	1	0	0	0	0
IS	2	0	0	0	0
IS	3	0	0	0	0
IS	4	0	0	0	0
IS	5	0	0	0	0
IS	6	0	0	0	0
IS	7	0	0	0	0
IS	8	0	0	0	0
IS	9	0	0	0	0
IS	10	0	0	0	0
IS	11	0	0	0	0
IS	12	0	0	0	0
IS	13	0	0	0	0
IS	14	0	0	0	0
IS	15	0	0	0	0
IS	16	0	0	0	0
IS	17	0	0	0	0
IS	18	0	0	0	0
IS	19	0	0	0	0
IS	20	0	0	0	0
IS	21	0	0	0	0
IS	22	0	0	0	0
IS	23	0	0	0	0
IS	24	0	0	0	0
IS	25	0	0	0	0
IS	26	0	0	0	0
IS	27	0	0	0	0
IS	28	0	0	0	0
IS	29	0	0	0	0
IS	30	0	0	0	0
IS	31	0	0	0	0
IS	32	0	0	0	0
IS	33	0	0	0	0
IS	34	0	0	0	0
IS	35	0	0	0	0
IS	36	0	0	0	0
IS	37	0	0	0	0
IS	38	0	0	0	0
IS	39	0	0	0	0
IS	40	0	0	0	0
IS	41	0	0	0	0
IS	42	0	0	0	0
IS	43	0	0	0	0
IS	44	0	0	0	0
IS	45	0	0	0	0
IS	46	0	0	0	0
IS	47	0	0	0	0
IS	48	0	0	0	0
IS	49	0	0	0	0
IS	50	0	0	0	0
IS	51	0	0	0	0
IS	52	0	0	0	0
IS	53	0	0	0	0
IS	54	0	0	0	0
IS	55	0	0	0	0
IS	56	0	0	0	0
IS	57	0	0	0	0
IS	58	0	0	0	0
IS	59	0	0	0	0
IS	60	0	0	0	0
IS	61	0	0	0	0
IS	62	0	0	0	0
IS	63	0	0	0	0
IS	64	0	0	0	0
IS	65	0	0	0	0
IS	66	0	0	0	0
IS	67	0	0	0	0
IS	68	0	0	0	0
IS	69	0	0	0	0
IS	70	0	0	0	0
IS	71	0	0	0	0
IS	72	0	0	0	0
IS	73	0	0	0	0
IS	74	0	0	0	0
IS	75	0	0	0	0
IS	76	0	0	0	0
IS	77	0	0	0	0
IS	78	0	0	0	0
IS	79	0	0	0	0
IS	80	0	0	0	0
IS	81	0	0	0	0
IS	82	0	0	0	0
IS	83	0	0	0	0
IS	84	0	0	0	0
IS	85	0	0	0	0
IS	86	0	0	0	0
IS	87	0	0	0	0
IS	88	0	0	0	0
IS	89	0	0	0	0
IS	90	0	0	0	0
IS	91	0	0	0	0
IS	92	0	0	0	0
IS	93	0	0	0	0
IS	94	0	0	0	0
IS	95	0	0	0	0
IS	96	0	0	0	0
IS	97	0	0	0	0
IS	98	0	0	0	0
IS	99	0	0	0	0
IS	100	0	0	0	0
IS	101	0	0	0	0
IS	102	0	0	0	0
IS	103	0	0	0	0
IS	104	0	0	0	0
IS	105	0	0	0	0
IS	106	0	0	0	0
IS	107	0	0	0	0
IS	108	0	0	0	0
IS	109	0	0	0	0
IS	110	0	0	0	0
IS	111	0	0	0	0
IS	112	0	0	0	0
IS	113	0	0	0	0
IS	114	0	0	0	0
IS	115	0	0	0	0
IS	116	0	0	0	0
IS	117	0	0	0	0
IS	118	0	0	0	0
IS	119	0	0	0	0
IS	120	0	0	0	0
IS	121	0	0	0	0
IS	122	0	0	0	0
IS	123	0	0	0	0
IS	124	0	0	0	0
IS	125	0	0	0	0
IS	126	0	0	0	0
IS	127	0	0	0	0
IS	128	0	0	0	0
IS	129	0	0	0	0
IS	130	0	0	0	0
IS	131	0	0	0	0
IS	132	0	0	0	0
IS	133	0	0	0	0
IS	134	0	0	0	0
IS	135	0	0	0	0
IS	136	0	0	0	0
IS	137	0	0	0	0
IS	138	0	0	0	0
IS	139	0	0	0	0
IS	140	0	0	0	0
IS	141	0	0	0	0
IS	142	0	0	0	0
IS	143	0	0	0	0
IS	144	0	0	0	0
IS	145	0	0	0	0
IS	146	0	0	0	0
IS	147	0	0	0	0
IS	148	0	0	0	0
IS	149	0	0	0	0
IS	150	0	0	0	0
IS	151	0	0	0	0
IS	152	0	0	0	0
IS	153	0	0	0	0
IS	154	0	0	0	0
IS	155	0	0	0	0
IS	156	0	0	0	0
IS	157	0	0	0	0
IS	158	0	0	0	0
IS	159	0	0	0	0
IS	160	0	0	0	0
IS	161	0	0	0	0
IS	162	0	0	0	0
IS	163	0	0	0	0
IS	164	0	0	0	0
IS	165	0	0	0	0
IS	166	0	0	0	0
IS	167	0	0	0	0
IS	168	0	0	0	0
IS	169	0	0	0	0
IS	170	0	0	0	0
IS	171	0	0	0	0
IS	172	0	0	0	0
IS	173	0	0	0	0
IS	174	0	0	0	0
IS	175	0	0	0	0
IS	176	0	0	0	0
IS	177	0	0	0	0
IS	178	0	0	0	0
IS	179	0	0	0	0
IS	180	0	0	0	0
IS	181	0	0	0	0
IS	182	0	0	0	0
IS	183	0	0	0	0
IS	184	0	0	0	0
IS	185	0	0	0	0
IS	186	0	0	0	0
IS	187	0	0	0	0
IS	188	0	0	0	0
IS	189	0	0	0	0
IS	190	0	0	0	0
IS	191	0	0	0	0
IS	192	0	0	0	0
IS	193	0	0	0	0
IS	194	0	0	0	0
IS	195	0	0	0	0
IS	196	0	0	0	0
IS	197	0	0	0	0
IS	198	0	0	0	0
IS	199	0	0	0	0
IS	200	0	0	0	0
IS	201	0	0	0	0
IS	202	0	0	0	0
IS	203	0	0	0	0
IS	204	0	0	0	0
IS	205	0	0	0	0
IS	206	0	0	0	0
IS	207	0	0	0	0
IS	208	0	0	0	0
IS	209	0	0	0	0
IS	210	0	0	0	0
IS	211	0	0	0	0
IS	212	0	0	0	0
IS	213	0	0	0	0
IS	214	0	0	0	0
IS	215	0	0	0	0
IS	216	0	0	0	0
IS	217	0	0	0	0
IS	218	0	0	0	0
IS	219	0	0	0	0
IS	220	0	0	0	0
IS	221	0	0	0	0
IS	222	0	0	0	0
IS	223	0	0	0	0
IS	224	0	0	0	0
IS	225	0	0	0	0
IS	226	0	0	0	0
IS	227	0	0	0	0
IS	228	0	0	0	0
IS	229	0	0	0	0
IS	230	0	0	0	0
IS	231	0	0	0	0
IS	232	0	0	0	0
IS	233	0	0	0	0
IS	234	0	0	0	0
IS	235	0	0	0	0
IS	236	0	0	0	0
IS	237	0	0	0	0
IS	238	0	0	0	0
IS	239	0	0	0	0
IS	240	0	0	0	0
IS	241	0	0	0	0
IS	242	0	0	0	0
IS	243	0	0	0	0
IS	244	0	0	0	0
IS	245	0	0	0	0
IS	246	0	0	0	0
IS	247	0	0	0	0
IS	248	0	0	0	0
IS	249	0	0	0	0
IS	250	0	0	0	0
IS	251	0	0	0	0
IS	252	0	0	0	0
IS	253	0	0	0	0
IS	254	0	0	0	0
IS	255	0	0	0	0
IS	256	0	0	0	0
IS	257	0	0	0	0
IS	258	0	0	0	0
IS	259	0	0	0	0
IS	260	0	0	0	0
IS	261	0	0	0	0
IS	262	0	0	0	0
IS	263	0	0	0	0
IS	264	0	0	0	0
IS	265	0	0	0	0
IS	266	0	0	0	0
IS	267	0	0	0	0
IS	268	0	0	0	0
IS	269	0	0	0	0
IS	270	0	0	0	0
IS	271	0	0	0	0
IS	272	0	0	0	0
IS	273	0	0	0	0
IS	274	0	0	0	0
IS	275	0	0	0	0
IS	276	0	0	0	0
IS	277	0	0	0	0
IS	278	0	0	0	0
IS	279	0	0	0	0
IS	280	0	0	0	0
IS	281	0	0	0	0
IS	282	0	0	0	0
IS	283	0	0	0	0
IS	284	0	0	0	0
IS	285	0	0	0	0
IS	286	0	0	0	0
IS	287	0	0	0	0
IS	288	0	0	0	0
IS	289	0	0	0	0
IS	290	0	0	0	0
IS	291	0	0	0	0
IS	292	0	0	0	0
IS	293	0	0	0	0
IS	294	0	0	0	0
IS	295	0	0	0	0
IS	296	0	0	0	0
IS	297	0	0	0	0
IS	298	0	0	0	0
IS	299	0	0	0	0
IS	300	0	0	0	0
IS	301	0	0	0	0
IS	302	0	0	0	0
IS	303	0	0	0	0
IS	304	0	0	0	0
IS	305	0	0	0	0
IS	306	0	0	0	0
IS	307	0	0	0	0
IS	308	0	0	0	0
IS	309	0	0	0	0
IS	310	0	0	0	0
IS	311	0	0	0	0
IS	312	0	0	0	0
IS	313	0	0	0	0
IS	314	0	0	0	0
IS	315	0	0	0	0
IS	316	0	0	0	0
IS	317	0	0	0	0
IS	318	0	0	0	0
IS	319	0	0	0	0
IS	320	0	0	0	0
IS	321	0	0	0	0
IS	322	0	0	0	0
IS	323	0	0	0	0
IS	324	0	0	0	0
IS	325	0	0	0	0
IS	326	0	0	0	0
IS	327	0	0	0	0
IS	328	0	0	0	0
IS	329	0	0	0	0
IS	330	0	0	0	0
IS	331	0	0	0	0
IS	332	0	0	0	0
IS	333	0	0	0	0
IS	334	0	0	0	0
IS	335	0	0	0	0
IS	336	0	0	0	0
IS	337	0	0	0	0
IS	338	0	0	0	0
IS	339	0	0	0	0
IS	340	0	0	0	0
IS	341	0	0	0	0
IS	342	0	0	0	0
IS	343	0	0	0	0
IS	344	0	0	0	0
IS	345	0	0	0	0
IS	346	0	0	0	0
IS	347	0	0	0	0
IS	348	0	0	0	0
IS	349	0	0	0	0
IS	350	0	0	0	0
IS	351	0	0	0	0
IS	352	0	0	0	0
IS	353	0	0	0	0
IS	354	0	0	0	0
IS	355	1	1	0	0
IS	356	0	0	0	0
IS	357	0	0	0	0
IS	358	0	0	0	0
IS	359	1	1	0	0
IS	360	0	0	0	0
IS	361	0	0	0	0
IS	362	2	2	0	0
IS	363	0	0	0	0
IS	364	0	0	0	0
IS	365	0	0	0	0
IS	366	1	1	0	0
IS	367	0	0	0	0
IS	368	0	0	0	0
IS	369	1	1	0	0
IS	370	0	0	0	0
IS	371	0	0	0	0
IS	372	0	0	0	0
IS	373	2	2	0	0
IS	374	0	0	0	0
IS	375	1	1	0	0
IS	376	1	1	0	0
IS	377	0	0	0	0
IS	378	1	1	0	0
IS	379	0	0	0	0
IS	380	3	3	0	0
IS	381	2	2	0	0
IS	382	0	0	0	0
IS	383	3	3	0	0
IS	384	0	0	0	0
IS	385	1	1	0	0
IS	386	0	0	0	0
IS	387	2	2	0	0
IS	388	0	0	0	0
IS	389	3	3	0	0
IS	390	4	4	0	0
IS	391	0	0	0	0
IS	392	4	4	0	0
IS	393	3	3	0	0
IS	394	3	3	0	0
IS	395	3	3	0	0
IS	396	5	5	0	0
IS	397	6	6	0	0
IS	398	1	1	0	0
IS	399	5	5	0	0
IS	400	1	1	0	0
IS	401	4	4	0	0
IS	402	2	2	0	0
IS	403	1	1	0	0
IS	404	6	6	0	0
IS	405	4	4	0	0
IS	406	2	2	0	0
IS	407	5	5	0	0
IS	408	1	1	0	0
IS	409	3	3	0	0
IS	410	2	2	0	0
IS	411	6	6	0	0
IS	412	3	3	0	0
IS	413	2	2	0	0
IS	414	4	4	0	0
IS	415	4	4	0	0
IS	416	4	4	0	0
IS	417	2	2	0	0
IS	418	1	1	0	0
IS	419	5	5	0	0
IS	420	8	8	0	0
IS	421	7	7	0	0
IS	422	5	5	0	0
IS	423	7	7	0	0
IS	424	4	4	0	0
IS	425	4	4	0	0
IS	426	7	7	0	0
IS	427	3	3	0	0
IS	428	2	2	0	0
IS	429	5	5	0	0
IS	430	6	6	0	0
IS	431	3	3	0	0
IS	432	4	4	0	0
IS	433	6	6	0	0
IS	434	9	9	0	0
IS	435	7	7	0	0
IS	436	6	6	0	0
IS	437	6	6	0	0
IS	438	6	6	0	0
IS	439	10	10	0	0
IS	440	10	10	0	0
IS	441	11	11	0	0
IS	442	14	14	0	0
IS	443	11	11	0	0
IS	444	19	19	0	0
IS	445	6	6	0	0
IS	446	8	8	0	0
IS	447	12	12	0	0
IS	448	7	7	0	0
IS	449	17	17	0	0
IS	450	7	7	0	0
IS	451	14	14	0	0
IS	452	6	6	0	0
IS	453	7	7	0	0
IS	454	9	9	0	0
IS	455	11	11	0	0
IS	456	12	12	0	0
IS	457	13	13	0	0
IS	458	13	13	0	0
IS	459	18	18	0	0
IS	460	10	10	0	0
IS	461	15	15	0	0
IS	462	10	10	0	0
IS	463	8	8	0	0
IS	464	15	15	0	0
IS	465	13	13	0	0
IS	466	7	7	0	0
IS	467	11	11	0	0
IS	468	16	16	0	0
IS	469	12	12	0	0
IS	470	9	9	0	0
IS	471	11	11	0	0
IS	472	14	14	0	0
IS	473	15	15	0	0
IS	474	21	21	0	0
IS	475	7	7	0	0
IS	476	21	21	0	0
IS	477	16	16	0	0
IS	478	11	11	0	0
IS	479	13	13	0	0
IS	480	13	13	0	0
IS	481	11	11	0	0
IS	482	15	15	0	0
IS	483	16	16	0	0
IS	484	23	23	0	0
IS	485	16	16	0	0
IS	486	15	15	0	0
IS	487	16	16	0	0
IS	488	14	14	0	0
IS	489	20	20	0	0
IS	490	15	15	0	0
IS	491	16	16	0	0
IS	492	15	15	0	0
IS	493	17	17	0	0
IS	494	18	18	0	0
IS	495	11	11	0	0
IS	496	15	15	0	0
IS	497	15	15	0	0
IS	498	20	20	0	0
IS	499	17	17	0	0
IS	500	20	20	0	0
IS	501	11	11	0	0
IS	502	16	16	0	0
IS	503	14	14	0	0
IS	504	14	14	0	0
IS	505	9	9	0	0
IS	506	14	14	0	0
IS	507	16	16	0	0
IS	508	14	14	0	0
IS	509	19	19	0	0
IS	510	8	8	0	0
IS	511	16	16	0	0
IS	512	17	17	0	0
IS	513	17	17	0	0
IS	514	11	11	0	0
IS	515	13	13	0	0
IS	516	16	16	0	0
IS	517	17	17	0	0
IS	518	12	12	0	0
IS	519	17	17	0	0
IS	520	14	14	0	0
IS	521	15	15	0	0
IS	522	17	17	0	0
IS	523	20	20	0	0
IS	524	13	13	0	0
IS	525	16	16	0	0
IS	526	21	21	0	0
IS	527	10	10	0	0
IS	528	10	10	0	0
IS	529	17	17	0	0
IS	530	8	8	0	0
IS	531	11	11	0	0
IS	532	16	16	0	0
IS	533	16	16	0	0
IS	534	11	11	0	0
IS	535	13	13	0	0
IS	536	15	15	0	0
IS	537	12	12	0	0
IS	538	19	19	0	0
IS	539	8	8	0	0
IS	540	16	16	0	0
IS	541	7	7	0	0
IS	542	13	13	0	0
IS	543	12	12	0	0
IS	544	13	13	0	0
IS	545	7	7	0	0
IS	546	13	13	0	0
IS	547	6	6	0	0
IS	548	9	9	0	0
IS	549	8	8	0	0
IS	550	4	4	0	0
IS	551	9	9	0	0
IS	552	5	5	0	0
IS	553	6	6	0	0
IS	554	14	14	0	0
IS	555	8	8	0	0
IS	556	7	7	0	0
IS	557	9	9	0	0
IS	558	13	13	0	0
IS	559	4	4	0	0
IS	560	9	9	0	0
IS	561	4	4	0	0
IS	562	12	12	0	0
IS	563	7	7	0	0
IS	564	8	8	0	0
IS	565	6	6	0	0
IS	566	2	2	0	0
IS	567	3	3	0	0
IS	568	2	2	0	0
IS	569	7	7	0	0
IS	570	3	3	0	0
IS	571	4	4	0	0
IS	572	5	5	0	0
IS	573	3	3	0	0
IS	574	4	4	0	0
IS	575	9	9	0	0
IS	576	3	3	0	0
IS	577	1	1	0	0
IS	578	6	6	0	0
IS	579	3	3	0	0
IS	580	3	3	0	0
IS	581	3	3	0	0
IS	582	4	4	0	0
IS	583	4	4	0	0
IS	584	3	3	0	0
IS	585	3	3	0	0
IS	586	1	1	0	0
IS	587	2	2	0	0
IS	588	3	3	0	0
IS	589	5	5	0	0
IS	590	2	2	0	0
IS	591	0	0	0	0
IS	592	2	2	0	0
IS	593	3	3	0	0
IS	594	2	2	0	0
IS	595	4	4	0	0
IS	596	3	3	0	0
IS	597	4	4	0	0
IS	598	1	1	0	0
IS	599	1	1	0	0
IS	600	2	2	0	0
IS	601	0	0	0	0
IS	602	3	3	0	0
IS	603	2	2	0	0
IS	604	1	1	0	0
IS	605	1	1	0	0
IS	606	5	5	0	0
IS	607	0	0	0	0
IS	608	2	2	0	0
IS	609	3	3	0	0
IS	610	3	3	0	0
IS	611	2	2	0	0
IS	612	4	4	0	0
IS	613	3	3	0	0
IS	614	3	3	0	0
IS	615	0	0	0	0
IS	616	2	2	0	0
IS	617	2	2	0	0
IS	618	1	1	0	0
# Read lengths. Use `grep ^RL | cut -f 2-` to extract this part. The columns are: read length, count
RL	150	4006
# Read lengths - first fragments. Use `grep ^FRL | cut -f 2-` to extract this part. The columns are: read length, count
FRL	150	2003
# Read lengths - last fragments. Use `grep ^LRL | cut -f 2-` to extract this part. The columns are: read length, count
LRL	150	2003
# Mapping qualities for reads !(UNMAP|SECOND|SUPPL|QCFAIL|DUP). Use `grep ^MAPQ | cut -f 2-` to extract this part. The columns are: mapq, count
MAPQ	0	20
MAPQ	27	12
MAPQ	33	2
MAPQ	39	1
MAPQ	40	26
MAPQ	41	1
MAPQ	43	2
MAPQ	45	1
MAPQ	47	2
MAPQ	48	34
MAPQ	50	4
MAPQ	51	1
MAPQ	52	4
MAPQ	57	13
MAPQ	59	3
MAPQ	60	3880
# Indel distribution. Use `grep ^ID | cut -f 2-` to extract this part. The columns are: length, number of insertions, number of deletions
# Indels per cycle. Use `grep ^IC | cut -f 2-` to extract this part. The columns are: cycle, number of insertions (fwd), .. (rev) , number of deletions (fwd), .. (rev)
# Coverage distribution. Use `grep ^COV | cut -f 2-` to extract this part.
COV	[1-1]	1	4842
COV	[2-2]	2	9480
COV	[3-3]	3	16805
COV	[4-4]	4	19140
COV	[5-5]	5	18980
COV	[6-6]	6	17222
COV	[7-7]	7	12137
COV	[8-8]	8	8394
COV	[9-9]	9	4703
COV	[10-10]	10	2667
COV	[11-11]	11	1342
COV	[12-12]	12	610
COV	[13-13]	13	327
COV	[14-14]	14	129
COV	[15-15]	15	100
COV	[16-16]	16	46
COV	[17-17]	17	24
# GC-depth. Use `grep ^GCD | cut -f 2-` to extract this part. The columns are: GC%, unique sequence percentiles, 10th, 25th, 50th, 75th and 90th depth percentile
GCD	0.0	15.385	0.000	0.000	0.000	0.000	0.000
GCD	37.0	23.077	2.505	2.505	2.505	2.505	2.505
GCD	38.0	46.154	2.490	2.490	2.505	2.505	2.505
GCD	39.0	69.231	2.505	2.505	2.505	2.505	2.505
GCD	40.0	92.308	2.505	2.505	2.505	2.505	2.505
GCD	45.0	100.000	2.505	2.505	2.505	2.505	2.505
