# This file was produced by samtools stats (1.20+htslib-1.21) and can be plotted using plot-bamstats
# This file contains statistics for all reads.
# The command line was:  stats sample3819.sorted.bam
# CHK, Checksum	[2]Read Names	[3]Sequences	[4]Qualities
# CHK, CRC32 of reads which passed filtering followed by addition (32bit overflow)
CHK	fb07e7a4	6b8d946f	62a3f754
# Summary Numbers. Use `grep ^SN | cut -f 2-` to extract this part.
SN	raw total sequences:	4004	# excluding supplementary and secondary reads
SN	filtered sequences:	0
SN	sequences:	4004
SN	is sorted:	1
SN	1st fragments:	2002
SN	last fragments:	2002
SN	reads mapped:	4004
SN	reads mapped and paired:	4004	# paired-end technology bit set + both mates mapped
SN	reads unmapped:	0
SN	reads properly paired:	4004	# proper-pair bit set
SN	reads paired:	4004	# paired-end technology bit set
SN	reads duplicated:	0	# PCR or optical duplicate bit set
SN	reads MQ0:	16	# mapped and MQ=0
SN	reads QC failed:	0
SN	non-primary alignments:	0
SN	supplementary alignments:	0
SN	total length:	600589	# ignores clipping
SN	total first fragment length:	300296	# ignores clipping
SN	total last fragment length:	300293	# ignores clipping
SN	bases mapped:	600589	# ignores clipping
SN	bases mapped (cigar):	600589	# more accurate
SN	bases trimmed:	0
SN	bases duplicated:	0
SN	mismatches:	925	# from NM fields
SN	error rate:	1.540155e-03	# mismatches / bases mapped (cigar)
SN	average length:	150
SN	average first fragment length:	150
SN	average last fragment length:	150
SN	maximum length:	150
SN	maximum first fragment length:	150
SN	maximum last fragment length:	150
SN	average quality:	30.0
SN	insert size average:	498.0
SN	insert size standard deviation:	47.3
SN	inward oriented pairs:	2002
SN	outward oriented pairs:	0
SN	pairs with other orientation:	0
SN	pairs on different chromosomes:	0
SN	percentage of properly paired reads (%):	100.0
# First Fragment Qualities. Use `grep ^FFQ | cut -f 2-` to extract this part.
# Columns correspond to qualities and rows to cycles. First column is the cycle number.
FFQ	1	0	0	0	0	0	0	0	0	0	0	0	0	0	0	0	0	0	0	0	0	0	0	0	0	0	0	0	0	0	0	2002	0
FFQ	2	0	0	0	0	0	0	0	0	0	0	0	0	0	0	0	0	0	0	0	0	0	0	0	0	0	0	0	0	0	0	2002	0
FFQ	3	0	0	0	0	0	0	0	0	0	0	0	0	0	0	0	0	0	0	0	0	0	0	0	0	0	0	0	0	0	0	2002	0
FFQ	4	0	0	0	0	0	0	0	0	0	0	0	0	0	0	0	0	0	0	0	0	0	0	0	0	0	0	0	0	0	0	2002	0
FFQ	5	0	0	0	0	0	0	0	0	0	0	0	0	0	0	0	0	0	0	0	0	0	0	0	0	0	0	0	0	0	0	2002	0
FFQ	6	0	0	0	0	0	0	0	0	0	0	0	0	0	0	0	0	0	0	0	0	0	0	0	0	0	0	0	0	0	0	2002	0
FFQ	7	0	0	0	0	0	0	0	0	0	0	0	0	0	0	0	0	0	0	0	0	0	0	0	0	0	0	0	0	0	0	2002	0
FFQ	8	0	0	0	0	0	0	0	0	0	0	0	0	0	0	0	0	0	0	0	0	0	0	0	0	0	0	0	0	0	0	2002	0
FFQ	9	0	0	0	0	0	0	0	0	0	0	0	0	0	0	0	0	0	0	0	0	0	0	0	0	0	0	0	0	0	0	2002	0
FFQ	10	0	0	0	0	0	0	0	0	0	0	0	0	0	0	0	0	0	0	0	0	0	0	0	0	0	0	0	0	0	0	2002	0
FFQ	11	0	0	0	0	0	0	0	0	0	0	0	0	0	0	0	0	0	0	0	0	0	0	0	0	0	0	0	0	0	0	2002	0
FFQ	12	0	0	0	0	0	0	0	0	0	0	0	0	0	0	0	0	0	0	0	0	0	0	0	0	0	0	0	0	0	0	2002	0
FFQ	13	0	0	0	0	0	0	0	0	0	0	0	0	0	0	0	0	0	0	0	0	0	0	0	0	0	0	0	0	0	0	2002	0
FFQ	14	0	0	0	0	0	0	0	0	0	0	0	0	0	0	0	0	0	0	0	0	0	0	0	0	0	0	0	0	0	0	2002	0
FFQ	15	0	0	0	0	0	0	0	0	0	0	0	0	0	0	0	0	0	0	0	0	0	0	0	0	0	0	0	0	0	0	2002	0
FFQ	16	0	0	0	0	0	0	0	0	0	0	0	0	0	0	0	0	0	0	0	0	0	0	0	0	0	0	0	0	0	0	2002	0
FFQ	17	0	0	0	0	0	0	0	0	0	0	0	0	0	0	0	0	0	0	0	0	0	0	0	0	0	0	0	0	0	0	2002	0
FFQ	18	0	0	0	0	0	0	0	0	0	0	0	0	0	0	0	0	0	0	0	0	0	0	0	0	0	0	0	0	0	0	2002	0
FFQ	19	0	0	0	0	0	0	0	0	0	0	0	0	0	0	0	0	0	0	0	0	0	0	0	0	0	0	0	0	0	0	2002	0
FFQ	20	0	0	0	0	0	0	0	0	0	0	0	0	0	0	0	0	0	0	0	0	0	0	0	0	0	0	0	0	0	0	2002	0
FFQ	21	0	0	0	0	0	0	0	0	0	0	0	0	0	0	0	0	0	0	0	0	0	0	0	0	0	0	0	0	0	0	2002	0
FFQ	22	0	0	0	0	0	0	0	0	0	0	0	0	0	0	0	0	0	0	0	0	0	0	0	0	0	0	0	0	0	0	2002	0
FFQ	23	0	0	0	0	0	0	0	0	0	0	0	0	0	0	0	0	0	0	0	0	0	0	0	0	0	0	0	0	0	0	2002	0
FFQ	24	0	0	0	0	0	0	0	0	0	0	0	0	0	0	0	0	0	0	0	0	0	0	0	0	0	0	0	0	0	0	2002	0
FFQ	25	0	0	0	0	0	0	0	0	0	0	0	0	0	0	0	0	0	0	0	0	0	0	0	0	0	0	0	0	0	0	2002	0
FFQ	26	0	0	0	0	0	0	0	0	0	0	0	0	0	0	0	0	0	0	0	0	0	0	0	0	0	0	0	0	0	0	2002	0
FFQ	27	0	0	0	0	0	0	0	0	0	0	0	0	0	0	0	0	0	0	0	0	0	0	0	0	0	0	0	0	0	0	2002	0
FFQ	28	0	0	0	0	0	0	0	0	0	0	0	0	0	0	0	0	0	0	0	0	0	0	0	0	0	0	0	0	0	0	2002	0
FFQ	29	0	0	0	0	0	0	0	0	0	0	0	0	0	0	0	0	0	0	0	0	0	0	0	0	0	0	0	0	0	0	2002	0
FFQ	30	0	0	0	0	0	0	0	0	0	0	0	0	0	0	0	0	0	0	0	0	0	0	0	0	0	0	0	0	0	0	2002	0
FFQ	31	0	0	0	0	0	0	0	0	0	0	0	0	0	0	0	0	0	0	0	0	0	0	0	0	0	0	0	0	0	0	2002	0
FFQ	32	0	0	0	0	0	0	0	0	0	0	0	0	0	0	0	0	0	0	0	0	0	0	0	0	0	0	0	0	0	0	2002	0
FFQ	33	0	0	0	0	0	0	0	0	0	0	0	0	0	0	0	0	0	0	0	0	0	0	0	0	0	0	0	0	0	0	2002	0
FFQ	34	0	0	0	0	0	0	0	0	0	0	0	0	0	0	0	0	0	0	0	0	0	0	0	0	0	0	0	0	0	0	2002	0
FFQ	35	0	0	0	0	0	0	0	0	0	0	0	0	0	0	0	0	0	0	0	0	0	0	0	0	0	0	0	0	0	0	2002	0
FFQ	36	0	0	0	0	0	0	0	0	0	0	0	0	0	0	0	0	0	0	0	0	0	0	0	0	0	0	0	0	0	0	2002	0
FFQ	37	0	0	0	0	0	0	0	0	0	0	0	0	0	0	0	0	0	0	0	0	0	0	0	0	0	0	0	0	0	0	2002	0
FFQ	38	0	0	0	0	0	0	0	0	0	0	0	0	0	0	0	0	0	0	0	0	0	0	0	0	0	0	0	0	0	0	2002	0
FFQ	39	0	0	0	0	0	0	0	0	0	0	0	0	0	0	0	0	0	0	0	0	0	0	0	0	0	0	0	0	0	0	2002	0
FFQ	40	0	0	0	0	0	0	0	0	0	0	0	0	0	0	0	0	0	0	0	0	0	0	0	0	0	0	0	0	0	0	2002	0
FFQ	41	0	0	0	0	0	0	0	0	0	0	0	0	0	0	0	0	0	0	0	0	0	0	0	0	0	0	0	0	0	0	2002	0
FFQ	42	0	0	0	0	0	0	0	0	0	0	0	0	0	0	0	0	0	0	0	0	0	0	0	0	0	0	0	0	0	0	2002	0
FFQ	43	0	0	0	0	0	0	0	0	0	0	0	0	0	0	0	0	0	0	0	0	0	0	0	0	0	0	0	0	0	0	2002	0
FFQ	44	0	0	0	0	0	0	0	0	0	0	0	0	0	0	0	0	0	0	0	0	0	0	0	0	0	0	0	0	0	0	2002	0
FFQ	45	0	0	0	0	0	0	0	0	0	0	0	0	0	0	0	0	0	0	0	0	0	0	0	0	0	0	0	0	0	0	2002	0
FFQ	46	0	0	0	0	0	0	0	0	0	0	0	0	0	0	0	0	0	0	0	0	0	0	0	0	0	0	0	0	0	0	2002	0
FFQ	47	0	0	0	0	0	0	0	0	0	0	0	0	0	0	0	0	0	0	0	0	0	0	0	0	0	0	0	0	0	0	2002	0
FFQ	48	0	0	0	0	0	0	0	0	0	0	0	0	0	0	0	0	0	0	0	0	0	0	0	0	0	0	0	0	0	0	2002	0
FFQ	49	0	0	0	0	0	0	0	0	0	0	0	0	0	0	0	0	0	0	0	0	0	0	0	0	0	0	0	0	0	0	2002	0
FFQ	50	0	0	0	0	0	0	0	0	0	0	0	0	0	0	0	0	0	0	0	0	0	0	0	0	0	0	0	0	0	0	2002	0
FFQ	51	0	0	0	0	0	0	0	0	0	0	0	0	0	0	0	0	0	0	0	0	0	0	0	0	0	0	0	0	0	0	2002	0
FFQ	52	0	0	0	0	0	0	0	0	0	0	0	0	0	0	0	0	0	0	0	0	0	0	0	0	0	0	0	0	0	0	2002	0
FFQ	53	0	0	0	0	0	0	0	0	0	0	0	0	0	0	0	0	0	0	0	0	0	0	0	0	0	0	0	0	0	0	2002	0
FFQ	54	0	0	0	0	0	0	0	0	0	0	0	0	0	0	0	0	0	0	0	0	0	0	0	0	0	0	0	0	0	0	2002	0
FFQ	55	0	0	0	0	0	0	0	0	0	0	0	0	0	0	0	0	0	0	0	0	0	0	0	0	0	0	0	0	0	0	2002	0
FFQ	56	0	0	0	0	0	0	0	0	0	0	0	0	0	0	0	0	0	0	0	0	0	0	0	0	0	0	0	0	0	0	2002	0
FFQ	57	0	0	0	0	0	0	0	0	0	0	0	0	0	0	0	0	0	0	0	0	0	0	0	0	0	0	0	0	0	0	2002	0
FFQ	58	0	0	0	0	0	0	0	0	0	0	0	0	0	0	0	0	0	0	0	0	0	0	0	0	0	0	0	0	0	0	2002	0
FFQ	59	0	0	0	0	0	0	0	0	0	0	0	0	0	0	0	0	0	0	0	0	0	0	0	0	0	0	0	0	0	0	2002	0
FFQ	60	0	0	0	0	0	0	0	0	0	0	0	0	0	0	0	0	0	0	0	0	0	0	0	0	0	0	0	0	0	0	2002	0
FFQ	61	0	0	0	0	0	0	0	0	0	0	0	0	0	0	0	0	0	0	0	0	0	0	0	0	0	0	0	0	0	0	2002	0
FFQ	62	0	0	0	0	0	0	0	0	0	0	0	0	0	0	0	0	0	0	0	0	0	0	0	0	0	0	0	0	0	0	2002	0
FFQ	63	0	0	0	0	0	0	0	0	0	0	0	0	0	0	0	0	0	0	0	0	0	0	0	0	0	0	0	0	0	0	2002	0
FFQ	64	0	0	0	0	0	0	0	0	0	0	0	0	0	0	0	0	0	0	0	0	0	0	0	0	0	0	0	0	0	0	2002	0
FFQ	65	0	0	0	0	0	0	0	0	0	0	0	0	0	0	0	0	0	0	0	0	0	0	0	0	0	0	0	0	0	0	2002	0
FFQ	66	0	0	0	0	0	0	0	0	0	0	0	0	0	0	0	0	0	0	0	0	0	0	0	0	0	0	0	0	0	0	2002	0
FFQ	67	0	0	0	0	0	0	0	0	0	0	0	0	0	0	0	0	0	0	0	0	0	0	0	0	0	0	0	0	0	0	2002	0
FFQ	68	0	0	0	0	0	0	0	0	0	0	0	0	0	0	0	0	0	0	0	0	0	0	0	0	0	0	0	0	0	0	2002	0
FFQ	69	0	0	0	0	0	0	0	0	0	0	0	0	0	0	0	0	0	0	0	0	0	0	0	0	0	0	0	0	0	0	2002	0
FFQ	70	0	0	0	0	0	0	0	0	0	0	0	0	0	0	0	0	0	0	0	0	0	0	0	0	0	0	0	0	0	0	2002	0
FFQ	71	0	0	0	0	0	0	0	0	0	0	0	0	0	0	0	0	0	0	0	0	0	0	0	0	0	0	0	0	0	0	2002	0
FFQ	72	0	0	0	0	0	0	0	0	0	0	0	0	0	0	0	0	0	0	0	0	0	0	0	0	0	0	0	0	0	0	2002	0
FFQ	73	0	0	0	0	0	0	0	0	0	0	0	0	0	0	0	0	0	0	0	0	0	0	0	0	0	0	0	0	0	0	2002	0
FFQ	74	0	0	0	0	0	0	0	0	0	0	0	0	0	0	0	0	0	0	0	0	0	0	0	0	0	0	0	0	0	0	2002	0
FFQ	75	0	0	0	0	0	0	0	0	0	0	0	0	0	0	0	0	0	0	0	0	0	0	0	0	0	0	0	0	0	0	2002	0
FFQ	76	0	0	0	0	0	0	0	0	0	0	0	0	0	0	0	0	0	0	0	0	0	0	0	0	0	0	0	0	0	0	2002	0
FFQ	77	0	0	0	0	0	0	0	0	0	0	0	0	0	0	0	0	0	0	0	0	0	0	0	0	0	0	0	0	0	0	2002	0
FFQ	78	0	0	0	0	0	0	0	0	0	0	0	0	0	0	0	0	0	0	0	0	0	0	0	0	0	0	0	0	0	0	2002	0
FFQ	79	0	0	0	0	0	0	0	0	0	0	0	0	0	0	0	0	0	0	0	0	0	0	0	0	0	0	0	0	0	0	2002	0
FFQ	80	0	0	0	0	0	0	0	0	0	0	0	0	0	0	0	0	0	0	0	0	0	0	0	0	0	0	0	0	0	0	2002	0
FFQ	81	0	0	0	0	0	0	0	0	0	0	0	0	0	0	0	0	0	0	0	0	0	0	0	0	0	0	0	0	0	0	2002	0
FFQ	82	0	0	0	0	0	0	0	0	0	0	0	0	0	0	0	0	0	0	0	0	0	0	0	0	0	0	0	0	0	0	2002	0
FFQ	83	0	0	0	0	0	0	0	0	0	0	0	0	0	0	0	0	0	0	0	0	0	0	0	0	0	0	0	0	0	0	2002	0
FFQ	84	0	0	0	0	0	0	0	0	0	0	0	0	0	0	0	0	0	0	0	0	0	0	0	0	0	0	0	0	0	0	2002	0
FFQ	85	0	0	0	0	0	0	0	0	0	0	0	0	0	0	0	0	0	0	0	0	0	0	0	0	0	0	0	0	0	0	2002	0
FFQ	86	0	0	0	0	0	0	0	0	0	0	0	0	0	0	0	0	0	0	0	0	0	0	0	0	0	0	0	0	0	0	2002	0
FFQ	87	0	0	0	0	0	0	0	0	0	0	0	0	0	0	0	0	0	0	0	0	0	0	0	0	0	0	0	0	0	0	2002	0
FFQ	88	0	0	0	0	0	0	0	0	0	0	0	0	0	0	0	0	0	0	0	0	0	0	0	0	0	0	0	0	0	0	2002	0
FFQ	89	0	0	0	0	0	0	0	0	0	0	0	0	0	0	0	0	0	0	0	0	0	0	0	0	0	0	0	0	0	0	2002	0
FFQ	90	0	0	0	0	0	0	0	0	0	0	0	0	0	0	0	0	0	0	0	0	0	0	0	0	0	0	0	0	0	0	2002	0
FFQ	91	0	0	0	0	0	0	0	0	0	0	0	0	0	0	0	0	0	0	0	0	0	0	0	0	0	0	0	0	0	0	2002	0
FFQ	92	0	0	0	0	0	0	0	0	0	0	0	0	0	0	0	0	0	0	0	0	0	0	0	0	0	0	0	0	0	0	2002	0
FFQ	93	0	0	0	0	0	0	0	0	0	0	0	0	0	0	0	0	0	0	0	0	0	0	0	0	0	0	0	0	0	0	2002	0
FFQ	94	0	0	0	0	0	0	0	0	0	0	0	0	0	0	0	0	0	0	0	0	0	0	0	0	0	0	0	0	0	0	2002	0
FFQ	95	0	0	0	0	0	0	0	0	0	0	0	0	0	0	0	0	0	0	0	0	0	0	0	0	0	0	0	0	0	0	2002	0
FFQ	96	0	0	0	0	0	0	0	0	0	0	0	0	0	0	0	0	0	0	0	0	0	0	0	0	0	0	0	0	0	0	2002	0
FFQ	97	0	0	0	0	0	0	0	0	0	0	0	0	0	0	0	0	0	0	0	0	0	0	0	0	0	0	0	0	0	0	2002	0
FFQ	98	0	0	0	0	0	0	0	0	0	0	0	0	0	0	0	0	0	0	0	0	0	0	0	0	0	0	0	0	0	0	2002	0
FFQ	99	0	0	0	0	0	0	0	0	0	0	0	0	0	0	0	0	0	0	0	0	0	0	0	0	0	0	0	0	0	0	2002	0
FFQ	100	0	0	0	0	0	0	0	0	0	0	0	0	0	0	0	0	0	0	0	0	0	0	0	0	0	0	0	0	0	0	2002	0
FFQ	101	0	0	0	0	0	0	0	0	0	0	0	0	0	0	0	0	0	0	0	0	0	0	0	0	0	0	0	0	0	0	2002	0
FFQ	102	0	0	0	0	0	0	0	0	0	0	0	0	0	0	0	0	0	0	0	0	0	0	0	0	0	0	0	0	0	0	2002	0
FFQ	103	0	0	0	0	0	0	0	0	0	0	0	0	0	0	0	0	0	0	0	0	0	0	0	0	0	0	0	0	0	0	2002	0
FFQ	104	0	0	0	0	0	0	0	0	0	0	0	0	0	0	0	0	0	0	0	0	0	0	0	0	0	0	0	0	0	0	2002	0
FFQ	105	0	0	0	0	0	0	0	0	0	0	0	0	0	0	0	0	0	0	0	0	0	0	0	0	0	0	0	0	0	0	2002	0
FFQ	106	0	0	0	0	0	0	0	0	0	0	0	0	0	0	0	0	0	0	0	0	0	0	0	0	0	0	0	0	0	0	2002	0
FFQ	107	0	0	0	0	0	0	0	0	0	0	0	0	0	0	0	0	0	0	0	0	0	0	0	0	0	0	0	0	0	0	2002	0
FFQ	108	0	0	0	0	0	0	0	0	0	0	0	0	0	0	0	0	0	0	0	0	0	0	0	0	0	0	0	0	0	0	2002	0
FFQ	109	0	0	0	0	0	0	0	0	0	0	0	0	0	0	0	0	0	0	0	0	0	0	0	0	0	0	0	0	0	0	2002	0
FFQ	110	0	0	0	0	0	0	0	0	0	0	0	0	0	0	0	0	0	0	0	0	0	0	0	0	0	0	0	0	0	0	2002	0
FFQ	111	0	0	0	0	0	0	0	0	0	0	0	0	0	0	0	0	0	0	0	0	0	0	0	0	0	0	0	0	0	0	2002	0
FFQ	112	0	0	0	0	0	0	0	0	0	0	0	0	0	0	0	0	0	0	0	0	0	0	0	0	0	0	0	0	0	0	2002	0
FFQ	113	0	0	0	0	0	0	0	0	0	0	0	0	0	0	0	0	0	0	0	0	0	0	0	0	0	0	0	0	0	0	2002	0
FFQ	114	0	0	0	0	0	0	0	0	0	0	0	0	0	0	0	0	0	0	0	0	0	0	0	0	0	0	0	0	0	0	2002	0
FFQ	115	0	0	0	0	0	0	0	0	0	0	0	0	0	0	0	0	0	0	0	0	0	0	0	0	0	0	0	0	0	0	2002	0
FFQ	116	0	0	0	0	0	0	0	0	0	0	0	0	0	0	0	0	0	0	0	0	0	0	0	0	0	0	0	0	0	0	2002	0
FFQ	117	0	0	0	0	0	0	0	0	0	0	0	0	0	0	0	0	0	0	0	0	0	0	0	0	0	0	0	0	0	0	2002	0
FFQ	118	0	0	0	0	0	0	0	0	0	0	0	0	0	0	0	0	0	0	0	0	0	0	0	0	0	0	0	0	0	0	2002	0
FFQ	119	0	0	0	0	0	0	0	0	0	0	0	0	0	0	0	0	0	0	0	0	0	0	0	0	0	0	0	0	0	0	2002	0
FFQ	120	0	0	0	0	0	0	0	0	0	0	0	0	0	0	0	0	0	0	0	0	0	0	0	0	0	0	0	0	0	0	2002	0
FFQ	121	0	0	0	0	0	0	0	0	0	0	0	0	0	0	0	0	0	0	0	0	0	0	0	0	0	0	0	0	0	0	2002	0
FFQ	122	0	0	0	0	0	0	0	0	0	0	0	0	0	0	0	0	0	0	0	0	0	0	0	0	0	0	0	0	0	0	2002	0
FFQ	123	0	0	0	0	0	0	0	0	0	0	0	0	0	0	0	0	0	0	0	0	0	0	0	0	0	0	0	0	0	0	2002	0
FFQ	124	0	0	0	0	0	0	0	0	0	0	0	0	0	0	0	0	0	0	0	0	0	0	0	0	0	0	0	0	0	0	2002	0
FFQ	125	0	0	0	0	0	0	0	0	0	0	0	0	0	0	0	0	0	0	0	0	0	0	0	0	0	0	0	0	0	0	2002	0
FFQ	126	0	0	0	0	0	0	0	0	0	0	0	0	0	0	0	0	0	0	0	0	0	0	0	0	0	0	0	0	0	0	2002	0
FFQ	127	0	0	0	0	0	0	0	0	0	0	0	0	0	0	0	0	0	0	0	0	0	0	0	0	0	0	0	0	0	0	2002	0
FFQ	128	0	0	0	0	0	0	0	0	0	0	0	0	0	0	0	0	0	0	0	0	0	0	0	0	0	0	0	0	0	0	2002	0
FFQ	129	0	0	0	0	0	0	0	0	0	0	0	0	0	0	0	0	0	0	0	0	0	0	0	0	0	0	0	0	0	0	2002	0
FFQ	130	0	0	0	0	0	0	0	0	0	0	0	0	0	0	0	0	0	0	0	0	0	0	0	0	0	0	0	0	0	0	2002	0
FFQ	131	0	0	0	0	0	0	0	0	0	0	0	0	0	0	0	0	0	0	0	0	0	0	0	0	0	0	0	0	0	0	2002	0
FFQ	132	0	0	0	0	0	0	0	0	0	0	0	0	0	0	0	0	0	0	0	0	0	0	0	0	0	0	0	0	0	0	2002	0
FFQ	133	0	0	0	0	0	0	0	0	0	0	0	0	0	0	0	0	0	0	0	0	0	0	0	0	0	0	0	0	0	0	2002	0
FFQ	134	0	0	0	0	0	0	0	0	0	0	0	0	0	0	0	0	0	0	0	0	0	0	0	0	0	0	0	0	0	0	2002	0
FFQ	135	0	0	0	0	0	0	0	0	0	0	0	0	0	0	0	0	0	0	0	0	0	0	0	0	0	0	0	0	0	0	2002	0
FFQ	136	0	0	0	0	0	0	0	0	0	0	0	0	0	0	0	0	0	0	0	0	0	0	0	0	0	0	0	0	0	0	2002	0
FFQ	137	0	0	0	0	0	0	0	0	0	0	0	0	0	0	0	0	0	0	0	0	0	0	0	0	0	0	0	0	0	0	2002	0
FFQ	138	0	0	0	0	0	0	0	0	0	0	0	0	0	0	0	0	0	0	0	0	0	0	0	0	0	0	0	0	0	0	2002	0
FFQ	139	0	0	0	0	0	0	0	0	0	0	0	0	0	0	0	0	0	0	0	0	0	0	0	0	0	0	0	0	0	0	2002	0
FFQ	140	0	0	0	0	0	0	0	0	0	0	0	0	0	0	0	0	0	0	0	0	0	0	0	0	0	0	0	0	0	0	2002	0
FFQ	141	0	0	0	0	0	0	0	0	0	0	0	0	0	0	0	0	0	0	0	0	0	0	0	0	0	0	0	0	0	0	2002	0
FFQ	142	0	0	0	0	0	0	0	0	0	0	0	0	0	0	0	0	0	0	0	0	0	0	0	0	0	0	0	0	0	0	2002	0
FFQ	143	0	0	0	0	0	0	0	0	0	0	0	0	0	0	0	0	0	0	0	0	0	0	0	0	0	0	0	0	0	0	2002	0
FFQ	144	0	0	0	0	0	0	0	0	0	0	0	0	0	0	0	0	0	0	0	0	0	0	0	0	0	0	0	0	0	0	2002	0
FFQ	145	0	0	0	0	0	0	0	0	0	0	0	0	0	0	0	0	0	0	0	0	0	0	0	0	0	0	0	0	0	0	2002	0
FFQ	146	0	0	0	0	0	0	0	0	0	0	0	0	0	0	0	0	0	0	0	0	0	0	0	0	0	0	0	0	0	0	2002	0
FFQ	147	0	0	0	0	0	0	0	0	0	0	0	0	0	0	0	0	0	0	0	0	0	0	0	0	0	0	0	0	0	0	2001	0
FFQ	148	0	0	0	0	0	0	0	0	0	0	0	0	0	0	0	0	0	0	0	0	0	0	0	0	0	0	0	0	0	0	2001	0
FFQ	149	0	0	0	0	0	0	0	0	0	0	0	0	0	0	0	0	0	0	0	0	0	0	0	0	0	0	0	0	0	0	2001	0
FFQ	150	0	0	0	0	0	0	0	0	0	0	0	0	0	0	0	0	0	0	0	0	0	0	0	0	0	0	0	0	0	0	2001	0
# Last Fragment Qualities. Use `grep ^LFQ | cut -f 2-` to extract this part.
# Columns correspond to qualities and rows to cycles. First column is the cycle number.
LFQ	1	0	0	0	0	0	0	0	0	0	0	0	0	0	0	0	0	0	0	0	0	0	0	0	0	0	0	0	0	0	0	2002	0
LFQ	2	0	0	0	0	0	0	0	0	0	0	0	0	0	0	0	0	0	0	0	0	0	0	0	0	0	0	0	0	0	0	2002	0
LFQ	3	0	0	0	0	0	0	0	0	0	0	0	0	0	0	0	0	0	0	0	0	0	0	0	0	0	0	0	0	0	0	2002	0
LFQ	4	0	0	0	0	0	0	0	0	0	0	0	0	0	0	0	0	0	0	0	0	0	0	0	0	0	0	0	0	0	0	2002	0
LFQ	5	0	0	0	0	0	0	0	0	0	0	0	0	0	0	0	0	0	0	0	0	0	0	0	0	0	0	0	0	0	0	2002	0
LFQ	6	0	0	0	0	0	0	0	0	0	0	0	0	0	0	0	0	0	0	0	0	0	0	0	0	0	0	0	0	0	0	2002	0
LFQ	7	0	0	0	0	0	0	0	0	0	0	0	0	0	0	0	0	0	0	0	0	0	0	0	0	0	0	0	0	0	0	2002	0
LFQ	8	0	0	0	0	0	0	0	0	0	0	0	0	0	0	0	0	0	0	0	0	0	0	0	0	0	0	0	0	0	0	2002	0
LFQ	9	0	0	0	0	0	0	0	0	0	0	0	0	0	0	0	0	0	0	0	0	0	0	0	0	0	0	0	0	0	0	2002	0
LFQ	10	0	0	0	0	0	0	0	0	0	0	0	0	0	0	0	0	0	0	0	0	0	0	0	0	0	0	0	0	0	0	2002	0
LFQ	11	0	0	0	0	0	0	0	0	0	0	0	0	0	0	0	0	0	0	0	0	0	0	0	0	0	0	0	0	0	0	2002	0
LFQ	12	0	0	0	0	0	0	0	0	0	0	0	0	0	0	0	0	0	0	0	0	0	0	0	0	0	0	0	0	0	0	2002	0
LFQ	13	0	0	0	0	0	0	0	0	0	0	0	0	0	0	0	0	0	0	0	0	0	0	0	0	0	0	0	0	0	0	2002	0
LFQ	14	0	0	0	0	0	0	0	0	0	0	0	0	0	0	0	0	0	0	0	0	0	0	0	0	0	0	0	0	0	0	2002	0
LFQ	15	0	0	0	0	0	0	0	0	0	0	0	0	0	0	0	0	0	0	0	0	0	0	0	0	0	0	0	0	0	0	2002	0
LFQ	16	0	0	0	0	0	0	0	0	0	0	0	0	0	0	0	0	0	0	0	0	0	0	0	0	0	0	0	0	0	0	2002	0
LFQ	17	0	0	0	0	0	0	0	0	0	0	0	0	0	0	0	0	0	0	0	0	0	0	0	0	0	0	0	0	0	0	2002	0
LFQ	18	0	0	0	0	0	0	0	0	0	0	0	0	0	0	0	0	0	0	0	0	0	0	0	0	0	0	0	0	0	0	2002	0
LFQ	19	0	0	0	0	0	0	0	0	0	0	0	0	0	0	0	0	0	0	0	0	0	0	0	0	0	0	0	0	0	0	2002	0
LFQ	20	0	0	0	0	0	0	0	0	0	0	0	0	0	0	0	0	0	0	0	0	0	0	0	0	0	0	0	0	0	0	2002	0
LFQ	21	0	0	0	0	0	0	0	0	0	0	0	0	0	0	0	0	0	0	0	0	0	0	0	0	0	0	0	0	0	0	2002	0
LFQ	22	0	0	0	0	0	0	0	0	0	0	0	0	0	0	0	0	0	0	0	0	0	0	0	0	0	0	0	0	0	0	2002	0
LFQ	23	0	0	0	0	0	0	0	0	0	0	0	0	0	0	0	0	0	0	0	0	0	0	0	0	0	0	0	0	0	0	2002	0
LFQ	24	0	0	0	0	0	0	0	0	0	0	0	0	0	0	0	0	0	0	0	0	0	0	0	0	0	0	0	0	0	0	2002	0
LFQ	25	0	0	0	0	0	0	0	0	0	0	0	0	0	0	0	0	0	0	0	0	0	0	0	0	0	0	0	0	0	0	2002	0
LFQ	26	0	0	0	0	0	0	0	0	0	0	0	0	0	0	0	0	0	0	0	0	0	0	0	0	0	0	0	0	0	0	2002	0
LFQ	27	0	0	0	0	0	0	0	0	0	0	0	0	0	0	0	0	0	0	0	0	0	0	0	0	0	0	0	0	0	0	2002	0
LFQ	28	0	0	0	0	0	0	0	0	0	0	0	0	0	0	0	0	0	0	0	0	0	0	0	0	0	0	0	0	0	0	2002	0
LFQ	29	0	0	0	0	0	0	0	0	0	0	0	0	0	0	0	0	0	0	0	0	0	0	0	0	0	0	0	0	0	0	2002	0
LFQ	30	0	0	0	0	0	0	0	0	0	0	0	0	0	0	0	0	0	0	0	0	0	0	0	0	0	0	0	0	0	0	2002	0
LFQ	31	0	0	0	0	0	0	0	0	0	0	0	0	0	0	0	0	0	0	0	0	0	0	0	0	0	0	0	0	0	0	2002	0
LFQ	32	0	0	0	0	0	0	0	0	0	0	0	0	0	0	0	0	0	0	0	0	0	0	0	0	0	0	0	0	0	0	2002	0
LFQ	33	0	0	0	0	0	0	0	0	0	0	0	0	0	0	0	0	0	0	0	0	0	0	0	0	0	0	0	0	0	0	2002	0
LFQ	34	0	0	0	0	0	0	0	0	0	0	0	0	0	0	0	0	0	0	0	0	0	0	0	0	0	0	0	0	0	0	2002	0
LFQ	35	0	0	0	0	0	0	0	0	0	0	0	0	0	0	0	0	0	0	0	0	0	0	0	0	0	0	0	0	0	0	2002	0
LFQ	36	0	0	0	0	0	0	0	0	0	0	0	0	0	0	0	0	0	0	0	0	0	0	0	0	0	0	0	0	0	0	2002	0
LFQ	37	0	0	0	0	0	0	0	0	0	0	0	0	0	0	0	0	0	0	0	0	0	0	0	0	0	0	0	0	0	0	2002	0
LFQ	38	0	0	0	0	0	0	0	0	0	0	0	0	0	0	0	0	0	0	0	0	0	0	0	0	0	0	0	0	0	0	2002	0
LFQ	39	0	0	0	0	0	0	0	0	0	0	0	0	0	0	0	0	0	0	0	0	0	0	0	0	0	0	0	0	0	0	2002	0
LFQ	40	0	0	0	0	0	0	0	0	0	0	0	0	0	0	0	0	0	0	0	0	0	0	0	0	0	0	0	0	0	0	2002	0
LFQ	41	0	0	0	0	0	0	0	0	0	0	0	0	0	0	0	0	0	0	0	0	0	0	0	0	0	0	0	0	0	0	2002	0
LFQ	42	0	0	0	0	0	0	0	0	0	0	0	0	0	0	0	0	0	0	0	0	0	0	0	0	0	0	0	0	0	0	2002	0
LFQ	43	0	0	0	0	0	0	0	0	0	0	0	0	0	0	0	0	0	0	0	0	0	0	0	0	0	0	0	0	0	0	2002	0
LFQ	44	0	0	0	0	0	0	0	0	0	0	0	0	0	0	0	0	0	0	0	0	0	0	0	0	0	0	0	0	0	0	2002	0
LFQ	45	0	0	0	0	0	0	0	0	0	0	0	0	0	0	0	0	0	0	0	0	0	0	0	0	0	0	0	0	0	0	2002	0
LFQ	46	0	0	0	0	0	0	0	0	0	0	0	0	0	0	0	0	0	0	0	0	0	0	0	0	0	0	0	0	0	0	2002	0
LFQ	47	0	0	0	0	0	0	0	0	0	0	0	0	0	0	0	0	0	0	0	0	0	0	0	0	0	0	0	0	0	0	2002	0
LFQ	48	0	0	0	0	0	0	0	0	0	0	0	0	0	0	0	0	0	0	0	0	0	0	0	0	0	0	0	0	0	0	2002	0
LFQ	49	0	0	0	0	0	0	0	0	0	0	0	0	0	0	0	0	0	0	0	0	0	0	0	0	0	0	0	0	0	0	2002	0
LFQ	50	0	0	0	0	0	0	0	0	0	0	0	0	0	0	0	0	0	0	0	0	0	0	0	0	0	0	0	0	0	0	2002	0
LFQ	51	0	0	0	0	0	0	0	0	0	0	0	0	0	0	0	0	0	0	0	0	0	0	0	0	0	0	0	0	0	0	2002	0
LFQ	52	0	0	0	0	0	0	0	0	0	0	0	0	0	0	0	0	0	0	0	0	0	0	0	0	0	0	0	0	0	0	2002	0
LFQ	53	0	0	0	0	0	0	0	0	0	0	0	0	0	0	0	0	0	0	0	0	0	0	0	0	0	0	0	0	0	0	2002	0
LFQ	54	0	0	0	0	0	0	0	0	0	0	0	0	0	0	0	0	0	0	0	0	0	0	0	0	0	0	0	0	0	0	2002	0
LFQ	55	0	0	0	0	0	0	0	0	0	0	0	0	0	0	0	0	0	0	0	0	0	0	0	0	0	0	0	0	0	0	2002	0
LFQ	56	0	0	0	0	0	0	0	0	0	0	0	0	0	0	0	0	0	0	0	0	0	0	0	0	0	0	0	0	0	0	2002	0
LFQ	57	0	0	0	0	0	0	0	0	0	0	0	0	0	0	0	0	0	0	0	0	0	0	0	0	0	0	0	0	0	0	2002	0
LFQ	58	0	0	0	0	0	0	0	0	0	0	0	0	0	0	0	0	0	0	0	0	0	0	0	0	0	0	0	0	0	0	2002	0
LFQ	59	0	0	0	0	0	0	0	0	0	0	0	0	0	0	0	0	0	0	0	0	0	0	0	0	0	0	0	0	0	0	2002	0
LFQ	60	0	0	0	0	0	0	0	0	0	0	0	0	0	0	0	0	0	0	0	0	0	0	0	0	0	0	0	0	0	0	2002	0
LFQ	61	0	0	0	0	0	0	0	0	0	0	0	0	0	0	0	0	0	0	0	0	0	0	0	0	0	0	0	0	0	0	2002	0
LFQ	62	0	0	0	0	0	0	0	0	0	0	0	0	0	0	0	0	0	0	0	0	0	0	0	0	0	0	0	0	0	0	2002	0
LFQ	63	0	0	0	0	0	0	0	0	0	0	0	0	0	0	0	0	0	0	0	0	0	0	0	0	0	0	0	0	0	0	2002	0
LFQ	64	0	0	0	0	0	0	0	0	0	0	0	0	0	0	0	0	0	0	0	0	0	0	0	0	0	0	0	0	0	0	2002	0
LFQ	65	0	0	0	0	0	0	0	0	0	0	0	0	0	0	0	0	0	0	0	0	0	0	0	0	0	0	0	0	0	0	2002	0
LFQ	66	0	0	0	0	0	0	0	0	0	0	0	0	0	0	0	0	0	0	0	0	0	0	0	0	0	0	0	0	0	0	2002	0
LFQ	67	0	0	0	0	0	0	0	0	0	0	0	0	0	0	0	0	0	0	0	0	0	0	0	0	0	0	0	0	0	0	2002	0
LFQ	68	0	0	0	0	0	0	0	0	0	0	0	0	0	0	0	0	0	0	0	0	0	0	0	0	0	0	0	0	0	0	2002	0
LFQ	69	0	0	0	0	0	0	0	0	0	0	0	0	0	0	0	0	0	0	0	0	0	0	0	0	0	0	0	0	0	0	2002	0
LFQ	70	0	0	0	0	0	0	0	0	0	0	0	0	0	0	0	0	0	0	0	0	0	0	0	0	0	0	0	0	0	0	2002	0
LFQ	71	0	0	0	0	0	0	0	0	0	0	0	0	0	0	0	0	0	0	0	0	0	0	0	0	0	0	0	0	0	0	2002	0
LFQ	72	0	0	0	0	0	0	0	0	0	0	0	0	0	0	0	0	0	0	0	0	0	0	0	0	0	0	0	0	0	0	2002	0
LFQ	73	0	0	0	0	0	0	0	0	0	0	0	0	0	0	0	0	0	0	0	0	0	0	0	0	0	0	0	0	0	0	2002	0
LFQ	74	0	0	0	0	0	0	0	0	0	0	0	0	0	0	0	0	0	0	0	0	0	0	0	0	0	0	0	0	0	0	2002	0
LFQ	75	0	0	0	0	0	0	0	0	0	0	0	0	0	0	0	0	0	0	0	0	0	0	0	0	0	0	0	0	0	0	2002	0
LFQ	76	0	0	0	0	0	0	0	0	0	0	0	0	0	0	0	0	0	0	0	0	0	0	0	0	0	0	0	0	0	0	2002	0
LFQ	77	0	0	0	0	0	0	0	0	0	0	0	0	0	0	0	0	0	0	0	0	0	0	0	0	0	0	0	0	0	0	2002	0
LFQ	78	0	0	0	0	0	0	0	0	0	0	0	0	0	0	0	0	0	0	0	0	0	0	0	0	0	0	0	0	0	0	2002	0
LFQ	79	0	0	0	0	0	0	0	0	0	0	0	0	0	0	0	0	0	0	0	0	0	0	0	0	0	0	0	0	0	0	2002	0
LFQ	80	0	0	0	0	0	0	0	0	0	0	0	0	0	0	0	0	0	0	0	0	0	0	0	0	0	0	0	0	0	0	2002	0
LFQ	81	0	0	0	0	0	0	0	0	0	0	0	0	0	0	0	0	0	0	0	0	0	0	0	0	0	0	0	0	0	0	2002	0
LFQ	82	0	0	0	0	0	0	0	0	0	0	0	0	0	0	0	0	0	0	0	0	0	0	0	0	0	0	0	0	0	0	2002	0
LFQ	83	0	0	0	0	0	0	0	0	0	0	0	0	0	0	0	0	0	0	0	0	0	0	0	0	0	0	0	0	0	0	2002	0
LFQ	84	0	0	0	0	0	0	0	0	0	0	0	0	0	0	0	0	0	0	0	0	0	0	0	0	0	0	0	0	0	0	2002	0
LFQ	85	0	0	0	0	0	0	0	0	0	0	0	0	0	0	0	0	0	0	0	0	0	0	0	0	0	0	0	0	0	0	2002	0
LFQ	86	0	0	0	0	0	0	0	0	0	0	0	0	0	0	0	0	0	0	0	0	0	0	0	0	0	0	0	0	0	0	2002	0
LFQ	87	0	0	0	0	0	0	0	0	0	0	0	0	0	0	0	0	0	0	0	0	0	0	0	0	0	0	0	0	0	0	2002	0
LFQ	88	0	0	0	0	0	0	0	0	0	0	0	0	0	0	0	0	0	0	0	0	0	0	0	0	0	0	0	0	0	0	2002	0
LFQ	89	0	0	0	0	0	0	0	0	0	0	0	0	0	0	0	0	0	0	0	0	0	0	0	0	0	0	0	0	0	0	2002	0
LFQ	90	0	0	0	0	0	0	0	0	0	0	0	0	0	0	0	0	0	0	0	0	0	0	0	0	0	0	0	0	0	0	2002	0
LFQ	91	0	0	0	0	0	0	0	0	0	0	0	0	0	0	0	0	0	0	0	0	0	0	0	0	0	0	0	0	0	0	2002	0
LFQ	92	0	0	0	0	0	0	0	0	0	0	0	0	0	0	0	0	0	0	0	0	0	0	0	0	0	0	0	0	0	0	2002	0
LFQ	93	0	0	0	0	0	0	0	0	0	0	0	0	0	0	0	0	0	0	0	0	0	0	0	0	0	0	0	0	0	0	2002	0
LFQ	94	0	0	0	0	0	0	0	0	0	0	0	0	0	0	0	0	0	0	0	0	0	0	0	0	0	0	0	0	0	0	2002	0
LFQ	95	0	0	0	0	0	0	0	0	0	0	0	0	0	0	0	0	0	0	0	0	0	0	0	0	0	0	0	0	0	0	2002	0
LFQ	96	0	0	0	0	0	0	0	0	0	0	0	0	0	0	0	0	0	0	0	0	0	0	0	0	0	0	0	0	0	0	2002	0
LFQ	97	0	0	0	0	0	0	0	0	0	0	0	0	0	0	0	0	0	0	0	0	0	0	0	0	0	0	0	0	0	0	2002	0
LFQ	98	0	0	0	0	0	0	0	0	0	0	0	0	0	0	0	0	0	0	0	0	0	0	0	0	0	0	0	0	0	0	2002	0
LFQ	99	0	0	0	0	0	0	0	0	0	0	0	0	0	0	0	0	0	0	0	0	0	0	0	0	0	0	0	0	0	0	2002	0
LFQ	100	0	0	0	0	0	0	0	0	0	0	0	0	0	0	0	0	0	0	0	0	0	0	0	0	0	0	0	0	0	0	2002	0
LFQ	101	0	0	0	0	0	0	0	0	0	0	0	0	0	0	0	0	0	0	0	0	0	0	0	0	0	0	0	0	0	0	2002	0
LFQ	102	0	0	0	0	0	0	0	0	0	0	0	0	0	0	0	0	0	0	0	0	0	0	0	0	0	0	0	0	0	0	2002	0
LFQ	103	0	0	0	0	0	0	0	0	0	0	0	0	0	0	0	0	0	0	0	0	0	0	0	0	0	0	0	0	0	0	2002	0
LFQ	104	0	0	0	0	0	0	0	0	0	0	0	0	0	0	0	0	0	0	0	0	0	0	0	0	0	0	0	0	0	0	2002	0
LFQ	105	0	0	0	0	0	0	0	0	0	0	0	0	0	0	0	0	0	0	0	0	0	0	0	0	0	0	0	0	0	0	2002	0
LFQ	106	0	0	0	0	0	0	0	0	0	0	0	0	0	0	0	0	0	0	0	0	0	0	0	0	0	0	0	0	0	0	2002	0
LFQ	107	0	0	0	0	0	0	0	0	0	0	0	0	0	0	0	0	0	0	0	0	0	0	0	0	0	0	0	0	0	0	2002	0
LFQ	108	0	0	0	0	0	0	0	0	0	0	0	0	0	0	0	0	0	0	0	0	0	0	0	0	0	0	0	0	0	0	2002	0
LFQ	109	0	0	0	0	0	0	0	0	0	0	0	0	0	0	0	0	0	0	0	0	0	0	0	0	0	0	0	0	0	0	2002	0
LFQ	110	0	0	0	0	0	0	0	0	0	0	0	0	0	0	0	0	0	0	0	0	0	0	0	0	0	0	0	0	0	0	2002	0
LFQ	111	0	0	0	0	0	0	0	0	0	0	0	0	0	0	0	0	0	0	0	0	0	0	0	0	0	0	0	0	0	0	2002	0
LFQ	112	0	0	0	0	0	0	0	0	0	0	0	0	0	0	0	0	0	0	0	0	0	0	0	0	0	0	0	0	0	0	2002	0
LFQ	113	0	0	0	0	0	0	0	0	0	0	0	0	0	0	0	0	0	0	0	0	0	0	0	0	0	0	0	0	0	0	2002	0
LFQ	114	0	0	0	0	0	0	0	0	0	0	0	0	0	0	0	0	0	0	0	0	0	0	0	0	0	0	0	0	0	0	2002	0
LFQ	115	0	0	0	0	0	0	0	0	0	0	0	0	0	0	0	0	0	0	0	0	0	0	0	0	0	0	0	0	0	0	2002	0
LFQ	116	0	0	0	0	0	0	0	0	0	0	0	0	0	0	0	0	0	0	0	0	0	0	0	0	0	0	0	0	0	0	2002	0
LFQ	117	0	0	0	0	0	0	0	0	0	0	0	0	0	0	0	0	0	0	0	0	0	0	0	0	0	0	0	0	0	0	2002	0
LFQ	118	0	0	0	0	0	0	0	0	0	0	0	0	0	0	0	0	0	0	0	0	0	0	0	0	0	0	0	0	0	0	2002	0
LFQ	119	0	0	0	0	0	0	0	0	0	0	0	0	0	0	0	0	0	0	0	0	0	0	0	0	0	0	0	0	0	0	2002	0
LFQ	120	0	0	0	0	0	0	0	0	0	0	0	0	0	0	0	0	0	0	0	0	0	0	0	0	0	0	0	0	0	0	2002	0
LFQ	121	0	0	0	0	0	0	0	0	0	0	0	0	0	0	0	0	0	0	0	0	0	0	0	0	0	0	0	0	0	0	2002	0
LFQ	122	0	0	0	0	0	0	0	0	0	0	0	0	0	0	0	0	0	0	0	0	0	0	0	0	0	0	0	0	0	0	2002	0
LFQ	123	0	0	0	0	0	0	0	0	0	0	0	0	0	0	0	0	0	0	0	0	0	0	0	0	0	0	0	0	0	0	2002	0
LFQ	124	0	0	0	0	0	0	0	0	0	0	0	0	0	0	0	0	0	0	0	0	0	0	0	0	0	0	0	0	0	0	2002	0
LFQ	125	0	0	0	0	0	0	0	0	0	0	0	0	0	0	0	0	0	0	0	0	0	0	0	0	0	0	0	0	0	0	2002	0
LFQ	126	0	0	0	0	0	0	0	0	0	0	0	0	0	0	0	0	0	0	0	0	0	0	0	0	0	0	0	0	0	0	2002	0
LFQ	127	0	0	0	0	0	0	0	0	0	0	0	0	0	0	0	0	0	0	0	0	0	0	0	0	0	0	0	0	0	0	2002	0
LFQ	128	0	0	0	0	0	0	0	0	0	0	0	0	0	0	0	0	0	0	0	0	0	0	0	0	0	0	0	0	0	0	2002	0
LFQ	129	0	0	0	0	0	0	0	0	0	0	0	0	0	0	0	0	0	0	0	0	0	0	0	0	0	0	0	0	0	0	2002	0
LFQ	130	0	0	0	0	0	0	0	0	0	0	0	0	0	0	0	0	0	0	0	0	0	0	0	0	0	0	0	0	0	0	2002	0
LFQ	131	0	0	0	0	0	0	0	0	0	0	0	0	0	0	0	0	0	0	0	0	0	0	0	0	0	0	0	0	0	0	2002	0
LFQ	132	0	0	0	0	0	0	0	0	0	0	0	0	0	0	0	0	0	0	0	0	0	0	0	0	0	0	0	0	0	0	2002	0
LFQ	133	0	0	0	0	0	0	0	0	0	0	0	0	0	0	0	0	0	0	0	0	0	0	0	0	0	0	0	0	0	0	2002	0
LFQ	134	0	0	0	0	0	0	0	0	0	0	0	0	0	0	0	0	0	0	0	0	0	0	0	0	0	0	0	0	0	0	2002	0
LFQ	135	0	0	0	0	0	0	0	0	0	0	0	0	0	0	0	0	0	0	0	0	0	0	0	0	0	0	0	0	0	0	2002	0
LFQ	136	0	0	0	0	0	0	0	0	0	0	0	0	0	0	0	0	0	0	0	0	0	0	0	0	0	0	0	0	0	0	2002	0
LFQ	137	0	0	0	0	0	0	0	0	0	0	0	0	0	0	0	0	0	0	0	0	0	0	0	0	0	0	0	0	0	0	2002	0
LFQ	138	0	0	0	0	0	0	0	0	0	0	0	0	0	0	0	0	0	0	0	0	0	0	0	0	0	0	0	0	0	0	2002	0
LFQ	139	0	0	0	0	0	0	0	0	0	0	0	0	0	0	0	0	0	0	0	0	0	0	0	0	0	0	0	0	0	0	2002	0
LFQ	140	0	0	0	0	0	0	0	0	0	0	0	0	0	0	0	0	0	0	0	0	0	0	0	0	0	0	0	0	0	0	2002	0
LFQ	141	0	0	0	0	0	0	0	0	0	0	0	0	0	0	0	0	0	0	0	0	0	0	0	0	0	0	0	0	0	0	2002	0
LFQ	142	0	0	0	0	0	0	0	0	0	0	0	0	0	0	0	0	0	0	0	0	0	0	0	0	0	0	0	0	0	0	2002	0
LFQ	143	0	0	0	0	0	0	0	0	0	0	0	0	0	0	0	0	0	0	0	0	0	0	0	0	0	0	0	0	0	0	2002	0
LFQ	144	0	0	0	0	0	0	0	0	0	0	0	0	0	0	0	0	0	0	0	0	0	0	0	0	0	0	0	0	0	0	2002	0
LFQ	145	0	0	0	0	0	0	0	0	0	0	0	0	0	0	0	0	0	0	0	0	0	0	0	0	0	0	0	0	0	0	2001	0
LFQ	146	0	0	0	0	0	0	0	0	0	0	0	0	0	0	0	0	0	0	0	0	0	0	0	0	0	0	0	0	0	0	2001	0
LFQ	147	0	0	0	0	0	0	0	0	0	0	0	0	0	0	0	0	0	0	0	0	0	0	0	0	0	0	0	0	0	0	2001	0
LFQ	148	0	0	0	0	0	0	0	0	0	0	0	0	0	0	0	0	0	0	0	0	0	0	0	0	0	0	0	0	0	0	2001	0
LFQ	149	0	0	0	0	0	0	0	0	0	0	0	0	0	0	0	0	0	0	0	0	0	0	0	0	0	0	0	0	0	0	2001	0
LFQ	150	0	0	0	0	0	0	0	0	0	0	0	0	0	0	0	0	0	0	0	0	0	0	0	0	0	0	0	0	0	0	2000	0
# GC Content of first fragments. Use `grep ^GCF | cut -f 2-` to extract this part.
GCF	6.53	0
GCF	13.32	1
GCF	14.57	0
GCF	16.08	1
GCF	17.84	0
GCF	19.35	4
GCF	20.10	3
GCF	20.85	2
GCF	22.11	6
GCF	23.37	10
GCF	24.12	8
GCF	24.87	5
GCF	25.38	10
GCF	26.13	14
GCF	26.88	21
GCF	27.39	31
GCF	28.14	36
GCF	28.89	37
GCF	29.40	39
GCF	30.15	38
GCF	30.90	37
GCF	31.41	47
GCF	31.91	37
GCF	32.41	36
GCF	32.91	51
GCF	33.42	57
GCF	33.92	56
GCF	34.67	76
GCF	35.43	70
GCF	35.93	86
GCF	36.68	76
GCF	37.44	73
GCF	37.94	71
GCF	38.69	61
GCF	39.45	64
GCF	39.95	69
GCF	40.70	58
GCF	41.46	66
GCF	41.96	68
GCF	42.71	63
GCF	43.47	62
GCF	43.97	44
GCF	44.72	52
GCF	45.48	43
GCF	45.98	44
GCF	46.73	41
GCF	47.74	36
GCF	48.74	24
GCF	49.50	22
GCF	50.00	26
GCF	50.75	23
GCF	51.51	11
GCF	52.01	8
GCF	52.76	10
GCF	53.52	7
GCF	54.02	13
GCF	54.77	4
GCF	55.53	2
GCF	56.03	4
GCF	56.78	0
GCF	57.54	5
GCF	58.04	2
GCF	58.79	6
GCF	59.80	3
GCF	61.06	1
GCF	62.81	0
GCF	64.07	1
GCF	65.08	0
GCF	66.08	1
GCF	66.58	2
GCF	67.34	1
GCF	68.09	0
GCF	68.59	1
# GC Content of last fragments. Use `grep ^GCL | cut -f 2-` to extract this part.
GCL	6.78	0
GCL	14.07	1
GCL	14.82	0
GCL	15.33	1
GCL	16.33	0
GCL	17.34	2
GCL	18.09	0
GCL	18.84	1
GCL	19.35	7
GCL	20.10	2
GCL	21.11	3
GCL	22.11	5
GCL	22.86	10
GCL	23.37	4
GCL	24.12	11
GCL	24.87	9
GCL	25.38	15
GCL	26.13	19
GCL	26.88	13
GCL	27.39	22
GCL	28.14	27
GCL	28.89	36
GCL	29.40	31
GCL	30.15	45
GCL	30.90	38
GCL	31.41	39
GCL	32.16	43
GCL	32.91	53
GCL	33.42	65
GCL	33.92	58
GCL	34.67	85
GCL	35.43	78
GCL	35.93	74
GCL	36.68	88
GCL	37.44	66
GCL	37.94	74
GCL	38.69	68
GCL	39.45	81
GCL	39.95	68
GCL	40.70	72
GCL	41.46	64
GCL	41.96	69
GCL	42.71	49
GCL	43.47	60
GCL	43.97	36
GCL	44.72	52
GCL	45.48	43
GCL	45.98	47
GCL	46.73	38
GCL	47.49	30
GCL	47.99	27
GCL	48.74	20
GCL	49.50	10
GCL	50.00	20
GCL	50.75	16
GCL	51.51	17
GCL	52.01	19
GCL	52.76	8
GCL	53.77	9
GCL	54.77	7
GCL	55.78	3
GCL	56.78	6
GCL	57.54	2
GCL	58.04	7
GCL	59.05	1
GCL	60.05	2
GCL	61.81	0
GCL	63.57	1
GCL	64.07	0
GCL	65.33	1
GCL	66.58	2
GCL	67.59	0
GCL	69.35	1
GCL	70.60	0
GCL	71.36	1
# ACGT content per cycle. Use `grep ^GCC | cut -f 2-` to extract this part. The columns are: cycle; A,C,G,T base counts as a percentage of all A/C/G/T bases [%]; and N and O counts as a percentage of all A/C/G/T bases [%]
GCC	1	29.72	18.88	20.15	31.24	0.00	0.00
GCC	2	30.99	18.41	19.31	31.29	0.00	0.00
GCC	3	31.07	18.76	18.73	31.44	0.00	0.00
GCC	4	30.99	19.73	18.88	30.39	0.00	0.00
GCC	5	31.32	20.10	18.21	30.37	0.00	0.00
GCC	6	30.34	19.98	18.88	30.79	0.00	0.00
GCC	7	29.77	19.88	18.43	31.92	0.00	0.00
GCC	8	31.32	17.93	19.38	31.37	0.00	0.00
GCC	9	30.67	20.00	18.91	30.42	0.00	0.00
GCC	10	31.07	20.60	18.36	29.97	0.00	0.00
GCC	11	30.89	19.28	18.18	31.64	0.00	0.00
GCC	12	29.92	20.18	19.43	30.47	0.00	0.00
GCC	13	29.60	19.93	19.38	31.09	0.00	0.00
GCC	14	31.47	18.06	18.73	31.74	0.00	0.00
GCC	15	30.54	19.21	18.93	31.32	0.00	0.00
GCC	16	30.09	20.55	18.51	30.84	0.00	0.00
GCC	17	30.92	20.13	18.03	30.92	0.00	0.00
GCC	18	30.64	19.18	19.86	30.32	0.00	0.00
GCC	19	30.64	18.73	18.63	31.99	0.00	0.00
GCC	20	30.87	18.58	18.98	31.57	0.00	0.00
GCC	21	29.92	20.78	17.86	31.44	0.00	0.00
GCC	22	30.79	19.76	18.61	30.84	0.00	0.00
GCC	23	31.17	19.81	19.13	29.90	0.00	0.00
GCC	24	29.85	20.58	18.96	30.62	0.00	0.00
GCC	25	32.89	18.83	18.21	30.07	0.00	0.00
GCC	26	32.77	19.16	18.16	29.92	0.00	0.00
GCC	27	31.69	19.81	18.01	30.49	0.00	0.00
GCC	28	31.92	20.28	19.31	28.50	0.00	0.00
GCC	29	30.19	20.28	18.66	30.87	0.00	0.00
GCC	30	30.74	19.16	19.41	30.69	0.00	0.00
GCC	31	30.39	19.78	18.61	31.22	0.00	0.00
GCC	32	30.49	20.23	18.46	30.82	0.00	0.00
GCC	33	30.52	18.78	20.13	30.57	0.00	0.00
GCC	34	31.09	19.91	19.76	29.25	0.00	0.00
GCC	35	32.02	19.21	18.73	30.04	0.00	0.00
GCC	36	30.14	20.00	19.16	30.69	0.00	0.00
GCC	37	29.72	19.81	18.46	32.02	0.00	0.00
GCC	38	31.17	20.83	17.31	30.69	0.00	0.00
GCC	39	30.47	19.93	18.63	30.97	0.00	0.00
GCC	40	30.64	21.45	17.56	30.34	0.00	0.00
GCC	41	30.17	20.23	18.81	30.79	0.00	0.00
GCC	42	30.67	19.66	18.66	31.02	0.00	0.00
GCC	43	30.69	20.13	17.76	31.42	0.00	0.00
GCC	44	30.42	20.58	18.03	30.97	0.00	0.00
GCC	45	30.24	20.25	18.68	30.82	0.00	0.00
GCC	46	30.14	19.61	18.63	31.62	0.00	0.00
GCC	47	29.67	19.81	18.76	31.77	0.00	0.00
GCC	48	30.47	19.96	18.98	30.59	0.00	0.00
GCC	49	31.09	19.53	18.93	30.44	0.00	0.00
GCC	50	29.32	20.00	19.43	31.24	0.00	0.00
GCC	51	29.95	20.05	18.81	31.19	0.00	0.00
GCC	52	29.47	20.08	18.83	31.62	0.00	0.00
GCC	53	29.87	20.23	18.48	31.42	0.00	0.00
GCC	54	29.97	19.11	19.43	31.49	0.00	0.00
GCC	55	29.92	19.93	17.88	32.27	0.00	0.00
GCC	56	30.89	19.91	18.61	30.59	0.00	0.00
GCC	57	32.47	19.41	18.31	29.82	0.00	0.00
GCC	58	29.22	21.33	17.81	31.64	0.00	0.00
GCC	59	29.50	19.96	18.78	31.77	0.00	0.00
GCC	60	30.12	20.33	18.98	30.57	0.00	0.00
GCC	61	30.97	19.88	17.81	31.34	0.00	0.00
GCC	62	30.92	19.86	18.31	30.92	0.00	0.00
GCC	63	29.42	20.48	18.71	31.39	0.00	0.00
GCC	64	31.24	19.61	18.38	30.77	0.00	0.00
GCC	65	31.72	19.03	18.66	30.59	0.00	0.00
GCC	66	30.37	19.53	18.08	32.02	0.00	0.00
GCC	67	31.27	20.18	18.03	30.52	0.00	0.00
GCC	68	31.82	19.28	17.88	31.02	0.00	0.00
GCC	69	30.29	20.25	18.03	31.42	0.00	0.00
GCC	70	31.14	19.58	18.36	30.92	0.00	0.00
GCC	71	29.75	19.53	19.33	31.39	0.00	0.00
GCC	72	30.47	20.35	17.98	31.19	0.00	0.00
GCC	73	30.79	19.91	18.13	31.17	0.00	0.00
GCC	74	31.92	19.01	18.08	30.99	0.00	0.00
GCC	75	31.29	19.33	19.08	30.29	0.00	0.00
GCC	76	29.47	20.80	19.01	30.72	0.00	0.00
GCC	77	30.52	19.51	19.38	30.59	0.00	0.00
GCC	78	31.07	19.56	18.38	30.99	0.00	0.00
GCC	79	30.67	19.43	18.58	31.32	0.00	0.00
GCC	80	29.57	19.36	18.78	32.29	0.00	0.00
GCC	81	30.27	19.28	19.41	31.04	0.00	0.00
GCC	82	30.67	21.05	19.01	29.27	0.00	0.00
GCC	83	30.72	19.46	18.31	31.52	0.00	0.00
GCC	84	29.80	19.88	18.46	31.87	0.00	0.00
GCC	85	30.54	19.61	19.01	30.84	0.00	0.00
GCC	86	29.52	20.40	19.38	30.69	0.00	0.00
GCC	87	32.34	19.71	18.61	29.35	0.00	0.00
GCC	88	31.04	20.68	19.13	29.15	0.00	0.00
GCC	89	32.44	18.78	18.48	30.29	0.00	0.00
GCC	90	30.00	20.35	18.53	31.12	0.00	0.00
GCC	91	32.37	19.16	18.18	30.29	0.00	0.00
GCC	92	31.27	20.43	19.26	29.05	0.00	0.00
GCC	93	31.02	19.98	19.06	29.95	0.00	0.00
GCC	94	28.72	20.53	19.96	30.79	0.00	0.00
GCC	95	30.67	18.63	19.46	31.24	0.00	0.00
GCC	96	31.29	19.56	18.61	30.54	0.00	0.00
GCC	97	30.94	19.76	19.13	30.17	0.00	0.00
GCC	98	29.82	20.53	18.73	30.92	0.00	0.00
GCC	99	31.89	19.63	18.63	29.85	0.00	0.00
GCC	100	30.57	20.20	18.48	30.74	0.00	0.00
GCC	101	31.14	18.98	19.08	30.79	0.00	0.00
GCC	102	30.67	20.00	19.08	30.24	0.00	0.00
GCC	103	31.67	19.13	18.68	30.52	0.00	0.00
GCC	104	30.67	19.06	18.63	31.64	0.00	0.00
GCC	105	31.24	20.10	18.76	29.90	0.00	0.00
GCC	106	29.52	20.30	18.91	31.27	0.00	0.00
GCC	107	30.62	19.36	18.51	31.52	0.00	0.00
GCC	108	30.99	19.01	18.96	31.04	0.00	0.00
GCC	109	31.39	20.00	18.98	29.62	0.00	0.00
GCC	110	30.02	20.95	18.11	30.92	0.00	0.00
GCC	111	30.87	19.06	19.36	30.72	0.00	0.00
GCC	112	32.24	18.88	18.73	30.14	0.00	0.00
GCC	113	31.92	19.28	18.43	30.37	0.00	0.00
GCC	114	29.65	19.68	18.76	31.92	0.00	0.00
GCC	115	30.77	19.46	19.36	30.42	0.00	0.00
GCC	116	30.62	19.26	18.76	31.37	0.00	0.00
GCC	117	30.72	20.48	18.98	29.82	0.00	0.00
GCC	118	30.57	20.68	18.03	30.72	0.00	0.00
GCC	119	31.22	20.00	17.96	30.82	0.00	0.00
GCC	120	30.47	19.38	19.56	30.59	0.00	0.00
GCC	121	32.07	19.88	18.43	29.62	0.00	0.00
GCC	122	30.74	19.98	19.31	29.97	0.00	0.00
GCC	123	31.82	19.41	19.23	29.55	0.00	0.00
GCC	124	31.47	18.71	17.28	32.54	0.00	0.00
GCC	125	30.22	20.80	18.71	30.27	0.00	0.00
GCC	126	30.57	20.20	18.93	30.29	0.00	0.00
GCC	127	29.57	19.06	19.26	32.12	0.00	0.00
GCC	128	30.34	20.28	18.41	30.97	0.00	0.00
GCC	129	30.57	19.76	18.53	31.14	0.00	0.00
GCC	130	31.64	19.41	18.43	30.52	0.00	0.00
GCC	131	31.99	19.86	18.61	29.55	0.00	0.00
GCC	132	31.47	18.91	18.71	30.92	0.00	0.00
GCC	133	30.77	20.78	18.56	29.90	0.00	0.00
GCC	134	31.02	19.38	18.88	30.72	0.00	0.00
GCC	135	30.67	20.78	19.46	29.10	0.00	0.00
GCC	136	31.84	19.56	18.36	30.24	0.00	0.00
GCC	137	31.62	19.16	18.91	30.32	0.00	0.00
GCC	138	30.57	19.26	19.03	31.14	0.00	0.00
GCC	139	30.92	19.41	19.11	30.57	0.00	0.00
GCC	140	31.44	19.08	18.98	30.49	0.00	0.00
GCC	141	30.69	20.58	18.78	29.95	0.00	0.00
GCC	142	30.94	18.36	19.83	30.87	0.00	0.00
GCC	143	31.57	20.08	18.88	29.47	0.00	0.00
GCC	144	32.22	18.28	18.48	31.02	0.00	0.00
GCC	145	31.30	19.96	18.36	30.38	0.00	0.00
GCC	146	30.60	20.03	18.81	30.55	0.00	0.00
GCC	147	30.23	20.79	18.87	30.11	0.00	0.00
GCC	148	31.48	19.12	18.74	30.66	0.00	0.00
GCC	149	30.88	20.79	18.12	30.21	0.00	0.00
GCC	150	30.62	19.85	19.35	30.19	0.00	0.00
# ACGT content per cycle, read oriented. Use `grep ^GCT | cut -f 2-` to extract this part. The columns are: cycle; A,C,G,T base counts as a percentage of all A/C/G/T bases [%]
GCT	1	31.22	20.08	18.96	29.75
GCT	2	30.94	19.16	18.56	31.34
GCT	3	30.84	18.43	19.06	31.67
GCT	4	30.62	19.61	19.01	30.77
GCT	5	29.80	19.23	19.08	31.89
GCT	6	29.82	19.61	19.26	31.32
GCT	7	30.72	20.23	18.08	30.97
GCT	8	31.27	18.03	19.28	31.42
GCT	9	29.87	19.31	19.61	31.22
GCT	10	30.37	19.06	19.91	30.67
GCT	11	30.62	18.71	18.76	31.92
GCT	12	30.04	19.56	20.05	30.34
GCT	13	30.34	20.38	18.93	30.34
GCT	14	32.64	18.13	18.66	30.57
GCT	15	31.47	19.13	19.01	30.39
GCT	16	30.77	20.38	18.68	30.17
GCT	17	31.57	19.13	19.03	30.27
GCT	18	30.27	19.31	19.73	30.69
GCT	19	30.87	19.06	18.31	31.77
GCT	20	30.47	19.38	18.18	31.97
GCT	21	30.29	19.86	18.78	31.07
GCT	22	30.97	19.43	18.93	30.67
GCT	23	29.52	20.35	18.58	31.54
GCT	24	30.47	19.61	19.93	30.00
GCT	25	32.47	18.31	18.73	30.49
GCT	26	30.79	18.93	18.38	31.89
GCT	27	31.14	19.26	18.56	31.04
GCT	28	30.54	20.15	19.43	29.87
GCT	29	30.07	19.46	19.48	30.99
GCT	30	31.19	19.06	19.51	30.24
GCT	31	31.49	18.83	19.56	30.12
GCT	32	31.82	19.21	19.48	29.50
GCT	33	29.92	20.38	18.53	31.17
GCT	34	29.65	20.10	19.56	30.69
GCT	35	30.00	19.18	18.76	32.07
GCT	36	31.49	21.75	17.41	29.35
GCT	37	31.17	19.91	18.36	30.57
GCT	38	30.04	18.56	19.58	31.82
GCT	39	31.49	19.81	18.76	29.95
GCT	40	30.37	18.38	20.63	30.62
GCT	41	31.02	19.13	19.91	29.95
GCT	42	30.89	19.28	19.03	30.79
GCT	43	31.67	18.11	19.78	30.44
GCT	44	31.29	19.26	19.36	30.09
GCT	45	30.24	19.51	19.43	30.82
GCT	46	30.74	18.26	19.98	31.02
GCT	47	30.74	19.53	19.03	30.69
GCT	48	31.09	20.33	18.61	29.97
GCT	49	30.54	19.28	19.18	30.99
GCT	50	30.49	20.03	19.41	30.07
GCT	51	30.77	19.68	19.18	30.37
GCT	52	31.12	19.43	19.48	29.97
GCT	53	30.89	19.46	19.26	30.39
GCT	54	30.79	18.73	19.81	30.67
GCT	55	29.87	18.88	18.93	32.32
GCT	56	31.59	19.71	18.81	29.90
GCT	57	29.40	18.58	19.13	32.89
GCT	58	31.59	19.41	19.73	29.27
GCT	59	30.32	19.43	19.31	30.94
GCT	60	30.04	19.31	20.00	30.64
GCT	61	30.32	18.13	19.56	31.99
GCT	62	31.57	19.46	18.71	30.27
GCT	63	30.52	19.48	19.71	30.29
GCT	64	30.29	18.71	19.28	31.72
GCT	65	30.92	18.88	18.81	31.39
GCT	66	30.07	18.68	18.93	32.32
GCT	67	31.37	19.23	18.98	30.42
GCT	68	31.29	18.46	18.71	31.54
GCT	69	30.69	19.11	19.18	31.02
GCT	70	30.74	19.48	18.46	31.32
GCT	71	30.52	20.05	18.81	30.62
GCT	72	30.69	19.23	19.11	30.97
GCT	73	30.62	18.88	19.16	31.34
GCT	74	30.89	18.63	18.46	32.02
GCT	75	30.67	18.51	19.91	30.92
GCT	76	29.85	19.73	20.08	30.34
GCT	77	30.94	18.98	19.91	30.17
GCT	78	30.09	18.98	18.96	31.97
GCT	79	30.29	19.56	18.46	31.69
GCT	80	32.24	18.93	19.21	29.62
GCT	81	30.54	19.56	19.13	30.77
GCT	82	29.82	20.45	19.61	30.12
GCT	83	31.22	19.16	18.61	31.02
GCT	84	31.74	19.53	18.81	29.92
GCT	85	30.02	19.93	18.68	31.37
GCT	86	29.30	19.58	20.20	30.92
GCT	87	31.54	19.16	19.16	30.14
GCT	88	30.12	20.00	19.81	30.07
GCT	89	32.59	18.88	18.38	30.14
GCT	90	31.87	19.63	19.26	29.25
GCT	91	31.24	18.73	18.61	31.42
GCT	92	31.79	20.15	19.53	28.52
GCT	93	30.79	18.96	20.08	30.17
GCT	94	29.47	20.53	19.96	30.04
GCT	95	30.97	19.48	18.61	30.94
GCT	96	31.72	20.33	17.83	30.12
GCT	97	31.09	19.66	19.23	30.02
GCT	98	30.97	20.28	18.98	29.77
GCT	99	30.62	19.56	18.71	31.12
GCT	100	30.39	20.23	18.46	30.92
GCT	101	30.77	19.01	19.06	31.17
GCT	102	30.04	20.18	18.91	30.87
GCT	103	31.62	19.63	18.18	30.57
GCT	104	31.77	18.96	18.73	30.54
GCT	105	30.62	19.33	19.53	30.52
GCT	106	30.39	19.63	19.58	30.39
GCT	107	31.57	19.56	18.31	30.57
GCT	108	32.37	19.23	18.73	29.67
GCT	109	29.87	19.13	19.86	31.14
GCT	110	30.22	19.91	19.16	30.72
GCT	111	30.97	19.76	18.66	30.62
GCT	112	31.09	18.43	19.18	31.29
GCT	113	29.87	18.88	18.83	32.42
GCT	114	30.32	18.76	19.68	31.24
GCT	115	30.82	19.36	19.46	30.37
GCT	116	30.94	19.48	18.53	31.04
GCT	117	32.12	20.63	18.83	28.42
GCT	118	31.59	19.86	18.86	29.70
GCT	119	32.22	18.81	19.16	29.82
GCT	120	30.74	20.40	18.53	30.32
GCT	121	30.99	19.26	19.06	30.69
GCT	122	31.09	20.03	19.26	29.62
GCT	123	31.99	19.73	18.91	29.37
GCT	124	32.97	18.26	17.73	31.04
GCT	125	29.25	20.13	19.38	31.24
GCT	126	29.47	19.71	19.43	31.39
GCT	127	31.07	19.26	19.06	30.62
GCT	128	30.82	19.96	18.73	30.49
GCT	129	31.64	19.98	18.31	30.07
GCT	130	31.67	19.98	17.86	30.49
GCT	131	30.82	19.73	18.73	30.72
GCT	132	31.32	19.31	18.31	31.07
GCT	133	30.54	20.60	18.73	30.12
GCT	134	30.47	18.83	19.43	31.27
GCT	135	29.22	20.38	19.86	30.54
GCT	136	32.14	20.30	17.61	29.95
GCT	137	32.04	19.23	18.83	29.90
GCT	138	30.82	18.96	19.33	30.89
GCT	139	31.02	19.16	19.36	30.47
GCT	140	31.94	18.73	19.33	30.00
GCT	141	30.07	19.06	20.30	30.57
GCT	142	30.87	19.08	19.11	30.94
GCT	143	30.29	19.26	19.71	30.74
GCT	144	31.44	19.16	17.61	31.79
GCT	145	30.60	19.44	18.89	31.08
GCT	146	29.88	19.29	19.56	31.28
GCT	147	31.26	19.69	19.97	29.09
GCT	148	31.53	19.39	18.47	30.61
GCT	149	31.23	19.52	19.39	29.86
GCT	150	30.84	19.27	19.92	29.97
# ACGT content per cycle for first fragments. Use `grep ^FBC | cut -f 2-` to extract this part. The columns are: cycle; A,C,G,T base counts as a percentage of all A/C/G/T bases [%]; and N and O counts as a percentage of all A/C/G/T bases [%]
FBC	1	29.32	19.68	20.33	30.67	0.00	0.00
FBC	2	31.22	18.23	19.68	30.87	0.00	0.00
FBC	3	30.57	18.88	19.03	31.52	0.00	0.00
FBC	4	31.62	19.18	18.48	30.72	0.00	0.00
FBC	5	31.72	19.53	19.03	29.72	0.00	0.00
FBC	6	29.17	20.63	18.88	31.32	0.00	0.00
FBC	7	29.37	19.73	18.48	32.42	0.00	0.00
FBC	8	31.87	19.18	18.03	30.92	0.00	0.00
FBC	9	31.37	19.48	18.03	31.12	0.00	0.00
FBC	10	30.17	20.63	18.58	30.62	0.00	0.00
FBC	11	29.67	19.63	18.53	32.17	0.00	0.00
FBC	12	28.87	20.68	19.23	31.22	0.00	0.00
FBC	13	30.47	21.13	18.13	30.27	0.00	0.00
FBC	14	33.52	18.28	17.63	30.57	0.00	0.00
FBC	15	31.47	18.63	19.08	30.82	0.00	0.00
FBC	16	29.87	20.28	20.08	29.77	0.00	0.00
FBC	17	30.47	19.88	18.28	31.37	0.00	0.00
FBC	18	31.92	18.03	19.63	30.42	0.00	0.00
FBC	19	31.72	18.88	18.58	30.82	0.00	0.00
FBC	20	32.27	18.93	18.23	30.57	0.00	0.00
FBC	21	30.07	20.98	17.78	31.17	0.00	0.00
FBC	22	30.87	20.03	18.68	30.42	0.00	0.00
FBC	23	30.87	20.38	19.48	29.27	0.00	0.00
FBC	24	29.82	21.28	19.43	29.47	0.00	0.00
FBC	25	32.77	17.88	18.38	30.97	0.00	0.00
FBC	26	33.12	18.63	17.73	30.52	0.00	0.00
FBC	27	32.62	19.63	17.13	30.62	0.00	0.00
FBC	28	32.27	19.33	18.73	29.67	0.00	0.00
FBC	29	29.97	20.68	18.88	30.47	0.00	0.00
FBC	30	29.92	19.83	18.93	31.32	0.00	0.00
FBC	31	29.27	20.03	18.38	32.32	0.00	0.00
FBC	32	28.12	20.83	19.83	31.22	0.00	0.00
FBC	33	31.07	18.98	20.08	29.87	0.00	0.00
FBC	34	30.82	20.88	20.18	28.12	0.00	0.00
FBC	35	31.82	18.83	18.73	30.62	0.00	0.00
FBC	36	30.32	20.83	18.53	30.32	0.00	0.00
FBC	37	31.42	18.93	17.83	31.82	0.00	0.00
FBC	38	31.17	20.63	17.43	30.77	0.00	0.00
FBC	39	30.87	19.88	17.33	31.92	0.00	0.00
FBC	40	30.57	20.88	18.18	30.37	0.00	0.00
FBC	41	30.57	20.63	18.08	30.72	0.00	0.00
FBC	42	30.77	20.38	18.98	29.87	0.00	0.00
FBC	43	30.22	20.23	18.23	31.32	0.00	0.00
FBC	44	30.32	20.23	18.38	31.07	0.00	0.00
FBC	45	32.07	20.48	18.13	29.32	0.00	0.00
FBC	46	30.17	19.63	19.28	30.92	0.00	0.00
FBC	47	29.57	19.83	19.18	31.42	0.00	0.00
FBC	48	30.57	19.98	19.28	30.17	0.00	0.00
FBC	49	31.37	19.38	19.38	29.87	0.00	0.00
FBC	50	29.47	20.48	18.63	31.42	0.00	0.00
FBC	51	29.97	19.58	18.43	32.02	0.00	0.00
FBC	52	28.52	20.48	19.43	31.57	0.00	0.00
FBC	53	29.82	19.73	17.58	32.87	0.00	0.00
FBC	54	28.62	19.38	20.08	31.92	0.00	0.00
FBC	55	30.52	19.63	18.88	30.97	0.00	0.00
FBC	56	31.17	20.88	18.48	29.47	0.00	0.00
FBC	57	32.62	19.73	18.18	29.47	0.00	0.00
FBC	58	30.72	21.68	16.43	31.17	0.00	0.00
FBC	59	29.32	19.88	19.38	31.42	0.00	0.00
FBC	60	31.17	20.13	18.78	29.92	0.00	0.00
FBC	61	30.87	19.38	18.58	31.17	0.00	0.00
FBC	62	30.42	19.48	18.58	31.52	0.00	0.00
FBC	63	29.12	21.38	18.08	31.42	0.00	0.00
FBC	64	32.77	20.13	17.88	29.22	0.00	0.00
FBC	65	31.02	19.63	18.53	30.82	0.00	0.00
FBC	66	30.42	19.93	17.28	32.37	0.00	0.00
FBC	67	32.72	20.53	17.73	29.02	0.00	0.00
FBC	68	32.12	19.03	18.23	30.62	0.00	0.00
FBC	69	30.57	20.38	16.78	32.27	0.00	0.00
FBC	70	29.87	19.93	18.33	31.87	0.00	0.00
FBC	71	29.07	19.48	19.68	31.77	0.00	0.00
FBC	72	30.57	20.93	17.38	31.12	0.00	0.00
FBC	73	31.37	19.88	18.58	30.17	0.00	0.00
FBC	74	31.47	18.53	18.28	31.72	0.00	0.00
FBC	75	32.07	19.78	18.98	29.17	0.00	0.00
FBC	76	29.02	20.88	19.23	30.87	0.00	0.00
FBC	77	30.77	17.83	19.73	31.67	0.00	0.00
FBC	78	30.57	20.23	18.83	30.37	0.00	0.00
FBC	79	30.37	18.23	19.28	32.12	0.00	0.00
FBC	80	29.67	18.83	19.43	32.07	0.00	0.00
FBC	81	30.67	18.53	19.28	31.52	0.00	0.00
FBC	82	30.72	20.88	19.33	29.07	0.00	0.00
FBC	83	29.62	17.78	19.38	33.22	0.00	0.00
FBC	84	29.62	19.28	18.78	32.32	0.00	0.00
FBC	85	31.37	18.73	19.28	30.62	0.00	0.00
FBC	86	29.72	20.48	19.13	30.67	0.00	0.00
FBC	87	32.52	20.08	18.28	29.12	0.00	0.00
FBC	88	30.82	20.98	19.53	28.67	0.00	0.00
FBC	89	32.32	18.93	18.98	29.77	0.00	0.00
FBC	90	30.37	20.23	17.98	31.42	0.00	0.00
FBC	91	32.02	19.08	19.13	29.77	0.00	0.00
FBC	92	31.27	20.03	18.78	29.92	0.00	0.00
FBC	93	30.92	19.78	19.28	30.02	0.00	0.00
FBC	94	28.02	21.03	20.53	30.42	0.00	0.00
FBC	95	31.32	18.18	18.58	31.92	0.00	0.00
FBC	96	31.07	19.58	18.38	30.97	0.00	0.00
FBC	97	31.57	20.33	18.33	29.77	0.00	0.00
FBC	98	29.97	20.28	18.38	31.37	0.00	0.00
FBC	99	32.57	19.68	17.93	29.82	0.00	0.00
FBC	100	30.02	20.28	18.88	30.82	0.00	0.00
FBC	101	30.22	19.53	19.43	30.82	0.00	0.00
FBC	102	29.62	20.48	18.98	30.92	0.00	0.00
FBC	103	31.42	19.13	18.88	30.57	0.00	0.00
FBC	104	27.72	19.33	19.13	33.82	0.00	0.00
FBC	105	30.02	21.08	19.43	29.47	0.00	0.00
FBC	106	28.87	21.38	18.28	31.47	0.00	0.00
FBC	107	30.52	20.38	17.68	31.42	0.00	0.00
FBC	108	30.82	19.43	19.38	30.37	0.00	0.00
FBC	109	30.77	21.18	17.98	30.07	0.00	0.00
FBC	110	28.97	21.38	18.23	31.42	0.00	0.00
FBC	111	29.97	19.83	19.58	30.62	0.00	0.00
FBC	112	32.52	18.78	18.38	30.32	0.00	0.00
FBC	113	32.32	19.18	19.08	29.42	0.00	0.00
FBC	114	29.72	19.78	19.03	31.47	0.00	0.00
FBC	115	31.27	19.43	19.23	30.07	0.00	0.00
FBC	116	30.92	18.43	19.03	31.62	0.00	0.00
FBC	117	30.37	21.18	18.33	30.12	0.00	0.00
FBC	118	29.67	21.93	19.13	29.27	0.00	0.00
FBC	119	30.67	20.33	17.73	31.27	0.00	0.00
FBC	120	29.62	19.13	18.78	32.47	0.00	0.00
FBC	121	31.37	19.98	18.43	30.22	0.00	0.00
FBC	122	30.32	20.33	19.83	29.52	0.00	0.00
FBC	123	31.12	19.33	19.43	30.12	0.00	0.00
FBC	124	31.52	18.83	16.13	33.52	0.00	0.00
FBC	125	30.82	20.43	18.58	30.17	0.00	0.00
FBC	126	29.72	21.03	18.88	30.37	0.00	0.00
FBC	127	29.57	18.48	19.93	32.02	0.00	0.00
FBC	128	30.02	19.93	18.48	31.57	0.00	0.00
FBC	129	30.97	19.43	18.98	30.62	0.00	0.00
FBC	130	30.77	19.13	18.58	31.52	0.00	0.00
FBC	131	31.27	19.58	18.58	30.57	0.00	0.00
FBC	132	31.22	17.78	19.73	31.27	0.00	0.00
FBC	133	30.72	20.18	19.88	29.22	0.00	0.00
FBC	134	30.67	20.68	17.98	30.67	0.00	0.00
FBC	135	30.82	20.58	18.83	29.77	0.00	0.00
FBC	136	33.12	19.73	18.03	29.12	0.00	0.00
FBC	137	31.42	19.03	18.88	30.67	0.00	0.00
FBC	138	30.12	19.83	18.88	31.17	0.00	0.00
FBC	139	31.17	17.63	19.73	31.47	0.00	0.00
FBC	140	31.92	18.73	19.48	29.87	0.00	0.00
FBC	141	31.22	19.38	18.93	30.47	0.00	0.00
FBC	142	30.27	19.13	19.13	31.47	0.00	0.00
FBC	143	30.37	21.68	18.58	29.37	0.00	0.00
FBC	144	31.07	18.58	19.13	31.22	0.00	0.00
FBC	145	31.97	20.08	17.53	30.42	0.00	0.00
FBC	146	29.97	19.73	19.18	31.12	0.00	0.00
FBC	147	29.14	20.79	19.44	30.63	0.00	0.00
FBC	148	30.33	18.39	20.14	31.13	0.00	0.00
FBC	149	30.13	20.54	19.24	30.08	0.00	0.00
FBC	150	30.03	20.74	20.14	29.09	0.00	0.00
# ACGT raw counters for first fragments. Use `grep ^FTC | cut -f 2-` to extract this part. The columns are: A,C,G,T,N base counters
FTC	92138	59474	56314	92370	0
# ACGT content per cycle for last fragments. Use `grep ^LBC | cut -f 2-` to extract this part. The columns are: cycle; A,C,G,T base counts as a percentage of all A/C/G/T bases [%]; and N and O counts as a percentage of all A/C/G/T bases [%]
LBC	1	30.12	18.08	19.98	31.82	0.00	0.00
LBC	2	30.77	18.58	18.93	31.72	0.00	0.00
LBC	3	31.57	18.63	18.43	31.37	0.00	0.00
LBC	4	30.37	20.28	19.28	30.07	0.00	0.00
LBC	5	30.92	20.68	17.38	31.02	0.00	0.00
LBC	6	31.52	19.33	18.88	30.27	0.00	0.00
LBC	7	30.17	20.03	18.38	31.42	0.00	0.00
LBC	8	30.77	16.68	20.73	31.82	0.00	0.00
LBC	9	29.97	20.53	19.78	29.72	0.00	0.00
LBC	10	31.97	20.58	18.13	29.32	0.00	0.00
LBC	11	32.12	18.93	17.83	31.12	0.00	0.00
LBC	12	30.97	19.68	19.63	29.72	0.00	0.00
LBC	13	28.72	18.73	20.63	31.92	0.00	0.00
LBC	14	29.42	17.83	19.83	32.92	0.00	0.00
LBC	15	29.62	19.78	18.78	31.82	0.00	0.00
LBC	16	30.32	20.83	16.93	31.92	0.00	0.00
LBC	17	31.37	20.38	17.78	30.47	0.00	0.00
LBC	18	29.37	20.33	20.08	30.22	0.00	0.00
LBC	19	29.57	18.58	18.68	33.17	0.00	0.00
LBC	20	29.47	18.23	19.73	32.57	0.00	0.00
LBC	21	29.77	20.58	17.93	31.72	0.00	0.00
LBC	22	30.72	19.48	18.53	31.27	0.00	0.00
LBC	23	31.47	19.23	18.78	30.52	0.00	0.00
LBC	24	29.87	19.88	18.48	31.77	0.00	0.00
LBC	25	33.02	19.78	18.03	29.17	0.00	0.00
LBC	26	32.42	19.68	18.58	29.32	0.00	0.00
LBC	27	30.77	19.98	18.88	30.37	0.00	0.00
LBC	28	31.57	21.23	19.88	27.32	0.00	0.00
LBC	29	30.42	19.88	18.43	31.27	0.00	0.00
LBC	30	31.57	18.48	19.88	30.07	0.00	0.00
LBC	31	31.52	19.53	18.83	30.12	0.00	0.00
LBC	32	32.87	19.63	17.08	30.42	0.00	0.00
LBC	33	29.97	18.58	20.18	31.27	0.00	0.00
LBC	34	31.37	18.93	19.33	30.37	0.00	0.00
LBC	35	32.22	19.58	18.73	29.47	0.00	0.00
LBC	36	29.97	19.18	19.78	31.07	0.00	0.00
LBC	37	28.02	20.68	19.08	32.22	0.00	0.00
LBC	38	31.17	21.03	17.18	30.62	0.00	0.00
LBC	39	30.07	19.98	19.93	30.02	0.00	0.00
LBC	40	30.72	22.03	16.93	30.32	0.00	0.00
LBC	41	29.77	19.83	19.53	30.87	0.00	0.00
LBC	42	30.57	18.93	18.33	32.17	0.00	0.00
LBC	43	31.17	20.03	17.28	31.52	0.00	0.00
LBC	44	30.52	20.93	17.68	30.87	0.00	0.00
LBC	45	28.42	20.03	19.23	32.32	0.00	0.00
LBC	46	30.12	19.58	17.98	32.32	0.00	0.00
LBC	47	29.77	19.78	18.33	32.12	0.00	0.00
LBC	48	30.37	19.93	18.68	31.02	0.00	0.00
LBC	49	30.82	19.68	18.48	31.02	0.00	0.00
LBC	50	29.17	19.53	20.23	31.07	0.00	0.00
LBC	51	29.92	20.53	19.18	30.37	0.00	0.00
LBC	52	30.42	19.68	18.23	31.67	0.00	0.00
LBC	53	29.92	20.73	19.38	29.97	0.00	0.00
LBC	54	31.32	18.83	18.78	31.07	0.00	0.00
LBC	55	29.32	20.23	16.88	33.57	0.00	0.00
LBC	56	30.62	18.93	18.73	31.72	0.00	0.00
LBC	57	32.32	19.08	18.43	30.17	0.00	0.00
LBC	58	27.72	20.98	19.18	32.12	0.00	0.00
LBC	59	29.67	20.03	18.18	32.12	0.00	0.00
LBC	60	29.07	20.53	19.18	31.22	0.00	0.00
LBC	61	31.07	20.38	17.03	31.52	0.00	0.00
LBC	62	31.42	20.23	18.03	30.32	0.00	0.00
LBC	63	29.72	19.58	19.33	31.37	0.00	0.00
LBC	64	29.72	19.08	18.88	32.32	0.00	0.00
LBC	65	32.42	18.43	18.78	30.37	0.00	0.00
LBC	66	30.32	19.13	18.88	31.67	0.00	0.00
LBC	67	29.82	19.83	18.33	32.02	0.00	0.00
LBC	68	31.52	19.53	17.53	31.42	0.00	0.00
LBC	69	30.02	20.13	19.28	30.57	0.00	0.00
LBC	70	32.42	19.23	18.38	29.97	0.00	0.00
LBC	71	30.42	19.58	18.98	31.02	0.00	0.00
LBC	72	30.37	19.78	18.58	31.27	0.00	0.00
LBC	73	30.22	19.93	17.68	32.17	0.00	0.00
LBC	74	32.37	19.48	17.88	30.27	0.00	0.00
LBC	75	30.52	18.88	19.18	31.42	0.00	0.00
LBC	76	29.92	20.73	18.78	30.57	0.00	0.00
LBC	77	30.27	21.18	19.03	29.52	0.00	0.00
LBC	78	31.57	18.88	17.93	31.62	0.00	0.00
LBC	79	30.97	20.63	17.88	30.52	0.00	0.00
LBC	80	29.47	19.88	18.13	32.52	0.00	0.00
LBC	81	29.87	20.03	19.53	30.57	0.00	0.00
LBC	82	30.62	21.23	18.68	29.47	0.00	0.00
LBC	83	31.82	21.13	17.23	29.82	0.00	0.00
LBC	84	29.97	20.48	18.13	31.42	0.00	0.00
LBC	85	29.72	20.48	18.73	31.07	0.00	0.00
LBC	86	29.32	20.33	19.63	30.72	0.00	0.00
LBC	87	32.17	19.33	18.93	29.57	0.00	0.00
LBC	88	31.27	20.38	18.73	29.62	0.00	0.00
LBC	89	32.57	18.63	17.98	30.82	0.00	0.00
LBC	90	29.62	20.48	19.08	30.82	0.00	0.00
LBC	91	32.72	19.23	17.23	30.82	0.00	0.00
LBC	92	31.27	20.83	19.73	28.17	0.00	0.00
LBC	93	31.12	20.18	18.83	29.87	0.00	0.00
LBC	94	29.42	20.03	19.38	31.17	0.00	0.00
LBC	95	30.02	19.08	20.33	30.57	0.00	0.00
LBC	96	31.52	19.53	18.83	30.12	0.00	0.00
LBC	97	30.32	19.18	19.93	30.57	0.00	0.00
LBC	98	29.67	20.78	19.08	30.47	0.00	0.00
LBC	99	31.22	19.58	19.33	29.87	0.00	0.00
LBC	100	31.12	20.13	18.08	30.67	0.00	0.00
LBC	101	32.07	18.43	18.73	30.77	0.00	0.00
LBC	102	31.72	19.53	19.18	29.57	0.00	0.00
LBC	103	31.92	19.13	18.48	30.47	0.00	0.00
LBC	104	33.62	18.78	18.13	29.47	0.00	0.00
LBC	105	32.47	19.13	18.08	30.32	0.00	0.00
LBC	106	30.17	19.23	19.53	31.07	0.00	0.00
LBC	107	30.72	18.33	19.33	31.62	0.00	0.00
LBC	108	31.17	18.58	18.53	31.72	0.00	0.00
LBC	109	32.02	18.83	19.98	29.17	0.00	0.00
LBC	110	31.07	20.53	17.98	30.42	0.00	0.00
LBC	111	31.77	18.28	19.13	30.82	0.00	0.00
LBC	112	31.97	18.98	19.08	29.97	0.00	0.00
LBC	113	31.52	19.38	17.78	31.32	0.00	0.00
LBC	114	29.57	19.58	18.48	32.37	0.00	0.00
LBC	115	30.27	19.48	19.48	30.77	0.00	0.00
LBC	116	30.32	20.08	18.48	31.12	0.00	0.00
LBC	117	31.07	19.78	19.63	29.52	0.00	0.00
LBC	118	31.47	19.43	16.93	32.17	0.00	0.00
LBC	119	31.77	19.68	18.18	30.37	0.00	0.00
LBC	120	31.32	19.63	20.33	28.72	0.00	0.00
LBC	121	32.77	19.78	18.43	29.02	0.00	0.00
LBC	122	31.17	19.63	18.78	30.42	0.00	0.00
LBC	123	32.52	19.48	19.03	28.97	0.00	0.00
LBC	124	31.42	18.58	18.43	31.57	0.00	0.00
LBC	125	29.62	21.18	18.83	30.37	0.00	0.00
LBC	126	31.42	19.38	18.98	30.22	0.00	0.00
LBC	127	29.57	19.63	18.58	32.22	0.00	0.00
LBC	128	30.67	20.63	18.33	30.37	0.00	0.00
LBC	129	30.17	20.08	18.08	31.67	0.00	0.00
LBC	130	32.52	19.68	18.28	29.52	0.00	0.00
LBC	131	32.72	20.13	18.63	28.52	0.00	0.00
LBC	132	31.72	20.03	17.68	30.57	0.00	0.00
LBC	133	30.82	21.38	17.23	30.57	0.00	0.00
LBC	134	31.37	18.08	19.78	30.77	0.00	0.00
LBC	135	30.52	20.98	20.08	28.42	0.00	0.00
LBC	136	30.57	19.38	18.68	31.37	0.00	0.00
LBC	137	31.82	19.28	18.93	29.97	0.00	0.00
LBC	138	31.02	18.68	19.18	31.12	0.00	0.00
LBC	139	30.67	21.18	18.48	29.67	0.00	0.00
LBC	140	30.97	19.43	18.48	31.12	0.00	0.00
LBC	141	30.17	21.78	18.63	29.42	0.00	0.00
LBC	142	31.62	17.58	20.53	30.27	0.00	0.00
LBC	143	32.77	18.48	19.18	29.57	0.00	0.00
LBC	144	33.37	17.98	17.83	30.82	0.00	0.00
LBC	145	30.63	19.84	19.19	30.33	0.00	0.00
LBC	146	31.23	20.34	18.44	29.99	0.00	0.00
LBC	147	31.33	20.79	18.29	29.59	0.00	0.00
LBC	148	32.63	19.84	17.34	30.18	0.00	0.00
LBC	149	31.63	21.04	16.99	30.33	0.00	0.00
LBC	150	31.20	18.95	18.55	31.30	0.00	0.00
# ACGT raw counters for last fragments. Use `grep ^LTC | cut -f 2-` to extract this part. The columns are: A,C,G,T,N base counters
LTC	92651	59167	56166	92309	0
# Insert sizes. Use `grep ^IS | cut -f 2-` to extract this part. The columns are: insert size, pairs total, inward oriented pairs, outward oriented pairs, other pairs
IS	0	0	0	0	0
IS	1	0	0	0	0
IS	2	0	0	0	0
IS	3	0	0	0	0
IS	4	0	0	0	0
IS	5	0	0	0	0
IS	6	0	0	0	0
IS	7	0	0	0	0
IS	8	0	0	0	0
IS	9	0	0	0	0
IS	10	0	0	0	0
IS	11	0	0	0	0
IS	12	0	0	0	0
IS	13	0	0	0	0
IS	14	0	0	0	0
IS	15	0	0	0	0
IS	16	0	0	0	0
IS	17	0	0	0	0
IS	18	0	0	0	0
IS	19	0	0	0	0
IS	20	0	0	0	0
IS	21	0	0	0	0
IS	22	0	0	0	0
IS	23	0	0	0	0
IS	24	0	0	0	0
IS	25	0	0	0	0
IS	26	0	0	0	0
IS	27	0	0	0	0
IS	28	0	0	0	0
IS	29	0	0	0	0
IS	30	0	0	0	0
IS	31	0	0	0	0
IS	32	0	0	0	0
IS	33	0	0	0	0
IS	34	0	0	0	0
IS	35	0	0	0	0
IS	36	0	0	0	0
IS	37	0	0	0	0
IS	38	0	0	0	0
IS	39	0	0	0	0
IS	40	0	0	0	0
IS	41	0	0	0	0
IS	42	0	0	0	0
IS	43	0	0	0	0
IS	44	0	0	0	0
IS	45	0	0	0	0
IS	46	0	0	0	0
IS	47	0	0	0	0
IS	48	0	0	0	0
IS	49	0	0	0	0
IS	50	0	0	0	0
IS	51	0	0	0	0
IS	52	0	0	0	0
IS	53	0	0	0	0
IS	54	0	0	0	0
IS	55	0	0	0	0
IS	56	0	0	0	0
IS	57	0	0	0	0
IS	58	0	0	0	0
IS	59	0	0	0	0
IS	60	0	0	0	0
IS	61	0	0	0	0
IS	62	0	0	0	0
IS	63	0	0	0	0
IS	64	0	0	0	0
IS	65	0	0	0	0
IS	66	0	0	0	0
IS	67	0	0	0	0
IS	68	0	0	0	0
IS	69	0	0	0	0
IS	70	0	0	0	0
IS	71	0	0	0	0
IS	72	0	0	0	0
IS	73	0	0	0	0
IS	74	0	0	0	0
IS	75	0	0	0	0
IS	76	0	0	0	0
IS	77	0	0	0	0
IS	78	0	0	0	0
IS	79	0	0	0	0
IS	80	0	0	0	0
IS	81	0	0	0	0
IS	82	0	0	0	0
IS	83	0	0	0	0
IS	84	0	0	0	0
IS	85	0	0	0	0
IS	86	0	0	0	0
IS	87	0	0	0	0
IS	88	0	0	0	0
IS	89	0	0	0	0
IS	90	0	0	0	0
IS	91	0	0	0	0
IS	92	0	0	0	0
IS	93	0	0	0	0
IS	94	0	0	0	0
IS	95	0	0	0	0
IS	96	0	0	0	0
IS	97	0	0	0	0
IS	98	0	0	0	0
IS	99	0	0	0	0
IS	100	0	0	0	0
IS	101	0	0	0	0
IS	102	0	0	0	0
IS	103	0	0	0	0
IS	104	0	0	0	0
IS	105	0	0	0	0
IS	106	0	0	0	0
IS	107	0	0	0	0
IS	108	0	0	0	0
IS	109	0	0	0	0
IS	110	0	0	0	0
IS	111	0	0	0	0
IS	112	0	0	0	0
IS	113	0	0	0	0
IS	114	0	0	0	0
IS	115	0	0	0	0
IS	116	0	0	0	0
IS	117	0	0	0	0
IS	118	0	0	0	0
IS	119	0	0	0	0
IS	120	0	0	0	0
IS	121	0	0	0	0
IS	122	0	0	0	0
IS	123	0	0	0	0
IS	124	0	0	0	0
IS	125	0	0	0	0
IS	126	0	0	0	0
IS	127	0	0	0	0
IS	128	0	0	0	0
IS	129	0	0	0	0
IS	130	0	0	0	0
IS	131	0	0	0	0
IS	132	0	0	0	0
IS	133	0	0	0	0
IS	134	0	0	0	0
IS	135	0	0	0	0
IS	136	0	0	0	0
IS	137	0	0	0	0
IS	138	0	0	0	0
IS	139	0	0	0	0
IS	140	0	0	0	0
IS	141	0	0	0	0
IS	142	0	0	0	0
IS	143	0	0	0	0
IS	144	0	0	0	0
IS	145	0	0	0	0
IS	146	0	0	0	0
IS	147	0	0	0	0
IS	148	0	0	0	0
IS	149	0	0	0	0
IS	150	0	0	0	0
IS	151	0	0	0	0
IS	152	0	0	0	0
IS	153	0	0	0	0
IS	154	0	0	0	0
IS	155	0	0	0	0
IS	156	0	0	0	0
IS	157	0	0	0	0
IS	158	0	0	0	0
IS	159	0	0	0	0
IS	160	0	0	0	0
IS	161	0	0	0	0
IS	162	0	0	0	0
IS	163	0	0	0	0
IS	164	0	0	0	0
IS	165	0	0	0	0
IS	166	0	0	0	0
IS	167	0	0	0	0
IS	168	0	0	0	0
IS	169	0	0	0	0
IS	170	0	0	0	0
IS	171	0	0	0	0
IS	172	0	0	0	0
IS	173	0	0	0	0
IS	174	0	0	0	0
IS	175	0	0	0	0
IS	176	0	0	0	0
IS	177	0	0	0	0
IS	178	0	0	0	0
IS	179	0	0	0	0
IS	180	0	0	0	0
IS	181	0	0	0	0
IS	182	0	0	0	0
IS	183	0	0	0	0
IS	184	0	0	0	0
IS	185	0	0	0	0
IS	186	0	0	0	0
IS	187	0	0	0	0
IS	188	0	0	0	0
IS	189	0	0	0	0
IS	190	0	0	0	0
IS	191	0	0	0	0
IS	192	0	0	0	0
IS	193	0	0	0	0
IS	194	0	0	0	0
IS	195	0	0	0	0
IS	196	0	0	0	0
IS	197	0	0	0	0
IS	198	0	0	0	0
IS	199	0	0	0	0
IS	200	0	0	0	0
IS	201	0	0	0	0
IS	202	0	0	0	0
IS	203	0	0	0	0
IS	204	0	0	0	0
IS	205	0	0	0	0
IS	206	0	0	0	0
IS	207	0	0	0	0
IS	208	0	0	0	0
IS	209	0	0	0	0
IS	210	0	0	0	0
IS	211	0	0	0	0
IS	212	0	0	0	0
IS	213	0	0	0	0
IS	214	0	0	0	0
IS	215	0	0	0	0
IS	216	0	0	0	0
IS	217	0	0	0	0
IS	218	0	0	0	0
IS	219	0	0	0	0
IS	220	0	0	0	0
IS	221	0	0	0	0
IS	222	0	0	0	0
IS	223	0	0	0	0
IS	224	0	0	0	0
IS	225	0	0	0	0
IS	226	0	0	0	0
IS	227	0	0	0	0
IS	228	0	0	0	0
IS	229	0	0	0	0
IS	230	0	0	0	0
IS	231	0	0	0	0
IS	232	0	0	0	0
IS	233	0	0	0	0
IS	234	0	0	0	0
IS	235	0	0	0	0
IS	236	0	0	0	0
IS	237	0	0	0	0
IS	238	0	0	0	0
IS	239	0	0	0	0
IS	240	0	0	0	0
IS	241	0	0	0	0
IS	242	0	0	0	0
IS	243	0	0	0	0
IS	244	0	0	0	0
IS	245	0	0	0	0
IS	246	0	0	0	0
IS	247	0	0	0	0
IS	248	0	0	0	0
IS	249	0	0	0	0
IS	250	0	0	0	0
IS	251	0	0	0	0
IS	252	0	0	0	0
IS	253	0	0	0	0
IS	254	0	0	0	0
IS	255	0	0	0	0
IS	256	0	0	0	0
IS	257	0	0	0	0
IS	258	0	0	0	0
IS	259	0	0	0	0
IS	260	0	0	0	0
IS	261	0	0	0	0
IS	262	0	0	0	0
IS	263	0	0	0	0
IS	264	0	0	0	0
IS	265	0	0	0	0
IS	266	0	0	0	0
IS	267	0	0	0	0
IS	268	0	0	0	0
IS	269	0	0	0	0
IS	270	0	0	0	0
IS	271	0	0	0	0
IS	272	0	0	0	0
IS	273	0	0	0	0
IS	274	0	0	0	0
IS	275	0	0	0	0
IS	276	0	0	0	0
IS	277	0	0	0	0
IS	278	0	0	0	0
IS	279	0	0	0	0
IS	280	0	0	0	0
IS	281	0	0	0	0
IS	282	0	0	0	0
IS	283	0	0	0	0
IS	284	0	0	0	0
IS	285	0	0	0	0
IS	286	0	0	0	0
IS	287	0	0	0	0
IS	288	0	0	0	0
IS	289	0	0	0	0
IS	290	0	0	0	0
IS	291	0	0	0	0
IS	292	0	0	0	0
IS	293	0	0	0	0
IS	294	0	0	0	0
IS	295	0	0	0	0
IS	296	0	0	0	0
IS	297	0	0	0	0
IS	298	0	0	0	0
IS	299	0	0	0	0
IS	300	0	0	0	0
IS	301	0	0	0	0
IS	302	0	0	0	0
IS	303	0	0	0	0
IS	304	0	0	0	0
IS	305	0	0	0	0
IS	306	0	0	0	0
IS	307	0	0	0	0
IS	308	0	0	0	0
IS	309	0	0	0	0
IS	310	0	0	0	0
IS	311	0	0	0	0
IS	312	0	0	0	0
IS	313	0	0	0	0
IS	314	0	0	0	0
IS	315	0	0	0	0
IS	316	0	0	0	0
IS	317	0	0	0	0
IS	318	0	0	0	0
IS	319	0	0	0	0
IS	320	0	0	0	0
IS	321	0	0	0	0
IS	322	0	0	0	0
IS	323	0	0	0	0
IS	324	0	0	0	0
IS	325	0	0	0	0
IS	326	0	0	0	0
IS	327	0	0	0	0
IS	328	0	0	0	0
IS	329	0	0	0	0
IS	330	0	0	0	0
IS	331	0	0	0	0
IS	332	0	0	0	0
IS	333	0	0	0	0
IS	334	0	0	0	0
IS	335	0	0	0	0
IS	336	0	0	0	0
IS	337	0	0	0	0
IS	338	0	0	0	0
IS	339	0	0	0	0
IS	340	0	0	0	0
IS	341	0	0	0	0
IS	342	0	0	0	0
IS	343	0	0	0	0
IS	344	0	0	0	0
IS	345	0	0	0	0
IS	346	0	0	0	0
IS	347	0	0	0	0
IS	348	1	1	0	0
IS	349	0	0	0	0
IS	350	0	0	0	0
IS	351	0	0	0	0
IS	352	0	0	0	0
IS	353	0	0	0	0
IS	354	0	0	0	0
IS	355	0	0	0	0
IS	356	0	0	0	0
IS	357	0	0	0	0
IS	358	1	1	0	0
IS	359	0	0	0	0
IS	360	0	0	0	0
IS	361	0	0	0	0
IS	362	0	0	0	0
IS	363	1	1	0	0
IS	364	0	0	0	0
IS	365	0	0	0	0
IS	366	0	0	0	0
IS	367	0	0	0	0
IS	368	1	1	0	0
IS	369	0	0	0	0
IS	370	2	2	0	0
IS	371	4	4	0	0
IS	372	1	1	0	0
IS	373	2	2	0	0
IS	374	0	0	0	0
IS	375	0	0	0	0
IS	376	1	1	0	0
IS	377	1	1	0	0
IS	378	0	0	0	0
IS	379	2	2	0	0
IS	380	1	1	0	0
IS	381	1	1	0	0
IS	382	4	4	0	0
IS	383	1	1	0	0
IS	384	1	1	0	0
IS	385	0	0	0	0
IS	386	2	2	0	0
IS	387	2	2	0	0
IS	388	1	1	0	0
IS	389	2	2	0	0
IS	390	3	3	0	0
IS	391	2	2	0	0
IS	392	1	1	0	0
IS	393	0	0	0	0
IS	394	1	1	0	0
IS	395	1	1	0	0
IS	396	2	2	0	0
IS	397	2	2	0	0
IS	398	4	4	0	0
IS	399	1	1	0	0
IS	400	0	0	0	0
IS	401	1	1	0	0
IS	402	1	1	0	0
IS	403	2	2	0	0
IS	404	3	3	0	0
IS	405	5	5	0	0
IS	406	2	2	0	0
IS	407	2	2	0	0
IS	408	2	2	0	0
IS	409	1	1	0	0
IS	410	1	1	0	0
IS	411	6	6	0	0
IS	412	3	3	0	0
IS	413	4	4	0	0
IS	414	3	3	0	0
IS	415	4	4	0	0
IS	416	4	4	0	0
IS	417	4	4	0	0
IS	418	3	3	0	0
IS	419	5	5	0	0
IS	420	6	6	0	0
IS	421	6	6	0	0
IS	422	3	3	0	0
IS	423	5	5	0	0
IS	424	4	4	0	0
IS	425	4	4	0	0
IS	426	6	6	0	0
IS	427	9	9	0	0
IS	428	6	6	0	0
IS	429	6	6	0	0
IS	430	4	4	0	0
IS	431	9	9	0	0
IS	432	4	4	0	0
IS	433	5	5	0	0
IS	434	7	7	0	0
IS	435	10	10	0	0
IS	436	11	11	0	0
IS	437	5	5	0	0
IS	438	7	7	0	0
IS	439	12	12	0	0
IS	440	10	10	0	0
IS	441	6	6	0	0
IS	442	6	6	0	0
IS	443	4	4	0	0
IS	444	9	9	0	0
IS	445	8	8	0	0
IS	446	6	6	0	0
IS	447	7	7	0	0
IS	448	14	14	0	0
IS	449	9	9	0	0
IS	450	14	14	0	0
IS	451	10	10	0	0
IS	452	7	7	0	0
IS	453	13	13	0	0
IS	454	8	8	0	0
IS	455	8	8	0	0
IS	456	17	17	0	0
IS	457	11	11	0	0
IS	458	11	11	0	0
IS	459	12	12	0	0
IS	460	14	14	0	0
IS	461	13	13	0	0
IS	462	6	6	0	0
IS	463	16	16	0	0
IS	464	12	12	0	0
IS	465	19	19	0	0
IS	466	13	13	0	0
IS	467	10	10	0	0
IS	468	4	4	0	0
IS	469	9	9	0	0
IS	470	9	9	0	0
IS	471	8	8	0	0
IS	472	15	15	0	0
IS	473	17	17	0	0
IS	474	14	14	0	0
IS	475	18	18	0	0
IS	476	10	10	0	0
IS	477	11	11	0	0
IS	478	12	12	0	0
IS	479	14	14	0	0
IS	480	12	12	0	0
IS	481	11	11	0	0
IS	482	15	15	0	0
IS	483	13	13	0	0
IS	484	15	15	0	0
IS	485	8	8	0	0
IS	486	22	22	0	0
IS	487	17	17	0	0
IS	488	19	19	0	0
IS	489	19	19	0	0
IS	490	12	12	0	0
IS	491	8	8	0	0
IS	492	19	19	0	0
IS	493	14	14	0	0
IS	494	12	12	0	0
IS	495	22	22	0	0
IS	496	18	18	0	0
IS	497	14	14	0	0
IS	498	23	23	0	0
IS	499	24	24	0	0
IS	500	22	22	0	0
IS	501	20	20	0	0
IS	502	19	19	0	0
IS	503	18	18	0	0
IS	504	14	14	0	0
IS	505	9	9	0	0
IS	506	17	17	0	0
IS	507	15	15	0	0
IS	508	20	20	0	0
IS	509	16	16	0	0
IS	510	19	19	0	0
IS	511	13	13	0	0
IS	512	17	17	0	0
IS	513	24	24	0	0
IS	514	21	21	0	0
IS	515	13	13	0	0
IS	516	20	20	0	0
IS	517	16	16	0	0
IS	518	18	18	0	0
IS	519	14	14	0	0
IS	520	14	14	0	0
IS	521	20	20	0	0
IS	522	14	14	0	0
IS	523	18	18	0	0
IS	524	17	17	0	0
IS	525	10	10	0	0
IS	526	15	15	0	0
IS	527	3	3	0	0
IS	528	9	9	0	0
IS	529	13	13	0	0
IS	530	14	14	0	0
IS	531	14	14	0	0
IS	532	16	16	0	0
IS	533	13	13	0	0
IS	534	11	11	0	0
IS	535	16	16	0	0
IS	536	11	11	0	0
IS	537	10	10	0	0
IS	538	14	14	0	0
IS	539	18	18	0	0
IS	540	14	14	0	0
IS	541	8	8	0	0
IS	542	14	14	0	0
IS	543	14	14	0	0
IS	544	8	8	0	0
IS	545	8	8	0	0
IS	546	13	13	0	0
IS	547	10	10	0	0
IS	548	12	12	0	0
IS	549	10	10	0	0
IS	550	9	9	0	0
IS	551	13	13	0	0
IS	552	6	6	0	0
IS	553	2	2	0	0
IS	554	8	8	0	0
IS	555	5	5	0	0
IS	556	11	11	0	0
IS	557	8	8	0	0
IS	558	3	3	0	0
IS	559	3	3	0	0
IS	560	7	7	0	0
IS	561	4	4	0	0
IS	562	8	8	0	0
IS	563	6	6	0	0
IS	564	16	16	0	0
IS	565	5	5	0	0
IS	566	9	9	0	0
IS	567	5	5	0	0
IS	568	9	9	0	0
IS	569	6	6	0	0
IS	570	6	6	0	0
IS	571	7	7	0	0
IS	572	8	8	0	0
IS	573	4	4	0	0
IS	574	5	5	0	0
IS	575	6	6	0	0
IS	576	6	6	0	0
IS	577	2	2	0	0
IS	578	2	2	0	0
IS	579	4	4	0	0
IS	580	4	4	0	0
IS	581	7	7	0	0
IS	582	4	4	0	0
IS	583	6	6	0	0
IS	584	2	2	0	0
IS	585	2	2	0	0
IS	586	5	5	0	0
IS	587	7	7	0	0
IS	588	4	4	0	0
IS	589	5	5	0	0
IS	590	1	1	0	0
IS	591	2	2	0	0
IS	592	1	1	0	0
IS	593	2	2	0	0
IS	594	1	1	0	0
IS	595	2	2	0	0
IS	596	3	3	0	0
IS	597	2	2	0	0
IS	598	1	1	0	0
IS	599	0	0	0	0
IS	600	1	1	0	0
IS	601	2	2	0	0
IS	602	0	0	0	0
IS	603	4	4	0	0
IS	604	1	1	0	0
IS	605	1	1	0	0
IS	606	2	2	0	0
IS	607	2	2	0	0
IS	608	1	1	0	0
IS	609	0	0	0	0
IS	610	2	2	0	0
IS	611	3	3	0	0
# Read lengths. Use `grep ^RL | cut -f 2-` to extract this part. The columns are: read length, count
RL	144	1
RL	146	1
RL	149	1
RL	150	4001
# Read lengths - first fragments. Use `grep ^FRL | cut -f 2-` to extract this part. The columns are: read length, count
FRL	146	1
FRL	150	2001
# Read lengths - last fragments. Use `grep ^LRL | cut -f 2-` to extract this part. The columns are: read length, count
LRL	144	1
LRL	149	1
LRL	150	2000
# Mapping qualities for reads !(UNMAP|SECOND|SUPPL|QCFAIL|DUP). Use `grep ^MAPQ | cut -f 2-` to extract this part. The columns are: mapq, count
MAPQ	0	16
MAPQ	15	2
MAPQ	27	8
MAPQ	33	4
MAPQ	39	1
MAPQ	40	22
MAPQ	45	1
MAPQ	46	1
MAPQ	48	40
MAPQ	50	2
MAPQ	52	1
MAPQ	57	11
MAPQ	59	3
MAPQ	60	3892
# Indel distribution. Use `grep ^ID | cut -f 2-` to extract this part. The columns are: length, number of insertions, number of deletions
# Indels per cycle. Use `grep ^IC | cut -f 2-` to extract this part. The columns are: cycle, number of insertions (fwd), .. (rev) , number of deletions (fwd), .. (rev)
# Coverage distribution. Use `grep ^COV | cut -f 2-` to extract this part.
COV	[1-1]	1	5520
COV	[2-2]	2	10204
COV	[3-3]	3	15463
COV	[4-4]	4	18347
COV	[5-5]	5	19901
COV	[6-6]	6	16054
COV	[7-7]	7	12482
COV	[8-8]	8	8020
COV	[9-9]	9	5377
COV	[10-10]	10	2932
COV	[11-11]	11	1374
COV	[12-12]	12	652
COV	[13-13]	13	267
COV	[14-14]	14	201
COV	[15-15]	15	39
# GC-depth. Use `grep ^GCD | cut -f 2-` to extract this part. The columns are: GC%, unique sequence percentiles, 10th, 25th, 50th, 75th and 90th depth percentile
GCD	0.0	15.385	0.000	0.000	0.000	0.000	0.000
GCD	37.0	30.769	2.505	2.505	2.505	2.505	2.505
GCD	38.0	53.846	2.490	2.490	2.490	2.505	2.505
GCD	39.0	92.308	2.505	2.505	2.505	2.505	2.505
GCD	45.0	100.000	2.505	2.505	2.505	2.505	2.505
