# This file was produced by samtools stats (1.20+htslib-1.21) and can be plotted using plot-bamstats
# This file contains statistics for all reads.
# The command line was:  stats sample3817.sorted.group.rmdup.bam
# CHK, Checksum	[2]Read Names	[3]Sequences	[4]Qualities
# CHK, CRC32 of reads which passed filtering followed by addition (32bit overflow)
CHK	8169c028	642633bc	5025e158
# Summary Numbers. Use `grep ^SN | cut -f 2-` to extract this part.
SN	raw total sequences:	4004	# excluding supplementary and secondary reads
SN	filtered sequences:	0
SN	sequences:	4004
SN	is sorted:	1
SN	1st fragments:	2002
SN	last fragments:	2002
SN	reads mapped:	4004
SN	reads mapped and paired:	4004	# paired-end technology bit set + both mates mapped
SN	reads unmapped:	0
SN	reads properly paired:	4004	# proper-pair bit set
SN	reads paired:	4004	# paired-end technology bit set
SN	reads duplicated:	0	# PCR or optical duplicate bit set
SN	reads MQ0:	6	# mapped and MQ=0
SN	reads QC failed:	0
SN	non-primary alignments:	0
SN	supplementary alignments:	0
SN	total length:	600600	# ignores clipping
SN	total first fragment length:	300300	# ignores clipping
SN	total last fragment length:	300300	# ignores clipping
SN	bases mapped:	600600	# ignores clipping
SN	bases mapped (cigar):	600598	# more accurate
SN	bases trimmed:	0
SN	bases duplicated:	0
SN	mismatches:	1059	# from NM fields
SN	error rate:	1.763243e-03	# mismatches / bases mapped (cigar)
SN	average length:	150
SN	average first fragment length:	150
SN	average last fragment length:	150
SN	maximum length:	150
SN	maximum first fragment length:	150
SN	maximum last fragment length:	150
SN	average quality:	30.0
SN	insert size average:	500.5
SN	insert size standard deviation:	47.4
SN	inward oriented pairs:	2002
SN	outward oriented pairs:	0
SN	pairs with other orientation:	0
SN	pairs on different chromosomes:	0
SN	percentage of properly paired reads (%):	100.0
# First Fragment Qualities. Use `grep ^FFQ | cut -f 2-` to extract this part.
# Columns correspond to qualities and rows to cycles. First column is the cycle number.
FFQ	1	0	0	0	0	0	0	0	0	0	0	0	0	0	0	0	0	0	0	0	0	0	0	0	0	0	0	0	0	0	0	2002	0
FFQ	2	0	0	0	0	0	0	0	0	0	0	0	0	0	0	0	0	0	0	0	0	0	0	0	0	0	0	0	0	0	0	2002	0
FFQ	3	0	0	0	0	0	0	0	0	0	0	0	0	0	0	0	0	0	0	0	0	0	0	0	0	0	0	0	0	0	0	2002	0
FFQ	4	0	0	0	0	0	0	0	0	0	0	0	0	0	0	0	0	0	0	0	0	0	0	0	0	0	0	0	0	0	0	2002	0
FFQ	5	0	0	0	0	0	0	0	0	0	0	0	0	0	0	0	0	0	0	0	0	0	0	0	0	0	0	0	0	0	0	2002	0
FFQ	6	0	0	0	0	0	0	0	0	0	0	0	0	0	0	0	0	0	0	0	0	0	0	0	0	0	0	0	0	0	0	2002	0
FFQ	7	0	0	0	0	0	0	0	0	0	0	0	0	0	0	0	0	0	0	0	0	0	0	0	0	0	0	0	0	0	0	2002	0
FFQ	8	0	0	0	0	0	0	0	0	0	0	0	0	0	0	0	0	0	0	0	0	0	0	0	0	0	0	0	0	0	0	2002	0
FFQ	9	0	0	0	0	0	0	0	0	0	0	0	0	0	0	0	0	0	0	0	0	0	0	0	0	0	0	0	0	0	0	2002	0
FFQ	10	0	0	0	0	0	0	0	0	0	0	0	0	0	0	0	0	0	0	0	0	0	0	0	0	0	0	0	0	0	0	2002	0
FFQ	11	0	0	0	0	0	0	0	0	0	0	0	0	0	0	0	0	0	0	0	0	0	0	0	0	0	0	0	0	0	0	2002	0
FFQ	12	0	0	0	0	0	0	0	0	0	0	0	0	0	0	0	0	0	0	0	0	0	0	0	0	0	0	0	0	0	0	2002	0
FFQ	13	0	0	0	0	0	0	0	0	0	0	0	0	0	0	0	0	0	0	0	0	0	0	0	0	0	0	0	0	0	0	2002	0
FFQ	14	0	0	0	0	0	0	0	0	0	0	0	0	0	0	0	0	0	0	0	0	0	0	0	0	0	0	0	0	0	0	2002	0
FFQ	15	0	0	0	0	0	0	0	0	0	0	0	0	0	0	0	0	0	0	0	0	0	0	0	0	0	0	0	0	0	0	2002	0
FFQ	16	0	0	0	0	0	0	0	0	0	0	0	0	0	0	0	0	0	0	0	0	0	0	0	0	0	0	0	0	0	0	2002	0
FFQ	17	0	0	0	0	0	0	0	0	0	0	0	0	0	0	0	0	0	0	0	0	0	0	0	0	0	0	0	0	0	0	2002	0
FFQ	18	0	0	0	0	0	0	0	0	0	0	0	0	0	0	0	0	0	0	0	0	0	0	0	0	0	0	0	0	0	0	2002	0
FFQ	19	0	0	0	0	0	0	0	0	0	0	0	0	0	0	0	0	0	0	0	0	0	0	0	0	0	0	0	0	0	0	2002	0
FFQ	20	0	0	0	0	0	0	0	0	0	0	0	0	0	0	0	0	0	0	0	0	0	0	0	0	0	0	0	0	0	0	2002	0
FFQ	21	0	0	0	0	0	0	0	0	0	0	0	0	0	0	0	0	0	0	0	0	0	0	0	0	0	0	0	0	0	0	2002	0
FFQ	22	0	0	0	0	0	0	0	0	0	0	0	0	0	0	0	0	0	0	0	0	0	0	0	0	0	0	0	0	0	0	2002	0
FFQ	23	0	0	0	0	0	0	0	0	0	0	0	0	0	0	0	0	0	0	0	0	0	0	0	0	0	0	0	0	0	0	2002	0
FFQ	24	0	0	0	0	0	0	0	0	0	0	0	0	0	0	0	0	0	0	0	0	0	0	0	0	0	0	0	0	0	0	2002	0
FFQ	25	0	0	0	0	0	0	0	0	0	0	0	0	0	0	0	0	0	0	0	0	0	0	0	0	0	0	0	0	0	0	2002	0
FFQ	26	0	0	0	0	0	0	0	0	0	0	0	0	0	0	0	0	0	0	0	0	0	0	0	0	0	0	0	0	0	0	2002	0
FFQ	27	0	0	0	0	0	0	0	0	0	0	0	0	0	0	0	0	0	0	0	0	0	0	0	0	0	0	0	0	0	0	2002	0
FFQ	28	0	0	0	0	0	0	0	0	0	0	0	0	0	0	0	0	0	0	0	0	0	0	0	0	0	0	0	0	0	0	2002	0
FFQ	29	0	0	0	0	0	0	0	0	0	0	0	0	0	0	0	0	0	0	0	0	0	0	0	0	0	0	0	0	0	0	2002	0
FFQ	30	0	0	0	0	0	0	0	0	0	0	0	0	0	0	0	0	0	0	0	0	0	0	0	0	0	0	0	0	0	0	2002	0
FFQ	31	0	0	0	0	0	0	0	0	0	0	0	0	0	0	0	0	0	0	0	0	0	0	0	0	0	0	0	0	0	0	2002	0
FFQ	32	0	0	0	0	0	0	0	0	0	0	0	0	0	0	0	0	0	0	0	0	0	0	0	0	0	0	0	0	0	0	2002	0
FFQ	33	0	0	0	0	0	0	0	0	0	0	0	0	0	0	0	0	0	0	0	0	0	0	0	0	0	0	0	0	0	0	2002	0
FFQ	34	0	0	0	0	0	0	0	0	0	0	0	0	0	0	0	0	0	0	0	0	0	0	0	0	0	0	0	0	0	0	2002	0
FFQ	35	0	0	0	0	0	0	0	0	0	0	0	0	0	0	0	0	0	0	0	0	0	0	0	0	0	0	0	0	0	0	2002	0
FFQ	36	0	0	0	0	0	0	0	0	0	0	0	0	0	0	0	0	0	0	0	0	0	0	0	0	0	0	0	0	0	0	2002	0
FFQ	37	0	0	0	0	0	0	0	0	0	0	0	0	0	0	0	0	0	0	0	0	0	0	0	0	0	0	0	0	0	0	2002	0
FFQ	38	0	0	0	0	0	0	0	0	0	0	0	0	0	0	0	0	0	0	0	0	0	0	0	0	0	0	0	0	0	0	2002	0
FFQ	39	0	0	0	0	0	0	0	0	0	0	0	0	0	0	0	0	0	0	0	0	0	0	0	0	0	0	0	0	0	0	2002	0
FFQ	40	0	0	0	0	0	0	0	0	0	0	0	0	0	0	0	0	0	0	0	0	0	0	0	0	0	0	0	0	0	0	2002	0
FFQ	41	0	0	0	0	0	0	0	0	0	0	0	0	0	0	0	0	0	0	0	0	0	0	0	0	0	0	0	0	0	0	2002	0
FFQ	42	0	0	0	0	0	0	0	0	0	0	0	0	0	0	0	0	0	0	0	0	0	0	0	0	0	0	0	0	0	0	2002	0
FFQ	43	0	0	0	0	0	0	0	0	0	0	0	0	0	0	0	0	0	0	0	0	0	0	0	0	0	0	0	0	0	0	2002	0
FFQ	44	0	0	0	0	0	0	0	0	0	0	0	0	0	0	0	0	0	0	0	0	0	0	0	0	0	0	0	0	0	0	2002	0
FFQ	45	0	0	0	0	0	0	0	0	0	0	0	0	0	0	0	0	0	0	0	0	0	0	0	0	0	0	0	0	0	0	2002	0
FFQ	46	0	0	0	0	0	0	0	0	0	0	0	0	0	0	0	0	0	0	0	0	0	0	0	0	0	0	0	0	0	0	2002	0
FFQ	47	0	0	0	0	0	0	0	0	0	0	0	0	0	0	0	0	0	0	0	0	0	0	0	0	0	0	0	0	0	0	2002	0
FFQ	48	0	0	0	0	0	0	0	0	0	0	0	0	0	0	0	0	0	0	0	0	0	0	0	0	0	0	0	0	0	0	2002	0
FFQ	49	0	0	0	0	0	0	0	0	0	0	0	0	0	0	0	0	0	0	0	0	0	0	0	0	0	0	0	0	0	0	2002	0
FFQ	50	0	0	0	0	0	0	0	0	0	0	0	0	0	0	0	0	0	0	0	0	0	0	0	0	0	0	0	0	0	0	2002	0
FFQ	51	0	0	0	0	0	0	0	0	0	0	0	0	0	0	0	0	0	0	0	0	0	0	0	0	0	0	0	0	0	0	2002	0
FFQ	52	0	0	0	0	0	0	0	0	0	0	0	0	0	0	0	0	0	0	0	0	0	0	0	0	0	0	0	0	0	0	2002	0
FFQ	53	0	0	0	0	0	0	0	0	0	0	0	0	0	0	0	0	0	0	0	0	0	0	0	0	0	0	0	0	0	0	2002	0
FFQ	54	0	0	0	0	0	0	0	0	0	0	0	0	0	0	0	0	0	0	0	0	0	0	0	0	0	0	0	0	0	0	2002	0
FFQ	55	0	0	0	0	0	0	0	0	0	0	0	0	0	0	0	0	0	0	0	0	0	0	0	0	0	0	0	0	0	0	2002	0
FFQ	56	0	0	0	0	0	0	0	0	0	0	0	0	0	0	0	0	0	0	0	0	0	0	0	0	0	0	0	0	0	0	2002	0
FFQ	57	0	0	0	0	0	0	0	0	0	0	0	0	0	0	0	0	0	0	0	0	0	0	0	0	0	0	0	0	0	0	2002	0
FFQ	58	0	0	0	0	0	0	0	0	0	0	0	0	0	0	0	0	0	0	0	0	0	0	0	0	0	0	0	0	0	0	2002	0
FFQ	59	0	0	0	0	0	0	0	0	0	0	0	0	0	0	0	0	0	0	0	0	0	0	0	0	0	0	0	0	0	0	2002	0
FFQ	60	0	0	0	0	0	0	0	0	0	0	0	0	0	0	0	0	0	0	0	0	0	0	0	0	0	0	0	0	0	0	2002	0
FFQ	61	0	0	0	0	0	0	0	0	0	0	0	0	0	0	0	0	0	0	0	0	0	0	0	0	0	0	0	0	0	0	2002	0
FFQ	62	0	0	0	0	0	0	0	0	0	0	0	0	0	0	0	0	0	0	0	0	0	0	0	0	0	0	0	0	0	0	2002	0
FFQ	63	0	0	0	0	0	0	0	0	0	0	0	0	0	0	0	0	0	0	0	0	0	0	0	0	0	0	0	0	0	0	2002	0
FFQ	64	0	0	0	0	0	0	0	0	0	0	0	0	0	0	0	0	0	0	0	0	0	0	0	0	0	0	0	0	0	0	2002	0
FFQ	65	0	0	0	0	0	0	0	0	0	0	0	0	0	0	0	0	0	0	0	0	0	0	0	0	0	0	0	0	0	0	2002	0
FFQ	66	0	0	0	0	0	0	0	0	0	0	0	0	0	0	0	0	0	0	0	0	0	0	0	0	0	0	0	0	0	0	2002	0
FFQ	67	0	0	0	0	0	0	0	0	0	0	0	0	0	0	0	0	0	0	0	0	0	0	0	0	0	0	0	0	0	0	2002	0
FFQ	68	0	0	0	0	0	0	0	0	0	0	0	0	0	0	0	0	0	0	0	0	0	0	0	0	0	0	0	0	0	0	2002	0
FFQ	69	0	0	0	0	0	0	0	0	0	0	0	0	0	0	0	0	0	0	0	0	0	0	0	0	0	0	0	0	0	0	2002	0
FFQ	70	0	0	0	0	0	0	0	0	0	0	0	0	0	0	0	0	0	0	0	0	0	0	0	0	0	0	0	0	0	0	2002	0
FFQ	71	0	0	0	0	0	0	0	0	0	0	0	0	0	0	0	0	0	0	0	0	0	0	0	0	0	0	0	0	0	0	2002	0
FFQ	72	0	0	0	0	0	0	0	0	0	0	0	0	0	0	0	0	0	0	0	0	0	0	0	0	0	0	0	0	0	0	2002	0
FFQ	73	0	0	0	0	0	0	0	0	0	0	0	0	0	0	0	0	0	0	0	0	0	0	0	0	0	0	0	0	0	0	2002	0
FFQ	74	0	0	0	0	0	0	0	0	0	0	0	0	0	0	0	0	0	0	0	0	0	0	0	0	0	0	0	0	0	0	2002	0
FFQ	75	0	0	0	0	0	0	0	0	0	0	0	0	0	0	0	0	0	0	0	0	0	0	0	0	0	0	0	0	0	0	2002	0
FFQ	76	0	0	0	0	0	0	0	0	0	0	0	0	0	0	0	0	0	0	0	0	0	0	0	0	0	0	0	0	0	0	2002	0
FFQ	77	0	0	0	0	0	0	0	0	0	0	0	0	0	0	0	0	0	0	0	0	0	0	0	0	0	0	0	0	0	0	2002	0
FFQ	78	0	0	0	0	0	0	0	0	0	0	0	0	0	0	0	0	0	0	0	0	0	0	0	0	0	0	0	0	0	0	2002	0
FFQ	79	0	0	0	0	0	0	0	0	0	0	0	0	0	0	0	0	0	0	0	0	0	0	0	0	0	0	0	0	0	0	2002	0
FFQ	80	0	0	0	0	0	0	0	0	0	0	0	0	0	0	0	0	0	0	0	0	0	0	0	0	0	0	0	0	0	0	2002	0
FFQ	81	0	0	0	0	0	0	0	0	0	0	0	0	0	0	0	0	0	0	0	0	0	0	0	0	0	0	0	0	0	0	2002	0
FFQ	82	0	0	0	0	0	0	0	0	0	0	0	0	0	0	0	0	0	0	0	0	0	0	0	0	0	0	0	0	0	0	2002	0
FFQ	83	0	0	0	0	0	0	0	0	0	0	0	0	0	0	0	0	0	0	0	0	0	0	0	0	0	0	0	0	0	0	2002	0
FFQ	84	0	0	0	0	0	0	0	0	0	0	0	0	0	0	0	0	0	0	0	0	0	0	0	0	0	0	0	0	0	0	2002	0
FFQ	85	0	0	0	0	0	0	0	0	0	0	0	0	0	0	0	0	0	0	0	0	0	0	0	0	0	0	0	0	0	0	2002	0
FFQ	86	0	0	0	0	0	0	0	0	0	0	0	0	0	0	0	0	0	0	0	0	0	0	0	0	0	0	0	0	0	0	2002	0
FFQ	87	0	0	0	0	0	0	0	0	0	0	0	0	0	0	0	0	0	0	0	0	0	0	0	0	0	0	0	0	0	0	2002	0
FFQ	88	0	0	0	0	0	0	0	0	0	0	0	0	0	0	0	0	0	0	0	0	0	0	0	0	0	0	0	0	0	0	2002	0
FFQ	89	0	0	0	0	0	0	0	0	0	0	0	0	0	0	0	0	0	0	0	0	0	0	0	0	0	0	0	0	0	0	2002	0
FFQ	90	0	0	0	0	0	0	0	0	0	0	0	0	0	0	0	0	0	0	0	0	0	0	0	0	0	0	0	0	0	0	2002	0
FFQ	91	0	0	0	0	0	0	0	0	0	0	0	0	0	0	0	0	0	0	0	0	0	0	0	0	0	0	0	0	0	0	2002	0
FFQ	92	0	0	0	0	0	0	0	0	0	0	0	0	0	0	0	0	0	0	0	0	0	0	0	0	0	0	0	0	0	0	2002	0
FFQ	93	0	0	0	0	0	0	0	0	0	0	0	0	0	0	0	0	0	0	0	0	0	0	0	0	0	0	0	0	0	0	2002	0
FFQ	94	0	0	0	0	0	0	0	0	0	0	0	0	0	0	0	0	0	0	0	0	0	0	0	0	0	0	0	0	0	0	2002	0
FFQ	95	0	0	0	0	0	0	0	0	0	0	0	0	0	0	0	0	0	0	0	0	0	0	0	0	0	0	0	0	0	0	2002	0
FFQ	96	0	0	0	0	0	0	0	0	0	0	0	0	0	0	0	0	0	0	0	0	0	0	0	0	0	0	0	0	0	0	2002	0
FFQ	97	0	0	0	0	0	0	0	0	0	0	0	0	0	0	0	0	0	0	0	0	0	0	0	0	0	0	0	0	0	0	2002	0
FFQ	98	0	0	0	0	0	0	0	0	0	0	0	0	0	0	0	0	0	0	0	0	0	0	0	0	0	0	0	0	0	0	2002	0
FFQ	99	0	0	0	0	0	0	0	0	0	0	0	0	0	0	0	0	0	0	0	0	0	0	0	0	0	0	0	0	0	0	2002	0
FFQ	100	0	0	0	0	0	0	0	0	0	0	0	0	0	0	0	0	0	0	0	0	0	0	0	0	0	0	0	0	0	0	2002	0
FFQ	101	0	0	0	0	0	0	0	0	0	0	0	0	0	0	0	0	0	0	0	0	0	0	0	0	0	0	0	0	0	0	2002	0
FFQ	102	0	0	0	0	0	0	0	0	0	0	0	0	0	0	0	0	0	0	0	0	0	0	0	0	0	0	0	0	0	0	2002	0
FFQ	103	0	0	0	0	0	0	0	0	0	0	0	0	0	0	0	0	0	0	0	0	0	0	0	0	0	0	0	0	0	0	2002	0
FFQ	104	0	0	0	0	0	0	0	0	0	0	0	0	0	0	0	0	0	0	0	0	0	0	0	0	0	0	0	0	0	0	2002	0
FFQ	105	0	0	0	0	0	0	0	0	0	0	0	0	0	0	0	0	0	0	0	0	0	0	0	0	0	0	0	0	0	0	2002	0
FFQ	106	0	0	0	0	0	0	0	0	0	0	0	0	0	0	0	0	0	0	0	0	0	0	0	0	0	0	0	0	0	0	2002	0
FFQ	107	0	0	0	0	0	0	0	0	0	0	0	0	0	0	0	0	0	0	0	0	0	0	0	0	0	0	0	0	0	0	2002	0
FFQ	108	0	0	0	0	0	0	0	0	0	0	0	0	0	0	0	0	0	0	0	0	0	0	0	0	0	0	0	0	0	0	2002	0
FFQ	109	0	0	0	0	0	0	0	0	0	0	0	0	0	0	0	0	0	0	0	0	0	0	0	0	0	0	0	0	0	0	2002	0
FFQ	110	0	0	0	0	0	0	0	0	0	0	0	0	0	0	0	0	0	0	0	0	0	0	0	0	0	0	0	0	0	0	2002	0
FFQ	111	0	0	0	0	0	0	0	0	0	0	0	0	0	0	0	0	0	0	0	0	0	0	0	0	0	0	0	0	0	0	2002	0
FFQ	112	0	0	0	0	0	0	0	0	0	0	0	0	0	0	0	0	0	0	0	0	0	0	0	0	0	0	0	0	0	0	2002	0
FFQ	113	0	0	0	0	0	0	0	0	0	0	0	0	0	0	0	0	0	0	0	0	0	0	0	0	0	0	0	0	0	0	2002	0
FFQ	114	0	0	0	0	0	0	0	0	0	0	0	0	0	0	0	0	0	0	0	0	0	0	0	0	0	0	0	0	0	0	2002	0
FFQ	115	0	0	0	0	0	0	0	0	0	0	0	0	0	0	0	0	0	0	0	0	0	0	0	0	0	0	0	0	0	0	2002	0
FFQ	116	0	0	0	0	0	0	0	0	0	0	0	0	0	0	0	0	0	0	0	0	0	0	0	0	0	0	0	0	0	0	2002	0
FFQ	117	0	0	0	0	0	0	0	0	0	0	0	0	0	0	0	0	0	0	0	0	0	0	0	0	0	0	0	0	0	0	2002	0
FFQ	118	0	0	0	0	0	0	0	0	0	0	0	0	0	0	0	0	0	0	0	0	0	0	0	0	0	0	0	0	0	0	2002	0
FFQ	119	0	0	0	0	0	0	0	0	0	0	0	0	0	0	0	0	0	0	0	0	0	0	0	0	0	0	0	0	0	0	2002	0
FFQ	120	0	0	0	0	0	0	0	0	0	0	0	0	0	0	0	0	0	0	0	0	0	0	0	0	0	0	0	0	0	0	2002	0
FFQ	121	0	0	0	0	0	0	0	0	0	0	0	0	0	0	0	0	0	0	0	0	0	0	0	0	0	0	0	0	0	0	2002	0
FFQ	122	0	0	0	0	0	0	0	0	0	0	0	0	0	0	0	0	0	0	0	0	0	0	0	0	0	0	0	0	0	0	2002	0
FFQ	123	0	0	0	0	0	0	0	0	0	0	0	0	0	0	0	0	0	0	0	0	0	0	0	0	0	0	0	0	0	0	2002	0
FFQ	124	0	0	0	0	0	0	0	0	0	0	0	0	0	0	0	0	0	0	0	0	0	0	0	0	0	0	0	0	0	0	2002	0
FFQ	125	0	0	0	0	0	0	0	0	0	0	0	0	0	0	0	0	0	0	0	0	0	0	0	0	0	0	0	0	0	0	2002	0
FFQ	126	0	0	0	0	0	0	0	0	0	0	0	0	0	0	0	0	0	0	0	0	0	0	0	0	0	0	0	0	0	0	2002	0
FFQ	127	0	0	0	0	0	0	0	0	0	0	0	0	0	0	0	0	0	0	0	0	0	0	0	0	0	0	0	0	0	0	2002	0
FFQ	128	0	0	0	0	0	0	0	0	0	0	0	0	0	0	0	0	0	0	0	0	0	0	0	0	0	0	0	0	0	0	2002	0
FFQ	129	0	0	0	0	0	0	0	0	0	0	0	0	0	0	0	0	0	0	0	0	0	0	0	0	0	0	0	0	0	0	2002	0
FFQ	130	0	0	0	0	0	0	0	0	0	0	0	0	0	0	0	0	0	0	0	0	0	0	0	0	0	0	0	0	0	0	2002	0
FFQ	131	0	0	0	0	0	0	0	0	0	0	0	0	0	0	0	0	0	0	0	0	0	0	0	0	0	0	0	0	0	0	2002	0
FFQ	132	0	0	0	0	0	0	0	0	0	0	0	0	0	0	0	0	0	0	0	0	0	0	0	0	0	0	0	0	0	0	2002	0
FFQ	133	0	0	0	0	0	0	0	0	0	0	0	0	0	0	0	0	0	0	0	0	0	0	0	0	0	0	0	0	0	0	2002	0
FFQ	134	0	0	0	0	0	0	0	0	0	0	0	0	0	0	0	0	0	0	0	0	0	0	0	0	0	0	0	0	0	0	2002	0
FFQ	135	0	0	0	0	0	0	0	0	0	0	0	0	0	0	0	0	0	0	0	0	0	0	0	0	0	0	0	0	0	0	2002	0
FFQ	136	0	0	0	0	0	0	0	0	0	0	0	0	0	0	0	0	0	0	0	0	0	0	0	0	0	0	0	0	0	0	2002	0
FFQ	137	0	0	0	0	0	0	0	0	0	0	0	0	0	0	0	0	0	0	0	0	0	0	0	0	0	0	0	0	0	0	2002	0
FFQ	138	0	0	0	0	0	0	0	0	0	0	0	0	0	0	0	0	0	0	0	0	0	0	0	0	0	0	0	0	0	0	2002	0
FFQ	139	0	0	0	0	0	0	0	0	0	0	0	0	0	0	0	0	0	0	0	0	0	0	0	0	0	0	0	0	0	0	2002	0
FFQ	140	0	0	0	0	0	0	0	0	0	0	0	0	0	0	0	0	0	0	0	0	0	0	0	0	0	0	0	0	0	0	2002	0
FFQ	141	0	0	0	0	0	0	0	0	0	0	0	0	0	0	0	0	0	0	0	0	0	0	0	0	0	0	0	0	0	0	2002	0
FFQ	142	0	0	0	0	0	0	0	0	0	0	0	0	0	0	0	0	0	0	0	0	0	0	0	0	0	0	0	0	0	0	2002	0
FFQ	143	0	0	0	0	0	0	0	0	0	0	0	0	0	0	0	0	0	0	0	0	0	0	0	0	0	0	0	0	0	0	2002	0
FFQ	144	0	0	0	0	0	0	0	0	0	0	0	0	0	0	0	0	0	0	0	0	0	0	0	0	0	0	0	0	0	0	2002	0
FFQ	145	0	0	0	0	0	0	0	0	0	0	0	0	0	0	0	0	0	0	0	0	0	0	0	0	0	0	0	0	0	0	2002	0
FFQ	146	0	0	0	0	0	0	0	0	0	0	0	0	0	0	0	0	0	0	0	0	0	0	0	0	0	0	0	0	0	0	2002	0
FFQ	147	0	0	0	0	0	0	0	0	0	0	0	0	0	0	0	0	0	0	0	0	0	0	0	0	0	0	0	0	0	0	2002	0
FFQ	148	0	0	0	0	0	0	0	0	0	0	0	0	0	0	0	0	0	0	0	0	0	0	0	0	0	0	0	0	0	0	2002	0
FFQ	149	0	0	0	0	0	0	0	0	0	0	0	0	0	0	0	0	0	0	0	0	0	0	0	0	0	0	0	0	0	0	2002	0
FFQ	150	0	0	0	0	0	0	0	0	0	0	0	0	0	0	0	0	0	0	0	0	0	0	0	0	0	0	0	0	0	0	2002	0
# Last Fragment Qualities. Use `grep ^LFQ | cut -f 2-` to extract this part.
# Columns correspond to qualities and rows to cycles. First column is the cycle number.
LFQ	1	0	0	0	0	0	0	0	0	0	0	0	0	0	0	0	0	0	0	0	0	0	0	0	0	0	0	0	0	0	0	2002	0
LFQ	2	0	0	0	0	0	0	0	0	0	0	0	0	0	0	0	0	0	0	0	0	0	0	0	0	0	0	0	0	0	0	2002	0
LFQ	3	0	0	0	0	0	0	0	0	0	0	0	0	0	0	0	0	0	0	0	0	0	0	0	0	0	0	0	0	0	0	2002	0
LFQ	4	0	0	0	0	0	0	0	0	0	0	0	0	0	0	0	0	0	0	0	0	0	0	0	0	0	0	0	0	0	0	2002	0
LFQ	5	0	0	0	0	0	0	0	0	0	0	0	0	0	0	0	0	0	0	0	0	0	0	0	0	0	0	0	0	0	0	2002	0
LFQ	6	0	0	0	0	0	0	0	0	0	0	0	0	0	0	0	0	0	0	0	0	0	0	0	0	0	0	0	0	0	0	2002	0
LFQ	7	0	0	0	0	0	0	0	0	0	0	0	0	0	0	0	0	0	0	0	0	0	0	0	0	0	0	0	0	0	0	2002	0
LFQ	8	0	0	0	0	0	0	0	0	0	0	0	0	0	0	0	0	0	0	0	0	0	0	0	0	0	0	0	0	0	0	2002	0
LFQ	9	0	0	0	0	0	0	0	0	0	0	0	0	0	0	0	0	0	0	0	0	0	0	0	0	0	0	0	0	0	0	2002	0
LFQ	10	0	0	0	0	0	0	0	0	0	0	0	0	0	0	0	0	0	0	0	0	0	0	0	0	0	0	0	0	0	0	2002	0
LFQ	11	0	0	0	0	0	0	0	0	0	0	0	0	0	0	0	0	0	0	0	0	0	0	0	0	0	0	0	0	0	0	2002	0
LFQ	12	0	0	0	0	0	0	0	0	0	0	0	0	0	0	0	0	0	0	0	0	0	0	0	0	0	0	0	0	0	0	2002	0
LFQ	13	0	0	0	0	0	0	0	0	0	0	0	0	0	0	0	0	0	0	0	0	0	0	0	0	0	0	0	0	0	0	2002	0
LFQ	14	0	0	0	0	0	0	0	0	0	0	0	0	0	0	0	0	0	0	0	0	0	0	0	0	0	0	0	0	0	0	2002	0
LFQ	15	0	0	0	0	0	0	0	0	0	0	0	0	0	0	0	0	0	0	0	0	0	0	0	0	0	0	0	0	0	0	2002	0
LFQ	16	0	0	0	0	0	0	0	0	0	0	0	0	0	0	0	0	0	0	0	0	0	0	0	0	0	0	0	0	0	0	2002	0
LFQ	17	0	0	0	0	0	0	0	0	0	0	0	0	0	0	0	0	0	0	0	0	0	0	0	0	0	0	0	0	0	0	2002	0
LFQ	18	0	0	0	0	0	0	0	0	0	0	0	0	0	0	0	0	0	0	0	0	0	0	0	0	0	0	0	0	0	0	2002	0
LFQ	19	0	0	0	0	0	0	0	0	0	0	0	0	0	0	0	0	0	0	0	0	0	0	0	0	0	0	0	0	0	0	2002	0
LFQ	20	0	0	0	0	0	0	0	0	0	0	0	0	0	0	0	0	0	0	0	0	0	0	0	0	0	0	0	0	0	0	2002	0
LFQ	21	0	0	0	0	0	0	0	0	0	0	0	0	0	0	0	0	0	0	0	0	0	0	0	0	0	0	0	0	0	0	2002	0
LFQ	22	0	0	0	0	0	0	0	0	0	0	0	0	0	0	0	0	0	0	0	0	0	0	0	0	0	0	0	0	0	0	2002	0
LFQ	23	0	0	0	0	0	0	0	0	0	0	0	0	0	0	0	0	0	0	0	0	0	0	0	0	0	0	0	0	0	0	2002	0
LFQ	24	0	0	0	0	0	0	0	0	0	0	0	0	0	0	0	0	0	0	0	0	0	0	0	0	0	0	0	0	0	0	2002	0
LFQ	25	0	0	0	0	0	0	0	0	0	0	0	0	0	0	0	0	0	0	0	0	0	0	0	0	0	0	0	0	0	0	2002	0
LFQ	26	0	0	0	0	0	0	0	0	0	0	0	0	0	0	0	0	0	0	0	0	0	0	0	0	0	0	0	0	0	0	2002	0
LFQ	27	0	0	0	0	0	0	0	0	0	0	0	0	0	0	0	0	0	0	0	0	0	0	0	0	0	0	0	0	0	0	2002	0
LFQ	28	0	0	0	0	0	0	0	0	0	0	0	0	0	0	0	0	0	0	0	0	0	0	0	0	0	0	0	0	0	0	2002	0
LFQ	29	0	0	0	0	0	0	0	0	0	0	0	0	0	0	0	0	0	0	0	0	0	0	0	0	0	0	0	0	0	0	2002	0
LFQ	30	0	0	0	0	0	0	0	0	0	0	0	0	0	0	0	0	0	0	0	0	0	0	0	0	0	0	0	0	0	0	2002	0
LFQ	31	0	0	0	0	0	0	0	0	0	0	0	0	0	0	0	0	0	0	0	0	0	0	0	0	0	0	0	0	0	0	2002	0
LFQ	32	0	0	0	0	0	0	0	0	0	0	0	0	0	0	0	0	0	0	0	0	0	0	0	0	0	0	0	0	0	0	2002	0
LFQ	33	0	0	0	0	0	0	0	0	0	0	0	0	0	0	0	0	0	0	0	0	0	0	0	0	0	0	0	0	0	0	2002	0
LFQ	34	0	0	0	0	0	0	0	0	0	0	0	0	0	0	0	0	0	0	0	0	0	0	0	0	0	0	0	0	0	0	2002	0
LFQ	35	0	0	0	0	0	0	0	0	0	0	0	0	0	0	0	0	0	0	0	0	0	0	0	0	0	0	0	0	0	0	2002	0
LFQ	36	0	0	0	0	0	0	0	0	0	0	0	0	0	0	0	0	0	0	0	0	0	0	0	0	0	0	0	0	0	0	2002	0
LFQ	37	0	0	0	0	0	0	0	0	0	0	0	0	0	0	0	0	0	0	0	0	0	0	0	0	0	0	0	0	0	0	2002	0
LFQ	38	0	0	0	0	0	0	0	0	0	0	0	0	0	0	0	0	0	0	0	0	0	0	0	0	0	0	0	0	0	0	2002	0
LFQ	39	0	0	0	0	0	0	0	0	0	0	0	0	0	0	0	0	0	0	0	0	0	0	0	0	0	0	0	0	0	0	2002	0
LFQ	40	0	0	0	0	0	0	0	0	0	0	0	0	0	0	0	0	0	0	0	0	0	0	0	0	0	0	0	0	0	0	2002	0
LFQ	41	0	0	0	0	0	0	0	0	0	0	0	0	0	0	0	0	0	0	0	0	0	0	0	0	0	0	0	0	0	0	2002	0
LFQ	42	0	0	0	0	0	0	0	0	0	0	0	0	0	0	0	0	0	0	0	0	0	0	0	0	0	0	0	0	0	0	2002	0
LFQ	43	0	0	0	0	0	0	0	0	0	0	0	0	0	0	0	0	0	0	0	0	0	0	0	0	0	0	0	0	0	0	2002	0
LFQ	44	0	0	0	0	0	0	0	0	0	0	0	0	0	0	0	0	0	0	0	0	0	0	0	0	0	0	0	0	0	0	2002	0
LFQ	45	0	0	0	0	0	0	0	0	0	0	0	0	0	0	0	0	0	0	0	0	0	0	0	0	0	0	0	0	0	0	2002	0
LFQ	46	0	0	0	0	0	0	0	0	0	0	0	0	0	0	0	0	0	0	0	0	0	0	0	0	0	0	0	0	0	0	2002	0
LFQ	47	0	0	0	0	0	0	0	0	0	0	0	0	0	0	0	0	0	0	0	0	0	0	0	0	0	0	0	0	0	0	2002	0
LFQ	48	0	0	0	0	0	0	0	0	0	0	0	0	0	0	0	0	0	0	0	0	0	0	0	0	0	0	0	0	0	0	2002	0
LFQ	49	0	0	0	0	0	0	0	0	0	0	0	0	0	0	0	0	0	0	0	0	0	0	0	0	0	0	0	0	0	0	2002	0
LFQ	50	0	0	0	0	0	0	0	0	0	0	0	0	0	0	0	0	0	0	0	0	0	0	0	0	0	0	0	0	0	0	2002	0
LFQ	51	0	0	0	0	0	0	0	0	0	0	0	0	0	0	0	0	0	0	0	0	0	0	0	0	0	0	0	0	0	0	2002	0
LFQ	52	0	0	0	0	0	0	0	0	0	0	0	0	0	0	0	0	0	0	0	0	0	0	0	0	0	0	0	0	0	0	2002	0
LFQ	53	0	0	0	0	0	0	0	0	0	0	0	0	0	0	0	0	0	0	0	0	0	0	0	0	0	0	0	0	0	0	2002	0
LFQ	54	0	0	0	0	0	0	0	0	0	0	0	0	0	0	0	0	0	0	0	0	0	0	0	0	0	0	0	0	0	0	2002	0
LFQ	55	0	0	0	0	0	0	0	0	0	0	0	0	0	0	0	0	0	0	0	0	0	0	0	0	0	0	0	0	0	0	2002	0
LFQ	56	0	0	0	0	0	0	0	0	0	0	0	0	0	0	0	0	0	0	0	0	0	0	0	0	0	0	0	0	0	0	2002	0
LFQ	57	0	0	0	0	0	0	0	0	0	0	0	0	0	0	0	0	0	0	0	0	0	0	0	0	0	0	0	0	0	0	2002	0
LFQ	58	0	0	0	0	0	0	0	0	0	0	0	0	0	0	0	0	0	0	0	0	0	0	0	0	0	0	0	0	0	0	2002	0
LFQ	59	0	0	0	0	0	0	0	0	0	0	0	0	0	0	0	0	0	0	0	0	0	0	0	0	0	0	0	0	0	0	2002	0
LFQ	60	0	0	0	0	0	0	0	0	0	0	0	0	0	0	0	0	0	0	0	0	0	0	0	0	0	0	0	0	0	0	2002	0
LFQ	61	0	0	0	0	0	0	0	0	0	0	0	0	0	0	0	0	0	0	0	0	0	0	0	0	0	0	0	0	0	0	2002	0
LFQ	62	0	0	0	0	0	0	0	0	0	0	0	0	0	0	0	0	0	0	0	0	0	0	0	0	0	0	0	0	0	0	2002	0
LFQ	63	0	0	0	0	0	0	0	0	0	0	0	0	0	0	0	0	0	0	0	0	0	0	0	0	0	0	0	0	0	0	2002	0
LFQ	64	0	0	0	0	0	0	0	0	0	0	0	0	0	0	0	0	0	0	0	0	0	0	0	0	0	0	0	0	0	0	2002	0
LFQ	65	0	0	0	0	0	0	0	0	0	0	0	0	0	0	0	0	0	0	0	0	0	0	0	0	0	0	0	0	0	0	2002	0
LFQ	66	0	0	0	0	0	0	0	0	0	0	0	0	0	0	0	0	0	0	0	0	0	0	0	0	0	0	0	0	0	0	2002	0
LFQ	67	0	0	0	0	0	0	0	0	0	0	0	0	0	0	0	0	0	0	0	0	0	0	0	0	0	0	0	0	0	0	2002	0
LFQ	68	0	0	0	0	0	0	0	0	0	0	0	0	0	0	0	0	0	0	0	0	0	0	0	0	0	0	0	0	0	0	2002	0
LFQ	69	0	0	0	0	0	0	0	0	0	0	0	0	0	0	0	0	0	0	0	0	0	0	0	0	0	0	0	0	0	0	2002	0
LFQ	70	0	0	0	0	0	0	0	0	0	0	0	0	0	0	0	0	0	0	0	0	0	0	0	0	0	0	0	0	0	0	2002	0
LFQ	71	0	0	0	0	0	0	0	0	0	0	0	0	0	0	0	0	0	0	0	0	0	0	0	0	0	0	0	0	0	0	2002	0
LFQ	72	0	0	0	0	0	0	0	0	0	0	0	0	0	0	0	0	0	0	0	0	0	0	0	0	0	0	0	0	0	0	2002	0
LFQ	73	0	0	0	0	0	0	0	0	0	0	0	0	0	0	0	0	0	0	0	0	0	0	0	0	0	0	0	0	0	0	2002	0
LFQ	74	0	0	0	0	0	0	0	0	0	0	0	0	0	0	0	0	0	0	0	0	0	0	0	0	0	0	0	0	0	0	2002	0
LFQ	75	0	0	0	0	0	0	0	0	0	0	0	0	0	0	0	0	0	0	0	0	0	0	0	0	0	0	0	0	0	0	2002	0
LFQ	76	0	0	0	0	0	0	0	0	0	0	0	0	0	0	0	0	0	0	0	0	0	0	0	0	0	0	0	0	0	0	2002	0
LFQ	77	0	0	0	0	0	0	0	0	0	0	0	0	0	0	0	0	0	0	0	0	0	0	0	0	0	0	0	0	0	0	2002	0
LFQ	78	0	0	0	0	0	0	0	0	0	0	0	0	0	0	0	0	0	0	0	0	0	0	0	0	0	0	0	0	0	0	2002	0
LFQ	79	0	0	0	0	0	0	0	0	0	0	0	0	0	0	0	0	0	0	0	0	0	0	0	0	0	0	0	0	0	0	2002	0
LFQ	80	0	0	0	0	0	0	0	0	0	0	0	0	0	0	0	0	0	0	0	0	0	0	0	0	0	0	0	0	0	0	2002	0
LFQ	81	0	0	0	0	0	0	0	0	0	0	0	0	0	0	0	0	0	0	0	0	0	0	0	0	0	0	0	0	0	0	2002	0
LFQ	82	0	0	0	0	0	0	0	0	0	0	0	0	0	0	0	0	0	0	0	0	0	0	0	0	0	0	0	0	0	0	2002	0
LFQ	83	0	0	0	0	0	0	0	0	0	0	0	0	0	0	0	0	0	0	0	0	0	0	0	0	0	0	0	0	0	0	2002	0
LFQ	84	0	0	0	0	0	0	0	0	0	0	0	0	0	0	0	0	0	0	0	0	0	0	0	0	0	0	0	0	0	0	2002	0
LFQ	85	0	0	0	0	0	0	0	0	0	0	0	0	0	0	0	0	0	0	0	0	0	0	0	0	0	0	0	0	0	0	2002	0
LFQ	86	0	0	0	0	0	0	0	0	0	0	0	0	0	0	0	0	0	0	0	0	0	0	0	0	0	0	0	0	0	0	2002	0
LFQ	87	0	0	0	0	0	0	0	0	0	0	0	0	0	0	0	0	0	0	0	0	0	0	0	0	0	0	0	0	0	0	2002	0
LFQ	88	0	0	0	0	0	0	0	0	0	0	0	0	0	0	0	0	0	0	0	0	0	0	0	0	0	0	0	0	0	0	2002	0
LFQ	89	0	0	0	0	0	0	0	0	0	0	0	0	0	0	0	0	0	0	0	0	0	0	0	0	0	0	0	0	0	0	2002	0
LFQ	90	0	0	0	0	0	0	0	0	0	0	0	0	0	0	0	0	0	0	0	0	0	0	0	0	0	0	0	0	0	0	2002	0
LFQ	91	0	0	0	0	0	0	0	0	0	0	0	0	0	0	0	0	0	0	0	0	0	0	0	0	0	0	0	0	0	0	2002	0
LFQ	92	0	0	0	0	0	0	0	0	0	0	0	0	0	0	0	0	0	0	0	0	0	0	0	0	0	0	0	0	0	0	2002	0
LFQ	93	0	0	0	0	0	0	0	0	0	0	0	0	0	0	0	0	0	0	0	0	0	0	0	0	0	0	0	0	0	0	2002	0
LFQ	94	0	0	0	0	0	0	0	0	0	0	0	0	0	0	0	0	0	0	0	0	0	0	0	0	0	0	0	0	0	0	2002	0
LFQ	95	0	0	0	0	0	0	0	0	0	0	0	0	0	0	0	0	0	0	0	0	0	0	0	0	0	0	0	0	0	0	2002	0
LFQ	96	0	0	0	0	0	0	0	0	0	0	0	0	0	0	0	0	0	0	0	0	0	0	0	0	0	0	0	0	0	0	2002	0
LFQ	97	0	0	0	0	0	0	0	0	0	0	0	0	0	0	0	0	0	0	0	0	0	0	0	0	0	0	0	0	0	0	2002	0
LFQ	98	0	0	0	0	0	0	0	0	0	0	0	0	0	0	0	0	0	0	0	0	0	0	0	0	0	0	0	0	0	0	2002	0
LFQ	99	0	0	0	0	0	0	0	0	0	0	0	0	0	0	0	0	0	0	0	0	0	0	0	0	0	0	0	0	0	0	2002	0
LFQ	100	0	0	0	0	0	0	0	0	0	0	0	0	0	0	0	0	0	0	0	0	0	0	0	0	0	0	0	0	0	0	2002	0
LFQ	101	0	0	0	0	0	0	0	0	0	0	0	0	0	0	0	0	0	0	0	0	0	0	0	0	0	0	0	0	0	0	2002	0
LFQ	102	0	0	0	0	0	0	0	0	0	0	0	0	0	0	0	0	0	0	0	0	0	0	0	0	0	0	0	0	0	0	2002	0
LFQ	103	0	0	0	0	0	0	0	0	0	0	0	0	0	0	0	0	0	0	0	0	0	0	0	0	0	0	0	0	0	0	2002	0
LFQ	104	0	0	0	0	0	0	0	0	0	0	0	0	0	0	0	0	0	0	0	0	0	0	0	0	0	0	0	0	0	0	2002	0
LFQ	105	0	0	0	0	0	0	0	0	0	0	0	0	0	0	0	0	0	0	0	0	0	0	0	0	0	0	0	0	0	0	2002	0
LFQ	106	0	0	0	0	0	0	0	0	0	0	0	0	0	0	0	0	0	0	0	0	0	0	0	0	0	0	0	0	0	0	2002	0
LFQ	107	0	0	0	0	0	0	0	0	0	0	0	0	0	0	0	0	0	0	0	0	0	0	0	0	0	0	0	0	0	0	2002	0
LFQ	108	0	0	0	0	0	0	0	0	0	0	0	0	0	0	0	0	0	0	0	0	0	0	0	0	0	0	0	0	0	0	2002	0
LFQ	109	0	0	0	0	0	0	0	0	0	0	0	0	0	0	0	0	0	0	0	0	0	0	0	0	0	0	0	0	0	0	2002	0
LFQ	110	0	0	0	0	0	0	0	0	0	0	0	0	0	0	0	0	0	0	0	0	0	0	0	0	0	0	0	0	0	0	2002	0
LFQ	111	0	0	0	0	0	0	0	0	0	0	0	0	0	0	0	0	0	0	0	0	0	0	0	0	0	0	0	0	0	0	2002	0
LFQ	112	0	0	0	0	0	0	0	0	0	0	0	0	0	0	0	0	0	0	0	0	0	0	0	0	0	0	0	0	0	0	2002	0
LFQ	113	0	0	0	0	0	0	0	0	0	0	0	0	0	0	0	0	0	0	0	0	0	0	0	0	0	0	0	0	0	0	2002	0
LFQ	114	0	0	0	0	0	0	0	0	0	0	0	0	0	0	0	0	0	0	0	0	0	0	0	0	0	0	0	0	0	0	2002	0
LFQ	115	0	0	0	0	0	0	0	0	0	0	0	0	0	0	0	0	0	0	0	0	0	0	0	0	0	0	0	0	0	0	2002	0
LFQ	116	0	0	0	0	0	0	0	0	0	0	0	0	0	0	0	0	0	0	0	0	0	0	0	0	0	0	0	0	0	0	2002	0
LFQ	117	0	0	0	0	0	0	0	0	0	0	0	0	0	0	0	0	0	0	0	0	0	0	0	0	0	0	0	0	0	0	2002	0
LFQ	118	0	0	0	0	0	0	0	0	0	0	0	0	0	0	0	0	0	0	0	0	0	0	0	0	0	0	0	0	0	0	2002	0
LFQ	119	0	0	0	0	0	0	0	0	0	0	0	0	0	0	0	0	0	0	0	0	0	0	0	0	0	0	0	0	0	0	2002	0
LFQ	120	0	0	0	0	0	0	0	0	0	0	0	0	0	0	0	0	0	0	0	0	0	0	0	0	0	0	0	0	0	0	2002	0
LFQ	121	0	0	0	0	0	0	0	0	0	0	0	0	0	0	0	0	0	0	0	0	0	0	0	0	0	0	0	0	0	0	2002	0
LFQ	122	0	0	0	0	0	0	0	0	0	0	0	0	0	0	0	0	0	0	0	0	0	0	0	0	0	0	0	0	0	0	2002	0
LFQ	123	0	0	0	0	0	0	0	0	0	0	0	0	0	0	0	0	0	0	0	0	0	0	0	0	0	0	0	0	0	0	2002	0
LFQ	124	0	0	0	0	0	0	0	0	0	0	0	0	0	0	0	0	0	0	0	0	0	0	0	0	0	0	0	0	0	0	2002	0
LFQ	125	0	0	0	0	0	0	0	0	0	0	0	0	0	0	0	0	0	0	0	0	0	0	0	0	0	0	0	0	0	0	2002	0
LFQ	126	0	0	0	0	0	0	0	0	0	0	0	0	0	0	0	0	0	0	0	0	0	0	0	0	0	0	0	0	0	0	2002	0
LFQ	127	0	0	0	0	0	0	0	0	0	0	0	0	0	0	0	0	0	0	0	0	0	0	0	0	0	0	0	0	0	0	2002	0
LFQ	128	0	0	0	0	0	0	0	0	0	0	0	0	0	0	0	0	0	0	0	0	0	0	0	0	0	0	0	0	0	0	2002	0
LFQ	129	0	0	0	0	0	0	0	0	0	0	0	0	0	0	0	0	0	0	0	0	0	0	0	0	0	0	0	0	0	0	2002	0
LFQ	130	0	0	0	0	0	0	0	0	0	0	0	0	0	0	0	0	0	0	0	0	0	0	0	0	0	0	0	0	0	0	2002	0
LFQ	131	0	0	0	0	0	0	0	0	0	0	0	0	0	0	0	0	0	0	0	0	0	0	0	0	0	0	0	0	0	0	2002	0
LFQ	132	0	0	0	0	0	0	0	0	0	0	0	0	0	0	0	0	0	0	0	0	0	0	0	0	0	0	0	0	0	0	2002	0
LFQ	133	0	0	0	0	0	0	0	0	0	0	0	0	0	0	0	0	0	0	0	0	0	0	0	0	0	0	0	0	0	0	2002	0
LFQ	134	0	0	0	0	0	0	0	0	0	0	0	0	0	0	0	0	0	0	0	0	0	0	0	0	0	0	0	0	0	0	2002	0
LFQ	135	0	0	0	0	0	0	0	0	0	0	0	0	0	0	0	0	0	0	0	0	0	0	0	0	0	0	0	0	0	0	2002	0
LFQ	136	0	0	0	0	0	0	0	0	0	0	0	0	0	0	0	0	0	0	0	0	0	0	0	0	0	0	0	0	0	0	2002	0
LFQ	137	0	0	0	0	0	0	0	0	0	0	0	0	0	0	0	0	0	0	0	0	0	0	0	0	0	0	0	0	0	0	2002	0
LFQ	138	0	0	0	0	0	0	0	0	0	0	0	0	0	0	0	0	0	0	0	0	0	0	0	0	0	0	0	0	0	0	2002	0
LFQ	139	0	0	0	0	0	0	0	0	0	0	0	0	0	0	0	0	0	0	0	0	0	0	0	0	0	0	0	0	0	0	2002	0
LFQ	140	0	0	0	0	0	0	0	0	0	0	0	0	0	0	0	0	0	0	0	0	0	0	0	0	0	0	0	0	0	0	2002	0
LFQ	141	0	0	0	0	0	0	0	0	0	0	0	0	0	0	0	0	0	0	0	0	0	0	0	0	0	0	0	0	0	0	2002	0
LFQ	142	0	0	0	0	0	0	0	0	0	0	0	0	0	0	0	0	0	0	0	0	0	0	0	0	0	0	0	0	0	0	2002	0
LFQ	143	0	0	0	0	0	0	0	0	0	0	0	0	0	0	0	0	0	0	0	0	0	0	0	0	0	0	0	0	0	0	2002	0
LFQ	144	0	0	0	0	0	0	0	0	0	0	0	0	0	0	0	0	0	0	0	0	0	0	0	0	0	0	0	0	0	0	2002	0
LFQ	145	0	0	0	0	0	0	0	0	0	0	0	0	0	0	0	0	0	0	0	0	0	0	0	0	0	0	0	0	0	0	2002	0
LFQ	146	0	0	0	0	0	0	0	0	0	0	0	0	0	0	0	0	0	0	0	0	0	0	0	0	0	0	0	0	0	0	2002	0
LFQ	147	0	0	0	0	0	0	0	0	0	0	0	0	0	0	0	0	0	0	0	0	0	0	0	0	0	0	0	0	0	0	2002	0
LFQ	148	0	0	0	0	0	0	0	0	0	0	0	0	0	0	0	0	0	0	0	0	0	0	0	0	0	0	0	0	0	0	2002	0
LFQ	149	0	0	0	0	0	0	0	0	0	0	0	0	0	0	0	0	0	0	0	0	0	0	0	0	0	0	0	0	0	0	2002	0
LFQ	150	0	0	0	0	0	0	0	0	0	0	0	0	0	0	0	0	0	0	0	0	0	0	0	0	0	0	0	0	0	0	2002	0
# GC Content of first fragments. Use `grep ^GCF | cut -f 2-` to extract this part.
GCF	4.77	0
GCF	10.05	2
GCF	14.07	0
GCF	18.59	2
GCF	20.10	3
GCF	21.11	2
GCF	22.11	3
GCF	23.12	8
GCF	24.12	11
GCF	24.87	9
GCF	25.38	14
GCF	26.13	17
GCF	27.14	10
GCF	28.14	21
GCF	28.89	31
GCF	29.40	37
GCF	30.15	36
GCF	30.90	33
GCF	31.41	37
GCF	32.16	41
GCF	32.91	56
GCF	33.42	59
GCF	33.92	48
GCF	34.67	67
GCF	35.43	63
GCF	35.93	80
GCF	36.68	78
GCF	37.69	82
GCF	38.69	72
GCF	39.45	76
GCF	39.95	69
GCF	40.70	59
GCF	41.46	75
GCF	41.96	58
GCF	42.71	48
GCF	43.47	45
GCF	43.97	50
GCF	44.72	47
GCF	45.48	63
GCF	45.98	54
GCF	46.73	37
GCF	47.49	45
GCF	47.99	32
GCF	48.74	43
GCF	49.50	22
GCF	50.00	23
GCF	50.75	11
GCF	51.51	16
GCF	52.51	8
GCF	53.52	10
GCF	54.02	7
GCF	54.77	4
GCF	55.53	6
GCF	56.03	9
GCF	56.78	7
GCF	57.54	11
GCF	58.04	8
GCF	58.79	1
GCF	59.55	5
GCF	60.05	3
GCF	60.80	1
GCF	61.56	0
GCF	62.06	2
GCF	63.32	1
GCF	64.82	2
GCF	65.58	3
GCF	66.08	0
GCF	67.09	1
GCF	68.34	0
GCF	69.35	1
# GC Content of last fragments. Use `grep ^GCL | cut -f 2-` to extract this part.
GCL	5.78	0
GCL	12.06	1
GCL	15.08	0
GCL	19.10	1
GCL	21.61	2
GCL	22.86	5
GCL	23.37	14
GCL	24.12	7
GCL	24.87	10
GCL	25.38	14
GCL	26.13	16
GCL	26.88	20
GCL	27.39	25
GCL	28.14	27
GCL	28.89	35
GCL	29.40	33
GCL	30.15	52
GCL	30.90	40
GCL	31.41	37
GCL	32.16	51
GCL	32.91	49
GCL	33.42	65
GCL	33.92	62
GCL	34.67	73
GCL	35.43	69
GCL	35.93	67
GCL	36.68	84
GCL	37.44	90
GCL	37.94	68
GCL	38.69	59
GCL	39.45	79
GCL	39.95	55
GCL	40.70	65
GCL	41.46	66
GCL	41.96	65
GCL	42.71	56
GCL	43.47	55
GCL	43.97	44
GCL	44.72	46
GCL	45.48	52
GCL	45.98	47
GCL	46.73	44
GCL	47.49	36
GCL	47.99	39
GCL	48.74	30
GCL	49.50	21
GCL	50.00	18
GCL	50.75	15
GCL	51.51	14
GCL	52.01	13
GCL	52.76	5
GCL	53.52	9
GCL	54.02	4
GCL	55.03	6
GCL	56.03	3
GCL	56.78	4
GCL	57.54	2
GCL	58.04	0
GCL	58.79	6
GCL	59.55	4
GCL	60.05	3
GCL	60.80	0
GCL	61.56	2
GCL	62.06	3
GCL	62.81	0
GCL	63.57	1
GCL	64.57	0
GCL	65.58	1
# ACGT content per cycle. Use `grep ^GCC | cut -f 2-` to extract this part. The columns are: cycle; A,C,G,T base counts as a percentage of all A/C/G/T bases [%]; and N and O counts as a percentage of all A/C/G/T bases [%]
GCC	1	30.72	20.28	18.08	30.92	0.00	0.00
GCC	2	30.54	20.53	17.51	31.42	0.00	0.00
GCC	3	30.89	20.35	18.01	30.74	0.00	0.00
GCC	4	30.52	19.96	18.86	30.67	0.00	0.00
GCC	5	31.77	19.96	18.98	29.30	0.00	0.00
GCC	6	30.14	20.75	18.41	30.69	0.00	0.00
GCC	7	30.62	18.96	18.63	31.79	0.00	0.00
GCC	8	30.39	19.56	18.71	31.34	0.00	0.00
GCC	9	31.32	20.25	18.81	29.62	0.00	0.00
GCC	10	29.30	21.28	17.66	31.77	0.00	0.00
GCC	11	29.92	20.40	18.61	31.07	0.00	0.00
GCC	12	30.79	19.26	18.41	31.54	0.00	0.00
GCC	13	31.89	19.51	18.83	29.77	0.00	0.00
GCC	14	29.77	20.05	18.66	31.52	0.00	0.00
GCC	15	30.32	19.86	18.43	31.39	0.00	0.00
GCC	16	30.44	19.96	17.11	32.49	0.00	0.00
GCC	17	31.02	20.73	18.63	29.62	0.00	0.00
GCC	18	30.87	19.41	19.41	30.32	0.00	0.00
GCC	19	30.29	20.68	17.93	31.09	0.00	0.00
GCC	20	30.42	19.83	18.63	31.12	0.00	0.00
GCC	21	29.92	19.08	19.03	31.97	0.00	0.00
GCC	22	30.62	19.78	19.48	30.12	0.00	0.00
GCC	23	30.64	19.76	18.36	31.24	0.00	0.00
GCC	24	31.59	19.23	18.68	30.49	0.00	0.00
GCC	25	30.29	20.55	18.58	30.57	0.00	0.00
GCC	26	30.99	19.71	19.06	30.24	0.00	0.00
GCC	27	30.87	20.20	18.83	30.09	0.00	0.00
GCC	28	29.55	19.18	20.08	31.19	0.00	0.00
GCC	29	31.37	20.38	18.81	29.45	0.00	0.00
GCC	30	30.07	20.00	18.41	31.52	0.00	0.00
GCC	31	30.00	20.65	18.58	30.77	0.00	0.00
GCC	32	31.22	19.56	19.38	29.85	0.00	0.00
GCC	33	30.62	19.93	18.68	30.77	0.00	0.00
GCC	34	31.04	19.78	19.11	30.07	0.00	0.00
GCC	35	31.44	19.98	19.43	29.15	0.00	0.00
GCC	36	31.39	19.13	18.03	31.44	0.00	0.00
GCC	37	30.67	19.98	19.03	30.32	0.00	0.00
GCC	38	30.24	20.00	18.53	31.22	0.00	0.00
GCC	39	31.02	20.45	18.18	30.34	0.00	0.00
GCC	40	30.67	19.13	19.23	30.97	0.00	0.00
GCC	41	28.77	20.43	19.11	31.69	0.00	0.00
GCC	42	30.82	20.13	17.96	31.09	0.00	0.00
GCC	43	30.99	19.31	18.61	31.09	0.00	0.00
GCC	44	30.47	19.51	19.68	30.34	0.00	0.00
GCC	45	29.75	19.58	19.76	30.92	0.00	0.00
GCC	46	30.37	19.21	19.41	31.02	0.00	0.00
GCC	47	29.02	19.63	19.96	31.39	0.00	0.00
GCC	48	29.92	20.30	19.31	30.47	0.00	0.00
GCC	49	30.42	20.18	18.21	31.19	0.00	0.00
GCC	50	30.89	20.38	18.51	30.22	0.00	0.00
GCC	51	30.74	19.81	17.41	32.04	0.00	0.00
GCC	52	30.09	20.03	18.58	31.29	0.00	0.00
GCC	53	30.09	20.75	18.26	30.89	0.00	0.00
GCC	54	29.40	20.15	18.13	32.32	0.00	0.00
GCC	55	29.85	20.18	18.66	31.32	0.00	0.00
GCC	56	30.27	19.53	19.83	30.37	0.00	0.00
GCC	57	29.55	19.73	19.11	31.62	0.00	0.00
GCC	58	29.82	20.20	19.73	30.24	0.00	0.00
GCC	59	29.65	20.88	18.53	30.94	0.00	0.00
GCC	60	31.32	19.91	17.81	30.97	0.00	0.00
GCC	61	30.69	20.78	18.38	30.14	0.00	0.00
GCC	62	30.64	20.00	18.81	30.54	0.00	0.00
GCC	63	31.29	19.26	19.16	30.29	0.00	0.00
GCC	64	31.27	20.15	18.51	30.07	0.00	0.00
GCC	65	29.75	20.23	19.78	30.24	0.00	0.00
GCC	66	30.77	19.91	18.48	30.84	0.00	0.00
GCC	67	30.42	20.08	19.41	30.09	0.00	0.00
GCC	68	30.89	20.58	18.96	29.57	0.00	0.00
GCC	69	30.57	19.86	18.76	30.82	0.00	0.00
GCC	70	30.42	20.28	17.96	31.34	0.00	0.00
GCC	71	30.14	19.41	18.71	31.74	0.00	0.00
GCC	72	30.62	20.18	18.43	30.77	0.00	0.00
GCC	73	29.75	20.00	20.40	29.85	0.00	0.00
GCC	74	29.90	19.68	19.33	31.09	0.00	0.00
GCC	75	30.89	20.60	18.88	29.62	0.00	0.00
GCC	76	30.77	20.40	19.28	29.55	0.00	0.00
GCC	77	31.29	19.91	18.78	30.02	0.00	0.00
GCC	78	30.97	19.98	19.96	29.10	0.00	0.00
GCC	79	30.59	18.46	18.86	32.09	0.00	0.00
GCC	80	30.79	19.53	20.33	29.35	0.00	0.00
GCC	81	29.60	20.33	20.13	29.95	0.00	0.00
GCC	82	30.67	19.66	19.26	30.42	0.00	0.00
GCC	83	30.22	20.00	19.66	30.12	0.00	0.00
GCC	84	30.77	20.05	18.56	30.62	0.00	0.00
GCC	85	29.65	20.98	17.41	31.97	0.00	0.00
GCC	86	29.75	20.10	18.96	31.19	0.00	0.00
GCC	87	30.14	20.13	19.53	30.19	0.00	0.00
GCC	88	30.19	19.61	19.16	31.04	0.00	0.00
GCC	89	29.65	19.76	19.03	31.57	0.00	0.00
GCC	90	29.60	20.08	19.16	31.17	0.00	0.00
GCC	91	30.82	19.91	18.31	30.97	0.00	0.00
GCC	92	31.54	18.83	18.31	31.32	0.00	0.00
GCC	93	31.22	20.18	18.53	30.07	0.00	0.00
GCC	94	29.70	20.18	19.46	30.67	0.00	0.00
GCC	95	30.49	19.21	19.43	30.87	0.00	0.00
GCC	96	29.52	20.18	19.41	30.89	0.00	0.00
GCC	97	30.04	19.71	18.83	31.42	0.00	0.00
GCC	98	30.77	20.13	18.41	30.69	0.00	0.00
GCC	99	30.64	19.86	20.68	28.82	0.00	0.00
GCC	100	30.09	20.43	18.93	30.54	0.00	0.00
GCC	101	30.37	20.30	19.53	29.80	0.00	0.00
GCC	102	30.77	19.71	19.26	30.27	0.00	0.00
GCC	103	30.37	19.11	19.73	30.79	0.00	0.00
GCC	104	28.77	20.80	19.33	31.09	0.00	0.00
GCC	105	30.69	19.58	18.93	30.79	0.00	0.00
GCC	106	29.67	20.28	18.66	31.39	0.00	0.00
GCC	107	29.95	19.73	19.83	30.49	0.00	0.00
GCC	108	29.42	20.03	20.10	30.44	0.00	0.00
GCC	109	29.67	20.08	19.26	30.99	0.00	0.00
GCC	110	28.72	20.55	19.36	31.37	0.00	0.00
GCC	111	30.14	19.28	20.28	30.29	0.00	0.00
GCC	112	29.62	20.30	19.73	30.34	0.00	0.00
GCC	113	31.54	20.05	17.63	30.77	0.00	0.00
GCC	114	31.47	20.03	18.18	30.32	0.00	0.00
GCC	115	30.57	20.38	18.93	30.12	0.00	0.00
GCC	116	30.37	19.58	19.53	30.52	0.00	0.00
GCC	117	30.07	20.83	18.36	30.74	0.00	0.00
GCC	118	30.24	20.08	18.48	31.19	0.00	0.00
GCC	119	30.34	20.70	18.21	30.74	0.00	0.00
GCC	120	29.87	19.93	19.11	31.09	0.00	0.00
GCC	121	31.14	19.56	20.20	29.10	0.00	0.00
GCC	122	30.84	20.05	19.66	29.45	0.00	0.00
GCC	123	30.19	20.63	19.11	30.07	0.00	0.00
GCC	124	31.04	18.46	19.66	30.84	0.00	0.00
GCC	125	31.04	19.86	19.01	30.09	0.00	0.00
GCC	126	30.94	19.26	18.81	30.99	0.00	0.00
GCC	127	28.85	20.73	18.18	32.24	0.00	0.00
GCC	128	29.30	19.73	19.21	31.77	0.00	0.00
GCC	129	29.82	19.66	18.48	32.04	0.00	0.00
GCC	130	31.32	20.00	18.21	30.47	0.00	0.00
GCC	131	29.87	19.46	19.88	30.79	0.00	0.00
GCC	132	29.45	19.81	19.86	30.89	0.00	0.00
GCC	133	30.00	20.38	18.86	30.77	0.00	0.00
GCC	134	29.85	19.81	18.98	31.37	0.00	0.00
GCC	135	30.64	19.43	18.86	31.07	0.00	0.00
GCC	136	29.92	20.90	19.63	29.55	0.00	0.00
GCC	137	30.54	20.20	19.03	30.22	0.00	0.00
GCC	138	30.54	19.81	19.36	30.29	0.00	0.00
GCC	139	30.62	19.13	18.26	31.99	0.00	0.00
GCC	140	31.04	19.53	18.16	31.27	0.00	0.00
GCC	141	29.72	20.83	18.66	30.79	0.00	0.00
GCC	142	31.02	19.73	18.98	30.27	0.00	0.00
GCC	143	30.87	19.63	17.16	32.34	0.00	0.00
GCC	144	30.62	19.76	19.78	29.85	0.00	0.00
GCC	145	29.65	20.25	19.43	30.67	0.00	0.00
GCC	146	30.77	19.93	18.51	30.79	0.00	0.00
GCC	147	30.82	19.86	18.96	30.37	0.00	0.00
GCC	148	30.99	20.68	19.26	29.07	0.00	0.00
GCC	149	30.94	19.53	19.43	30.09	0.00	0.00
GCC	150	30.84	20.20	16.93	32.02	0.00	0.00
# ACGT content per cycle, read oriented. Use `grep ^GCT | cut -f 2-` to extract this part. The columns are: cycle; A,C,G,T base counts as a percentage of all A/C/G/T bases [%]
GCT	1	31.37	19.33	19.03	30.27
GCT	2	31.67	18.41	19.63	30.29
GCT	3	30.84	19.86	18.51	30.79
GCT	4	31.87	19.36	19.46	29.32
GCT	5	30.39	19.33	19.61	30.67
GCT	6	29.70	20.05	19.11	31.14
GCT	7	32.29	19.18	18.41	30.12
GCT	8	30.72	19.13	19.13	31.02
GCT	9	30.14	20.28	18.78	30.79
GCT	10	30.37	18.81	20.13	30.69
GCT	11	30.84	18.93	20.08	30.14
GCT	12	31.29	18.56	19.11	31.04
GCT	13	30.74	19.41	18.93	30.92
GCT	14	31.62	19.21	19.51	29.67
GCT	15	31.24	19.23	19.06	30.47
GCT	16	31.77	18.23	18.83	31.17
GCT	17	30.59	18.96	20.40	30.04
GCT	18	31.69	19.43	19.38	29.50
GCT	19	31.64	19.18	19.43	29.75
GCT	20	30.12	18.98	19.48	31.42
GCT	21	30.87	18.98	19.13	31.02
GCT	22	29.42	19.88	19.38	31.32
GCT	23	30.89	19.71	18.41	30.99
GCT	24	30.09	18.23	19.68	31.99
GCT	25	30.27	19.38	19.76	30.59
GCT	26	31.09	19.41	19.36	30.14
GCT	27	31.74	20.13	18.91	29.22
GCT	28	31.27	19.51	19.76	29.47
GCT	29	30.57	18.83	20.35	30.24
GCT	30	31.14	18.83	19.58	30.44
GCT	31	30.79	20.10	19.13	29.97
GCT	32	30.32	19.71	19.23	30.74
GCT	33	30.87	18.73	19.88	30.52
GCT	34	30.17	20.00	18.88	30.94
GCT	35	31.22	19.26	20.15	29.37
GCT	36	32.22	19.26	17.91	30.62
GCT	37	30.72	19.58	19.43	30.27
GCT	38	29.70	18.96	19.58	31.77
GCT	39	31.32	18.96	19.68	30.04
GCT	40	30.14	18.96	19.41	31.49
GCT	41	29.12	20.18	19.36	31.34
GCT	42	32.92	18.83	19.26	29.00
GCT	43	31.09	19.21	18.71	30.99
GCT	44	30.07	19.61	19.58	30.74
GCT	45	30.24	19.63	19.71	30.42
GCT	46	31.37	19.61	19.01	30.02
GCT	47	29.92	19.93	19.66	30.49
GCT	48	29.72	19.76	19.86	30.67
GCT	49	30.59	19.11	19.28	31.02
GCT	50	31.12	19.31	19.58	30.00
GCT	51	31.94	18.36	18.86	30.84
GCT	52	30.12	19.91	18.71	31.27
GCT	53	30.89	20.65	18.36	30.09
GCT	54	31.22	18.53	19.76	30.49
GCT	55	30.99	19.18	19.66	30.17
GCT	56	30.47	19.83	19.53	30.17
GCT	57	30.49	19.13	19.71	30.67
GCT	58	29.77	20.60	19.33	30.29
GCT	59	30.67	19.86	19.56	29.92
GCT	60	31.64	18.53	19.18	30.64
GCT	61	30.72	20.00	19.16	30.12
GCT	62	31.24	20.00	18.81	29.95
GCT	63	30.62	19.98	18.43	30.97
GCT	64	30.82	19.31	19.36	30.52
GCT	65	30.44	19.93	20.08	29.55
GCT	66	30.59	18.83	19.56	31.02
GCT	67	30.54	20.15	19.33	29.97
GCT	68	30.79	19.93	19.61	29.67
GCT	69	31.72	19.51	19.11	29.67
GCT	70	30.97	18.78	19.46	30.79
GCT	71	31.04	19.26	18.86	30.84
GCT	72	31.52	18.53	20.08	29.87
GCT	73	28.92	19.93	20.48	30.67
GCT	74	31.12	19.11	19.91	29.87
GCT	75	29.20	19.06	20.43	31.32
GCT	76	30.44	19.53	20.15	29.87
GCT	77	30.02	19.78	18.91	31.29
GCT	78	30.37	19.88	20.05	29.70
GCT	79	29.50	17.81	19.51	33.19
GCT	80	30.57	19.36	20.50	29.57
GCT	81	29.67	19.81	20.65	29.87
GCT	82	30.62	18.96	19.96	30.47
GCT	83	29.37	19.81	19.86	30.97
GCT	84	30.64	19.23	19.38	30.74
GCT	85	31.49	19.73	18.66	30.12
GCT	86	30.79	20.60	18.46	30.14
GCT	87	30.77	20.00	19.66	29.57
GCT	88	31.47	19.23	19.53	29.77
GCT	89	30.64	19.21	19.58	30.57
GCT	90	31.39	19.33	19.91	29.37
GCT	91	30.47	19.71	18.51	31.32
GCT	92	32.29	18.38	18.76	30.57
GCT	93	30.29	18.26	20.45	30.99
GCT	94	29.25	20.53	19.11	31.12
GCT	95	29.55	19.36	19.28	31.82
GCT	96	29.72	18.73	20.85	30.69
GCT	97	30.99	19.76	18.78	30.47
GCT	98	30.39	18.66	19.88	31.07
GCT	99	30.02	20.08	20.45	29.45
GCT	100	31.52	20.05	19.31	29.12
GCT	101	30.12	20.85	18.98	30.04
GCT	102	30.72	20.20	18.76	30.32
GCT	103	31.02	19.76	19.08	30.14
GCT	104	29.45	20.83	19.31	30.42
GCT	105	31.07	19.36	19.16	30.42
GCT	106	29.45	19.26	19.68	31.62
GCT	107	29.92	19.36	20.20	30.52
GCT	108	30.29	19.66	20.48	29.57
GCT	109	30.94	19.56	19.78	29.72
GCT	110	30.64	20.48	19.43	29.45
GCT	111	30.39	19.63	19.93	30.04
GCT	112	30.42	20.20	19.83	29.55
GCT	113	31.04	18.66	19.03	31.27
GCT	114	30.32	19.03	19.18	31.47
GCT	115	31.94	19.36	19.96	28.75
GCT	116	31.44	19.71	19.41	29.45
GCT	117	29.90	19.06	20.13	30.92
GCT	118	30.64	19.28	19.28	30.79
GCT	119	31.64	18.91	20.00	29.45
GCT	120	31.19	20.00	19.03	29.77
GCT	121	29.65	19.66	20.10	30.59
GCT	122	30.47	19.53	20.18	29.82
GCT	123	30.12	19.16	20.58	30.14
GCT	124	31.72	19.03	19.08	30.17
GCT	125	30.04	19.41	19.46	31.09
GCT	126	30.92	18.93	19.13	31.02
GCT	127	30.67	20.20	18.71	30.42
GCT	128	30.12	20.75	18.18	30.94
GCT	129	30.94	19.08	19.06	30.92
GCT	130	30.82	19.31	18.91	30.97
GCT	131	30.59	19.23	20.10	30.07
GCT	132	29.97	19.63	20.03	30.37
GCT	133	29.82	19.56	19.68	30.94
GCT	134	30.62	19.83	18.96	30.59
GCT	135	31.17	19.06	19.23	30.54
GCT	136	30.97	21.25	19.28	28.50
GCT	137	30.97	19.38	19.86	29.80
GCT	138	29.92	18.83	20.33	30.92
GCT	139	31.59	18.96	18.43	31.02
GCT	140	31.02	18.71	18.98	31.29
GCT	141	30.49	18.61	20.88	30.02
GCT	142	31.54	18.46	20.25	29.75
GCT	143	33.32	17.83	18.96	29.90
GCT	144	30.34	19.53	20.00	30.12
GCT	145	30.94	19.96	19.73	29.37
GCT	146	31.02	18.98	19.46	30.54
GCT	147	30.82	19.06	19.76	30.37
GCT	148	30.42	20.00	19.93	29.65
GCT	149	30.19	20.03	18.93	30.84
GCT	150	30.89	18.51	18.63	31.97
# ACGT content per cycle for first fragments. Use `grep ^FBC | cut -f 2-` to extract this part. The columns are: cycle; A,C,G,T base counts as a percentage of all A/C/G/T bases [%]; and N and O counts as a percentage of all A/C/G/T bases [%]
FBC	1	30.12	21.78	16.38	31.72	0.00	0.00
FBC	2	29.92	21.48	17.28	31.32	0.00	0.00
FBC	3	30.97	20.63	17.93	30.47	0.00	0.00
FBC	4	30.57	18.83	19.23	31.37	0.00	0.00
FBC	5	32.02	20.88	18.98	28.12	0.00	0.00
FBC	6	29.72	20.88	18.33	31.07	0.00	0.00
FBC	7	31.37	19.08	18.43	31.12	0.00	0.00
FBC	8	29.52	20.13	18.93	31.42	0.00	0.00
FBC	9	31.87	20.08	19.23	28.82	0.00	0.00
FBC	10	28.07	21.68	17.73	32.52	0.00	0.00
FBC	11	29.62	21.28	18.53	30.57	0.00	0.00
FBC	12	31.82	18.53	17.83	31.82	0.00	0.00
FBC	13	31.02	18.73	19.43	30.82	0.00	0.00
FBC	14	28.22	20.28	19.88	31.62	0.00	0.00
FBC	15	29.02	20.13	18.53	32.32	0.00	0.00
FBC	16	30.12	19.98	17.73	32.17	0.00	0.00
FBC	17	30.47	21.08	20.08	28.37	0.00	0.00
FBC	18	30.52	19.93	19.98	29.57	0.00	0.00
FBC	19	30.82	21.53	17.38	30.27	0.00	0.00
FBC	20	29.92	20.58	18.58	30.92	0.00	0.00
FBC	21	29.12	18.68	19.48	32.72	0.00	0.00
FBC	22	30.22	20.03	20.23	29.52	0.00	0.00
FBC	23	32.27	19.63	17.58	30.52	0.00	0.00
FBC	24	32.57	19.43	18.33	29.67	0.00	0.00
FBC	25	28.72	21.23	19.08	30.97	0.00	0.00
FBC	26	30.42	20.33	17.93	31.32	0.00	0.00
FBC	27	30.02	19.53	19.63	30.82	0.00	0.00
FBC	28	28.77	20.03	19.98	31.22	0.00	0.00
FBC	29	31.42	20.18	18.88	29.52	0.00	0.00
FBC	30	30.07	19.28	18.78	31.87	0.00	0.00
FBC	31	30.57	19.43	19.13	30.87	0.00	0.00
FBC	32	31.42	20.03	18.48	30.07	0.00	0.00
FBC	33	30.92	19.88	17.93	31.27	0.00	0.00
FBC	34	30.57	19.88	18.18	31.37	0.00	0.00
FBC	35	31.12	20.68	19.58	28.62	0.00	0.00
FBC	36	31.87	19.33	17.48	31.32	0.00	0.00
FBC	37	31.67	18.78	20.33	29.22	0.00	0.00
FBC	38	28.57	20.08	19.58	31.77	0.00	0.00
FBC	39	30.02	19.53	17.93	32.52	0.00	0.00
FBC	40	28.97	19.38	20.68	30.97	0.00	0.00
FBC	41	27.67	21.78	19.33	31.22	0.00	0.00
FBC	42	32.12	20.43	17.28	30.17	0.00	0.00
FBC	43	32.62	19.08	17.68	30.62	0.00	0.00
FBC	44	29.42	19.18	20.28	31.12	0.00	0.00
FBC	45	29.42	18.58	20.48	31.52	0.00	0.00
FBC	46	30.72	18.33	19.83	31.12	0.00	0.00
FBC	47	29.07	19.08	20.23	31.62	0.00	0.00
FBC	48	29.92	19.98	19.03	31.07	0.00	0.00
FBC	49	29.27	20.18	18.93	31.62	0.00	0.00
FBC	50	30.57	19.68	19.33	30.42	0.00	0.00
FBC	51	30.87	19.43	17.43	32.27	0.00	0.00
FBC	52	30.32	21.73	17.53	30.42	0.00	0.00
FBC	53	28.52	21.63	19.18	30.67	0.00	0.00
FBC	54	30.17	20.98	18.03	30.82	0.00	0.00
FBC	55	30.22	20.78	18.03	30.97	0.00	0.00
FBC	56	29.97	19.28	20.13	30.62	0.00	0.00
FBC	57	28.92	19.23	20.03	31.82	0.00	0.00
FBC	58	30.07	19.98	19.48	30.47	0.00	0.00
FBC	59	30.37	22.08	17.88	29.67	0.00	0.00
FBC	60	30.32	20.68	18.88	30.12	0.00	0.00
FBC	61	30.57	21.98	17.98	29.47	0.00	0.00
FBC	62	29.97	21.13	18.63	30.27	0.00	0.00
FBC	63	31.92	18.38	19.73	29.97	0.00	0.00
FBC	64	31.67	19.58	19.28	29.47	0.00	0.00
FBC	65	29.72	19.83	19.98	30.47	0.00	0.00
FBC	66	29.27	20.38	19.13	31.22	0.00	0.00
FBC	67	29.92	19.58	19.98	30.52	0.00	0.00
FBC	68	30.82	20.68	19.23	29.27	0.00	0.00
FBC	69	28.52	21.03	19.83	30.62	0.00	0.00
FBC	70	30.52	20.93	19.03	29.52	0.00	0.00
FBC	71	30.07	19.28	18.93	31.72	0.00	0.00
FBC	72	30.27	20.68	18.63	30.42	0.00	0.00
FBC	73	28.72	20.18	21.33	29.77	0.00	0.00
FBC	74	29.77	19.78	20.03	30.42	0.00	0.00
FBC	75	30.52	20.53	18.78	30.17	0.00	0.00
FBC	76	31.07	20.53	19.93	28.47	0.00	0.00
FBC	77	29.17	20.48	20.03	30.32	0.00	0.00
FBC	78	30.57	19.93	19.58	29.92	0.00	0.00
FBC	79	29.37	19.13	19.48	32.02	0.00	0.00
FBC	80	30.62	19.78	20.38	29.22	0.00	0.00
FBC	81	28.12	19.28	21.28	31.32	0.00	0.00
FBC	82	29.07	20.28	19.43	31.22	0.00	0.00
FBC	83	30.67	19.23	19.33	30.77	0.00	0.00
FBC	84	30.52	20.53	19.33	29.62	0.00	0.00
FBC	85	29.07	20.83	17.08	33.02	0.00	0.00
FBC	86	30.27	21.33	18.23	30.17	0.00	0.00
FBC	87	29.92	19.78	20.93	29.37	0.00	0.00
FBC	88	29.47	20.08	19.88	30.57	0.00	0.00
FBC	89	27.97	19.73	20.58	31.72	0.00	0.00
FBC	90	29.22	18.98	20.28	31.52	0.00	0.00
FBC	91	30.92	19.78	17.93	31.37	0.00	0.00
FBC	92	31.72	18.68	17.28	32.32	0.00	0.00
FBC	93	29.77	21.28	17.63	31.32	0.00	0.00
FBC	94	29.37	20.38	19.73	30.52	0.00	0.00
FBC	95	30.92	19.33	19.28	30.47	0.00	0.00
FBC	96	28.72	20.08	19.58	31.62	0.00	0.00
FBC	97	30.77	19.48	18.58	31.17	0.00	0.00
FBC	98	30.22	21.43	17.58	30.77	0.00	0.00
FBC	99	29.97	20.63	21.03	28.37	0.00	0.00
FBC	100	30.42	21.08	19.28	29.22	0.00	0.00
FBC	101	29.92	21.08	19.98	29.02	0.00	0.00
FBC	102	30.82	20.23	18.83	30.12	0.00	0.00
FBC	103	30.57	19.33	19.33	30.77	0.00	0.00
FBC	104	27.87	21.93	19.38	30.82	0.00	0.00
FBC	105	31.12	19.53	18.93	30.42	0.00	0.00
FBC	106	30.67	20.13	19.63	29.57	0.00	0.00
FBC	107	29.47	20.58	19.18	30.77	0.00	0.00
FBC	108	28.62	20.08	20.33	30.97	0.00	0.00
FBC	109	29.57	21.68	19.08	29.67	0.00	0.00
FBC	110	28.37	20.98	19.18	31.47	0.00	0.00
FBC	111	29.67	19.38	19.83	31.12	0.00	0.00
FBC	112	29.77	21.13	19.83	29.27	0.00	0.00
FBC	113	31.62	20.33	17.63	30.42	0.00	0.00
FBC	114	30.87	20.33	18.28	30.52	0.00	0.00
FBC	115	29.07	19.98	20.03	30.92	0.00	0.00
FBC	116	28.77	21.73	19.43	30.07	0.00	0.00
FBC	117	29.22	20.83	18.48	31.47	0.00	0.00
FBC	118	30.17	20.13	18.68	31.02	0.00	0.00
FBC	119	29.87	21.38	17.43	31.32	0.00	0.00
FBC	120	29.07	19.98	19.58	31.37	0.00	0.00
FBC	121	30.72	19.93	19.53	29.82	0.00	0.00
FBC	122	30.72	20.83	19.93	28.52	0.00	0.00
FBC	123	30.07	20.83	19.88	29.22	0.00	0.00
FBC	124	30.87	18.43	19.53	31.17	0.00	0.00
FBC	125	30.92	19.83	17.63	31.62	0.00	0.00
FBC	126	31.02	20.08	18.88	30.02	0.00	0.00
FBC	127	27.97	21.43	18.08	32.52	0.00	0.00
FBC	128	28.42	20.63	18.93	32.02	0.00	0.00
FBC	129	28.87	19.53	18.93	32.67	0.00	0.00
FBC	130	31.87	19.38	18.38	30.37	0.00	0.00
FBC	131	29.22	19.88	20.58	30.32	0.00	0.00
FBC	132	29.97	19.63	19.48	30.92	0.00	0.00
FBC	133	30.37	20.78	18.78	30.07	0.00	0.00
FBC	134	29.97	19.28	20.48	30.27	0.00	0.00
FBC	135	31.67	19.68	17.83	30.82	0.00	0.00
FBC	136	30.42	20.98	20.03	28.57	0.00	0.00
FBC	137	30.07	20.93	19.43	29.57	0.00	0.00
FBC	138	29.12	19.88	20.33	30.67	0.00	0.00
FBC	139	29.72	18.93	18.53	32.82	0.00	0.00
FBC	140	29.97	18.93	18.43	32.67	0.00	0.00
FBC	141	29.47	20.98	19.13	30.42	0.00	0.00
FBC	142	30.37	20.13	20.03	29.47	0.00	0.00
FBC	143	29.67	19.98	16.98	33.37	0.00	0.00
FBC	144	30.72	18.63	19.68	30.97	0.00	0.00
FBC	145	29.52	19.83	20.18	30.47	0.00	0.00
FBC	146	30.27	19.73	19.18	30.82	0.00	0.00
FBC	147	30.27	18.93	19.93	30.87	0.00	0.00
FBC	148	30.52	21.03	18.53	29.92	0.00	0.00
FBC	149	30.52	20.23	19.98	29.27	0.00	0.00
FBC	150	29.82	20.33	16.48	33.37	0.00	0.00
# ACGT raw counters for first fragments. Use `grep ^FTC | cut -f 2-` to extract this part. The columns are: A,C,G,T,N base counters
FTC	90368	60486	57250	92196	0
# ACGT content per cycle for last fragments. Use `grep ^LBC | cut -f 2-` to extract this part. The columns are: cycle; A,C,G,T base counts as a percentage of all A/C/G/T bases [%]; and N and O counts as a percentage of all A/C/G/T bases [%]
LBC	1	31.32	18.78	19.78	30.12	0.00	0.00
LBC	2	31.17	19.58	17.73	31.52	0.00	0.00
LBC	3	30.82	20.08	18.08	31.02	0.00	0.00
LBC	4	30.47	21.08	18.48	29.97	0.00	0.00
LBC	5	31.52	19.03	18.98	30.47	0.00	0.00
LBC	6	30.57	20.63	18.48	30.32	0.00	0.00
LBC	7	29.87	18.83	18.83	32.47	0.00	0.00
LBC	8	31.27	18.98	18.48	31.27	0.00	0.00
LBC	9	30.77	20.43	18.38	30.42	0.00	0.00
LBC	10	30.52	20.88	17.58	31.02	0.00	0.00
LBC	11	30.22	19.53	18.68	31.57	0.00	0.00
LBC	12	29.77	19.98	18.98	31.27	0.00	0.00
LBC	13	32.77	20.28	18.23	28.72	0.00	0.00
LBC	14	31.32	19.83	17.43	31.42	0.00	0.00
LBC	15	31.62	19.58	18.33	30.47	0.00	0.00
LBC	16	30.77	19.93	16.48	32.82	0.00	0.00
LBC	17	31.57	20.38	17.18	30.87	0.00	0.00
LBC	18	31.22	18.88	18.83	31.07	0.00	0.00
LBC	19	29.77	19.83	18.48	31.92	0.00	0.00
LBC	20	30.92	19.08	18.68	31.32	0.00	0.00
LBC	21	30.72	19.48	18.58	31.22	0.00	0.00
LBC	22	31.02	19.53	18.73	30.72	0.00	0.00
LBC	23	29.02	19.88	19.13	31.97	0.00	0.00
LBC	24	30.62	19.03	19.03	31.32	0.00	0.00
LBC	25	31.87	19.88	18.08	30.17	0.00	0.00
LBC	26	31.57	19.08	20.18	29.17	0.00	0.00
LBC	27	31.72	20.88	18.03	29.37	0.00	0.00
LBC	28	30.32	18.33	20.18	31.17	0.00	0.00
LBC	29	31.32	20.58	18.73	29.37	0.00	0.00
LBC	30	30.07	20.73	18.03	31.17	0.00	0.00
LBC	31	29.42	21.88	18.03	30.67	0.00	0.00
LBC	32	31.02	19.08	20.28	29.62	0.00	0.00
LBC	33	30.32	19.98	19.43	30.27	0.00	0.00
LBC	34	31.52	19.68	20.03	28.77	0.00	0.00
LBC	35	31.77	19.28	19.28	29.67	0.00	0.00
LBC	36	30.92	18.93	18.58	31.57	0.00	0.00
LBC	37	29.67	21.18	17.73	31.42	0.00	0.00
LBC	38	31.92	19.93	17.48	30.67	0.00	0.00
LBC	39	32.02	21.38	18.43	28.17	0.00	0.00
LBC	40	32.37	18.88	17.78	30.97	0.00	0.00
LBC	41	29.87	19.08	18.88	32.17	0.00	0.00
LBC	42	29.52	19.83	18.63	32.02	0.00	0.00
LBC	43	29.37	19.53	19.53	31.57	0.00	0.00
LBC	44	31.52	19.83	19.08	29.57	0.00	0.00
LBC	45	30.07	20.58	19.03	30.32	0.00	0.00
LBC	46	30.02	20.08	18.98	30.92	0.00	0.00
LBC	47	28.97	20.18	19.68	31.17	0.00	0.00
LBC	48	29.92	20.63	19.58	29.87	0.00	0.00
LBC	49	31.57	20.18	17.48	30.77	0.00	0.00
LBC	50	31.22	21.08	17.68	30.02	0.00	0.00
LBC	51	30.62	20.18	17.38	31.82	0.00	0.00
LBC	52	29.87	18.33	19.63	32.17	0.00	0.00
LBC	53	31.67	19.88	17.33	31.12	0.00	0.00
LBC	54	28.62	19.33	18.23	33.82	0.00	0.00
LBC	55	29.47	19.58	19.28	31.67	0.00	0.00
LBC	56	30.57	19.78	19.53	30.12	0.00	0.00
LBC	57	30.17	20.23	18.18	31.42	0.00	0.00
LBC	58	29.57	20.43	19.98	30.02	0.00	0.00
LBC	59	28.92	19.68	19.18	32.22	0.00	0.00
LBC	60	32.32	19.13	16.73	31.82	0.00	0.00
LBC	61	30.82	19.58	18.78	30.82	0.00	0.00
LBC	62	31.32	18.88	18.98	30.82	0.00	0.00
LBC	63	30.67	20.13	18.58	30.62	0.00	0.00
LBC	64	30.87	20.73	17.73	30.67	0.00	0.00
LBC	65	29.77	20.63	19.58	30.02	0.00	0.00
LBC	66	32.27	19.43	17.83	30.47	0.00	0.00
LBC	67	30.92	20.58	18.83	29.67	0.00	0.00
LBC	68	30.97	20.48	18.68	29.87	0.00	0.00
LBC	69	32.62	18.68	17.68	31.02	0.00	0.00
LBC	70	30.32	19.63	16.88	33.17	0.00	0.00
LBC	71	30.22	19.53	18.48	31.77	0.00	0.00
LBC	72	30.97	19.68	18.23	31.12	0.00	0.00
LBC	73	30.77	19.83	19.48	29.92	0.00	0.00
LBC	74	30.02	19.58	18.63	31.77	0.00	0.00
LBC	75	31.27	20.68	18.98	29.07	0.00	0.00
LBC	76	30.47	20.28	18.63	30.62	0.00	0.00
LBC	77	33.42	19.33	17.53	29.72	0.00	0.00
LBC	78	31.37	20.03	20.33	28.27	0.00	0.00
LBC	79	31.82	17.78	18.23	32.17	0.00	0.00
LBC	80	30.97	19.28	20.28	29.47	0.00	0.00
LBC	81	31.07	21.38	18.98	28.57	0.00	0.00
LBC	82	32.27	19.03	19.08	29.62	0.00	0.00
LBC	83	29.77	20.78	19.98	29.47	0.00	0.00
LBC	84	31.02	19.58	17.78	31.62	0.00	0.00
LBC	85	30.22	21.13	17.73	30.92	0.00	0.00
LBC	86	29.22	18.88	19.68	32.22	0.00	0.00
LBC	87	30.37	20.48	18.13	31.02	0.00	0.00
LBC	88	30.92	19.13	18.43	31.52	0.00	0.00
LBC	89	31.32	19.78	17.48	31.42	0.00	0.00
LBC	90	29.97	21.18	18.03	30.82	0.00	0.00
LBC	91	30.72	20.03	18.68	30.57	0.00	0.00
LBC	92	31.37	18.98	19.33	30.32	0.00	0.00
LBC	93	32.67	19.08	19.43	28.82	0.00	0.00
LBC	94	30.02	19.98	19.18	30.82	0.00	0.00
LBC	95	30.07	19.08	19.58	31.27	0.00	0.00
LBC	96	30.32	20.28	19.23	30.17	0.00	0.00
LBC	97	29.32	19.93	19.08	31.67	0.00	0.00
LBC	98	31.32	18.83	19.23	30.62	0.00	0.00
LBC	99	31.32	19.08	20.33	29.27	0.00	0.00
LBC	100	29.77	19.78	18.58	31.87	0.00	0.00
LBC	101	30.82	19.53	19.08	30.57	0.00	0.00
LBC	102	30.72	19.18	19.68	30.42	0.00	0.00
LBC	103	30.17	18.88	20.13	30.82	0.00	0.00
LBC	104	29.67	19.68	19.28	31.37	0.00	0.00
LBC	105	30.27	19.63	18.93	31.17	0.00	0.00
LBC	106	28.67	20.43	17.68	33.22	0.00	0.00
LBC	107	30.42	18.88	20.48	30.22	0.00	0.00
LBC	108	30.22	19.98	19.88	29.92	0.00	0.00
LBC	109	29.77	18.48	19.43	32.32	0.00	0.00
LBC	110	29.07	20.13	19.53	31.27	0.00	0.00
LBC	111	30.62	19.18	20.73	29.47	0.00	0.00
LBC	112	29.47	19.48	19.63	31.42	0.00	0.00
LBC	113	31.47	19.78	17.63	31.12	0.00	0.00
LBC	114	32.07	19.73	18.08	30.12	0.00	0.00
LBC	115	32.07	20.78	17.83	29.32	0.00	0.00
LBC	116	31.97	17.43	19.63	30.97	0.00	0.00
LBC	117	30.92	20.83	18.23	30.02	0.00	0.00
LBC	118	30.32	20.03	18.28	31.37	0.00	0.00
LBC	119	30.82	20.03	18.98	30.17	0.00	0.00
LBC	120	30.67	19.88	18.63	30.82	0.00	0.00
LBC	121	31.57	19.18	20.88	28.37	0.00	0.00
LBC	122	30.97	19.28	19.38	30.37	0.00	0.00
LBC	123	30.32	20.43	18.33	30.92	0.00	0.00
LBC	124	31.22	18.48	19.78	30.52	0.00	0.00
LBC	125	31.17	19.88	20.38	28.57	0.00	0.00
LBC	126	30.87	18.43	18.73	31.97	0.00	0.00
LBC	127	29.72	20.03	18.28	31.97	0.00	0.00
LBC	128	30.17	18.83	19.48	31.52	0.00	0.00
LBC	129	30.77	19.78	18.03	31.42	0.00	0.00
LBC	130	30.77	20.63	18.03	30.57	0.00	0.00
LBC	131	30.52	19.03	19.18	31.27	0.00	0.00
LBC	132	28.92	19.98	20.23	30.87	0.00	0.00
LBC	133	29.62	19.98	18.93	31.47	0.00	0.00
LBC	134	29.72	20.33	17.48	32.47	0.00	0.00
LBC	135	29.62	19.18	19.88	31.32	0.00	0.00
LBC	136	29.42	20.83	19.23	30.52	0.00	0.00
LBC	137	31.02	19.48	18.63	30.87	0.00	0.00
LBC	138	31.97	19.73	18.38	29.92	0.00	0.00
LBC	139	31.52	19.33	17.98	31.17	0.00	0.00
LBC	140	32.12	20.13	17.88	29.87	0.00	0.00
LBC	141	29.97	20.68	18.18	31.17	0.00	0.00
LBC	142	31.67	19.33	17.93	31.07	0.00	0.00
LBC	143	32.07	19.28	17.33	31.32	0.00	0.00
LBC	144	30.52	20.88	19.88	28.72	0.00	0.00
LBC	145	29.77	20.68	18.68	30.87	0.00	0.00
LBC	146	31.27	20.13	17.83	30.77	0.00	0.00
LBC	147	31.37	20.78	17.98	29.87	0.00	0.00
LBC	148	31.47	20.33	19.98	28.22	0.00	0.00
LBC	149	31.37	18.83	18.88	30.92	0.00	0.00
LBC	150	31.87	20.08	17.38	30.67	0.00	0.00
# ACGT raw counters for last fragments. Use `grep ^LTC | cut -f 2-` to extract this part. The columns are: A,C,G,T,N base counters
LTC	92285	59416	56281	92318	0
# Insert sizes. Use `grep ^IS | cut -f 2-` to extract this part. The columns are: insert size, pairs total, inward oriented pairs, outward oriented pairs, other pairs
IS	0	0	0	0	0
IS	1	0	0	0	0
IS	2	0	0	0	0
IS	3	0	0	0	0
IS	4	0	0	0	0
IS	5	0	0	0	0
IS	6	0	0	0	0
IS	7	0	0	0	0
IS	8	0	0	0	0
IS	9	0	0	0	0
IS	10	0	0	0	0
IS	11	0	0	0	0
IS	12	0	0	0	0
IS	13	0	0	0	0
IS	14	0	0	0	0
IS	15	0	0	0	0
IS	16	0	0	0	0
IS	17	0	0	0	0
IS	18	0	0	0	0
IS	19	0	0	0	0
IS	20	0	0	0	0
IS	21	0	0	0	0
IS	22	0	0	0	0
IS	23	0	0	0	0
IS	24	0	0	0	0
IS	25	0	0	0	0
IS	26	0	0	0	0
IS	27	0	0	0	0
IS	28	0	0	0	0
IS	29	0	0	0	0
IS	30	0	0	0	0
IS	31	0	0	0	0
IS	32	0	0	0	0
IS	33	0	0	0	0
IS	34	0	0	0	0
IS	35	0	0	0	0
IS	36	0	0	0	0
IS	37	0	0	0	0
IS	38	0	0	0	0
IS	39	0	0	0	0
IS	40	0	0	0	0
IS	41	0	0	0	0
IS	42	0	0	0	0
IS	43	0	0	0	0
IS	44	0	0	0	0
IS	45	0	0	0	0
IS	46	0	0	0	0
IS	47	0	0	0	0
IS	48	0	0	0	0
IS	49	0	0	0	0
IS	50	0	0	0	0
IS	51	0	0	0	0
IS	52	0	0	0	0
IS	53	0	0	0	0
IS	54	0	0	0	0
IS	55	0	0	0	0
IS	56	0	0	0	0
IS	57	0	0	0	0
IS	58	0	0	0	0
IS	59	0	0	0	0
IS	60	0	0	0	0
IS	61	0	0	0	0
IS	62	0	0	0	0
IS	63	0	0	0	0
IS	64	0	0	0	0
IS	65	0	0	0	0
IS	66	0	0	0	0
IS	67	0	0	0	0
IS	68	0	0	0	0
IS	69	0	0	0	0
IS	70	0	0	0	0
IS	71	0	0	0	0
IS	72	0	0	0	0
IS	73	0	0	0	0
IS	74	0	0	0	0
IS	75	0	0	0	0
IS	76	0	0	0	0
IS	77	0	0	0	0
IS	78	0	0	0	0
IS	79	0	0	0	0
IS	80	0	0	0	0
IS	81	0	0	0	0
IS	82	0	0	0	0
IS	83	0	0	0	0
IS	84	0	0	0	0
IS	85	0	0	0	0
IS	86	0	0	0	0
IS	87	0	0	0	0
IS	88	0	0	0	0
IS	89	0	0	0	0
IS	90	0	0	0	0
IS	91	0	0	0	0
IS	92	0	0	0	0
IS	93	0	0	0	0
IS	94	0	0	0	0
IS	95	0	0	0	0
IS	96	0	0	0	0
IS	97	0	0	0	0
IS	98	0	0	0	0
IS	99	0	0	0	0
IS	100	0	0	0	0
IS	101	0	0	0	0
IS	102	0	0	0	0
IS	103	0	0	0	0
IS	104	0	0	0	0
IS	105	0	0	0	0
IS	106	0	0	0	0
IS	107	0	0	0	0
IS	108	0	0	0	0
IS	109	0	0	0	0
IS	110	0	0	0	0
IS	111	0	0	0	0
IS	112	0	0	0	0
IS	113	0	0	0	0
IS	114	0	0	0	0
IS	115	0	0	0	0
IS	116	0	0	0	0
IS	117	0	0	0	0
IS	118	0	0	0	0
IS	119	0	0	0	0
IS	120	0	0	0	0
IS	121	0	0	0	0
IS	122	0	0	0	0
IS	123	0	0	0	0
IS	124	0	0	0	0
IS	125	0	0	0	0
IS	126	0	0	0	0
IS	127	0	0	0	0
IS	128	0	0	0	0
IS	129	0	0	0	0
IS	130	0	0	0	0
IS	131	0	0	0	0
IS	132	0	0	0	0
IS	133	0	0	0	0
IS	134	0	0	0	0
IS	135	0	0	0	0
IS	136	0	0	0	0
IS	137	0	0	0	0
IS	138	0	0	0	0
IS	139	0	0	0	0
IS	140	0	0	0	0
IS	141	0	0	0	0
IS	142	0	0	0	0
IS	143	0	0	0	0
IS	144	0	0	0	0
IS	145	0	0	0	0
IS	146	0	0	0	0
IS	147	0	0	0	0
IS	148	0	0	0	0
IS	149	0	0	0	0
IS	150	0	0	0	0
IS	151	0	0	0	0
IS	152	0	0	0	0
IS	153	0	0	0	0
IS	154	0	0	0	0
IS	155	0	0	0	0
IS	156	0	0	0	0
IS	157	0	0	0	0
IS	158	0	0	0	0
IS	159	0	0	0	0
IS	160	0	0	0	0
IS	161	0	0	0	0
IS	162	0	0	0	0
IS	163	0	0	0	0
IS	164	0	0	0	0
IS	165	0	0	0	0
IS	166	0	0	0	0
IS	167	0	0	0	0
IS	168	0	0	0	0
IS	169	0	0	0	0
IS	170	0	0	0	0
IS	171	0	0	0	0
IS	172	0	0	0	0
IS	173	0	0	0	0
IS	174	0	0	0	0
IS	175	0	0	0	0
IS	176	0	0	0	0
IS	177	0	0	0	0
IS	178	0	0	0	0
IS	179	0	0	0	0
IS	180	0	0	0	0
IS	181	0	0	0	0
IS	182	0	0	0	0
IS	183	0	0	0	0
IS	184	0	0	0	0
IS	185	0	0	0	0
IS	186	0	0	0	0
IS	187	0	0	0	0
IS	188	0	0	0	0
IS	189	0	0	0	0
IS	190	0	0	0	0
IS	191	0	0	0	0
IS	192	0	0	0	0
IS	193	0	0	0	0
IS	194	0	0	0	0
IS	195	0	0	0	0
IS	196	0	0	0	0
IS	197	0	0	0	0
IS	198	0	0	0	0
IS	199	0	0	0	0
IS	200	0	0	0	0
IS	201	0	0	0	0
IS	202	0	0	0	0
IS	203	0	0	0	0
IS	204	0	0	0	0
IS	205	0	0	0	0
IS	206	0	0	0	0
IS	207	0	0	0	0
IS	208	0	0	0	0
IS	209	0	0	0	0
IS	210	0	0	0	0
IS	211	0	0	0	0
IS	212	0	0	0	0
IS	213	0	0	0	0
IS	214	0	0	0	0
IS	215	0	0	0	0
IS	216	0	0	0	0
IS	217	0	0	0	0
IS	218	0	0	0	0
IS	219	0	0	0	0
IS	220	0	0	0	0
IS	221	0	0	0	0
IS	222	0	0	0	0
IS	223	0	0	0	0
IS	224	0	0	0	0
IS	225	0	0	0	0
IS	226	0	0	0	0
IS	227	0	0	0	0
IS	228	0	0	0	0
IS	229	0	0	0	0
IS	230	0	0	0	0
IS	231	0	0	0	0
IS	232	0	0	0	0
IS	233	0	0	0	0
IS	234	0	0	0	0
IS	235	0	0	0	0
IS	236	0	0	0	0
IS	237	0	0	0	0
IS	238	0	0	0	0
IS	239	0	0	0	0
IS	240	0	0	0	0
IS	241	0	0	0	0
IS	242	0	0	0	0
IS	243	0	0	0	0
IS	244	0	0	0	0
IS	245	0	0	0	0
IS	246	0	0	0	0
IS	247	0	0	0	0
IS	248	0	0	0	0
IS	249	0	0	0	0
IS	250	0	0	0	0
IS	251	0	0	0	0
IS	252	0	0	0	0
IS	253	0	0	0	0
IS	254	0	0	0	0
IS	255	0	0	0	0
IS	256	0	0	0	0
IS	257	0	0	0	0
IS	258	0	0	0	0
IS	259	0	0	0	0
IS	260	0	0	0	0
IS	261	0	0	0	0
IS	262	0	0	0	0
IS	263	0	0	0	0
IS	264	0	0	0	0
IS	265	0	0	0	0
IS	266	0	0	0	0
IS	267	0	0	0	0
IS	268	0	0	0	0
IS	269	0	0	0	0
IS	270	0	0	0	0
IS	271	0	0	0	0
IS	272	0	0	0	0
IS	273	0	0	0	0
IS	274	0	0	0	0
IS	275	0	0	0	0
IS	276	0	0	0	0
IS	277	0	0	0	0
IS	278	0	0	0	0
IS	279	0	0	0	0
IS	280	0	0	0	0
IS	281	0	0	0	0
IS	282	0	0	0	0
IS	283	0	0	0	0
IS	284	0	0	0	0
IS	285	0	0	0	0
IS	286	0	0	0	0
IS	287	0	0	0	0
IS	288	0	0	0	0
IS	289	0	0	0	0
IS	290	0	0	0	0
IS	291	0	0	0	0
IS	292	0	0	0	0
IS	293	0	0	0	0
IS	294	0	0	0	0
IS	295	0	0	0	0
IS	296	0	0	0	0
IS	297	0	0	0	0
IS	298	0	0	0	0
IS	299	0	0	0	0
IS	300	0	0	0	0
IS	301	0	0	0	0
IS	302	0	0	0	0
IS	303	0	0	0	0
IS	304	0	0	0	0
IS	305	0	0	0	0
IS	306	0	0	0	0
IS	307	0	0	0	0
IS	308	0	0	0	0
IS	309	0	0	0	0
IS	310	0	0	0	0
IS	311	0	0	0	0
IS	312	0	0	0	0
IS	313	0	0	0	0
IS	314	0	0	0	0
IS	315	0	0	0	0
IS	316	0	0	0	0
IS	317	0	0	0	0
IS	318	0	0	0	0
IS	319	0	0	0	0
IS	320	0	0	0	0
IS	321	0	0	0	0
IS	322	0	0	0	0
IS	323	0	0	0	0
IS	324	0	0	0	0
IS	325	0	0	0	0
IS	326	0	0	0	0
IS	327	0	0	0	0
IS	328	0	0	0	0
IS	329	0	0	0	0
IS	330	0	0	0	0
IS	331	0	0	0	0
IS	332	0	0	0	0
IS	333	0	0	0	0
IS	334	0	0	0	0
IS	335	0	0	0	0
IS	336	0	0	0	0
IS	337	0	0	0	0
IS	338	0	0	0	0
IS	339	0	0	0	0
IS	340	0	0	0	0
IS	341	0	0	0	0
IS	342	0	0	0	0
IS	343	0	0	0	0
IS	344	0	0	0	0
IS	345	0	0	0	0
IS	346	0	0	0	0
IS	347	0	0	0	0
IS	348	0	0	0	0
IS	349	0	0	0	0
IS	350	0	0	0	0
IS	351	0	0	0	0
IS	352	2	2	0	0
IS	353	0	0	0	0
IS	354	0	0	0	0
IS	355	0	0	0	0
IS	356	0	0	0	0
IS	357	0	0	0	0
IS	358	0	0	0	0
IS	359	0	0	0	0
IS	360	0	0	0	0
IS	361	0	0	0	0
IS	362	0	0	0	0
IS	363	0	0	0	0
IS	364	0	0	0	0
IS	365	0	0	0	0
IS	366	0	0	0	0
IS	367	1	1	0	0
IS	368	2	2	0	0
IS	369	0	0	0	0
IS	370	0	0	0	0
IS	371	0	0	0	0
IS	372	1	1	0	0
IS	373	1	1	0	0
IS	374	0	0	0	0
IS	375	0	0	0	0
IS	376	1	1	0	0
IS	377	0	0	0	0
IS	378	1	1	0	0
IS	379	0	0	0	0
IS	380	1	1	0	0
IS	381	1	1	0	0
IS	382	1	1	0	0
IS	383	3	3	0	0
IS	384	1	1	0	0
IS	385	0	0	0	0
IS	386	0	0	0	0
IS	387	0	0	0	0
IS	388	2	2	0	0
IS	389	2	2	0	0
IS	390	0	0	0	0
IS	391	1	1	0	0
IS	392	1	1	0	0
IS	393	2	2	0	0
IS	394	0	0	0	0
IS	395	1	1	0	0
IS	396	4	4	0	0
IS	397	0	0	0	0
IS	398	0	0	0	0
IS	399	1	1	0	0
IS	400	2	2	0	0
IS	401	0	0	0	0
IS	402	1	1	0	0
IS	403	5	5	0	0
IS	404	1	1	0	0
IS	405	2	2	0	0
IS	406	2	2	0	0
IS	407	1	1	0	0
IS	408	3	3	0	0
IS	409	1	1	0	0
IS	410	1	1	0	0
IS	411	7	7	0	0
IS	412	3	3	0	0
IS	413	2	2	0	0
IS	414	1	1	0	0
IS	415	2	2	0	0
IS	416	6	6	0	0
IS	417	6	6	0	0
IS	418	3	3	0	0
IS	419	1	1	0	0
IS	420	4	4	0	0
IS	421	5	5	0	0
IS	422	9	9	0	0
IS	423	5	5	0	0
IS	424	2	2	0	0
IS	425	3	3	0	0
IS	426	5	5	0	0
IS	427	3	3	0	0
IS	428	2	2	0	0
IS	429	7	7	0	0
IS	430	8	8	0	0
IS	431	7	7	0	0
IS	432	8	8	0	0
IS	433	4	4	0	0
IS	434	7	7	0	0
IS	435	7	7	0	0
IS	436	8	8	0	0
IS	437	6	6	0	0
IS	438	6	6	0	0
IS	439	8	8	0	0
IS	440	5	5	0	0
IS	441	3	3	0	0
IS	442	7	7	0	0
IS	443	10	10	0	0
IS	444	8	8	0	0
IS	445	12	12	0	0
IS	446	5	5	0	0
IS	447	5	5	0	0
IS	448	16	16	0	0
IS	449	8	8	0	0
IS	450	11	11	0	0
IS	451	10	10	0	0
IS	452	9	9	0	0
IS	453	10	10	0	0
IS	454	12	12	0	0
IS	455	9	9	0	0
IS	456	12	12	0	0
IS	457	11	11	0	0
IS	458	11	11	0	0
IS	459	19	19	0	0
IS	460	19	19	0	0
IS	461	7	7	0	0
IS	462	13	13	0	0
IS	463	20	20	0	0
IS	464	19	19	0	0
IS	465	21	21	0	0
IS	466	11	11	0	0
IS	467	17	17	0	0
IS	468	17	17	0	0
IS	469	13	13	0	0
IS	470	16	16	0	0
IS	471	11	11	0	0
IS	472	13	13	0	0
IS	473	9	9	0	0
IS	474	10	10	0	0
IS	475	10	10	0	0
IS	476	15	15	0	0
IS	477	8	8	0	0
IS	478	14	14	0	0
IS	479	14	14	0	0
IS	480	18	18	0	0
IS	481	13	13	0	0
IS	482	19	19	0	0
IS	483	10	10	0	0
IS	484	13	13	0	0
IS	485	21	21	0	0
IS	486	13	13	0	0
IS	487	15	15	0	0
IS	488	11	11	0	0
IS	489	15	15	0	0
IS	490	20	20	0	0
IS	491	16	16	0	0
IS	492	19	19	0	0
IS	493	14	14	0	0
IS	494	14	14	0	0
IS	495	17	17	0	0
IS	496	21	21	0	0
IS	497	20	20	0	0
IS	498	15	15	0	0
IS	499	13	13	0	0
IS	500	16	16	0	0
IS	501	20	20	0	0
IS	502	18	18	0	0
IS	503	24	24	0	0
IS	504	17	17	0	0
IS	505	16	16	0	0
IS	506	16	16	0	0
IS	507	13	13	0	0
IS	508	18	18	0	0
IS	509	17	17	0	0
IS	510	20	20	0	0
IS	511	14	14	0	0
IS	512	13	13	0	0
IS	513	16	16	0	0
IS	514	10	10	0	0
IS	515	16	16	0	0
IS	516	14	14	0	0
IS	517	12	12	0	0
IS	518	15	15	0	0
IS	519	20	20	0	0
IS	520	12	12	0	0
IS	521	17	17	0	0
IS	522	15	15	0	0
IS	523	13	13	0	0
IS	524	12	12	0	0
IS	525	15	15	0	0
IS	526	19	19	0	0
IS	527	13	13	0	0
IS	528	8	8	0	0
IS	529	13	13	0	0
IS	530	13	13	0	0
IS	531	13	13	0	0
IS	532	12	12	0	0
IS	533	13	13	0	0
IS	534	13	13	0	0
IS	535	12	12	0	0
IS	536	14	14	0	0
IS	537	10	10	0	0
IS	538	13	13	0	0
IS	539	10	10	0	0
IS	540	10	10	0	0
IS	541	8	8	0	0
IS	542	12	12	0	0
IS	543	11	11	0	0
IS	544	8	8	0	0
IS	545	12	12	0	0
IS	546	8	8	0	0
IS	547	12	12	0	0
IS	548	9	9	0	0
IS	549	8	8	0	0
IS	550	13	13	0	0
IS	551	8	8	0	0
IS	552	7	7	0	0
IS	553	9	9	0	0
IS	554	5	5	0	0
IS	555	12	12	0	0
IS	556	10	10	0	0
IS	557	6	6	0	0
IS	558	7	7	0	0
IS	559	12	12	0	0
IS	560	5	5	0	0
IS	561	4	4	0	0
IS	562	8	8	0	0
IS	563	7	7	0	0
IS	564	11	11	0	0
IS	565	9	9	0	0
IS	566	3	3	0	0
IS	567	14	14	0	0
IS	568	5	5	0	0
IS	569	8	8	0	0
IS	570	7	7	0	0
IS	571	4	4	0	0
IS	572	4	4	0	0
IS	573	2	2	0	0
IS	574	5	5	0	0
IS	575	5	5	0	0
IS	576	5	5	0	0
IS	577	5	5	0	0
IS	578	4	4	0	0
IS	579	6	6	0	0
IS	580	7	7	0	0
IS	581	4	4	0	0
IS	582	3	3	0	0
IS	583	2	2	0	0
IS	584	1	1	0	0
IS	585	6	6	0	0
IS	586	7	7	0	0
IS	587	4	4	0	0
IS	588	3	3	0	0
IS	589	4	4	0	0
IS	590	8	8	0	0
IS	591	3	3	0	0
IS	592	0	0	0	0
IS	593	2	2	0	0
IS	594	3	3	0	0
IS	595	2	2	0	0
IS	596	2	2	0	0
IS	597	3	3	0	0
IS	598	2	2	0	0
IS	599	4	4	0	0
IS	600	3	3	0	0
IS	601	2	2	0	0
IS	602	1	1	0	0
IS	603	1	1	0	0
IS	604	2	2	0	0
IS	605	0	0	0	0
IS	606	3	3	0	0
IS	607	4	4	0	0
IS	608	3	3	0	0
IS	609	5	5	0	0
IS	610	4	4	0	0
IS	611	1	1	0	0
IS	612	3	3	0	0
IS	613	1	1	0	0
IS	614	2	2	0	0
IS	615	1	1	0	0
IS	616	0	0	0	0
IS	617	0	0	0	0
IS	618	1	1	0	0
IS	619	1	1	0	0
# Read lengths. Use `grep ^RL | cut -f 2-` to extract this part. The columns are: read length, count
RL	150	4004
# Read lengths - first fragments. Use `grep ^FRL | cut -f 2-` to extract this part. The columns are: read length, count
FRL	150	2002
# Read lengths - last fragments. Use `grep ^LRL | cut -f 2-` to extract this part. The columns are: read length, count
LRL	150	2002
# Mapping qualities for reads !(UNMAP|SECOND|SUPPL|QCFAIL|DUP). Use `grep ^MAPQ | cut -f 2-` to extract this part. The columns are: mapq, count
MAPQ	0	6
MAPQ	27	5
MAPQ	33	2
MAPQ	40	26
MAPQ	43	2
MAPQ	47	2
MAPQ	48	45
MAPQ	52	3
MAPQ	57	4
MAPQ	59	4
MAPQ	60	3905
# Indel distribution. Use `grep ^ID | cut -f 2-` to extract this part. The columns are: length, number of insertions, number of deletions
# Indels per cycle. Use `grep ^IC | cut -f 2-` to extract this part. The columns are: cycle, number of insertions (fwd), .. (rev) , number of deletions (fwd), .. (rev)
# Coverage distribution. Use `grep ^COV | cut -f 2-` to extract this part.
COV	[1-1]	1	5288
COV	[2-2]	2	8830
COV	[3-3]	3	14963
COV	[4-4]	4	19419
COV	[5-5]	5	20016
COV	[6-6]	6	17357
COV	[7-7]	7	12526
COV	[8-8]	8	8017
COV	[9-9]	9	4831
COV	[10-10]	10	2923
COV	[11-11]	11	1261
COV	[12-12]	12	651
COV	[13-13]	13	331
COV	[14-14]	14	25
# GC-depth. Use `grep ^GCD | cut -f 2-` to extract this part. The columns are: GC%, unique sequence percentiles, 10th, 25th, 50th, 75th and 90th depth percentile
GCD	0.0	15.385	0.000	0.000	0.000	0.000	0.000
GCD	37.0	30.769	2.505	2.505	2.505	2.505	2.505
GCD	38.0	61.538	2.475	2.483	2.505	2.505	2.505
GCD	39.0	84.615	2.505	2.505	2.505	2.505	2.505
GCD	40.0	92.308	2.505	2.505	2.505	2.505	2.505
GCD	46.0	100.000	2.505	2.505	2.505	2.505	2.505
