# This file was produced by samtools stats (1.20+htslib-1.21) and can be plotted using plot-bamstats
# This file contains statistics for all reads.
# The command line was:  stats sample3814.sorted.bam
# CHK, Checksum	[2]Read Names	[3]Sequences	[4]Qualities
# CHK, CRC32 of reads which passed filtering followed by addition (32bit overflow)
CHK	7c3a214c	25eeba88	f1f23d24
# Summary Numbers. Use `grep ^SN | cut -f 2-` to extract this part.
SN	raw total sequences:	4006	# excluding supplementary and secondary reads
SN	filtered sequences:	0
SN	sequences:	4006
SN	is sorted:	1
SN	1st fragments:	2003
SN	last fragments:	2003
SN	reads mapped:	4006
SN	reads mapped and paired:	4006	# paired-end technology bit set + both mates mapped
SN	reads unmapped:	0
SN	reads properly paired:	4006	# proper-pair bit set
SN	reads paired:	4006	# paired-end technology bit set
SN	reads duplicated:	0	# PCR or optical duplicate bit set
SN	reads MQ0:	8	# mapped and MQ=0
SN	reads QC failed:	0
SN	non-primary alignments:	0
SN	supplementary alignments:	0
SN	total length:	600900	# ignores clipping
SN	total first fragment length:	300450	# ignores clipping
SN	total last fragment length:	300450	# ignores clipping
SN	bases mapped:	600900	# ignores clipping
SN	bases mapped (cigar):	600900	# more accurate
SN	bases trimmed:	0
SN	bases duplicated:	0
SN	mismatches:	1045	# from NM fields
SN	error rate:	1.739058e-03	# mismatches / bases mapped (cigar)
SN	average length:	150
SN	average first fragment length:	150
SN	average last fragment length:	150
SN	maximum length:	150
SN	maximum first fragment length:	150
SN	maximum last fragment length:	150
SN	average quality:	30.0
SN	insert size average:	499.3
SN	insert size standard deviation:	47.3
SN	inward oriented pairs:	2003
SN	outward oriented pairs:	0
SN	pairs with other orientation:	0
SN	pairs on different chromosomes:	0
SN	percentage of properly paired reads (%):	100.0
# First Fragment Qualities. Use `grep ^FFQ | cut -f 2-` to extract this part.
# Columns correspond to qualities and rows to cycles. First column is the cycle number.
FFQ	1	0	0	0	0	0	0	0	0	0	0	0	0	0	0	0	0	0	0	0	0	0	0	0	0	0	0	0	0	0	0	2003	0
FFQ	2	0	0	0	0	0	0	0	0	0	0	0	0	0	0	0	0	0	0	0	0	0	0	0	0	0	0	0	0	0	0	2003	0
FFQ	3	0	0	0	0	0	0	0	0	0	0	0	0	0	0	0	0	0	0	0	0	0	0	0	0	0	0	0	0	0	0	2003	0
FFQ	4	0	0	0	0	0	0	0	0	0	0	0	0	0	0	0	0	0	0	0	0	0	0	0	0	0	0	0	0	0	0	2003	0
FFQ	5	0	0	0	0	0	0	0	0	0	0	0	0	0	0	0	0	0	0	0	0	0	0	0	0	0	0	0	0	0	0	2003	0
FFQ	6	0	0	0	0	0	0	0	0	0	0	0	0	0	0	0	0	0	0	0	0	0	0	0	0	0	0	0	0	0	0	2003	0
FFQ	7	0	0	0	0	0	0	0	0	0	0	0	0	0	0	0	0	0	0	0	0	0	0	0	0	0	0	0	0	0	0	2003	0
FFQ	8	0	0	0	0	0	0	0	0	0	0	0	0	0	0	0	0	0	0	0	0	0	0	0	0	0	0	0	0	0	0	2003	0
FFQ	9	0	0	0	0	0	0	0	0	0	0	0	0	0	0	0	0	0	0	0	0	0	0	0	0	0	0	0	0	0	0	2003	0
FFQ	10	0	0	0	0	0	0	0	0	0	0	0	0	0	0	0	0	0	0	0	0	0	0	0	0	0	0	0	0	0	0	2003	0
FFQ	11	0	0	0	0	0	0	0	0	0	0	0	0	0	0	0	0	0	0	0	0	0	0	0	0	0	0	0	0	0	0	2003	0
FFQ	12	0	0	0	0	0	0	0	0	0	0	0	0	0	0	0	0	0	0	0	0	0	0	0	0	0	0	0	0	0	0	2003	0
FFQ	13	0	0	0	0	0	0	0	0	0	0	0	0	0	0	0	0	0	0	0	0	0	0	0	0	0	0	0	0	0	0	2003	0
FFQ	14	0	0	0	0	0	0	0	0	0	0	0	0	0	0	0	0	0	0	0	0	0	0	0	0	0	0	0	0	0	0	2003	0
FFQ	15	0	0	0	0	0	0	0	0	0	0	0	0	0	0	0	0	0	0	0	0	0	0	0	0	0	0	0	0	0	0	2003	0
FFQ	16	0	0	0	0	0	0	0	0	0	0	0	0	0	0	0	0	0	0	0	0	0	0	0	0	0	0	0	0	0	0	2003	0
FFQ	17	0	0	0	0	0	0	0	0	0	0	0	0	0	0	0	0	0	0	0	0	0	0	0	0	0	0	0	0	0	0	2003	0
FFQ	18	0	0	0	0	0	0	0	0	0	0	0	0	0	0	0	0	0	0	0	0	0	0	0	0	0	0	0	0	0	0	2003	0
FFQ	19	0	0	0	0	0	0	0	0	0	0	0	0	0	0	0	0	0	0	0	0	0	0	0	0	0	0	0	0	0	0	2003	0
FFQ	20	0	0	0	0	0	0	0	0	0	0	0	0	0	0	0	0	0	0	0	0	0	0	0	0	0	0	0	0	0	0	2003	0
FFQ	21	0	0	0	0	0	0	0	0	0	0	0	0	0	0	0	0	0	0	0	0	0	0	0	0	0	0	0	0	0	0	2003	0
FFQ	22	0	0	0	0	0	0	0	0	0	0	0	0	0	0	0	0	0	0	0	0	0	0	0	0	0	0	0	0	0	0	2003	0
FFQ	23	0	0	0	0	0	0	0	0	0	0	0	0	0	0	0	0	0	0	0	0	0	0	0	0	0	0	0	0	0	0	2003	0
FFQ	24	0	0	0	0	0	0	0	0	0	0	0	0	0	0	0	0	0	0	0	0	0	0	0	0	0	0	0	0	0	0	2003	0
FFQ	25	0	0	0	0	0	0	0	0	0	0	0	0	0	0	0	0	0	0	0	0	0	0	0	0	0	0	0	0	0	0	2003	0
FFQ	26	0	0	0	0	0	0	0	0	0	0	0	0	0	0	0	0	0	0	0	0	0	0	0	0	0	0	0	0	0	0	2003	0
FFQ	27	0	0	0	0	0	0	0	0	0	0	0	0	0	0	0	0	0	0	0	0	0	0	0	0	0	0	0	0	0	0	2003	0
FFQ	28	0	0	0	0	0	0	0	0	0	0	0	0	0	0	0	0	0	0	0	0	0	0	0	0	0	0	0	0	0	0	2003	0
FFQ	29	0	0	0	0	0	0	0	0	0	0	0	0	0	0	0	0	0	0	0	0	0	0	0	0	0	0	0	0	0	0	2003	0
FFQ	30	0	0	0	0	0	0	0	0	0	0	0	0	0	0	0	0	0	0	0	0	0	0	0	0	0	0	0	0	0	0	2003	0
FFQ	31	0	0	0	0	0	0	0	0	0	0	0	0	0	0	0	0	0	0	0	0	0	0	0	0	0	0	0	0	0	0	2003	0
FFQ	32	0	0	0	0	0	0	0	0	0	0	0	0	0	0	0	0	0	0	0	0	0	0	0	0	0	0	0	0	0	0	2003	0
FFQ	33	0	0	0	0	0	0	0	0	0	0	0	0	0	0	0	0	0	0	0	0	0	0	0	0	0	0	0	0	0	0	2003	0
FFQ	34	0	0	0	0	0	0	0	0	0	0	0	0	0	0	0	0	0	0	0	0	0	0	0	0	0	0	0	0	0	0	2003	0
FFQ	35	0	0	0	0	0	0	0	0	0	0	0	0	0	0	0	0	0	0	0	0	0	0	0	0	0	0	0	0	0	0	2003	0
FFQ	36	0	0	0	0	0	0	0	0	0	0	0	0	0	0	0	0	0	0	0	0	0	0	0	0	0	0	0	0	0	0	2003	0
FFQ	37	0	0	0	0	0	0	0	0	0	0	0	0	0	0	0	0	0	0	0	0	0	0	0	0	0	0	0	0	0	0	2003	0
FFQ	38	0	0	0	0	0	0	0	0	0	0	0	0	0	0	0	0	0	0	0	0	0	0	0	0	0	0	0	0	0	0	2003	0
FFQ	39	0	0	0	0	0	0	0	0	0	0	0	0	0	0	0	0	0	0	0	0	0	0	0	0	0	0	0	0	0	0	2003	0
FFQ	40	0	0	0	0	0	0	0	0	0	0	0	0	0	0	0	0	0	0	0	0	0	0	0	0	0	0	0	0	0	0	2003	0
FFQ	41	0	0	0	0	0	0	0	0	0	0	0	0	0	0	0	0	0	0	0	0	0	0	0	0	0	0	0	0	0	0	2003	0
FFQ	42	0	0	0	0	0	0	0	0	0	0	0	0	0	0	0	0	0	0	0	0	0	0	0	0	0	0	0	0	0	0	2003	0
FFQ	43	0	0	0	0	0	0	0	0	0	0	0	0	0	0	0	0	0	0	0	0	0	0	0	0	0	0	0	0	0	0	2003	0
FFQ	44	0	0	0	0	0	0	0	0	0	0	0	0	0	0	0	0	0	0	0	0	0	0	0	0	0	0	0	0	0	0	2003	0
FFQ	45	0	0	0	0	0	0	0	0	0	0	0	0	0	0	0	0	0	0	0	0	0	0	0	0	0	0	0	0	0	0	2003	0
FFQ	46	0	0	0	0	0	0	0	0	0	0	0	0	0	0	0	0	0	0	0	0	0	0	0	0	0	0	0	0	0	0	2003	0
FFQ	47	0	0	0	0	0	0	0	0	0	0	0	0	0	0	0	0	0	0	0	0	0	0	0	0	0	0	0	0	0	0	2003	0
FFQ	48	0	0	0	0	0	0	0	0	0	0	0	0	0	0	0	0	0	0	0	0	0	0	0	0	0	0	0	0	0	0	2003	0
FFQ	49	0	0	0	0	0	0	0	0	0	0	0	0	0	0	0	0	0	0	0	0	0	0	0	0	0	0	0	0	0	0	2003	0
FFQ	50	0	0	0	0	0	0	0	0	0	0	0	0	0	0	0	0	0	0	0	0	0	0	0	0	0	0	0	0	0	0	2003	0
FFQ	51	0	0	0	0	0	0	0	0	0	0	0	0	0	0	0	0	0	0	0	0	0	0	0	0	0	0	0	0	0	0	2003	0
FFQ	52	0	0	0	0	0	0	0	0	0	0	0	0	0	0	0	0	0	0	0	0	0	0	0	0	0	0	0	0	0	0	2003	0
FFQ	53	0	0	0	0	0	0	0	0	0	0	0	0	0	0	0	0	0	0	0	0	0	0	0	0	0	0	0	0	0	0	2003	0
FFQ	54	0	0	0	0	0	0	0	0	0	0	0	0	0	0	0	0	0	0	0	0	0	0	0	0	0	0	0	0	0	0	2003	0
FFQ	55	0	0	0	0	0	0	0	0	0	0	0	0	0	0	0	0	0	0	0	0	0	0	0	0	0	0	0	0	0	0	2003	0
FFQ	56	0	0	0	0	0	0	0	0	0	0	0	0	0	0	0	0	0	0	0	0	0	0	0	0	0	0	0	0	0	0	2003	0
FFQ	57	0	0	0	0	0	0	0	0	0	0	0	0	0	0	0	0	0	0	0	0	0	0	0	0	0	0	0	0	0	0	2003	0
FFQ	58	0	0	0	0	0	0	0	0	0	0	0	0	0	0	0	0	0	0	0	0	0	0	0	0	0	0	0	0	0	0	2003	0
FFQ	59	0	0	0	0	0	0	0	0	0	0	0	0	0	0	0	0	0	0	0	0	0	0	0	0	0	0	0	0	0	0	2003	0
FFQ	60	0	0	0	0	0	0	0	0	0	0	0	0	0	0	0	0	0	0	0	0	0	0	0	0	0	0	0	0	0	0	2003	0
FFQ	61	0	0	0	0	0	0	0	0	0	0	0	0	0	0	0	0	0	0	0	0	0	0	0	0	0	0	0	0	0	0	2003	0
FFQ	62	0	0	0	0	0	0	0	0	0	0	0	0	0	0	0	0	0	0	0	0	0	0	0	0	0	0	0	0	0	0	2003	0
FFQ	63	0	0	0	0	0	0	0	0	0	0	0	0	0	0	0	0	0	0	0	0	0	0	0	0	0	0	0	0	0	0	2003	0
FFQ	64	0	0	0	0	0	0	0	0	0	0	0	0	0	0	0	0	0	0	0	0	0	0	0	0	0	0	0	0	0	0	2003	0
FFQ	65	0	0	0	0	0	0	0	0	0	0	0	0	0	0	0	0	0	0	0	0	0	0	0	0	0	0	0	0	0	0	2003	0
FFQ	66	0	0	0	0	0	0	0	0	0	0	0	0	0	0	0	0	0	0	0	0	0	0	0	0	0	0	0	0	0	0	2003	0
FFQ	67	0	0	0	0	0	0	0	0	0	0	0	0	0	0	0	0	0	0	0	0	0	0	0	0	0	0	0	0	0	0	2003	0
FFQ	68	0	0	0	0	0	0	0	0	0	0	0	0	0	0	0	0	0	0	0	0	0	0	0	0	0	0	0	0	0	0	2003	0
FFQ	69	0	0	0	0	0	0	0	0	0	0	0	0	0	0	0	0	0	0	0	0	0	0	0	0	0	0	0	0	0	0	2003	0
FFQ	70	0	0	0	0	0	0	0	0	0	0	0	0	0	0	0	0	0	0	0	0	0	0	0	0	0	0	0	0	0	0	2003	0
FFQ	71	0	0	0	0	0	0	0	0	0	0	0	0	0	0	0	0	0	0	0	0	0	0	0	0	0	0	0	0	0	0	2003	0
FFQ	72	0	0	0	0	0	0	0	0	0	0	0	0	0	0	0	0	0	0	0	0	0	0	0	0	0	0	0	0	0	0	2003	0
FFQ	73	0	0	0	0	0	0	0	0	0	0	0	0	0	0	0	0	0	0	0	0	0	0	0	0	0	0	0	0	0	0	2003	0
FFQ	74	0	0	0	0	0	0	0	0	0	0	0	0	0	0	0	0	0	0	0	0	0	0	0	0	0	0	0	0	0	0	2003	0
FFQ	75	0	0	0	0	0	0	0	0	0	0	0	0	0	0	0	0	0	0	0	0	0	0	0	0	0	0	0	0	0	0	2003	0
FFQ	76	0	0	0	0	0	0	0	0	0	0	0	0	0	0	0	0	0	0	0	0	0	0	0	0	0	0	0	0	0	0	2003	0
FFQ	77	0	0	0	0	0	0	0	0	0	0	0	0	0	0	0	0	0	0	0	0	0	0	0	0	0	0	0	0	0	0	2003	0
FFQ	78	0	0	0	0	0	0	0	0	0	0	0	0	0	0	0	0	0	0	0	0	0	0	0	0	0	0	0	0	0	0	2003	0
FFQ	79	0	0	0	0	0	0	0	0	0	0	0	0	0	0	0	0	0	0	0	0	0	0	0	0	0	0	0	0	0	0	2003	0
FFQ	80	0	0	0	0	0	0	0	0	0	0	0	0	0	0	0	0	0	0	0	0	0	0	0	0	0	0	0	0	0	0	2003	0
FFQ	81	0	0	0	0	0	0	0	0	0	0	0	0	0	0	0	0	0	0	0	0	0	0	0	0	0	0	0	0	0	0	2003	0
FFQ	82	0	0	0	0	0	0	0	0	0	0	0	0	0	0	0	0	0	0	0	0	0	0	0	0	0	0	0	0	0	0	2003	0
FFQ	83	0	0	0	0	0	0	0	0	0	0	0	0	0	0	0	0	0	0	0	0	0	0	0	0	0	0	0	0	0	0	2003	0
FFQ	84	0	0	0	0	0	0	0	0	0	0	0	0	0	0	0	0	0	0	0	0	0	0	0	0	0	0	0	0	0	0	2003	0
FFQ	85	0	0	0	0	0	0	0	0	0	0	0	0	0	0	0	0	0	0	0	0	0	0	0	0	0	0	0	0	0	0	2003	0
FFQ	86	0	0	0	0	0	0	0	0	0	0	0	0	0	0	0	0	0	0	0	0	0	0	0	0	0	0	0	0	0	0	2003	0
FFQ	87	0	0	0	0	0	0	0	0	0	0	0	0	0	0	0	0	0	0	0	0	0	0	0	0	0	0	0	0	0	0	2003	0
FFQ	88	0	0	0	0	0	0	0	0	0	0	0	0	0	0	0	0	0	0	0	0	0	0	0	0	0	0	0	0	0	0	2003	0
FFQ	89	0	0	0	0	0	0	0	0	0	0	0	0	0	0	0	0	0	0	0	0	0	0	0	0	0	0	0	0	0	0	2003	0
FFQ	90	0	0	0	0	0	0	0	0	0	0	0	0	0	0	0	0	0	0	0	0	0	0	0	0	0	0	0	0	0	0	2003	0
FFQ	91	0	0	0	0	0	0	0	0	0	0	0	0	0	0	0	0	0	0	0	0	0	0	0	0	0	0	0	0	0	0	2003	0
FFQ	92	0	0	0	0	0	0	0	0	0	0	0	0	0	0	0	0	0	0	0	0	0	0	0	0	0	0	0	0	0	0	2003	0
FFQ	93	0	0	0	0	0	0	0	0	0	0	0	0	0	0	0	0	0	0	0	0	0	0	0	0	0	0	0	0	0	0	2003	0
FFQ	94	0	0	0	0	0	0	0	0	0	0	0	0	0	0	0	0	0	0	0	0	0	0	0	0	0	0	0	0	0	0	2003	0
FFQ	95	0	0	0	0	0	0	0	0	0	0	0	0	0	0	0	0	0	0	0	0	0	0	0	0	0	0	0	0	0	0	2003	0
FFQ	96	0	0	0	0	0	0	0	0	0	0	0	0	0	0	0	0	0	0	0	0	0	0	0	0	0	0	0	0	0	0	2003	0
FFQ	97	0	0	0	0	0	0	0	0	0	0	0	0	0	0	0	0	0	0	0	0	0	0	0	0	0	0	0	0	0	0	2003	0
FFQ	98	0	0	0	0	0	0	0	0	0	0	0	0	0	0	0	0	0	0	0	0	0	0	0	0	0	0	0	0	0	0	2003	0
FFQ	99	0	0	0	0	0	0	0	0	0	0	0	0	0	0	0	0	0	0	0	0	0	0	0	0	0	0	0	0	0	0	2003	0
FFQ	100	0	0	0	0	0	0	0	0	0	0	0	0	0	0	0	0	0	0	0	0	0	0	0	0	0	0	0	0	0	0	2003	0
FFQ	101	0	0	0	0	0	0	0	0	0	0	0	0	0	0	0	0	0	0	0	0	0	0	0	0	0	0	0	0	0	0	2003	0
FFQ	102	0	0	0	0	0	0	0	0	0	0	0	0	0	0	0	0	0	0	0	0	0	0	0	0	0	0	0	0	0	0	2003	0
FFQ	103	0	0	0	0	0	0	0	0	0	0	0	0	0	0	0	0	0	0	0	0	0	0	0	0	0	0	0	0	0	0	2003	0
FFQ	104	0	0	0	0	0	0	0	0	0	0	0	0	0	0	0	0	0	0	0	0	0	0	0	0	0	0	0	0	0	0	2003	0
FFQ	105	0	0	0	0	0	0	0	0	0	0	0	0	0	0	0	0	0	0	0	0	0	0	0	0	0	0	0	0	0	0	2003	0
FFQ	106	0	0	0	0	0	0	0	0	0	0	0	0	0	0	0	0	0	0	0	0	0	0	0	0	0	0	0	0	0	0	2003	0
FFQ	107	0	0	0	0	0	0	0	0	0	0	0	0	0	0	0	0	0	0	0	0	0	0	0	0	0	0	0	0	0	0	2003	0
FFQ	108	0	0	0	0	0	0	0	0	0	0	0	0	0	0	0	0	0	0	0	0	0	0	0	0	0	0	0	0	0	0	2003	0
FFQ	109	0	0	0	0	0	0	0	0	0	0	0	0	0	0	0	0	0	0	0	0	0	0	0	0	0	0	0	0	0	0	2003	0
FFQ	110	0	0	0	0	0	0	0	0	0	0	0	0	0	0	0	0	0	0	0	0	0	0	0	0	0	0	0	0	0	0	2003	0
FFQ	111	0	0	0	0	0	0	0	0	0	0	0	0	0	0	0	0	0	0	0	0	0	0	0	0	0	0	0	0	0	0	2003	0
FFQ	112	0	0	0	0	0	0	0	0	0	0	0	0	0	0	0	0	0	0	0	0	0	0	0	0	0	0	0	0	0	0	2003	0
FFQ	113	0	0	0	0	0	0	0	0	0	0	0	0	0	0	0	0	0	0	0	0	0	0	0	0	0	0	0	0	0	0	2003	0
FFQ	114	0	0	0	0	0	0	0	0	0	0	0	0	0	0	0	0	0	0	0	0	0	0	0	0	0	0	0	0	0	0	2003	0
FFQ	115	0	0	0	0	0	0	0	0	0	0	0	0	0	0	0	0	0	0	0	0	0	0	0	0	0	0	0	0	0	0	2003	0
FFQ	116	0	0	0	0	0	0	0	0	0	0	0	0	0	0	0	0	0	0	0	0	0	0	0	0	0	0	0	0	0	0	2003	0
FFQ	117	0	0	0	0	0	0	0	0	0	0	0	0	0	0	0	0	0	0	0	0	0	0	0	0	0	0	0	0	0	0	2003	0
FFQ	118	0	0	0	0	0	0	0	0	0	0	0	0	0	0	0	0	0	0	0	0	0	0	0	0	0	0	0	0	0	0	2003	0
FFQ	119	0	0	0	0	0	0	0	0	0	0	0	0	0	0	0	0	0	0	0	0	0	0	0	0	0	0	0	0	0	0	2003	0
FFQ	120	0	0	0	0	0	0	0	0	0	0	0	0	0	0	0	0	0	0	0	0	0	0	0	0	0	0	0	0	0	0	2003	0
FFQ	121	0	0	0	0	0	0	0	0	0	0	0	0	0	0	0	0	0	0	0	0	0	0	0	0	0	0	0	0	0	0	2003	0
FFQ	122	0	0	0	0	0	0	0	0	0	0	0	0	0	0	0	0	0	0	0	0	0	0	0	0	0	0	0	0	0	0	2003	0
FFQ	123	0	0	0	0	0	0	0	0	0	0	0	0	0	0	0	0	0	0	0	0	0	0	0	0	0	0	0	0	0	0	2003	0
FFQ	124	0	0	0	0	0	0	0	0	0	0	0	0	0	0	0	0	0	0	0	0	0	0	0	0	0	0	0	0	0	0	2003	0
FFQ	125	0	0	0	0	0	0	0	0	0	0	0	0	0	0	0	0	0	0	0	0	0	0	0	0	0	0	0	0	0	0	2003	0
FFQ	126	0	0	0	0	0	0	0	0	0	0	0	0	0	0	0	0	0	0	0	0	0	0	0	0	0	0	0	0	0	0	2003	0
FFQ	127	0	0	0	0	0	0	0	0	0	0	0	0	0	0	0	0	0	0	0	0	0	0	0	0	0	0	0	0	0	0	2003	0
FFQ	128	0	0	0	0	0	0	0	0	0	0	0	0	0	0	0	0	0	0	0	0	0	0	0	0	0	0	0	0	0	0	2003	0
FFQ	129	0	0	0	0	0	0	0	0	0	0	0	0	0	0	0	0	0	0	0	0	0	0	0	0	0	0	0	0	0	0	2003	0
FFQ	130	0	0	0	0	0	0	0	0	0	0	0	0	0	0	0	0	0	0	0	0	0	0	0	0	0	0	0	0	0	0	2003	0
FFQ	131	0	0	0	0	0	0	0	0	0	0	0	0	0	0	0	0	0	0	0	0	0	0	0	0	0	0	0	0	0	0	2003	0
FFQ	132	0	0	0	0	0	0	0	0	0	0	0	0	0	0	0	0	0	0	0	0	0	0	0	0	0	0	0	0	0	0	2003	0
FFQ	133	0	0	0	0	0	0	0	0	0	0	0	0	0	0	0	0	0	0	0	0	0	0	0	0	0	0	0	0	0	0	2003	0
FFQ	134	0	0	0	0	0	0	0	0	0	0	0	0	0	0	0	0	0	0	0	0	0	0	0	0	0	0	0	0	0	0	2003	0
FFQ	135	0	0	0	0	0	0	0	0	0	0	0	0	0	0	0	0	0	0	0	0	0	0	0	0	0	0	0	0	0	0	2003	0
FFQ	136	0	0	0	0	0	0	0	0	0	0	0	0	0	0	0	0	0	0	0	0	0	0	0	0	0	0	0	0	0	0	2003	0
FFQ	137	0	0	0	0	0	0	0	0	0	0	0	0	0	0	0	0	0	0	0	0	0	0	0	0	0	0	0	0	0	0	2003	0
FFQ	138	0	0	0	0	0	0	0	0	0	0	0	0	0	0	0	0	0	0	0	0	0	0	0	0	0	0	0	0	0	0	2003	0
FFQ	139	0	0	0	0	0	0	0	0	0	0	0	0	0	0	0	0	0	0	0	0	0	0	0	0	0	0	0	0	0	0	2003	0
FFQ	140	0	0	0	0	0	0	0	0	0	0	0	0	0	0	0	0	0	0	0	0	0	0	0	0	0	0	0	0	0	0	2003	0
FFQ	141	0	0	0	0	0	0	0	0	0	0	0	0	0	0	0	0	0	0	0	0	0	0	0	0	0	0	0	0	0	0	2003	0
FFQ	142	0	0	0	0	0	0	0	0	0	0	0	0	0	0	0	0	0	0	0	0	0	0	0	0	0	0	0	0	0	0	2003	0
FFQ	143	0	0	0	0	0	0	0	0	0	0	0	0	0	0	0	0	0	0	0	0	0	0	0	0	0	0	0	0	0	0	2003	0
FFQ	144	0	0	0	0	0	0	0	0	0	0	0	0	0	0	0	0	0	0	0	0	0	0	0	0	0	0	0	0	0	0	2003	0
FFQ	145	0	0	0	0	0	0	0	0	0	0	0	0	0	0	0	0	0	0	0	0	0	0	0	0	0	0	0	0	0	0	2003	0
FFQ	146	0	0	0	0	0	0	0	0	0	0	0	0	0	0	0	0	0	0	0	0	0	0	0	0	0	0	0	0	0	0	2003	0
FFQ	147	0	0	0	0	0	0	0	0	0	0	0	0	0	0	0	0	0	0	0	0	0	0	0	0	0	0	0	0	0	0	2003	0
FFQ	148	0	0	0	0	0	0	0	0	0	0	0	0	0	0	0	0	0	0	0	0	0	0	0	0	0	0	0	0	0	0	2003	0
FFQ	149	0	0	0	0	0	0	0	0	0	0	0	0	0	0	0	0	0	0	0	0	0	0	0	0	0	0	0	0	0	0	2003	0
FFQ	150	0	0	0	0	0	0	0	0	0	0	0	0	0	0	0	0	0	0	0	0	0	0	0	0	0	0	0	0	0	0	2003	0
# Last Fragment Qualities. Use `grep ^LFQ | cut -f 2-` to extract this part.
# Columns correspond to qualities and rows to cycles. First column is the cycle number.
LFQ	1	0	0	0	0	0	0	0	0	0	0	0	0	0	0	0	0	0	0	0	0	0	0	0	0	0	0	0	0	0	0	2003	0
LFQ	2	0	0	0	0	0	0	0	0	0	0	0	0	0	0	0	0	0	0	0	0	0	0	0	0	0	0	0	0	0	0	2003	0
LFQ	3	0	0	0	0	0	0	0	0	0	0	0	0	0	0	0	0	0	0	0	0	0	0	0	0	0	0	0	0	0	0	2003	0
LFQ	4	0	0	0	0	0	0	0	0	0	0	0	0	0	0	0	0	0	0	0	0	0	0	0	0	0	0	0	0	0	0	2003	0
LFQ	5	0	0	0	0	0	0	0	0	0	0	0	0	0	0	0	0	0	0	0	0	0	0	0	0	0	0	0	0	0	0	2003	0
LFQ	6	0	0	0	0	0	0	0	0	0	0	0	0	0	0	0	0	0	0	0	0	0	0	0	0	0	0	0	0	0	0	2003	0
LFQ	7	0	0	0	0	0	0	0	0	0	0	0	0	0	0	0	0	0	0	0	0	0	0	0	0	0	0	0	0	0	0	2003	0
LFQ	8	0	0	0	0	0	0	0	0	0	0	0	0	0	0	0	0	0	0	0	0	0	0	0	0	0	0	0	0	0	0	2003	0
LFQ	9	0	0	0	0	0	0	0	0	0	0	0	0	0	0	0	0	0	0	0	0	0	0	0	0	0	0	0	0	0	0	2003	0
LFQ	10	0	0	0	0	0	0	0	0	0	0	0	0	0	0	0	0	0	0	0	0	0	0	0	0	0	0	0	0	0	0	2003	0
LFQ	11	0	0	0	0	0	0	0	0	0	0	0	0	0	0	0	0	0	0	0	0	0	0	0	0	0	0	0	0	0	0	2003	0
LFQ	12	0	0	0	0	0	0	0	0	0	0	0	0	0	0	0	0	0	0	0	0	0	0	0	0	0	0	0	0	0	0	2003	0
LFQ	13	0	0	0	0	0	0	0	0	0	0	0	0	0	0	0	0	0	0	0	0	0	0	0	0	0	0	0	0	0	0	2003	0
LFQ	14	0	0	0	0	0	0	0	0	0	0	0	0	0	0	0	0	0	0	0	0	0	0	0	0	0	0	0	0	0	0	2003	0
LFQ	15	0	0	0	0	0	0	0	0	0	0	0	0	0	0	0	0	0	0	0	0	0	0	0	0	0	0	0	0	0	0	2003	0
LFQ	16	0	0	0	0	0	0	0	0	0	0	0	0	0	0	0	0	0	0	0	0	0	0	0	0	0	0	0	0	0	0	2003	0
LFQ	17	0	0	0	0	0	0	0	0	0	0	0	0	0	0	0	0	0	0	0	0	0	0	0	0	0	0	0	0	0	0	2003	0
LFQ	18	0	0	0	0	0	0	0	0	0	0	0	0	0	0	0	0	0	0	0	0	0	0	0	0	0	0	0	0	0	0	2003	0
LFQ	19	0	0	0	0	0	0	0	0	0	0	0	0	0	0	0	0	0	0	0	0	0	0	0	0	0	0	0	0	0	0	2003	0
LFQ	20	0	0	0	0	0	0	0	0	0	0	0	0	0	0	0	0	0	0	0	0	0	0	0	0	0	0	0	0	0	0	2003	0
LFQ	21	0	0	0	0	0	0	0	0	0	0	0	0	0	0	0	0	0	0	0	0	0	0	0	0	0	0	0	0	0	0	2003	0
LFQ	22	0	0	0	0	0	0	0	0	0	0	0	0	0	0	0	0	0	0	0	0	0	0	0	0	0	0	0	0	0	0	2003	0
LFQ	23	0	0	0	0	0	0	0	0	0	0	0	0	0	0	0	0	0	0	0	0	0	0	0	0	0	0	0	0	0	0	2003	0
LFQ	24	0	0	0	0	0	0	0	0	0	0	0	0	0	0	0	0	0	0	0	0	0	0	0	0	0	0	0	0	0	0	2003	0
LFQ	25	0	0	0	0	0	0	0	0	0	0	0	0	0	0	0	0	0	0	0	0	0	0	0	0	0	0	0	0	0	0	2003	0
LFQ	26	0	0	0	0	0	0	0	0	0	0	0	0	0	0	0	0	0	0	0	0	0	0	0	0	0	0	0	0	0	0	2003	0
LFQ	27	0	0	0	0	0	0	0	0	0	0	0	0	0	0	0	0	0	0	0	0	0	0	0	0	0	0	0	0	0	0	2003	0
LFQ	28	0	0	0	0	0	0	0	0	0	0	0	0	0	0	0	0	0	0	0	0	0	0	0	0	0	0	0	0	0	0	2003	0
LFQ	29	0	0	0	0	0	0	0	0	0	0	0	0	0	0	0	0	0	0	0	0	0	0	0	0	0	0	0	0	0	0	2003	0
LFQ	30	0	0	0	0	0	0	0	0	0	0	0	0	0	0	0	0	0	0	0	0	0	0	0	0	0	0	0	0	0	0	2003	0
LFQ	31	0	0	0	0	0	0	0	0	0	0	0	0	0	0	0	0	0	0	0	0	0	0	0	0	0	0	0	0	0	0	2003	0
LFQ	32	0	0	0	0	0	0	0	0	0	0	0	0	0	0	0	0	0	0	0	0	0	0	0	0	0	0	0	0	0	0	2003	0
LFQ	33	0	0	0	0	0	0	0	0	0	0	0	0	0	0	0	0	0	0	0	0	0	0	0	0	0	0	0	0	0	0	2003	0
LFQ	34	0	0	0	0	0	0	0	0	0	0	0	0	0	0	0	0	0	0	0	0	0	0	0	0	0	0	0	0	0	0	2003	0
LFQ	35	0	0	0	0	0	0	0	0	0	0	0	0	0	0	0	0	0	0	0	0	0	0	0	0	0	0	0	0	0	0	2003	0
LFQ	36	0	0	0	0	0	0	0	0	0	0	0	0	0	0	0	0	0	0	0	0	0	0	0	0	0	0	0	0	0	0	2003	0
LFQ	37	0	0	0	0	0	0	0	0	0	0	0	0	0	0	0	0	0	0	0	0	0	0	0	0	0	0	0	0	0	0	2003	0
LFQ	38	0	0	0	0	0	0	0	0	0	0	0	0	0	0	0	0	0	0	0	0	0	0	0	0	0	0	0	0	0	0	2003	0
LFQ	39	0	0	0	0	0	0	0	0	0	0	0	0	0	0	0	0	0	0	0	0	0	0	0	0	0	0	0	0	0	0	2003	0
LFQ	40	0	0	0	0	0	0	0	0	0	0	0	0	0	0	0	0	0	0	0	0	0	0	0	0	0	0	0	0	0	0	2003	0
LFQ	41	0	0	0	0	0	0	0	0	0	0	0	0	0	0	0	0	0	0	0	0	0	0	0	0	0	0	0	0	0	0	2003	0
LFQ	42	0	0	0	0	0	0	0	0	0	0	0	0	0	0	0	0	0	0	0	0	0	0	0	0	0	0	0	0	0	0	2003	0
LFQ	43	0	0	0	0	0	0	0	0	0	0	0	0	0	0	0	0	0	0	0	0	0	0	0	0	0	0	0	0	0	0	2003	0
LFQ	44	0	0	0	0	0	0	0	0	0	0	0	0	0	0	0	0	0	0	0	0	0	0	0	0	0	0	0	0	0	0	2003	0
LFQ	45	0	0	0	0	0	0	0	0	0	0	0	0	0	0	0	0	0	0	0	0	0	0	0	0	0	0	0	0	0	0	2003	0
LFQ	46	0	0	0	0	0	0	0	0	0	0	0	0	0	0	0	0	0	0	0	0	0	0	0	0	0	0	0	0	0	0	2003	0
LFQ	47	0	0	0	0	0	0	0	0	0	0	0	0	0	0	0	0	0	0	0	0	0	0	0	0	0	0	0	0	0	0	2003	0
LFQ	48	0	0	0	0	0	0	0	0	0	0	0	0	0	0	0	0	0	0	0	0	0	0	0	0	0	0	0	0	0	0	2003	0
LFQ	49	0	0	0	0	0	0	0	0	0	0	0	0	0	0	0	0	0	0	0	0	0	0	0	0	0	0	0	0	0	0	2003	0
LFQ	50	0	0	0	0	0	0	0	0	0	0	0	0	0	0	0	0	0	0	0	0	0	0	0	0	0	0	0	0	0	0	2003	0
LFQ	51	0	0	0	0	0	0	0	0	0	0	0	0	0	0	0	0	0	0	0	0	0	0	0	0	0	0	0	0	0	0	2003	0
LFQ	52	0	0	0	0	0	0	0	0	0	0	0	0	0	0	0	0	0	0	0	0	0	0	0	0	0	0	0	0	0	0	2003	0
LFQ	53	0	0	0	0	0	0	0	0	0	0	0	0	0	0	0	0	0	0	0	0	0	0	0	0	0	0	0	0	0	0	2003	0
LFQ	54	0	0	0	0	0	0	0	0	0	0	0	0	0	0	0	0	0	0	0	0	0	0	0	0	0	0	0	0	0	0	2003	0
LFQ	55	0	0	0	0	0	0	0	0	0	0	0	0	0	0	0	0	0	0	0	0	0	0	0	0	0	0	0	0	0	0	2003	0
LFQ	56	0	0	0	0	0	0	0	0	0	0	0	0	0	0	0	0	0	0	0	0	0	0	0	0	0	0	0	0	0	0	2003	0
LFQ	57	0	0	0	0	0	0	0	0	0	0	0	0	0	0	0	0	0	0	0	0	0	0	0	0	0	0	0	0	0	0	2003	0
LFQ	58	0	0	0	0	0	0	0	0	0	0	0	0	0	0	0	0	0	0	0	0	0	0	0	0	0	0	0	0	0	0	2003	0
LFQ	59	0	0	0	0	0	0	0	0	0	0	0	0	0	0	0	0	0	0	0	0	0	0	0	0	0	0	0	0	0	0	2003	0
LFQ	60	0	0	0	0	0	0	0	0	0	0	0	0	0	0	0	0	0	0	0	0	0	0	0	0	0	0	0	0	0	0	2003	0
LFQ	61	0	0	0	0	0	0	0	0	0	0	0	0	0	0	0	0	0	0	0	0	0	0	0	0	0	0	0	0	0	0	2003	0
LFQ	62	0	0	0	0	0	0	0	0	0	0	0	0	0	0	0	0	0	0	0	0	0	0	0	0	0	0	0	0	0	0	2003	0
LFQ	63	0	0	0	0	0	0	0	0	0	0	0	0	0	0	0	0	0	0	0	0	0	0	0	0	0	0	0	0	0	0	2003	0
LFQ	64	0	0	0	0	0	0	0	0	0	0	0	0	0	0	0	0	0	0	0	0	0	0	0	0	0	0	0	0	0	0	2003	0
LFQ	65	0	0	0	0	0	0	0	0	0	0	0	0	0	0	0	0	0	0	0	0	0	0	0	0	0	0	0	0	0	0	2003	0
LFQ	66	0	0	0	0	0	0	0	0	0	0	0	0	0	0	0	0	0	0	0	0	0	0	0	0	0	0	0	0	0	0	2003	0
LFQ	67	0	0	0	0	0	0	0	0	0	0	0	0	0	0	0	0	0	0	0	0	0	0	0	0	0	0	0	0	0	0	2003	0
LFQ	68	0	0	0	0	0	0	0	0	0	0	0	0	0	0	0	0	0	0	0	0	0	0	0	0	0	0	0	0	0	0	2003	0
LFQ	69	0	0	0	0	0	0	0	0	0	0	0	0	0	0	0	0	0	0	0	0	0	0	0	0	0	0	0	0	0	0	2003	0
LFQ	70	0	0	0	0	0	0	0	0	0	0	0	0	0	0	0	0	0	0	0	0	0	0	0	0	0	0	0	0	0	0	2003	0
LFQ	71	0	0	0	0	0	0	0	0	0	0	0	0	0	0	0	0	0	0	0	0	0	0	0	0	0	0	0	0	0	0	2003	0
LFQ	72	0	0	0	0	0	0	0	0	0	0	0	0	0	0	0	0	0	0	0	0	0	0	0	0	0	0	0	0	0	0	2003	0
LFQ	73	0	0	0	0	0	0	0	0	0	0	0	0	0	0	0	0	0	0	0	0	0	0	0	0	0	0	0	0	0	0	2003	0
LFQ	74	0	0	0	0	0	0	0	0	0	0	0	0	0	0	0	0	0	0	0	0	0	0	0	0	0	0	0	0	0	0	2003	0
LFQ	75	0	0	0	0	0	0	0	0	0	0	0	0	0	0	0	0	0	0	0	0	0	0	0	0	0	0	0	0	0	0	2003	0
LFQ	76	0	0	0	0	0	0	0	0	0	0	0	0	0	0	0	0	0	0	0	0	0	0	0	0	0	0	0	0	0	0	2003	0
LFQ	77	0	0	0	0	0	0	0	0	0	0	0	0	0	0	0	0	0	0	0	0	0	0	0	0	0	0	0	0	0	0	2003	0
LFQ	78	0	0	0	0	0	0	0	0	0	0	0	0	0	0	0	0	0	0	0	0	0	0	0	0	0	0	0	0	0	0	2003	0
LFQ	79	0	0	0	0	0	0	0	0	0	0	0	0	0	0	0	0	0	0	0	0	0	0	0	0	0	0	0	0	0	0	2003	0
LFQ	80	0	0	0	0	0	0	0	0	0	0	0	0	0	0	0	0	0	0	0	0	0	0	0	0	0	0	0	0	0	0	2003	0
LFQ	81	0	0	0	0	0	0	0	0	0	0	0	0	0	0	0	0	0	0	0	0	0	0	0	0	0	0	0	0	0	0	2003	0
LFQ	82	0	0	0	0	0	0	0	0	0	0	0	0	0	0	0	0	0	0	0	0	0	0	0	0	0	0	0	0	0	0	2003	0
LFQ	83	0	0	0	0	0	0	0	0	0	0	0	0	0	0	0	0	0	0	0	0	0	0	0	0	0	0	0	0	0	0	2003	0
LFQ	84	0	0	0	0	0	0	0	0	0	0	0	0	0	0	0	0	0	0	0	0	0	0	0	0	0	0	0	0	0	0	2003	0
LFQ	85	0	0	0	0	0	0	0	0	0	0	0	0	0	0	0	0	0	0	0	0	0	0	0	0	0	0	0	0	0	0	2003	0
LFQ	86	0	0	0	0	0	0	0	0	0	0	0	0	0	0	0	0	0	0	0	0	0	0	0	0	0	0	0	0	0	0	2003	0
LFQ	87	0	0	0	0	0	0	0	0	0	0	0	0	0	0	0	0	0	0	0	0	0	0	0	0	0	0	0	0	0	0	2003	0
LFQ	88	0	0	0	0	0	0	0	0	0	0	0	0	0	0	0	0	0	0	0	0	0	0	0	0	0	0	0	0	0	0	2003	0
LFQ	89	0	0	0	0	0	0	0	0	0	0	0	0	0	0	0	0	0	0	0	0	0	0	0	0	0	0	0	0	0	0	2003	0
LFQ	90	0	0	0	0	0	0	0	0	0	0	0	0	0	0	0	0	0	0	0	0	0	0	0	0	0	0	0	0	0	0	2003	0
LFQ	91	0	0	0	0	0	0	0	0	0	0	0	0	0	0	0	0	0	0	0	0	0	0	0	0	0	0	0	0	0	0	2003	0
LFQ	92	0	0	0	0	0	0	0	0	0	0	0	0	0	0	0	0	0	0	0	0	0	0	0	0	0	0	0	0	0	0	2003	0
LFQ	93	0	0	0	0	0	0	0	0	0	0	0	0	0	0	0	0	0	0	0	0	0	0	0	0	0	0	0	0	0	0	2003	0
LFQ	94	0	0	0	0	0	0	0	0	0	0	0	0	0	0	0	0	0	0	0	0	0	0	0	0	0	0	0	0	0	0	2003	0
LFQ	95	0	0	0	0	0	0	0	0	0	0	0	0	0	0	0	0	0	0	0	0	0	0	0	0	0	0	0	0	0	0	2003	0
LFQ	96	0	0	0	0	0	0	0	0	0	0	0	0	0	0	0	0	0	0	0	0	0	0	0	0	0	0	0	0	0	0	2003	0
LFQ	97	0	0	0	0	0	0	0	0	0	0	0	0	0	0	0	0	0	0	0	0	0	0	0	0	0	0	0	0	0	0	2003	0
LFQ	98	0	0	0	0	0	0	0	0	0	0	0	0	0	0	0	0	0	0	0	0	0	0	0	0	0	0	0	0	0	0	2003	0
LFQ	99	0	0	0	0	0	0	0	0	0	0	0	0	0	0	0	0	0	0	0	0	0	0	0	0	0	0	0	0	0	0	2003	0
LFQ	100	0	0	0	0	0	0	0	0	0	0	0	0	0	0	0	0	0	0	0	0	0	0	0	0	0	0	0	0	0	0	2003	0
LFQ	101	0	0	0	0	0	0	0	0	0	0	0	0	0	0	0	0	0	0	0	0	0	0	0	0	0	0	0	0	0	0	2003	0
LFQ	102	0	0	0	0	0	0	0	0	0	0	0	0	0	0	0	0	0	0	0	0	0	0	0	0	0	0	0	0	0	0	2003	0
LFQ	103	0	0	0	0	0	0	0	0	0	0	0	0	0	0	0	0	0	0	0	0	0	0	0	0	0	0	0	0	0	0	2003	0
LFQ	104	0	0	0	0	0	0	0	0	0	0	0	0	0	0	0	0	0	0	0	0	0	0	0	0	0	0	0	0	0	0	2003	0
LFQ	105	0	0	0	0	0	0	0	0	0	0	0	0	0	0	0	0	0	0	0	0	0	0	0	0	0	0	0	0	0	0	2003	0
LFQ	106	0	0	0	0	0	0	0	0	0	0	0	0	0	0	0	0	0	0	0	0	0	0	0	0	0	0	0	0	0	0	2003	0
LFQ	107	0	0	0	0	0	0	0	0	0	0	0	0	0	0	0	0	0	0	0	0	0	0	0	0	0	0	0	0	0	0	2003	0
LFQ	108	0	0	0	0	0	0	0	0	0	0	0	0	0	0	0	0	0	0	0	0	0	0	0	0	0	0	0	0	0	0	2003	0
LFQ	109	0	0	0	0	0	0	0	0	0	0	0	0	0	0	0	0	0	0	0	0	0	0	0	0	0	0	0	0	0	0	2003	0
LFQ	110	0	0	0	0	0	0	0	0	0	0	0	0	0	0	0	0	0	0	0	0	0	0	0	0	0	0	0	0	0	0	2003	0
LFQ	111	0	0	0	0	0	0	0	0	0	0	0	0	0	0	0	0	0	0	0	0	0	0	0	0	0	0	0	0	0	0	2003	0
LFQ	112	0	0	0	0	0	0	0	0	0	0	0	0	0	0	0	0	0	0	0	0	0	0	0	0	0	0	0	0	0	0	2003	0
LFQ	113	0	0	0	0	0	0	0	0	0	0	0	0	0	0	0	0	0	0	0	0	0	0	0	0	0	0	0	0	0	0	2003	0
LFQ	114	0	0	0	0	0	0	0	0	0	0	0	0	0	0	0	0	0	0	0	0	0	0	0	0	0	0	0	0	0	0	2003	0
LFQ	115	0	0	0	0	0	0	0	0	0	0	0	0	0	0	0	0	0	0	0	0	0	0	0	0	0	0	0	0	0	0	2003	0
LFQ	116	0	0	0	0	0	0	0	0	0	0	0	0	0	0	0	0	0	0	0	0	0	0	0	0	0	0	0	0	0	0	2003	0
LFQ	117	0	0	0	0	0	0	0	0	0	0	0	0	0	0	0	0	0	0	0	0	0	0	0	0	0	0	0	0	0	0	2003	0
LFQ	118	0	0	0	0	0	0	0	0	0	0	0	0	0	0	0	0	0	0	0	0	0	0	0	0	0	0	0	0	0	0	2003	0
LFQ	119	0	0	0	0	0	0	0	0	0	0	0	0	0	0	0	0	0	0	0	0	0	0	0	0	0	0	0	0	0	0	2003	0
LFQ	120	0	0	0	0	0	0	0	0	0	0	0	0	0	0	0	0	0	0	0	0	0	0	0	0	0	0	0	0	0	0	2003	0
LFQ	121	0	0	0	0	0	0	0	0	0	0	0	0	0	0	0	0	0	0	0	0	0	0	0	0	0	0	0	0	0	0	2003	0
LFQ	122	0	0	0	0	0	0	0	0	0	0	0	0	0	0	0	0	0	0	0	0	0	0	0	0	0	0	0	0	0	0	2003	0
LFQ	123	0	0	0	0	0	0	0	0	0	0	0	0	0	0	0	0	0	0	0	0	0	0	0	0	0	0	0	0	0	0	2003	0
LFQ	124	0	0	0	0	0	0	0	0	0	0	0	0	0	0	0	0	0	0	0	0	0	0	0	0	0	0	0	0	0	0	2003	0
LFQ	125	0	0	0	0	0	0	0	0	0	0	0	0	0	0	0	0	0	0	0	0	0	0	0	0	0	0	0	0	0	0	2003	0
LFQ	126	0	0	0	0	0	0	0	0	0	0	0	0	0	0	0	0	0	0	0	0	0	0	0	0	0	0	0	0	0	0	2003	0
LFQ	127	0	0	0	0	0	0	0	0	0	0	0	0	0	0	0	0	0	0	0	0	0	0	0	0	0	0	0	0	0	0	2003	0
LFQ	128	0	0	0	0	0	0	0	0	0	0	0	0	0	0	0	0	0	0	0	0	0	0	0	0	0	0	0	0	0	0	2003	0
LFQ	129	0	0	0	0	0	0	0	0	0	0	0	0	0	0	0	0	0	0	0	0	0	0	0	0	0	0	0	0	0	0	2003	0
LFQ	130	0	0	0	0	0	0	0	0	0	0	0	0	0	0	0	0	0	0	0	0	0	0	0	0	0	0	0	0	0	0	2003	0
LFQ	131	0	0	0	0	0	0	0	0	0	0	0	0	0	0	0	0	0	0	0	0	0	0	0	0	0	0	0	0	0	0	2003	0
LFQ	132	0	0	0	0	0	0	0	0	0	0	0	0	0	0	0	0	0	0	0	0	0	0	0	0	0	0	0	0	0	0	2003	0
LFQ	133	0	0	0	0	0	0	0	0	0	0	0	0	0	0	0	0	0	0	0	0	0	0	0	0	0	0	0	0	0	0	2003	0
LFQ	134	0	0	0	0	0	0	0	0	0	0	0	0	0	0	0	0	0	0	0	0	0	0	0	0	0	0	0	0	0	0	2003	0
LFQ	135	0	0	0	0	0	0	0	0	0	0	0	0	0	0	0	0	0	0	0	0	0	0	0	0	0	0	0	0	0	0	2003	0
LFQ	136	0	0	0	0	0	0	0	0	0	0	0	0	0	0	0	0	0	0	0	0	0	0	0	0	0	0	0	0	0	0	2003	0
LFQ	137	0	0	0	0	0	0	0	0	0	0	0	0	0	0	0	0	0	0	0	0	0	0	0	0	0	0	0	0	0	0	2003	0
LFQ	138	0	0	0	0	0	0	0	0	0	0	0	0	0	0	0	0	0	0	0	0	0	0	0	0	0	0	0	0	0	0	2003	0
LFQ	139	0	0	0	0	0	0	0	0	0	0	0	0	0	0	0	0	0	0	0	0	0	0	0	0	0	0	0	0	0	0	2003	0
LFQ	140	0	0	0	0	0	0	0	0	0	0	0	0	0	0	0	0	0	0	0	0	0	0	0	0	0	0	0	0	0	0	2003	0
LFQ	141	0	0	0	0	0	0	0	0	0	0	0	0	0	0	0	0	0	0	0	0	0	0	0	0	0	0	0	0	0	0	2003	0
LFQ	142	0	0	0	0	0	0	0	0	0	0	0	0	0	0	0	0	0	0	0	0	0	0	0	0	0	0	0	0	0	0	2003	0
LFQ	143	0	0	0	0	0	0	0	0	0	0	0	0	0	0	0	0	0	0	0	0	0	0	0	0	0	0	0	0	0	0	2003	0
LFQ	144	0	0	0	0	0	0	0	0	0	0	0	0	0	0	0	0	0	0	0	0	0	0	0	0	0	0	0	0	0	0	2003	0
LFQ	145	0	0	0	0	0	0	0	0	0	0	0	0	0	0	0	0	0	0	0	0	0	0	0	0	0	0	0	0	0	0	2003	0
LFQ	146	0	0	0	0	0	0	0	0	0	0	0	0	0	0	0	0	0	0	0	0	0	0	0	0	0	0	0	0	0	0	2003	0
LFQ	147	0	0	0	0	0	0	0	0	0	0	0	0	0	0	0	0	0	0	0	0	0	0	0	0	0	0	0	0	0	0	2003	0
LFQ	148	0	0	0	0	0	0	0	0	0	0	0	0	0	0	0	0	0	0	0	0	0	0	0	0	0	0	0	0	0	0	2003	0
LFQ	149	0	0	0	0	0	0	0	0	0	0	0	0	0	0	0	0	0	0	0	0	0	0	0	0	0	0	0	0	0	0	2003	0
LFQ	150	0	0	0	0	0	0	0	0	0	0	0	0	0	0	0	0	0	0	0	0	0	0	0	0	0	0	0	0	0	0	2003	0
# GC Content of first fragments. Use `grep ^GCF | cut -f 2-` to extract this part.
GCF	5.53	0
GCF	11.31	1
GCF	12.31	0
GCF	13.32	1
GCF	14.57	0
GCF	16.08	1
GCF	17.84	0
GCF	19.35	5
GCF	20.10	2
GCF	20.85	3
GCF	21.36	2
GCF	22.11	3
GCF	22.86	5
GCF	23.37	10
GCF	24.12	6
GCF	24.87	18
GCF	25.38	13
GCF	26.13	12
GCF	26.88	24
GCF	27.39	26
GCF	28.14	29
GCF	28.89	28
GCF	29.40	40
GCF	30.15	37
GCF	30.90	36
GCF	31.41	43
GCF	32.16	41
GCF	32.91	71
GCF	33.42	67
GCF	33.92	60
GCF	34.67	84
GCF	35.43	78
GCF	35.93	84
GCF	36.68	72
GCF	37.44	75
GCF	37.94	61
GCF	38.69	79
GCF	39.45	60
GCF	39.95	84
GCF	40.70	52
GCF	41.46	61
GCF	41.96	58
GCF	42.96	55
GCF	43.97	32
GCF	44.72	45
GCF	45.48	54
GCF	45.98	47
GCF	46.73	39
GCF	47.49	43
GCF	48.49	29
GCF	49.50	28
GCF	50.00	22
GCF	50.75	10
GCF	51.51	13
GCF	52.01	8
GCF	53.02	5
GCF	54.02	8
GCF	54.77	6
GCF	55.53	2
GCF	56.03	4
GCF	56.78	7
GCF	57.54	6
GCF	58.04	1
GCF	58.79	4
GCF	59.55	5
GCF	60.80	0
GCF	62.06	1
GCF	62.81	0
GCF	63.57	2
GCF	64.57	1
GCF	65.58	0
GCF	66.08	2
GCF	67.09	0
GCF	68.09	1
GCF	69.60	0
GCF	71.36	1
# GC Content of last fragments. Use `grep ^GCL | cut -f 2-` to extract this part.
GCL	8.79	0
GCL	18.09	1
GCL	18.84	2
GCL	19.35	1
GCL	20.10	5
GCL	21.11	3
GCL	22.11	5
GCL	22.86	4
GCL	23.37	7
GCL	24.12	13
GCL	24.87	8
GCL	25.38	15
GCL	26.13	20
GCL	26.88	18
GCL	27.39	22
GCL	28.14	33
GCL	28.89	17
GCL	29.40	33
GCL	30.15	40
GCL	30.90	39
GCL	31.41	34
GCL	32.16	46
GCL	32.91	63
GCL	33.42	54
GCL	33.92	71
GCL	34.67	60
GCL	35.43	91
GCL	35.93	80
GCL	36.68	67
GCL	37.44	87
GCL	37.94	67
GCL	38.69	63
GCL	39.45	46
GCL	39.95	75
GCL	40.70	74
GCL	41.46	69
GCL	41.96	59
GCL	42.71	65
GCL	43.47	46
GCL	43.97	54
GCL	44.97	47
GCL	45.98	53
GCL	46.73	42
GCL	47.49	35
GCL	47.99	39
GCL	48.74	25
GCL	49.50	28
GCL	50.00	12
GCL	51.01	15
GCL	52.01	14
GCL	52.76	11
GCL	53.52	8
GCL	54.52	5
GCL	55.53	2
GCL	56.03	8
GCL	56.78	6
GCL	57.54	3
GCL	58.04	4
GCL	58.79	6
GCL	59.55	3
GCL	60.05	2
GCL	60.80	1
GCL	61.56	2
GCL	62.56	1
GCL	64.32	0
GCL	65.58	2
GCL	66.08	0
GCL	66.58	1
# ACGT content per cycle. Use `grep ^GCC | cut -f 2-` to extract this part. The columns are: cycle; A,C,G,T base counts as a percentage of all A/C/G/T bases [%]; and N and O counts as a percentage of all A/C/G/T bases [%]
GCC	1	30.98	18.80	19.20	31.03	0.00	0.00
GCC	2	32.58	18.75	18.82	29.86	0.00	0.00
GCC	3	30.63	18.95	20.29	30.13	0.00	0.00
GCC	4	31.43	18.27	19.00	31.30	0.00	0.00
GCC	5	31.88	19.47	18.25	30.40	0.00	0.00
GCC	6	30.80	19.22	19.47	30.50	0.00	0.00
GCC	7	31.75	19.97	18.70	29.58	0.00	0.00
GCC	8	30.35	20.27	18.50	30.88	0.00	0.00
GCC	9	30.63	19.67	18.92	30.78	0.00	0.00
GCC	10	30.98	19.32	19.85	29.86	0.00	0.00
GCC	11	30.65	20.17	18.20	30.98	0.00	0.00
GCC	12	31.78	19.62	19.22	29.38	0.00	0.00
GCC	13	30.88	19.50	19.15	30.48	0.00	0.00
GCC	14	29.68	20.34	19.22	30.75	0.00	0.00
GCC	15	32.20	18.67	18.80	30.33	0.00	0.00
GCC	16	30.95	19.72	19.17	30.15	0.00	0.00
GCC	17	29.66	19.45	18.87	32.03	0.00	0.00
GCC	18	30.75	18.72	19.50	31.03	0.00	0.00
GCC	19	30.10	20.67	18.30	30.93	0.00	0.00
GCC	20	30.65	19.77	18.67	30.90	0.00	0.00
GCC	21	30.80	20.02	18.37	30.80	0.00	0.00
GCC	22	29.63	20.24	19.95	30.18	0.00	0.00
GCC	23	31.40	19.87	18.72	30.00	0.00	0.00
GCC	24	31.35	19.60	17.72	31.33	0.00	0.00
GCC	25	30.60	19.57	18.25	31.58	0.00	0.00
GCC	26	30.43	20.69	18.40	30.48	0.00	0.00
GCC	27	31.50	20.14	17.95	30.40	0.00	0.00
GCC	28	31.18	18.75	18.12	31.95	0.00	0.00
GCC	29	30.53	20.29	19.37	29.81	0.00	0.00
GCC	30	30.28	21.29	17.95	30.48	0.00	0.00
GCC	31	31.20	20.59	17.87	30.33	0.00	0.00
GCC	32	30.48	19.50	19.32	30.70	0.00	0.00
GCC	33	30.83	19.47	19.25	30.45	0.00	0.00
GCC	34	30.95	19.25	19.15	30.65	0.00	0.00
GCC	35	29.06	19.80	19.45	31.70	0.00	0.00
GCC	36	31.28	19.92	19.10	29.71	0.00	0.00
GCC	37	30.93	20.37	18.85	29.86	0.00	0.00
GCC	38	31.60	19.62	19.25	29.53	0.00	0.00
GCC	39	30.20	20.17	19.02	30.60	0.00	0.00
GCC	40	31.93	19.60	17.80	30.68	0.00	0.00
GCC	41	31.03	21.12	18.42	29.43	0.00	0.00
GCC	42	29.88	20.17	19.32	30.63	0.00	0.00
GCC	43	31.23	19.62	17.77	31.38	0.00	0.00
GCC	44	30.08	20.22	18.47	31.23	0.00	0.00
GCC	45	30.25	19.27	19.75	30.73	0.00	0.00
GCC	46	30.33	19.35	18.30	32.03	0.00	0.00
GCC	47	29.83	21.02	18.42	30.73	0.00	0.00
GCC	48	30.80	18.75	18.97	31.48	0.00	0.00
GCC	49	31.15	19.47	19.00	30.38	0.00	0.00
GCC	50	30.10	19.95	18.85	31.10	0.00	0.00
GCC	51	30.93	18.87	18.72	31.48	0.00	0.00
GCC	52	29.31	20.07	19.82	30.80	0.00	0.00
GCC	53	29.56	20.47	18.10	31.88	0.00	0.00
GCC	54	31.48	19.75	18.70	30.08	0.00	0.00
GCC	55	31.40	19.37	18.15	31.08	0.00	0.00
GCC	56	31.03	19.17	18.87	30.93	0.00	0.00
GCC	57	29.96	20.79	18.50	30.75	0.00	0.00
GCC	58	31.05	19.22	18.97	30.75	0.00	0.00
GCC	59	30.18	18.55	18.62	32.65	0.00	0.00
GCC	60	31.43	19.45	18.47	30.65	0.00	0.00
GCC	61	30.50	19.22	19.22	31.05	0.00	0.00
GCC	62	30.60	20.29	19.12	29.98	0.00	0.00
GCC	63	30.90	19.55	18.32	31.23	0.00	0.00
GCC	64	29.56	19.30	20.19	30.95	0.00	0.00
GCC	65	31.88	19.00	18.75	30.38	0.00	0.00
GCC	66	30.70	20.12	17.75	31.43	0.00	0.00
GCC	67	29.81	19.60	19.17	31.43	0.00	0.00
GCC	68	29.66	20.04	19.12	31.18	0.00	0.00
GCC	69	31.38	20.02	18.05	30.55	0.00	0.00
GCC	70	29.76	20.47	18.85	30.93	0.00	0.00
GCC	71	30.40	19.57	18.45	31.58	0.00	0.00
GCC	72	30.20	20.12	18.37	31.30	0.00	0.00
GCC	73	31.13	19.10	18.20	31.58	0.00	0.00
GCC	74	29.18	19.70	17.57	33.55	0.00	0.00
GCC	75	29.58	19.67	19.22	31.53	0.00	0.00
GCC	76	30.30	19.10	18.85	31.75	0.00	0.00
GCC	77	30.70	19.40	19.55	30.35	0.00	0.00
GCC	78	28.98	20.12	19.82	31.08	0.00	0.00
GCC	79	31.20	19.77	18.52	30.50	0.00	0.00
GCC	80	30.38	20.00	18.62	31.00	0.00	0.00
GCC	81	30.13	18.65	19.30	31.93	0.00	0.00
GCC	82	30.25	19.05	18.37	32.33	0.00	0.00
GCC	83	29.33	20.09	18.45	32.13	0.00	0.00
GCC	84	30.45	19.77	17.92	31.85	0.00	0.00
GCC	85	31.65	19.67	18.25	30.43	0.00	0.00
GCC	86	30.55	19.82	18.20	31.43	0.00	0.00
GCC	87	30.50	20.22	18.10	31.18	0.00	0.00
GCC	88	30.00	20.89	18.72	30.38	0.00	0.00
GCC	89	30.50	18.60	18.87	32.03	0.00	0.00
GCC	90	30.40	19.27	19.22	31.10	0.00	0.00
GCC	91	31.45	18.85	18.95	30.75	0.00	0.00
GCC	92	31.33	19.55	18.82	30.30	0.00	0.00
GCC	93	29.98	20.19	18.05	31.78	0.00	0.00
GCC	94	29.01	19.42	19.90	31.68	0.00	0.00
GCC	95	30.38	19.67	18.27	31.68	0.00	0.00
GCC	96	30.63	19.57	19.70	30.10	0.00	0.00
GCC	97	29.68	19.60	19.10	31.63	0.00	0.00
GCC	98	29.43	19.20	19.92	31.45	0.00	0.00
GCC	99	30.93	18.55	18.65	31.88	0.00	0.00
GCC	100	30.90	20.34	18.65	30.10	0.00	0.00
GCC	101	30.55	20.29	19.22	29.93	0.00	0.00
GCC	102	31.08	20.37	19.07	29.48	0.00	0.00
GCC	103	30.75	19.95	18.47	30.83	0.00	0.00
GCC	104	29.71	20.97	19.82	29.51	0.00	0.00
GCC	105	31.60	19.60	18.32	30.48	0.00	0.00
GCC	106	30.25	20.00	18.52	31.23	0.00	0.00
GCC	107	30.80	19.57	19.17	30.45	0.00	0.00
GCC	108	30.48	20.37	17.62	31.53	0.00	0.00
GCC	109	30.83	20.24	17.77	31.15	0.00	0.00
GCC	110	31.20	18.92	18.62	31.25	0.00	0.00
GCC	111	29.23	20.42	18.77	31.58	0.00	0.00
GCC	112	29.63	19.82	18.90	31.65	0.00	0.00
GCC	113	31.03	20.17	18.45	30.35	0.00	0.00
GCC	114	29.88	20.02	18.60	31.50	0.00	0.00
GCC	115	30.50	19.55	19.50	30.45	0.00	0.00
GCC	116	30.15	20.07	19.60	30.18	0.00	0.00
GCC	117	30.20	20.17	18.52	31.10	0.00	0.00
GCC	118	30.48	18.67	19.80	31.05	0.00	0.00
GCC	119	29.76	20.74	17.82	31.68	0.00	0.00
GCC	120	30.78	20.64	18.42	30.15	0.00	0.00
GCC	121	30.53	19.95	18.65	30.88	0.00	0.00
GCC	122	31.08	19.17	19.15	30.60	0.00	0.00
GCC	123	30.55	19.65	19.45	30.35	0.00	0.00
GCC	124	29.48	19.92	18.10	32.50	0.00	0.00
GCC	125	31.00	19.72	18.40	30.88	0.00	0.00
GCC	126	30.48	20.54	18.00	30.98	0.00	0.00
GCC	127	30.75	20.12	17.87	31.25	0.00	0.00
GCC	128	30.40	20.37	18.70	30.53	0.00	0.00
GCC	129	30.35	19.62	19.27	30.75	0.00	0.00
GCC	130	30.60	20.07	18.97	30.35	0.00	0.00
GCC	131	30.45	20.32	18.35	30.88	0.00	0.00
GCC	132	29.83	19.67	19.12	31.38	0.00	0.00
GCC	133	29.33	19.77	19.85	31.05	0.00	0.00
GCC	134	31.55	18.77	19.10	30.58	0.00	0.00
GCC	135	29.96	20.64	19.62	29.78	0.00	0.00
GCC	136	30.25	18.65	20.09	31.00	0.00	0.00
GCC	137	30.10	18.90	19.52	31.48	0.00	0.00
GCC	138	30.58	19.75	18.70	30.98	0.00	0.00
GCC	139	30.18	19.40	20.22	30.20	0.00	0.00
GCC	140	30.88	19.60	18.72	30.80	0.00	0.00
GCC	141	31.40	19.90	17.95	30.75	0.00	0.00
GCC	142	30.38	20.57	18.37	30.68	0.00	0.00
GCC	143	30.98	20.54	17.87	30.60	0.00	0.00
GCC	144	30.15	19.62	18.27	31.95	0.00	0.00
GCC	145	29.48	19.90	19.57	31.05	0.00	0.00
GCC	146	31.55	18.87	18.07	31.50	0.00	0.00
GCC	147	31.30	18.72	19.87	30.10	0.00	0.00
GCC	148	30.93	19.87	18.62	30.58	0.00	0.00
GCC	149	30.18	19.90	19.02	30.90	0.00	0.00
GCC	150	30.18	19.97	17.77	32.08	0.00	0.00
# ACGT content per cycle, read oriented. Use `grep ^GCT | cut -f 2-` to extract this part. The columns are: cycle; A,C,G,T base counts as a percentage of all A/C/G/T bases [%]
GCT	1	30.00	20.04	17.95	32.00
GCT	2	32.33	19.17	18.40	30.10
GCT	3	30.28	19.82	19.42	30.48
GCT	4	31.63	18.85	18.42	31.10
GCT	5	30.60	18.07	19.65	31.68
GCT	6	28.78	18.47	20.22	32.53
GCT	7	29.68	19.37	19.30	31.65
GCT	8	29.96	19.60	19.17	31.28
GCT	9	30.23	19.10	19.50	31.18
GCT	10	30.55	19.87	19.30	30.28
GCT	11	31.18	19.07	19.30	30.45
GCT	12	30.35	19.57	19.27	30.80
GCT	13	30.18	19.07	19.57	31.18
GCT	14	30.73	19.97	19.60	29.71
GCT	15	31.18	18.22	19.25	31.35
GCT	16	30.30	18.70	20.19	30.80
GCT	17	31.48	18.90	19.42	30.20
GCT	18	31.38	18.42	19.80	30.40
GCT	19	32.33	18.62	20.34	28.71
GCT	20	31.13	18.82	19.62	30.43
GCT	21	31.23	18.77	19.62	30.38
GCT	22	31.85	18.95	21.24	27.96
GCT	23	31.35	19.65	18.95	30.05
GCT	24	32.40	17.87	19.45	30.28
GCT	25	31.10	19.30	18.52	31.08
GCT	26	30.30	19.60	19.50	30.60
GCT	27	31.65	19.67	18.42	30.25
GCT	28	30.65	18.50	18.37	32.48
GCT	29	30.60	19.20	20.47	29.73
GCT	30	30.65	19.00	20.24	30.10
GCT	31	30.18	19.95	18.52	31.35
GCT	32	29.96	19.55	19.27	31.23
GCT	33	30.03	19.85	18.87	31.25
GCT	34	29.56	19.52	18.87	32.05
GCT	35	30.13	19.50	19.75	30.63
GCT	36	31.23	18.85	20.17	29.76
GCT	37	30.85	19.17	20.04	29.93
GCT	38	30.88	20.22	18.65	30.25
GCT	39	30.55	19.50	19.70	30.25
GCT	40	33.35	18.00	19.40	29.26
GCT	41	31.03	19.65	19.90	29.43
GCT	42	30.40	19.47	20.02	30.10
GCT	43	31.63	18.75	18.65	30.98
GCT	44	31.68	19.60	19.10	29.63
GCT	45	29.16	19.45	19.57	31.83
GCT	46	31.40	18.25	19.40	30.95
GCT	47	30.75	20.17	19.27	29.81
GCT	48	30.83	18.75	18.97	31.45
GCT	49	31.10	18.70	19.77	30.43
GCT	50	29.96	20.02	18.77	31.25
GCT	51	31.00	18.37	19.22	31.40
GCT	52	30.45	19.05	20.84	29.66
GCT	53	30.63	18.92	19.65	30.80
GCT	54	30.60	19.80	18.65	30.95
GCT	55	31.10	18.40	19.12	31.38
GCT	56	31.78	18.90	19.15	30.18
GCT	57	31.40	19.52	19.77	29.31
GCT	58	30.70	18.75	19.45	31.10
GCT	59	30.90	19.40	17.77	31.93
GCT	60	30.63	18.32	19.60	31.45
GCT	61	30.03	18.97	19.47	31.53
GCT	62	30.30	19.82	19.60	30.28
GCT	63	31.40	19.02	18.85	30.73
GCT	64	31.10	19.77	19.72	29.41
GCT	65	32.38	19.32	18.42	29.88
GCT	66	31.15	18.75	19.12	30.98
GCT	67	30.10	19.37	19.40	31.13
GCT	68	31.05	19.92	19.25	29.78
GCT	69	31.28	18.70	19.37	30.65
GCT	70	30.48	18.57	20.74	30.20
GCT	71	30.30	19.65	18.37	31.68
GCT	72	30.85	19.40	19.10	30.65
GCT	73	30.23	19.07	18.22	32.48
GCT	74	30.28	17.97	19.30	32.45
GCT	75	29.51	19.17	19.72	31.60
GCT	76	30.58	18.75	19.20	31.48
GCT	77	30.88	19.25	19.70	30.18
GCT	78	30.35	20.27	19.67	29.71
GCT	79	30.78	18.87	19.42	30.93
GCT	80	30.70	19.75	18.87	30.68
GCT	81	30.80	18.60	19.35	31.25
GCT	82	31.95	20.72	16.70	30.63
GCT	83	31.50	19.15	19.40	29.96
GCT	84	30.85	19.00	18.70	31.45
GCT	85	32.05	18.80	19.12	30.03
GCT	86	30.90	19.10	18.92	31.08
GCT	87	31.95	18.20	20.12	29.73
GCT	88	30.68	19.80	19.82	29.71
GCT	89	32.35	18.97	18.50	30.18
GCT	90	30.90	19.70	18.80	30.60
GCT	91	30.85	18.42	19.37	31.35
GCT	92	31.78	17.92	20.44	29.86
GCT	93	30.73	18.62	19.62	31.03
GCT	94	30.33	20.07	19.25	30.35
GCT	95	31.65	18.47	19.47	30.40
GCT	96	30.90	19.77	19.50	29.83
GCT	97	31.43	18.82	19.87	29.88
GCT	98	29.28	19.07	20.04	31.60
GCT	99	31.18	19.57	17.62	31.63
GCT	100	29.98	19.95	19.05	31.03
GCT	101	29.61	20.22	19.30	30.88
GCT	102	30.00	19.62	19.82	30.55
GCT	103	31.60	18.57	19.85	29.98
GCT	104	30.43	19.52	21.27	28.78
GCT	105	30.90	18.37	19.55	31.18
GCT	106	31.43	18.75	19.77	30.05
GCT	107	30.88	19.02	19.72	30.38
GCT	108	31.80	18.97	19.02	30.20
GCT	109	31.58	18.97	19.05	30.40
GCT	110	30.15	18.90	18.65	32.30
GCT	111	30.45	19.82	19.37	30.35
GCT	112	30.73	20.14	18.57	30.55
GCT	113	30.00	19.37	19.25	31.38
GCT	114	29.86	19.87	18.75	31.53
GCT	115	29.08	19.20	19.85	31.88
GCT	116	30.18	20.17	19.50	30.15
GCT	117	31.00	19.65	19.05	30.30
GCT	118	30.30	19.27	19.20	31.23
GCT	119	30.80	18.52	20.04	30.63
GCT	120	29.51	19.45	19.62	31.43
GCT	121	30.78	19.72	18.87	30.63
GCT	122	30.00	18.72	19.60	31.68
GCT	123	30.90	19.77	19.32	30.00
GCT	124	30.65	18.92	19.10	31.33
GCT	125	30.78	19.52	18.60	31.10
GCT	126	30.93	17.52	21.02	30.53
GCT	127	31.28	18.57	19.42	30.73
GCT	128	29.91	19.50	19.57	31.03
GCT	129	31.53	19.37	19.52	29.58
GCT	130	30.75	19.35	19.70	30.20
GCT	131	31.13	19.97	18.70	30.20
GCT	132	30.60	19.07	19.72	30.60
GCT	133	31.28	20.19	19.42	29.11
GCT	134	31.23	18.87	19.00	30.90
GCT	135	30.05	20.27	20.00	29.68
GCT	136	30.60	19.32	19.42	30.65
GCT	137	30.35	19.52	18.90	31.23
GCT	138	30.00	19.05	19.40	31.55
GCT	139	30.23	19.97	19.65	30.15
GCT	140	30.05	18.65	19.67	31.63
GCT	141	32.13	18.95	18.90	30.03
GCT	142	30.15	19.42	19.52	30.90
GCT	143	30.88	19.57	18.85	30.70
GCT	144	31.58	18.72	19.17	30.53
GCT	145	31.25	19.10	20.37	29.28
GCT	146	32.40	18.10	18.85	30.65
GCT	147	30.70	18.60	20.00	30.70
GCT	148	30.83	19.25	19.25	30.68
GCT	149	31.15	19.75	19.17	29.93
GCT	150	32.15	19.02	18.72	30.10
# ACGT content per cycle for first fragments. Use `grep ^FBC | cut -f 2-` to extract this part. The columns are: cycle; A,C,G,T base counts as a percentage of all A/C/G/T bases [%]; and N and O counts as a percentage of all A/C/G/T bases [%]
FBC	1	32.00	19.42	18.77	29.81	0.00	0.00
FBC	2	33.70	18.22	18.17	29.91	0.00	0.00
FBC	3	31.25	18.67	20.22	29.86	0.00	0.00
FBC	4	30.90	18.02	18.87	32.20	0.00	0.00
FBC	5	31.55	19.12	18.57	30.75	0.00	0.00
FBC	6	32.20	18.47	19.47	29.86	0.00	0.00
FBC	7	32.20	20.17	18.82	28.81	0.00	0.00
FBC	8	30.40	19.92	18.22	31.45	0.00	0.00
FBC	9	31.05	19.87	18.37	30.70	0.00	0.00
FBC	10	31.00	19.42	19.77	29.81	0.00	0.00
FBC	11	30.35	21.57	17.47	30.60	0.00	0.00
FBC	12	31.75	19.62	19.92	28.71	0.00	0.00
FBC	13	30.50	20.02	19.37	30.10	0.00	0.00
FBC	14	28.31	20.02	19.42	32.25	0.00	0.00
FBC	15	32.45	17.67	18.97	30.90	0.00	0.00
FBC	16	30.35	19.27	19.37	31.00	0.00	0.00
FBC	17	29.01	20.37	18.72	31.90	0.00	0.00
FBC	18	31.25	19.12	19.12	30.50	0.00	0.00
FBC	19	30.65	20.92	17.32	31.10	0.00	0.00
FBC	20	30.95	19.82	18.12	31.10	0.00	0.00
FBC	21	29.76	19.57	18.42	32.25	0.00	0.00
FBC	22	31.35	18.42	19.17	31.05	0.00	0.00
FBC	23	31.75	19.12	18.72	30.40	0.00	0.00
FBC	24	32.05	19.37	17.32	31.25	0.00	0.00
FBC	25	30.45	20.07	17.52	31.95	0.00	0.00
FBC	26	29.66	20.02	19.77	30.55	0.00	0.00
FBC	27	31.10	20.42	17.77	30.70	0.00	0.00
FBC	28	31.50	20.52	17.32	30.65	0.00	0.00
FBC	29	31.25	21.32	18.77	28.66	0.00	0.00
FBC	30	30.80	22.27	17.67	29.26	0.00	0.00
FBC	31	30.75	20.02	17.77	31.45	0.00	0.00
FBC	32	30.80	19.57	18.72	30.90	0.00	0.00
FBC	33	30.15	19.67	19.07	31.10	0.00	0.00
FBC	34	32.10	19.22	19.47	29.21	0.00	0.00
FBC	35	30.50	20.52	17.92	31.05	0.00	0.00
FBC	36	31.00	19.57	19.62	29.81	0.00	0.00
FBC	37	31.55	21.52	18.27	28.66	0.00	0.00
FBC	38	32.65	19.32	19.57	28.46	0.00	0.00
FBC	39	30.80	19.02	18.82	31.35	0.00	0.00
FBC	40	32.95	19.17	16.77	31.10	0.00	0.00
FBC	41	31.85	20.77	18.92	28.46	0.00	0.00
FBC	42	30.30	19.22	19.97	30.50	0.00	0.00
FBC	43	32.10	19.52	17.62	30.75	0.00	0.00
FBC	44	30.70	19.02	19.22	31.05	0.00	0.00
FBC	45	30.95	18.82	19.12	31.10	0.00	0.00
FBC	46	30.15	19.12	17.92	32.80	0.00	0.00
FBC	47	29.11	21.12	19.47	30.30	0.00	0.00
FBC	48	30.45	18.87	18.12	32.55	0.00	0.00
FBC	49	30.80	19.72	19.02	30.45	0.00	0.00
FBC	50	29.21	19.22	20.27	31.30	0.00	0.00
FBC	51	30.35	18.77	18.17	32.70	0.00	0.00
FBC	52	29.41	20.12	19.57	30.90	0.00	0.00
FBC	53	29.81	20.32	18.67	31.20	0.00	0.00
FBC	54	30.90	19.27	19.12	30.70	0.00	0.00
FBC	55	31.90	18.67	18.17	31.25	0.00	0.00
FBC	56	32.00	18.97	18.57	30.45	0.00	0.00
FBC	57	29.01	20.62	18.57	31.80	0.00	0.00
FBC	58	30.65	19.62	18.77	30.95	0.00	0.00
FBC	59	31.70	18.32	18.57	31.40	0.00	0.00
FBC	60	33.05	18.37	17.72	30.85	0.00	0.00
FBC	61	31.10	20.07	19.42	29.41	0.00	0.00
FBC	62	31.35	20.47	19.12	29.06	0.00	0.00
FBC	63	30.55	21.12	16.63	31.70	0.00	0.00
FBC	64	29.61	20.52	19.72	30.15	0.00	0.00
FBC	65	31.50	18.72	17.77	32.00	0.00	0.00
FBC	66	31.50	20.17	17.02	31.30	0.00	0.00
FBC	67	30.20	19.67	19.32	30.80	0.00	0.00
FBC	68	29.71	20.12	18.52	31.65	0.00	0.00
FBC	69	33.50	20.37	17.52	28.61	0.00	0.00
FBC	70	30.90	19.72	18.72	30.65	0.00	0.00
FBC	71	31.00	19.77	19.12	30.10	0.00	0.00
FBC	72	30.40	19.92	18.07	31.60	0.00	0.00
FBC	73	30.45	19.02	18.07	32.45	0.00	0.00
FBC	74	28.56	20.07	16.97	34.40	0.00	0.00
FBC	75	30.60	19.87	18.62	30.90	0.00	0.00
FBC	76	29.56	18.92	17.92	33.60	0.00	0.00
FBC	77	30.45	19.32	20.22	30.00	0.00	0.00
FBC	78	27.96	20.77	20.37	30.90	0.00	0.00
FBC	79	31.10	20.02	18.27	30.60	0.00	0.00
FBC	80	29.26	20.12	19.42	31.20	0.00	0.00
FBC	81	30.70	19.62	17.52	32.15	0.00	0.00
FBC	82	29.96	19.22	18.77	32.05	0.00	0.00
FBC	83	29.36	20.22	17.97	32.45	0.00	0.00
FBC	84	30.60	19.42	17.82	32.15	0.00	0.00
FBC	85	31.05	19.87	17.92	31.15	0.00	0.00
FBC	86	30.30	19.57	18.12	32.00	0.00	0.00
FBC	87	30.15	20.62	17.72	31.50	0.00	0.00
FBC	88	29.16	20.97	19.32	30.55	0.00	0.00
FBC	89	29.61	18.67	19.92	31.80	0.00	0.00
FBC	90	30.25	19.47	19.17	31.10	0.00	0.00
FBC	91	32.30	19.37	18.12	30.20	0.00	0.00
FBC	92	30.90	19.42	19.47	30.20	0.00	0.00
FBC	93	29.86	20.52	17.82	31.80	0.00	0.00
FBC	94	29.31	19.67	19.62	31.40	0.00	0.00
FBC	95	29.96	19.82	18.37	31.85	0.00	0.00
FBC	96	30.85	19.22	19.37	30.55	0.00	0.00
FBC	97	31.15	18.22	18.42	32.20	0.00	0.00
FBC	98	30.60	18.17	19.47	31.75	0.00	0.00
FBC	99	31.50	17.52	19.42	31.55	0.00	0.00
FBC	100	32.00	20.37	19.07	28.56	0.00	0.00
FBC	101	30.75	20.57	19.77	28.91	0.00	0.00
FBC	102	31.10	19.82	19.37	29.71	0.00	0.00
FBC	103	31.70	20.07	17.52	30.70	0.00	0.00
FBC	104	29.36	20.82	20.17	29.66	0.00	0.00
FBC	105	31.65	19.97	17.82	30.55	0.00	0.00
FBC	106	30.40	19.72	17.92	31.95	0.00	0.00
FBC	107	30.70	19.57	18.97	30.75	0.00	0.00
FBC	108	32.50	19.52	16.23	31.75	0.00	0.00
FBC	109	31.10	20.17	17.92	30.80	0.00	0.00
FBC	110	29.81	19.37	19.52	31.30	0.00	0.00
FBC	111	29.01	20.67	17.82	32.50	0.00	0.00
FBC	112	30.00	20.42	18.72	30.85	0.00	0.00
FBC	113	31.35	21.72	18.02	28.91	0.00	0.00
FBC	114	30.80	20.92	17.42	30.85	0.00	0.00
FBC	115	30.65	19.47	19.57	30.30	0.00	0.00
FBC	116	31.15	20.02	18.67	30.15	0.00	0.00
FBC	117	31.35	19.77	17.47	31.40	0.00	0.00
FBC	118	29.81	17.92	19.72	32.55	0.00	0.00
FBC	119	30.95	18.72	17.57	32.75	0.00	0.00
FBC	120	29.06	20.97	18.42	31.55	0.00	0.00
FBC	121	31.85	18.82	17.52	31.80	0.00	0.00
FBC	122	30.00	20.02	19.17	30.80	0.00	0.00
FBC	123	30.15	19.32	19.67	30.85	0.00	0.00
FBC	124	28.46	19.87	18.12	33.55	0.00	0.00
FBC	125	31.00	20.02	18.37	30.60	0.00	0.00
FBC	126	30.75	21.52	17.27	30.45	0.00	0.00
FBC	127	30.65	20.77	17.07	31.50	0.00	0.00
FBC	128	30.45	20.47	17.87	31.20	0.00	0.00
FBC	129	29.71	19.47	18.57	32.25	0.00	0.00
FBC	130	29.01	22.12	18.97	29.91	0.00	0.00
FBC	131	30.10	21.02	17.62	31.25	0.00	0.00
FBC	132	30.55	19.82	19.22	30.40	0.00	0.00
FBC	133	29.76	20.07	18.57	31.60	0.00	0.00
FBC	134	31.15	18.42	19.77	30.65	0.00	0.00
FBC	135	28.91	20.82	19.42	30.85	0.00	0.00
FBC	136	30.85	19.07	19.87	30.20	0.00	0.00
FBC	137	29.56	19.02	18.77	32.65	0.00	0.00
FBC	138	30.15	20.77	19.02	30.05	0.00	0.00
FBC	139	29.81	20.37	20.42	29.41	0.00	0.00
FBC	140	30.55	19.37	18.17	31.90	0.00	0.00
FBC	141	30.55	19.97	17.52	31.95	0.00	0.00
FBC	142	30.55	20.77	17.12	31.55	0.00	0.00
FBC	143	30.30	21.57	17.62	30.50	0.00	0.00
FBC	144	31.25	19.27	18.32	31.15	0.00	0.00
FBC	145	28.56	20.27	19.72	31.45	0.00	0.00
FBC	146	32.30	19.07	17.87	30.75	0.00	0.00
FBC	147	32.70	19.42	18.97	28.91	0.00	0.00
FBC	148	31.60	18.72	18.22	31.45	0.00	0.00
FBC	149	30.35	19.32	19.47	30.85	0.00	0.00
FBC	150	30.00	18.92	18.92	32.15	0.00	0.00
# ACGT raw counters for first fragments. Use `grep ^FTC | cut -f 2-` to extract this part. The columns are: A,C,G,T,N base counters
FTC	92198	59374	55911	92967	0
# ACGT content per cycle for last fragments. Use `grep ^LBC | cut -f 2-` to extract this part. The columns are: cycle; A,C,G,T base counts as a percentage of all A/C/G/T bases [%]; and N and O counts as a percentage of all A/C/G/T bases [%]
LBC	1	29.96	18.17	19.62	32.25	0.00	0.00
LBC	2	31.45	19.27	19.47	29.81	0.00	0.00
LBC	3	30.00	19.22	20.37	30.40	0.00	0.00
LBC	4	31.95	18.52	19.12	30.40	0.00	0.00
LBC	5	32.20	19.82	17.92	30.05	0.00	0.00
LBC	6	29.41	19.97	19.47	31.15	0.00	0.00
LBC	7	31.30	19.77	18.57	30.35	0.00	0.00
LBC	8	30.30	20.62	18.77	30.30	0.00	0.00
LBC	9	30.20	19.47	19.47	30.85	0.00	0.00
LBC	10	30.95	19.22	19.92	29.91	0.00	0.00
LBC	11	30.95	18.77	18.92	31.35	0.00	0.00
LBC	12	31.80	19.62	18.52	30.05	0.00	0.00
LBC	13	31.25	18.97	18.92	30.85	0.00	0.00
LBC	14	31.05	20.67	19.02	29.26	0.00	0.00
LBC	15	31.95	19.67	18.62	29.76	0.00	0.00
LBC	16	31.55	20.17	18.97	29.31	0.00	0.00
LBC	17	30.30	18.52	19.02	32.15	0.00	0.00
LBC	18	30.25	18.32	19.87	31.55	0.00	0.00
LBC	19	29.56	20.42	19.27	30.75	0.00	0.00
LBC	20	30.35	19.72	19.22	30.70	0.00	0.00
LBC	21	31.85	20.47	18.32	29.36	0.00	0.00
LBC	22	27.91	22.07	20.72	29.31	0.00	0.00
LBC	23	31.05	20.62	18.72	29.61	0.00	0.00
LBC	24	30.65	19.82	18.12	31.40	0.00	0.00
LBC	25	30.75	19.07	18.97	31.20	0.00	0.00
LBC	26	31.20	21.37	17.02	30.40	0.00	0.00
LBC	27	31.90	19.87	18.12	30.10	0.00	0.00
LBC	28	30.85	16.97	18.92	33.25	0.00	0.00
LBC	29	29.81	19.27	19.97	30.95	0.00	0.00
LBC	30	29.76	20.32	18.22	31.70	0.00	0.00
LBC	31	31.65	21.17	17.97	29.21	0.00	0.00
LBC	32	30.15	19.42	19.92	30.50	0.00	0.00
LBC	33	31.50	19.27	19.42	29.81	0.00	0.00
LBC	34	29.81	19.27	18.82	32.10	0.00	0.00
LBC	35	27.61	19.07	20.97	32.35	0.00	0.00
LBC	36	31.55	20.27	18.57	29.61	0.00	0.00
LBC	37	30.30	19.22	19.42	31.05	0.00	0.00
LBC	38	30.55	19.92	18.92	30.60	0.00	0.00
LBC	39	29.61	21.32	19.22	29.86	0.00	0.00
LBC	40	30.90	20.02	18.82	30.25	0.00	0.00
LBC	41	30.20	21.47	17.92	30.40	0.00	0.00
LBC	42	29.46	21.12	18.67	30.75	0.00	0.00
LBC	43	30.35	19.72	17.92	32.00	0.00	0.00
LBC	44	29.46	21.42	17.72	31.40	0.00	0.00
LBC	45	29.56	19.72	20.37	30.35	0.00	0.00
LBC	46	30.50	19.57	18.67	31.25	0.00	0.00
LBC	47	30.55	20.92	17.37	31.15	0.00	0.00
LBC	48	31.15	18.62	19.82	30.40	0.00	0.00
LBC	49	31.50	19.22	18.97	30.30	0.00	0.00
LBC	50	31.00	20.67	17.42	30.90	0.00	0.00
LBC	51	31.50	18.97	19.27	30.25	0.00	0.00
LBC	52	29.21	20.02	20.07	30.70	0.00	0.00
LBC	53	29.31	20.62	17.52	32.55	0.00	0.00
LBC	54	32.05	20.22	18.27	29.46	0.00	0.00
LBC	55	30.90	20.07	18.12	30.90	0.00	0.00
LBC	56	30.05	19.37	19.17	31.40	0.00	0.00
LBC	57	30.90	20.97	18.42	29.71	0.00	0.00
LBC	58	31.45	18.82	19.17	30.55	0.00	0.00
LBC	59	28.66	18.77	18.67	33.90	0.00	0.00
LBC	60	29.81	20.52	19.22	30.45	0.00	0.00
LBC	61	29.91	18.37	19.02	32.70	0.00	0.00
LBC	62	29.86	20.12	19.12	30.90	0.00	0.00
LBC	63	31.25	17.97	20.02	30.75	0.00	0.00
LBC	64	29.51	18.07	20.67	31.75	0.00	0.00
LBC	65	32.25	19.27	19.72	28.76	0.00	0.00
LBC	66	29.91	20.07	18.47	31.55	0.00	0.00
LBC	67	29.41	19.52	19.02	32.05	0.00	0.00
LBC	68	29.61	19.97	19.72	30.70	0.00	0.00
LBC	69	29.26	19.67	18.57	32.50	0.00	0.00
LBC	70	28.61	21.22	18.97	31.20	0.00	0.00
LBC	71	29.81	19.37	17.77	33.05	0.00	0.00
LBC	72	30.00	20.32	18.67	31.00	0.00	0.00
LBC	73	31.80	19.17	18.32	30.70	0.00	0.00
LBC	74	29.81	19.32	18.17	32.70	0.00	0.00
LBC	75	28.56	19.47	19.82	32.15	0.00	0.00
LBC	76	31.05	19.27	19.77	29.91	0.00	0.00
LBC	77	30.95	19.47	18.87	30.70	0.00	0.00
LBC	78	30.00	19.47	19.27	31.25	0.00	0.00
LBC	79	31.30	19.52	18.77	30.40	0.00	0.00
LBC	80	31.50	19.87	17.82	30.80	0.00	0.00
LBC	81	29.56	17.67	21.07	31.70	0.00	0.00
LBC	82	30.55	18.87	17.97	32.60	0.00	0.00
LBC	83	29.31	19.97	18.92	31.80	0.00	0.00
LBC	84	30.30	20.12	18.02	31.55	0.00	0.00
LBC	85	32.25	19.47	18.57	29.71	0.00	0.00
LBC	86	30.80	20.07	18.27	30.85	0.00	0.00
LBC	87	30.85	19.82	18.47	30.85	0.00	0.00
LBC	88	30.85	20.82	18.12	30.20	0.00	0.00
LBC	89	31.40	18.52	17.82	32.25	0.00	0.00
LBC	90	30.55	19.07	19.27	31.10	0.00	0.00
LBC	91	30.60	18.32	19.77	31.30	0.00	0.00
LBC	92	31.75	19.67	18.17	30.40	0.00	0.00
LBC	93	30.10	19.87	18.27	31.75	0.00	0.00
LBC	94	28.71	19.17	20.17	31.95	0.00	0.00
LBC	95	30.80	19.52	18.17	31.50	0.00	0.00
LBC	96	30.40	19.92	20.02	29.66	0.00	0.00
LBC	97	28.21	20.97	19.77	31.05	0.00	0.00
LBC	98	28.26	20.22	20.37	31.15	0.00	0.00
LBC	99	30.35	19.57	17.87	32.20	0.00	0.00
LBC	100	29.81	20.32	18.22	31.65	0.00	0.00
LBC	101	30.35	20.02	18.67	30.95	0.00	0.00
LBC	102	31.05	20.92	18.77	29.26	0.00	0.00
LBC	103	29.81	19.82	19.42	30.95	0.00	0.00
LBC	104	30.05	21.12	19.47	29.36	0.00	0.00
LBC	105	31.55	19.22	18.82	30.40	0.00	0.00
LBC	106	30.10	20.27	19.12	30.50	0.00	0.00
LBC	107	30.90	19.57	19.37	30.15	0.00	0.00
LBC	108	28.46	21.22	19.02	31.30	0.00	0.00
LBC	109	30.55	20.32	17.62	31.50	0.00	0.00
LBC	110	32.60	18.47	17.72	31.20	0.00	0.00
LBC	111	29.46	20.17	19.72	30.65	0.00	0.00
LBC	112	29.26	19.22	19.07	32.45	0.00	0.00
LBC	113	30.70	18.62	18.87	31.80	0.00	0.00
LBC	114	28.96	19.12	19.77	32.15	0.00	0.00
LBC	115	30.35	19.62	19.42	30.60	0.00	0.00
LBC	116	29.16	20.12	20.52	30.20	0.00	0.00
LBC	117	29.06	20.57	19.57	30.80	0.00	0.00
LBC	118	31.15	19.42	19.87	29.56	0.00	0.00
LBC	119	28.56	22.77	18.07	30.60	0.00	0.00
LBC	120	32.50	20.32	18.42	28.76	0.00	0.00
LBC	121	29.21	21.07	19.77	29.96	0.00	0.00
LBC	122	32.15	18.32	19.12	30.40	0.00	0.00
LBC	123	30.95	19.97	19.22	29.86	0.00	0.00
LBC	124	30.50	19.97	18.07	31.45	0.00	0.00
LBC	125	31.00	19.42	18.42	31.15	0.00	0.00
LBC	126	30.20	19.57	18.72	31.50	0.00	0.00
LBC	127	30.85	19.47	18.67	31.00	0.00	0.00
LBC	128	30.35	20.27	19.52	29.86	0.00	0.00
LBC	129	31.00	19.77	19.97	29.26	0.00	0.00
LBC	130	32.20	18.02	18.97	30.80	0.00	0.00
LBC	131	30.80	19.62	19.07	30.50	0.00	0.00
LBC	132	29.11	19.52	19.02	32.35	0.00	0.00
LBC	133	28.91	19.47	21.12	30.50	0.00	0.00
LBC	134	31.95	19.12	18.42	30.50	0.00	0.00
LBC	135	31.00	20.47	19.82	28.71	0.00	0.00
LBC	136	29.66	18.22	20.32	31.80	0.00	0.00
LBC	137	30.65	18.77	20.27	30.30	0.00	0.00
LBC	138	31.00	18.72	18.37	31.90	0.00	0.00
LBC	139	30.55	18.42	20.02	31.00	0.00	0.00
LBC	140	31.20	19.82	19.27	29.71	0.00	0.00
LBC	141	32.25	19.82	18.37	29.56	0.00	0.00
LBC	142	30.20	20.37	19.62	29.81	0.00	0.00
LBC	143	31.65	19.52	18.12	30.70	0.00	0.00
LBC	144	29.06	19.97	18.22	32.75	0.00	0.00
LBC	145	30.40	19.52	19.42	30.65	0.00	0.00
LBC	146	30.80	18.67	18.27	32.25	0.00	0.00
LBC	147	29.91	18.02	20.77	31.30	0.00	0.00
LBC	148	30.25	21.02	19.02	29.71	0.00	0.00
LBC	149	30.00	20.47	18.57	30.95	0.00	0.00
LBC	150	30.35	21.02	16.63	32.00	0.00	0.00
# ACGT raw counters for last fragments. Use `grep ^LTC | cut -f 2-` to extract this part. The columns are: A,C,G,T,N base counters
LTC	91463	59235	57035	92717	0
# Insert sizes. Use `grep ^IS | cut -f 2-` to extract this part. The columns are: insert size, pairs total, inward oriented pairs, outward oriented pairs, other pairs
IS	0	0	0	0	0
IS	1	0	0	0	0
IS	2	0	0	0	0
IS	3	0	0	0	0
IS	4	0	0	0	0
IS	5	0	0	0	0
IS	6	0	0	0	0
IS	7	0	0	0	0
IS	8	0	0	0	0
IS	9	0	0	0	0
IS	10	0	0	0	0
IS	11	0	0	0	0
IS	12	0	0	0	0
IS	13	0	0	0	0
IS	14	0	0	0	0
IS	15	0	0	0	0
IS	16	0	0	0	0
IS	17	0	0	0	0
IS	18	0	0	0	0
IS	19	0	0	0	0
IS	20	0	0	0	0
IS	21	0	0	0	0
IS	22	0	0	0	0
IS	23	0	0	0	0
IS	24	0	0	0	0
IS	25	0	0	0	0
IS	26	0	0	0	0
IS	27	0	0	0	0
IS	28	0	0	0	0
IS	29	0	0	0	0
IS	30	0	0	0	0
IS	31	0	0	0	0
IS	32	0	0	0	0
IS	33	0	0	0	0
IS	34	0	0	0	0
IS	35	0	0	0	0
IS	36	0	0	0	0
IS	37	0	0	0	0
IS	38	0	0	0	0
IS	39	0	0	0	0
IS	40	0	0	0	0
IS	41	0	0	0	0
IS	42	0	0	0	0
IS	43	0	0	0	0
IS	44	0	0	0	0
IS	45	0	0	0	0
IS	46	0	0	0	0
IS	47	0	0	0	0
IS	48	0	0	0	0
IS	49	0	0	0	0
IS	50	0	0	0	0
IS	51	0	0	0	0
IS	52	0	0	0	0
IS	53	0	0	0	0
IS	54	0	0	0	0
IS	55	0	0	0	0
IS	56	0	0	0	0
IS	57	0	0	0	0
IS	58	0	0	0	0
IS	59	0	0	0	0
IS	60	0	0	0	0
IS	61	0	0	0	0
IS	62	0	0	0	0
IS	63	0	0	0	0
IS	64	0	0	0	0
IS	65	0	0	0	0
IS	66	0	0	0	0
IS	67	0	0	0	0
IS	68	0	0	0	0
IS	69	0	0	0	0
IS	70	0	0	0	0
IS	71	0	0	0	0
IS	72	0	0	0	0
IS	73	0	0	0	0
IS	74	0	0	0	0
IS	75	0	0	0	0
IS	76	0	0	0	0
IS	77	0	0	0	0
IS	78	0	0	0	0
IS	79	0	0	0	0
IS	80	0	0	0	0
IS	81	0	0	0	0
IS	82	0	0	0	0
IS	83	0	0	0	0
IS	84	0	0	0	0
IS	85	0	0	0	0
IS	86	0	0	0	0
IS	87	0	0	0	0
IS	88	0	0	0	0
IS	89	0	0	0	0
IS	90	0	0	0	0
IS	91	0	0	0	0
IS	92	0	0	0	0
IS	93	0	0	0	0
IS	94	0	0	0	0
IS	95	0	0	0	0
IS	96	0	0	0	0
IS	97	0	0	0	0
IS	98	0	0	0	0
IS	99	0	0	0	0
IS	100	0	0	0	0
IS	101	0	0	0	0
IS	102	0	0	0	0
IS	103	0	0	0	0
IS	104	0	0	0	0
IS	105	0	0	0	0
IS	106	0	0	0	0
IS	107	0	0	0	0
IS	108	0	0	0	0
IS	109	0	0	0	0
IS	110	0	0	0	0
IS	111	0	0	0	0
IS	112	0	0	0	0
IS	113	0	0	0	0
IS	114	0	0	0	0
IS	115	0	0	0	0
IS	116	0	0	0	0
IS	117	0	0	0	0
IS	118	0	0	0	0
IS	119	0	0	0	0
IS	120	0	0	0	0
IS	121	0	0	0	0
IS	122	0	0	0	0
IS	123	0	0	0	0
IS	124	0	0	0	0
IS	125	0	0	0	0
IS	126	0	0	0	0
IS	127	0	0	0	0
IS	128	0	0	0	0
IS	129	0	0	0	0
IS	130	0	0	0	0
IS	131	0	0	0	0
IS	132	0	0	0	0
IS	133	0	0	0	0
IS	134	0	0	0	0
IS	135	0	0	0	0
IS	136	0	0	0	0
IS	137	0	0	0	0
IS	138	0	0	0	0
IS	139	0	0	0	0
IS	140	0	0	0	0
IS	141	0	0	0	0
IS	142	0	0	0	0
IS	143	0	0	0	0
IS	144	0	0	0	0
IS	145	0	0	0	0
IS	146	0	0	0	0
IS	147	0	0	0	0
IS	148	0	0	0	0
IS	149	0	0	0	0
IS	150	0	0	0	0
IS	151	0	0	0	0
IS	152	0	0	0	0
IS	153	0	0	0	0
IS	154	0	0	0	0
IS	155	0	0	0	0
IS	156	0	0	0	0
IS	157	0	0	0	0
IS	158	0	0	0	0
IS	159	0	0	0	0
IS	160	0	0	0	0
IS	161	0	0	0	0
IS	162	0	0	0	0
IS	163	0	0	0	0
IS	164	0	0	0	0
IS	165	0	0	0	0
IS	166	0	0	0	0
IS	167	0	0	0	0
IS	168	0	0	0	0
IS	169	0	0	0	0
IS	170	0	0	0	0
IS	171	0	0	0	0
IS	172	0	0	0	0
IS	173	0	0	0	0
IS	174	0	0	0	0
IS	175	0	0	0	0
IS	176	0	0	0	0
IS	177	0	0	0	0
IS	178	0	0	0	0
IS	179	0	0	0	0
IS	180	0	0	0	0
IS	181	0	0	0	0
IS	182	0	0	0	0
IS	183	0	0	0	0
IS	184	0	0	0	0
IS	185	0	0	0	0
IS	186	0	0	0	0
IS	187	0	0	0	0
IS	188	0	0	0	0
IS	189	0	0	0	0
IS	190	0	0	0	0
IS	191	0	0	0	0
IS	192	0	0	0	0
IS	193	0	0	0	0
IS	194	0	0	0	0
IS	195	0	0	0	0
IS	196	0	0	0	0
IS	197	0	0	0	0
IS	198	0	0	0	0
IS	199	0	0	0	0
IS	200	0	0	0	0
IS	201	0	0	0	0
IS	202	0	0	0	0
IS	203	0	0	0	0
IS	204	0	0	0	0
IS	205	0	0	0	0
IS	206	0	0	0	0
IS	207	0	0	0	0
IS	208	0	0	0	0
IS	209	0	0	0	0
IS	210	0	0	0	0
IS	211	0	0	0	0
IS	212	0	0	0	0
IS	213	0	0	0	0
IS	214	0	0	0	0
IS	215	0	0	0	0
IS	216	0	0	0	0
IS	217	0	0	0	0
IS	218	0	0	0	0
IS	219	0	0	0	0
IS	220	0	0	0	0
IS	221	0	0	0	0
IS	222	0	0	0	0
IS	223	0	0	0	0
IS	224	0	0	0	0
IS	225	0	0	0	0
IS	226	0	0	0	0
IS	227	0	0	0	0
IS	228	0	0	0	0
IS	229	0	0	0	0
IS	230	0	0	0	0
IS	231	0	0	0	0
IS	232	0	0	0	0
IS	233	0	0	0	0
IS	234	0	0	0	0
IS	235	0	0	0	0
IS	236	0	0	0	0
IS	237	0	0	0	0
IS	238	0	0	0	0
IS	239	0	0	0	0
IS	240	0	0	0	0
IS	241	0	0	0	0
IS	242	0	0	0	0
IS	243	0	0	0	0
IS	244	0	0	0	0
IS	245	0	0	0	0
IS	246	0	0	0	0
IS	247	0	0	0	0
IS	248	0	0	0	0
IS	249	0	0	0	0
IS	250	0	0	0	0
IS	251	0	0	0	0
IS	252	0	0	0	0
IS	253	0	0	0	0
IS	254	0	0	0	0
IS	255	0	0	0	0
IS	256	0	0	0	0
IS	257	0	0	0	0
IS	258	0	0	0	0
IS	259	0	0	0	0
IS	260	0	0	0	0
IS	261	0	0	0	0
IS	262	0	0	0	0
IS	263	0	0	0	0
IS	264	0	0	0	0
IS	265	0	0	0	0
IS	266	0	0	0	0
IS	267	0	0	0	0
IS	268	0	0	0	0
IS	269	0	0	0	0
IS	270	0	0	0	0
IS	271	0	0	0	0
IS	272	0	0	0	0
IS	273	0	0	0	0
IS	274	0	0	0	0
IS	275	0	0	0	0
IS	276	0	0	0	0
IS	277	0	0	0	0
IS	278	0	0	0	0
IS	279	0	0	0	0
IS	280	0	0	0	0
IS	281	0	0	0	0
IS	282	0	0	0	0
IS	283	0	0	0	0
IS	284	0	0	0	0
IS	285	0	0	0	0
IS	286	0	0	0	0
IS	287	0	0	0	0
IS	288	0	0	0	0
IS	289	0	0	0	0
IS	290	0	0	0	0
IS	291	0	0	0	0
IS	292	0	0	0	0
IS	293	0	0	0	0
IS	294	0	0	0	0
IS	295	0	0	0	0
IS	296	0	0	0	0
IS	297	0	0	0	0
IS	298	0	0	0	0
IS	299	0	0	0	0
IS	300	0	0	0	0
IS	301	0	0	0	0
IS	302	0	0	0	0
IS	303	0	0	0	0
IS	304	0	0	0	0
IS	305	0	0	0	0
IS	306	0	0	0	0
IS	307	0	0	0	0
IS	308	0	0	0	0
IS	309	0	0	0	0
IS	310	0	0	0	0
IS	311	0	0	0	0
IS	312	0	0	0	0
IS	313	0	0	0	0
IS	314	0	0	0	0
IS	315	0	0	0	0
IS	316	0	0	0	0
IS	317	0	0	0	0
IS	318	0	0	0	0
IS	319	0	0	0	0
IS	320	0	0	0	0
IS	321	0	0	0	0
IS	322	0	0	0	0
IS	323	0	0	0	0
IS	324	0	0	0	0
IS	325	0	0	0	0
IS	326	0	0	0	0
IS	327	0	0	0	0
IS	328	0	0	0	0
IS	329	0	0	0	0
IS	330	0	0	0	0
IS	331	0	0	0	0
IS	332	0	0	0	0
IS	333	0	0	0	0
IS	334	0	0	0	0
IS	335	0	0	0	0
IS	336	0	0	0	0
IS	337	0	0	0	0
IS	338	0	0	0	0
IS	339	0	0	0	0
IS	340	0	0	0	0
IS	341	0	0	0	0
IS	342	0	0	0	0
IS	343	0	0	0	0
IS	344	0	0	0	0
IS	345	0	0	0	0
IS	346	0	0	0	0
IS	347	0	0	0	0
IS	348	0	0	0	0
IS	349	0	0	0	0
IS	350	0	0	0	0
IS	351	0	0	0	0
IS	352	0	0	0	0
IS	353	0	0	0	0
IS	354	1	1	0	0
IS	355	0	0	0	0
IS	356	0	0	0	0
IS	357	0	0	0	0
IS	358	0	0	0	0
IS	359	0	0	0	0
IS	360	0	0	0	0
IS	361	1	1	0	0
IS	362	0	0	0	0
IS	363	0	0	0	0
IS	364	1	1	0	0
IS	365	0	0	0	0
IS	366	0	0	0	0
IS	367	0	0	0	0
IS	368	0	0	0	0
IS	369	2	2	0	0
IS	370	0	0	0	0
IS	371	0	0	0	0
IS	372	0	0	0	0
IS	373	1	1	0	0
IS	374	1	1	0	0
IS	375	1	1	0	0
IS	376	0	0	0	0
IS	377	2	2	0	0
IS	378	1	1	0	0
IS	379	2	2	0	0
IS	380	1	1	0	0
IS	381	2	2	0	0
IS	382	3	3	0	0
IS	383	0	0	0	0
IS	384	1	1	0	0
IS	385	1	1	0	0
IS	386	2	2	0	0
IS	387	0	0	0	0
IS	388	1	1	0	0
IS	389	2	2	0	0
IS	390	4	4	0	0
IS	391	1	1	0	0
IS	392	1	1	0	0
IS	393	2	2	0	0
IS	394	3	3	0	0
IS	395	2	2	0	0
IS	396	2	2	0	0
IS	397	2	2	0	0
IS	398	1	1	0	0
IS	399	3	3	0	0
IS	400	2	2	0	0
IS	401	2	2	0	0
IS	402	2	2	0	0
IS	403	1	1	0	0
IS	404	5	5	0	0
IS	405	2	2	0	0
IS	406	2	2	0	0
IS	407	2	2	0	0
IS	408	4	4	0	0
IS	409	5	5	0	0
IS	410	1	1	0	0
IS	411	1	1	0	0
IS	412	2	2	0	0
IS	413	3	3	0	0
IS	414	5	5	0	0
IS	415	3	3	0	0
IS	416	2	2	0	0
IS	417	4	4	0	0
IS	418	6	6	0	0
IS	419	2	2	0	0
IS	420	5	5	0	0
IS	421	7	7	0	0
IS	422	3	3	0	0
IS	423	1	1	0	0
IS	424	0	0	0	0
IS	425	2	2	0	0
IS	426	4	4	0	0
IS	427	7	7	0	0
IS	428	9	9	0	0
IS	429	6	6	0	0
IS	430	12	12	0	0
IS	431	5	5	0	0
IS	432	9	9	0	0
IS	433	5	5	0	0
IS	434	3	3	0	0
IS	435	2	2	0	0
IS	436	6	6	0	0
IS	437	5	5	0	0
IS	438	6	6	0	0
IS	439	8	8	0	0
IS	440	10	10	0	0
IS	441	9	9	0	0
IS	442	9	9	0	0
IS	443	6	6	0	0
IS	444	10	10	0	0
IS	445	8	8	0	0
IS	446	6	6	0	0
IS	447	5	5	0	0
IS	448	13	13	0	0
IS	449	10	10	0	0
IS	450	7	7	0	0
IS	451	7	7	0	0
IS	452	8	8	0	0
IS	453	12	12	0	0
IS	454	10	10	0	0
IS	455	10	10	0	0
IS	456	12	12	0	0
IS	457	9	9	0	0
IS	458	16	16	0	0
IS	459	13	13	0	0
IS	460	7	7	0	0
IS	461	11	11	0	0
IS	462	11	11	0	0
IS	463	15	15	0	0
IS	464	13	13	0	0
IS	465	16	16	0	0
IS	466	8	8	0	0
IS	467	17	17	0	0
IS	468	11	11	0	0
IS	469	19	19	0	0
IS	470	9	9	0	0
IS	471	22	22	0	0
IS	472	9	9	0	0
IS	473	9	9	0	0
IS	474	16	16	0	0
IS	475	12	12	0	0
IS	476	15	15	0	0
IS	477	11	11	0	0
IS	478	10	10	0	0
IS	479	12	12	0	0
IS	480	18	18	0	0
IS	481	11	11	0	0
IS	482	14	14	0	0
IS	483	11	11	0	0
IS	484	19	19	0	0
IS	485	14	14	0	0
IS	486	16	16	0	0
IS	487	17	17	0	0
IS	488	22	22	0	0
IS	489	18	18	0	0
IS	490	18	18	0	0
IS	491	19	19	0	0
IS	492	20	20	0	0
IS	493	18	18	0	0
IS	494	14	14	0	0
IS	495	18	18	0	0
IS	496	17	17	0	0
IS	497	16	16	0	0
IS	498	19	19	0	0
IS	499	20	20	0	0
IS	500	14	14	0	0
IS	501	12	12	0	0
IS	502	13	13	0	0
IS	503	19	19	0	0
IS	504	20	20	0	0
IS	505	14	14	0	0
IS	506	20	20	0	0
IS	507	25	25	0	0
IS	508	17	17	0	0
IS	509	12	12	0	0
IS	510	13	13	0	0
IS	511	25	25	0	0
IS	512	11	11	0	0
IS	513	21	21	0	0
IS	514	9	9	0	0
IS	515	12	12	0	0
IS	516	17	17	0	0
IS	517	11	11	0	0
IS	518	13	13	0	0
IS	519	16	16	0	0
IS	520	19	19	0	0
IS	521	18	18	0	0
IS	522	15	15	0	0
IS	523	14	14	0	0
IS	524	9	9	0	0
IS	525	14	14	0	0
IS	526	20	20	0	0
IS	527	9	9	0	0
IS	528	12	12	0	0
IS	529	12	12	0	0
IS	530	13	13	0	0
IS	531	12	12	0	0
IS	532	14	14	0	0
IS	533	12	12	0	0
IS	534	11	11	0	0
IS	535	22	22	0	0
IS	536	5	5	0	0
IS	537	13	13	0	0
IS	538	12	12	0	0
IS	539	11	11	0	0
IS	540	17	17	0	0
IS	541	19	19	0	0
IS	542	9	9	0	0
IS	543	14	14	0	0
IS	544	11	11	0	0
IS	545	8	8	0	0
IS	546	9	9	0	0
IS	547	10	10	0	0
IS	548	11	11	0	0
IS	549	8	8	0	0
IS	550	8	8	0	0
IS	551	13	13	0	0
IS	552	13	13	0	0
IS	553	8	8	0	0
IS	554	7	7	0	0
IS	555	7	7	0	0
IS	556	9	9	0	0
IS	557	12	12	0	0
IS	558	7	7	0	0
IS	559	4	4	0	0
IS	560	9	9	0	0
IS	561	8	8	0	0
IS	562	7	7	0	0
IS	563	7	7	0	0
IS	564	7	7	0	0
IS	565	9	9	0	0
IS	566	4	4	0	0
IS	567	7	7	0	0
IS	568	5	5	0	0
IS	569	4	4	0	0
IS	570	8	8	0	0
IS	571	6	6	0	0
IS	572	8	8	0	0
IS	573	6	6	0	0
IS	574	1	1	0	0
IS	575	3	3	0	0
IS	576	7	7	0	0
IS	577	4	4	0	0
IS	578	8	8	0	0
IS	579	1	1	0	0
IS	580	6	6	0	0
IS	581	2	2	0	0
IS	582	5	5	0	0
IS	583	4	4	0	0
IS	584	2	2	0	0
IS	585	3	3	0	0
IS	586	4	4	0	0
IS	587	5	5	0	0
IS	588	4	4	0	0
IS	589	8	8	0	0
IS	590	2	2	0	0
IS	591	7	7	0	0
IS	592	4	4	0	0
IS	593	2	2	0	0
IS	594	2	2	0	0
IS	595	1	1	0	0
IS	596	2	2	0	0
IS	597	1	1	0	0
IS	598	1	1	0	0
IS	599	2	2	0	0
IS	600	0	0	0	0
IS	601	1	1	0	0
IS	602	2	2	0	0
IS	603	2	2	0	0
IS	604	1	1	0	0
IS	605	3	3	0	0
IS	606	2	2	0	0
IS	607	2	2	0	0
IS	608	0	0	0	0
IS	609	0	0	0	0
IS	610	1	1	0	0
IS	611	1	1	0	0
IS	612	2	2	0	0
IS	613	1	1	0	0
IS	614	0	0	0	0
IS	615	1	1	0	0
IS	616	0	0	0	0
IS	617	3	3	0	0
# Read lengths. Use `grep ^RL | cut -f 2-` to extract this part. The columns are: read length, count
RL	150	4006
# Read lengths - first fragments. Use `grep ^FRL | cut -f 2-` to extract this part. The columns are: read length, count
FRL	150	2003
# Read lengths - last fragments. Use `grep ^LRL | cut -f 2-` to extract this part. The columns are: read length, count
LRL	150	2003
# Mapping qualities for reads !(UNMAP|SECOND|SUPPL|QCFAIL|DUP). Use `grep ^MAPQ | cut -f 2-` to extract this part. The columns are: mapq, count
MAPQ	0	8
MAPQ	27	13
MAPQ	39	1
MAPQ	40	26
MAPQ	43	1
MAPQ	45	1
MAPQ	46	1
MAPQ	47	2
MAPQ	48	41
MAPQ	50	2
MAPQ	51	1
MAPQ	52	3
MAPQ	57	15
MAPQ	59	3
MAPQ	60	3888
# Indel distribution. Use `grep ^ID | cut -f 2-` to extract this part. The columns are: length, number of insertions, number of deletions
# Indels per cycle. Use `grep ^IC | cut -f 2-` to extract this part. The columns are: cycle, number of insertions (fwd), .. (rev) , number of deletions (fwd), .. (rev)
# Coverage distribution. Use `grep ^COV | cut -f 2-` to extract this part.
COV	[1-1]	1	4601
COV	[2-2]	2	9950
COV	[3-3]	3	15456
COV	[4-4]	4	20006
COV	[5-5]	5	19993
COV	[6-6]	6	17303
COV	[7-7]	7	11721
COV	[8-8]	8	8363
COV	[9-9]	9	5009
COV	[10-10]	10	2374
COV	[11-11]	11	1384
COV	[12-12]	12	709
COV	[13-13]	13	183
COV	[14-14]	14	126
COV	[15-15]	15	31
COV	[16-16]	16	7
# GC-depth. Use `grep ^GCD | cut -f 2-` to extract this part. The columns are: GC%, unique sequence percentiles, 10th, 25th, 50th, 75th and 90th depth percentile
GCD	0.0	15.385	0.000	0.000	0.000	0.000	0.000
GCD	37.0	30.769	2.505	2.505	2.505	2.505	2.505
GCD	38.0	53.846	2.505	2.505	2.505	2.505	2.505
GCD	39.0	76.923	2.505	2.505	2.505	2.505	2.505
GCD	40.0	92.308	2.505	2.505	2.505	2.505	2.505
GCD	45.0	100.000	2.505	2.505	2.505	2.505	2.505
