# This file was produced by samtools stats (1.20+htslib-1.21) and can be plotted using plot-bamstats
# This file contains statistics for all reads.
# The command line was:  stats sample3798.sorted.group.rmdup.bam
# CHK, Checksum	[2]Read Names	[3]Sequences	[4]Qualities
# CHK, CRC32 of reads which passed filtering followed by addition (32bit overflow)
CHK	d1c4be8c	fb51b853	f1f23d24
# Summary Numbers. Use `grep ^SN | cut -f 2-` to extract this part.
SN	raw total sequences:	4006	# excluding supplementary and secondary reads
SN	filtered sequences:	0
SN	sequences:	4006
SN	is sorted:	1
SN	1st fragments:	2003
SN	last fragments:	2003
SN	reads mapped:	4006
SN	reads mapped and paired:	4006	# paired-end technology bit set + both mates mapped
SN	reads unmapped:	0
SN	reads properly paired:	4006	# proper-pair bit set
SN	reads paired:	4006	# paired-end technology bit set
SN	reads duplicated:	0	# PCR or optical duplicate bit set
SN	reads MQ0:	6	# mapped and MQ=0
SN	reads QC failed:	0
SN	non-primary alignments:	0
SN	supplementary alignments:	0
SN	total length:	600900	# ignores clipping
SN	total first fragment length:	300450	# ignores clipping
SN	total last fragment length:	300450	# ignores clipping
SN	bases mapped:	600900	# ignores clipping
SN	bases mapped (cigar):	600900	# more accurate
SN	bases trimmed:	0
SN	bases duplicated:	0
SN	mismatches:	1003	# from NM fields
SN	error rate:	1.669163e-03	# mismatches / bases mapped (cigar)
SN	average length:	150
SN	average first fragment length:	150
SN	average last fragment length:	150
SN	maximum length:	150
SN	maximum first fragment length:	150
SN	maximum last fragment length:	150
SN	average quality:	30.0
SN	insert size average:	498.1
SN	insert size standard deviation:	46.8
SN	inward oriented pairs:	2003
SN	outward oriented pairs:	0
SN	pairs with other orientation:	0
SN	pairs on different chromosomes:	0
SN	percentage of properly paired reads (%):	100.0
# First Fragment Qualities. Use `grep ^FFQ | cut -f 2-` to extract this part.
# Columns correspond to qualities and rows to cycles. First column is the cycle number.
FFQ	1	0	0	0	0	0	0	0	0	0	0	0	0	0	0	0	0	0	0	0	0	0	0	0	0	0	0	0	0	0	0	2003	0
FFQ	2	0	0	0	0	0	0	0	0	0	0	0	0	0	0	0	0	0	0	0	0	0	0	0	0	0	0	0	0	0	0	2003	0
FFQ	3	0	0	0	0	0	0	0	0	0	0	0	0	0	0	0	0	0	0	0	0	0	0	0	0	0	0	0	0	0	0	2003	0
FFQ	4	0	0	0	0	0	0	0	0	0	0	0	0	0	0	0	0	0	0	0	0	0	0	0	0	0	0	0	0	0	0	2003	0
FFQ	5	0	0	0	0	0	0	0	0	0	0	0	0	0	0	0	0	0	0	0	0	0	0	0	0	0	0	0	0	0	0	2003	0
FFQ	6	0	0	0	0	0	0	0	0	0	0	0	0	0	0	0	0	0	0	0	0	0	0	0	0	0	0	0	0	0	0	2003	0
FFQ	7	0	0	0	0	0	0	0	0	0	0	0	0	0	0	0	0	0	0	0	0	0	0	0	0	0	0	0	0	0	0	2003	0
FFQ	8	0	0	0	0	0	0	0	0	0	0	0	0	0	0	0	0	0	0	0	0	0	0	0	0	0	0	0	0	0	0	2003	0
FFQ	9	0	0	0	0	0	0	0	0	0	0	0	0	0	0	0	0	0	0	0	0	0	0	0	0	0	0	0	0	0	0	2003	0
FFQ	10	0	0	0	0	0	0	0	0	0	0	0	0	0	0	0	0	0	0	0	0	0	0	0	0	0	0	0	0	0	0	2003	0
FFQ	11	0	0	0	0	0	0	0	0	0	0	0	0	0	0	0	0	0	0	0	0	0	0	0	0	0	0	0	0	0	0	2003	0
FFQ	12	0	0	0	0	0	0	0	0	0	0	0	0	0	0	0	0	0	0	0	0	0	0	0	0	0	0	0	0	0	0	2003	0
FFQ	13	0	0	0	0	0	0	0	0	0	0	0	0	0	0	0	0	0	0	0	0	0	0	0	0	0	0	0	0	0	0	2003	0
FFQ	14	0	0	0	0	0	0	0	0	0	0	0	0	0	0	0	0	0	0	0	0	0	0	0	0	0	0	0	0	0	0	2003	0
FFQ	15	0	0	0	0	0	0	0	0	0	0	0	0	0	0	0	0	0	0	0	0	0	0	0	0	0	0	0	0	0	0	2003	0
FFQ	16	0	0	0	0	0	0	0	0	0	0	0	0	0	0	0	0	0	0	0	0	0	0	0	0	0	0	0	0	0	0	2003	0
FFQ	17	0	0	0	0	0	0	0	0	0	0	0	0	0	0	0	0	0	0	0	0	0	0	0	0	0	0	0	0	0	0	2003	0
FFQ	18	0	0	0	0	0	0	0	0	0	0	0	0	0	0	0	0	0	0	0	0	0	0	0	0	0	0	0	0	0	0	2003	0
FFQ	19	0	0	0	0	0	0	0	0	0	0	0	0	0	0	0	0	0	0	0	0	0	0	0	0	0	0	0	0	0	0	2003	0
FFQ	20	0	0	0	0	0	0	0	0	0	0	0	0	0	0	0	0	0	0	0	0	0	0	0	0	0	0	0	0	0	0	2003	0
FFQ	21	0	0	0	0	0	0	0	0	0	0	0	0	0	0	0	0	0	0	0	0	0	0	0	0	0	0	0	0	0	0	2003	0
FFQ	22	0	0	0	0	0	0	0	0	0	0	0	0	0	0	0	0	0	0	0	0	0	0	0	0	0	0	0	0	0	0	2003	0
FFQ	23	0	0	0	0	0	0	0	0	0	0	0	0	0	0	0	0	0	0	0	0	0	0	0	0	0	0	0	0	0	0	2003	0
FFQ	24	0	0	0	0	0	0	0	0	0	0	0	0	0	0	0	0	0	0	0	0	0	0	0	0	0	0	0	0	0	0	2003	0
FFQ	25	0	0	0	0	0	0	0	0	0	0	0	0	0	0	0	0	0	0	0	0	0	0	0	0	0	0	0	0	0	0	2003	0
FFQ	26	0	0	0	0	0	0	0	0	0	0	0	0	0	0	0	0	0	0	0	0	0	0	0	0	0	0	0	0	0	0	2003	0
FFQ	27	0	0	0	0	0	0	0	0	0	0	0	0	0	0	0	0	0	0	0	0	0	0	0	0	0	0	0	0	0	0	2003	0
FFQ	28	0	0	0	0	0	0	0	0	0	0	0	0	0	0	0	0	0	0	0	0	0	0	0	0	0	0	0	0	0	0	2003	0
FFQ	29	0	0	0	0	0	0	0	0	0	0	0	0	0	0	0	0	0	0	0	0	0	0	0	0	0	0	0	0	0	0	2003	0
FFQ	30	0	0	0	0	0	0	0	0	0	0	0	0	0	0	0	0	0	0	0	0	0	0	0	0	0	0	0	0	0	0	2003	0
FFQ	31	0	0	0	0	0	0	0	0	0	0	0	0	0	0	0	0	0	0	0	0	0	0	0	0	0	0	0	0	0	0	2003	0
FFQ	32	0	0	0	0	0	0	0	0	0	0	0	0	0	0	0	0	0	0	0	0	0	0	0	0	0	0	0	0	0	0	2003	0
FFQ	33	0	0	0	0	0	0	0	0	0	0	0	0	0	0	0	0	0	0	0	0	0	0	0	0	0	0	0	0	0	0	2003	0
FFQ	34	0	0	0	0	0	0	0	0	0	0	0	0	0	0	0	0	0	0	0	0	0	0	0	0	0	0	0	0	0	0	2003	0
FFQ	35	0	0	0	0	0	0	0	0	0	0	0	0	0	0	0	0	0	0	0	0	0	0	0	0	0	0	0	0	0	0	2003	0
FFQ	36	0	0	0	0	0	0	0	0	0	0	0	0	0	0	0	0	0	0	0	0	0	0	0	0	0	0	0	0	0	0	2003	0
FFQ	37	0	0	0	0	0	0	0	0	0	0	0	0	0	0	0	0	0	0	0	0	0	0	0	0	0	0	0	0	0	0	2003	0
FFQ	38	0	0	0	0	0	0	0	0	0	0	0	0	0	0	0	0	0	0	0	0	0	0	0	0	0	0	0	0	0	0	2003	0
FFQ	39	0	0	0	0	0	0	0	0	0	0	0	0	0	0	0	0	0	0	0	0	0	0	0	0	0	0	0	0	0	0	2003	0
FFQ	40	0	0	0	0	0	0	0	0	0	0	0	0	0	0	0	0	0	0	0	0	0	0	0	0	0	0	0	0	0	0	2003	0
FFQ	41	0	0	0	0	0	0	0	0	0	0	0	0	0	0	0	0	0	0	0	0	0	0	0	0	0	0	0	0	0	0	2003	0
FFQ	42	0	0	0	0	0	0	0	0	0	0	0	0	0	0	0	0	0	0	0	0	0	0	0	0	0	0	0	0	0	0	2003	0
FFQ	43	0	0	0	0	0	0	0	0	0	0	0	0	0	0	0	0	0	0	0	0	0	0	0	0	0	0	0	0	0	0	2003	0
FFQ	44	0	0	0	0	0	0	0	0	0	0	0	0	0	0	0	0	0	0	0	0	0	0	0	0	0	0	0	0	0	0	2003	0
FFQ	45	0	0	0	0	0	0	0	0	0	0	0	0	0	0	0	0	0	0	0	0	0	0	0	0	0	0	0	0	0	0	2003	0
FFQ	46	0	0	0	0	0	0	0	0	0	0	0	0	0	0	0	0	0	0	0	0	0	0	0	0	0	0	0	0	0	0	2003	0
FFQ	47	0	0	0	0	0	0	0	0	0	0	0	0	0	0	0	0	0	0	0	0	0	0	0	0	0	0	0	0	0	0	2003	0
FFQ	48	0	0	0	0	0	0	0	0	0	0	0	0	0	0	0	0	0	0	0	0	0	0	0	0	0	0	0	0	0	0	2003	0
FFQ	49	0	0	0	0	0	0	0	0	0	0	0	0	0	0	0	0	0	0	0	0	0	0	0	0	0	0	0	0	0	0	2003	0
FFQ	50	0	0	0	0	0	0	0	0	0	0	0	0	0	0	0	0	0	0	0	0	0	0	0	0	0	0	0	0	0	0	2003	0
FFQ	51	0	0	0	0	0	0	0	0	0	0	0	0	0	0	0	0	0	0	0	0	0	0	0	0	0	0	0	0	0	0	2003	0
FFQ	52	0	0	0	0	0	0	0	0	0	0	0	0	0	0	0	0	0	0	0	0	0	0	0	0	0	0	0	0	0	0	2003	0
FFQ	53	0	0	0	0	0	0	0	0	0	0	0	0	0	0	0	0	0	0	0	0	0	0	0	0	0	0	0	0	0	0	2003	0
FFQ	54	0	0	0	0	0	0	0	0	0	0	0	0	0	0	0	0	0	0	0	0	0	0	0	0	0	0	0	0	0	0	2003	0
FFQ	55	0	0	0	0	0	0	0	0	0	0	0	0	0	0	0	0	0	0	0	0	0	0	0	0	0	0	0	0	0	0	2003	0
FFQ	56	0	0	0	0	0	0	0	0	0	0	0	0	0	0	0	0	0	0	0	0	0	0	0	0	0	0	0	0	0	0	2003	0
FFQ	57	0	0	0	0	0	0	0	0	0	0	0	0	0	0	0	0	0	0	0	0	0	0	0	0	0	0	0	0	0	0	2003	0
FFQ	58	0	0	0	0	0	0	0	0	0	0	0	0	0	0	0	0	0	0	0	0	0	0	0	0	0	0	0	0	0	0	2003	0
FFQ	59	0	0	0	0	0	0	0	0	0	0	0	0	0	0	0	0	0	0	0	0	0	0	0	0	0	0	0	0	0	0	2003	0
FFQ	60	0	0	0	0	0	0	0	0	0	0	0	0	0	0	0	0	0	0	0	0	0	0	0	0	0	0	0	0	0	0	2003	0
FFQ	61	0	0	0	0	0	0	0	0	0	0	0	0	0	0	0	0	0	0	0	0	0	0	0	0	0	0	0	0	0	0	2003	0
FFQ	62	0	0	0	0	0	0	0	0	0	0	0	0	0	0	0	0	0	0	0	0	0	0	0	0	0	0	0	0	0	0	2003	0
FFQ	63	0	0	0	0	0	0	0	0	0	0	0	0	0	0	0	0	0	0	0	0	0	0	0	0	0	0	0	0	0	0	2003	0
FFQ	64	0	0	0	0	0	0	0	0	0	0	0	0	0	0	0	0	0	0	0	0	0	0	0	0	0	0	0	0	0	0	2003	0
FFQ	65	0	0	0	0	0	0	0	0	0	0	0	0	0	0	0	0	0	0	0	0	0	0	0	0	0	0	0	0	0	0	2003	0
FFQ	66	0	0	0	0	0	0	0	0	0	0	0	0	0	0	0	0	0	0	0	0	0	0	0	0	0	0	0	0	0	0	2003	0
FFQ	67	0	0	0	0	0	0	0	0	0	0	0	0	0	0	0	0	0	0	0	0	0	0	0	0	0	0	0	0	0	0	2003	0
FFQ	68	0	0	0	0	0	0	0	0	0	0	0	0	0	0	0	0	0	0	0	0	0	0	0	0	0	0	0	0	0	0	2003	0
FFQ	69	0	0	0	0	0	0	0	0	0	0	0	0	0	0	0	0	0	0	0	0	0	0	0	0	0	0	0	0	0	0	2003	0
FFQ	70	0	0	0	0	0	0	0	0	0	0	0	0	0	0	0	0	0	0	0	0	0	0	0	0	0	0	0	0	0	0	2003	0
FFQ	71	0	0	0	0	0	0	0	0	0	0	0	0	0	0	0	0	0	0	0	0	0	0	0	0	0	0	0	0	0	0	2003	0
FFQ	72	0	0	0	0	0	0	0	0	0	0	0	0	0	0	0	0	0	0	0	0	0	0	0	0	0	0	0	0	0	0	2003	0
FFQ	73	0	0	0	0	0	0	0	0	0	0	0	0	0	0	0	0	0	0	0	0	0	0	0	0	0	0	0	0	0	0	2003	0
FFQ	74	0	0	0	0	0	0	0	0	0	0	0	0	0	0	0	0	0	0	0	0	0	0	0	0	0	0	0	0	0	0	2003	0
FFQ	75	0	0	0	0	0	0	0	0	0	0	0	0	0	0	0	0	0	0	0	0	0	0	0	0	0	0	0	0	0	0	2003	0
FFQ	76	0	0	0	0	0	0	0	0	0	0	0	0	0	0	0	0	0	0	0	0	0	0	0	0	0	0	0	0	0	0	2003	0
FFQ	77	0	0	0	0	0	0	0	0	0	0	0	0	0	0	0	0	0	0	0	0	0	0	0	0	0	0	0	0	0	0	2003	0
FFQ	78	0	0	0	0	0	0	0	0	0	0	0	0	0	0	0	0	0	0	0	0	0	0	0	0	0	0	0	0	0	0	2003	0
FFQ	79	0	0	0	0	0	0	0	0	0	0	0	0	0	0	0	0	0	0	0	0	0	0	0	0	0	0	0	0	0	0	2003	0
FFQ	80	0	0	0	0	0	0	0	0	0	0	0	0	0	0	0	0	0	0	0	0	0	0	0	0	0	0	0	0	0	0	2003	0
FFQ	81	0	0	0	0	0	0	0	0	0	0	0	0	0	0	0	0	0	0	0	0	0	0	0	0	0	0	0	0	0	0	2003	0
FFQ	82	0	0	0	0	0	0	0	0	0	0	0	0	0	0	0	0	0	0	0	0	0	0	0	0	0	0	0	0	0	0	2003	0
FFQ	83	0	0	0	0	0	0	0	0	0	0	0	0	0	0	0	0	0	0	0	0	0	0	0	0	0	0	0	0	0	0	2003	0
FFQ	84	0	0	0	0	0	0	0	0	0	0	0	0	0	0	0	0	0	0	0	0	0	0	0	0	0	0	0	0	0	0	2003	0
FFQ	85	0	0	0	0	0	0	0	0	0	0	0	0	0	0	0	0	0	0	0	0	0	0	0	0	0	0	0	0	0	0	2003	0
FFQ	86	0	0	0	0	0	0	0	0	0	0	0	0	0	0	0	0	0	0	0	0	0	0	0	0	0	0	0	0	0	0	2003	0
FFQ	87	0	0	0	0	0	0	0	0	0	0	0	0	0	0	0	0	0	0	0	0	0	0	0	0	0	0	0	0	0	0	2003	0
FFQ	88	0	0	0	0	0	0	0	0	0	0	0	0	0	0	0	0	0	0	0	0	0	0	0	0	0	0	0	0	0	0	2003	0
FFQ	89	0	0	0	0	0	0	0	0	0	0	0	0	0	0	0	0	0	0	0	0	0	0	0	0	0	0	0	0	0	0	2003	0
FFQ	90	0	0	0	0	0	0	0	0	0	0	0	0	0	0	0	0	0	0	0	0	0	0	0	0	0	0	0	0	0	0	2003	0
FFQ	91	0	0	0	0	0	0	0	0	0	0	0	0	0	0	0	0	0	0	0	0	0	0	0	0	0	0	0	0	0	0	2003	0
FFQ	92	0	0	0	0	0	0	0	0	0	0	0	0	0	0	0	0	0	0	0	0	0	0	0	0	0	0	0	0	0	0	2003	0
FFQ	93	0	0	0	0	0	0	0	0	0	0	0	0	0	0	0	0	0	0	0	0	0	0	0	0	0	0	0	0	0	0	2003	0
FFQ	94	0	0	0	0	0	0	0	0	0	0	0	0	0	0	0	0	0	0	0	0	0	0	0	0	0	0	0	0	0	0	2003	0
FFQ	95	0	0	0	0	0	0	0	0	0	0	0	0	0	0	0	0	0	0	0	0	0	0	0	0	0	0	0	0	0	0	2003	0
FFQ	96	0	0	0	0	0	0	0	0	0	0	0	0	0	0	0	0	0	0	0	0	0	0	0	0	0	0	0	0	0	0	2003	0
FFQ	97	0	0	0	0	0	0	0	0	0	0	0	0	0	0	0	0	0	0	0	0	0	0	0	0	0	0	0	0	0	0	2003	0
FFQ	98	0	0	0	0	0	0	0	0	0	0	0	0	0	0	0	0	0	0	0	0	0	0	0	0	0	0	0	0	0	0	2003	0
FFQ	99	0	0	0	0	0	0	0	0	0	0	0	0	0	0	0	0	0	0	0	0	0	0	0	0	0	0	0	0	0	0	2003	0
FFQ	100	0	0	0	0	0	0	0	0	0	0	0	0	0	0	0	0	0	0	0	0	0	0	0	0	0	0	0	0	0	0	2003	0
FFQ	101	0	0	0	0	0	0	0	0	0	0	0	0	0	0	0	0	0	0	0	0	0	0	0	0	0	0	0	0	0	0	2003	0
FFQ	102	0	0	0	0	0	0	0	0	0	0	0	0	0	0	0	0	0	0	0	0	0	0	0	0	0	0	0	0	0	0	2003	0
FFQ	103	0	0	0	0	0	0	0	0	0	0	0	0	0	0	0	0	0	0	0	0	0	0	0	0	0	0	0	0	0	0	2003	0
FFQ	104	0	0	0	0	0	0	0	0	0	0	0	0	0	0	0	0	0	0	0	0	0	0	0	0	0	0	0	0	0	0	2003	0
FFQ	105	0	0	0	0	0	0	0	0	0	0	0	0	0	0	0	0	0	0	0	0	0	0	0	0	0	0	0	0	0	0	2003	0
FFQ	106	0	0	0	0	0	0	0	0	0	0	0	0	0	0	0	0	0	0	0	0	0	0	0	0	0	0	0	0	0	0	2003	0
FFQ	107	0	0	0	0	0	0	0	0	0	0	0	0	0	0	0	0	0	0	0	0	0	0	0	0	0	0	0	0	0	0	2003	0
FFQ	108	0	0	0	0	0	0	0	0	0	0	0	0	0	0	0	0	0	0	0	0	0	0	0	0	0	0	0	0	0	0	2003	0
FFQ	109	0	0	0	0	0	0	0	0	0	0	0	0	0	0	0	0	0	0	0	0	0	0	0	0	0	0	0	0	0	0	2003	0
FFQ	110	0	0	0	0	0	0	0	0	0	0	0	0	0	0	0	0	0	0	0	0	0	0	0	0	0	0	0	0	0	0	2003	0
FFQ	111	0	0	0	0	0	0	0	0	0	0	0	0	0	0	0	0	0	0	0	0	0	0	0	0	0	0	0	0	0	0	2003	0
FFQ	112	0	0	0	0	0	0	0	0	0	0	0	0	0	0	0	0	0	0	0	0	0	0	0	0	0	0	0	0	0	0	2003	0
FFQ	113	0	0	0	0	0	0	0	0	0	0	0	0	0	0	0	0	0	0	0	0	0	0	0	0	0	0	0	0	0	0	2003	0
FFQ	114	0	0	0	0	0	0	0	0	0	0	0	0	0	0	0	0	0	0	0	0	0	0	0	0	0	0	0	0	0	0	2003	0
FFQ	115	0	0	0	0	0	0	0	0	0	0	0	0	0	0	0	0	0	0	0	0	0	0	0	0	0	0	0	0	0	0	2003	0
FFQ	116	0	0	0	0	0	0	0	0	0	0	0	0	0	0	0	0	0	0	0	0	0	0	0	0	0	0	0	0	0	0	2003	0
FFQ	117	0	0	0	0	0	0	0	0	0	0	0	0	0	0	0	0	0	0	0	0	0	0	0	0	0	0	0	0	0	0	2003	0
FFQ	118	0	0	0	0	0	0	0	0	0	0	0	0	0	0	0	0	0	0	0	0	0	0	0	0	0	0	0	0	0	0	2003	0
FFQ	119	0	0	0	0	0	0	0	0	0	0	0	0	0	0	0	0	0	0	0	0	0	0	0	0	0	0	0	0	0	0	2003	0
FFQ	120	0	0	0	0	0	0	0	0	0	0	0	0	0	0	0	0	0	0	0	0	0	0	0	0	0	0	0	0	0	0	2003	0
FFQ	121	0	0	0	0	0	0	0	0	0	0	0	0	0	0	0	0	0	0	0	0	0	0	0	0	0	0	0	0	0	0	2003	0
FFQ	122	0	0	0	0	0	0	0	0	0	0	0	0	0	0	0	0	0	0	0	0	0	0	0	0	0	0	0	0	0	0	2003	0
FFQ	123	0	0	0	0	0	0	0	0	0	0	0	0	0	0	0	0	0	0	0	0	0	0	0	0	0	0	0	0	0	0	2003	0
FFQ	124	0	0	0	0	0	0	0	0	0	0	0	0	0	0	0	0	0	0	0	0	0	0	0	0	0	0	0	0	0	0	2003	0
FFQ	125	0	0	0	0	0	0	0	0	0	0	0	0	0	0	0	0	0	0	0	0	0	0	0	0	0	0	0	0	0	0	2003	0
FFQ	126	0	0	0	0	0	0	0	0	0	0	0	0	0	0	0	0	0	0	0	0	0	0	0	0	0	0	0	0	0	0	2003	0
FFQ	127	0	0	0	0	0	0	0	0	0	0	0	0	0	0	0	0	0	0	0	0	0	0	0	0	0	0	0	0	0	0	2003	0
FFQ	128	0	0	0	0	0	0	0	0	0	0	0	0	0	0	0	0	0	0	0	0	0	0	0	0	0	0	0	0	0	0	2003	0
FFQ	129	0	0	0	0	0	0	0	0	0	0	0	0	0	0	0	0	0	0	0	0	0	0	0	0	0	0	0	0	0	0	2003	0
FFQ	130	0	0	0	0	0	0	0	0	0	0	0	0	0	0	0	0	0	0	0	0	0	0	0	0	0	0	0	0	0	0	2003	0
FFQ	131	0	0	0	0	0	0	0	0	0	0	0	0	0	0	0	0	0	0	0	0	0	0	0	0	0	0	0	0	0	0	2003	0
FFQ	132	0	0	0	0	0	0	0	0	0	0	0	0	0	0	0	0	0	0	0	0	0	0	0	0	0	0	0	0	0	0	2003	0
FFQ	133	0	0	0	0	0	0	0	0	0	0	0	0	0	0	0	0	0	0	0	0	0	0	0	0	0	0	0	0	0	0	2003	0
FFQ	134	0	0	0	0	0	0	0	0	0	0	0	0	0	0	0	0	0	0	0	0	0	0	0	0	0	0	0	0	0	0	2003	0
FFQ	135	0	0	0	0	0	0	0	0	0	0	0	0	0	0	0	0	0	0	0	0	0	0	0	0	0	0	0	0	0	0	2003	0
FFQ	136	0	0	0	0	0	0	0	0	0	0	0	0	0	0	0	0	0	0	0	0	0	0	0	0	0	0	0	0	0	0	2003	0
FFQ	137	0	0	0	0	0	0	0	0	0	0	0	0	0	0	0	0	0	0	0	0	0	0	0	0	0	0	0	0	0	0	2003	0
FFQ	138	0	0	0	0	0	0	0	0	0	0	0	0	0	0	0	0	0	0	0	0	0	0	0	0	0	0	0	0	0	0	2003	0
FFQ	139	0	0	0	0	0	0	0	0	0	0	0	0	0	0	0	0	0	0	0	0	0	0	0	0	0	0	0	0	0	0	2003	0
FFQ	140	0	0	0	0	0	0	0	0	0	0	0	0	0	0	0	0	0	0	0	0	0	0	0	0	0	0	0	0	0	0	2003	0
FFQ	141	0	0	0	0	0	0	0	0	0	0	0	0	0	0	0	0	0	0	0	0	0	0	0	0	0	0	0	0	0	0	2003	0
FFQ	142	0	0	0	0	0	0	0	0	0	0	0	0	0	0	0	0	0	0	0	0	0	0	0	0	0	0	0	0	0	0	2003	0
FFQ	143	0	0	0	0	0	0	0	0	0	0	0	0	0	0	0	0	0	0	0	0	0	0	0	0	0	0	0	0	0	0	2003	0
FFQ	144	0	0	0	0	0	0	0	0	0	0	0	0	0	0	0	0	0	0	0	0	0	0	0	0	0	0	0	0	0	0	2003	0
FFQ	145	0	0	0	0	0	0	0	0	0	0	0	0	0	0	0	0	0	0	0	0	0	0	0	0	0	0	0	0	0	0	2003	0
FFQ	146	0	0	0	0	0	0	0	0	0	0	0	0	0	0	0	0	0	0	0	0	0	0	0	0	0	0	0	0	0	0	2003	0
FFQ	147	0	0	0	0	0	0	0	0	0	0	0	0	0	0	0	0	0	0	0	0	0	0	0	0	0	0	0	0	0	0	2003	0
FFQ	148	0	0	0	0	0	0	0	0	0	0	0	0	0	0	0	0	0	0	0	0	0	0	0	0	0	0	0	0	0	0	2003	0
FFQ	149	0	0	0	0	0	0	0	0	0	0	0	0	0	0	0	0	0	0	0	0	0	0	0	0	0	0	0	0	0	0	2003	0
FFQ	150	0	0	0	0	0	0	0	0	0	0	0	0	0	0	0	0	0	0	0	0	0	0	0	0	0	0	0	0	0	0	2003	0
# Last Fragment Qualities. Use `grep ^LFQ | cut -f 2-` to extract this part.
# Columns correspond to qualities and rows to cycles. First column is the cycle number.
LFQ	1	0	0	0	0	0	0	0	0	0	0	0	0	0	0	0	0	0	0	0	0	0	0	0	0	0	0	0	0	0	0	2003	0
LFQ	2	0	0	0	0	0	0	0	0	0	0	0	0	0	0	0	0	0	0	0	0	0	0	0	0	0	0	0	0	0	0	2003	0
LFQ	3	0	0	0	0	0	0	0	0	0	0	0	0	0	0	0	0	0	0	0	0	0	0	0	0	0	0	0	0	0	0	2003	0
LFQ	4	0	0	0	0	0	0	0	0	0	0	0	0	0	0	0	0	0	0	0	0	0	0	0	0	0	0	0	0	0	0	2003	0
LFQ	5	0	0	0	0	0	0	0	0	0	0	0	0	0	0	0	0	0	0	0	0	0	0	0	0	0	0	0	0	0	0	2003	0
LFQ	6	0	0	0	0	0	0	0	0	0	0	0	0	0	0	0	0	0	0	0	0	0	0	0	0	0	0	0	0	0	0	2003	0
LFQ	7	0	0	0	0	0	0	0	0	0	0	0	0	0	0	0	0	0	0	0	0	0	0	0	0	0	0	0	0	0	0	2003	0
LFQ	8	0	0	0	0	0	0	0	0	0	0	0	0	0	0	0	0	0	0	0	0	0	0	0	0	0	0	0	0	0	0	2003	0
LFQ	9	0	0	0	0	0	0	0	0	0	0	0	0	0	0	0	0	0	0	0	0	0	0	0	0	0	0	0	0	0	0	2003	0
LFQ	10	0	0	0	0	0	0	0	0	0	0	0	0	0	0	0	0	0	0	0	0	0	0	0	0	0	0	0	0	0	0	2003	0
LFQ	11	0	0	0	0	0	0	0	0	0	0	0	0	0	0	0	0	0	0	0	0	0	0	0	0	0	0	0	0	0	0	2003	0
LFQ	12	0	0	0	0	0	0	0	0	0	0	0	0	0	0	0	0	0	0	0	0	0	0	0	0	0	0	0	0	0	0	2003	0
LFQ	13	0	0	0	0	0	0	0	0	0	0	0	0	0	0	0	0	0	0	0	0	0	0	0	0	0	0	0	0	0	0	2003	0
LFQ	14	0	0	0	0	0	0	0	0	0	0	0	0	0	0	0	0	0	0	0	0	0	0	0	0	0	0	0	0	0	0	2003	0
LFQ	15	0	0	0	0	0	0	0	0	0	0	0	0	0	0	0	0	0	0	0	0	0	0	0	0	0	0	0	0	0	0	2003	0
LFQ	16	0	0	0	0	0	0	0	0	0	0	0	0	0	0	0	0	0	0	0	0	0	0	0	0	0	0	0	0	0	0	2003	0
LFQ	17	0	0	0	0	0	0	0	0	0	0	0	0	0	0	0	0	0	0	0	0	0	0	0	0	0	0	0	0	0	0	2003	0
LFQ	18	0	0	0	0	0	0	0	0	0	0	0	0	0	0	0	0	0	0	0	0	0	0	0	0	0	0	0	0	0	0	2003	0
LFQ	19	0	0	0	0	0	0	0	0	0	0	0	0	0	0	0	0	0	0	0	0	0	0	0	0	0	0	0	0	0	0	2003	0
LFQ	20	0	0	0	0	0	0	0	0	0	0	0	0	0	0	0	0	0	0	0	0	0	0	0	0	0	0	0	0	0	0	2003	0
LFQ	21	0	0	0	0	0	0	0	0	0	0	0	0	0	0	0	0	0	0	0	0	0	0	0	0	0	0	0	0	0	0	2003	0
LFQ	22	0	0	0	0	0	0	0	0	0	0	0	0	0	0	0	0	0	0	0	0	0	0	0	0	0	0	0	0	0	0	2003	0
LFQ	23	0	0	0	0	0	0	0	0	0	0	0	0	0	0	0	0	0	0	0	0	0	0	0	0	0	0	0	0	0	0	2003	0
LFQ	24	0	0	0	0	0	0	0	0	0	0	0	0	0	0	0	0	0	0	0	0	0	0	0	0	0	0	0	0	0	0	2003	0
LFQ	25	0	0	0	0	0	0	0	0	0	0	0	0	0	0	0	0	0	0	0	0	0	0	0	0	0	0	0	0	0	0	2003	0
LFQ	26	0	0	0	0	0	0	0	0	0	0	0	0	0	0	0	0	0	0	0	0	0	0	0	0	0	0	0	0	0	0	2003	0
LFQ	27	0	0	0	0	0	0	0	0	0	0	0	0	0	0	0	0	0	0	0	0	0	0	0	0	0	0	0	0	0	0	2003	0
LFQ	28	0	0	0	0	0	0	0	0	0	0	0	0	0	0	0	0	0	0	0	0	0	0	0	0	0	0	0	0	0	0	2003	0
LFQ	29	0	0	0	0	0	0	0	0	0	0	0	0	0	0	0	0	0	0	0	0	0	0	0	0	0	0	0	0	0	0	2003	0
LFQ	30	0	0	0	0	0	0	0	0	0	0	0	0	0	0	0	0	0	0	0	0	0	0	0	0	0	0	0	0	0	0	2003	0
LFQ	31	0	0	0	0	0	0	0	0	0	0	0	0	0	0	0	0	0	0	0	0	0	0	0	0	0	0	0	0	0	0	2003	0
LFQ	32	0	0	0	0	0	0	0	0	0	0	0	0	0	0	0	0	0	0	0	0	0	0	0	0	0	0	0	0	0	0	2003	0
LFQ	33	0	0	0	0	0	0	0	0	0	0	0	0	0	0	0	0	0	0	0	0	0	0	0	0	0	0	0	0	0	0	2003	0
LFQ	34	0	0	0	0	0	0	0	0	0	0	0	0	0	0	0	0	0	0	0	0	0	0	0	0	0	0	0	0	0	0	2003	0
LFQ	35	0	0	0	0	0	0	0	0	0	0	0	0	0	0	0	0	0	0	0	0	0	0	0	0	0	0	0	0	0	0	2003	0
LFQ	36	0	0	0	0	0	0	0	0	0	0	0	0	0	0	0	0	0	0	0	0	0	0	0	0	0	0	0	0	0	0	2003	0
LFQ	37	0	0	0	0	0	0	0	0	0	0	0	0	0	0	0	0	0	0	0	0	0	0	0	0	0	0	0	0	0	0	2003	0
LFQ	38	0	0	0	0	0	0	0	0	0	0	0	0	0	0	0	0	0	0	0	0	0	0	0	0	0	0	0	0	0	0	2003	0
LFQ	39	0	0	0	0	0	0	0	0	0	0	0	0	0	0	0	0	0	0	0	0	0	0	0	0	0	0	0	0	0	0	2003	0
LFQ	40	0	0	0	0	0	0	0	0	0	0	0	0	0	0	0	0	0	0	0	0	0	0	0	0	0	0	0	0	0	0	2003	0
LFQ	41	0	0	0	0	0	0	0	0	0	0	0	0	0	0	0	0	0	0	0	0	0	0	0	0	0	0	0	0	0	0	2003	0
LFQ	42	0	0	0	0	0	0	0	0	0	0	0	0	0	0	0	0	0	0	0	0	0	0	0	0	0	0	0	0	0	0	2003	0
LFQ	43	0	0	0	0	0	0	0	0	0	0	0	0	0	0	0	0	0	0	0	0	0	0	0	0	0	0	0	0	0	0	2003	0
LFQ	44	0	0	0	0	0	0	0	0	0	0	0	0	0	0	0	0	0	0	0	0	0	0	0	0	0	0	0	0	0	0	2003	0
LFQ	45	0	0	0	0	0	0	0	0	0	0	0	0	0	0	0	0	0	0	0	0	0	0	0	0	0	0	0	0	0	0	2003	0
LFQ	46	0	0	0	0	0	0	0	0	0	0	0	0	0	0	0	0	0	0	0	0	0	0	0	0	0	0	0	0	0	0	2003	0
LFQ	47	0	0	0	0	0	0	0	0	0	0	0	0	0	0	0	0	0	0	0	0	0	0	0	0	0	0	0	0	0	0	2003	0
LFQ	48	0	0	0	0	0	0	0	0	0	0	0	0	0	0	0	0	0	0	0	0	0	0	0	0	0	0	0	0	0	0	2003	0
LFQ	49	0	0	0	0	0	0	0	0	0	0	0	0	0	0	0	0	0	0	0	0	0	0	0	0	0	0	0	0	0	0	2003	0
LFQ	50	0	0	0	0	0	0	0	0	0	0	0	0	0	0	0	0	0	0	0	0	0	0	0	0	0	0	0	0	0	0	2003	0
LFQ	51	0	0	0	0	0	0	0	0	0	0	0	0	0	0	0	0	0	0	0	0	0	0	0	0	0	0	0	0	0	0	2003	0
LFQ	52	0	0	0	0	0	0	0	0	0	0	0	0	0	0	0	0	0	0	0	0	0	0	0	0	0	0	0	0	0	0	2003	0
LFQ	53	0	0	0	0	0	0	0	0	0	0	0	0	0	0	0	0	0	0	0	0	0	0	0	0	0	0	0	0	0	0	2003	0
LFQ	54	0	0	0	0	0	0	0	0	0	0	0	0	0	0	0	0	0	0	0	0	0	0	0	0	0	0	0	0	0	0	2003	0
LFQ	55	0	0	0	0	0	0	0	0	0	0	0	0	0	0	0	0	0	0	0	0	0	0	0	0	0	0	0	0	0	0	2003	0
LFQ	56	0	0	0	0	0	0	0	0	0	0	0	0	0	0	0	0	0	0	0	0	0	0	0	0	0	0	0	0	0	0	2003	0
LFQ	57	0	0	0	0	0	0	0	0	0	0	0	0	0	0	0	0	0	0	0	0	0	0	0	0	0	0	0	0	0	0	2003	0
LFQ	58	0	0	0	0	0	0	0	0	0	0	0	0	0	0	0	0	0	0	0	0	0	0	0	0	0	0	0	0	0	0	2003	0
LFQ	59	0	0	0	0	0	0	0	0	0	0	0	0	0	0	0	0	0	0	0	0	0	0	0	0	0	0	0	0	0	0	2003	0
LFQ	60	0	0	0	0	0	0	0	0	0	0	0	0	0	0	0	0	0	0	0	0	0	0	0	0	0	0	0	0	0	0	2003	0
LFQ	61	0	0	0	0	0	0	0	0	0	0	0	0	0	0	0	0	0	0	0	0	0	0	0	0	0	0	0	0	0	0	2003	0
LFQ	62	0	0	0	0	0	0	0	0	0	0	0	0	0	0	0	0	0	0	0	0	0	0	0	0	0	0	0	0	0	0	2003	0
LFQ	63	0	0	0	0	0	0	0	0	0	0	0	0	0	0	0	0	0	0	0	0	0	0	0	0	0	0	0	0	0	0	2003	0
LFQ	64	0	0	0	0	0	0	0	0	0	0	0	0	0	0	0	0	0	0	0	0	0	0	0	0	0	0	0	0	0	0	2003	0
LFQ	65	0	0	0	0	0	0	0	0	0	0	0	0	0	0	0	0	0	0	0	0	0	0	0	0	0	0	0	0	0	0	2003	0
LFQ	66	0	0	0	0	0	0	0	0	0	0	0	0	0	0	0	0	0	0	0	0	0	0	0	0	0	0	0	0	0	0	2003	0
LFQ	67	0	0	0	0	0	0	0	0	0	0	0	0	0	0	0	0	0	0	0	0	0	0	0	0	0	0	0	0	0	0	2003	0
LFQ	68	0	0	0	0	0	0	0	0	0	0	0	0	0	0	0	0	0	0	0	0	0	0	0	0	0	0	0	0	0	0	2003	0
LFQ	69	0	0	0	0	0	0	0	0	0	0	0	0	0	0	0	0	0	0	0	0	0	0	0	0	0	0	0	0	0	0	2003	0
LFQ	70	0	0	0	0	0	0	0	0	0	0	0	0	0	0	0	0	0	0	0	0	0	0	0	0	0	0	0	0	0	0	2003	0
LFQ	71	0	0	0	0	0	0	0	0	0	0	0	0	0	0	0	0	0	0	0	0	0	0	0	0	0	0	0	0	0	0	2003	0
LFQ	72	0	0	0	0	0	0	0	0	0	0	0	0	0	0	0	0	0	0	0	0	0	0	0	0	0	0	0	0	0	0	2003	0
LFQ	73	0	0	0	0	0	0	0	0	0	0	0	0	0	0	0	0	0	0	0	0	0	0	0	0	0	0	0	0	0	0	2003	0
LFQ	74	0	0	0	0	0	0	0	0	0	0	0	0	0	0	0	0	0	0	0	0	0	0	0	0	0	0	0	0	0	0	2003	0
LFQ	75	0	0	0	0	0	0	0	0	0	0	0	0	0	0	0	0	0	0	0	0	0	0	0	0	0	0	0	0	0	0	2003	0
LFQ	76	0	0	0	0	0	0	0	0	0	0	0	0	0	0	0	0	0	0	0	0	0	0	0	0	0	0	0	0	0	0	2003	0
LFQ	77	0	0	0	0	0	0	0	0	0	0	0	0	0	0	0	0	0	0	0	0	0	0	0	0	0	0	0	0	0	0	2003	0
LFQ	78	0	0	0	0	0	0	0	0	0	0	0	0	0	0	0	0	0	0	0	0	0	0	0	0	0	0	0	0	0	0	2003	0
LFQ	79	0	0	0	0	0	0	0	0	0	0	0	0	0	0	0	0	0	0	0	0	0	0	0	0	0	0	0	0	0	0	2003	0
LFQ	80	0	0	0	0	0	0	0	0	0	0	0	0	0	0	0	0	0	0	0	0	0	0	0	0	0	0	0	0	0	0	2003	0
LFQ	81	0	0	0	0	0	0	0	0	0	0	0	0	0	0	0	0	0	0	0	0	0	0	0	0	0	0	0	0	0	0	2003	0
LFQ	82	0	0	0	0	0	0	0	0	0	0	0	0	0	0	0	0	0	0	0	0	0	0	0	0	0	0	0	0	0	0	2003	0
LFQ	83	0	0	0	0	0	0	0	0	0	0	0	0	0	0	0	0	0	0	0	0	0	0	0	0	0	0	0	0	0	0	2003	0
LFQ	84	0	0	0	0	0	0	0	0	0	0	0	0	0	0	0	0	0	0	0	0	0	0	0	0	0	0	0	0	0	0	2003	0
LFQ	85	0	0	0	0	0	0	0	0	0	0	0	0	0	0	0	0	0	0	0	0	0	0	0	0	0	0	0	0	0	0	2003	0
LFQ	86	0	0	0	0	0	0	0	0	0	0	0	0	0	0	0	0	0	0	0	0	0	0	0	0	0	0	0	0	0	0	2003	0
LFQ	87	0	0	0	0	0	0	0	0	0	0	0	0	0	0	0	0	0	0	0	0	0	0	0	0	0	0	0	0	0	0	2003	0
LFQ	88	0	0	0	0	0	0	0	0	0	0	0	0	0	0	0	0	0	0	0	0	0	0	0	0	0	0	0	0	0	0	2003	0
LFQ	89	0	0	0	0	0	0	0	0	0	0	0	0	0	0	0	0	0	0	0	0	0	0	0	0	0	0	0	0	0	0	2003	0
LFQ	90	0	0	0	0	0	0	0	0	0	0	0	0	0	0	0	0	0	0	0	0	0	0	0	0	0	0	0	0	0	0	2003	0
LFQ	91	0	0	0	0	0	0	0	0	0	0	0	0	0	0	0	0	0	0	0	0	0	0	0	0	0	0	0	0	0	0	2003	0
LFQ	92	0	0	0	0	0	0	0	0	0	0	0	0	0	0	0	0	0	0	0	0	0	0	0	0	0	0	0	0	0	0	2003	0
LFQ	93	0	0	0	0	0	0	0	0	0	0	0	0	0	0	0	0	0	0	0	0	0	0	0	0	0	0	0	0	0	0	2003	0
LFQ	94	0	0	0	0	0	0	0	0	0	0	0	0	0	0	0	0	0	0	0	0	0	0	0	0	0	0	0	0	0	0	2003	0
LFQ	95	0	0	0	0	0	0	0	0	0	0	0	0	0	0	0	0	0	0	0	0	0	0	0	0	0	0	0	0	0	0	2003	0
LFQ	96	0	0	0	0	0	0	0	0	0	0	0	0	0	0	0	0	0	0	0	0	0	0	0	0	0	0	0	0	0	0	2003	0
LFQ	97	0	0	0	0	0	0	0	0	0	0	0	0	0	0	0	0	0	0	0	0	0	0	0	0	0	0	0	0	0	0	2003	0
LFQ	98	0	0	0	0	0	0	0	0	0	0	0	0	0	0	0	0	0	0	0	0	0	0	0	0	0	0	0	0	0	0	2003	0
LFQ	99	0	0	0	0	0	0	0	0	0	0	0	0	0	0	0	0	0	0	0	0	0	0	0	0	0	0	0	0	0	0	2003	0
LFQ	100	0	0	0	0	0	0	0	0	0	0	0	0	0	0	0	0	0	0	0	0	0	0	0	0	0	0	0	0	0	0	2003	0
LFQ	101	0	0	0	0	0	0	0	0	0	0	0	0	0	0	0	0	0	0	0	0	0	0	0	0	0	0	0	0	0	0	2003	0
LFQ	102	0	0	0	0	0	0	0	0	0	0	0	0	0	0	0	0	0	0	0	0	0	0	0	0	0	0	0	0	0	0	2003	0
LFQ	103	0	0	0	0	0	0	0	0	0	0	0	0	0	0	0	0	0	0	0	0	0	0	0	0	0	0	0	0	0	0	2003	0
LFQ	104	0	0	0	0	0	0	0	0	0	0	0	0	0	0	0	0	0	0	0	0	0	0	0	0	0	0	0	0	0	0	2003	0
LFQ	105	0	0	0	0	0	0	0	0	0	0	0	0	0	0	0	0	0	0	0	0	0	0	0	0	0	0	0	0	0	0	2003	0
LFQ	106	0	0	0	0	0	0	0	0	0	0	0	0	0	0	0	0	0	0	0	0	0	0	0	0	0	0	0	0	0	0	2003	0
LFQ	107	0	0	0	0	0	0	0	0	0	0	0	0	0	0	0	0	0	0	0	0	0	0	0	0	0	0	0	0	0	0	2003	0
LFQ	108	0	0	0	0	0	0	0	0	0	0	0	0	0	0	0	0	0	0	0	0	0	0	0	0	0	0	0	0	0	0	2003	0
LFQ	109	0	0	0	0	0	0	0	0	0	0	0	0	0	0	0	0	0	0	0	0	0	0	0	0	0	0	0	0	0	0	2003	0
LFQ	110	0	0	0	0	0	0	0	0	0	0	0	0	0	0	0	0	0	0	0	0	0	0	0	0	0	0	0	0	0	0	2003	0
LFQ	111	0	0	0	0	0	0	0	0	0	0	0	0	0	0	0	0	0	0	0	0	0	0	0	0	0	0	0	0	0	0	2003	0
LFQ	112	0	0	0	0	0	0	0	0	0	0	0	0	0	0	0	0	0	0	0	0	0	0	0	0	0	0	0	0	0	0	2003	0
LFQ	113	0	0	0	0	0	0	0	0	0	0	0	0	0	0	0	0	0	0	0	0	0	0	0	0	0	0	0	0	0	0	2003	0
LFQ	114	0	0	0	0	0	0	0	0	0	0	0	0	0	0	0	0	0	0	0	0	0	0	0	0	0	0	0	0	0	0	2003	0
LFQ	115	0	0	0	0	0	0	0	0	0	0	0	0	0	0	0	0	0	0	0	0	0	0	0	0	0	0	0	0	0	0	2003	0
LFQ	116	0	0	0	0	0	0	0	0	0	0	0	0	0	0	0	0	0	0	0	0	0	0	0	0	0	0	0	0	0	0	2003	0
LFQ	117	0	0	0	0	0	0	0	0	0	0	0	0	0	0	0	0	0	0	0	0	0	0	0	0	0	0	0	0	0	0	2003	0
LFQ	118	0	0	0	0	0	0	0	0	0	0	0	0	0	0	0	0	0	0	0	0	0	0	0	0	0	0	0	0	0	0	2003	0
LFQ	119	0	0	0	0	0	0	0	0	0	0	0	0	0	0	0	0	0	0	0	0	0	0	0	0	0	0	0	0	0	0	2003	0
LFQ	120	0	0	0	0	0	0	0	0	0	0	0	0	0	0	0	0	0	0	0	0	0	0	0	0	0	0	0	0	0	0	2003	0
LFQ	121	0	0	0	0	0	0	0	0	0	0	0	0	0	0	0	0	0	0	0	0	0	0	0	0	0	0	0	0	0	0	2003	0
LFQ	122	0	0	0	0	0	0	0	0	0	0	0	0	0	0	0	0	0	0	0	0	0	0	0	0	0	0	0	0	0	0	2003	0
LFQ	123	0	0	0	0	0	0	0	0	0	0	0	0	0	0	0	0	0	0	0	0	0	0	0	0	0	0	0	0	0	0	2003	0
LFQ	124	0	0	0	0	0	0	0	0	0	0	0	0	0	0	0	0	0	0	0	0	0	0	0	0	0	0	0	0	0	0	2003	0
LFQ	125	0	0	0	0	0	0	0	0	0	0	0	0	0	0	0	0	0	0	0	0	0	0	0	0	0	0	0	0	0	0	2003	0
LFQ	126	0	0	0	0	0	0	0	0	0	0	0	0	0	0	0	0	0	0	0	0	0	0	0	0	0	0	0	0	0	0	2003	0
LFQ	127	0	0	0	0	0	0	0	0	0	0	0	0	0	0	0	0	0	0	0	0	0	0	0	0	0	0	0	0	0	0	2003	0
LFQ	128	0	0	0	0	0	0	0	0	0	0	0	0	0	0	0	0	0	0	0	0	0	0	0	0	0	0	0	0	0	0	2003	0
LFQ	129	0	0	0	0	0	0	0	0	0	0	0	0	0	0	0	0	0	0	0	0	0	0	0	0	0	0	0	0	0	0	2003	0
LFQ	130	0	0	0	0	0	0	0	0	0	0	0	0	0	0	0	0	0	0	0	0	0	0	0	0	0	0	0	0	0	0	2003	0
LFQ	131	0	0	0	0	0	0	0	0	0	0	0	0	0	0	0	0	0	0	0	0	0	0	0	0	0	0	0	0	0	0	2003	0
LFQ	132	0	0	0	0	0	0	0	0	0	0	0	0	0	0	0	0	0	0	0	0	0	0	0	0	0	0	0	0	0	0	2003	0
LFQ	133	0	0	0	0	0	0	0	0	0	0	0	0	0	0	0	0	0	0	0	0	0	0	0	0	0	0	0	0	0	0	2003	0
LFQ	134	0	0	0	0	0	0	0	0	0	0	0	0	0	0	0	0	0	0	0	0	0	0	0	0	0	0	0	0	0	0	2003	0
LFQ	135	0	0	0	0	0	0	0	0	0	0	0	0	0	0	0	0	0	0	0	0	0	0	0	0	0	0	0	0	0	0	2003	0
LFQ	136	0	0	0	0	0	0	0	0	0	0	0	0	0	0	0	0	0	0	0	0	0	0	0	0	0	0	0	0	0	0	2003	0
LFQ	137	0	0	0	0	0	0	0	0	0	0	0	0	0	0	0	0	0	0	0	0	0	0	0	0	0	0	0	0	0	0	2003	0
LFQ	138	0	0	0	0	0	0	0	0	0	0	0	0	0	0	0	0	0	0	0	0	0	0	0	0	0	0	0	0	0	0	2003	0
LFQ	139	0	0	0	0	0	0	0	0	0	0	0	0	0	0	0	0	0	0	0	0	0	0	0	0	0	0	0	0	0	0	2003	0
LFQ	140	0	0	0	0	0	0	0	0	0	0	0	0	0	0	0	0	0	0	0	0	0	0	0	0	0	0	0	0	0	0	2003	0
LFQ	141	0	0	0	0	0	0	0	0	0	0	0	0	0	0	0	0	0	0	0	0	0	0	0	0	0	0	0	0	0	0	2003	0
LFQ	142	0	0	0	0	0	0	0	0	0	0	0	0	0	0	0	0	0	0	0	0	0	0	0	0	0	0	0	0	0	0	2003	0
LFQ	143	0	0	0	0	0	0	0	0	0	0	0	0	0	0	0	0	0	0	0	0	0	0	0	0	0	0	0	0	0	0	2003	0
LFQ	144	0	0	0	0	0	0	0	0	0	0	0	0	0	0	0	0	0	0	0	0	0	0	0	0	0	0	0	0	0	0	2003	0
LFQ	145	0	0	0	0	0	0	0	0	0	0	0	0	0	0	0	0	0	0	0	0	0	0	0	0	0	0	0	0	0	0	2003	0
LFQ	146	0	0	0	0	0	0	0	0	0	0	0	0	0	0	0	0	0	0	0	0	0	0	0	0	0	0	0	0	0	0	2003	0
LFQ	147	0	0	0	0	0	0	0	0	0	0	0	0	0	0	0	0	0	0	0	0	0	0	0	0	0	0	0	0	0	0	2003	0
LFQ	148	0	0	0	0	0	0	0	0	0	0	0	0	0	0	0	0	0	0	0	0	0	0	0	0	0	0	0	0	0	0	2003	0
LFQ	149	0	0	0	0	0	0	0	0	0	0	0	0	0	0	0	0	0	0	0	0	0	0	0	0	0	0	0	0	0	0	2003	0
LFQ	150	0	0	0	0	0	0	0	0	0	0	0	0	0	0	0	0	0	0	0	0	0	0	0	0	0	0	0	0	0	0	2003	0
# GC Content of first fragments. Use `grep ^GCF | cut -f 2-` to extract this part.
GCF	5.78	0
GCF	12.06	1
GCF	14.82	0
GCF	17.34	1
GCF	18.09	0
GCF	18.84	1
GCF	19.85	2
GCF	20.85	4
GCF	21.36	5
GCF	22.11	1
GCF	22.86	4
GCF	23.37	9
GCF	24.12	12
GCF	25.13	11
GCF	26.13	18
GCF	26.88	19
GCF	27.39	20
GCF	28.14	29
GCF	28.89	31
GCF	29.40	39
GCF	30.15	38
GCF	30.90	44
GCF	31.91	38
GCF	32.91	51
GCF	33.42	66
GCF	33.92	61
GCF	34.67	69
GCF	35.43	85
GCF	36.43	87
GCF	37.44	85
GCF	37.94	63
GCF	38.69	41
GCF	39.45	71
GCF	39.95	78
GCF	40.70	67
GCF	41.46	62
GCF	41.96	54
GCF	42.71	61
GCF	43.47	46
GCF	43.97	45
GCF	44.72	38
GCF	45.48	47
GCF	45.98	43
GCF	46.73	52
GCF	47.49	37
GCF	47.99	30
GCF	48.74	34
GCF	49.50	20
GCF	50.00	25
GCF	50.75	21
GCF	51.51	14
GCF	52.01	8
GCF	52.76	5
GCF	53.52	11
GCF	54.52	7
GCF	55.53	4
GCF	56.03	3
GCF	56.78	2
GCF	57.79	8
GCF	59.05	3
GCF	60.05	4
GCF	60.80	2
GCF	61.56	3
GCF	62.56	1
GCF	64.32	0
GCF	65.58	1
GCF	66.08	0
GCF	66.58	1
GCF	67.59	0
GCF	69.35	1
# GC Content of last fragments. Use `grep ^GCL | cut -f 2-` to extract this part.
GCL	3.27	0
GCL	6.78	1
GCL	11.31	0
GCL	16.08	1
GCL	16.83	0
GCL	17.34	1
GCL	18.09	0
GCL	18.84	5
GCL	19.35	1
GCL	20.10	2
GCL	20.85	6
GCL	21.36	2
GCL	22.11	8
GCL	22.86	4
GCL	23.37	11
GCL	24.12	12
GCL	24.87	14
GCL	25.38	15
GCL	26.38	16
GCL	27.39	18
GCL	28.14	24
GCL	28.89	22
GCL	29.40	36
GCL	30.15	32
GCL	30.90	41
GCL	31.41	38
GCL	32.16	54
GCL	32.91	47
GCL	33.42	77
GCL	33.92	72
GCL	34.67	78
GCL	35.43	92
GCL	35.93	67
GCL	36.68	87
GCL	37.44	69
GCL	37.94	61
GCL	38.69	69
GCL	39.45	59
GCL	40.45	71
GCL	41.46	50
GCL	41.96	70
GCL	42.71	39
GCL	43.47	53
GCL	43.97	42
GCL	44.72	56
GCL	45.48	44
GCL	45.98	50
GCL	46.73	46
GCL	47.49	39
GCL	47.99	38
GCL	48.74	20
GCL	49.50	23
GCL	50.00	17
GCL	50.75	14
GCL	51.51	17
GCL	52.01	12
GCL	52.76	5
GCL	53.52	6
GCL	54.02	8
GCL	54.77	6
GCL	55.78	5
GCL	56.78	9
GCL	57.54	5
GCL	58.04	3
GCL	58.79	2
GCL	59.55	6
GCL	60.05	3
GCL	61.06	1
GCL	62.06	0
GCL	62.81	2
GCL	63.57	1
GCL	64.57	0
GCL	65.83	1
GCL	67.34	0
GCL	69.10	1
GCL	70.10	0
GCL	70.60	1
# ACGT content per cycle. Use `grep ^GCC | cut -f 2-` to extract this part. The columns are: cycle; A,C,G,T base counts as a percentage of all A/C/G/T bases [%]; and N and O counts as a percentage of all A/C/G/T bases [%]
GCC	1	30.63	20.84	18.62	29.91	0.00	0.00
GCC	2	30.63	20.19	19.17	30.00	0.00	0.00
GCC	3	30.68	20.14	18.90	30.28	0.00	0.00
GCC	4	31.03	20.69	18.67	29.61	0.00	0.00
GCC	5	31.48	19.10	18.72	30.70	0.00	0.00
GCC	6	31.83	19.60	18.62	29.96	0.00	0.00
GCC	7	30.38	19.37	19.00	31.25	0.00	0.00
GCC	8	31.00	19.15	19.15	30.70	0.00	0.00
GCC	9	30.03	19.22	19.40	31.35	0.00	0.00
GCC	10	30.23	19.80	19.05	30.93	0.00	0.00
GCC	11	31.13	18.40	19.07	31.40	0.00	0.00
GCC	12	31.00	20.57	18.50	29.93	0.00	0.00
GCC	13	30.98	19.70	18.70	30.63	0.00	0.00
GCC	14	29.78	19.97	19.32	30.93	0.00	0.00
GCC	15	29.16	20.29	19.02	31.53	0.00	0.00
GCC	16	30.50	19.57	19.52	30.40	0.00	0.00
GCC	17	30.98	20.27	18.92	29.83	0.00	0.00
GCC	18	31.08	18.97	19.15	30.80	0.00	0.00
GCC	19	30.53	20.24	18.25	30.98	0.00	0.00
GCC	20	30.33	19.45	19.07	31.15	0.00	0.00
GCC	21	30.50	20.07	18.75	30.68	0.00	0.00
GCC	22	29.88	19.30	18.95	31.88	0.00	0.00
GCC	23	30.73	20.29	19.00	29.98	0.00	0.00
GCC	24	32.35	19.70	18.40	29.56	0.00	0.00
GCC	25	31.33	17.97	19.10	31.60	0.00	0.00
GCC	26	31.60	19.85	19.52	29.03	0.00	0.00
GCC	27	31.78	20.47	18.37	29.38	0.00	0.00
GCC	28	30.38	18.80	19.35	31.48	0.00	0.00
GCC	29	30.70	19.65	19.52	30.13	0.00	0.00
GCC	30	30.90	19.95	18.95	30.20	0.00	0.00
GCC	31	31.35	19.50	18.90	30.25	0.00	0.00
GCC	32	28.78	20.54	18.47	32.20	0.00	0.00
GCC	33	32.20	19.57	18.20	30.03	0.00	0.00
GCC	34	30.50	20.17	19.27	30.05	0.00	0.00
GCC	35	29.23	20.82	18.57	31.38	0.00	0.00
GCC	36	30.48	19.20	19.07	31.25	0.00	0.00
GCC	37	30.45	18.95	18.97	31.63	0.00	0.00
GCC	38	29.93	19.22	18.85	32.00	0.00	0.00
GCC	39	31.50	18.42	19.30	30.78	0.00	0.00
GCC	40	30.80	19.42	19.05	30.73	0.00	0.00
GCC	41	29.03	20.00	19.62	31.35	0.00	0.00
GCC	42	31.28	19.50	18.02	31.20	0.00	0.00
GCC	43	29.06	20.77	19.12	31.05	0.00	0.00
GCC	44	30.53	18.95	18.42	32.10	0.00	0.00
GCC	45	31.45	20.14	18.52	29.88	0.00	0.00
GCC	46	31.43	19.12	19.17	30.28	0.00	0.00
GCC	47	31.53	19.70	19.10	29.68	0.00	0.00
GCC	48	31.15	19.75	18.35	30.75	0.00	0.00
GCC	49	30.75	20.19	18.70	30.35	0.00	0.00
GCC	50	30.83	19.85	17.90	31.43	0.00	0.00
GCC	51	30.80	18.80	19.20	31.20	0.00	0.00
GCC	52	30.28	18.65	19.10	31.98	0.00	0.00
GCC	53	30.90	18.97	19.47	30.65	0.00	0.00
GCC	54	29.96	20.84	18.95	30.25	0.00	0.00
GCC	55	32.18	19.20	17.85	30.78	0.00	0.00
GCC	56	29.88	20.29	18.87	30.95	0.00	0.00
GCC	57	30.95	20.89	18.90	29.26	0.00	0.00
GCC	58	30.58	19.60	19.90	29.93	0.00	0.00
GCC	59	30.80	19.80	18.25	31.15	0.00	0.00
GCC	60	31.10	19.57	19.75	29.58	0.00	0.00
GCC	61	31.15	20.14	19.42	29.28	0.00	0.00
GCC	62	31.15	18.92	19.65	30.28	0.00	0.00
GCC	63	30.75	19.55	19.77	29.93	0.00	0.00
GCC	64	31.00	21.09	18.40	29.51	0.00	0.00
GCC	65	31.13	20.42	17.70	30.75	0.00	0.00
GCC	66	29.51	20.89	18.52	31.08	0.00	0.00
GCC	67	30.75	19.80	17.87	31.58	0.00	0.00
GCC	68	30.40	20.09	19.07	30.43	0.00	0.00
GCC	69	29.98	20.49	17.97	31.55	0.00	0.00
GCC	70	31.15	20.04	18.67	30.13	0.00	0.00
GCC	71	30.30	20.82	18.07	30.80	0.00	0.00
GCC	72	30.90	20.19	18.45	30.45	0.00	0.00
GCC	73	29.43	20.42	19.50	30.65	0.00	0.00
GCC	74	29.93	18.82	19.12	32.13	0.00	0.00
GCC	75	30.83	19.05	19.05	31.08	0.00	0.00
GCC	76	32.25	19.42	18.32	30.00	0.00	0.00
GCC	77	31.78	19.12	18.12	30.98	0.00	0.00
GCC	78	30.63	20.24	18.02	31.10	0.00	0.00
GCC	79	30.90	19.85	18.15	31.10	0.00	0.00
GCC	80	30.95	20.00	18.05	31.00	0.00	0.00
GCC	81	30.78	18.80	19.77	30.65	0.00	0.00
GCC	82	31.00	19.77	18.27	30.95	0.00	0.00
GCC	83	30.08	19.30	19.47	31.15	0.00	0.00
GCC	84	31.40	19.75	17.92	30.93	0.00	0.00
GCC	85	29.81	19.52	20.32	30.35	0.00	0.00
GCC	86	29.88	20.44	18.45	31.23	0.00	0.00
GCC	87	30.30	19.50	18.47	31.73	0.00	0.00
GCC	88	29.53	20.52	18.45	31.50	0.00	0.00
GCC	89	30.20	19.27	18.85	31.68	0.00	0.00
GCC	90	30.15	20.39	18.87	30.58	0.00	0.00
GCC	91	29.56	20.52	19.42	30.50	0.00	0.00
GCC	92	30.63	18.75	19.10	31.53	0.00	0.00
GCC	93	31.05	19.97	18.47	30.50	0.00	0.00
GCC	94	29.71	19.20	18.82	32.28	0.00	0.00
GCC	95	30.13	19.70	19.67	30.50	0.00	0.00
GCC	96	30.68	19.32	19.80	30.20	0.00	0.00
GCC	97	30.98	18.97	18.77	31.28	0.00	0.00
GCC	98	30.28	19.00	19.30	31.43	0.00	0.00
GCC	99	30.25	19.42	19.65	30.68	0.00	0.00
GCC	100	30.33	20.00	18.52	31.15	0.00	0.00
GCC	101	30.03	20.42	18.12	31.43	0.00	0.00
GCC	102	28.88	21.22	19.65	30.25	0.00	0.00
GCC	103	30.80	20.49	18.25	30.45	0.00	0.00
GCC	104	31.25	19.67	18.47	30.60	0.00	0.00
GCC	105	30.85	20.17	19.02	29.96	0.00	0.00
GCC	106	31.55	19.62	18.85	29.98	0.00	0.00
GCC	107	31.28	20.07	18.42	30.23	0.00	0.00
GCC	108	30.70	20.34	19.52	29.43	0.00	0.00
GCC	109	29.31	20.12	18.55	32.03	0.00	0.00
GCC	110	31.38	18.65	18.70	31.28	0.00	0.00
GCC	111	30.83	19.60	19.47	30.10	0.00	0.00
GCC	112	31.75	19.22	18.72	30.30	0.00	0.00
GCC	113	29.86	19.42	19.10	31.63	0.00	0.00
GCC	114	29.96	19.42	18.47	32.15	0.00	0.00
GCC	115	30.13	19.62	18.50	31.75	0.00	0.00
GCC	116	30.25	19.65	17.82	32.28	0.00	0.00
GCC	117	28.88	20.62	20.00	30.50	0.00	0.00
GCC	118	29.73	20.17	18.70	31.40	0.00	0.00
GCC	119	31.60	20.22	18.57	29.61	0.00	0.00
GCC	120	30.30	19.22	19.47	31.00	0.00	0.00
GCC	121	29.76	20.24	19.40	30.60	0.00	0.00
GCC	122	30.85	20.32	19.37	29.46	0.00	0.00
GCC	123	30.58	20.39	17.50	31.53	0.00	0.00
GCC	124	30.48	19.00	20.84	29.68	0.00	0.00
GCC	125	31.40	19.57	18.40	30.63	0.00	0.00
GCC	126	29.88	19.62	20.59	29.91	0.00	0.00
GCC	127	30.88	19.45	19.55	30.13	0.00	0.00
GCC	128	30.23	20.12	19.67	29.98	0.00	0.00
GCC	129	31.23	19.80	18.97	30.00	0.00	0.00
GCC	130	30.28	20.92	18.60	30.20	0.00	0.00
GCC	131	30.40	19.72	19.42	30.45	0.00	0.00
GCC	132	31.68	20.37	18.45	29.51	0.00	0.00
GCC	133	30.23	19.20	19.92	30.65	0.00	0.00
GCC	134	31.53	19.95	18.55	29.98	0.00	0.00
GCC	135	32.78	18.50	18.10	30.63	0.00	0.00
GCC	136	30.55	19.52	19.05	30.88	0.00	0.00
GCC	137	31.68	20.39	17.70	30.23	0.00	0.00
GCC	138	30.70	19.30	18.10	31.90	0.00	0.00
GCC	139	30.28	21.34	18.50	29.88	0.00	0.00
GCC	140	31.73	19.27	17.72	31.28	0.00	0.00
GCC	141	29.26	19.95	19.55	31.25	0.00	0.00
GCC	142	32.35	19.37	18.50	29.78	0.00	0.00
GCC	143	31.35	19.95	18.67	30.03	0.00	0.00
GCC	144	30.68	19.60	18.10	31.63	0.00	0.00
GCC	145	31.00	20.14	17.65	31.20	0.00	0.00
GCC	146	30.85	19.75	18.85	30.55	0.00	0.00
GCC	147	31.20	20.49	18.77	29.53	0.00	0.00
GCC	148	30.63	19.12	18.67	31.58	0.00	0.00
GCC	149	30.28	19.15	18.65	31.93	0.00	0.00
GCC	150	30.90	19.75	18.72	30.63	0.00	0.00
# ACGT content per cycle, read oriented. Use `grep ^GCT | cut -f 2-` to extract this part. The columns are: cycle; A,C,G,T base counts as a percentage of all A/C/G/T bases [%]
GCT	1	30.15	20.49	18.97	30.38
GCT	2	29.68	19.22	20.14	30.95
GCT	3	29.48	20.02	19.02	31.48
GCT	4	30.68	19.27	20.09	29.96
GCT	5	31.18	19.72	18.10	31.00
GCT	6	29.81	18.65	19.57	31.98
GCT	7	29.78	18.95	19.42	31.85
GCT	8	30.98	19.75	18.55	30.73
GCT	9	29.76	18.02	20.59	31.63
GCT	10	31.63	19.52	19.32	29.53
GCT	11	31.05	18.55	18.92	31.48
GCT	12	28.91	19.25	19.82	32.03
GCT	13	29.81	19.95	18.45	31.80
GCT	14	30.25	18.97	20.32	30.45
GCT	15	29.71	19.72	19.60	30.98
GCT	16	29.81	20.04	19.05	31.10
GCT	17	29.96	19.92	19.27	30.85
GCT	18	31.60	19.12	19.00	30.28
GCT	19	30.23	19.32	19.17	31.28
GCT	20	30.68	18.82	19.70	30.80
GCT	21	30.65	20.44	18.37	30.53
GCT	22	30.98	19.52	18.72	30.78
GCT	23	30.83	19.52	19.77	29.88
GCT	24	30.93	18.45	19.65	30.98
GCT	25	30.95	18.37	18.70	31.98
GCT	26	30.13	19.95	19.42	30.50
GCT	27	30.68	19.75	19.10	30.48
GCT	28	30.83	19.72	18.42	31.03
GCT	29	31.85	19.12	20.04	28.98
GCT	30	30.90	20.12	18.77	30.20
GCT	31	31.18	18.95	19.45	30.43
GCT	32	30.60	19.80	19.22	30.38
GCT	33	30.65	18.95	18.82	31.58
GCT	34	30.38	20.07	19.37	30.18
GCT	35	30.70	20.47	18.92	29.91
GCT	36	31.30	18.80	19.47	30.43
GCT	37	31.65	19.52	18.40	30.43
GCT	38	32.25	19.32	18.75	29.68
GCT	39	31.18	18.97	18.75	31.10
GCT	40	32.03	19.37	19.10	29.51
GCT	41	30.88	19.92	19.70	29.51
GCT	42	31.45	18.70	18.82	31.03
GCT	43	30.83	20.17	19.72	29.28
GCT	44	31.60	19.30	18.07	31.03
GCT	45	31.00	19.32	19.35	30.33
GCT	46	31.70	19.22	19.07	30.00
GCT	47	31.13	18.87	19.92	30.08
GCT	48	31.33	19.35	18.75	30.58
GCT	49	30.70	18.72	20.17	30.40
GCT	50	31.23	18.22	19.52	31.03
GCT	51	31.50	19.52	18.47	30.50
GCT	52	31.73	18.92	18.82	30.53
GCT	53	32.20	19.20	19.25	29.36
GCT	54	30.20	19.27	20.52	30.00
GCT	55	31.65	18.15	18.90	31.30
GCT	56	29.58	19.27	19.90	31.25
GCT	57	30.08	19.15	20.64	30.13
GCT	58	31.10	19.90	19.60	29.41
GCT	59	31.43	19.25	18.80	30.53
GCT	60	31.28	19.32	20.00	29.41
GCT	61	29.08	19.90	19.67	31.35
GCT	62	31.75	19.80	18.77	29.68
GCT	63	31.28	20.09	19.22	29.41
GCT	64	28.96	19.72	19.77	31.55
GCT	65	30.90	18.67	19.45	30.98
GCT	66	31.18	20.04	19.37	29.41
GCT	67	31.48	19.50	18.17	30.85
GCT	68	30.10	19.52	19.65	30.73
GCT	69	31.08	18.92	19.55	30.45
GCT	70	30.35	19.62	19.10	30.93
GCT	71	30.78	19.82	19.07	30.33
GCT	72	30.98	19.45	19.20	30.38
GCT	73	31.08	19.90	20.02	29.01
GCT	74	31.73	18.65	19.30	30.33
GCT	75	31.45	19.55	18.55	30.45
GCT	76	31.05	18.70	19.05	31.20
GCT	77	31.93	18.40	18.85	30.83
GCT	78	31.18	19.62	18.65	30.55
GCT	79	30.60	19.37	18.62	31.40
GCT	80	29.76	19.87	18.17	32.20
GCT	81	30.68	19.02	19.55	30.75
GCT	82	30.85	18.95	19.10	31.10
GCT	83	30.93	19.97	18.80	30.30
GCT	84	31.98	18.95	18.72	30.35
GCT	85	31.05	20.04	19.80	29.11
GCT	86	31.28	19.17	19.72	29.83
GCT	87	30.73	18.40	19.57	31.30
GCT	88	31.23	18.80	20.17	29.81
GCT	89	30.73	20.02	18.10	31.15
GCT	90	30.60	19.12	20.14	30.13
GCT	91	29.08	19.82	20.12	30.98
GCT	92	30.80	17.95	19.90	31.35
GCT	93	30.55	19.30	19.15	31.00
GCT	94	32.08	19.05	18.97	29.91
GCT	95	30.65	19.80	19.57	29.98
GCT	96	30.63	20.59	18.52	30.25
GCT	97	30.83	18.75	19.00	31.43
GCT	98	31.30	20.04	18.25	30.40
GCT	99	30.25	19.75	19.32	30.68
GCT	100	30.43	19.02	19.50	31.05
GCT	101	31.35	19.52	19.02	30.10
GCT	102	30.23	20.64	20.22	28.91
GCT	103	31.28	20.19	18.55	29.98
GCT	104	30.40	19.15	19.00	31.45
GCT	105	29.31	20.04	19.15	31.50
GCT	106	29.81	19.25	19.22	31.73
GCT	107	30.53	19.80	18.70	30.98
GCT	108	30.63	20.89	18.97	29.51
GCT	109	31.35	19.10	19.57	29.98
GCT	110	31.23	19.12	18.22	31.43
GCT	111	30.28	19.52	19.55	30.65
GCT	112	30.95	18.55	19.40	31.10
GCT	113	30.50	19.60	18.92	30.98
GCT	114	30.10	19.40	18.50	32.00
GCT	115	30.68	19.55	18.57	31.20
GCT	116	30.53	19.30	18.17	32.00
GCT	117	29.68	19.60	21.02	29.71
GCT	118	29.76	19.42	19.45	31.38
GCT	119	29.98	19.22	19.57	31.23
GCT	120	31.28	19.52	19.17	30.03
GCT	121	29.46	19.92	19.72	30.90
GCT	122	30.25	20.09	19.60	30.05
GCT	123	31.40	19.20	18.70	30.70
GCT	124	29.66	19.85	20.00	30.50
GCT	125	30.95	18.90	19.07	31.08
GCT	126	29.93	20.04	20.17	29.86
GCT	127	30.05	19.30	19.70	30.95
GCT	128	29.56	20.62	19.17	30.65
GCT	129	30.38	19.82	18.95	30.85
GCT	130	30.00	19.62	19.90	30.48
GCT	131	30.83	19.67	19.47	30.03
GCT	132	29.86	19.57	19.25	31.33
GCT	133	29.41	19.45	19.67	31.48
GCT	134	30.40	19.65	18.85	31.10
GCT	135	31.80	18.65	17.95	31.60
GCT	136	30.13	19.12	19.45	31.30
GCT	137	30.80	19.45	18.65	31.10
GCT	138	31.80	18.32	19.07	30.80
GCT	139	30.75	19.85	20.00	29.41
GCT	140	31.58	18.80	18.20	31.43
GCT	141	29.78	20.34	19.15	30.73
GCT	142	31.23	17.87	20.00	30.90
GCT	143	30.60	20.07	18.55	30.78
GCT	144	30.85	18.90	18.80	31.45
GCT	145	31.10	19.27	18.52	31.10
GCT	146	30.50	19.12	19.47	30.90
GCT	147	29.93	19.80	19.47	30.80
GCT	148	31.85	19.17	18.62	30.35
GCT	149	32.25	19.35	18.45	29.96
GCT	150	30.73	19.05	19.42	30.80
# ACGT content per cycle for first fragments. Use `grep ^FBC | cut -f 2-` to extract this part. The columns are: cycle; A,C,G,T base counts as a percentage of all A/C/G/T bases [%]; and N and O counts as a percentage of all A/C/G/T bases [%]
FBC	1	30.00	21.37	18.07	30.55	0.00	0.00
FBC	2	31.00	20.07	19.57	29.36	0.00	0.00
FBC	3	30.80	19.47	20.22	29.51	0.00	0.00
FBC	4	30.35	22.47	18.32	28.86	0.00	0.00
FBC	5	30.85	18.57	19.47	31.10	0.00	0.00
FBC	6	32.10	20.92	18.07	28.91	0.00	0.00
FBC	7	30.50	19.32	18.22	31.95	0.00	0.00
FBC	8	29.96	20.27	19.02	30.75	0.00	0.00
FBC	9	30.15	18.12	19.62	32.10	0.00	0.00
FBC	10	30.15	19.82	19.62	30.40	0.00	0.00
FBC	11	31.50	18.32	18.52	31.65	0.00	0.00
FBC	12	29.81	21.27	19.27	29.66	0.00	0.00
FBC	13	31.65	20.42	18.67	29.26	0.00	0.00
FBC	14	29.51	19.87	18.92	31.70	0.00	0.00
FBC	15	28.96	19.72	20.02	31.30	0.00	0.00
FBC	16	30.35	20.17	19.52	29.96	0.00	0.00
FBC	17	30.65	19.17	19.37	30.80	0.00	0.00
FBC	18	30.50	19.02	18.87	31.60	0.00	0.00
FBC	19	30.55	21.12	18.92	29.41	0.00	0.00
FBC	20	29.91	19.72	19.07	31.30	0.00	0.00
FBC	21	30.60	20.42	18.67	30.30	0.00	0.00
FBC	22	30.50	19.22	18.87	31.40	0.00	0.00
FBC	23	31.35	19.52	18.37	30.75	0.00	0.00
FBC	24	33.60	19.27	18.32	28.81	0.00	0.00
FBC	25	32.55	18.87	18.62	29.96	0.00	0.00
FBC	26	30.50	20.62	19.27	29.61	0.00	0.00
FBC	27	32.80	19.27	17.77	30.15	0.00	0.00
FBC	28	29.16	20.07	18.82	31.95	0.00	0.00
FBC	29	30.95	18.52	20.37	30.15	0.00	0.00
FBC	30	31.55	20.47	19.57	28.41	0.00	0.00
FBC	31	31.80	19.07	18.62	30.50	0.00	0.00
FBC	32	28.71	21.02	17.72	32.55	0.00	0.00
FBC	33	33.20	19.32	18.47	29.01	0.00	0.00
FBC	34	30.40	20.02	19.22	30.35	0.00	0.00
FBC	35	29.76	21.37	17.82	31.05	0.00	0.00
FBC	36	31.75	18.92	18.22	31.10	0.00	0.00
FBC	37	31.40	19.67	18.22	30.70	0.00	0.00
FBC	38	31.40	18.22	18.82	31.55	0.00	0.00
FBC	39	32.20	19.07	18.92	29.81	0.00	0.00
FBC	40	29.96	19.32	19.27	31.45	0.00	0.00
FBC	41	29.31	20.37	19.62	30.70	0.00	0.00
FBC	42	31.75	19.27	17.57	31.40	0.00	0.00
FBC	43	29.11	20.52	19.72	30.65	0.00	0.00
FBC	44	31.55	18.27	19.17	31.00	0.00	0.00
FBC	45	32.60	20.22	18.32	28.86	0.00	0.00
FBC	46	32.00	19.77	19.42	28.81	0.00	0.00
FBC	47	31.95	19.77	18.47	29.81	0.00	0.00
FBC	48	30.50	19.82	18.37	31.30	0.00	0.00
FBC	49	30.80	20.57	18.57	30.05	0.00	0.00
FBC	50	30.65	19.17	17.87	32.30	0.00	0.00
FBC	51	30.55	17.92	19.62	31.90	0.00	0.00
FBC	52	31.15	19.02	18.52	31.30	0.00	0.00
FBC	53	31.80	18.07	19.97	30.15	0.00	0.00
FBC	54	29.51	20.57	19.57	30.35	0.00	0.00
FBC	55	33.40	18.32	17.37	30.90	0.00	0.00
FBC	56	29.46	20.27	19.17	31.10	0.00	0.00
FBC	57	31.45	19.82	19.82	28.91	0.00	0.00
FBC	58	31.15	20.12	19.67	29.06	0.00	0.00
FBC	59	29.96	19.42	18.47	32.15	0.00	0.00
FBC	60	29.21	20.02	20.07	30.70	0.00	0.00
FBC	61	30.90	20.27	18.87	29.96	0.00	0.00
FBC	62	29.76	19.82	19.22	31.20	0.00	0.00
FBC	63	30.55	19.62	19.42	30.40	0.00	0.00
FBC	64	31.00	21.32	16.92	30.75	0.00	0.00
FBC	65	29.96	20.77	17.52	31.75	0.00	0.00
FBC	66	30.20	20.17	18.77	30.85	0.00	0.00
FBC	67	30.80	19.82	18.07	31.30	0.00	0.00
FBC	68	30.90	20.22	18.92	29.96	0.00	0.00
FBC	69	30.05	19.92	18.82	31.20	0.00	0.00
FBC	70	31.05	19.22	19.37	30.35	0.00	0.00
FBC	71	30.80	20.57	17.52	31.10	0.00	0.00
FBC	72	31.30	20.17	18.57	29.96	0.00	0.00
FBC	73	29.56	20.07	19.62	30.75	0.00	0.00
FBC	74	30.30	17.57	18.72	33.40	0.00	0.00
FBC	75	30.95	19.02	19.47	30.55	0.00	0.00
FBC	76	32.00	20.47	18.17	29.36	0.00	0.00
FBC	77	31.70	19.37	18.67	30.25	0.00	0.00
FBC	78	30.10	21.32	18.22	30.35	0.00	0.00
FBC	79	30.50	20.92	17.47	31.10	0.00	0.00
FBC	80	30.45	20.72	17.62	31.20	0.00	0.00
FBC	81	30.35	20.32	19.32	30.00	0.00	0.00
FBC	82	31.40	20.97	18.27	29.36	0.00	0.00
FBC	83	30.40	20.37	19.87	29.36	0.00	0.00
FBC	84	32.95	19.02	17.67	30.35	0.00	0.00
FBC	85	30.80	19.47	18.92	30.80	0.00	0.00
FBC	86	29.51	20.72	18.52	31.25	0.00	0.00
FBC	87	29.81	19.97	18.42	31.80	0.00	0.00
FBC	88	31.15	20.52	17.77	30.55	0.00	0.00
FBC	89	29.91	19.17	18.97	31.95	0.00	0.00
FBC	90	30.40	19.82	18.82	30.95	0.00	0.00
FBC	91	29.06	20.37	19.92	30.65	0.00	0.00
FBC	92	30.60	19.17	18.92	31.30	0.00	0.00
FBC	93	29.56	20.22	17.67	32.55	0.00	0.00
FBC	94	30.25	19.17	18.17	32.40	0.00	0.00
FBC	95	31.30	18.92	18.97	30.80	0.00	0.00
FBC	96	31.90	19.47	19.12	29.51	0.00	0.00
FBC	97	31.95	19.12	18.22	30.70	0.00	0.00
FBC	98	29.16	19.32	21.47	30.05	0.00	0.00
FBC	99	29.71	20.37	20.02	29.91	0.00	0.00
FBC	100	29.46	20.17	19.02	31.35	0.00	0.00
FBC	101	29.31	20.97	18.42	31.30	0.00	0.00
FBC	102	29.61	21.27	18.62	30.50	0.00	0.00
FBC	103	30.95	21.17	17.72	30.15	0.00	0.00
FBC	104	32.10	19.82	18.17	29.91	0.00	0.00
FBC	105	31.55	19.47	20.07	28.91	0.00	0.00
FBC	106	31.65	19.92	18.32	30.10	0.00	0.00
FBC	107	30.80	20.22	17.97	31.00	0.00	0.00
FBC	108	31.65	19.87	19.42	29.06	0.00	0.00
FBC	109	29.71	21.37	17.22	31.70	0.00	0.00
FBC	110	31.40	19.02	19.67	29.91	0.00	0.00
FBC	111	31.65	19.52	19.52	29.31	0.00	0.00
FBC	112	31.20	18.32	19.02	31.45	0.00	0.00
FBC	113	28.46	19.62	19.92	32.00	0.00	0.00
FBC	114	29.91	20.92	17.52	31.65	0.00	0.00
FBC	115	30.15	19.22	18.42	32.20	0.00	0.00
FBC	116	30.95	19.52	16.97	32.55	0.00	0.00
FBC	117	28.81	20.47	19.57	31.15	0.00	0.00
FBC	118	30.30	20.77	17.92	31.00	0.00	0.00
FBC	119	31.70	21.42	17.92	28.96	0.00	0.00
FBC	120	29.81	19.42	19.12	31.65	0.00	0.00
FBC	121	29.86	19.57	19.67	30.90	0.00	0.00
FBC	122	30.95	21.52	19.52	28.01	0.00	0.00
FBC	123	31.65	21.57	17.47	29.31	0.00	0.00
FBC	124	30.30	20.02	20.12	29.56	0.00	0.00
FBC	125	29.96	21.27	18.47	30.30	0.00	0.00
FBC	126	29.06	20.12	20.52	30.30	0.00	0.00
FBC	127	30.70	20.57	18.17	30.55	0.00	0.00
FBC	128	29.61	20.37	20.27	29.76	0.00	0.00
FBC	129	30.75	20.17	18.62	30.45	0.00	0.00
FBC	130	30.50	21.82	19.02	28.66	0.00	0.00
FBC	131	29.86	20.72	19.57	29.86	0.00	0.00
FBC	132	31.10	20.62	18.97	29.31	0.00	0.00
FBC	133	29.51	19.52	20.12	30.85	0.00	0.00
FBC	134	31.50	19.57	18.42	30.50	0.00	0.00
FBC	135	32.00	18.12	18.67	31.20	0.00	0.00
FBC	136	30.25	20.92	19.12	29.71	0.00	0.00
FBC	137	30.30	20.87	17.47	31.35	0.00	0.00
FBC	138	30.40	20.17	17.32	32.10	0.00	0.00
FBC	139	30.20	22.12	18.47	29.21	0.00	0.00
FBC	140	30.95	19.82	17.12	32.10	0.00	0.00
FBC	141	28.81	19.77	20.42	31.00	0.00	0.00
FBC	142	33.70	18.97	18.82	28.51	0.00	0.00
FBC	143	31.65	19.72	18.62	30.00	0.00	0.00
FBC	144	30.10	18.87	17.47	33.55	0.00	0.00
FBC	145	30.10	19.97	17.87	32.05	0.00	0.00
FBC	146	31.50	19.97	18.17	30.35	0.00	0.00
FBC	147	32.40	19.52	18.52	29.56	0.00	0.00
FBC	148	31.45	19.27	17.62	31.65	0.00	0.00
FBC	149	30.10	20.52	18.07	31.30	0.00	0.00
FBC	150	31.80	18.97	19.12	30.10	0.00	0.00
# ACGT raw counters for first fragments. Use `grep ^FTC | cut -f 2-` to extract this part. The columns are: A,C,G,T,N base counters
FTC	92270	59851	56409	91920	0
# ACGT content per cycle for last fragments. Use `grep ^LBC | cut -f 2-` to extract this part. The columns are: cycle; A,C,G,T base counts as a percentage of all A/C/G/T bases [%]; and N and O counts as a percentage of all A/C/G/T bases [%]
LBC	1	31.25	20.32	19.17	29.26	0.00	0.00
LBC	2	30.25	20.32	18.77	30.65	0.00	0.00
LBC	3	30.55	20.82	17.57	31.05	0.00	0.00
LBC	4	31.70	18.92	19.02	30.35	0.00	0.00
LBC	5	32.10	19.62	17.97	30.30	0.00	0.00
LBC	6	31.55	18.27	19.17	31.00	0.00	0.00
LBC	7	30.25	19.42	19.77	30.55	0.00	0.00
LBC	8	32.05	18.02	19.27	30.65	0.00	0.00
LBC	9	29.91	20.32	19.17	30.60	0.00	0.00
LBC	10	30.30	19.77	18.47	31.45	0.00	0.00
LBC	11	30.75	18.47	19.62	31.15	0.00	0.00
LBC	12	32.20	19.87	17.72	30.20	0.00	0.00
LBC	13	30.30	18.97	18.72	32.00	0.00	0.00
LBC	14	30.05	20.07	19.72	30.15	0.00	0.00
LBC	15	29.36	20.87	18.02	31.75	0.00	0.00
LBC	16	30.65	18.97	19.52	30.85	0.00	0.00
LBC	17	31.30	21.37	18.47	28.86	0.00	0.00
LBC	18	31.65	18.92	19.42	30.00	0.00	0.00
LBC	19	30.50	19.37	17.57	32.55	0.00	0.00
LBC	20	30.75	19.17	19.07	31.00	0.00	0.00
LBC	21	30.40	19.72	18.82	31.05	0.00	0.00
LBC	22	29.26	19.37	19.02	32.35	0.00	0.00
LBC	23	30.10	21.07	19.62	29.21	0.00	0.00
LBC	24	31.10	20.12	18.47	30.30	0.00	0.00
LBC	25	30.10	17.07	19.57	33.25	0.00	0.00
LBC	26	32.70	19.07	19.77	28.46	0.00	0.00
LBC	27	30.75	21.67	18.97	28.61	0.00	0.00
LBC	28	31.60	17.52	19.87	31.00	0.00	0.00
LBC	29	30.45	20.77	18.67	30.10	0.00	0.00
LBC	30	30.25	19.42	18.32	32.00	0.00	0.00
LBC	31	30.90	19.92	19.17	30.00	0.00	0.00
LBC	32	28.86	20.07	19.22	31.85	0.00	0.00
LBC	33	31.20	19.82	17.92	31.05	0.00	0.00
LBC	34	30.60	20.32	19.32	29.76	0.00	0.00
LBC	35	28.71	20.27	19.32	31.70	0.00	0.00
LBC	36	29.21	19.47	19.92	31.40	0.00	0.00
LBC	37	29.51	18.22	19.72	32.55	0.00	0.00
LBC	38	28.46	20.22	18.87	32.45	0.00	0.00
LBC	39	30.80	17.77	19.67	31.75	0.00	0.00
LBC	40	31.65	19.52	18.82	30.00	0.00	0.00
LBC	41	28.76	19.62	19.62	32.00	0.00	0.00
LBC	42	30.80	19.72	18.47	31.00	0.00	0.00
LBC	43	29.01	21.02	18.52	31.45	0.00	0.00
LBC	44	29.51	19.62	17.67	33.20	0.00	0.00
LBC	45	30.30	20.07	18.72	30.90	0.00	0.00
LBC	46	30.85	18.47	18.92	31.75	0.00	0.00
LBC	47	31.10	19.62	19.72	29.56	0.00	0.00
LBC	48	31.80	19.67	18.32	30.20	0.00	0.00
LBC	49	30.70	19.82	18.82	30.65	0.00	0.00
LBC	50	31.00	20.52	17.92	30.55	0.00	0.00
LBC	51	31.05	19.67	18.77	30.50	0.00	0.00
LBC	52	29.41	18.27	19.67	32.65	0.00	0.00
LBC	53	30.00	19.87	18.97	31.15	0.00	0.00
LBC	54	30.40	21.12	18.32	30.15	0.00	0.00
LBC	55	30.95	20.07	18.32	30.65	0.00	0.00
LBC	56	30.30	20.32	18.57	30.80	0.00	0.00
LBC	57	30.45	21.97	17.97	29.61	0.00	0.00
LBC	58	30.00	19.07	20.12	30.80	0.00	0.00
LBC	59	31.65	20.17	18.02	30.15	0.00	0.00
LBC	60	33.00	19.12	19.42	28.46	0.00	0.00
LBC	61	31.40	20.02	19.97	28.61	0.00	0.00
LBC	62	32.55	18.02	20.07	29.36	0.00	0.00
LBC	63	30.95	19.47	20.12	29.46	0.00	0.00
LBC	64	31.00	20.87	19.87	28.26	0.00	0.00
LBC	65	32.30	20.07	17.87	29.76	0.00	0.00
LBC	66	28.81	21.62	18.27	31.30	0.00	0.00
LBC	67	30.70	19.77	17.67	31.85	0.00	0.00
LBC	68	29.91	19.97	19.22	30.90	0.00	0.00
LBC	69	29.91	21.07	17.12	31.90	0.00	0.00
LBC	70	31.25	20.87	17.97	29.91	0.00	0.00
LBC	71	29.81	21.07	18.62	30.50	0.00	0.00
LBC	72	30.50	20.22	18.32	30.95	0.00	0.00
LBC	73	29.31	20.77	19.37	30.55	0.00	0.00
LBC	74	29.56	20.07	19.52	30.85	0.00	0.00
LBC	75	30.70	19.07	18.62	31.60	0.00	0.00
LBC	76	32.50	18.37	18.47	30.65	0.00	0.00
LBC	77	31.85	18.87	17.57	31.70	0.00	0.00
LBC	78	31.15	19.17	17.82	31.85	0.00	0.00
LBC	79	31.30	18.77	18.82	31.10	0.00	0.00
LBC	80	31.45	19.27	18.47	30.80	0.00	0.00
LBC	81	31.20	17.27	20.22	31.30	0.00	0.00
LBC	82	30.60	18.57	18.27	32.55	0.00	0.00
LBC	83	29.76	18.22	19.07	32.95	0.00	0.00
LBC	84	29.86	20.47	18.17	31.50	0.00	0.00
LBC	85	28.81	19.57	21.72	29.91	0.00	0.00
LBC	86	30.25	20.17	18.37	31.20	0.00	0.00
LBC	87	30.80	19.02	18.52	31.65	0.00	0.00
LBC	88	27.91	20.52	19.12	32.45	0.00	0.00
LBC	89	30.50	19.37	18.72	31.40	0.00	0.00
LBC	90	29.91	20.97	18.92	30.20	0.00	0.00
LBC	91	30.05	20.67	18.92	30.35	0.00	0.00
LBC	92	30.65	18.32	19.27	31.75	0.00	0.00
LBC	93	32.55	19.72	19.27	28.46	0.00	0.00
LBC	94	29.16	19.22	19.47	32.15	0.00	0.00
LBC	95	28.96	20.47	20.37	30.20	0.00	0.00
LBC	96	29.46	19.17	20.47	30.90	0.00	0.00
LBC	97	30.00	18.82	19.32	31.85	0.00	0.00
LBC	98	31.40	18.67	17.12	32.80	0.00	0.00
LBC	99	30.80	18.47	19.27	31.45	0.00	0.00
LBC	100	31.20	19.82	18.02	30.95	0.00	0.00
LBC	101	30.75	19.87	17.82	31.55	0.00	0.00
LBC	102	28.16	21.17	20.67	30.00	0.00	0.00
LBC	103	30.65	19.82	18.77	30.75	0.00	0.00
LBC	104	30.40	19.52	18.77	31.30	0.00	0.00
LBC	105	30.15	20.87	17.97	31.00	0.00	0.00
LBC	106	31.45	19.32	19.37	29.86	0.00	0.00
LBC	107	31.75	19.92	18.87	29.46	0.00	0.00
LBC	108	29.76	20.82	19.62	29.81	0.00	0.00
LBC	109	28.91	18.87	19.87	32.35	0.00	0.00
LBC	110	31.35	18.27	17.72	32.65	0.00	0.00
LBC	111	30.00	19.67	19.42	30.90	0.00	0.00
LBC	112	32.30	20.12	18.42	29.16	0.00	0.00
LBC	113	31.25	19.22	18.27	31.25	0.00	0.00
LBC	114	30.00	17.92	19.42	32.65	0.00	0.00
LBC	115	30.10	20.02	18.57	31.30	0.00	0.00
LBC	116	29.56	19.77	18.67	32.00	0.00	0.00
LBC	117	28.96	20.77	20.42	29.86	0.00	0.00
LBC	118	29.16	19.57	19.47	31.80	0.00	0.00
LBC	119	31.50	19.02	19.22	30.25	0.00	0.00
LBC	120	30.80	19.02	19.82	30.35	0.00	0.00
LBC	121	29.66	20.92	19.12	30.30	0.00	0.00
LBC	122	30.75	19.12	19.22	30.90	0.00	0.00
LBC	123	29.51	19.22	17.52	33.75	0.00	0.00
LBC	124	30.65	17.97	21.57	29.81	0.00	0.00
LBC	125	32.85	17.87	18.32	30.95	0.00	0.00
LBC	126	30.70	19.12	20.67	29.51	0.00	0.00
LBC	127	31.05	18.32	20.92	29.71	0.00	0.00
LBC	128	30.85	19.87	19.07	30.20	0.00	0.00
LBC	129	31.70	19.42	19.32	29.56	0.00	0.00
LBC	130	30.05	20.02	18.17	31.75	0.00	0.00
LBC	131	30.95	18.72	19.27	31.05	0.00	0.00
LBC	132	32.25	20.12	17.92	29.71	0.00	0.00
LBC	133	30.95	18.87	19.72	30.45	0.00	0.00
LBC	134	31.55	20.32	18.67	29.46	0.00	0.00
LBC	135	33.55	18.87	17.52	30.05	0.00	0.00
LBC	136	30.85	18.12	18.97	32.05	0.00	0.00
LBC	137	33.05	19.92	17.92	29.11	0.00	0.00
LBC	138	31.00	18.42	18.87	31.70	0.00	0.00
LBC	139	30.35	20.57	18.52	30.55	0.00	0.00
LBC	140	32.50	18.72	18.32	30.45	0.00	0.00
LBC	141	29.71	20.12	18.67	31.50	0.00	0.00
LBC	142	31.00	19.77	18.17	31.05	0.00	0.00
LBC	143	31.05	20.17	18.72	30.05	0.00	0.00
LBC	144	31.25	20.32	18.72	29.71	0.00	0.00
LBC	145	31.90	20.32	17.42	30.35	0.00	0.00
LBC	146	30.20	19.52	19.52	30.75	0.00	0.00
LBC	147	30.00	21.47	19.02	29.51	0.00	0.00
LBC	148	29.81	18.97	19.72	31.50	0.00	0.00
LBC	149	30.45	17.77	19.22	32.55	0.00	0.00
LBC	150	30.00	20.52	18.32	31.15	0.00	0.00
# ACGT raw counters for last fragments. Use `grep ^LTC | cut -f 2-` to extract this part. The columns are: A,C,G,T,N base counters
LTC	92001	58949	56864	92636	0
# Insert sizes. Use `grep ^IS | cut -f 2-` to extract this part. The columns are: insert size, pairs total, inward oriented pairs, outward oriented pairs, other pairs
IS	0	0	0	0	0
IS	1	0	0	0	0
IS	2	0	0	0	0
IS	3	0	0	0	0
IS	4	0	0	0	0
IS	5	0	0	0	0
IS	6	0	0	0	0
IS	7	0	0	0	0
IS	8	0	0	0	0
IS	9	0	0	0	0
IS	10	0	0	0	0
IS	11	0	0	0	0
IS	12	0	0	0	0
IS	13	0	0	0	0
IS	14	0	0	0	0
IS	15	0	0	0	0
IS	16	0	0	0	0
IS	17	0	0	0	0
IS	18	0	0	0	0
IS	19	0	0	0	0
IS	20	0	0	0	0
IS	21	0	0	0	0
IS	22	0	0	0	0
IS	23	0	0	0	0
IS	24	0	0	0	0
IS	25	0	0	0	0
IS	26	0	0	0	0
IS	27	0	0	0	0
IS	28	0	0	0	0
IS	29	0	0	0	0
IS	30	0	0	0	0
IS	31	0	0	0	0
IS	32	0	0	0	0
IS	33	0	0	0	0
IS	34	0	0	0	0
IS	35	0	0	0	0
IS	36	0	0	0	0
IS	37	0	0	0	0
IS	38	0	0	0	0
IS	39	0	0	0	0
IS	40	0	0	0	0
IS	41	0	0	0	0
IS	42	0	0	0	0
IS	43	0	0	0	0
IS	44	0	0	0	0
IS	45	0	0	0	0
IS	46	0	0	0	0
IS	47	0	0	0	0
IS	48	0	0	0	0
IS	49	0	0	0	0
IS	50	0	0	0	0
IS	51	0	0	0	0
IS	52	0	0	0	0
IS	53	0	0	0	0
IS	54	0	0	0	0
IS	55	0	0	0	0
IS	56	0	0	0	0
IS	57	0	0	0	0
IS	58	0	0	0	0
IS	59	0	0	0	0
IS	60	0	0	0	0
IS	61	0	0	0	0
IS	62	0	0	0	0
IS	63	0	0	0	0
IS	64	0	0	0	0
IS	65	0	0	0	0
IS	66	0	0	0	0
IS	67	0	0	0	0
IS	68	0	0	0	0
IS	69	0	0	0	0
IS	70	0	0	0	0
IS	71	0	0	0	0
IS	72	0	0	0	0
IS	73	0	0	0	0
IS	74	0	0	0	0
IS	75	0	0	0	0
IS	76	0	0	0	0
IS	77	0	0	0	0
IS	78	0	0	0	0
IS	79	0	0	0	0
IS	80	0	0	0	0
IS	81	0	0	0	0
IS	82	0	0	0	0
IS	83	0	0	0	0
IS	84	0	0	0	0
IS	85	0	0	0	0
IS	86	0	0	0	0
IS	87	0	0	0	0
IS	88	0	0	0	0
IS	89	0	0	0	0
IS	90	0	0	0	0
IS	91	0	0	0	0
IS	92	0	0	0	0
IS	93	0	0	0	0
IS	94	0	0	0	0
IS	95	0	0	0	0
IS	96	0	0	0	0
IS	97	0	0	0	0
IS	98	0	0	0	0
IS	99	0	0	0	0
IS	100	0	0	0	0
IS	101	0	0	0	0
IS	102	0	0	0	0
IS	103	0	0	0	0
IS	104	0	0	0	0
IS	105	0	0	0	0
IS	106	0	0	0	0
IS	107	0	0	0	0
IS	108	0	0	0	0
IS	109	0	0	0	0
IS	110	0	0	0	0
IS	111	0	0	0	0
IS	112	0	0	0	0
IS	113	0	0	0	0
IS	114	0	0	0	0
IS	115	0	0	0	0
IS	116	0	0	0	0
IS	117	0	0	0	0
IS	118	0	0	0	0
IS	119	0	0	0	0
IS	120	0	0	0	0
IS	121	0	0	0	0
IS	122	0	0	0	0
IS	123	0	0	0	0
IS	124	0	0	0	0
IS	125	0	0	0	0
IS	126	0	0	0	0
IS	127	0	0	0	0
IS	128	0	0	0	0
IS	129	0	0	0	0
IS	130	0	0	0	0
IS	131	0	0	0	0
IS	132	0	0	0	0
IS	133	0	0	0	0
IS	134	0	0	0	0
IS	135	0	0	0	0
IS	136	0	0	0	0
IS	137	0	0	0	0
IS	138	0	0	0	0
IS	139	0	0	0	0
IS	140	0	0	0	0
IS	141	0	0	0	0
IS	142	0	0	0	0
IS	143	0	0	0	0
IS	144	0	0	0	0
IS	145	0	0	0	0
IS	146	0	0	0	0
IS	147	0	0	0	0
IS	148	0	0	0	0
IS	149	0	0	0	0
IS	150	0	0	0	0
IS	151	0	0	0	0
IS	152	0	0	0	0
IS	153	0	0	0	0
IS	154	0	0	0	0
IS	155	0	0	0	0
IS	156	0	0	0	0
IS	157	0	0	0	0
IS	158	0	0	0	0
IS	159	0	0	0	0
IS	160	0	0	0	0
IS	161	0	0	0	0
IS	162	0	0	0	0
IS	163	0	0	0	0
IS	164	0	0	0	0
IS	165	0	0	0	0
IS	166	0	0	0	0
IS	167	0	0	0	0
IS	168	0	0	0	0
IS	169	0	0	0	0
IS	170	0	0	0	0
IS	171	0	0	0	0
IS	172	0	0	0	0
IS	173	0	0	0	0
IS	174	0	0	0	0
IS	175	0	0	0	0
IS	176	0	0	0	0
IS	177	0	0	0	0
IS	178	0	0	0	0
IS	179	0	0	0	0
IS	180	0	0	0	0
IS	181	0	0	0	0
IS	182	0	0	0	0
IS	183	0	0	0	0
IS	184	0	0	0	0
IS	185	0	0	0	0
IS	186	0	0	0	0
IS	187	0	0	0	0
IS	188	0	0	0	0
IS	189	0	0	0	0
IS	190	0	0	0	0
IS	191	0	0	0	0
IS	192	0	0	0	0
IS	193	0	0	0	0
IS	194	0	0	0	0
IS	195	0	0	0	0
IS	196	0	0	0	0
IS	197	0	0	0	0
IS	198	0	0	0	0
IS	199	0	0	0	0
IS	200	0	0	0	0
IS	201	0	0	0	0
IS	202	0	0	0	0
IS	203	0	0	0	0
IS	204	0	0	0	0
IS	205	0	0	0	0
IS	206	0	0	0	0
IS	207	0	0	0	0
IS	208	0	0	0	0
IS	209	0	0	0	0
IS	210	0	0	0	0
IS	211	0	0	0	0
IS	212	0	0	0	0
IS	213	0	0	0	0
IS	214	0	0	0	0
IS	215	0	0	0	0
IS	216	0	0	0	0
IS	217	0	0	0	0
IS	218	0	0	0	0
IS	219	0	0	0	0
IS	220	0	0	0	0
IS	221	0	0	0	0
IS	222	0	0	0	0
IS	223	0	0	0	0
IS	224	0	0	0	0
IS	225	0	0	0	0
IS	226	0	0	0	0
IS	227	0	0	0	0
IS	228	0	0	0	0
IS	229	0	0	0	0
IS	230	0	0	0	0
IS	231	0	0	0	0
IS	232	0	0	0	0
IS	233	0	0	0	0
IS	234	0	0	0	0
IS	235	0	0	0	0
IS	236	0	0	0	0
IS	237	0	0	0	0
IS	238	0	0	0	0
IS	239	0	0	0	0
IS	240	0	0	0	0
IS	241	0	0	0	0
IS	242	0	0	0	0
IS	243	0	0	0	0
IS	244	0	0	0	0
IS	245	0	0	0	0
IS	246	0	0	0	0
IS	247	0	0	0	0
IS	248	0	0	0	0
IS	249	0	0	0	0
IS	250	0	0	0	0
IS	251	0	0	0	0
IS	252	0	0	0	0
IS	253	0	0	0	0
IS	254	0	0	0	0
IS	255	0	0	0	0
IS	256	0	0	0	0
IS	257	0	0	0	0
IS	258	0	0	0	0
IS	259	0	0	0	0
IS	260	0	0	0	0
IS	261	0	0	0	0
IS	262	0	0	0	0
IS	263	0	0	0	0
IS	264	0	0	0	0
IS	265	0	0	0	0
IS	266	0	0	0	0
IS	267	0	0	0	0
IS	268	0	0	0	0
IS	269	0	0	0	0
IS	270	0	0	0	0
IS	271	0	0	0	0
IS	272	0	0	0	0
IS	273	0	0	0	0
IS	274	0	0	0	0
IS	275	0	0	0	0
IS	276	0	0	0	0
IS	277	0	0	0	0
IS	278	0	0	0	0
IS	279	0	0	0	0
IS	280	0	0	0	0
IS	281	0	0	0	0
IS	282	0	0	0	0
IS	283	0	0	0	0
IS	284	0	0	0	0
IS	285	0	0	0	0
IS	286	0	0	0	0
IS	287	0	0	0	0
IS	288	0	0	0	0
IS	289	0	0	0	0
IS	290	0	0	0	0
IS	291	0	0	0	0
IS	292	0	0	0	0
IS	293	0	0	0	0
IS	294	0	0	0	0
IS	295	0	0	0	0
IS	296	0	0	0	0
IS	297	0	0	0	0
IS	298	0	0	0	0
IS	299	0	0	0	0
IS	300	0	0	0	0
IS	301	0	0	0	0
IS	302	0	0	0	0
IS	303	0	0	0	0
IS	304	0	0	0	0
IS	305	0	0	0	0
IS	306	0	0	0	0
IS	307	0	0	0	0
IS	308	0	0	0	0
IS	309	0	0	0	0
IS	310	0	0	0	0
IS	311	0	0	0	0
IS	312	0	0	0	0
IS	313	0	0	0	0
IS	314	0	0	0	0
IS	315	0	0	0	0
IS	316	0	0	0	0
IS	317	0	0	0	0
IS	318	0	0	0	0
IS	319	0	0	0	0
IS	320	0	0	0	0
IS	321	0	0	0	0
IS	322	0	0	0	0
IS	323	0	0	0	0
IS	324	0	0	0	0
IS	325	0	0	0	0
IS	326	0	0	0	0
IS	327	0	0	0	0
IS	328	0	0	0	0
IS	329	0	0	0	0
IS	330	0	0	0	0
IS	331	0	0	0	0
IS	332	0	0	0	0
IS	333	0	0	0	0
IS	334	0	0	0	0
IS	335	0	0	0	0
IS	336	0	0	0	0
IS	337	0	0	0	0
IS	338	0	0	0	0
IS	339	0	0	0	0
IS	340	0	0	0	0
IS	341	0	0	0	0
IS	342	0	0	0	0
IS	343	0	0	0	0
IS	344	0	0	0	0
IS	345	0	0	0	0
IS	346	0	0	0	0
IS	347	0	0	0	0
IS	348	0	0	0	0
IS	349	0	0	0	0
IS	350	0	0	0	0
IS	351	1	1	0	0
IS	352	0	0	0	0
IS	353	0	0	0	0
IS	354	0	0	0	0
IS	355	0	0	0	0
IS	356	0	0	0	0
IS	357	0	0	0	0
IS	358	0	0	0	0
IS	359	1	1	0	0
IS	360	0	0	0	0
IS	361	0	0	0	0
IS	362	0	0	0	0
IS	363	0	0	0	0
IS	364	0	0	0	0
IS	365	1	1	0	0
IS	366	0	0	0	0
IS	367	1	1	0	0
IS	368	0	0	0	0
IS	369	1	1	0	0
IS	370	2	2	0	0
IS	371	2	2	0	0
IS	372	0	0	0	0
IS	373	1	1	0	0
IS	374	0	0	0	0
IS	375	2	2	0	0
IS	376	3	3	0	0
IS	377	0	0	0	0
IS	378	3	3	0	0
IS	379	0	0	0	0
IS	380	0	0	0	0
IS	381	0	0	0	0
IS	382	2	2	0	0
IS	383	0	0	0	0
IS	384	1	1	0	0
IS	385	0	0	0	0
IS	386	2	2	0	0
IS	387	0	0	0	0
IS	388	1	1	0	0
IS	389	2	2	0	0
IS	390	2	2	0	0
IS	391	0	0	0	0
IS	392	0	0	0	0
IS	393	2	2	0	0
IS	394	2	2	0	0
IS	395	2	2	0	0
IS	396	1	1	0	0
IS	397	1	1	0	0
IS	398	2	2	0	0
IS	399	1	1	0	0
IS	400	3	3	0	0
IS	401	2	2	0	0
IS	402	0	0	0	0
IS	403	1	1	0	0
IS	404	5	5	0	0
IS	405	3	3	0	0
IS	406	3	3	0	0
IS	407	1	1	0	0
IS	408	0	0	0	0
IS	409	3	3	0	0
IS	410	1	1	0	0
IS	411	3	3	0	0
IS	412	8	8	0	0
IS	413	2	2	0	0
IS	414	2	2	0	0
IS	415	2	2	0	0
IS	416	0	0	0	0
IS	417	4	4	0	0
IS	418	4	4	0	0
IS	419	3	3	0	0
IS	420	6	6	0	0
IS	421	5	5	0	0
IS	422	3	3	0	0
IS	423	3	3	0	0
IS	424	8	8	0	0
IS	425	2	2	0	0
IS	426	6	6	0	0
IS	427	7	7	0	0
IS	428	2	2	0	0
IS	429	7	7	0	0
IS	430	7	7	0	0
IS	431	8	8	0	0
IS	432	2	2	0	0
IS	433	6	6	0	0
IS	434	13	13	0	0
IS	435	3	3	0	0
IS	436	5	5	0	0
IS	437	2	2	0	0
IS	438	5	5	0	0
IS	439	5	5	0	0
IS	440	8	8	0	0
IS	441	10	10	0	0
IS	442	9	9	0	0
IS	443	9	9	0	0
IS	444	9	9	0	0
IS	445	7	7	0	0
IS	446	6	6	0	0
IS	447	8	8	0	0
IS	448	12	12	0	0
IS	449	11	11	0	0
IS	450	16	16	0	0
IS	451	21	21	0	0
IS	452	11	11	0	0
IS	453	14	14	0	0
IS	454	7	7	0	0
IS	455	7	7	0	0
IS	456	7	7	0	0
IS	457	14	14	0	0
IS	458	11	11	0	0
IS	459	15	15	0	0
IS	460	7	7	0	0
IS	461	10	10	0	0
IS	462	19	19	0	0
IS	463	14	14	0	0
IS	464	7	7	0	0
IS	465	9	9	0	0
IS	466	17	17	0	0
IS	467	12	12	0	0
IS	468	13	13	0	0
IS	469	15	15	0	0
IS	470	19	19	0	0
IS	471	14	14	0	0
IS	472	20	20	0	0
IS	473	21	21	0	0
IS	474	13	13	0	0
IS	475	17	17	0	0
IS	476	19	19	0	0
IS	477	18	18	0	0
IS	478	19	19	0	0
IS	479	16	16	0	0
IS	480	14	14	0	0
IS	481	7	7	0	0
IS	482	15	15	0	0
IS	483	12	12	0	0
IS	484	11	11	0	0
IS	485	15	15	0	0
IS	486	16	16	0	0
IS	487	18	18	0	0
IS	488	13	13	0	0
IS	489	21	21	0	0
IS	490	12	12	0	0
IS	491	17	17	0	0
IS	492	12	12	0	0
IS	493	14	14	0	0
IS	494	14	14	0	0
IS	495	25	25	0	0
IS	496	19	19	0	0
IS	497	16	16	0	0
IS	498	12	12	0	0
IS	499	18	18	0	0
IS	500	27	27	0	0
IS	501	25	25	0	0
IS	502	15	15	0	0
IS	503	18	18	0	0
IS	504	23	23	0	0
IS	505	20	20	0	0
IS	506	25	25	0	0
IS	507	13	13	0	0
IS	508	12	12	0	0
IS	509	14	14	0	0
IS	510	23	23	0	0
IS	511	16	16	0	0
IS	512	18	18	0	0
IS	513	17	17	0	0
IS	514	10	10	0	0
IS	515	20	20	0	0
IS	516	15	15	0	0
IS	517	18	18	0	0
IS	518	22	22	0	0
IS	519	9	9	0	0
IS	520	14	14	0	0
IS	521	11	11	0	0
IS	522	18	18	0	0
IS	523	18	18	0	0
IS	524	5	5	0	0
IS	525	11	11	0	0
IS	526	9	9	0	0
IS	527	14	14	0	0
IS	528	13	13	0	0
IS	529	4	4	0	0
IS	530	9	9	0	0
IS	531	5	5	0	0
IS	532	13	13	0	0
IS	533	9	9	0	0
IS	534	11	11	0	0
IS	535	11	11	0	0
IS	536	9	9	0	0
IS	537	10	10	0	0
IS	538	14	14	0	0
IS	539	11	11	0	0
IS	540	9	9	0	0
IS	541	11	11	0	0
IS	542	13	13	0	0
IS	543	14	14	0	0
IS	544	12	12	0	0
IS	545	11	11	0	0
IS	546	7	7	0	0
IS	547	10	10	0	0
IS	548	8	8	0	0
IS	549	8	8	0	0
IS	550	9	9	0	0
IS	551	16	16	0	0
IS	552	9	9	0	0
IS	553	10	10	0	0
IS	554	8	8	0	0
IS	555	6	6	0	0
IS	556	5	5	0	0
IS	557	8	8	0	0
IS	558	9	9	0	0
IS	559	10	10	0	0
IS	560	9	9	0	0
IS	561	7	7	0	0
IS	562	8	8	0	0
IS	563	8	8	0	0
IS	564	5	5	0	0
IS	565	4	4	0	0
IS	566	8	8	0	0
IS	567	4	4	0	0
IS	568	7	7	0	0
IS	569	3	3	0	0
IS	570	5	5	0	0
IS	571	6	6	0	0
IS	572	8	8	0	0
IS	573	6	6	0	0
IS	574	4	4	0	0
IS	575	4	4	0	0
IS	576	7	7	0	0
IS	577	7	7	0	0
IS	578	5	5	0	0
IS	579	6	6	0	0
IS	580	5	5	0	0
IS	581	2	2	0	0
IS	582	5	5	0	0
IS	583	1	1	0	0
IS	584	5	5	0	0
IS	585	4	4	0	0
IS	586	7	7	0	0
IS	587	2	2	0	0
IS	588	4	4	0	0
IS	589	4	4	0	0
IS	590	2	2	0	0
IS	591	2	2	0	0
IS	592	4	4	0	0
IS	593	2	2	0	0
IS	594	2	2	0	0
IS	595	2	2	0	0
IS	596	2	2	0	0
IS	597	2	2	0	0
IS	598	1	1	0	0
IS	599	0	0	0	0
IS	600	3	3	0	0
IS	601	5	5	0	0
IS	602	3	3	0	0
IS	603	1	1	0	0
IS	604	0	0	0	0
IS	605	1	1	0	0
IS	606	2	2	0	0
IS	607	0	0	0	0
IS	608	1	1	0	0
IS	609	0	0	0	0
IS	610	2	2	0	0
IS	611	1	1	0	0
IS	612	0	0	0	0
IS	613	2	2	0	0
IS	614	1	1	0	0
IS	615	1	1	0	0
IS	616	0	0	0	0
IS	617	2	2	0	0
IS	618	0	0	0	0
IS	619	1	1	0	0
# Read lengths. Use `grep ^RL | cut -f 2-` to extract this part. The columns are: read length, count
RL	150	4006
# Read lengths - first fragments. Use `grep ^FRL | cut -f 2-` to extract this part. The columns are: read length, count
FRL	150	2003
# Read lengths - last fragments. Use `grep ^LRL | cut -f 2-` to extract this part. The columns are: read length, count
LRL	150	2003
# Mapping qualities for reads !(UNMAP|SECOND|SUPPL|QCFAIL|DUP). Use `grep ^MAPQ | cut -f 2-` to extract this part. The columns are: mapq, count
MAPQ	0	6
MAPQ	27	12
MAPQ	33	1
MAPQ	39	4
MAPQ	40	31
MAPQ	43	2
MAPQ	45	2
MAPQ	46	1
MAPQ	47	1
MAPQ	48	55
MAPQ	50	1
MAPQ	51	1
MAPQ	52	2
MAPQ	57	12
MAPQ	59	3
MAPQ	60	3872
# Indel distribution. Use `grep ^ID | cut -f 2-` to extract this part. The columns are: length, number of insertions, number of deletions
# Indels per cycle. Use `grep ^IC | cut -f 2-` to extract this part. The columns are: cycle, number of insertions (fwd), .. (rev) , number of deletions (fwd), .. (rev)
# Coverage distribution. Use `grep ^COV | cut -f 2-` to extract this part.
COV	[1-1]	1	6117
COV	[2-2]	2	10695
COV	[3-3]	3	14133
COV	[4-4]	4	18404
COV	[5-5]	5	18663
COV	[6-6]	6	16037
COV	[7-7]	7	13119
COV	[8-8]	8	8327
COV	[9-9]	9	5299
COV	[10-10]	10	3042
COV	[11-11]	11	1571
COV	[12-12]	12	585
COV	[13-13]	13	284
COV	[14-14]	14	177
COV	[15-15]	15	54
# GC-depth. Use `grep ^GCD | cut -f 2-` to extract this part. The columns are: GC%, unique sequence percentiles, 10th, 25th, 50th, 75th and 90th depth percentile
GCD	0.0	15.385	0.000	0.000	0.000	0.000	0.000
GCD	36.0	23.077	2.505	2.505	2.505	2.505	2.505
GCD	37.0	30.769	2.490	2.490	2.490	2.490	2.490
GCD	38.0	53.846	2.505	2.505	2.505	2.505	2.505
GCD	39.0	76.923	2.505	2.505	2.505	2.505	2.505
GCD	40.0	92.308	2.505	2.505	2.505	2.505	2.505
GCD	46.0	100.000	2.505	2.505	2.505	2.505	2.505
