# This file was produced by samtools stats (1.20+htslib-1.21) and can be plotted using plot-bamstats
# This file contains statistics for all reads.
# The command line was:  stats sample3830.sorted.bam
# CHK, Checksum	[2]Read Names	[3]Sequences	[4]Qualities
# CHK, CRC32 of reads which passed filtering followed by addition (32bit overflow)
CHK	ceea44d2	96586285	f1f23d24
# Summary Numbers. Use `grep ^SN | cut -f 2-` to extract this part.
SN	raw total sequences:	4006	# excluding supplementary and secondary reads
SN	filtered sequences:	0
SN	sequences:	4006
SN	is sorted:	1
SN	1st fragments:	2003
SN	last fragments:	2003
SN	reads mapped:	4006
SN	reads mapped and paired:	4006	# paired-end technology bit set + both mates mapped
SN	reads unmapped:	0
SN	reads properly paired:	4006	# proper-pair bit set
SN	reads paired:	4006	# paired-end technology bit set
SN	reads duplicated:	0	# PCR or optical duplicate bit set
SN	reads MQ0:	14	# mapped and MQ=0
SN	reads QC failed:	0
SN	non-primary alignments:	0
SN	supplementary alignments:	0
SN	total length:	600900	# ignores clipping
SN	total first fragment length:	300450	# ignores clipping
SN	total last fragment length:	300450	# ignores clipping
SN	bases mapped:	600900	# ignores clipping
SN	bases mapped (cigar):	600900	# more accurate
SN	bases trimmed:	0
SN	bases duplicated:	0
SN	mismatches:	1090	# from NM fields
SN	error rate:	1.813946e-03	# mismatches / bases mapped (cigar)
SN	average length:	150
SN	average first fragment length:	150
SN	average last fragment length:	150
SN	maximum length:	150
SN	maximum first fragment length:	150
SN	maximum last fragment length:	150
SN	average quality:	30.0
SN	insert size average:	499.5
SN	insert size standard deviation:	48.6
SN	inward oriented pairs:	2003
SN	outward oriented pairs:	0
SN	pairs with other orientation:	0
SN	pairs on different chromosomes:	0
SN	percentage of properly paired reads (%):	100.0
# First Fragment Qualities. Use `grep ^FFQ | cut -f 2-` to extract this part.
# Columns correspond to qualities and rows to cycles. First column is the cycle number.
FFQ	1	0	0	0	0	0	0	0	0	0	0	0	0	0	0	0	0	0	0	0	0	0	0	0	0	0	0	0	0	0	0	2003	0
FFQ	2	0	0	0	0	0	0	0	0	0	0	0	0	0	0	0	0	0	0	0	0	0	0	0	0	0	0	0	0	0	0	2003	0
FFQ	3	0	0	0	0	0	0	0	0	0	0	0	0	0	0	0	0	0	0	0	0	0	0	0	0	0	0	0	0	0	0	2003	0
FFQ	4	0	0	0	0	0	0	0	0	0	0	0	0	0	0	0	0	0	0	0	0	0	0	0	0	0	0	0	0	0	0	2003	0
FFQ	5	0	0	0	0	0	0	0	0	0	0	0	0	0	0	0	0	0	0	0	0	0	0	0	0	0	0	0	0	0	0	2003	0
FFQ	6	0	0	0	0	0	0	0	0	0	0	0	0	0	0	0	0	0	0	0	0	0	0	0	0	0	0	0	0	0	0	2003	0
FFQ	7	0	0	0	0	0	0	0	0	0	0	0	0	0	0	0	0	0	0	0	0	0	0	0	0	0	0	0	0	0	0	2003	0
FFQ	8	0	0	0	0	0	0	0	0	0	0	0	0	0	0	0	0	0	0	0	0	0	0	0	0	0	0	0	0	0	0	2003	0
FFQ	9	0	0	0	0	0	0	0	0	0	0	0	0	0	0	0	0	0	0	0	0	0	0	0	0	0	0	0	0	0	0	2003	0
FFQ	10	0	0	0	0	0	0	0	0	0	0	0	0	0	0	0	0	0	0	0	0	0	0	0	0	0	0	0	0	0	0	2003	0
FFQ	11	0	0	0	0	0	0	0	0	0	0	0	0	0	0	0	0	0	0	0	0	0	0	0	0	0	0	0	0	0	0	2003	0
FFQ	12	0	0	0	0	0	0	0	0	0	0	0	0	0	0	0	0	0	0	0	0	0	0	0	0	0	0	0	0	0	0	2003	0
FFQ	13	0	0	0	0	0	0	0	0	0	0	0	0	0	0	0	0	0	0	0	0	0	0	0	0	0	0	0	0	0	0	2003	0
FFQ	14	0	0	0	0	0	0	0	0	0	0	0	0	0	0	0	0	0	0	0	0	0	0	0	0	0	0	0	0	0	0	2003	0
FFQ	15	0	0	0	0	0	0	0	0	0	0	0	0	0	0	0	0	0	0	0	0	0	0	0	0	0	0	0	0	0	0	2003	0
FFQ	16	0	0	0	0	0	0	0	0	0	0	0	0	0	0	0	0	0	0	0	0	0	0	0	0	0	0	0	0	0	0	2003	0
FFQ	17	0	0	0	0	0	0	0	0	0	0	0	0	0	0	0	0	0	0	0	0	0	0	0	0	0	0	0	0	0	0	2003	0
FFQ	18	0	0	0	0	0	0	0	0	0	0	0	0	0	0	0	0	0	0	0	0	0	0	0	0	0	0	0	0	0	0	2003	0
FFQ	19	0	0	0	0	0	0	0	0	0	0	0	0	0	0	0	0	0	0	0	0	0	0	0	0	0	0	0	0	0	0	2003	0
FFQ	20	0	0	0	0	0	0	0	0	0	0	0	0	0	0	0	0	0	0	0	0	0	0	0	0	0	0	0	0	0	0	2003	0
FFQ	21	0	0	0	0	0	0	0	0	0	0	0	0	0	0	0	0	0	0	0	0	0	0	0	0	0	0	0	0	0	0	2003	0
FFQ	22	0	0	0	0	0	0	0	0	0	0	0	0	0	0	0	0	0	0	0	0	0	0	0	0	0	0	0	0	0	0	2003	0
FFQ	23	0	0	0	0	0	0	0	0	0	0	0	0	0	0	0	0	0	0	0	0	0	0	0	0	0	0	0	0	0	0	2003	0
FFQ	24	0	0	0	0	0	0	0	0	0	0	0	0	0	0	0	0	0	0	0	0	0	0	0	0	0	0	0	0	0	0	2003	0
FFQ	25	0	0	0	0	0	0	0	0	0	0	0	0	0	0	0	0	0	0	0	0	0	0	0	0	0	0	0	0	0	0	2003	0
FFQ	26	0	0	0	0	0	0	0	0	0	0	0	0	0	0	0	0	0	0	0	0	0	0	0	0	0	0	0	0	0	0	2003	0
FFQ	27	0	0	0	0	0	0	0	0	0	0	0	0	0	0	0	0	0	0	0	0	0	0	0	0	0	0	0	0	0	0	2003	0
FFQ	28	0	0	0	0	0	0	0	0	0	0	0	0	0	0	0	0	0	0	0	0	0	0	0	0	0	0	0	0	0	0	2003	0
FFQ	29	0	0	0	0	0	0	0	0	0	0	0	0	0	0	0	0	0	0	0	0	0	0	0	0	0	0	0	0	0	0	2003	0
FFQ	30	0	0	0	0	0	0	0	0	0	0	0	0	0	0	0	0	0	0	0	0	0	0	0	0	0	0	0	0	0	0	2003	0
FFQ	31	0	0	0	0	0	0	0	0	0	0	0	0	0	0	0	0	0	0	0	0	0	0	0	0	0	0	0	0	0	0	2003	0
FFQ	32	0	0	0	0	0	0	0	0	0	0	0	0	0	0	0	0	0	0	0	0	0	0	0	0	0	0	0	0	0	0	2003	0
FFQ	33	0	0	0	0	0	0	0	0	0	0	0	0	0	0	0	0	0	0	0	0	0	0	0	0	0	0	0	0	0	0	2003	0
FFQ	34	0	0	0	0	0	0	0	0	0	0	0	0	0	0	0	0	0	0	0	0	0	0	0	0	0	0	0	0	0	0	2003	0
FFQ	35	0	0	0	0	0	0	0	0	0	0	0	0	0	0	0	0	0	0	0	0	0	0	0	0	0	0	0	0	0	0	2003	0
FFQ	36	0	0	0	0	0	0	0	0	0	0	0	0	0	0	0	0	0	0	0	0	0	0	0	0	0	0	0	0	0	0	2003	0
FFQ	37	0	0	0	0	0	0	0	0	0	0	0	0	0	0	0	0	0	0	0	0	0	0	0	0	0	0	0	0	0	0	2003	0
FFQ	38	0	0	0	0	0	0	0	0	0	0	0	0	0	0	0	0	0	0	0	0	0	0	0	0	0	0	0	0	0	0	2003	0
FFQ	39	0	0	0	0	0	0	0	0	0	0	0	0	0	0	0	0	0	0	0	0	0	0	0	0	0	0	0	0	0	0	2003	0
FFQ	40	0	0	0	0	0	0	0	0	0	0	0	0	0	0	0	0	0	0	0	0	0	0	0	0	0	0	0	0	0	0	2003	0
FFQ	41	0	0	0	0	0	0	0	0	0	0	0	0	0	0	0	0	0	0	0	0	0	0	0	0	0	0	0	0	0	0	2003	0
FFQ	42	0	0	0	0	0	0	0	0	0	0	0	0	0	0	0	0	0	0	0	0	0	0	0	0	0	0	0	0	0	0	2003	0
FFQ	43	0	0	0	0	0	0	0	0	0	0	0	0	0	0	0	0	0	0	0	0	0	0	0	0	0	0	0	0	0	0	2003	0
FFQ	44	0	0	0	0	0	0	0	0	0	0	0	0	0	0	0	0	0	0	0	0	0	0	0	0	0	0	0	0	0	0	2003	0
FFQ	45	0	0	0	0	0	0	0	0	0	0	0	0	0	0	0	0	0	0	0	0	0	0	0	0	0	0	0	0	0	0	2003	0
FFQ	46	0	0	0	0	0	0	0	0	0	0	0	0	0	0	0	0	0	0	0	0	0	0	0	0	0	0	0	0	0	0	2003	0
FFQ	47	0	0	0	0	0	0	0	0	0	0	0	0	0	0	0	0	0	0	0	0	0	0	0	0	0	0	0	0	0	0	2003	0
FFQ	48	0	0	0	0	0	0	0	0	0	0	0	0	0	0	0	0	0	0	0	0	0	0	0	0	0	0	0	0	0	0	2003	0
FFQ	49	0	0	0	0	0	0	0	0	0	0	0	0	0	0	0	0	0	0	0	0	0	0	0	0	0	0	0	0	0	0	2003	0
FFQ	50	0	0	0	0	0	0	0	0	0	0	0	0	0	0	0	0	0	0	0	0	0	0	0	0	0	0	0	0	0	0	2003	0
FFQ	51	0	0	0	0	0	0	0	0	0	0	0	0	0	0	0	0	0	0	0	0	0	0	0	0	0	0	0	0	0	0	2003	0
FFQ	52	0	0	0	0	0	0	0	0	0	0	0	0	0	0	0	0	0	0	0	0	0	0	0	0	0	0	0	0	0	0	2003	0
FFQ	53	0	0	0	0	0	0	0	0	0	0	0	0	0	0	0	0	0	0	0	0	0	0	0	0	0	0	0	0	0	0	2003	0
FFQ	54	0	0	0	0	0	0	0	0	0	0	0	0	0	0	0	0	0	0	0	0	0	0	0	0	0	0	0	0	0	0	2003	0
FFQ	55	0	0	0	0	0	0	0	0	0	0	0	0	0	0	0	0	0	0	0	0	0	0	0	0	0	0	0	0	0	0	2003	0
FFQ	56	0	0	0	0	0	0	0	0	0	0	0	0	0	0	0	0	0	0	0	0	0	0	0	0	0	0	0	0	0	0	2003	0
FFQ	57	0	0	0	0	0	0	0	0	0	0	0	0	0	0	0	0	0	0	0	0	0	0	0	0	0	0	0	0	0	0	2003	0
FFQ	58	0	0	0	0	0	0	0	0	0	0	0	0	0	0	0	0	0	0	0	0	0	0	0	0	0	0	0	0	0	0	2003	0
FFQ	59	0	0	0	0	0	0	0	0	0	0	0	0	0	0	0	0	0	0	0	0	0	0	0	0	0	0	0	0	0	0	2003	0
FFQ	60	0	0	0	0	0	0	0	0	0	0	0	0	0	0	0	0	0	0	0	0	0	0	0	0	0	0	0	0	0	0	2003	0
FFQ	61	0	0	0	0	0	0	0	0	0	0	0	0	0	0	0	0	0	0	0	0	0	0	0	0	0	0	0	0	0	0	2003	0
FFQ	62	0	0	0	0	0	0	0	0	0	0	0	0	0	0	0	0	0	0	0	0	0	0	0	0	0	0	0	0	0	0	2003	0
FFQ	63	0	0	0	0	0	0	0	0	0	0	0	0	0	0	0	0	0	0	0	0	0	0	0	0	0	0	0	0	0	0	2003	0
FFQ	64	0	0	0	0	0	0	0	0	0	0	0	0	0	0	0	0	0	0	0	0	0	0	0	0	0	0	0	0	0	0	2003	0
FFQ	65	0	0	0	0	0	0	0	0	0	0	0	0	0	0	0	0	0	0	0	0	0	0	0	0	0	0	0	0	0	0	2003	0
FFQ	66	0	0	0	0	0	0	0	0	0	0	0	0	0	0	0	0	0	0	0	0	0	0	0	0	0	0	0	0	0	0	2003	0
FFQ	67	0	0	0	0	0	0	0	0	0	0	0	0	0	0	0	0	0	0	0	0	0	0	0	0	0	0	0	0	0	0	2003	0
FFQ	68	0	0	0	0	0	0	0	0	0	0	0	0	0	0	0	0	0	0	0	0	0	0	0	0	0	0	0	0	0	0	2003	0
FFQ	69	0	0	0	0	0	0	0	0	0	0	0	0	0	0	0	0	0	0	0	0	0	0	0	0	0	0	0	0	0	0	2003	0
FFQ	70	0	0	0	0	0	0	0	0	0	0	0	0	0	0	0	0	0	0	0	0	0	0	0	0	0	0	0	0	0	0	2003	0
FFQ	71	0	0	0	0	0	0	0	0	0	0	0	0	0	0	0	0	0	0	0	0	0	0	0	0	0	0	0	0	0	0	2003	0
FFQ	72	0	0	0	0	0	0	0	0	0	0	0	0	0	0	0	0	0	0	0	0	0	0	0	0	0	0	0	0	0	0	2003	0
FFQ	73	0	0	0	0	0	0	0	0	0	0	0	0	0	0	0	0	0	0	0	0	0	0	0	0	0	0	0	0	0	0	2003	0
FFQ	74	0	0	0	0	0	0	0	0	0	0	0	0	0	0	0	0	0	0	0	0	0	0	0	0	0	0	0	0	0	0	2003	0
FFQ	75	0	0	0	0	0	0	0	0	0	0	0	0	0	0	0	0	0	0	0	0	0	0	0	0	0	0	0	0	0	0	2003	0
FFQ	76	0	0	0	0	0	0	0	0	0	0	0	0	0	0	0	0	0	0	0	0	0	0	0	0	0	0	0	0	0	0	2003	0
FFQ	77	0	0	0	0	0	0	0	0	0	0	0	0	0	0	0	0	0	0	0	0	0	0	0	0	0	0	0	0	0	0	2003	0
FFQ	78	0	0	0	0	0	0	0	0	0	0	0	0	0	0	0	0	0	0	0	0	0	0	0	0	0	0	0	0	0	0	2003	0
FFQ	79	0	0	0	0	0	0	0	0	0	0	0	0	0	0	0	0	0	0	0	0	0	0	0	0	0	0	0	0	0	0	2003	0
FFQ	80	0	0	0	0	0	0	0	0	0	0	0	0	0	0	0	0	0	0	0	0	0	0	0	0	0	0	0	0	0	0	2003	0
FFQ	81	0	0	0	0	0	0	0	0	0	0	0	0	0	0	0	0	0	0	0	0	0	0	0	0	0	0	0	0	0	0	2003	0
FFQ	82	0	0	0	0	0	0	0	0	0	0	0	0	0	0	0	0	0	0	0	0	0	0	0	0	0	0	0	0	0	0	2003	0
FFQ	83	0	0	0	0	0	0	0	0	0	0	0	0	0	0	0	0	0	0	0	0	0	0	0	0	0	0	0	0	0	0	2003	0
FFQ	84	0	0	0	0	0	0	0	0	0	0	0	0	0	0	0	0	0	0	0	0	0	0	0	0	0	0	0	0	0	0	2003	0
FFQ	85	0	0	0	0	0	0	0	0	0	0	0	0	0	0	0	0	0	0	0	0	0	0	0	0	0	0	0	0	0	0	2003	0
FFQ	86	0	0	0	0	0	0	0	0	0	0	0	0	0	0	0	0	0	0	0	0	0	0	0	0	0	0	0	0	0	0	2003	0
FFQ	87	0	0	0	0	0	0	0	0	0	0	0	0	0	0	0	0	0	0	0	0	0	0	0	0	0	0	0	0	0	0	2003	0
FFQ	88	0	0	0	0	0	0	0	0	0	0	0	0	0	0	0	0	0	0	0	0	0	0	0	0	0	0	0	0	0	0	2003	0
FFQ	89	0	0	0	0	0	0	0	0	0	0	0	0	0	0	0	0	0	0	0	0	0	0	0	0	0	0	0	0	0	0	2003	0
FFQ	90	0	0	0	0	0	0	0	0	0	0	0	0	0	0	0	0	0	0	0	0	0	0	0	0	0	0	0	0	0	0	2003	0
FFQ	91	0	0	0	0	0	0	0	0	0	0	0	0	0	0	0	0	0	0	0	0	0	0	0	0	0	0	0	0	0	0	2003	0
FFQ	92	0	0	0	0	0	0	0	0	0	0	0	0	0	0	0	0	0	0	0	0	0	0	0	0	0	0	0	0	0	0	2003	0
FFQ	93	0	0	0	0	0	0	0	0	0	0	0	0	0	0	0	0	0	0	0	0	0	0	0	0	0	0	0	0	0	0	2003	0
FFQ	94	0	0	0	0	0	0	0	0	0	0	0	0	0	0	0	0	0	0	0	0	0	0	0	0	0	0	0	0	0	0	2003	0
FFQ	95	0	0	0	0	0	0	0	0	0	0	0	0	0	0	0	0	0	0	0	0	0	0	0	0	0	0	0	0	0	0	2003	0
FFQ	96	0	0	0	0	0	0	0	0	0	0	0	0	0	0	0	0	0	0	0	0	0	0	0	0	0	0	0	0	0	0	2003	0
FFQ	97	0	0	0	0	0	0	0	0	0	0	0	0	0	0	0	0	0	0	0	0	0	0	0	0	0	0	0	0	0	0	2003	0
FFQ	98	0	0	0	0	0	0	0	0	0	0	0	0	0	0	0	0	0	0	0	0	0	0	0	0	0	0	0	0	0	0	2003	0
FFQ	99	0	0	0	0	0	0	0	0	0	0	0	0	0	0	0	0	0	0	0	0	0	0	0	0	0	0	0	0	0	0	2003	0
FFQ	100	0	0	0	0	0	0	0	0	0	0	0	0	0	0	0	0	0	0	0	0	0	0	0	0	0	0	0	0	0	0	2003	0
FFQ	101	0	0	0	0	0	0	0	0	0	0	0	0	0	0	0	0	0	0	0	0	0	0	0	0	0	0	0	0	0	0	2003	0
FFQ	102	0	0	0	0	0	0	0	0	0	0	0	0	0	0	0	0	0	0	0	0	0	0	0	0	0	0	0	0	0	0	2003	0
FFQ	103	0	0	0	0	0	0	0	0	0	0	0	0	0	0	0	0	0	0	0	0	0	0	0	0	0	0	0	0	0	0	2003	0
FFQ	104	0	0	0	0	0	0	0	0	0	0	0	0	0	0	0	0	0	0	0	0	0	0	0	0	0	0	0	0	0	0	2003	0
FFQ	105	0	0	0	0	0	0	0	0	0	0	0	0	0	0	0	0	0	0	0	0	0	0	0	0	0	0	0	0	0	0	2003	0
FFQ	106	0	0	0	0	0	0	0	0	0	0	0	0	0	0	0	0	0	0	0	0	0	0	0	0	0	0	0	0	0	0	2003	0
FFQ	107	0	0	0	0	0	0	0	0	0	0	0	0	0	0	0	0	0	0	0	0	0	0	0	0	0	0	0	0	0	0	2003	0
FFQ	108	0	0	0	0	0	0	0	0	0	0	0	0	0	0	0	0	0	0	0	0	0	0	0	0	0	0	0	0	0	0	2003	0
FFQ	109	0	0	0	0	0	0	0	0	0	0	0	0	0	0	0	0	0	0	0	0	0	0	0	0	0	0	0	0	0	0	2003	0
FFQ	110	0	0	0	0	0	0	0	0	0	0	0	0	0	0	0	0	0	0	0	0	0	0	0	0	0	0	0	0	0	0	2003	0
FFQ	111	0	0	0	0	0	0	0	0	0	0	0	0	0	0	0	0	0	0	0	0	0	0	0	0	0	0	0	0	0	0	2003	0
FFQ	112	0	0	0	0	0	0	0	0	0	0	0	0	0	0	0	0	0	0	0	0	0	0	0	0	0	0	0	0	0	0	2003	0
FFQ	113	0	0	0	0	0	0	0	0	0	0	0	0	0	0	0	0	0	0	0	0	0	0	0	0	0	0	0	0	0	0	2003	0
FFQ	114	0	0	0	0	0	0	0	0	0	0	0	0	0	0	0	0	0	0	0	0	0	0	0	0	0	0	0	0	0	0	2003	0
FFQ	115	0	0	0	0	0	0	0	0	0	0	0	0	0	0	0	0	0	0	0	0	0	0	0	0	0	0	0	0	0	0	2003	0
FFQ	116	0	0	0	0	0	0	0	0	0	0	0	0	0	0	0	0	0	0	0	0	0	0	0	0	0	0	0	0	0	0	2003	0
FFQ	117	0	0	0	0	0	0	0	0	0	0	0	0	0	0	0	0	0	0	0	0	0	0	0	0	0	0	0	0	0	0	2003	0
FFQ	118	0	0	0	0	0	0	0	0	0	0	0	0	0	0	0	0	0	0	0	0	0	0	0	0	0	0	0	0	0	0	2003	0
FFQ	119	0	0	0	0	0	0	0	0	0	0	0	0	0	0	0	0	0	0	0	0	0	0	0	0	0	0	0	0	0	0	2003	0
FFQ	120	0	0	0	0	0	0	0	0	0	0	0	0	0	0	0	0	0	0	0	0	0	0	0	0	0	0	0	0	0	0	2003	0
FFQ	121	0	0	0	0	0	0	0	0	0	0	0	0	0	0	0	0	0	0	0	0	0	0	0	0	0	0	0	0	0	0	2003	0
FFQ	122	0	0	0	0	0	0	0	0	0	0	0	0	0	0	0	0	0	0	0	0	0	0	0	0	0	0	0	0	0	0	2003	0
FFQ	123	0	0	0	0	0	0	0	0	0	0	0	0	0	0	0	0	0	0	0	0	0	0	0	0	0	0	0	0	0	0	2003	0
FFQ	124	0	0	0	0	0	0	0	0	0	0	0	0	0	0	0	0	0	0	0	0	0	0	0	0	0	0	0	0	0	0	2003	0
FFQ	125	0	0	0	0	0	0	0	0	0	0	0	0	0	0	0	0	0	0	0	0	0	0	0	0	0	0	0	0	0	0	2003	0
FFQ	126	0	0	0	0	0	0	0	0	0	0	0	0	0	0	0	0	0	0	0	0	0	0	0	0	0	0	0	0	0	0	2003	0
FFQ	127	0	0	0	0	0	0	0	0	0	0	0	0	0	0	0	0	0	0	0	0	0	0	0	0	0	0	0	0	0	0	2003	0
FFQ	128	0	0	0	0	0	0	0	0	0	0	0	0	0	0	0	0	0	0	0	0	0	0	0	0	0	0	0	0	0	0	2003	0
FFQ	129	0	0	0	0	0	0	0	0	0	0	0	0	0	0	0	0	0	0	0	0	0	0	0	0	0	0	0	0	0	0	2003	0
FFQ	130	0	0	0	0	0	0	0	0	0	0	0	0	0	0	0	0	0	0	0	0	0	0	0	0	0	0	0	0	0	0	2003	0
FFQ	131	0	0	0	0	0	0	0	0	0	0	0	0	0	0	0	0	0	0	0	0	0	0	0	0	0	0	0	0	0	0	2003	0
FFQ	132	0	0	0	0	0	0	0	0	0	0	0	0	0	0	0	0	0	0	0	0	0	0	0	0	0	0	0	0	0	0	2003	0
FFQ	133	0	0	0	0	0	0	0	0	0	0	0	0	0	0	0	0	0	0	0	0	0	0	0	0	0	0	0	0	0	0	2003	0
FFQ	134	0	0	0	0	0	0	0	0	0	0	0	0	0	0	0	0	0	0	0	0	0	0	0	0	0	0	0	0	0	0	2003	0
FFQ	135	0	0	0	0	0	0	0	0	0	0	0	0	0	0	0	0	0	0	0	0	0	0	0	0	0	0	0	0	0	0	2003	0
FFQ	136	0	0	0	0	0	0	0	0	0	0	0	0	0	0	0	0	0	0	0	0	0	0	0	0	0	0	0	0	0	0	2003	0
FFQ	137	0	0	0	0	0	0	0	0	0	0	0	0	0	0	0	0	0	0	0	0	0	0	0	0	0	0	0	0	0	0	2003	0
FFQ	138	0	0	0	0	0	0	0	0	0	0	0	0	0	0	0	0	0	0	0	0	0	0	0	0	0	0	0	0	0	0	2003	0
FFQ	139	0	0	0	0	0	0	0	0	0	0	0	0	0	0	0	0	0	0	0	0	0	0	0	0	0	0	0	0	0	0	2003	0
FFQ	140	0	0	0	0	0	0	0	0	0	0	0	0	0	0	0	0	0	0	0	0	0	0	0	0	0	0	0	0	0	0	2003	0
FFQ	141	0	0	0	0	0	0	0	0	0	0	0	0	0	0	0	0	0	0	0	0	0	0	0	0	0	0	0	0	0	0	2003	0
FFQ	142	0	0	0	0	0	0	0	0	0	0	0	0	0	0	0	0	0	0	0	0	0	0	0	0	0	0	0	0	0	0	2003	0
FFQ	143	0	0	0	0	0	0	0	0	0	0	0	0	0	0	0	0	0	0	0	0	0	0	0	0	0	0	0	0	0	0	2003	0
FFQ	144	0	0	0	0	0	0	0	0	0	0	0	0	0	0	0	0	0	0	0	0	0	0	0	0	0	0	0	0	0	0	2003	0
FFQ	145	0	0	0	0	0	0	0	0	0	0	0	0	0	0	0	0	0	0	0	0	0	0	0	0	0	0	0	0	0	0	2003	0
FFQ	146	0	0	0	0	0	0	0	0	0	0	0	0	0	0	0	0	0	0	0	0	0	0	0	0	0	0	0	0	0	0	2003	0
FFQ	147	0	0	0	0	0	0	0	0	0	0	0	0	0	0	0	0	0	0	0	0	0	0	0	0	0	0	0	0	0	0	2003	0
FFQ	148	0	0	0	0	0	0	0	0	0	0	0	0	0	0	0	0	0	0	0	0	0	0	0	0	0	0	0	0	0	0	2003	0
FFQ	149	0	0	0	0	0	0	0	0	0	0	0	0	0	0	0	0	0	0	0	0	0	0	0	0	0	0	0	0	0	0	2003	0
FFQ	150	0	0	0	0	0	0	0	0	0	0	0	0	0	0	0	0	0	0	0	0	0	0	0	0	0	0	0	0	0	0	2003	0
# Last Fragment Qualities. Use `grep ^LFQ | cut -f 2-` to extract this part.
# Columns correspond to qualities and rows to cycles. First column is the cycle number.
LFQ	1	0	0	0	0	0	0	0	0	0	0	0	0	0	0	0	0	0	0	0	0	0	0	0	0	0	0	0	0	0	0	2003	0
LFQ	2	0	0	0	0	0	0	0	0	0	0	0	0	0	0	0	0	0	0	0	0	0	0	0	0	0	0	0	0	0	0	2003	0
LFQ	3	0	0	0	0	0	0	0	0	0	0	0	0	0	0	0	0	0	0	0	0	0	0	0	0	0	0	0	0	0	0	2003	0
LFQ	4	0	0	0	0	0	0	0	0	0	0	0	0	0	0	0	0	0	0	0	0	0	0	0	0	0	0	0	0	0	0	2003	0
LFQ	5	0	0	0	0	0	0	0	0	0	0	0	0	0	0	0	0	0	0	0	0	0	0	0	0	0	0	0	0	0	0	2003	0
LFQ	6	0	0	0	0	0	0	0	0	0	0	0	0	0	0	0	0	0	0	0	0	0	0	0	0	0	0	0	0	0	0	2003	0
LFQ	7	0	0	0	0	0	0	0	0	0	0	0	0	0	0	0	0	0	0	0	0	0	0	0	0	0	0	0	0	0	0	2003	0
LFQ	8	0	0	0	0	0	0	0	0	0	0	0	0	0	0	0	0	0	0	0	0	0	0	0	0	0	0	0	0	0	0	2003	0
LFQ	9	0	0	0	0	0	0	0	0	0	0	0	0	0	0	0	0	0	0	0	0	0	0	0	0	0	0	0	0	0	0	2003	0
LFQ	10	0	0	0	0	0	0	0	0	0	0	0	0	0	0	0	0	0	0	0	0	0	0	0	0	0	0	0	0	0	0	2003	0
LFQ	11	0	0	0	0	0	0	0	0	0	0	0	0	0	0	0	0	0	0	0	0	0	0	0	0	0	0	0	0	0	0	2003	0
LFQ	12	0	0	0	0	0	0	0	0	0	0	0	0	0	0	0	0	0	0	0	0	0	0	0	0	0	0	0	0	0	0	2003	0
LFQ	13	0	0	0	0	0	0	0	0	0	0	0	0	0	0	0	0	0	0	0	0	0	0	0	0	0	0	0	0	0	0	2003	0
LFQ	14	0	0	0	0	0	0	0	0	0	0	0	0	0	0	0	0	0	0	0	0	0	0	0	0	0	0	0	0	0	0	2003	0
LFQ	15	0	0	0	0	0	0	0	0	0	0	0	0	0	0	0	0	0	0	0	0	0	0	0	0	0	0	0	0	0	0	2003	0
LFQ	16	0	0	0	0	0	0	0	0	0	0	0	0	0	0	0	0	0	0	0	0	0	0	0	0	0	0	0	0	0	0	2003	0
LFQ	17	0	0	0	0	0	0	0	0	0	0	0	0	0	0	0	0	0	0	0	0	0	0	0	0	0	0	0	0	0	0	2003	0
LFQ	18	0	0	0	0	0	0	0	0	0	0	0	0	0	0	0	0	0	0	0	0	0	0	0	0	0	0	0	0	0	0	2003	0
LFQ	19	0	0	0	0	0	0	0	0	0	0	0	0	0	0	0	0	0	0	0	0	0	0	0	0	0	0	0	0	0	0	2003	0
LFQ	20	0	0	0	0	0	0	0	0	0	0	0	0	0	0	0	0	0	0	0	0	0	0	0	0	0	0	0	0	0	0	2003	0
LFQ	21	0	0	0	0	0	0	0	0	0	0	0	0	0	0	0	0	0	0	0	0	0	0	0	0	0	0	0	0	0	0	2003	0
LFQ	22	0	0	0	0	0	0	0	0	0	0	0	0	0	0	0	0	0	0	0	0	0	0	0	0	0	0	0	0	0	0	2003	0
LFQ	23	0	0	0	0	0	0	0	0	0	0	0	0	0	0	0	0	0	0	0	0	0	0	0	0	0	0	0	0	0	0	2003	0
LFQ	24	0	0	0	0	0	0	0	0	0	0	0	0	0	0	0	0	0	0	0	0	0	0	0	0	0	0	0	0	0	0	2003	0
LFQ	25	0	0	0	0	0	0	0	0	0	0	0	0	0	0	0	0	0	0	0	0	0	0	0	0	0	0	0	0	0	0	2003	0
LFQ	26	0	0	0	0	0	0	0	0	0	0	0	0	0	0	0	0	0	0	0	0	0	0	0	0	0	0	0	0	0	0	2003	0
LFQ	27	0	0	0	0	0	0	0	0	0	0	0	0	0	0	0	0	0	0	0	0	0	0	0	0	0	0	0	0	0	0	2003	0
LFQ	28	0	0	0	0	0	0	0	0	0	0	0	0	0	0	0	0	0	0	0	0	0	0	0	0	0	0	0	0	0	0	2003	0
LFQ	29	0	0	0	0	0	0	0	0	0	0	0	0	0	0	0	0	0	0	0	0	0	0	0	0	0	0	0	0	0	0	2003	0
LFQ	30	0	0	0	0	0	0	0	0	0	0	0	0	0	0	0	0	0	0	0	0	0	0	0	0	0	0	0	0	0	0	2003	0
LFQ	31	0	0	0	0	0	0	0	0	0	0	0	0	0	0	0	0	0	0	0	0	0	0	0	0	0	0	0	0	0	0	2003	0
LFQ	32	0	0	0	0	0	0	0	0	0	0	0	0	0	0	0	0	0	0	0	0	0	0	0	0	0	0	0	0	0	0	2003	0
LFQ	33	0	0	0	0	0	0	0	0	0	0	0	0	0	0	0	0	0	0	0	0	0	0	0	0	0	0	0	0	0	0	2003	0
LFQ	34	0	0	0	0	0	0	0	0	0	0	0	0	0	0	0	0	0	0	0	0	0	0	0	0	0	0	0	0	0	0	2003	0
LFQ	35	0	0	0	0	0	0	0	0	0	0	0	0	0	0	0	0	0	0	0	0	0	0	0	0	0	0	0	0	0	0	2003	0
LFQ	36	0	0	0	0	0	0	0	0	0	0	0	0	0	0	0	0	0	0	0	0	0	0	0	0	0	0	0	0	0	0	2003	0
LFQ	37	0	0	0	0	0	0	0	0	0	0	0	0	0	0	0	0	0	0	0	0	0	0	0	0	0	0	0	0	0	0	2003	0
LFQ	38	0	0	0	0	0	0	0	0	0	0	0	0	0	0	0	0	0	0	0	0	0	0	0	0	0	0	0	0	0	0	2003	0
LFQ	39	0	0	0	0	0	0	0	0	0	0	0	0	0	0	0	0	0	0	0	0	0	0	0	0	0	0	0	0	0	0	2003	0
LFQ	40	0	0	0	0	0	0	0	0	0	0	0	0	0	0	0	0	0	0	0	0	0	0	0	0	0	0	0	0	0	0	2003	0
LFQ	41	0	0	0	0	0	0	0	0	0	0	0	0	0	0	0	0	0	0	0	0	0	0	0	0	0	0	0	0	0	0	2003	0
LFQ	42	0	0	0	0	0	0	0	0	0	0	0	0	0	0	0	0	0	0	0	0	0	0	0	0	0	0	0	0	0	0	2003	0
LFQ	43	0	0	0	0	0	0	0	0	0	0	0	0	0	0	0	0	0	0	0	0	0	0	0	0	0	0	0	0	0	0	2003	0
LFQ	44	0	0	0	0	0	0	0	0	0	0	0	0	0	0	0	0	0	0	0	0	0	0	0	0	0	0	0	0	0	0	2003	0
LFQ	45	0	0	0	0	0	0	0	0	0	0	0	0	0	0	0	0	0	0	0	0	0	0	0	0	0	0	0	0	0	0	2003	0
LFQ	46	0	0	0	0	0	0	0	0	0	0	0	0	0	0	0	0	0	0	0	0	0	0	0	0	0	0	0	0	0	0	2003	0
LFQ	47	0	0	0	0	0	0	0	0	0	0	0	0	0	0	0	0	0	0	0	0	0	0	0	0	0	0	0	0	0	0	2003	0
LFQ	48	0	0	0	0	0	0	0	0	0	0	0	0	0	0	0	0	0	0	0	0	0	0	0	0	0	0	0	0	0	0	2003	0
LFQ	49	0	0	0	0	0	0	0	0	0	0	0	0	0	0	0	0	0	0	0	0	0	0	0	0	0	0	0	0	0	0	2003	0
LFQ	50	0	0	0	0	0	0	0	0	0	0	0	0	0	0	0	0	0	0	0	0	0	0	0	0	0	0	0	0	0	0	2003	0
LFQ	51	0	0	0	0	0	0	0	0	0	0	0	0	0	0	0	0	0	0	0	0	0	0	0	0	0	0	0	0	0	0	2003	0
LFQ	52	0	0	0	0	0	0	0	0	0	0	0	0	0	0	0	0	0	0	0	0	0	0	0	0	0	0	0	0	0	0	2003	0
LFQ	53	0	0	0	0	0	0	0	0	0	0	0	0	0	0	0	0	0	0	0	0	0	0	0	0	0	0	0	0	0	0	2003	0
LFQ	54	0	0	0	0	0	0	0	0	0	0	0	0	0	0	0	0	0	0	0	0	0	0	0	0	0	0	0	0	0	0	2003	0
LFQ	55	0	0	0	0	0	0	0	0	0	0	0	0	0	0	0	0	0	0	0	0	0	0	0	0	0	0	0	0	0	0	2003	0
LFQ	56	0	0	0	0	0	0	0	0	0	0	0	0	0	0	0	0	0	0	0	0	0	0	0	0	0	0	0	0	0	0	2003	0
LFQ	57	0	0	0	0	0	0	0	0	0	0	0	0	0	0	0	0	0	0	0	0	0	0	0	0	0	0	0	0	0	0	2003	0
LFQ	58	0	0	0	0	0	0	0	0	0	0	0	0	0	0	0	0	0	0	0	0	0	0	0	0	0	0	0	0	0	0	2003	0
LFQ	59	0	0	0	0	0	0	0	0	0	0	0	0	0	0	0	0	0	0	0	0	0	0	0	0	0	0	0	0	0	0	2003	0
LFQ	60	0	0	0	0	0	0	0	0	0	0	0	0	0	0	0	0	0	0	0	0	0	0	0	0	0	0	0	0	0	0	2003	0
LFQ	61	0	0	0	0	0	0	0	0	0	0	0	0	0	0	0	0	0	0	0	0	0	0	0	0	0	0	0	0	0	0	2003	0
LFQ	62	0	0	0	0	0	0	0	0	0	0	0	0	0	0	0	0	0	0	0	0	0	0	0	0	0	0	0	0	0	0	2003	0
LFQ	63	0	0	0	0	0	0	0	0	0	0	0	0	0	0	0	0	0	0	0	0	0	0	0	0	0	0	0	0	0	0	2003	0
LFQ	64	0	0	0	0	0	0	0	0	0	0	0	0	0	0	0	0	0	0	0	0	0	0	0	0	0	0	0	0	0	0	2003	0
LFQ	65	0	0	0	0	0	0	0	0	0	0	0	0	0	0	0	0	0	0	0	0	0	0	0	0	0	0	0	0	0	0	2003	0
LFQ	66	0	0	0	0	0	0	0	0	0	0	0	0	0	0	0	0	0	0	0	0	0	0	0	0	0	0	0	0	0	0	2003	0
LFQ	67	0	0	0	0	0	0	0	0	0	0	0	0	0	0	0	0	0	0	0	0	0	0	0	0	0	0	0	0	0	0	2003	0
LFQ	68	0	0	0	0	0	0	0	0	0	0	0	0	0	0	0	0	0	0	0	0	0	0	0	0	0	0	0	0	0	0	2003	0
LFQ	69	0	0	0	0	0	0	0	0	0	0	0	0	0	0	0	0	0	0	0	0	0	0	0	0	0	0	0	0	0	0	2003	0
LFQ	70	0	0	0	0	0	0	0	0	0	0	0	0	0	0	0	0	0	0	0	0	0	0	0	0	0	0	0	0	0	0	2003	0
LFQ	71	0	0	0	0	0	0	0	0	0	0	0	0	0	0	0	0	0	0	0	0	0	0	0	0	0	0	0	0	0	0	2003	0
LFQ	72	0	0	0	0	0	0	0	0	0	0	0	0	0	0	0	0	0	0	0	0	0	0	0	0	0	0	0	0	0	0	2003	0
LFQ	73	0	0	0	0	0	0	0	0	0	0	0	0	0	0	0	0	0	0	0	0	0	0	0	0	0	0	0	0	0	0	2003	0
LFQ	74	0	0	0	0	0	0	0	0	0	0	0	0	0	0	0	0	0	0	0	0	0	0	0	0	0	0	0	0	0	0	2003	0
LFQ	75	0	0	0	0	0	0	0	0	0	0	0	0	0	0	0	0	0	0	0	0	0	0	0	0	0	0	0	0	0	0	2003	0
LFQ	76	0	0	0	0	0	0	0	0	0	0	0	0	0	0	0	0	0	0	0	0	0	0	0	0	0	0	0	0	0	0	2003	0
LFQ	77	0	0	0	0	0	0	0	0	0	0	0	0	0	0	0	0	0	0	0	0	0	0	0	0	0	0	0	0	0	0	2003	0
LFQ	78	0	0	0	0	0	0	0	0	0	0	0	0	0	0	0	0	0	0	0	0	0	0	0	0	0	0	0	0	0	0	2003	0
LFQ	79	0	0	0	0	0	0	0	0	0	0	0	0	0	0	0	0	0	0	0	0	0	0	0	0	0	0	0	0	0	0	2003	0
LFQ	80	0	0	0	0	0	0	0	0	0	0	0	0	0	0	0	0	0	0	0	0	0	0	0	0	0	0	0	0	0	0	2003	0
LFQ	81	0	0	0	0	0	0	0	0	0	0	0	0	0	0	0	0	0	0	0	0	0	0	0	0	0	0	0	0	0	0	2003	0
LFQ	82	0	0	0	0	0	0	0	0	0	0	0	0	0	0	0	0	0	0	0	0	0	0	0	0	0	0	0	0	0	0	2003	0
LFQ	83	0	0	0	0	0	0	0	0	0	0	0	0	0	0	0	0	0	0	0	0	0	0	0	0	0	0	0	0	0	0	2003	0
LFQ	84	0	0	0	0	0	0	0	0	0	0	0	0	0	0	0	0	0	0	0	0	0	0	0	0	0	0	0	0	0	0	2003	0
LFQ	85	0	0	0	0	0	0	0	0	0	0	0	0	0	0	0	0	0	0	0	0	0	0	0	0	0	0	0	0	0	0	2003	0
LFQ	86	0	0	0	0	0	0	0	0	0	0	0	0	0	0	0	0	0	0	0	0	0	0	0	0	0	0	0	0	0	0	2003	0
LFQ	87	0	0	0	0	0	0	0	0	0	0	0	0	0	0	0	0	0	0	0	0	0	0	0	0	0	0	0	0	0	0	2003	0
LFQ	88	0	0	0	0	0	0	0	0	0	0	0	0	0	0	0	0	0	0	0	0	0	0	0	0	0	0	0	0	0	0	2003	0
LFQ	89	0	0	0	0	0	0	0	0	0	0	0	0	0	0	0	0	0	0	0	0	0	0	0	0	0	0	0	0	0	0	2003	0
LFQ	90	0	0	0	0	0	0	0	0	0	0	0	0	0	0	0	0	0	0	0	0	0	0	0	0	0	0	0	0	0	0	2003	0
LFQ	91	0	0	0	0	0	0	0	0	0	0	0	0	0	0	0	0	0	0	0	0	0	0	0	0	0	0	0	0	0	0	2003	0
LFQ	92	0	0	0	0	0	0	0	0	0	0	0	0	0	0	0	0	0	0	0	0	0	0	0	0	0	0	0	0	0	0	2003	0
LFQ	93	0	0	0	0	0	0	0	0	0	0	0	0	0	0	0	0	0	0	0	0	0	0	0	0	0	0	0	0	0	0	2003	0
LFQ	94	0	0	0	0	0	0	0	0	0	0	0	0	0	0	0	0	0	0	0	0	0	0	0	0	0	0	0	0	0	0	2003	0
LFQ	95	0	0	0	0	0	0	0	0	0	0	0	0	0	0	0	0	0	0	0	0	0	0	0	0	0	0	0	0	0	0	2003	0
LFQ	96	0	0	0	0	0	0	0	0	0	0	0	0	0	0	0	0	0	0	0	0	0	0	0	0	0	0	0	0	0	0	2003	0
LFQ	97	0	0	0	0	0	0	0	0	0	0	0	0	0	0	0	0	0	0	0	0	0	0	0	0	0	0	0	0	0	0	2003	0
LFQ	98	0	0	0	0	0	0	0	0	0	0	0	0	0	0	0	0	0	0	0	0	0	0	0	0	0	0	0	0	0	0	2003	0
LFQ	99	0	0	0	0	0	0	0	0	0	0	0	0	0	0	0	0	0	0	0	0	0	0	0	0	0	0	0	0	0	0	2003	0
LFQ	100	0	0	0	0	0	0	0	0	0	0	0	0	0	0	0	0	0	0	0	0	0	0	0	0	0	0	0	0	0	0	2003	0
LFQ	101	0	0	0	0	0	0	0	0	0	0	0	0	0	0	0	0	0	0	0	0	0	0	0	0	0	0	0	0	0	0	2003	0
LFQ	102	0	0	0	0	0	0	0	0	0	0	0	0	0	0	0	0	0	0	0	0	0	0	0	0	0	0	0	0	0	0	2003	0
LFQ	103	0	0	0	0	0	0	0	0	0	0	0	0	0	0	0	0	0	0	0	0	0	0	0	0	0	0	0	0	0	0	2003	0
LFQ	104	0	0	0	0	0	0	0	0	0	0	0	0	0	0	0	0	0	0	0	0	0	0	0	0	0	0	0	0	0	0	2003	0
LFQ	105	0	0	0	0	0	0	0	0	0	0	0	0	0	0	0	0	0	0	0	0	0	0	0	0	0	0	0	0	0	0	2003	0
LFQ	106	0	0	0	0	0	0	0	0	0	0	0	0	0	0	0	0	0	0	0	0	0	0	0	0	0	0	0	0	0	0	2003	0
LFQ	107	0	0	0	0	0	0	0	0	0	0	0	0	0	0	0	0	0	0	0	0	0	0	0	0	0	0	0	0	0	0	2003	0
LFQ	108	0	0	0	0	0	0	0	0	0	0	0	0	0	0	0	0	0	0	0	0	0	0	0	0	0	0	0	0	0	0	2003	0
LFQ	109	0	0	0	0	0	0	0	0	0	0	0	0	0	0	0	0	0	0	0	0	0	0	0	0	0	0	0	0	0	0	2003	0
LFQ	110	0	0	0	0	0	0	0	0	0	0	0	0	0	0	0	0	0	0	0	0	0	0	0	0	0	0	0	0	0	0	2003	0
LFQ	111	0	0	0	0	0	0	0	0	0	0	0	0	0	0	0	0	0	0	0	0	0	0	0	0	0	0	0	0	0	0	2003	0
LFQ	112	0	0	0	0	0	0	0	0	0	0	0	0	0	0	0	0	0	0	0	0	0	0	0	0	0	0	0	0	0	0	2003	0
LFQ	113	0	0	0	0	0	0	0	0	0	0	0	0	0	0	0	0	0	0	0	0	0	0	0	0	0	0	0	0	0	0	2003	0
LFQ	114	0	0	0	0	0	0	0	0	0	0	0	0	0	0	0	0	0	0	0	0	0	0	0	0	0	0	0	0	0	0	2003	0
LFQ	115	0	0	0	0	0	0	0	0	0	0	0	0	0	0	0	0	0	0	0	0	0	0	0	0	0	0	0	0	0	0	2003	0
LFQ	116	0	0	0	0	0	0	0	0	0	0	0	0	0	0	0	0	0	0	0	0	0	0	0	0	0	0	0	0	0	0	2003	0
LFQ	117	0	0	0	0	0	0	0	0	0	0	0	0	0	0	0	0	0	0	0	0	0	0	0	0	0	0	0	0	0	0	2003	0
LFQ	118	0	0	0	0	0	0	0	0	0	0	0	0	0	0	0	0	0	0	0	0	0	0	0	0	0	0	0	0	0	0	2003	0
LFQ	119	0	0	0	0	0	0	0	0	0	0	0	0	0	0	0	0	0	0	0	0	0	0	0	0	0	0	0	0	0	0	2003	0
LFQ	120	0	0	0	0	0	0	0	0	0	0	0	0	0	0	0	0	0	0	0	0	0	0	0	0	0	0	0	0	0	0	2003	0
LFQ	121	0	0	0	0	0	0	0	0	0	0	0	0	0	0	0	0	0	0	0	0	0	0	0	0	0	0	0	0	0	0	2003	0
LFQ	122	0	0	0	0	0	0	0	0	0	0	0	0	0	0	0	0	0	0	0	0	0	0	0	0	0	0	0	0	0	0	2003	0
LFQ	123	0	0	0	0	0	0	0	0	0	0	0	0	0	0	0	0	0	0	0	0	0	0	0	0	0	0	0	0	0	0	2003	0
LFQ	124	0	0	0	0	0	0	0	0	0	0	0	0	0	0	0	0	0	0	0	0	0	0	0	0	0	0	0	0	0	0	2003	0
LFQ	125	0	0	0	0	0	0	0	0	0	0	0	0	0	0	0	0	0	0	0	0	0	0	0	0	0	0	0	0	0	0	2003	0
LFQ	126	0	0	0	0	0	0	0	0	0	0	0	0	0	0	0	0	0	0	0	0	0	0	0	0	0	0	0	0	0	0	2003	0
LFQ	127	0	0	0	0	0	0	0	0	0	0	0	0	0	0	0	0	0	0	0	0	0	0	0	0	0	0	0	0	0	0	2003	0
LFQ	128	0	0	0	0	0	0	0	0	0	0	0	0	0	0	0	0	0	0	0	0	0	0	0	0	0	0	0	0	0	0	2003	0
LFQ	129	0	0	0	0	0	0	0	0	0	0	0	0	0	0	0	0	0	0	0	0	0	0	0	0	0	0	0	0	0	0	2003	0
LFQ	130	0	0	0	0	0	0	0	0	0	0	0	0	0	0	0	0	0	0	0	0	0	0	0	0	0	0	0	0	0	0	2003	0
LFQ	131	0	0	0	0	0	0	0	0	0	0	0	0	0	0	0	0	0	0	0	0	0	0	0	0	0	0	0	0	0	0	2003	0
LFQ	132	0	0	0	0	0	0	0	0	0	0	0	0	0	0	0	0	0	0	0	0	0	0	0	0	0	0	0	0	0	0	2003	0
LFQ	133	0	0	0	0	0	0	0	0	0	0	0	0	0	0	0	0	0	0	0	0	0	0	0	0	0	0	0	0	0	0	2003	0
LFQ	134	0	0	0	0	0	0	0	0	0	0	0	0	0	0	0	0	0	0	0	0	0	0	0	0	0	0	0	0	0	0	2003	0
LFQ	135	0	0	0	0	0	0	0	0	0	0	0	0	0	0	0	0	0	0	0	0	0	0	0	0	0	0	0	0	0	0	2003	0
LFQ	136	0	0	0	0	0	0	0	0	0	0	0	0	0	0	0	0	0	0	0	0	0	0	0	0	0	0	0	0	0	0	2003	0
LFQ	137	0	0	0	0	0	0	0	0	0	0	0	0	0	0	0	0	0	0	0	0	0	0	0	0	0	0	0	0	0	0	2003	0
LFQ	138	0	0	0	0	0	0	0	0	0	0	0	0	0	0	0	0	0	0	0	0	0	0	0	0	0	0	0	0	0	0	2003	0
LFQ	139	0	0	0	0	0	0	0	0	0	0	0	0	0	0	0	0	0	0	0	0	0	0	0	0	0	0	0	0	0	0	2003	0
LFQ	140	0	0	0	0	0	0	0	0	0	0	0	0	0	0	0	0	0	0	0	0	0	0	0	0	0	0	0	0	0	0	2003	0
LFQ	141	0	0	0	0	0	0	0	0	0	0	0	0	0	0	0	0	0	0	0	0	0	0	0	0	0	0	0	0	0	0	2003	0
LFQ	142	0	0	0	0	0	0	0	0	0	0	0	0	0	0	0	0	0	0	0	0	0	0	0	0	0	0	0	0	0	0	2003	0
LFQ	143	0	0	0	0	0	0	0	0	0	0	0	0	0	0	0	0	0	0	0	0	0	0	0	0	0	0	0	0	0	0	2003	0
LFQ	144	0	0	0	0	0	0	0	0	0	0	0	0	0	0	0	0	0	0	0	0	0	0	0	0	0	0	0	0	0	0	2003	0
LFQ	145	0	0	0	0	0	0	0	0	0	0	0	0	0	0	0	0	0	0	0	0	0	0	0	0	0	0	0	0	0	0	2003	0
LFQ	146	0	0	0	0	0	0	0	0	0	0	0	0	0	0	0	0	0	0	0	0	0	0	0	0	0	0	0	0	0	0	2003	0
LFQ	147	0	0	0	0	0	0	0	0	0	0	0	0	0	0	0	0	0	0	0	0	0	0	0	0	0	0	0	0	0	0	2003	0
LFQ	148	0	0	0	0	0	0	0	0	0	0	0	0	0	0	0	0	0	0	0	0	0	0	0	0	0	0	0	0	0	0	2003	0
LFQ	149	0	0	0	0	0	0	0	0	0	0	0	0	0	0	0	0	0	0	0	0	0	0	0	0	0	0	0	0	0	0	2003	0
LFQ	150	0	0	0	0	0	0	0	0	0	0	0	0	0	0	0	0	0	0	0	0	0	0	0	0	0	0	0	0	0	0	2003	0
# GC Content of first fragments. Use `grep ^GCF | cut -f 2-` to extract this part.
GCF	5.28	0
GCF	10.80	1
GCF	14.07	0
GCF	17.34	2
GCF	18.09	0
GCF	18.84	3
GCF	19.85	2
GCF	20.85	0
GCF	21.36	2
GCF	22.11	3
GCF	23.12	6
GCF	24.12	15
GCF	24.87	8
GCF	25.38	12
GCF	26.13	14
GCF	26.88	22
GCF	27.39	25
GCF	28.14	30
GCF	28.89	31
GCF	29.40	40
GCF	30.15	31
GCF	30.90	39
GCF	31.41	54
GCF	32.16	40
GCF	32.91	58
GCF	33.42	62
GCF	33.92	70
GCF	34.67	67
GCF	35.43	72
GCF	35.93	79
GCF	36.68	74
GCF	37.44	67
GCF	37.94	72
GCF	38.69	61
GCF	39.45	59
GCF	39.95	78
GCF	40.70	73
GCF	41.46	56
GCF	41.96	44
GCF	42.71	59
GCF	43.47	45
GCF	43.97	61
GCF	44.72	47
GCF	45.48	52
GCF	45.98	51
GCF	46.73	48
GCF	47.49	39
GCF	47.99	33
GCF	48.74	27
GCF	49.50	21
GCF	50.00	16
GCF	50.75	18
GCF	51.51	16
GCF	52.01	13
GCF	52.76	15
GCF	53.52	12
GCF	54.02	6
GCF	54.77	3
GCF	55.78	6
GCF	56.78	5
GCF	57.54	1
GCF	58.04	5
GCF	58.79	4
GCF	60.30	1
GCF	61.56	3
GCF	62.06	0
GCF	62.81	3
GCF	63.82	0
GCF	64.82	1
GCF	65.58	2
GCF	66.08	1
GCF	66.58	0
GCF	67.34	1
# GC Content of last fragments. Use `grep ^GCL | cut -f 2-` to extract this part.
GCL	3.52	0
GCL	7.29	1
GCL	11.56	0
GCL	16.58	1
GCL	18.34	0
GCL	19.85	1
GCL	21.11	0
GCL	22.11	1
GCL	22.86	6
GCL	23.37	10
GCL	24.12	14
GCL	24.87	10
GCL	25.38	14
GCL	26.13	15
GCL	26.88	17
GCL	27.39	21
GCL	28.14	23
GCL	28.89	20
GCL	29.40	35
GCL	30.15	30
GCL	30.90	42
GCL	31.41	43
GCL	32.16	50
GCL	33.17	61
GCL	33.92	77
GCL	34.67	70
GCL	35.43	74
GCL	35.93	78
GCL	36.68	86
GCL	37.44	68
GCL	37.94	66
GCL	38.69	75
GCL	39.45	61
GCL	39.95	70
GCL	40.70	65
GCL	41.46	68
GCL	41.96	60
GCL	42.71	64
GCL	43.47	48
GCL	43.97	53
GCL	44.72	50
GCL	45.48	41
GCL	45.98	46
GCL	46.73	47
GCL	47.49	38
GCL	47.99	28
GCL	48.99	29
GCL	50.00	13
GCL	50.75	21
GCL	51.51	13
GCL	52.01	14
GCL	52.76	9
GCL	53.52	6
GCL	54.02	8
GCL	54.77	10
GCL	55.53	11
GCL	56.53	3
GCL	57.54	7
GCL	58.04	4
GCL	59.05	1
GCL	60.05	0
GCL	61.81	1
GCL	63.57	0
GCL	64.07	1
GCL	64.82	2
GCL	65.58	0
GCL	66.08	1
GCL	68.34	0
GCL	70.60	1
# ACGT content per cycle. Use `grep ^GCC | cut -f 2-` to extract this part. The columns are: cycle; A,C,G,T base counts as a percentage of all A/C/G/T bases [%]; and N and O counts as a percentage of all A/C/G/T bases [%]
GCC	1	31.55	18.97	17.92	31.55	0.00	0.00
GCC	2	30.60	20.69	18.20	30.50	0.00	0.00
GCC	3	31.68	20.07	18.40	29.86	0.00	0.00
GCC	4	29.66	20.54	19.25	30.55	0.00	0.00
GCC	5	31.28	19.62	18.90	30.20	0.00	0.00
GCC	6	30.40	19.87	18.32	31.40	0.00	0.00
GCC	7	30.83	20.07	19.07	30.03	0.00	0.00
GCC	8	30.98	19.82	19.02	30.18	0.00	0.00
GCC	9	30.08	19.37	20.02	30.53	0.00	0.00
GCC	10	32.33	19.60	18.42	29.66	0.00	0.00
GCC	11	31.03	20.67	17.12	31.18	0.00	0.00
GCC	12	30.70	20.39	19.12	29.78	0.00	0.00
GCC	13	30.68	20.29	18.02	31.00	0.00	0.00
GCC	14	29.86	20.04	19.17	30.93	0.00	0.00
GCC	15	29.38	19.87	19.37	31.38	0.00	0.00
GCC	16	30.80	19.97	18.67	30.55	0.00	0.00
GCC	17	30.00	19.30	18.55	32.15	0.00	0.00
GCC	18	32.05	19.22	19.62	29.11	0.00	0.00
GCC	19	32.30	20.49	17.65	29.56	0.00	0.00
GCC	20	30.10	20.52	18.95	30.43	0.00	0.00
GCC	21	31.10	20.79	18.60	29.51	0.00	0.00
GCC	22	31.28	19.77	19.07	29.88	0.00	0.00
GCC	23	31.05	20.29	19.17	29.48	0.00	0.00
GCC	24	31.28	19.30	19.27	30.15	0.00	0.00
GCC	25	30.08	19.47	19.20	31.25	0.00	0.00
GCC	26	30.20	19.85	18.45	31.50	0.00	0.00
GCC	27	29.61	20.32	19.15	30.93	0.00	0.00
GCC	28	32.53	18.47	18.95	30.05	0.00	0.00
GCC	29	31.18	19.37	19.05	30.40	0.00	0.00
GCC	30	31.33	19.25	19.45	29.98	0.00	0.00
GCC	31	30.38	20.17	19.15	30.30	0.00	0.00
GCC	32	29.56	19.95	18.90	31.60	0.00	0.00
GCC	33	30.25	20.29	19.17	30.28	0.00	0.00
GCC	34	29.93	19.80	18.77	31.50	0.00	0.00
GCC	35	31.03	19.52	18.35	31.10	0.00	0.00
GCC	36	31.83	19.25	18.40	30.53	0.00	0.00
GCC	37	30.73	18.75	19.65	30.88	0.00	0.00
GCC	38	30.10	18.60	18.97	32.33	0.00	0.00
GCC	39	32.33	19.47	18.25	29.96	0.00	0.00
GCC	40	31.50	20.09	18.57	29.83	0.00	0.00
GCC	41	30.68	20.14	18.97	30.20	0.00	0.00
GCC	42	30.73	18.90	18.80	31.58	0.00	0.00
GCC	43	29.46	19.27	19.20	32.08	0.00	0.00
GCC	44	29.61	19.90	18.82	31.68	0.00	0.00
GCC	45	29.83	20.62	19.22	30.33	0.00	0.00
GCC	46	30.40	21.02	17.90	30.68	0.00	0.00
GCC	47	30.15	19.30	18.25	32.30	0.00	0.00
GCC	48	30.65	18.95	19.80	30.60	0.00	0.00
GCC	49	30.13	20.42	19.50	29.96	0.00	0.00
GCC	50	30.23	19.35	19.52	30.90	0.00	0.00
GCC	51	30.88	19.57	18.75	30.80	0.00	0.00
GCC	52	29.88	19.97	19.15	31.00	0.00	0.00
GCC	53	31.20	20.19	19.17	29.43	0.00	0.00
GCC	54	31.15	20.14	18.50	30.20	0.00	0.00
GCC	55	30.30	20.29	18.42	30.98	0.00	0.00
GCC	56	30.58	19.90	18.55	30.98	0.00	0.00
GCC	57	30.85	20.84	18.47	29.83	0.00	0.00
GCC	58	30.40	20.12	19.10	30.38	0.00	0.00
GCC	59	30.93	18.75	18.92	31.40	0.00	0.00
GCC	60	30.40	19.87	18.52	31.20	0.00	0.00
GCC	61	29.38	20.77	19.60	30.25	0.00	0.00
GCC	62	31.23	19.62	19.62	29.53	0.00	0.00
GCC	63	30.45	19.95	18.37	31.23	0.00	0.00
GCC	64	30.63	19.92	19.32	30.13	0.00	0.00
GCC	65	31.13	19.85	18.65	30.38	0.00	0.00
GCC	66	30.78	20.77	19.22	29.23	0.00	0.00
GCC	67	30.73	19.95	18.92	30.40	0.00	0.00
GCC	68	31.30	20.04	19.67	28.98	0.00	0.00
GCC	69	30.65	20.44	18.77	30.13	0.00	0.00
GCC	70	31.93	20.04	19.50	28.53	0.00	0.00
GCC	71	30.48	19.45	19.80	30.28	0.00	0.00
GCC	72	31.38	19.00	19.47	30.15	0.00	0.00
GCC	73	30.35	21.09	18.32	30.23	0.00	0.00
GCC	74	31.30	19.75	18.70	30.25	0.00	0.00
GCC	75	31.10	19.95	19.02	29.93	0.00	0.00
GCC	76	30.78	20.82	18.70	29.71	0.00	0.00
GCC	77	31.18	20.34	17.60	30.88	0.00	0.00
GCC	78	30.20	21.04	18.05	30.70	0.00	0.00
GCC	79	30.98	19.72	18.50	30.80	0.00	0.00
GCC	80	30.38	19.62	19.30	30.70	0.00	0.00
GCC	81	29.33	19.95	19.17	31.55	0.00	0.00
GCC	82	29.83	20.37	18.27	31.53	0.00	0.00
GCC	83	31.18	19.95	19.12	29.76	0.00	0.00
GCC	84	30.35	20.12	18.67	30.85	0.00	0.00
GCC	85	30.35	20.92	17.92	30.80	0.00	0.00
GCC	86	30.48	20.07	18.47	30.98	0.00	0.00
GCC	87	31.00	20.32	18.17	30.50	0.00	0.00
GCC	88	31.20	20.47	18.57	29.76	0.00	0.00
GCC	89	29.48	19.57	18.97	31.98	0.00	0.00
GCC	90	31.93	19.57	17.90	30.60	0.00	0.00
GCC	91	31.18	19.72	18.45	30.65	0.00	0.00
GCC	92	31.73	20.37	18.40	29.51	0.00	0.00
GCC	93	30.23	19.50	19.40	30.88	0.00	0.00
GCC	94	31.03	19.77	18.92	30.28	0.00	0.00
GCC	95	29.86	20.00	19.07	31.08	0.00	0.00
GCC	96	31.10	18.47	19.32	31.10	0.00	0.00
GCC	97	29.31	20.49	19.77	30.43	0.00	0.00
GCC	98	32.30	19.05	19.05	29.61	0.00	0.00
GCC	99	31.18	19.20	19.47	30.15	0.00	0.00
GCC	100	30.58	19.52	19.02	30.88	0.00	0.00
GCC	101	30.25	20.09	19.40	30.25	0.00	0.00
GCC	102	30.38	19.60	19.20	30.83	0.00	0.00
GCC	103	31.08	20.09	18.52	30.30	0.00	0.00
GCC	104	32.90	19.15	18.52	29.43	0.00	0.00
GCC	105	30.30	19.55	19.87	30.28	0.00	0.00
GCC	106	29.26	21.74	19.62	29.38	0.00	0.00
GCC	107	30.85	20.09	17.55	31.50	0.00	0.00
GCC	108	28.81	19.72	19.72	31.75	0.00	0.00
GCC	109	29.33	20.24	18.90	31.53	0.00	0.00
GCC	110	31.40	19.97	18.92	29.71	0.00	0.00
GCC	111	30.20	19.10	19.02	31.68	0.00	0.00
GCC	112	30.30	20.00	19.20	30.50	0.00	0.00
GCC	113	31.58	19.40	18.55	30.48	0.00	0.00
GCC	114	30.45	20.02	18.72	30.80	0.00	0.00
GCC	115	30.10	20.04	18.40	31.45	0.00	0.00
GCC	116	31.25	19.65	18.47	30.63	0.00	0.00
GCC	117	30.65	20.00	18.22	31.13	0.00	0.00
GCC	118	29.91	19.97	19.15	30.98	0.00	0.00
GCC	119	29.96	19.62	19.00	31.43	0.00	0.00
GCC	120	30.53	19.42	18.50	31.55	0.00	0.00
GCC	121	30.03	20.42	19.57	29.98	0.00	0.00
GCC	122	30.13	21.04	18.40	30.43	0.00	0.00
GCC	123	31.05	20.34	18.27	30.33	0.00	0.00
GCC	124	30.20	19.07	19.10	31.63	0.00	0.00
GCC	125	31.43	19.55	19.02	30.00	0.00	0.00
GCC	126	30.45	19.82	19.45	30.28	0.00	0.00
GCC	127	31.23	19.07	19.60	30.10	0.00	0.00
GCC	128	30.60	19.02	19.17	31.20	0.00	0.00
GCC	129	31.00	20.72	17.72	30.55	0.00	0.00
GCC	130	29.81	19.72	19.42	31.05	0.00	0.00
GCC	131	29.83	19.67	19.62	30.88	0.00	0.00
GCC	132	30.03	20.89	18.35	30.73	0.00	0.00
GCC	133	29.93	20.34	18.85	30.88	0.00	0.00
GCC	134	30.45	20.54	18.75	30.25	0.00	0.00
GCC	135	31.25	19.30	17.57	31.88	0.00	0.00
GCC	136	30.05	20.84	18.15	30.95	0.00	0.00
GCC	137	30.78	20.07	18.45	30.70	0.00	0.00
GCC	138	30.25	19.82	18.67	31.25	0.00	0.00
GCC	139	30.73	18.82	20.12	30.33	0.00	0.00
GCC	140	31.23	19.45	19.30	30.03	0.00	0.00
GCC	141	30.75	19.57	18.92	30.75	0.00	0.00
GCC	142	30.20	19.77	19.42	30.60	0.00	0.00
GCC	143	31.05	19.67	19.00	30.28	0.00	0.00
GCC	144	31.80	20.27	18.05	29.88	0.00	0.00
GCC	145	30.20	20.17	19.10	30.53	0.00	0.00
GCC	146	31.03	20.59	18.45	29.93	0.00	0.00
GCC	147	31.23	20.07	17.42	31.28	0.00	0.00
GCC	148	31.35	19.52	17.97	31.15	0.00	0.00
GCC	149	31.13	20.42	18.55	29.91	0.00	0.00
GCC	150	30.15	19.50	19.12	31.23	0.00	0.00
# ACGT content per cycle, read oriented. Use `grep ^GCT | cut -f 2-` to extract this part. The columns are: cycle; A,C,G,T base counts as a percentage of all A/C/G/T bases [%]
GCT	1	31.95	18.60	18.30	31.15
GCT	2	30.23	19.75	19.15	30.88
GCT	3	30.50	19.67	18.80	31.03
GCT	4	28.83	19.20	20.59	31.38
GCT	5	30.73	18.75	19.77	30.75
GCT	6	31.08	18.62	19.57	30.73
GCT	7	30.25	18.82	20.32	30.60
GCT	8	31.03	20.14	18.70	30.13
GCT	9	29.98	19.90	19.50	30.63
GCT	10	31.25	18.50	19.52	30.73
GCT	11	30.43	19.00	18.80	31.78
GCT	12	30.55	19.87	19.65	29.93
GCT	13	31.00	19.20	19.12	30.68
GCT	14	32.03	20.19	19.02	28.76
GCT	15	30.75	19.57	19.67	30.00
GCT	16	31.03	18.47	20.17	30.33
GCT	17	31.63	19.40	18.45	30.53
GCT	18	30.50	19.85	19.00	30.65
GCT	19	31.25	18.82	19.32	30.60
GCT	20	29.81	19.15	20.32	30.73
GCT	21	30.08	19.95	19.45	30.53
GCT	22	30.48	18.90	19.95	30.68
GCT	23	31.13	20.69	18.77	29.41
GCT	24	30.45	19.70	18.87	30.98
GCT	25	30.95	19.12	19.55	30.38
GCT	26	31.48	19.65	18.65	30.23
GCT	27	28.91	19.05	20.42	31.63
GCT	28	30.83	19.10	18.32	31.75
GCT	29	30.75	19.22	19.20	30.83
GCT	30	31.18	19.42	19.27	30.13
GCT	31	31.13	19.55	19.77	29.56
GCT	32	29.71	19.37	19.47	31.45
GCT	33	30.13	19.85	19.62	30.40
GCT	34	30.98	19.82	18.75	30.45
GCT	35	30.58	19.80	18.07	31.55
GCT	36	31.83	19.82	17.82	30.53
GCT	37	31.00	19.55	18.85	30.60
GCT	38	30.20	18.92	18.65	32.23
GCT	39	30.68	19.00	18.72	31.60
GCT	40	30.45	18.97	19.70	30.88
GCT	41	30.40	18.95	20.17	30.48
GCT	42	30.80	19.40	18.30	31.50
GCT	43	30.33	19.42	19.05	31.20
GCT	44	31.53	20.24	18.47	29.76
GCT	45	31.33	20.74	19.10	28.83
GCT	46	30.48	19.92	19.00	30.60
GCT	47	31.60	18.67	18.87	30.85
GCT	48	30.55	19.62	19.12	30.70
GCT	49	30.70	19.42	20.49	29.38
GCT	50	31.03	18.82	20.04	30.10
GCT	51	31.03	19.30	19.02	30.65
GCT	52	31.53	19.40	19.72	29.36
GCT	53	30.00	19.47	19.90	30.63
GCT	54	30.00	19.02	19.62	31.35
GCT	55	30.23	19.05	19.67	31.05
GCT	56	31.15	18.40	20.04	30.40
GCT	57	31.28	19.90	19.42	29.41
GCT	58	30.38	20.12	19.10	30.40
GCT	59	31.75	19.45	18.22	30.58
GCT	60	30.83	19.17	19.22	30.78
GCT	61	29.18	20.84	19.52	30.45
GCT	62	31.10	19.42	19.82	29.66
GCT	63	31.90	19.87	18.45	29.78
GCT	64	31.80	19.82	19.42	28.96
GCT	65	30.75	20.00	18.50	30.75
GCT	66	31.00	19.87	20.12	29.01
GCT	67	30.40	19.70	19.17	30.73
GCT	68	30.80	19.32	20.39	29.48
GCT	69	30.48	19.45	19.77	30.30
GCT	70	31.00	20.29	19.25	29.46
GCT	71	30.25	18.50	20.74	30.50
GCT	72	31.40	19.30	19.17	30.13
GCT	73	30.73	19.45	19.97	29.86
GCT	74	30.78	19.20	19.25	30.78
GCT	75	31.05	18.77	20.19	29.98
GCT	76	30.25	19.47	20.04	30.23
GCT	77	30.75	18.55	19.40	31.30
GCT	78	30.80	19.57	19.52	30.10
GCT	79	31.33	19.10	19.12	30.45
GCT	80	30.33	19.35	19.57	30.75
GCT	81	30.28	19.92	19.20	30.60
GCT	82	31.48	18.90	19.75	29.88
GCT	83	30.25	19.05	20.02	30.68
GCT	84	31.25	18.95	19.85	29.96
GCT	85	31.70	19.20	19.65	29.46
GCT	86	31.20	19.37	19.17	30.25
GCT	87	30.78	19.97	18.52	30.73
GCT	88	29.48	19.72	19.32	31.48
GCT	89	31.25	19.52	19.02	30.20
GCT	90	32.40	19.82	17.65	30.13
GCT	91	31.30	19.12	19.05	30.53
GCT	92	30.90	18.97	19.80	30.33
GCT	93	30.43	19.47	19.42	30.68
GCT	94	30.78	19.85	18.85	30.53
GCT	95	30.38	19.45	19.62	30.55
GCT	96	31.23	18.77	19.02	30.98
GCT	97	32.03	20.34	19.92	27.71
GCT	98	32.23	19.10	19.00	29.68
GCT	99	31.20	19.05	19.62	30.13
GCT	100	30.10	18.27	20.27	31.35
GCT	101	30.93	20.54	18.95	29.58
GCT	102	30.88	19.67	19.12	30.33
GCT	103	31.13	18.87	19.75	30.25
GCT	104	31.18	18.65	19.02	31.15
GCT	105	30.28	19.45	19.97	30.30
GCT	106	30.23	20.44	20.92	28.41
GCT	107	31.35	19.12	18.52	31.00
GCT	108	32.05	20.39	19.05	28.51
GCT	109	30.65	19.70	19.45	30.20
GCT	110	31.28	18.97	19.92	29.83
GCT	111	31.15	18.67	19.45	30.73
GCT	112	30.58	20.64	18.55	30.23
GCT	113	30.75	19.35	18.60	31.30
GCT	114	31.08	19.02	19.72	30.18
GCT	115	31.18	19.50	18.95	30.38
GCT	116	30.65	18.67	19.45	31.23
GCT	117	30.90	18.92	19.30	30.88
GCT	118	30.70	18.85	20.27	30.18
GCT	119	30.80	18.70	19.92	30.58
GCT	120	31.03	18.80	19.12	31.05
GCT	121	30.05	20.12	19.87	29.96
GCT	122	30.30	19.65	19.80	30.25
GCT	123	31.90	18.97	19.65	29.48
GCT	124	31.13	18.82	19.35	30.70
GCT	125	30.83	20.27	18.30	30.60
GCT	126	30.68	19.92	19.35	30.05
GCT	127	30.68	19.90	18.77	30.65
GCT	128	31.18	19.42	18.77	30.63
GCT	129	30.03	18.92	19.52	31.53
GCT	130	29.71	19.70	19.45	31.15
GCT	131	28.93	19.35	19.95	31.78
GCT	132	30.73	19.27	19.97	30.03
GCT	133	30.70	18.40	20.79	30.10
GCT	134	30.78	19.45	19.85	29.93
GCT	135	31.73	18.80	18.07	31.40
GCT	136	30.58	19.65	19.35	30.43
GCT	137	30.65	18.92	19.60	30.83
GCT	138	31.40	19.70	18.80	30.10
GCT	139	30.85	19.67	19.27	30.20
GCT	140	31.48	19.12	19.62	29.78
GCT	141	30.18	18.97	19.52	31.33
GCT	142	29.28	20.27	18.92	31.53
GCT	143	31.10	20.59	18.07	30.23
GCT	144	31.00	19.75	18.57	30.68
GCT	145	30.40	20.14	19.12	30.33
GCT	146	30.98	19.32	19.72	29.98
GCT	147	30.90	18.87	18.62	31.60
GCT	148	30.50	18.90	18.60	32.00
GCT	149	30.43	18.55	20.42	30.60
GCT	150	28.91	19.67	18.95	32.48
# ACGT content per cycle for first fragments. Use `grep ^FBC | cut -f 2-` to extract this part. The columns are: cycle; A,C,G,T base counts as a percentage of all A/C/G/T bases [%]; and N and O counts as a percentage of all A/C/G/T bases [%]
FBC	1	31.45	19.42	17.87	31.25	0.00	0.00
FBC	2	30.35	20.47	18.07	31.10	0.00	0.00
FBC	3	32.80	20.17	19.22	27.81	0.00	0.00
FBC	4	30.20	19.22	19.17	31.40	0.00	0.00
FBC	5	30.40	19.62	19.92	30.05	0.00	0.00
FBC	6	30.25	19.77	18.22	31.75	0.00	0.00
FBC	7	29.11	20.42	19.87	30.60	0.00	0.00
FBC	8	31.15	20.27	18.57	30.00	0.00	0.00
FBC	9	31.35	19.27	19.67	29.71	0.00	0.00
FBC	10	33.25	19.27	18.62	28.86	0.00	0.00
FBC	11	30.70	20.42	17.47	31.40	0.00	0.00
FBC	12	29.76	21.07	19.62	29.56	0.00	0.00
FBC	13	30.45	20.62	17.27	31.65	0.00	0.00
FBC	14	30.95	20.17	19.27	29.61	0.00	0.00
FBC	15	29.81	19.32	19.57	31.30	0.00	0.00
FBC	16	29.26	21.37	19.42	29.96	0.00	0.00
FBC	17	31.10	17.82	19.32	31.75	0.00	0.00
FBC	18	31.00	19.42	19.92	29.66	0.00	0.00
FBC	19	32.50	20.07	18.07	29.36	0.00	0.00
FBC	20	30.95	20.67	18.17	30.20	0.00	0.00
FBC	21	31.20	21.57	18.47	28.76	0.00	0.00
FBC	22	31.80	18.77	18.82	30.60	0.00	0.00
FBC	23	31.05	19.67	18.52	30.75	0.00	0.00
FBC	24	31.55	18.82	19.27	30.35	0.00	0.00
FBC	25	29.71	19.32	20.57	30.40	0.00	0.00
FBC	26	29.96	20.12	18.52	31.40	0.00	0.00
FBC	27	29.56	20.02	19.52	30.90	0.00	0.00
FBC	28	32.60	17.87	18.87	30.65	0.00	0.00
FBC	29	31.80	18.27	19.82	30.10	0.00	0.00
FBC	30	31.85	19.47	20.57	28.11	0.00	0.00
FBC	31	30.75	19.72	19.42	30.10	0.00	0.00
FBC	32	30.00	20.87	18.52	30.60	0.00	0.00
FBC	33	30.10	19.62	19.57	30.70	0.00	0.00
FBC	34	31.20	19.02	19.12	30.65	0.00	0.00
FBC	35	30.10	20.12	17.97	31.80	0.00	0.00
FBC	36	31.85	19.07	18.87	30.20	0.00	0.00
FBC	37	29.46	19.07	20.32	31.15	0.00	0.00
FBC	38	30.55	16.28	18.82	34.35	0.00	0.00
FBC	39	32.00	20.32	18.72	28.96	0.00	0.00
FBC	40	31.90	20.27	17.27	30.55	0.00	0.00
FBC	41	29.31	20.92	19.62	30.15	0.00	0.00
FBC	42	32.15	18.82	17.82	31.20	0.00	0.00
FBC	43	29.76	19.27	18.72	32.25	0.00	0.00
FBC	44	29.71	20.27	18.67	31.35	0.00	0.00
FBC	45	30.45	19.47	19.42	30.65	0.00	0.00
FBC	46	31.10	21.67	18.07	29.16	0.00	0.00
FBC	47	30.65	19.47	17.52	32.35	0.00	0.00
FBC	48	31.60	18.62	19.27	30.50	0.00	0.00
FBC	49	30.65	20.57	19.42	29.36	0.00	0.00
FBC	50	31.10	19.22	18.32	31.35	0.00	0.00
FBC	51	31.30	20.37	18.77	29.56	0.00	0.00
FBC	52	31.20	20.32	18.87	29.61	0.00	0.00
FBC	53	32.20	19.57	19.42	28.81	0.00	0.00
FBC	54	30.35	20.37	19.82	29.46	0.00	0.00
FBC	55	28.81	21.17	17.97	32.05	0.00	0.00
FBC	56	30.50	20.37	18.52	30.60	0.00	0.00
FBC	57	31.40	20.02	18.27	30.30	0.00	0.00
FBC	58	31.95	19.87	18.92	29.26	0.00	0.00
FBC	59	31.85	18.92	17.72	31.50	0.00	0.00
FBC	60	30.60	20.17	18.67	30.55	0.00	0.00
FBC	61	28.81	20.27	20.02	30.90	0.00	0.00
FBC	62	30.25	19.92	19.57	30.25	0.00	0.00
FBC	63	32.05	19.12	18.42	30.40	0.00	0.00
FBC	64	30.55	20.87	19.32	29.26	0.00	0.00
FBC	65	31.45	19.82	18.32	30.40	0.00	0.00
FBC	66	32.00	20.52	18.77	28.71	0.00	0.00
FBC	67	30.30	20.52	18.67	30.50	0.00	0.00
FBC	68	31.15	19.97	19.27	29.61	0.00	0.00
FBC	69	31.00	20.27	19.02	29.71	0.00	0.00
FBC	70	31.70	19.47	19.67	29.16	0.00	0.00
FBC	71	30.80	19.07	19.07	31.05	0.00	0.00
FBC	72	31.70	19.47	18.62	30.20	0.00	0.00
FBC	73	29.91	21.12	17.72	31.25	0.00	0.00
FBC	74	32.40	19.87	18.62	29.11	0.00	0.00
FBC	75	29.91	20.77	20.72	28.61	0.00	0.00
FBC	76	32.35	21.87	17.02	28.76	0.00	0.00
FBC	77	30.70	19.17	17.72	32.40	0.00	0.00
FBC	78	29.71	20.52	19.07	30.70	0.00	0.00
FBC	79	31.25	19.92	18.72	30.10	0.00	0.00
FBC	80	31.80	19.17	17.82	31.20	0.00	0.00
FBC	81	28.71	20.42	18.72	32.15	0.00	0.00
FBC	82	30.10	19.82	18.37	31.70	0.00	0.00
FBC	83	32.10	19.67	18.87	29.36	0.00	0.00
FBC	84	31.25	19.62	17.57	31.55	0.00	0.00
FBC	85	30.70	19.92	18.37	31.00	0.00	0.00
FBC	86	31.75	19.57	18.37	30.30	0.00	0.00
FBC	87	31.95	19.47	17.72	30.85	0.00	0.00
FBC	88	30.95	19.22	18.92	30.90	0.00	0.00
FBC	89	27.96	21.17	19.12	31.75	0.00	0.00
FBC	90	31.70	19.12	17.77	31.40	0.00	0.00
FBC	91	29.86	21.42	17.92	30.80	0.00	0.00
FBC	92	31.90	19.97	19.02	29.11	0.00	0.00
FBC	93	29.91	18.92	20.32	30.85	0.00	0.00
FBC	94	31.45	20.07	17.97	30.50	0.00	0.00
FBC	95	30.30	19.92	18.82	30.95	0.00	0.00
FBC	96	31.85	18.02	21.07	29.06	0.00	0.00
FBC	97	30.20	19.62	19.62	30.55	0.00	0.00
FBC	98	32.95	18.62	18.47	29.96	0.00	0.00
FBC	99	31.10	18.52	20.27	30.10	0.00	0.00
FBC	100	30.15	19.32	18.62	31.90	0.00	0.00
FBC	101	31.10	19.87	19.42	29.61	0.00	0.00
FBC	102	29.31	20.87	18.97	30.85	0.00	0.00
FBC	103	29.26	20.92	18.22	31.60	0.00	0.00
FBC	104	32.95	19.07	17.72	30.25	0.00	0.00
FBC	105	31.10	18.97	19.32	30.60	0.00	0.00
FBC	106	28.86	20.97	20.47	29.71	0.00	0.00
FBC	107	30.45	19.62	18.42	31.50	0.00	0.00
FBC	108	28.81	19.87	20.22	31.10	0.00	0.00
FBC	109	29.26	22.22	17.67	30.85	0.00	0.00
FBC	110	30.90	20.12	19.07	29.91	0.00	0.00
FBC	111	30.80	18.97	18.67	31.55	0.00	0.00
FBC	112	30.20	20.42	18.97	30.40	0.00	0.00
FBC	113	31.55	19.72	19.12	29.61	0.00	0.00
FBC	114	30.05	20.57	19.37	30.00	0.00	0.00
FBC	115	29.96	20.22	19.02	30.80	0.00	0.00
FBC	116	31.60	19.02	19.12	30.25	0.00	0.00
FBC	117	30.75	20.27	18.22	30.75	0.00	0.00
FBC	118	31.00	19.97	19.67	29.36	0.00	0.00
FBC	119	29.71	19.57	18.67	32.05	0.00	0.00
FBC	120	29.56	19.82	18.72	31.90	0.00	0.00
FBC	121	30.55	20.17	19.72	29.56	0.00	0.00
FBC	122	29.76	20.22	19.32	30.70	0.00	0.00
FBC	123	30.60	20.67	18.27	30.45	0.00	0.00
FBC	124	30.15	18.17	19.77	31.90	0.00	0.00
FBC	125	31.65	19.17	19.47	29.71	0.00	0.00
FBC	126	29.41	20.07	19.72	30.80	0.00	0.00
FBC	127	31.20	19.87	18.97	29.96	0.00	0.00
FBC	128	30.40	18.67	18.52	32.40	0.00	0.00
FBC	129	32.00	20.82	17.52	29.66	0.00	0.00
FBC	130	30.90	19.57	18.47	31.05	0.00	0.00
FBC	131	28.61	20.07	19.87	31.45	0.00	0.00
FBC	132	29.16	21.47	19.07	30.30	0.00	0.00
FBC	133	29.61	20.07	19.77	30.55	0.00	0.00
FBC	134	31.70	18.77	19.72	29.81	0.00	0.00
FBC	135	30.85	18.37	18.17	32.60	0.00	0.00
FBC	136	30.60	20.52	17.97	30.90	0.00	0.00
FBC	137	31.45	19.22	17.32	32.00	0.00	0.00
FBC	138	29.96	20.17	18.97	30.90	0.00	0.00
FBC	139	30.95	18.57	20.07	30.40	0.00	0.00
FBC	140	31.25	19.92	18.77	30.05	0.00	0.00
FBC	141	32.05	18.97	18.72	30.25	0.00	0.00
FBC	142	30.35	20.52	19.22	29.91	0.00	0.00
FBC	143	30.65	20.82	18.42	30.10	0.00	0.00
FBC	144	32.30	20.87	17.67	29.16	0.00	0.00
FBC	145	30.25	19.87	19.72	30.15	0.00	0.00
FBC	146	31.75	20.47	18.02	29.76	0.00	0.00
FBC	147	31.95	20.17	16.82	31.05	0.00	0.00
FBC	148	31.55	18.77	18.27	31.40	0.00	0.00
FBC	149	31.85	20.42	17.67	30.05	0.00	0.00
FBC	150	30.60	20.17	19.12	30.10	0.00	0.00
# ACGT raw counters for first fragments. Use `grep ^FTC | cut -f 2-` to extract this part. The columns are: A,C,G,T,N base counters
FTC	92549	59636	56627	91638	0
# ACGT content per cycle for last fragments. Use `grep ^LBC | cut -f 2-` to extract this part. The columns are: cycle; A,C,G,T base counts as a percentage of all A/C/G/T bases [%]; and N and O counts as a percentage of all A/C/G/T bases [%]
LBC	1	31.65	18.52	17.97	31.85	0.00	0.00
LBC	2	30.85	20.92	18.32	29.91	0.00	0.00
LBC	3	30.55	19.97	17.57	31.90	0.00	0.00
LBC	4	29.11	21.87	19.32	29.71	0.00	0.00
LBC	5	32.15	19.62	17.87	30.35	0.00	0.00
LBC	6	30.55	19.97	18.42	31.05	0.00	0.00
LBC	7	32.55	19.72	18.27	29.46	0.00	0.00
LBC	8	30.80	19.37	19.47	30.35	0.00	0.00
LBC	9	28.81	19.47	20.37	31.35	0.00	0.00
LBC	10	31.40	19.92	18.22	30.45	0.00	0.00
LBC	11	31.35	20.92	16.77	30.95	0.00	0.00
LBC	12	31.65	19.72	18.62	30.00	0.00	0.00
LBC	13	30.90	19.97	18.77	30.35	0.00	0.00
LBC	14	28.76	19.92	19.07	32.25	0.00	0.00
LBC	15	28.96	20.42	19.17	31.45	0.00	0.00
LBC	16	32.35	18.57	17.92	31.15	0.00	0.00
LBC	17	28.91	20.77	17.77	32.55	0.00	0.00
LBC	18	33.10	19.02	19.32	28.56	0.00	0.00
LBC	19	32.10	20.92	17.22	29.76	0.00	0.00
LBC	20	29.26	20.37	19.72	30.65	0.00	0.00
LBC	21	31.00	20.02	18.72	30.25	0.00	0.00
LBC	22	30.75	20.77	19.32	29.16	0.00	0.00
LBC	23	31.05	20.92	19.82	28.21	0.00	0.00
LBC	24	31.00	19.77	19.27	29.96	0.00	0.00
LBC	25	30.45	19.62	17.82	32.10	0.00	0.00
LBC	26	30.45	19.57	18.37	31.60	0.00	0.00
LBC	27	29.66	20.62	18.77	30.95	0.00	0.00
LBC	28	32.45	19.07	19.02	29.46	0.00	0.00
LBC	29	30.55	20.47	18.27	30.70	0.00	0.00
LBC	30	30.80	19.02	18.32	31.85	0.00	0.00
LBC	31	30.00	20.62	18.87	30.50	0.00	0.00
LBC	32	29.11	19.02	19.27	32.60	0.00	0.00
LBC	33	30.40	20.97	18.77	29.86	0.00	0.00
LBC	34	28.66	20.57	18.42	32.35	0.00	0.00
LBC	35	31.95	18.92	18.72	30.40	0.00	0.00
LBC	36	31.80	19.42	17.92	30.85	0.00	0.00
LBC	37	32.00	18.42	18.97	30.60	0.00	0.00
LBC	38	29.66	20.92	19.12	30.30	0.00	0.00
LBC	39	32.65	18.62	17.77	30.95	0.00	0.00
LBC	40	31.10	19.92	19.87	29.11	0.00	0.00
LBC	41	32.05	19.37	18.32	30.25	0.00	0.00
LBC	42	29.31	18.97	19.77	31.95	0.00	0.00
LBC	43	29.16	19.27	19.67	31.90	0.00	0.00
LBC	44	29.51	19.52	18.97	32.00	0.00	0.00
LBC	45	29.21	21.77	19.02	30.00	0.00	0.00
LBC	46	29.71	20.37	17.72	32.20	0.00	0.00
LBC	47	29.66	19.12	18.97	32.25	0.00	0.00
LBC	48	29.71	19.27	20.32	30.70	0.00	0.00
LBC	49	29.61	20.27	19.57	30.55	0.00	0.00
LBC	50	29.36	19.47	20.72	30.45	0.00	0.00
LBC	51	30.45	18.77	18.72	32.05	0.00	0.00
LBC	52	28.56	19.62	19.42	32.40	0.00	0.00
LBC	53	30.20	20.82	18.92	30.05	0.00	0.00
LBC	54	31.95	19.92	17.17	30.95	0.00	0.00
LBC	55	31.80	19.42	18.87	29.91	0.00	0.00
LBC	56	30.65	19.42	18.57	31.35	0.00	0.00
LBC	57	30.30	21.67	18.67	29.36	0.00	0.00
LBC	58	28.86	20.37	19.27	31.50	0.00	0.00
LBC	59	30.00	18.57	20.12	31.30	0.00	0.00
LBC	60	30.20	19.57	18.37	31.85	0.00	0.00
LBC	61	29.96	21.27	19.17	29.61	0.00	0.00
LBC	62	32.20	19.32	19.67	28.81	0.00	0.00
LBC	63	28.86	20.77	18.32	32.05	0.00	0.00
LBC	64	30.70	18.97	19.32	31.00	0.00	0.00
LBC	65	30.80	19.87	18.97	30.35	0.00	0.00
LBC	66	29.56	21.02	19.67	29.76	0.00	0.00
LBC	67	31.15	19.37	19.17	30.30	0.00	0.00
LBC	68	31.45	20.12	20.07	28.36	0.00	0.00
LBC	69	30.30	20.62	18.52	30.55	0.00	0.00
LBC	70	32.15	20.62	19.32	27.91	0.00	0.00
LBC	71	30.15	19.82	20.52	29.51	0.00	0.00
LBC	72	31.05	18.52	20.32	30.10	0.00	0.00
LBC	73	30.80	21.07	18.92	29.21	0.00	0.00
LBC	74	30.20	19.62	18.77	31.40	0.00	0.00
LBC	75	32.30	19.12	17.32	31.25	0.00	0.00
LBC	76	29.21	19.77	20.37	30.65	0.00	0.00
LBC	77	31.65	21.52	17.47	29.36	0.00	0.00
LBC	78	30.70	21.57	17.02	30.70	0.00	0.00
LBC	79	30.70	19.52	18.27	31.50	0.00	0.00
LBC	80	28.96	20.07	20.77	30.20	0.00	0.00
LBC	81	29.96	19.47	19.62	30.95	0.00	0.00
LBC	82	29.56	20.92	18.17	31.35	0.00	0.00
LBC	83	30.25	20.22	19.37	30.15	0.00	0.00
LBC	84	29.46	20.62	19.77	30.15	0.00	0.00
LBC	85	30.00	21.92	17.47	30.60	0.00	0.00
LBC	86	29.21	20.57	18.57	31.65	0.00	0.00
LBC	87	30.05	21.17	18.62	30.15	0.00	0.00
LBC	88	31.45	21.72	18.22	28.61	0.00	0.00
LBC	89	31.00	17.97	18.82	32.20	0.00	0.00
LBC	90	32.15	20.02	18.02	29.81	0.00	0.00
LBC	91	32.50	18.02	18.97	30.50	0.00	0.00
LBC	92	31.55	20.77	17.77	29.91	0.00	0.00
LBC	93	30.55	20.07	18.47	30.90	0.00	0.00
LBC	94	30.60	19.47	19.87	30.05	0.00	0.00
LBC	95	29.41	20.07	19.32	31.20	0.00	0.00
LBC	96	30.35	18.92	17.57	33.15	0.00	0.00
LBC	97	28.41	21.37	19.92	30.30	0.00	0.00
LBC	98	31.65	19.47	19.62	29.26	0.00	0.00
LBC	99	31.25	19.87	18.67	30.20	0.00	0.00
LBC	100	31.00	19.72	19.42	29.86	0.00	0.00
LBC	101	29.41	20.32	19.37	30.90	0.00	0.00
LBC	102	31.45	18.32	19.42	30.80	0.00	0.00
LBC	103	32.90	19.27	18.82	29.01	0.00	0.00
LBC	104	32.85	19.22	19.32	28.61	0.00	0.00
LBC	105	29.51	20.12	20.42	29.96	0.00	0.00
LBC	106	29.66	22.52	18.77	29.06	0.00	0.00
LBC	107	31.25	20.57	16.67	31.50	0.00	0.00
LBC	108	28.81	19.57	19.22	32.40	0.00	0.00
LBC	109	29.41	18.27	20.12	32.20	0.00	0.00
LBC	110	31.90	19.82	18.77	29.51	0.00	0.00
LBC	111	29.61	19.22	19.37	31.80	0.00	0.00
LBC	112	30.40	19.57	19.42	30.60	0.00	0.00
LBC	113	31.60	19.07	17.97	31.35	0.00	0.00
LBC	114	30.85	19.47	18.07	31.60	0.00	0.00
LBC	115	30.25	19.87	17.77	32.10	0.00	0.00
LBC	116	30.90	20.27	17.82	31.00	0.00	0.00
LBC	117	30.55	19.72	18.22	31.50	0.00	0.00
LBC	118	28.81	19.97	18.62	32.60	0.00	0.00
LBC	119	30.20	19.67	19.32	30.80	0.00	0.00
LBC	120	31.50	19.02	18.27	31.20	0.00	0.00
LBC	121	29.51	20.67	19.42	30.40	0.00	0.00
LBC	122	30.50	21.87	17.47	30.15	0.00	0.00
LBC	123	31.50	20.02	18.27	30.20	0.00	0.00
LBC	124	30.25	19.97	18.42	31.35	0.00	0.00
LBC	125	31.20	19.92	18.57	30.30	0.00	0.00
LBC	126	31.50	19.57	19.17	29.76	0.00	0.00
LBC	127	31.25	18.27	20.22	30.25	0.00	0.00
LBC	128	30.80	19.37	19.82	30.00	0.00	0.00
LBC	129	30.00	20.62	17.92	31.45	0.00	0.00
LBC	130	28.71	19.87	20.37	31.05	0.00	0.00
LBC	131	31.05	19.27	19.37	30.30	0.00	0.00
LBC	132	30.90	20.32	17.62	31.15	0.00	0.00
LBC	133	30.25	20.62	17.92	31.20	0.00	0.00
LBC	134	29.21	22.32	17.77	30.70	0.00	0.00
LBC	135	31.65	20.22	16.97	31.15	0.00	0.00
LBC	136	29.51	21.17	18.32	31.00	0.00	0.00
LBC	137	30.10	20.92	19.57	29.41	0.00	0.00
LBC	138	30.55	19.47	18.37	31.60	0.00	0.00
LBC	139	30.50	19.07	20.17	30.25	0.00	0.00
LBC	140	31.20	18.97	19.82	30.00	0.00	0.00
LBC	141	29.46	20.17	19.12	31.25	0.00	0.00
LBC	142	30.05	19.02	19.62	31.30	0.00	0.00
LBC	143	31.45	18.52	19.57	30.45	0.00	0.00
LBC	144	31.30	19.67	18.42	30.60	0.00	0.00
LBC	145	30.15	20.47	18.47	30.90	0.00	0.00
LBC	146	30.30	20.72	18.87	30.10	0.00	0.00
LBC	147	30.50	19.97	18.02	31.50	0.00	0.00
LBC	148	31.15	20.27	17.67	30.90	0.00	0.00
LBC	149	30.40	20.42	19.42	29.76	0.00	0.00
LBC	150	29.71	18.82	19.12	32.35	0.00	0.00
# ACGT raw counters for last fragments. Use `grep ^LTC | cut -f 2-` to extract this part. The columns are: A,C,G,T,N base counters
LTC	91764	59931	56580	92175	0
# Insert sizes. Use `grep ^IS | cut -f 2-` to extract this part. The columns are: insert size, pairs total, inward oriented pairs, outward oriented pairs, other pairs
IS	0	0	0	0	0
IS	1	0	0	0	0
IS	2	0	0	0	0
IS	3	0	0	0	0
IS	4	0	0	0	0
IS	5	0	0	0	0
IS	6	0	0	0	0
IS	7	0	0	0	0
IS	8	0	0	0	0
IS	9	0	0	0	0
IS	10	0	0	0	0
IS	11	0	0	0	0
IS	12	0	0	0	0
IS	13	0	0	0	0
IS	14	0	0	0	0
IS	15	0	0	0	0
IS	16	0	0	0	0
IS	17	0	0	0	0
IS	18	0	0	0	0
IS	19	0	0	0	0
IS	20	0	0	0	0
IS	21	0	0	0	0
IS	22	0	0	0	0
IS	23	0	0	0	0
IS	24	0	0	0	0
IS	25	0	0	0	0
IS	26	0	0	0	0
IS	27	0	0	0	0
IS	28	0	0	0	0
IS	29	0	0	0	0
IS	30	0	0	0	0
IS	31	0	0	0	0
IS	32	0	0	0	0
IS	33	0	0	0	0
IS	34	0	0	0	0
IS	35	0	0	0	0
IS	36	0	0	0	0
IS	37	0	0	0	0
IS	38	0	0	0	0
IS	39	0	0	0	0
IS	40	0	0	0	0
IS	41	0	0	0	0
IS	42	0	0	0	0
IS	43	0	0	0	0
IS	44	0	0	0	0
IS	45	0	0	0	0
IS	46	0	0	0	0
IS	47	0	0	0	0
IS	48	0	0	0	0
IS	49	0	0	0	0
IS	50	0	0	0	0
IS	51	0	0	0	0
IS	52	0	0	0	0
IS	53	0	0	0	0
IS	54	0	0	0	0
IS	55	0	0	0	0
IS	56	0	0	0	0
IS	57	0	0	0	0
IS	58	0	0	0	0
IS	59	0	0	0	0
IS	60	0	0	0	0
IS	61	0	0	0	0
IS	62	0	0	0	0
IS	63	0	0	0	0
IS	64	0	0	0	0
IS	65	0	0	0	0
IS	66	0	0	0	0
IS	67	0	0	0	0
IS	68	0	0	0	0
IS	69	0	0	0	0
IS	70	0	0	0	0
IS	71	0	0	0	0
IS	72	0	0	0	0
IS	73	0	0	0	0
IS	74	0	0	0	0
IS	75	0	0	0	0
IS	76	0	0	0	0
IS	77	0	0	0	0
IS	78	0	0	0	0
IS	79	0	0	0	0
IS	80	0	0	0	0
IS	81	0	0	0	0
IS	82	0	0	0	0
IS	83	0	0	0	0
IS	84	0	0	0	0
IS	85	0	0	0	0
IS	86	0	0	0	0
IS	87	0	0	0	0
IS	88	0	0	0	0
IS	89	0	0	0	0
IS	90	0	0	0	0
IS	91	0	0	0	0
IS	92	0	0	0	0
IS	93	0	0	0	0
IS	94	0	0	0	0
IS	95	0	0	0	0
IS	96	0	0	0	0
IS	97	0	0	0	0
IS	98	0	0	0	0
IS	99	0	0	0	0
IS	100	0	0	0	0
IS	101	0	0	0	0
IS	102	0	0	0	0
IS	103	0	0	0	0
IS	104	0	0	0	0
IS	105	0	0	0	0
IS	106	0	0	0	0
IS	107	0	0	0	0
IS	108	0	0	0	0
IS	109	0	0	0	0
IS	110	0	0	0	0
IS	111	0	0	0	0
IS	112	0	0	0	0
IS	113	0	0	0	0
IS	114	0	0	0	0
IS	115	0	0	0	0
IS	116	0	0	0	0
IS	117	0	0	0	0
IS	118	0	0	0	0
IS	119	0	0	0	0
IS	120	0	0	0	0
IS	121	0	0	0	0
IS	122	0	0	0	0
IS	123	0	0	0	0
IS	124	0	0	0	0
IS	125	0	0	0	0
IS	126	0	0	0	0
IS	127	0	0	0	0
IS	128	0	0	0	0
IS	129	0	0	0	0
IS	130	0	0	0	0
IS	131	0	0	0	0
IS	132	0	0	0	0
IS	133	0	0	0	0
IS	134	0	0	0	0
IS	135	0	0	0	0
IS	136	0	0	0	0
IS	137	0	0	0	0
IS	138	0	0	0	0
IS	139	0	0	0	0
IS	140	0	0	0	0
IS	141	0	0	0	0
IS	142	0	0	0	0
IS	143	0	0	0	0
IS	144	0	0	0	0
IS	145	0	0	0	0
IS	146	0	0	0	0
IS	147	0	0	0	0
IS	148	0	0	0	0
IS	149	0	0	0	0
IS	150	0	0	0	0
IS	151	0	0	0	0
IS	152	0	0	0	0
IS	153	0	0	0	0
IS	154	0	0	0	0
IS	155	0	0	0	0
IS	156	0	0	0	0
IS	157	0	0	0	0
IS	158	0	0	0	0
IS	159	0	0	0	0
IS	160	0	0	0	0
IS	161	0	0	0	0
IS	162	0	0	0	0
IS	163	0	0	0	0
IS	164	0	0	0	0
IS	165	0	0	0	0
IS	166	0	0	0	0
IS	167	0	0	0	0
IS	168	0	0	0	0
IS	169	0	0	0	0
IS	170	0	0	0	0
IS	171	0	0	0	0
IS	172	0	0	0	0
IS	173	0	0	0	0
IS	174	0	0	0	0
IS	175	0	0	0	0
IS	176	0	0	0	0
IS	177	0	0	0	0
IS	178	0	0	0	0
IS	179	0	0	0	0
IS	180	0	0	0	0
IS	181	0	0	0	0
IS	182	0	0	0	0
IS	183	0	0	0	0
IS	184	0	0	0	0
IS	185	0	0	0	0
IS	186	0	0	0	0
IS	187	0	0	0	0
IS	188	0	0	0	0
IS	189	0	0	0	0
IS	190	0	0	0	0
IS	191	0	0	0	0
IS	192	0	0	0	0
IS	193	0	0	0	0
IS	194	0	0	0	0
IS	195	0	0	0	0
IS	196	0	0	0	0
IS	197	0	0	0	0
IS	198	0	0	0	0
IS	199	0	0	0	0
IS	200	0	0	0	0
IS	201	0	0	0	0
IS	202	0	0	0	0
IS	203	0	0	0	0
IS	204	0	0	0	0
IS	205	0	0	0	0
IS	206	0	0	0	0
IS	207	0	0	0	0
IS	208	0	0	0	0
IS	209	0	0	0	0
IS	210	0	0	0	0
IS	211	0	0	0	0
IS	212	0	0	0	0
IS	213	0	0	0	0
IS	214	0	0	0	0
IS	215	0	0	0	0
IS	216	0	0	0	0
IS	217	0	0	0	0
IS	218	0	0	0	0
IS	219	0	0	0	0
IS	220	0	0	0	0
IS	221	0	0	0	0
IS	222	0	0	0	0
IS	223	0	0	0	0
IS	224	0	0	0	0
IS	225	0	0	0	0
IS	226	0	0	0	0
IS	227	0	0	0	0
IS	228	0	0	0	0
IS	229	0	0	0	0
IS	230	0	0	0	0
IS	231	0	0	0	0
IS	232	0	0	0	0
IS	233	0	0	0	0
IS	234	0	0	0	0
IS	235	0	0	0	0
IS	236	0	0	0	0
IS	237	0	0	0	0
IS	238	0	0	0	0
IS	239	0	0	0	0
IS	240	0	0	0	0
IS	241	0	0	0	0
IS	242	0	0	0	0
IS	243	0	0	0	0
IS	244	0	0	0	0
IS	245	0	0	0	0
IS	246	0	0	0	0
IS	247	0	0	0	0
IS	248	0	0	0	0
IS	249	0	0	0	0
IS	250	0	0	0	0
IS	251	0	0	0	0
IS	252	0	0	0	0
IS	253	0	0	0	0
IS	254	0	0	0	0
IS	255	0	0	0	0
IS	256	0	0	0	0
IS	257	0	0	0	0
IS	258	0	0	0	0
IS	259	0	0	0	0
IS	260	0	0	0	0
IS	261	0	0	0	0
IS	262	0	0	0	0
IS	263	0	0	0	0
IS	264	0	0	0	0
IS	265	0	0	0	0
IS	266	0	0	0	0
IS	267	0	0	0	0
IS	268	0	0	0	0
IS	269	0	0	0	0
IS	270	0	0	0	0
IS	271	0	0	0	0
IS	272	0	0	0	0
IS	273	0	0	0	0
IS	274	0	0	0	0
IS	275	0	0	0	0
IS	276	0	0	0	0
IS	277	0	0	0	0
IS	278	0	0	0	0
IS	279	0	0	0	0
IS	280	0	0	0	0
IS	281	0	0	0	0
IS	282	0	0	0	0
IS	283	0	0	0	0
IS	284	0	0	0	0
IS	285	0	0	0	0
IS	286	0	0	0	0
IS	287	0	0	0	0
IS	288	0	0	0	0
IS	289	0	0	0	0
IS	290	0	0	0	0
IS	291	0	0	0	0
IS	292	0	0	0	0
IS	293	0	0	0	0
IS	294	0	0	0	0
IS	295	0	0	0	0
IS	296	0	0	0	0
IS	297	0	0	0	0
IS	298	0	0	0	0
IS	299	0	0	0	0
IS	300	0	0	0	0
IS	301	0	0	0	0
IS	302	0	0	0	0
IS	303	0	0	0	0
IS	304	0	0	0	0
IS	305	0	0	0	0
IS	306	0	0	0	0
IS	307	0	0	0	0
IS	308	0	0	0	0
IS	309	0	0	0	0
IS	310	0	0	0	0
IS	311	0	0	0	0
IS	312	0	0	0	0
IS	313	0	0	0	0
IS	314	0	0	0	0
IS	315	0	0	0	0
IS	316	0	0	0	0
IS	317	0	0	0	0
IS	318	0	0	0	0
IS	319	0	0	0	0
IS	320	0	0	0	0
IS	321	0	0	0	0
IS	322	0	0	0	0
IS	323	0	0	0	0
IS	324	0	0	0	0
IS	325	0	0	0	0
IS	326	0	0	0	0
IS	327	0	0	0	0
IS	328	0	0	0	0
IS	329	0	0	0	0
IS	330	0	0	0	0
IS	331	0	0	0	0
IS	332	1	1	0	0
IS	333	0	0	0	0
IS	334	0	0	0	0
IS	335	0	0	0	0
IS	336	0	0	0	0
IS	337	0	0	0	0
IS	338	0	0	0	0
IS	339	0	0	0	0
IS	340	0	0	0	0
IS	341	0	0	0	0
IS	342	0	0	0	0
IS	343	0	0	0	0
IS	344	0	0	0	0
IS	345	0	0	0	0
IS	346	0	0	0	0
IS	347	0	0	0	0
IS	348	0	0	0	0
IS	349	0	0	0	0
IS	350	0	0	0	0
IS	351	0	0	0	0
IS	352	0	0	0	0
IS	353	0	0	0	0
IS	354	0	0	0	0
IS	355	0	0	0	0
IS	356	0	0	0	0
IS	357	0	0	0	0
IS	358	0	0	0	0
IS	359	1	1	0	0
IS	360	0	0	0	0
IS	361	0	0	0	0
IS	362	1	1	0	0
IS	363	0	0	0	0
IS	364	0	0	0	0
IS	365	0	0	0	0
IS	366	1	1	0	0
IS	367	2	2	0	0
IS	368	2	2	0	0
IS	369	0	0	0	0
IS	370	0	0	0	0
IS	371	0	0	0	0
IS	372	3	3	0	0
IS	373	0	0	0	0
IS	374	2	2	0	0
IS	375	0	0	0	0
IS	376	0	0	0	0
IS	377	1	1	0	0
IS	378	0	0	0	0
IS	379	1	1	0	0
IS	380	1	1	0	0
IS	381	0	0	0	0
IS	382	5	5	0	0
IS	383	1	1	0	0
IS	384	2	2	0	0
IS	385	1	1	0	0
IS	386	2	2	0	0
IS	387	0	0	0	0
IS	388	2	2	0	0
IS	389	1	1	0	0
IS	390	1	1	0	0
IS	391	2	2	0	0
IS	392	2	2	0	0
IS	393	1	1	0	0
IS	394	1	1	0	0
IS	395	0	0	0	0
IS	396	4	4	0	0
IS	397	2	2	0	0
IS	398	0	0	0	0
IS	399	2	2	0	0
IS	400	1	1	0	0
IS	401	3	3	0	0
IS	402	3	3	0	0
IS	403	4	4	0	0
IS	404	4	4	0	0
IS	405	2	2	0	0
IS	406	5	5	0	0
IS	407	2	2	0	0
IS	408	2	2	0	0
IS	409	2	2	0	0
IS	410	1	1	0	0
IS	411	2	2	0	0
IS	412	6	6	0	0
IS	413	2	2	0	0
IS	414	3	3	0	0
IS	415	2	2	0	0
IS	416	3	3	0	0
IS	417	1	1	0	0
IS	418	8	8	0	0
IS	419	3	3	0	0
IS	420	2	2	0	0
IS	421	6	6	0	0
IS	422	5	5	0	0
IS	423	5	5	0	0
IS	424	0	0	0	0
IS	425	3	3	0	0
IS	426	7	7	0	0
IS	427	6	6	0	0
IS	428	3	3	0	0
IS	429	10	10	0	0
IS	430	4	4	0	0
IS	431	3	3	0	0
IS	432	8	8	0	0
IS	433	11	11	0	0
IS	434	7	7	0	0
IS	435	5	5	0	0
IS	436	14	14	0	0
IS	437	12	12	0	0
IS	438	7	7	0	0
IS	439	6	6	0	0
IS	440	6	6	0	0
IS	441	9	9	0	0
IS	442	8	8	0	0
IS	443	11	11	0	0
IS	444	5	5	0	0
IS	445	5	5	0	0
IS	446	8	8	0	0
IS	447	10	10	0	0
IS	448	14	14	0	0
IS	449	12	12	0	0
IS	450	10	10	0	0
IS	451	10	10	0	0
IS	452	9	9	0	0
IS	453	14	14	0	0
IS	454	15	15	0	0
IS	455	5	5	0	0
IS	456	7	7	0	0
IS	457	12	12	0	0
IS	458	8	8	0	0
IS	459	10	10	0	0
IS	460	9	9	0	0
IS	461	9	9	0	0
IS	462	13	13	0	0
IS	463	8	8	0	0
IS	464	13	13	0	0
IS	465	12	12	0	0
IS	466	8	8	0	0
IS	467	12	12	0	0
IS	468	14	14	0	0
IS	469	15	15	0	0
IS	470	14	14	0	0
IS	471	16	16	0	0
IS	472	16	16	0	0
IS	473	20	20	0	0
IS	474	15	15	0	0
IS	475	14	14	0	0
IS	476	16	16	0	0
IS	477	8	8	0	0
IS	478	16	16	0	0
IS	479	14	14	0	0
IS	480	15	15	0	0
IS	481	10	10	0	0
IS	482	20	20	0	0
IS	483	17	17	0	0
IS	484	17	17	0	0
IS	485	13	13	0	0
IS	486	11	11	0	0
IS	487	18	18	0	0
IS	488	14	14	0	0
IS	489	13	13	0	0
IS	490	18	18	0	0
IS	491	12	12	0	0
IS	492	15	15	0	0
IS	493	10	10	0	0
IS	494	19	19	0	0
IS	495	16	16	0	0
IS	496	18	18	0	0
IS	497	14	14	0	0
IS	498	14	14	0	0
IS	499	17	17	0	0
IS	500	13	13	0	0
IS	501	19	19	0	0
IS	502	18	18	0	0
IS	503	17	17	0	0
IS	504	14	14	0	0
IS	505	18	18	0	0
IS	506	9	9	0	0
IS	507	20	20	0	0
IS	508	15	15	0	0
IS	509	9	9	0	0
IS	510	12	12	0	0
IS	511	22	22	0	0
IS	512	12	12	0	0
IS	513	20	20	0	0
IS	514	13	13	0	0
IS	515	16	16	0	0
IS	516	8	8	0	0
IS	517	26	26	0	0
IS	518	15	15	0	0
IS	519	16	16	0	0
IS	520	18	18	0	0
IS	521	19	19	0	0
IS	522	11	11	0	0
IS	523	17	17	0	0
IS	524	11	11	0	0
IS	525	18	18	0	0
IS	526	15	15	0	0
IS	527	10	10	0	0
IS	528	7	7	0	0
IS	529	11	11	0	0
IS	530	13	13	0	0
IS	531	10	10	0	0
IS	532	13	13	0	0
IS	533	10	10	0	0
IS	534	14	14	0	0
IS	535	13	13	0	0
IS	536	17	17	0	0
IS	537	13	13	0	0
IS	538	13	13	0	0
IS	539	11	11	0	0
IS	540	10	10	0	0
IS	541	9	9	0	0
IS	542	11	11	0	0
IS	543	11	11	0	0
IS	544	11	11	0	0
IS	545	11	11	0	0
IS	546	9	9	0	0
IS	547	6	6	0	0
IS	548	16	16	0	0
IS	549	12	12	0	0
IS	550	17	17	0	0
IS	551	11	11	0	0
IS	552	8	8	0	0
IS	553	9	9	0	0
IS	554	4	4	0	0
IS	555	7	7	0	0
IS	556	10	10	0	0
IS	557	7	7	0	0
IS	558	7	7	0	0
IS	559	7	7	0	0
IS	560	7	7	0	0
IS	561	8	8	0	0
IS	562	7	7	0	0
IS	563	8	8	0	0
IS	564	11	11	0	0
IS	565	11	11	0	0
IS	566	6	6	0	0
IS	567	4	4	0	0
IS	568	9	9	0	0
IS	569	8	8	0	0
IS	570	10	10	0	0
IS	571	7	7	0	0
IS	572	11	11	0	0
IS	573	7	7	0	0
IS	574	6	6	0	0
IS	575	6	6	0	0
IS	576	9	9	0	0
IS	577	8	8	0	0
IS	578	7	7	0	0
IS	579	3	3	0	0
IS	580	6	6	0	0
IS	581	5	5	0	0
IS	582	4	4	0	0
IS	583	3	3	0	0
IS	584	3	3	0	0
IS	585	3	3	0	0
IS	586	1	1	0	0
IS	587	3	3	0	0
IS	588	9	9	0	0
IS	589	3	3	0	0
IS	590	2	2	0	0
IS	591	1	1	0	0
IS	592	3	3	0	0
IS	593	1	1	0	0
IS	594	2	2	0	0
IS	595	1	1	0	0
IS	596	1	1	0	0
IS	597	3	3	0	0
IS	598	2	2	0	0
IS	599	0	0	0	0
IS	600	1	1	0	0
IS	601	3	3	0	0
IS	602	2	2	0	0
IS	603	1	1	0	0
IS	604	1	1	0	0
IS	605	2	2	0	0
IS	606	2	2	0	0
IS	607	2	2	0	0
IS	608	1	1	0	0
IS	609	1	1	0	0
IS	610	0	0	0	0
IS	611	2	2	0	0
IS	612	4	4	0	0
IS	613	0	0	0	0
IS	614	2	2	0	0
IS	615	0	0	0	0
IS	616	1	1	0	0
IS	617	0	0	0	0
IS	618	3	3	0	0
# Read lengths. Use `grep ^RL | cut -f 2-` to extract this part. The columns are: read length, count
RL	150	4006
# Read lengths - first fragments. Use `grep ^FRL | cut -f 2-` to extract this part. The columns are: read length, count
FRL	150	2003
# Read lengths - last fragments. Use `grep ^LRL | cut -f 2-` to extract this part. The columns are: read length, count
LRL	150	2003
# Mapping qualities for reads !(UNMAP|SECOND|SUPPL|QCFAIL|DUP). Use `grep ^MAPQ | cut -f 2-` to extract this part. The columns are: mapq, count
MAPQ	0	14
MAPQ	27	7
MAPQ	40	40
MAPQ	41	1
MAPQ	43	2
MAPQ	45	1
MAPQ	46	1
MAPQ	47	1
MAPQ	48	51
MAPQ	50	1
MAPQ	51	1
MAPQ	52	2
MAPQ	57	11
MAPQ	59	2
MAPQ	60	3871
# Indel distribution. Use `grep ^ID | cut -f 2-` to extract this part. The columns are: length, number of insertions, number of deletions
ID	1	2	0
# Indels per cycle. Use `grep ^IC | cut -f 2-` to extract this part. The columns are: cycle, number of insertions (fwd), .. (rev) , number of deletions (fwd), .. (rev)
IC	14	0	1	0	0
IC	101	0	1	0	0
# Coverage distribution. Use `grep ^COV | cut -f 2-` to extract this part.
COV	[1-1]	1	5750
COV	[2-2]	2	8483
COV	[3-3]	3	14649
COV	[4-4]	4	19232
COV	[5-5]	5	20309
COV	[6-6]	6	17168
COV	[7-7]	7	12707
COV	[8-8]	8	8163
COV	[9-9]	9	4402
COV	[10-10]	10	2602
COV	[11-11]	11	1796
COV	[12-12]	12	737
COV	[13-13]	13	230
COV	[14-14]	14	43
COV	[15-15]	15	33
COV	[16-16]	16	11
# GC-depth. Use `grep ^GCD | cut -f 2-` to extract this part. The columns are: GC%, unique sequence percentiles, 10th, 25th, 50th, 75th and 90th depth percentile
GCD	0.0	15.385	0.000	0.000	0.000	0.000	0.000
GCD	37.0	23.077	2.505	2.505	2.505	2.505	2.505
GCD	38.0	38.462	2.505	2.505	2.505	2.505	2.505
GCD	39.0	84.615	2.490	2.501	2.505	2.505	2.505
GCD	40.0	92.308	2.505	2.505	2.505	2.505	2.505
GCD	45.0	100.000	2.505	2.505	2.505	2.505	2.505
