# This file was produced by samtools stats (1.20+htslib-1.21) and can be plotted using plot-bamstats
# This file contains statistics for all reads.
# The command line was:  stats sample3788.sorted.group.rmdup.bam
# CHK, Checksum	[2]Read Names	[3]Sequences	[4]Qualities
# CHK, CRC32 of reads which passed filtering followed by addition (32bit overflow)
CHK	cf9508be	6996f1fe	93be98f0
# Summary Numbers. Use `grep ^SN | cut -f 2-` to extract this part.
SN	raw total sequences:	4008	# excluding supplementary and secondary reads
SN	filtered sequences:	0
SN	sequences:	4008
SN	is sorted:	1
SN	1st fragments:	2004
SN	last fragments:	2004
SN	reads mapped:	4008
SN	reads mapped and paired:	4008	# paired-end technology bit set + both mates mapped
SN	reads unmapped:	0
SN	reads properly paired:	4008	# proper-pair bit set
SN	reads paired:	4008	# paired-end technology bit set
SN	reads duplicated:	0	# PCR or optical duplicate bit set
SN	reads MQ0:	22	# mapped and MQ=0
SN	reads QC failed:	0
SN	non-primary alignments:	0
SN	supplementary alignments:	0
SN	total length:	601200	# ignores clipping
SN	total first fragment length:	300600	# ignores clipping
SN	total last fragment length:	300600	# ignores clipping
SN	bases mapped:	601200	# ignores clipping
SN	bases mapped (cigar):	601200	# more accurate
SN	bases trimmed:	0
SN	bases duplicated:	0
SN	mismatches:	1005	# from NM fields
SN	error rate:	1.671657e-03	# mismatches / bases mapped (cigar)
SN	average length:	150
SN	average first fragment length:	150
SN	average last fragment length:	150
SN	maximum length:	150
SN	maximum first fragment length:	150
SN	maximum last fragment length:	150
SN	average quality:	30.0
SN	insert size average:	497.2
SN	insert size standard deviation:	50.2
SN	inward oriented pairs:	2004
SN	outward oriented pairs:	0
SN	pairs with other orientation:	0
SN	pairs on different chromosomes:	0
SN	percentage of properly paired reads (%):	100.0
# First Fragment Qualities. Use `grep ^FFQ | cut -f 2-` to extract this part.
# Columns correspond to qualities and rows to cycles. First column is the cycle number.
FFQ	1	0	0	0	0	0	0	0	0	0	0	0	0	0	0	0	0	0	0	0	0	0	0	0	0	0	0	0	0	0	0	2004	0
FFQ	2	0	0	0	0	0	0	0	0	0	0	0	0	0	0	0	0	0	0	0	0	0	0	0	0	0	0	0	0	0	0	2004	0
FFQ	3	0	0	0	0	0	0	0	0	0	0	0	0	0	0	0	0	0	0	0	0	0	0	0	0	0	0	0	0	0	0	2004	0
FFQ	4	0	0	0	0	0	0	0	0	0	0	0	0	0	0	0	0	0	0	0	0	0	0	0	0	0	0	0	0	0	0	2004	0
FFQ	5	0	0	0	0	0	0	0	0	0	0	0	0	0	0	0	0	0	0	0	0	0	0	0	0	0	0	0	0	0	0	2004	0
FFQ	6	0	0	0	0	0	0	0	0	0	0	0	0	0	0	0	0	0	0	0	0	0	0	0	0	0	0	0	0	0	0	2004	0
FFQ	7	0	0	0	0	0	0	0	0	0	0	0	0	0	0	0	0	0	0	0	0	0	0	0	0	0	0	0	0	0	0	2004	0
FFQ	8	0	0	0	0	0	0	0	0	0	0	0	0	0	0	0	0	0	0	0	0	0	0	0	0	0	0	0	0	0	0	2004	0
FFQ	9	0	0	0	0	0	0	0	0	0	0	0	0	0	0	0	0	0	0	0	0	0	0	0	0	0	0	0	0	0	0	2004	0
FFQ	10	0	0	0	0	0	0	0	0	0	0	0	0	0	0	0	0	0	0	0	0	0	0	0	0	0	0	0	0	0	0	2004	0
FFQ	11	0	0	0	0	0	0	0	0	0	0	0	0	0	0	0	0	0	0	0	0	0	0	0	0	0	0	0	0	0	0	2004	0
FFQ	12	0	0	0	0	0	0	0	0	0	0	0	0	0	0	0	0	0	0	0	0	0	0	0	0	0	0	0	0	0	0	2004	0
FFQ	13	0	0	0	0	0	0	0	0	0	0	0	0	0	0	0	0	0	0	0	0	0	0	0	0	0	0	0	0	0	0	2004	0
FFQ	14	0	0	0	0	0	0	0	0	0	0	0	0	0	0	0	0	0	0	0	0	0	0	0	0	0	0	0	0	0	0	2004	0
FFQ	15	0	0	0	0	0	0	0	0	0	0	0	0	0	0	0	0	0	0	0	0	0	0	0	0	0	0	0	0	0	0	2004	0
FFQ	16	0	0	0	0	0	0	0	0	0	0	0	0	0	0	0	0	0	0	0	0	0	0	0	0	0	0	0	0	0	0	2004	0
FFQ	17	0	0	0	0	0	0	0	0	0	0	0	0	0	0	0	0	0	0	0	0	0	0	0	0	0	0	0	0	0	0	2004	0
FFQ	18	0	0	0	0	0	0	0	0	0	0	0	0	0	0	0	0	0	0	0	0	0	0	0	0	0	0	0	0	0	0	2004	0
FFQ	19	0	0	0	0	0	0	0	0	0	0	0	0	0	0	0	0	0	0	0	0	0	0	0	0	0	0	0	0	0	0	2004	0
FFQ	20	0	0	0	0	0	0	0	0	0	0	0	0	0	0	0	0	0	0	0	0	0	0	0	0	0	0	0	0	0	0	2004	0
FFQ	21	0	0	0	0	0	0	0	0	0	0	0	0	0	0	0	0	0	0	0	0	0	0	0	0	0	0	0	0	0	0	2004	0
FFQ	22	0	0	0	0	0	0	0	0	0	0	0	0	0	0	0	0	0	0	0	0	0	0	0	0	0	0	0	0	0	0	2004	0
FFQ	23	0	0	0	0	0	0	0	0	0	0	0	0	0	0	0	0	0	0	0	0	0	0	0	0	0	0	0	0	0	0	2004	0
FFQ	24	0	0	0	0	0	0	0	0	0	0	0	0	0	0	0	0	0	0	0	0	0	0	0	0	0	0	0	0	0	0	2004	0
FFQ	25	0	0	0	0	0	0	0	0	0	0	0	0	0	0	0	0	0	0	0	0	0	0	0	0	0	0	0	0	0	0	2004	0
FFQ	26	0	0	0	0	0	0	0	0	0	0	0	0	0	0	0	0	0	0	0	0	0	0	0	0	0	0	0	0	0	0	2004	0
FFQ	27	0	0	0	0	0	0	0	0	0	0	0	0	0	0	0	0	0	0	0	0	0	0	0	0	0	0	0	0	0	0	2004	0
FFQ	28	0	0	0	0	0	0	0	0	0	0	0	0	0	0	0	0	0	0	0	0	0	0	0	0	0	0	0	0	0	0	2004	0
FFQ	29	0	0	0	0	0	0	0	0	0	0	0	0	0	0	0	0	0	0	0	0	0	0	0	0	0	0	0	0	0	0	2004	0
FFQ	30	0	0	0	0	0	0	0	0	0	0	0	0	0	0	0	0	0	0	0	0	0	0	0	0	0	0	0	0	0	0	2004	0
FFQ	31	0	0	0	0	0	0	0	0	0	0	0	0	0	0	0	0	0	0	0	0	0	0	0	0	0	0	0	0	0	0	2004	0
FFQ	32	0	0	0	0	0	0	0	0	0	0	0	0	0	0	0	0	0	0	0	0	0	0	0	0	0	0	0	0	0	0	2004	0
FFQ	33	0	0	0	0	0	0	0	0	0	0	0	0	0	0	0	0	0	0	0	0	0	0	0	0	0	0	0	0	0	0	2004	0
FFQ	34	0	0	0	0	0	0	0	0	0	0	0	0	0	0	0	0	0	0	0	0	0	0	0	0	0	0	0	0	0	0	2004	0
FFQ	35	0	0	0	0	0	0	0	0	0	0	0	0	0	0	0	0	0	0	0	0	0	0	0	0	0	0	0	0	0	0	2004	0
FFQ	36	0	0	0	0	0	0	0	0	0	0	0	0	0	0	0	0	0	0	0	0	0	0	0	0	0	0	0	0	0	0	2004	0
FFQ	37	0	0	0	0	0	0	0	0	0	0	0	0	0	0	0	0	0	0	0	0	0	0	0	0	0	0	0	0	0	0	2004	0
FFQ	38	0	0	0	0	0	0	0	0	0	0	0	0	0	0	0	0	0	0	0	0	0	0	0	0	0	0	0	0	0	0	2004	0
FFQ	39	0	0	0	0	0	0	0	0	0	0	0	0	0	0	0	0	0	0	0	0	0	0	0	0	0	0	0	0	0	0	2004	0
FFQ	40	0	0	0	0	0	0	0	0	0	0	0	0	0	0	0	0	0	0	0	0	0	0	0	0	0	0	0	0	0	0	2004	0
FFQ	41	0	0	0	0	0	0	0	0	0	0	0	0	0	0	0	0	0	0	0	0	0	0	0	0	0	0	0	0	0	0	2004	0
FFQ	42	0	0	0	0	0	0	0	0	0	0	0	0	0	0	0	0	0	0	0	0	0	0	0	0	0	0	0	0	0	0	2004	0
FFQ	43	0	0	0	0	0	0	0	0	0	0	0	0	0	0	0	0	0	0	0	0	0	0	0	0	0	0	0	0	0	0	2004	0
FFQ	44	0	0	0	0	0	0	0	0	0	0	0	0	0	0	0	0	0	0	0	0	0	0	0	0	0	0	0	0	0	0	2004	0
FFQ	45	0	0	0	0	0	0	0	0	0	0	0	0	0	0	0	0	0	0	0	0	0	0	0	0	0	0	0	0	0	0	2004	0
FFQ	46	0	0	0	0	0	0	0	0	0	0	0	0	0	0	0	0	0	0	0	0	0	0	0	0	0	0	0	0	0	0	2004	0
FFQ	47	0	0	0	0	0	0	0	0	0	0	0	0	0	0	0	0	0	0	0	0	0	0	0	0	0	0	0	0	0	0	2004	0
FFQ	48	0	0	0	0	0	0	0	0	0	0	0	0	0	0	0	0	0	0	0	0	0	0	0	0	0	0	0	0	0	0	2004	0
FFQ	49	0	0	0	0	0	0	0	0	0	0	0	0	0	0	0	0	0	0	0	0	0	0	0	0	0	0	0	0	0	0	2004	0
FFQ	50	0	0	0	0	0	0	0	0	0	0	0	0	0	0	0	0	0	0	0	0	0	0	0	0	0	0	0	0	0	0	2004	0
FFQ	51	0	0	0	0	0	0	0	0	0	0	0	0	0	0	0	0	0	0	0	0	0	0	0	0	0	0	0	0	0	0	2004	0
FFQ	52	0	0	0	0	0	0	0	0	0	0	0	0	0	0	0	0	0	0	0	0	0	0	0	0	0	0	0	0	0	0	2004	0
FFQ	53	0	0	0	0	0	0	0	0	0	0	0	0	0	0	0	0	0	0	0	0	0	0	0	0	0	0	0	0	0	0	2004	0
FFQ	54	0	0	0	0	0	0	0	0	0	0	0	0	0	0	0	0	0	0	0	0	0	0	0	0	0	0	0	0	0	0	2004	0
FFQ	55	0	0	0	0	0	0	0	0	0	0	0	0	0	0	0	0	0	0	0	0	0	0	0	0	0	0	0	0	0	0	2004	0
FFQ	56	0	0	0	0	0	0	0	0	0	0	0	0	0	0	0	0	0	0	0	0	0	0	0	0	0	0	0	0	0	0	2004	0
FFQ	57	0	0	0	0	0	0	0	0	0	0	0	0	0	0	0	0	0	0	0	0	0	0	0	0	0	0	0	0	0	0	2004	0
FFQ	58	0	0	0	0	0	0	0	0	0	0	0	0	0	0	0	0	0	0	0	0	0	0	0	0	0	0	0	0	0	0	2004	0
FFQ	59	0	0	0	0	0	0	0	0	0	0	0	0	0	0	0	0	0	0	0	0	0	0	0	0	0	0	0	0	0	0	2004	0
FFQ	60	0	0	0	0	0	0	0	0	0	0	0	0	0	0	0	0	0	0	0	0	0	0	0	0	0	0	0	0	0	0	2004	0
FFQ	61	0	0	0	0	0	0	0	0	0	0	0	0	0	0	0	0	0	0	0	0	0	0	0	0	0	0	0	0	0	0	2004	0
FFQ	62	0	0	0	0	0	0	0	0	0	0	0	0	0	0	0	0	0	0	0	0	0	0	0	0	0	0	0	0	0	0	2004	0
FFQ	63	0	0	0	0	0	0	0	0	0	0	0	0	0	0	0	0	0	0	0	0	0	0	0	0	0	0	0	0	0	0	2004	0
FFQ	64	0	0	0	0	0	0	0	0	0	0	0	0	0	0	0	0	0	0	0	0	0	0	0	0	0	0	0	0	0	0	2004	0
FFQ	65	0	0	0	0	0	0	0	0	0	0	0	0	0	0	0	0	0	0	0	0	0	0	0	0	0	0	0	0	0	0	2004	0
FFQ	66	0	0	0	0	0	0	0	0	0	0	0	0	0	0	0	0	0	0	0	0	0	0	0	0	0	0	0	0	0	0	2004	0
FFQ	67	0	0	0	0	0	0	0	0	0	0	0	0	0	0	0	0	0	0	0	0	0	0	0	0	0	0	0	0	0	0	2004	0
FFQ	68	0	0	0	0	0	0	0	0	0	0	0	0	0	0	0	0	0	0	0	0	0	0	0	0	0	0	0	0	0	0	2004	0
FFQ	69	0	0	0	0	0	0	0	0	0	0	0	0	0	0	0	0	0	0	0	0	0	0	0	0	0	0	0	0	0	0	2004	0
FFQ	70	0	0	0	0	0	0	0	0	0	0	0	0	0	0	0	0	0	0	0	0	0	0	0	0	0	0	0	0	0	0	2004	0
FFQ	71	0	0	0	0	0	0	0	0	0	0	0	0	0	0	0	0	0	0	0	0	0	0	0	0	0	0	0	0	0	0	2004	0
FFQ	72	0	0	0	0	0	0	0	0	0	0	0	0	0	0	0	0	0	0	0	0	0	0	0	0	0	0	0	0	0	0	2004	0
FFQ	73	0	0	0	0	0	0	0	0	0	0	0	0	0	0	0	0	0	0	0	0	0	0	0	0	0	0	0	0	0	0	2004	0
FFQ	74	0	0	0	0	0	0	0	0	0	0	0	0	0	0	0	0	0	0	0	0	0	0	0	0	0	0	0	0	0	0	2004	0
FFQ	75	0	0	0	0	0	0	0	0	0	0	0	0	0	0	0	0	0	0	0	0	0	0	0	0	0	0	0	0	0	0	2004	0
FFQ	76	0	0	0	0	0	0	0	0	0	0	0	0	0	0	0	0	0	0	0	0	0	0	0	0	0	0	0	0	0	0	2004	0
FFQ	77	0	0	0	0	0	0	0	0	0	0	0	0	0	0	0	0	0	0	0	0	0	0	0	0	0	0	0	0	0	0	2004	0
FFQ	78	0	0	0	0	0	0	0	0	0	0	0	0	0	0	0	0	0	0	0	0	0	0	0	0	0	0	0	0	0	0	2004	0
FFQ	79	0	0	0	0	0	0	0	0	0	0	0	0	0	0	0	0	0	0	0	0	0	0	0	0	0	0	0	0	0	0	2004	0
FFQ	80	0	0	0	0	0	0	0	0	0	0	0	0	0	0	0	0	0	0	0	0	0	0	0	0	0	0	0	0	0	0	2004	0
FFQ	81	0	0	0	0	0	0	0	0	0	0	0	0	0	0	0	0	0	0	0	0	0	0	0	0	0	0	0	0	0	0	2004	0
FFQ	82	0	0	0	0	0	0	0	0	0	0	0	0	0	0	0	0	0	0	0	0	0	0	0	0	0	0	0	0	0	0	2004	0
FFQ	83	0	0	0	0	0	0	0	0	0	0	0	0	0	0	0	0	0	0	0	0	0	0	0	0	0	0	0	0	0	0	2004	0
FFQ	84	0	0	0	0	0	0	0	0	0	0	0	0	0	0	0	0	0	0	0	0	0	0	0	0	0	0	0	0	0	0	2004	0
FFQ	85	0	0	0	0	0	0	0	0	0	0	0	0	0	0	0	0	0	0	0	0	0	0	0	0	0	0	0	0	0	0	2004	0
FFQ	86	0	0	0	0	0	0	0	0	0	0	0	0	0	0	0	0	0	0	0	0	0	0	0	0	0	0	0	0	0	0	2004	0
FFQ	87	0	0	0	0	0	0	0	0	0	0	0	0	0	0	0	0	0	0	0	0	0	0	0	0	0	0	0	0	0	0	2004	0
FFQ	88	0	0	0	0	0	0	0	0	0	0	0	0	0	0	0	0	0	0	0	0	0	0	0	0	0	0	0	0	0	0	2004	0
FFQ	89	0	0	0	0	0	0	0	0	0	0	0	0	0	0	0	0	0	0	0	0	0	0	0	0	0	0	0	0	0	0	2004	0
FFQ	90	0	0	0	0	0	0	0	0	0	0	0	0	0	0	0	0	0	0	0	0	0	0	0	0	0	0	0	0	0	0	2004	0
FFQ	91	0	0	0	0	0	0	0	0	0	0	0	0	0	0	0	0	0	0	0	0	0	0	0	0	0	0	0	0	0	0	2004	0
FFQ	92	0	0	0	0	0	0	0	0	0	0	0	0	0	0	0	0	0	0	0	0	0	0	0	0	0	0	0	0	0	0	2004	0
FFQ	93	0	0	0	0	0	0	0	0	0	0	0	0	0	0	0	0	0	0	0	0	0	0	0	0	0	0	0	0	0	0	2004	0
FFQ	94	0	0	0	0	0	0	0	0	0	0	0	0	0	0	0	0	0	0	0	0	0	0	0	0	0	0	0	0	0	0	2004	0
FFQ	95	0	0	0	0	0	0	0	0	0	0	0	0	0	0	0	0	0	0	0	0	0	0	0	0	0	0	0	0	0	0	2004	0
FFQ	96	0	0	0	0	0	0	0	0	0	0	0	0	0	0	0	0	0	0	0	0	0	0	0	0	0	0	0	0	0	0	2004	0
FFQ	97	0	0	0	0	0	0	0	0	0	0	0	0	0	0	0	0	0	0	0	0	0	0	0	0	0	0	0	0	0	0	2004	0
FFQ	98	0	0	0	0	0	0	0	0	0	0	0	0	0	0	0	0	0	0	0	0	0	0	0	0	0	0	0	0	0	0	2004	0
FFQ	99	0	0	0	0	0	0	0	0	0	0	0	0	0	0	0	0	0	0	0	0	0	0	0	0	0	0	0	0	0	0	2004	0
FFQ	100	0	0	0	0	0	0	0	0	0	0	0	0	0	0	0	0	0	0	0	0	0	0	0	0	0	0	0	0	0	0	2004	0
FFQ	101	0	0	0	0	0	0	0	0	0	0	0	0	0	0	0	0	0	0	0	0	0	0	0	0	0	0	0	0	0	0	2004	0
FFQ	102	0	0	0	0	0	0	0	0	0	0	0	0	0	0	0	0	0	0	0	0	0	0	0	0	0	0	0	0	0	0	2004	0
FFQ	103	0	0	0	0	0	0	0	0	0	0	0	0	0	0	0	0	0	0	0	0	0	0	0	0	0	0	0	0	0	0	2004	0
FFQ	104	0	0	0	0	0	0	0	0	0	0	0	0	0	0	0	0	0	0	0	0	0	0	0	0	0	0	0	0	0	0	2004	0
FFQ	105	0	0	0	0	0	0	0	0	0	0	0	0	0	0	0	0	0	0	0	0	0	0	0	0	0	0	0	0	0	0	2004	0
FFQ	106	0	0	0	0	0	0	0	0	0	0	0	0	0	0	0	0	0	0	0	0	0	0	0	0	0	0	0	0	0	0	2004	0
FFQ	107	0	0	0	0	0	0	0	0	0	0	0	0	0	0	0	0	0	0	0	0	0	0	0	0	0	0	0	0	0	0	2004	0
FFQ	108	0	0	0	0	0	0	0	0	0	0	0	0	0	0	0	0	0	0	0	0	0	0	0	0	0	0	0	0	0	0	2004	0
FFQ	109	0	0	0	0	0	0	0	0	0	0	0	0	0	0	0	0	0	0	0	0	0	0	0	0	0	0	0	0	0	0	2004	0
FFQ	110	0	0	0	0	0	0	0	0	0	0	0	0	0	0	0	0	0	0	0	0	0	0	0	0	0	0	0	0	0	0	2004	0
FFQ	111	0	0	0	0	0	0	0	0	0	0	0	0	0	0	0	0	0	0	0	0	0	0	0	0	0	0	0	0	0	0	2004	0
FFQ	112	0	0	0	0	0	0	0	0	0	0	0	0	0	0	0	0	0	0	0	0	0	0	0	0	0	0	0	0	0	0	2004	0
FFQ	113	0	0	0	0	0	0	0	0	0	0	0	0	0	0	0	0	0	0	0	0	0	0	0	0	0	0	0	0	0	0	2004	0
FFQ	114	0	0	0	0	0	0	0	0	0	0	0	0	0	0	0	0	0	0	0	0	0	0	0	0	0	0	0	0	0	0	2004	0
FFQ	115	0	0	0	0	0	0	0	0	0	0	0	0	0	0	0	0	0	0	0	0	0	0	0	0	0	0	0	0	0	0	2004	0
FFQ	116	0	0	0	0	0	0	0	0	0	0	0	0	0	0	0	0	0	0	0	0	0	0	0	0	0	0	0	0	0	0	2004	0
FFQ	117	0	0	0	0	0	0	0	0	0	0	0	0	0	0	0	0	0	0	0	0	0	0	0	0	0	0	0	0	0	0	2004	0
FFQ	118	0	0	0	0	0	0	0	0	0	0	0	0	0	0	0	0	0	0	0	0	0	0	0	0	0	0	0	0	0	0	2004	0
FFQ	119	0	0	0	0	0	0	0	0	0	0	0	0	0	0	0	0	0	0	0	0	0	0	0	0	0	0	0	0	0	0	2004	0
FFQ	120	0	0	0	0	0	0	0	0	0	0	0	0	0	0	0	0	0	0	0	0	0	0	0	0	0	0	0	0	0	0	2004	0
FFQ	121	0	0	0	0	0	0	0	0	0	0	0	0	0	0	0	0	0	0	0	0	0	0	0	0	0	0	0	0	0	0	2004	0
FFQ	122	0	0	0	0	0	0	0	0	0	0	0	0	0	0	0	0	0	0	0	0	0	0	0	0	0	0	0	0	0	0	2004	0
FFQ	123	0	0	0	0	0	0	0	0	0	0	0	0	0	0	0	0	0	0	0	0	0	0	0	0	0	0	0	0	0	0	2004	0
FFQ	124	0	0	0	0	0	0	0	0	0	0	0	0	0	0	0	0	0	0	0	0	0	0	0	0	0	0	0	0	0	0	2004	0
FFQ	125	0	0	0	0	0	0	0	0	0	0	0	0	0	0	0	0	0	0	0	0	0	0	0	0	0	0	0	0	0	0	2004	0
FFQ	126	0	0	0	0	0	0	0	0	0	0	0	0	0	0	0	0	0	0	0	0	0	0	0	0	0	0	0	0	0	0	2004	0
FFQ	127	0	0	0	0	0	0	0	0	0	0	0	0	0	0	0	0	0	0	0	0	0	0	0	0	0	0	0	0	0	0	2004	0
FFQ	128	0	0	0	0	0	0	0	0	0	0	0	0	0	0	0	0	0	0	0	0	0	0	0	0	0	0	0	0	0	0	2004	0
FFQ	129	0	0	0	0	0	0	0	0	0	0	0	0	0	0	0	0	0	0	0	0	0	0	0	0	0	0	0	0	0	0	2004	0
FFQ	130	0	0	0	0	0	0	0	0	0	0	0	0	0	0	0	0	0	0	0	0	0	0	0	0	0	0	0	0	0	0	2004	0
FFQ	131	0	0	0	0	0	0	0	0	0	0	0	0	0	0	0	0	0	0	0	0	0	0	0	0	0	0	0	0	0	0	2004	0
FFQ	132	0	0	0	0	0	0	0	0	0	0	0	0	0	0	0	0	0	0	0	0	0	0	0	0	0	0	0	0	0	0	2004	0
FFQ	133	0	0	0	0	0	0	0	0	0	0	0	0	0	0	0	0	0	0	0	0	0	0	0	0	0	0	0	0	0	0	2004	0
FFQ	134	0	0	0	0	0	0	0	0	0	0	0	0	0	0	0	0	0	0	0	0	0	0	0	0	0	0	0	0	0	0	2004	0
FFQ	135	0	0	0	0	0	0	0	0	0	0	0	0	0	0	0	0	0	0	0	0	0	0	0	0	0	0	0	0	0	0	2004	0
FFQ	136	0	0	0	0	0	0	0	0	0	0	0	0	0	0	0	0	0	0	0	0	0	0	0	0	0	0	0	0	0	0	2004	0
FFQ	137	0	0	0	0	0	0	0	0	0	0	0	0	0	0	0	0	0	0	0	0	0	0	0	0	0	0	0	0	0	0	2004	0
FFQ	138	0	0	0	0	0	0	0	0	0	0	0	0	0	0	0	0	0	0	0	0	0	0	0	0	0	0	0	0	0	0	2004	0
FFQ	139	0	0	0	0	0	0	0	0	0	0	0	0	0	0	0	0	0	0	0	0	0	0	0	0	0	0	0	0	0	0	2004	0
FFQ	140	0	0	0	0	0	0	0	0	0	0	0	0	0	0	0	0	0	0	0	0	0	0	0	0	0	0	0	0	0	0	2004	0
FFQ	141	0	0	0	0	0	0	0	0	0	0	0	0	0	0	0	0	0	0	0	0	0	0	0	0	0	0	0	0	0	0	2004	0
FFQ	142	0	0	0	0	0	0	0	0	0	0	0	0	0	0	0	0	0	0	0	0	0	0	0	0	0	0	0	0	0	0	2004	0
FFQ	143	0	0	0	0	0	0	0	0	0	0	0	0	0	0	0	0	0	0	0	0	0	0	0	0	0	0	0	0	0	0	2004	0
FFQ	144	0	0	0	0	0	0	0	0	0	0	0	0	0	0	0	0	0	0	0	0	0	0	0	0	0	0	0	0	0	0	2004	0
FFQ	145	0	0	0	0	0	0	0	0	0	0	0	0	0	0	0	0	0	0	0	0	0	0	0	0	0	0	0	0	0	0	2004	0
FFQ	146	0	0	0	0	0	0	0	0	0	0	0	0	0	0	0	0	0	0	0	0	0	0	0	0	0	0	0	0	0	0	2004	0
FFQ	147	0	0	0	0	0	0	0	0	0	0	0	0	0	0	0	0	0	0	0	0	0	0	0	0	0	0	0	0	0	0	2004	0
FFQ	148	0	0	0	0	0	0	0	0	0	0	0	0	0	0	0	0	0	0	0	0	0	0	0	0	0	0	0	0	0	0	2004	0
FFQ	149	0	0	0	0	0	0	0	0	0	0	0	0	0	0	0	0	0	0	0	0	0	0	0	0	0	0	0	0	0	0	2004	0
FFQ	150	0	0	0	0	0	0	0	0	0	0	0	0	0	0	0	0	0	0	0	0	0	0	0	0	0	0	0	0	0	0	2004	0
# Last Fragment Qualities. Use `grep ^LFQ | cut -f 2-` to extract this part.
# Columns correspond to qualities and rows to cycles. First column is the cycle number.
LFQ	1	0	0	0	0	0	0	0	0	0	0	0	0	0	0	0	0	0	0	0	0	0	0	0	0	0	0	0	0	0	0	2004	0
LFQ	2	0	0	0	0	0	0	0	0	0	0	0	0	0	0	0	0	0	0	0	0	0	0	0	0	0	0	0	0	0	0	2004	0
LFQ	3	0	0	0	0	0	0	0	0	0	0	0	0	0	0	0	0	0	0	0	0	0	0	0	0	0	0	0	0	0	0	2004	0
LFQ	4	0	0	0	0	0	0	0	0	0	0	0	0	0	0	0	0	0	0	0	0	0	0	0	0	0	0	0	0	0	0	2004	0
LFQ	5	0	0	0	0	0	0	0	0	0	0	0	0	0	0	0	0	0	0	0	0	0	0	0	0	0	0	0	0	0	0	2004	0
LFQ	6	0	0	0	0	0	0	0	0	0	0	0	0	0	0	0	0	0	0	0	0	0	0	0	0	0	0	0	0	0	0	2004	0
LFQ	7	0	0	0	0	0	0	0	0	0	0	0	0	0	0	0	0	0	0	0	0	0	0	0	0	0	0	0	0	0	0	2004	0
LFQ	8	0	0	0	0	0	0	0	0	0	0	0	0	0	0	0	0	0	0	0	0	0	0	0	0	0	0	0	0	0	0	2004	0
LFQ	9	0	0	0	0	0	0	0	0	0	0	0	0	0	0	0	0	0	0	0	0	0	0	0	0	0	0	0	0	0	0	2004	0
LFQ	10	0	0	0	0	0	0	0	0	0	0	0	0	0	0	0	0	0	0	0	0	0	0	0	0	0	0	0	0	0	0	2004	0
LFQ	11	0	0	0	0	0	0	0	0	0	0	0	0	0	0	0	0	0	0	0	0	0	0	0	0	0	0	0	0	0	0	2004	0
LFQ	12	0	0	0	0	0	0	0	0	0	0	0	0	0	0	0	0	0	0	0	0	0	0	0	0	0	0	0	0	0	0	2004	0
LFQ	13	0	0	0	0	0	0	0	0	0	0	0	0	0	0	0	0	0	0	0	0	0	0	0	0	0	0	0	0	0	0	2004	0
LFQ	14	0	0	0	0	0	0	0	0	0	0	0	0	0	0	0	0	0	0	0	0	0	0	0	0	0	0	0	0	0	0	2004	0
LFQ	15	0	0	0	0	0	0	0	0	0	0	0	0	0	0	0	0	0	0	0	0	0	0	0	0	0	0	0	0	0	0	2004	0
LFQ	16	0	0	0	0	0	0	0	0	0	0	0	0	0	0	0	0	0	0	0	0	0	0	0	0	0	0	0	0	0	0	2004	0
LFQ	17	0	0	0	0	0	0	0	0	0	0	0	0	0	0	0	0	0	0	0	0	0	0	0	0	0	0	0	0	0	0	2004	0
LFQ	18	0	0	0	0	0	0	0	0	0	0	0	0	0	0	0	0	0	0	0	0	0	0	0	0	0	0	0	0	0	0	2004	0
LFQ	19	0	0	0	0	0	0	0	0	0	0	0	0	0	0	0	0	0	0	0	0	0	0	0	0	0	0	0	0	0	0	2004	0
LFQ	20	0	0	0	0	0	0	0	0	0	0	0	0	0	0	0	0	0	0	0	0	0	0	0	0	0	0	0	0	0	0	2004	0
LFQ	21	0	0	0	0	0	0	0	0	0	0	0	0	0	0	0	0	0	0	0	0	0	0	0	0	0	0	0	0	0	0	2004	0
LFQ	22	0	0	0	0	0	0	0	0	0	0	0	0	0	0	0	0	0	0	0	0	0	0	0	0	0	0	0	0	0	0	2004	0
LFQ	23	0	0	0	0	0	0	0	0	0	0	0	0	0	0	0	0	0	0	0	0	0	0	0	0	0	0	0	0	0	0	2004	0
LFQ	24	0	0	0	0	0	0	0	0	0	0	0	0	0	0	0	0	0	0	0	0	0	0	0	0	0	0	0	0	0	0	2004	0
LFQ	25	0	0	0	0	0	0	0	0	0	0	0	0	0	0	0	0	0	0	0	0	0	0	0	0	0	0	0	0	0	0	2004	0
LFQ	26	0	0	0	0	0	0	0	0	0	0	0	0	0	0	0	0	0	0	0	0	0	0	0	0	0	0	0	0	0	0	2004	0
LFQ	27	0	0	0	0	0	0	0	0	0	0	0	0	0	0	0	0	0	0	0	0	0	0	0	0	0	0	0	0	0	0	2004	0
LFQ	28	0	0	0	0	0	0	0	0	0	0	0	0	0	0	0	0	0	0	0	0	0	0	0	0	0	0	0	0	0	0	2004	0
LFQ	29	0	0	0	0	0	0	0	0	0	0	0	0	0	0	0	0	0	0	0	0	0	0	0	0	0	0	0	0	0	0	2004	0
LFQ	30	0	0	0	0	0	0	0	0	0	0	0	0	0	0	0	0	0	0	0	0	0	0	0	0	0	0	0	0	0	0	2004	0
LFQ	31	0	0	0	0	0	0	0	0	0	0	0	0	0	0	0	0	0	0	0	0	0	0	0	0	0	0	0	0	0	0	2004	0
LFQ	32	0	0	0	0	0	0	0	0	0	0	0	0	0	0	0	0	0	0	0	0	0	0	0	0	0	0	0	0	0	0	2004	0
LFQ	33	0	0	0	0	0	0	0	0	0	0	0	0	0	0	0	0	0	0	0	0	0	0	0	0	0	0	0	0	0	0	2004	0
LFQ	34	0	0	0	0	0	0	0	0	0	0	0	0	0	0	0	0	0	0	0	0	0	0	0	0	0	0	0	0	0	0	2004	0
LFQ	35	0	0	0	0	0	0	0	0	0	0	0	0	0	0	0	0	0	0	0	0	0	0	0	0	0	0	0	0	0	0	2004	0
LFQ	36	0	0	0	0	0	0	0	0	0	0	0	0	0	0	0	0	0	0	0	0	0	0	0	0	0	0	0	0	0	0	2004	0
LFQ	37	0	0	0	0	0	0	0	0	0	0	0	0	0	0	0	0	0	0	0	0	0	0	0	0	0	0	0	0	0	0	2004	0
LFQ	38	0	0	0	0	0	0	0	0	0	0	0	0	0	0	0	0	0	0	0	0	0	0	0	0	0	0	0	0	0	0	2004	0
LFQ	39	0	0	0	0	0	0	0	0	0	0	0	0	0	0	0	0	0	0	0	0	0	0	0	0	0	0	0	0	0	0	2004	0
LFQ	40	0	0	0	0	0	0	0	0	0	0	0	0	0	0	0	0	0	0	0	0	0	0	0	0	0	0	0	0	0	0	2004	0
LFQ	41	0	0	0	0	0	0	0	0	0	0	0	0	0	0	0	0	0	0	0	0	0	0	0	0	0	0	0	0	0	0	2004	0
LFQ	42	0	0	0	0	0	0	0	0	0	0	0	0	0	0	0	0	0	0	0	0	0	0	0	0	0	0	0	0	0	0	2004	0
LFQ	43	0	0	0	0	0	0	0	0	0	0	0	0	0	0	0	0	0	0	0	0	0	0	0	0	0	0	0	0	0	0	2004	0
LFQ	44	0	0	0	0	0	0	0	0	0	0	0	0	0	0	0	0	0	0	0	0	0	0	0	0	0	0	0	0	0	0	2004	0
LFQ	45	0	0	0	0	0	0	0	0	0	0	0	0	0	0	0	0	0	0	0	0	0	0	0	0	0	0	0	0	0	0	2004	0
LFQ	46	0	0	0	0	0	0	0	0	0	0	0	0	0	0	0	0	0	0	0	0	0	0	0	0	0	0	0	0	0	0	2004	0
LFQ	47	0	0	0	0	0	0	0	0	0	0	0	0	0	0	0	0	0	0	0	0	0	0	0	0	0	0	0	0	0	0	2004	0
LFQ	48	0	0	0	0	0	0	0	0	0	0	0	0	0	0	0	0	0	0	0	0	0	0	0	0	0	0	0	0	0	0	2004	0
LFQ	49	0	0	0	0	0	0	0	0	0	0	0	0	0	0	0	0	0	0	0	0	0	0	0	0	0	0	0	0	0	0	2004	0
LFQ	50	0	0	0	0	0	0	0	0	0	0	0	0	0	0	0	0	0	0	0	0	0	0	0	0	0	0	0	0	0	0	2004	0
LFQ	51	0	0	0	0	0	0	0	0	0	0	0	0	0	0	0	0	0	0	0	0	0	0	0	0	0	0	0	0	0	0	2004	0
LFQ	52	0	0	0	0	0	0	0	0	0	0	0	0	0	0	0	0	0	0	0	0	0	0	0	0	0	0	0	0	0	0	2004	0
LFQ	53	0	0	0	0	0	0	0	0	0	0	0	0	0	0	0	0	0	0	0	0	0	0	0	0	0	0	0	0	0	0	2004	0
LFQ	54	0	0	0	0	0	0	0	0	0	0	0	0	0	0	0	0	0	0	0	0	0	0	0	0	0	0	0	0	0	0	2004	0
LFQ	55	0	0	0	0	0	0	0	0	0	0	0	0	0	0	0	0	0	0	0	0	0	0	0	0	0	0	0	0	0	0	2004	0
LFQ	56	0	0	0	0	0	0	0	0	0	0	0	0	0	0	0	0	0	0	0	0	0	0	0	0	0	0	0	0	0	0	2004	0
LFQ	57	0	0	0	0	0	0	0	0	0	0	0	0	0	0	0	0	0	0	0	0	0	0	0	0	0	0	0	0	0	0	2004	0
LFQ	58	0	0	0	0	0	0	0	0	0	0	0	0	0	0	0	0	0	0	0	0	0	0	0	0	0	0	0	0	0	0	2004	0
LFQ	59	0	0	0	0	0	0	0	0	0	0	0	0	0	0	0	0	0	0	0	0	0	0	0	0	0	0	0	0	0	0	2004	0
LFQ	60	0	0	0	0	0	0	0	0	0	0	0	0	0	0	0	0	0	0	0	0	0	0	0	0	0	0	0	0	0	0	2004	0
LFQ	61	0	0	0	0	0	0	0	0	0	0	0	0	0	0	0	0	0	0	0	0	0	0	0	0	0	0	0	0	0	0	2004	0
LFQ	62	0	0	0	0	0	0	0	0	0	0	0	0	0	0	0	0	0	0	0	0	0	0	0	0	0	0	0	0	0	0	2004	0
LFQ	63	0	0	0	0	0	0	0	0	0	0	0	0	0	0	0	0	0	0	0	0	0	0	0	0	0	0	0	0	0	0	2004	0
LFQ	64	0	0	0	0	0	0	0	0	0	0	0	0	0	0	0	0	0	0	0	0	0	0	0	0	0	0	0	0	0	0	2004	0
LFQ	65	0	0	0	0	0	0	0	0	0	0	0	0	0	0	0	0	0	0	0	0	0	0	0	0	0	0	0	0	0	0	2004	0
LFQ	66	0	0	0	0	0	0	0	0	0	0	0	0	0	0	0	0	0	0	0	0	0	0	0	0	0	0	0	0	0	0	2004	0
LFQ	67	0	0	0	0	0	0	0	0	0	0	0	0	0	0	0	0	0	0	0	0	0	0	0	0	0	0	0	0	0	0	2004	0
LFQ	68	0	0	0	0	0	0	0	0	0	0	0	0	0	0	0	0	0	0	0	0	0	0	0	0	0	0	0	0	0	0	2004	0
LFQ	69	0	0	0	0	0	0	0	0	0	0	0	0	0	0	0	0	0	0	0	0	0	0	0	0	0	0	0	0	0	0	2004	0
LFQ	70	0	0	0	0	0	0	0	0	0	0	0	0	0	0	0	0	0	0	0	0	0	0	0	0	0	0	0	0	0	0	2004	0
LFQ	71	0	0	0	0	0	0	0	0	0	0	0	0	0	0	0	0	0	0	0	0	0	0	0	0	0	0	0	0	0	0	2004	0
LFQ	72	0	0	0	0	0	0	0	0	0	0	0	0	0	0	0	0	0	0	0	0	0	0	0	0	0	0	0	0	0	0	2004	0
LFQ	73	0	0	0	0	0	0	0	0	0	0	0	0	0	0	0	0	0	0	0	0	0	0	0	0	0	0	0	0	0	0	2004	0
LFQ	74	0	0	0	0	0	0	0	0	0	0	0	0	0	0	0	0	0	0	0	0	0	0	0	0	0	0	0	0	0	0	2004	0
LFQ	75	0	0	0	0	0	0	0	0	0	0	0	0	0	0	0	0	0	0	0	0	0	0	0	0	0	0	0	0	0	0	2004	0
LFQ	76	0	0	0	0	0	0	0	0	0	0	0	0	0	0	0	0	0	0	0	0	0	0	0	0	0	0	0	0	0	0	2004	0
LFQ	77	0	0	0	0	0	0	0	0	0	0	0	0	0	0	0	0	0	0	0	0	0	0	0	0	0	0	0	0	0	0	2004	0
LFQ	78	0	0	0	0	0	0	0	0	0	0	0	0	0	0	0	0	0	0	0	0	0	0	0	0	0	0	0	0	0	0	2004	0
LFQ	79	0	0	0	0	0	0	0	0	0	0	0	0	0	0	0	0	0	0	0	0	0	0	0	0	0	0	0	0	0	0	2004	0
LFQ	80	0	0	0	0	0	0	0	0	0	0	0	0	0	0	0	0	0	0	0	0	0	0	0	0	0	0	0	0	0	0	2004	0
LFQ	81	0	0	0	0	0	0	0	0	0	0	0	0	0	0	0	0	0	0	0	0	0	0	0	0	0	0	0	0	0	0	2004	0
LFQ	82	0	0	0	0	0	0	0	0	0	0	0	0	0	0	0	0	0	0	0	0	0	0	0	0	0	0	0	0	0	0	2004	0
LFQ	83	0	0	0	0	0	0	0	0	0	0	0	0	0	0	0	0	0	0	0	0	0	0	0	0	0	0	0	0	0	0	2004	0
LFQ	84	0	0	0	0	0	0	0	0	0	0	0	0	0	0	0	0	0	0	0	0	0	0	0	0	0	0	0	0	0	0	2004	0
LFQ	85	0	0	0	0	0	0	0	0	0	0	0	0	0	0	0	0	0	0	0	0	0	0	0	0	0	0	0	0	0	0	2004	0
LFQ	86	0	0	0	0	0	0	0	0	0	0	0	0	0	0	0	0	0	0	0	0	0	0	0	0	0	0	0	0	0	0	2004	0
LFQ	87	0	0	0	0	0	0	0	0	0	0	0	0	0	0	0	0	0	0	0	0	0	0	0	0	0	0	0	0	0	0	2004	0
LFQ	88	0	0	0	0	0	0	0	0	0	0	0	0	0	0	0	0	0	0	0	0	0	0	0	0	0	0	0	0	0	0	2004	0
LFQ	89	0	0	0	0	0	0	0	0	0	0	0	0	0	0	0	0	0	0	0	0	0	0	0	0	0	0	0	0	0	0	2004	0
LFQ	90	0	0	0	0	0	0	0	0	0	0	0	0	0	0	0	0	0	0	0	0	0	0	0	0	0	0	0	0	0	0	2004	0
LFQ	91	0	0	0	0	0	0	0	0	0	0	0	0	0	0	0	0	0	0	0	0	0	0	0	0	0	0	0	0	0	0	2004	0
LFQ	92	0	0	0	0	0	0	0	0	0	0	0	0	0	0	0	0	0	0	0	0	0	0	0	0	0	0	0	0	0	0	2004	0
LFQ	93	0	0	0	0	0	0	0	0	0	0	0	0	0	0	0	0	0	0	0	0	0	0	0	0	0	0	0	0	0	0	2004	0
LFQ	94	0	0	0	0	0	0	0	0	0	0	0	0	0	0	0	0	0	0	0	0	0	0	0	0	0	0	0	0	0	0	2004	0
LFQ	95	0	0	0	0	0	0	0	0	0	0	0	0	0	0	0	0	0	0	0	0	0	0	0	0	0	0	0	0	0	0	2004	0
LFQ	96	0	0	0	0	0	0	0	0	0	0	0	0	0	0	0	0	0	0	0	0	0	0	0	0	0	0	0	0	0	0	2004	0
LFQ	97	0	0	0	0	0	0	0	0	0	0	0	0	0	0	0	0	0	0	0	0	0	0	0	0	0	0	0	0	0	0	2004	0
LFQ	98	0	0	0	0	0	0	0	0	0	0	0	0	0	0	0	0	0	0	0	0	0	0	0	0	0	0	0	0	0	0	2004	0
LFQ	99	0	0	0	0	0	0	0	0	0	0	0	0	0	0	0	0	0	0	0	0	0	0	0	0	0	0	0	0	0	0	2004	0
LFQ	100	0	0	0	0	0	0	0	0	0	0	0	0	0	0	0	0	0	0	0	0	0	0	0	0	0	0	0	0	0	0	2004	0
LFQ	101	0	0	0	0	0	0	0	0	0	0	0	0	0	0	0	0	0	0	0	0	0	0	0	0	0	0	0	0	0	0	2004	0
LFQ	102	0	0	0	0	0	0	0	0	0	0	0	0	0	0	0	0	0	0	0	0	0	0	0	0	0	0	0	0	0	0	2004	0
LFQ	103	0	0	0	0	0	0	0	0	0	0	0	0	0	0	0	0	0	0	0	0	0	0	0	0	0	0	0	0	0	0	2004	0
LFQ	104	0	0	0	0	0	0	0	0	0	0	0	0	0	0	0	0	0	0	0	0	0	0	0	0	0	0	0	0	0	0	2004	0
LFQ	105	0	0	0	0	0	0	0	0	0	0	0	0	0	0	0	0	0	0	0	0	0	0	0	0	0	0	0	0	0	0	2004	0
LFQ	106	0	0	0	0	0	0	0	0	0	0	0	0	0	0	0	0	0	0	0	0	0	0	0	0	0	0	0	0	0	0	2004	0
LFQ	107	0	0	0	0	0	0	0	0	0	0	0	0	0	0	0	0	0	0	0	0	0	0	0	0	0	0	0	0	0	0	2004	0
LFQ	108	0	0	0	0	0	0	0	0	0	0	0	0	0	0	0	0	0	0	0	0	0	0	0	0	0	0	0	0	0	0	2004	0
LFQ	109	0	0	0	0	0	0	0	0	0	0	0	0	0	0	0	0	0	0	0	0	0	0	0	0	0	0	0	0	0	0	2004	0
LFQ	110	0	0	0	0	0	0	0	0	0	0	0	0	0	0	0	0	0	0	0	0	0	0	0	0	0	0	0	0	0	0	2004	0
LFQ	111	0	0	0	0	0	0	0	0	0	0	0	0	0	0	0	0	0	0	0	0	0	0	0	0	0	0	0	0	0	0	2004	0
LFQ	112	0	0	0	0	0	0	0	0	0	0	0	0	0	0	0	0	0	0	0	0	0	0	0	0	0	0	0	0	0	0	2004	0
LFQ	113	0	0	0	0	0	0	0	0	0	0	0	0	0	0	0	0	0	0	0	0	0	0	0	0	0	0	0	0	0	0	2004	0
LFQ	114	0	0	0	0	0	0	0	0	0	0	0	0	0	0	0	0	0	0	0	0	0	0	0	0	0	0	0	0	0	0	2004	0
LFQ	115	0	0	0	0	0	0	0	0	0	0	0	0	0	0	0	0	0	0	0	0	0	0	0	0	0	0	0	0	0	0	2004	0
LFQ	116	0	0	0	0	0	0	0	0	0	0	0	0	0	0	0	0	0	0	0	0	0	0	0	0	0	0	0	0	0	0	2004	0
LFQ	117	0	0	0	0	0	0	0	0	0	0	0	0	0	0	0	0	0	0	0	0	0	0	0	0	0	0	0	0	0	0	2004	0
LFQ	118	0	0	0	0	0	0	0	0	0	0	0	0	0	0	0	0	0	0	0	0	0	0	0	0	0	0	0	0	0	0	2004	0
LFQ	119	0	0	0	0	0	0	0	0	0	0	0	0	0	0	0	0	0	0	0	0	0	0	0	0	0	0	0	0	0	0	2004	0
LFQ	120	0	0	0	0	0	0	0	0	0	0	0	0	0	0	0	0	0	0	0	0	0	0	0	0	0	0	0	0	0	0	2004	0
LFQ	121	0	0	0	0	0	0	0	0	0	0	0	0	0	0	0	0	0	0	0	0	0	0	0	0	0	0	0	0	0	0	2004	0
LFQ	122	0	0	0	0	0	0	0	0	0	0	0	0	0	0	0	0	0	0	0	0	0	0	0	0	0	0	0	0	0	0	2004	0
LFQ	123	0	0	0	0	0	0	0	0	0	0	0	0	0	0	0	0	0	0	0	0	0	0	0	0	0	0	0	0	0	0	2004	0
LFQ	124	0	0	0	0	0	0	0	0	0	0	0	0	0	0	0	0	0	0	0	0	0	0	0	0	0	0	0	0	0	0	2004	0
LFQ	125	0	0	0	0	0	0	0	0	0	0	0	0	0	0	0	0	0	0	0	0	0	0	0	0	0	0	0	0	0	0	2004	0
LFQ	126	0	0	0	0	0	0	0	0	0	0	0	0	0	0	0	0	0	0	0	0	0	0	0	0	0	0	0	0	0	0	2004	0
LFQ	127	0	0	0	0	0	0	0	0	0	0	0	0	0	0	0	0	0	0	0	0	0	0	0	0	0	0	0	0	0	0	2004	0
LFQ	128	0	0	0	0	0	0	0	0	0	0	0	0	0	0	0	0	0	0	0	0	0	0	0	0	0	0	0	0	0	0	2004	0
LFQ	129	0	0	0	0	0	0	0	0	0	0	0	0	0	0	0	0	0	0	0	0	0	0	0	0	0	0	0	0	0	0	2004	0
LFQ	130	0	0	0	0	0	0	0	0	0	0	0	0	0	0	0	0	0	0	0	0	0	0	0	0	0	0	0	0	0	0	2004	0
LFQ	131	0	0	0	0	0	0	0	0	0	0	0	0	0	0	0	0	0	0	0	0	0	0	0	0	0	0	0	0	0	0	2004	0
LFQ	132	0	0	0	0	0	0	0	0	0	0	0	0	0	0	0	0	0	0	0	0	0	0	0	0	0	0	0	0	0	0	2004	0
LFQ	133	0	0	0	0	0	0	0	0	0	0	0	0	0	0	0	0	0	0	0	0	0	0	0	0	0	0	0	0	0	0	2004	0
LFQ	134	0	0	0	0	0	0	0	0	0	0	0	0	0	0	0	0	0	0	0	0	0	0	0	0	0	0	0	0	0	0	2004	0
LFQ	135	0	0	0	0	0	0	0	0	0	0	0	0	0	0	0	0	0	0	0	0	0	0	0	0	0	0	0	0	0	0	2004	0
LFQ	136	0	0	0	0	0	0	0	0	0	0	0	0	0	0	0	0	0	0	0	0	0	0	0	0	0	0	0	0	0	0	2004	0
LFQ	137	0	0	0	0	0	0	0	0	0	0	0	0	0	0	0	0	0	0	0	0	0	0	0	0	0	0	0	0	0	0	2004	0
LFQ	138	0	0	0	0	0	0	0	0	0	0	0	0	0	0	0	0	0	0	0	0	0	0	0	0	0	0	0	0	0	0	2004	0
LFQ	139	0	0	0	0	0	0	0	0	0	0	0	0	0	0	0	0	0	0	0	0	0	0	0	0	0	0	0	0	0	0	2004	0
LFQ	140	0	0	0	0	0	0	0	0	0	0	0	0	0	0	0	0	0	0	0	0	0	0	0	0	0	0	0	0	0	0	2004	0
LFQ	141	0	0	0	0	0	0	0	0	0	0	0	0	0	0	0	0	0	0	0	0	0	0	0	0	0	0	0	0	0	0	2004	0
LFQ	142	0	0	0	0	0	0	0	0	0	0	0	0	0	0	0	0	0	0	0	0	0	0	0	0	0	0	0	0	0	0	2004	0
LFQ	143	0	0	0	0	0	0	0	0	0	0	0	0	0	0	0	0	0	0	0	0	0	0	0	0	0	0	0	0	0	0	2004	0
LFQ	144	0	0	0	0	0	0	0	0	0	0	0	0	0	0	0	0	0	0	0	0	0	0	0	0	0	0	0	0	0	0	2004	0
LFQ	145	0	0	0	0	0	0	0	0	0	0	0	0	0	0	0	0	0	0	0	0	0	0	0	0	0	0	0	0	0	0	2004	0
LFQ	146	0	0	0	0	0	0	0	0	0	0	0	0	0	0	0	0	0	0	0	0	0	0	0	0	0	0	0	0	0	0	2004	0
LFQ	147	0	0	0	0	0	0	0	0	0	0	0	0	0	0	0	0	0	0	0	0	0	0	0	0	0	0	0	0	0	0	2004	0
LFQ	148	0	0	0	0	0	0	0	0	0	0	0	0	0	0	0	0	0	0	0	0	0	0	0	0	0	0	0	0	0	0	2004	0
LFQ	149	0	0	0	0	0	0	0	0	0	0	0	0	0	0	0	0	0	0	0	0	0	0	0	0	0	0	0	0	0	0	2004	0
LFQ	150	0	0	0	0	0	0	0	0	0	0	0	0	0	0	0	0	0	0	0	0	0	0	0	0	0	0	0	0	0	0	2004	0
# GC Content of first fragments. Use `grep ^GCF | cut -f 2-` to extract this part.
GCF	5.28	0
GCF	10.80	1
GCF	14.07	0
GCF	17.34	2
GCF	18.09	3
GCF	18.84	2
GCF	19.35	4
GCF	20.10	1
GCF	20.85	2
GCF	21.36	3
GCF	22.11	1
GCF	22.86	4
GCF	23.37	6
GCF	24.12	11
GCF	24.87	10
GCF	25.38	12
GCF	26.13	19
GCF	26.88	20
GCF	27.39	23
GCF	28.14	15
GCF	28.89	32
GCF	29.40	34
GCF	30.15	28
GCF	30.90	36
GCF	31.41	33
GCF	32.16	43
GCF	32.91	61
GCF	33.42	65
GCF	33.92	57
GCF	34.67	54
GCF	35.43	75
GCF	35.93	80
GCF	36.68	70
GCF	37.44	87
GCF	37.94	73
GCF	38.69	76
GCF	39.45	72
GCF	40.45	68
GCF	41.46	66
GCF	41.96	60
GCF	42.71	62
GCF	43.47	45
GCF	43.97	47
GCF	44.72	58
GCF	45.73	47
GCF	46.73	39
GCF	47.49	42
GCF	47.99	35
GCF	48.74	27
GCF	49.50	20
GCF	50.00	17
GCF	50.75	25
GCF	51.76	13
GCF	52.76	17
GCF	53.52	8
GCF	54.02	3
GCF	54.77	13
GCF	55.53	6
GCF	56.03	7
GCF	56.78	4
GCF	57.54	5
GCF	58.04	4
GCF	58.79	6
GCF	59.55	4
GCF	60.05	1
GCF	61.06	2
GCF	62.06	0
GCF	62.81	1
GCF	64.57	0
GCF	66.08	1
GCF	66.58	2
GCF	67.84	0
GCF	69.35	2
GCF	70.35	1
# GC Content of last fragments. Use `grep ^GCL | cut -f 2-` to extract this part.
GCL	4.27	0
GCL	8.79	1
GCL	11.81	0
GCL	14.82	1
GCL	16.33	0
GCL	18.09	1
GCL	18.84	2
GCL	20.10	1
GCL	21.36	4
GCL	22.11	2
GCL	22.86	11
GCL	23.37	7
GCL	24.12	11
GCL	24.87	10
GCL	25.88	14
GCL	26.88	12
GCL	27.39	17
GCL	28.14	29
GCL	28.89	33
GCL	29.40	36
GCL	30.40	27
GCL	31.41	50
GCL	32.16	56
GCL	33.17	45
GCL	33.92	66
GCL	34.67	72
GCL	35.43	84
GCL	36.43	75
GCL	37.44	86
GCL	37.94	90
GCL	38.69	69
GCL	39.45	59
GCL	39.95	57
GCL	40.70	70
GCL	41.46	58
GCL	41.96	59
GCL	42.71	62
GCL	43.47	51
GCL	43.97	45
GCL	44.72	47
GCL	45.48	43
GCL	45.98	45
GCL	46.73	48
GCL	47.49	31
GCL	47.99	38
GCL	48.99	23
GCL	50.00	22
GCL	50.75	19
GCL	51.51	15
GCL	52.01	16
GCL	52.76	17
GCL	53.52	13
GCL	54.02	10
GCL	54.77	8
GCL	55.53	6
GCL	56.03	8
GCL	56.78	5
GCL	57.54	3
GCL	58.04	6
GCL	59.05	4
GCL	60.05	3
GCL	61.06	1
GCL	63.57	0
GCL	65.58	2
GCL	66.08	3
GCL	66.58	2
GCL	67.59	1
# ACGT content per cycle. Use `grep ^GCC | cut -f 2-` to extract this part. The columns are: cycle; A,C,G,T base counts as a percentage of all A/C/G/T bases [%]; and N and O counts as a percentage of all A/C/G/T bases [%]
GCC	1	31.14	20.01	19.21	29.64	0.00	0.00
GCC	2	29.99	21.53	18.06	30.41	0.00	0.00
GCC	3	30.11	20.76	18.94	30.19	0.00	0.00
GCC	4	29.64	20.01	20.08	30.26	0.00	0.00
GCC	5	29.74	19.19	19.24	31.84	0.00	0.00
GCC	6	30.56	20.03	18.94	30.46	0.00	0.00
GCC	7	29.09	20.81	18.51	31.59	0.00	0.00
GCC	8	30.16	21.08	19.84	28.92	0.00	0.00
GCC	9	30.34	21.46	18.49	29.72	0.00	0.00
GCC	10	30.11	20.33	18.06	31.49	0.00	0.00
GCC	11	30.26	20.38	19.51	29.84	0.00	0.00
GCC	12	29.59	21.33	19.16	29.92	0.00	0.00
GCC	13	28.97	21.03	18.31	31.69	0.00	0.00
GCC	14	30.19	20.41	18.96	30.44	0.00	0.00
GCC	15	30.66	20.46	17.99	30.89	0.00	0.00
GCC	16	31.26	19.61	18.96	30.16	0.00	0.00
GCC	17	30.26	19.46	19.46	30.81	0.00	0.00
GCC	18	30.86	19.96	18.96	30.21	0.00	0.00
GCC	19	29.62	20.51	18.61	31.26	0.00	0.00
GCC	20	30.91	19.19	18.99	30.91	0.00	0.00
GCC	21	30.56	19.84	19.34	30.26	0.00	0.00
GCC	22	30.36	19.54	19.59	30.51	0.00	0.00
GCC	23	32.04	19.79	18.66	29.52	0.00	0.00
GCC	24	30.41	20.93	18.69	29.97	0.00	0.00
GCC	25	28.69	20.48	18.86	31.96	0.00	0.00
GCC	26	30.14	20.26	19.09	30.51	0.00	0.00
GCC	27	29.64	19.79	18.26	32.31	0.00	0.00
GCC	28	30.24	20.03	18.64	31.09	0.00	0.00
GCC	29	30.24	20.01	19.34	30.41	0.00	0.00
GCC	30	29.49	20.91	19.01	30.59	0.00	0.00
GCC	31	29.84	20.03	19.21	30.91	0.00	0.00
GCC	32	30.41	20.43	18.64	30.51	0.00	0.00
GCC	33	32.04	18.56	18.96	30.44	0.00	0.00
GCC	34	31.34	19.64	17.89	31.14	0.00	0.00
GCC	35	30.86	19.94	18.64	30.56	0.00	0.00
GCC	36	30.19	20.06	18.46	31.29	0.00	0.00
GCC	37	30.16	20.98	17.99	30.86	0.00	0.00
GCC	38	30.41	19.56	18.34	31.69	0.00	0.00
GCC	39	31.79	20.26	17.34	30.61	0.00	0.00
GCC	40	31.76	19.76	18.26	30.21	0.00	0.00
GCC	41	29.32	19.56	20.16	30.96	0.00	0.00
GCC	42	28.94	20.01	18.76	32.29	0.00	0.00
GCC	43	30.76	19.81	19.31	30.11	0.00	0.00
GCC	44	31.04	20.18	18.76	30.01	0.00	0.00
GCC	45	31.66	21.26	18.46	28.62	0.00	0.00
GCC	46	32.04	20.11	19.24	28.62	0.00	0.00
GCC	47	30.36	20.36	18.89	30.39	0.00	0.00
GCC	48	30.46	21.08	19.26	29.19	0.00	0.00
GCC	49	30.99	20.36	18.36	30.29	0.00	0.00
GCC	50	30.81	19.69	19.94	29.57	0.00	0.00
GCC	51	30.71	20.56	18.16	30.56	0.00	0.00
GCC	52	30.79	19.06	20.21	29.94	0.00	0.00
GCC	53	29.82	19.49	18.71	31.99	0.00	0.00
GCC	54	31.46	20.11	18.49	29.94	0.00	0.00
GCC	55	29.89	20.18	18.64	31.29	0.00	0.00
GCC	56	31.11	19.86	18.21	30.81	0.00	0.00
GCC	57	29.74	21.46	18.49	30.31	0.00	0.00
GCC	58	30.34	19.86	20.33	29.47	0.00	0.00
GCC	59	31.49	19.94	18.31	30.26	0.00	0.00
GCC	60	30.86	20.88	17.59	30.66	0.00	0.00
GCC	61	30.59	20.03	19.34	30.04	0.00	0.00
GCC	62	31.11	19.96	18.94	29.99	0.00	0.00
GCC	63	29.87	20.11	19.49	30.54	0.00	0.00
GCC	64	30.61	21.06	18.49	29.84	0.00	0.00
GCC	65	29.89	19.69	19.26	31.16	0.00	0.00
GCC	66	30.71	20.13	17.56	31.59	0.00	0.00
GCC	67	30.14	19.29	19.51	31.06	0.00	0.00
GCC	68	30.29	19.51	19.81	30.39	0.00	0.00
GCC	69	30.61	20.58	18.01	30.79	0.00	0.00
GCC	70	29.14	21.53	18.41	30.91	0.00	0.00
GCC	71	28.64	19.86	19.59	31.91	0.00	0.00
GCC	72	29.27	20.16	18.79	31.79	0.00	0.00
GCC	73	29.92	20.71	18.14	31.24	0.00	0.00
GCC	74	30.51	19.76	18.51	31.21	0.00	0.00
GCC	75	29.87	20.11	19.36	30.66	0.00	0.00
GCC	76	31.76	19.94	18.41	29.89	0.00	0.00
GCC	77	30.69	19.86	18.41	31.04	0.00	0.00
GCC	78	31.06	21.06	18.44	29.44	0.00	0.00
GCC	79	30.74	19.61	19.56	30.09	0.00	0.00
GCC	80	29.89	20.31	19.34	30.46	0.00	0.00
GCC	81	28.24	20.88	20.03	30.84	0.00	0.00
GCC	82	30.46	19.99	17.89	31.66	0.00	0.00
GCC	83	29.89	21.16	18.86	30.09	0.00	0.00
GCC	84	30.74	20.56	18.89	29.82	0.00	0.00
GCC	85	30.29	20.06	19.96	29.69	0.00	0.00
GCC	86	29.12	21.13	19.66	30.09	0.00	0.00
GCC	87	29.67	20.16	19.09	31.09	0.00	0.00
GCC	88	29.87	20.96	18.91	30.26	0.00	0.00
GCC	89	29.39	21.46	19.51	29.64	0.00	0.00
GCC	90	29.97	20.91	17.81	31.31	0.00	0.00
GCC	91	29.77	20.91	18.49	30.84	0.00	0.00
GCC	92	29.24	20.46	19.19	31.11	0.00	0.00
GCC	93	29.37	20.03	18.74	31.86	0.00	0.00
GCC	94	30.64	19.86	18.49	31.01	0.00	0.00
GCC	95	30.04	19.44	20.11	30.41	0.00	0.00
GCC	96	29.82	20.11	19.09	30.99	0.00	0.00
GCC	97	29.84	19.69	19.96	30.51	0.00	0.00
GCC	98	31.79	19.96	18.81	29.44	0.00	0.00
GCC	99	30.29	19.59	19.24	30.89	0.00	0.00
GCC	100	31.74	19.14	19.54	29.59	0.00	0.00
GCC	101	31.14	19.81	18.51	30.54	0.00	0.00
GCC	102	30.46	19.46	19.29	30.79	0.00	0.00
GCC	103	30.26	20.31	19.81	29.62	0.00	0.00
GCC	104	31.34	18.61	19.46	30.59	0.00	0.00
GCC	105	29.77	20.16	19.24	30.84	0.00	0.00
GCC	106	31.16	20.23	19.11	29.49	0.00	0.00
GCC	107	30.16	20.08	19.66	30.09	0.00	0.00
GCC	108	30.79	19.31	20.08	29.82	0.00	0.00
GCC	109	29.79	19.86	19.21	31.14	0.00	0.00
GCC	110	30.86	19.54	19.51	30.09	0.00	0.00
GCC	111	30.51	20.31	18.91	30.26	0.00	0.00
GCC	112	30.44	19.41	18.91	31.24	0.00	0.00
GCC	113	29.79	19.94	19.21	31.06	0.00	0.00
GCC	114	29.19	20.58	18.46	31.76	0.00	0.00
GCC	115	30.91	18.76	19.16	31.16	0.00	0.00
GCC	116	31.44	19.29	19.19	30.09	0.00	0.00
GCC	117	28.22	19.96	20.51	31.31	0.00	0.00
GCC	118	29.74	20.58	19.21	30.46	0.00	0.00
GCC	119	29.59	20.38	18.84	31.19	0.00	0.00
GCC	120	29.89	20.01	19.09	31.01	0.00	0.00
GCC	121	29.97	19.89	18.14	32.01	0.00	0.00
GCC	122	30.46	18.64	19.84	31.06	0.00	0.00
GCC	123	29.99	18.94	20.33	30.74	0.00	0.00
GCC	124	29.84	19.34	19.94	30.89	0.00	0.00
GCC	125	31.34	18.99	19.39	30.29	0.00	0.00
GCC	126	31.61	20.08	19.26	29.04	0.00	0.00
GCC	127	31.86	20.33	18.81	28.99	0.00	0.00
GCC	128	31.09	18.94	18.79	31.19	0.00	0.00
GCC	129	31.46	20.06	19.01	29.47	0.00	0.00
GCC	130	31.26	19.36	18.89	30.49	0.00	0.00
GCC	131	31.46	18.51	19.54	30.49	0.00	0.00
GCC	132	30.19	20.18	19.06	30.56	0.00	0.00
GCC	133	29.94	20.11	18.51	31.44	0.00	0.00
GCC	134	29.74	20.36	18.51	31.39	0.00	0.00
GCC	135	30.64	18.86	19.26	31.24	0.00	0.00
GCC	136	30.91	20.06	18.59	30.44	0.00	0.00
GCC	137	30.84	19.14	18.99	31.04	0.00	0.00
GCC	138	31.49	18.46	19.31	30.74	0.00	0.00
GCC	139	29.84	19.01	19.69	31.46	0.00	0.00
GCC	140	30.41	19.46	19.56	30.56	0.00	0.00
GCC	141	28.44	19.91	19.39	32.26	0.00	0.00
GCC	142	30.24	18.76	19.19	31.81	0.00	0.00
GCC	143	30.84	19.11	19.04	31.01	0.00	0.00
GCC	144	30.89	20.41	18.61	30.09	0.00	0.00
GCC	145	30.29	19.36	19.84	30.51	0.00	0.00
GCC	146	31.44	19.86	19.09	29.62	0.00	0.00
GCC	147	29.79	21.13	18.56	30.51	0.00	0.00
GCC	148	29.77	19.84	18.76	31.64	0.00	0.00
GCC	149	30.61	20.01	19.56	29.82	0.00	0.00
GCC	150	31.24	19.61	18.46	30.69	0.00	0.00
# ACGT content per cycle, read oriented. Use `grep ^GCT | cut -f 2-` to extract this part. The columns are: cycle; A,C,G,T base counts as a percentage of all A/C/G/T bases [%]
GCT	1	29.74	19.26	19.96	31.04
GCT	2	30.21	19.21	20.38	30.19
GCT	3	30.59	19.74	19.96	29.72
GCT	4	30.09	19.86	20.23	29.82
GCT	5	30.24	19.29	19.14	31.34
GCT	6	30.24	18.66	20.31	30.79
GCT	7	30.96	20.03	19.29	29.72
GCT	8	30.11	20.78	20.13	28.97
GCT	9	29.99	20.66	19.29	30.06
GCT	10	31.71	19.89	18.51	29.89
GCT	11	30.61	19.54	20.36	29.49
GCT	12	29.54	20.13	20.36	29.97
GCT	13	31.19	20.46	18.89	29.47
GCT	14	30.36	19.29	20.08	30.26
GCT	15	31.79	18.99	19.46	29.77
GCT	16	31.54	18.79	19.79	29.89
GCT	17	30.41	19.91	19.01	30.66
GCT	18	31.09	19.64	19.29	29.99
GCT	19	31.84	19.74	19.39	29.04
GCT	20	31.61	19.59	18.59	30.21
GCT	21	29.89	19.36	19.81	30.94
GCT	22	31.39	19.51	19.61	29.49
GCT	23	31.21	19.91	18.54	30.34
GCT	24	31.16	19.99	19.64	29.22
GCT	25	30.76	19.56	19.79	29.89
GCT	26	30.76	19.99	19.36	29.89
GCT	27	31.29	19.09	18.96	30.66
GCT	28	30.59	18.94	19.74	30.74
GCT	29	31.04	19.31	20.03	29.62
GCT	30	30.04	19.66	20.26	30.04
GCT	31	29.62	19.66	19.59	31.14
GCT	32	31.04	19.31	19.76	29.89
GCT	33	32.51	19.49	18.04	29.97
GCT	34	31.46	19.06	18.46	31.01
GCT	35	30.86	19.79	18.79	30.56
GCT	36	31.94	18.11	20.41	29.54
GCT	37	31.36	19.74	19.24	29.67
GCT	38	31.16	19.16	18.74	30.94
GCT	39	30.64	19.01	18.59	31.76
GCT	40	30.46	18.56	19.46	31.51
GCT	41	31.19	19.29	20.43	29.09
GCT	42	31.36	19.99	18.79	29.87
GCT	43	29.97	18.36	20.76	30.91
GCT	44	31.11	19.16	19.79	29.94
GCT	45	31.26	19.56	20.16	29.02
GCT	46	30.91	19.79	19.56	29.74
GCT	47	31.26	19.81	19.44	29.49
GCT	48	30.64	19.86	20.48	29.02
GCT	49	31.56	19.64	19.09	29.72
GCT	50	29.49	20.56	19.06	30.89
GCT	51	30.04	19.79	18.94	31.24
GCT	52	29.12	20.48	18.79	31.61
GCT	53	30.69	18.96	19.24	31.11
GCT	54	31.04	19.59	19.01	30.36
GCT	55	30.46	18.36	20.46	30.71
GCT	56	30.39	19.14	18.94	31.54
GCT	57	30.71	19.64	20.31	29.34
GCT	58	29.69	20.36	19.84	30.11
GCT	59	31.64	19.19	19.06	30.11
GCT	60	31.06	20.18	18.29	30.46
GCT	61	29.67	20.81	18.56	30.96
GCT	62	29.87	19.86	19.04	31.24
GCT	63	29.92	20.36	19.24	30.49
GCT	64	30.44	20.23	19.31	30.01
GCT	65	30.09	19.54	19.41	30.96
GCT	66	30.31	18.84	18.86	31.99
GCT	67	29.42	18.96	19.84	31.79
GCT	68	31.09	19.56	19.76	29.59
GCT	69	29.99	19.76	18.84	31.41
GCT	70	29.52	19.76	20.18	30.54
GCT	71	30.64	19.61	19.84	29.92
GCT	72	30.89	19.94	19.01	30.16
GCT	73	30.49	19.24	19.61	30.66
GCT	74	30.69	19.04	19.24	31.04
GCT	75	30.79	20.28	19.19	29.74
GCT	76	30.26	18.59	19.76	31.39
GCT	77	30.51	18.74	19.54	31.21
GCT	78	30.04	19.64	19.86	30.46
GCT	79	30.84	20.51	18.66	29.99
GCT	80	30.91	20.78	18.86	29.44
GCT	81	29.64	20.68	20.23	29.44
GCT	82	30.61	18.79	19.09	31.51
GCT	83	28.99	20.56	19.46	30.99
GCT	84	31.26	20.33	19.11	29.29
GCT	85	31.11	19.59	20.43	28.87
GCT	86	29.77	20.43	20.36	29.44
GCT	87	31.29	19.44	19.81	29.47
GCT	88	30.74	18.94	20.93	29.39
GCT	89	28.69	19.26	21.71	30.34
GCT	90	31.39	18.89	19.84	29.89
GCT	91	29.84	19.39	20.01	30.76
GCT	92	29.72	20.08	19.56	30.64
GCT	93	30.29	19.86	18.91	30.94
GCT	94	31.71	18.89	19.46	29.94
GCT	95	30.11	19.41	20.13	30.34
GCT	96	30.54	19.04	20.16	30.26
GCT	97	30.04	19.24	20.41	30.31
GCT	98	32.44	19.81	18.96	28.79
GCT	99	30.39	19.34	19.49	30.79
GCT	100	30.89	19.54	19.14	30.44
GCT	101	29.82	19.84	18.49	31.86
GCT	102	30.86	19.46	19.29	30.39
GCT	103	29.19	19.84	20.28	30.69
GCT	104	30.86	19.09	18.99	31.06
GCT	105	31.29	19.99	19.41	29.32
GCT	106	30.34	18.86	20.48	30.31
GCT	107	30.06	19.74	20.01	30.19
GCT	108	30.51	20.38	19.01	30.09
GCT	109	29.64	20.76	18.31	31.29
GCT	110	30.79	19.66	19.39	30.16
GCT	111	30.51	19.31	19.91	30.26
GCT	112	31.31	18.74	19.59	30.36
GCT	113	30.14	20.23	18.91	30.71
GCT	114	29.64	19.04	20.01	31.31
GCT	115	30.04	18.94	18.99	32.04
GCT	116	30.59	19.09	19.39	30.94
GCT	117	29.49	20.48	19.99	30.04
GCT	118	30.54	20.73	19.06	29.67
GCT	119	30.44	19.54	19.69	30.34
GCT	120	30.66	19.44	19.66	30.24
GCT	121	30.79	18.66	19.36	31.19
GCT	122	30.89	19.06	19.41	30.64
GCT	123	31.29	19.89	19.39	29.44
GCT	124	30.54	20.03	19.24	30.19
GCT	125	31.34	19.99	18.39	30.29
GCT	126	31.34	19.76	19.59	29.32
GCT	127	30.89	19.41	19.74	29.97
GCT	128	31.26	18.86	18.86	31.01
GCT	129	29.19	19.34	19.74	31.74
GCT	130	31.46	18.86	19.39	30.29
GCT	131	31.09	19.79	18.26	30.86
GCT	132	31.14	18.79	20.46	29.62
GCT	133	31.19	18.31	20.31	30.19
GCT	134	30.21	19.44	19.44	30.91
GCT	135	31.04	19.26	18.86	30.84
GCT	136	30.59	18.89	19.76	30.76
GCT	137	30.16	18.76	19.36	31.71
GCT	138	31.49	18.16	19.61	30.74
GCT	139	31.09	19.86	18.84	30.21
GCT	140	31.36	19.76	19.26	29.62
GCT	141	29.59	19.96	19.34	31.11
GCT	142	31.91	19.59	18.36	30.14
GCT	143	31.44	19.36	18.79	30.41
GCT	144	30.46	19.69	19.34	30.51
GCT	145	29.69	20.16	19.04	31.11
GCT	146	31.59	19.46	19.49	29.47
GCT	147	31.19	19.74	19.96	29.12
GCT	148	29.97	19.19	19.41	31.44
GCT	149	30.49	19.39	20.18	29.94
GCT	150	30.71	18.19	19.89	31.21
# ACGT content per cycle for first fragments. Use `grep ^FBC | cut -f 2-` to extract this part. The columns are: cycle; A,C,G,T base counts as a percentage of all A/C/G/T bases [%]; and N and O counts as a percentage of all A/C/G/T bases [%]
FBC	1	32.49	19.21	18.96	29.34	0.00	0.00
FBC	2	29.34	21.36	18.16	31.14	0.00	0.00
FBC	3	29.24	20.76	19.46	30.54	0.00	0.00
FBC	4	28.24	20.56	20.76	30.44	0.00	0.00
FBC	5	30.19	19.56	18.46	31.79	0.00	0.00
FBC	6	30.04	19.61	18.61	31.74	0.00	0.00
FBC	7	28.39	21.51	18.16	31.94	0.00	0.00
FBC	8	29.89	20.76	20.16	29.19	0.00	0.00
FBC	9	30.39	21.41	18.81	29.39	0.00	0.00
FBC	10	29.09	18.61	18.26	34.03	0.00	0.00
FBC	11	29.44	20.71	19.76	30.09	0.00	0.00
FBC	12	30.59	21.61	18.86	28.94	0.00	0.00
FBC	13	28.74	21.91	17.91	31.44	0.00	0.00
FBC	14	29.09	20.66	19.36	30.89	0.00	0.00
FBC	15	28.79	21.11	18.01	32.09	0.00	0.00
FBC	16	31.54	18.91	18.86	30.69	0.00	0.00
FBC	17	31.19	19.11	19.06	30.64	0.00	0.00
FBC	18	31.09	19.56	19.66	29.69	0.00	0.00
FBC	19	29.94	20.86	18.26	30.94	0.00	0.00
FBC	20	31.14	19.36	18.96	30.54	0.00	0.00
FBC	21	29.54	20.06	19.71	30.69	0.00	0.00
FBC	22	30.49	19.06	19.71	30.74	0.00	0.00
FBC	23	32.78	19.66	18.91	28.64	0.00	0.00
FBC	24	28.79	21.06	19.26	30.89	0.00	0.00
FBC	25	27.74	20.36	19.01	32.88	0.00	0.00
FBC	26	28.79	21.06	18.61	31.54	0.00	0.00
FBC	27	29.59	19.81	18.01	32.58	0.00	0.00
FBC	28	30.69	19.76	18.31	31.24	0.00	0.00
FBC	29	30.79	19.61	19.31	30.29	0.00	0.00
FBC	30	29.79	21.76	18.96	29.49	0.00	0.00
FBC	31	29.19	21.11	19.16	30.54	0.00	0.00
FBC	32	31.04	20.91	18.11	29.94	0.00	0.00
FBC	33	33.63	19.11	18.16	29.09	0.00	0.00
FBC	34	31.24	18.51	19.21	31.04	0.00	0.00
FBC	35	30.29	20.36	19.61	29.74	0.00	0.00
FBC	36	31.59	19.36	17.96	31.09	0.00	0.00
FBC	37	28.99	22.75	17.81	30.44	0.00	0.00
FBC	38	29.84	19.96	18.86	31.34	0.00	0.00
FBC	39	31.34	19.96	17.22	31.49	0.00	0.00
FBC	40	32.14	19.96	17.37	30.54	0.00	0.00
FBC	41	29.39	19.26	20.66	30.69	0.00	0.00
FBC	42	27.50	21.01	18.91	32.58	0.00	0.00
FBC	43	30.84	20.26	19.21	29.69	0.00	0.00
FBC	44	31.09	21.06	18.21	29.64	0.00	0.00
FBC	45	32.24	20.41	18.56	28.79	0.00	0.00
FBC	46	32.49	20.31	18.16	29.04	0.00	0.00
FBC	47	28.89	20.36	20.06	30.69	0.00	0.00
FBC	48	29.24	22.75	19.51	28.49	0.00	0.00
FBC	49	30.94	20.71	17.47	30.89	0.00	0.00
FBC	50	30.04	20.01	19.96	29.99	0.00	0.00
FBC	51	30.09	21.56	17.76	30.59	0.00	0.00
FBC	52	30.79	19.36	19.51	30.34	0.00	0.00
FBC	53	29.74	20.16	19.11	30.99	0.00	0.00
FBC	54	33.13	20.26	18.06	28.54	0.00	0.00
FBC	55	29.09	20.26	18.91	31.74	0.00	0.00
FBC	56	31.09	20.51	18.16	30.24	0.00	0.00
FBC	57	30.44	21.36	18.31	29.89	0.00	0.00
FBC	58	30.09	19.96	20.56	29.39	0.00	0.00
FBC	59	32.34	19.31	18.36	29.99	0.00	0.00
FBC	60	29.94	20.76	18.26	31.04	0.00	0.00
FBC	61	31.64	19.41	19.16	29.79	0.00	0.00
FBC	62	31.29	19.56	18.31	30.84	0.00	0.00
FBC	63	29.69	20.86	18.81	30.64	0.00	0.00
FBC	64	30.79	22.16	17.47	29.59	0.00	0.00
FBC	65	31.19	19.11	19.21	30.49	0.00	0.00
FBC	66	31.79	19.26	18.66	30.29	0.00	0.00
FBC	67	31.09	18.91	19.91	30.09	0.00	0.00
FBC	68	29.29	19.36	20.71	30.64	0.00	0.00
FBC	69	30.74	21.01	17.81	30.44	0.00	0.00
FBC	70	29.34	20.96	18.36	31.34	0.00	0.00
FBC	71	29.24	19.91	19.86	30.99	0.00	0.00
FBC	72	29.34	21.31	19.11	30.24	0.00	0.00
FBC	73	28.79	21.11	18.76	31.34	0.00	0.00
FBC	74	29.89	19.86	18.26	31.99	0.00	0.00
FBC	75	30.89	19.36	18.61	31.14	0.00	0.00
FBC	76	31.09	19.16	18.56	31.19	0.00	0.00
FBC	77	31.39	19.46	18.36	30.79	0.00	0.00
FBC	78	29.59	22.01	18.71	29.69	0.00	0.00
FBC	79	30.59	20.16	19.41	29.84	0.00	0.00
FBC	80	29.39	19.11	20.21	31.29	0.00	0.00
FBC	81	28.09	20.61	20.36	30.94	0.00	0.00
FBC	82	30.14	20.06	16.92	32.88	0.00	0.00
FBC	83	30.54	20.76	17.76	30.94	0.00	0.00
FBC	84	29.99	20.61	18.96	30.44	0.00	0.00
FBC	85	30.64	19.31	19.71	30.34	0.00	0.00
FBC	86	28.84	21.01	19.56	30.59	0.00	0.00
FBC	87	29.09	20.11	18.76	32.04	0.00	0.00
FBC	88	29.94	21.31	18.81	29.94	0.00	0.00
FBC	89	28.94	20.66	20.56	29.84	0.00	0.00
FBC	90	29.44	20.31	17.91	32.34	0.00	0.00
FBC	91	29.29	21.01	18.16	31.54	0.00	0.00
FBC	92	29.84	20.56	18.51	31.09	0.00	0.00
FBC	93	28.04	20.91	18.61	32.44	0.00	0.00
FBC	94	31.59	19.86	17.86	30.69	0.00	0.00
FBC	95	29.49	19.56	20.81	30.14	0.00	0.00
FBC	96	30.69	20.31	18.46	30.54	0.00	0.00
FBC	97	29.49	19.61	19.91	30.99	0.00	0.00
FBC	98	32.58	20.76	18.31	28.34	0.00	0.00
FBC	99	31.04	19.11	19.01	30.84	0.00	0.00
FBC	100	31.89	18.51	20.01	29.59	0.00	0.00
FBC	101	30.54	20.66	18.71	30.09	0.00	0.00
FBC	102	29.49	20.06	19.26	31.19	0.00	0.00
FBC	103	30.04	20.31	19.16	30.49	0.00	0.00
FBC	104	30.79	20.01	19.56	29.64	0.00	0.00
FBC	105	29.39	21.01	18.41	31.19	0.00	0.00
FBC	106	31.24	20.46	19.11	29.19	0.00	0.00
FBC	107	30.34	20.46	18.76	30.44	0.00	0.00
FBC	108	30.29	18.56	20.36	30.79	0.00	0.00
FBC	109	30.09	19.51	18.31	32.09	0.00	0.00
FBC	110	30.69	18.96	20.86	29.49	0.00	0.00
FBC	111	30.69	21.61	18.31	29.39	0.00	0.00
FBC	112	29.04	19.71	19.06	32.19	0.00	0.00
FBC	113	30.99	18.91	19.01	31.09	0.00	0.00
FBC	114	28.54	21.26	17.86	32.34	0.00	0.00
FBC	115	31.89	17.91	19.66	30.54	0.00	0.00
FBC	116	31.99	19.21	18.96	29.84	0.00	0.00
FBC	117	28.54	19.51	21.26	30.69	0.00	0.00
FBC	118	29.54	20.46	18.91	31.09	0.00	0.00
FBC	119	29.14	20.96	19.31	30.59	0.00	0.00
FBC	120	29.69	20.71	19.01	30.59	0.00	0.00
FBC	121	29.14	20.66	17.56	32.63	0.00	0.00
FBC	122	29.54	18.56	19.41	32.49	0.00	0.00
FBC	123	29.99	18.31	20.66	31.04	0.00	0.00
FBC	124	30.79	19.36	20.56	29.29	0.00	0.00
FBC	125	31.64	19.56	19.26	29.54	0.00	0.00
FBC	126	31.19	21.21	19.21	28.39	0.00	0.00
FBC	127	32.24	20.06	20.16	27.54	0.00	0.00
FBC	128	30.54	18.76	19.11	31.59	0.00	0.00
FBC	129	30.24	20.41	19.96	29.39	0.00	0.00
FBC	130	30.34	19.41	18.56	31.69	0.00	0.00
FBC	131	31.04	17.42	20.26	31.29	0.00	0.00
FBC	132	30.69	19.86	18.21	31.24	0.00	0.00
FBC	133	30.19	19.41	18.41	31.99	0.00	0.00
FBC	134	31.04	19.41	17.91	31.64	0.00	0.00
FBC	135	30.64	19.66	17.71	31.99	0.00	0.00
FBC	136	30.29	19.86	18.26	31.59	0.00	0.00
FBC	137	30.94	18.51	19.66	30.89	0.00	0.00
FBC	138	33.33	18.71	18.91	29.04	0.00	0.00
FBC	139	30.39	18.96	19.31	31.34	0.00	0.00
FBC	140	30.74	19.81	19.11	30.34	0.00	0.00
FBC	141	29.14	20.61	18.46	31.79	0.00	0.00
FBC	142	30.89	17.81	19.66	31.64	0.00	0.00
FBC	143	31.19	18.51	18.66	31.64	0.00	0.00
FBC	144	30.49	20.61	18.96	29.94	0.00	0.00
FBC	145	29.24	19.26	20.11	31.39	0.00	0.00
FBC	146	31.84	19.26	19.06	29.84	0.00	0.00
FBC	147	28.59	21.41	18.76	31.24	0.00	0.00
FBC	148	30.39	19.31	18.16	32.14	0.00	0.00
FBC	149	30.64	20.26	19.26	29.84	0.00	0.00
FBC	150	30.69	20.86	17.96	30.49	0.00	0.00
# ACGT raw counters for first fragments. Use `grep ^FTC | cut -f 2-` to extract this part. The columns are: A,C,G,T,N base counters
FTC	91064	60401	56955	92180	0
# ACGT content per cycle for last fragments. Use `grep ^LBC | cut -f 2-` to extract this part. The columns are: cycle; A,C,G,T base counts as a percentage of all A/C/G/T bases [%]; and N and O counts as a percentage of all A/C/G/T bases [%]
LBC	1	29.79	20.81	19.46	29.94	0.00	0.00
LBC	2	30.64	21.71	17.96	29.69	0.00	0.00
LBC	3	30.99	20.76	18.41	29.84	0.00	0.00
LBC	4	31.04	19.46	19.41	30.09	0.00	0.00
LBC	5	29.29	18.81	20.01	31.89	0.00	0.00
LBC	6	31.09	20.46	19.26	29.19	0.00	0.00
LBC	7	29.79	20.11	18.86	31.24	0.00	0.00
LBC	8	30.44	21.41	19.51	28.64	0.00	0.00
LBC	9	30.29	21.51	18.16	30.04	0.00	0.00
LBC	10	31.14	22.06	17.86	28.94	0.00	0.00
LBC	11	31.09	20.06	19.26	29.59	0.00	0.00
LBC	12	28.59	21.06	19.46	30.89	0.00	0.00
LBC	13	29.19	20.16	18.71	31.94	0.00	0.00
LBC	14	31.29	20.16	18.56	29.99	0.00	0.00
LBC	15	32.53	19.81	17.96	29.69	0.00	0.00
LBC	16	30.99	20.31	19.06	29.64	0.00	0.00
LBC	17	29.34	19.81	19.86	30.99	0.00	0.00
LBC	18	30.64	20.36	18.26	30.74	0.00	0.00
LBC	19	29.29	20.16	18.96	31.59	0.00	0.00
LBC	20	30.69	19.01	19.01	31.29	0.00	0.00
LBC	21	31.59	19.61	18.96	29.84	0.00	0.00
LBC	22	30.24	20.01	19.46	30.29	0.00	0.00
LBC	23	31.29	19.91	18.41	30.39	0.00	0.00
LBC	24	32.04	20.81	18.11	29.04	0.00	0.00
LBC	25	29.64	20.61	18.71	31.04	0.00	0.00
LBC	26	31.49	19.46	19.56	29.49	0.00	0.00
LBC	27	29.69	19.76	18.51	32.04	0.00	0.00
LBC	28	29.79	20.31	18.96	30.94	0.00	0.00
LBC	29	29.69	20.41	19.36	30.54	0.00	0.00
LBC	30	29.19	20.06	19.06	31.69	0.00	0.00
LBC	31	30.49	18.96	19.26	31.29	0.00	0.00
LBC	32	29.79	19.96	19.16	31.09	0.00	0.00
LBC	33	30.44	18.01	19.76	31.79	0.00	0.00
LBC	34	31.44	20.76	16.57	31.24	0.00	0.00
LBC	35	31.44	19.51	17.66	31.39	0.00	0.00
LBC	36	28.79	20.76	18.96	31.49	0.00	0.00
LBC	37	31.34	19.21	18.16	31.29	0.00	0.00
LBC	38	30.99	19.16	17.81	32.04	0.00	0.00
LBC	39	32.24	20.56	17.47	29.74	0.00	0.00
LBC	40	31.39	19.56	19.16	29.89	0.00	0.00
LBC	41	29.24	19.86	19.66	31.24	0.00	0.00
LBC	42	30.39	19.01	18.61	31.99	0.00	0.00
LBC	43	30.69	19.36	19.41	30.54	0.00	0.00
LBC	44	30.99	19.31	19.31	30.39	0.00	0.00
LBC	45	31.09	22.11	18.36	28.44	0.00	0.00
LBC	46	31.59	19.91	20.31	28.19	0.00	0.00
LBC	47	31.84	20.36	17.71	30.09	0.00	0.00
LBC	48	31.69	19.41	19.01	29.89	0.00	0.00
LBC	49	31.04	20.01	19.26	29.69	0.00	0.00
LBC	50	31.59	19.36	19.91	29.14	0.00	0.00
LBC	51	31.34	19.56	18.56	30.54	0.00	0.00
LBC	52	30.79	18.76	20.91	29.54	0.00	0.00
LBC	53	29.89	18.81	18.31	32.98	0.00	0.00
LBC	54	29.79	19.96	18.91	31.34	0.00	0.00
LBC	55	30.69	20.11	18.36	30.84	0.00	0.00
LBC	56	31.14	19.21	18.26	31.39	0.00	0.00
LBC	57	29.04	21.56	18.66	30.74	0.00	0.00
LBC	58	30.59	19.76	20.11	29.54	0.00	0.00
LBC	59	30.64	20.56	18.26	30.54	0.00	0.00
LBC	60	31.79	21.01	16.92	30.29	0.00	0.00
LBC	61	29.54	20.66	19.51	30.29	0.00	0.00
LBC	62	30.94	20.36	19.56	29.14	0.00	0.00
LBC	63	30.04	19.36	20.16	30.44	0.00	0.00
LBC	64	30.44	19.96	19.51	30.09	0.00	0.00
LBC	65	28.59	20.26	19.31	31.84	0.00	0.00
LBC	66	29.64	21.01	16.47	32.88	0.00	0.00
LBC	67	29.19	19.66	19.11	32.04	0.00	0.00
LBC	68	31.29	19.66	18.91	30.14	0.00	0.00
LBC	69	30.49	20.16	18.21	31.14	0.00	0.00
LBC	70	28.94	22.11	18.46	30.49	0.00	0.00
LBC	71	28.04	19.81	19.31	32.83	0.00	0.00
LBC	72	29.19	19.01	18.46	33.33	0.00	0.00
LBC	73	31.04	20.31	17.51	31.14	0.00	0.00
LBC	74	31.14	19.66	18.76	30.44	0.00	0.00
LBC	75	28.84	20.86	20.11	30.19	0.00	0.00
LBC	76	32.44	20.71	18.26	28.59	0.00	0.00
LBC	77	29.99	20.26	18.46	31.29	0.00	0.00
LBC	78	32.53	20.11	18.16	29.19	0.00	0.00
LBC	79	30.89	19.06	19.71	30.34	0.00	0.00
LBC	80	30.39	21.51	18.46	29.64	0.00	0.00
LBC	81	28.39	21.16	19.71	30.74	0.00	0.00
LBC	82	30.79	19.91	18.86	30.44	0.00	0.00
LBC	83	29.24	21.56	19.96	29.24	0.00	0.00
LBC	84	31.49	20.51	18.81	29.19	0.00	0.00
LBC	85	29.94	20.81	20.21	29.04	0.00	0.00
LBC	86	29.39	21.26	19.76	29.59	0.00	0.00
LBC	87	30.24	20.21	19.41	30.14	0.00	0.00
LBC	88	29.79	20.61	19.01	30.59	0.00	0.00
LBC	89	29.84	22.26	18.46	29.44	0.00	0.00
LBC	90	30.49	21.51	17.71	30.29	0.00	0.00
LBC	91	30.24	20.81	18.81	30.14	0.00	0.00
LBC	92	28.64	20.36	19.86	31.14	0.00	0.00
LBC	93	30.69	19.16	18.86	31.29	0.00	0.00
LBC	94	29.69	19.86	19.11	31.34	0.00	0.00
LBC	95	30.59	19.31	19.41	30.69	0.00	0.00
LBC	96	28.94	19.91	19.71	31.44	0.00	0.00
LBC	97	30.19	19.76	20.01	30.04	0.00	0.00
LBC	98	30.99	19.16	19.31	30.54	0.00	0.00
LBC	99	29.54	20.06	19.46	30.94	0.00	0.00
LBC	100	31.59	19.76	19.06	29.59	0.00	0.00
LBC	101	31.74	18.96	18.31	30.99	0.00	0.00
LBC	102	31.44	18.86	19.31	30.39	0.00	0.00
LBC	103	30.49	20.31	20.46	28.74	0.00	0.00
LBC	104	31.89	17.22	19.36	31.54	0.00	0.00
LBC	105	30.14	19.31	20.06	30.49	0.00	0.00
LBC	106	31.09	20.01	19.11	29.79	0.00	0.00
LBC	107	29.99	19.71	20.56	29.74	0.00	0.00
LBC	108	31.29	20.06	19.81	28.84	0.00	0.00
LBC	109	29.49	20.21	20.11	30.19	0.00	0.00
LBC	110	31.04	20.11	18.16	30.69	0.00	0.00
LBC	111	30.34	19.01	19.51	31.14	0.00	0.00
LBC	112	31.84	19.11	18.76	30.29	0.00	0.00
LBC	113	28.59	20.96	19.41	31.04	0.00	0.00
LBC	114	29.84	19.91	19.06	31.19	0.00	0.00
LBC	115	29.94	19.61	18.66	31.79	0.00	0.00
LBC	116	30.89	19.36	19.41	30.34	0.00	0.00
LBC	117	27.89	20.41	19.76	31.94	0.00	0.00
LBC	118	29.94	20.71	19.51	29.84	0.00	0.00
LBC	119	30.04	19.81	18.36	31.79	0.00	0.00
LBC	120	30.09	19.31	19.16	31.44	0.00	0.00
LBC	121	30.79	19.11	18.71	31.39	0.00	0.00
LBC	122	31.39	18.71	20.26	29.64	0.00	0.00
LBC	123	29.99	19.56	20.01	30.44	0.00	0.00
LBC	124	28.89	19.31	19.31	32.49	0.00	0.00
LBC	125	31.04	18.41	19.51	31.04	0.00	0.00
LBC	126	32.04	18.96	19.31	29.69	0.00	0.00
LBC	127	31.49	20.61	17.47	30.44	0.00	0.00
LBC	128	31.64	19.11	18.46	30.79	0.00	0.00
LBC	129	32.68	19.71	18.06	29.54	0.00	0.00
LBC	130	32.19	19.31	19.21	29.29	0.00	0.00
LBC	131	31.89	19.61	18.81	29.69	0.00	0.00
LBC	132	29.69	20.51	19.91	29.89	0.00	0.00
LBC	133	29.69	20.81	18.61	30.89	0.00	0.00
LBC	134	28.44	21.31	19.11	31.14	0.00	0.00
LBC	135	30.64	18.06	20.81	30.49	0.00	0.00
LBC	136	31.54	20.26	18.91	29.29	0.00	0.00
LBC	137	30.74	19.76	18.31	31.19	0.00	0.00
LBC	138	29.64	18.21	19.71	32.44	0.00	0.00
LBC	139	29.29	19.06	20.06	31.59	0.00	0.00
LBC	140	30.09	19.11	20.01	30.79	0.00	0.00
LBC	141	27.74	19.21	20.31	32.73	0.00	0.00
LBC	142	29.59	19.71	18.71	31.99	0.00	0.00
LBC	143	30.49	19.71	19.41	30.39	0.00	0.00
LBC	144	31.29	20.21	18.26	30.24	0.00	0.00
LBC	145	31.34	19.46	19.56	29.64	0.00	0.00
LBC	146	31.04	20.46	19.11	29.39	0.00	0.00
LBC	147	30.99	20.86	18.36	29.79	0.00	0.00
LBC	148	29.14	20.36	19.36	31.14	0.00	0.00
LBC	149	30.59	19.76	19.86	29.79	0.00	0.00
LBC	150	31.79	18.36	18.96	30.89	0.00	0.00
# ACGT raw counters for last fragments. Use `grep ^LTC | cut -f 2-` to extract this part. The columns are: A,C,G,T,N base counters
LTC	91522	60048	57221	91809	0
# Insert sizes. Use `grep ^IS | cut -f 2-` to extract this part. The columns are: insert size, pairs total, inward oriented pairs, outward oriented pairs, other pairs
IS	0	0	0	0	0
IS	1	0	0	0	0
IS	2	0	0	0	0
IS	3	0	0	0	0
IS	4	0	0	0	0
IS	5	0	0	0	0
IS	6	0	0	0	0
IS	7	0	0	0	0
IS	8	0	0	0	0
IS	9	0	0	0	0
IS	10	0	0	0	0
IS	11	0	0	0	0
IS	12	0	0	0	0
IS	13	0	0	0	0
IS	14	0	0	0	0
IS	15	0	0	0	0
IS	16	0	0	0	0
IS	17	0	0	0	0
IS	18	0	0	0	0
IS	19	0	0	0	0
IS	20	0	0	0	0
IS	21	0	0	0	0
IS	22	0	0	0	0
IS	23	0	0	0	0
IS	24	0	0	0	0
IS	25	0	0	0	0
IS	26	0	0	0	0
IS	27	0	0	0	0
IS	28	0	0	0	0
IS	29	0	0	0	0
IS	30	0	0	0	0
IS	31	0	0	0	0
IS	32	0	0	0	0
IS	33	0	0	0	0
IS	34	0	0	0	0
IS	35	0	0	0	0
IS	36	0	0	0	0
IS	37	0	0	0	0
IS	38	0	0	0	0
IS	39	0	0	0	0
IS	40	0	0	0	0
IS	41	0	0	0	0
IS	42	0	0	0	0
IS	43	0	0	0	0
IS	44	0	0	0	0
IS	45	0	0	0	0
IS	46	0	0	0	0
IS	47	0	0	0	0
IS	48	0	0	0	0
IS	49	0	0	0	0
IS	50	0	0	0	0
IS	51	0	0	0	0
IS	52	0	0	0	0
IS	53	0	0	0	0
IS	54	0	0	0	0
IS	55	0	0	0	0
IS	56	0	0	0	0
IS	57	0	0	0	0
IS	58	0	0	0	0
IS	59	0	0	0	0
IS	60	0	0	0	0
IS	61	0	0	0	0
IS	62	0	0	0	0
IS	63	0	0	0	0
IS	64	0	0	0	0
IS	65	0	0	0	0
IS	66	0	0	0	0
IS	67	0	0	0	0
IS	68	0	0	0	0
IS	69	0	0	0	0
IS	70	0	0	0	0
IS	71	0	0	0	0
IS	72	0	0	0	0
IS	73	0	0	0	0
IS	74	0	0	0	0
IS	75	0	0	0	0
IS	76	0	0	0	0
IS	77	0	0	0	0
IS	78	0	0	0	0
IS	79	0	0	0	0
IS	80	0	0	0	0
IS	81	0	0	0	0
IS	82	0	0	0	0
IS	83	0	0	0	0
IS	84	0	0	0	0
IS	85	0	0	0	0
IS	86	0	0	0	0
IS	87	0	0	0	0
IS	88	0	0	0	0
IS	89	0	0	0	0
IS	90	0	0	0	0
IS	91	0	0	0	0
IS	92	0	0	0	0
IS	93	0	0	0	0
IS	94	0	0	0	0
IS	95	0	0	0	0
IS	96	0	0	0	0
IS	97	0	0	0	0
IS	98	0	0	0	0
IS	99	0	0	0	0
IS	100	0	0	0	0
IS	101	0	0	0	0
IS	102	0	0	0	0
IS	103	0	0	0	0
IS	104	0	0	0	0
IS	105	0	0	0	0
IS	106	0	0	0	0
IS	107	0	0	0	0
IS	108	0	0	0	0
IS	109	0	0	0	0
IS	110	0	0	0	0
IS	111	0	0	0	0
IS	112	0	0	0	0
IS	113	0	0	0	0
IS	114	0	0	0	0
IS	115	0	0	0	0
IS	116	0	0	0	0
IS	117	0	0	0	0
IS	118	0	0	0	0
IS	119	0	0	0	0
IS	120	0	0	0	0
IS	121	0	0	0	0
IS	122	0	0	0	0
IS	123	0	0	0	0
IS	124	0	0	0	0
IS	125	0	0	0	0
IS	126	0	0	0	0
IS	127	0	0	0	0
IS	128	0	0	0	0
IS	129	0	0	0	0
IS	130	0	0	0	0
IS	131	0	0	0	0
IS	132	0	0	0	0
IS	133	0	0	0	0
IS	134	0	0	0	0
IS	135	0	0	0	0
IS	136	0	0	0	0
IS	137	0	0	0	0
IS	138	0	0	0	0
IS	139	0	0	0	0
IS	140	0	0	0	0
IS	141	0	0	0	0
IS	142	0	0	0	0
IS	143	0	0	0	0
IS	144	0	0	0	0
IS	145	0	0	0	0
IS	146	0	0	0	0
IS	147	0	0	0	0
IS	148	0	0	0	0
IS	149	0	0	0	0
IS	150	0	0	0	0
IS	151	0	0	0	0
IS	152	0	0	0	0
IS	153	0	0	0	0
IS	154	0	0	0	0
IS	155	0	0	0	0
IS	156	0	0	0	0
IS	157	0	0	0	0
IS	158	0	0	0	0
IS	159	0	0	0	0
IS	160	0	0	0	0
IS	161	0	0	0	0
IS	162	0	0	0	0
IS	163	0	0	0	0
IS	164	0	0	0	0
IS	165	0	0	0	0
IS	166	0	0	0	0
IS	167	0	0	0	0
IS	168	0	0	0	0
IS	169	0	0	0	0
IS	170	0	0	0	0
IS	171	0	0	0	0
IS	172	0	0	0	0
IS	173	0	0	0	0
IS	174	0	0	0	0
IS	175	0	0	0	0
IS	176	0	0	0	0
IS	177	0	0	0	0
IS	178	0	0	0	0
IS	179	0	0	0	0
IS	180	0	0	0	0
IS	181	0	0	0	0
IS	182	0	0	0	0
IS	183	0	0	0	0
IS	184	0	0	0	0
IS	185	0	0	0	0
IS	186	0	0	0	0
IS	187	0	0	0	0
IS	188	0	0	0	0
IS	189	0	0	0	0
IS	190	0	0	0	0
IS	191	0	0	0	0
IS	192	0	0	0	0
IS	193	0	0	0	0
IS	194	0	0	0	0
IS	195	0	0	0	0
IS	196	0	0	0	0
IS	197	0	0	0	0
IS	198	0	0	0	0
IS	199	0	0	0	0
IS	200	0	0	0	0
IS	201	0	0	0	0
IS	202	0	0	0	0
IS	203	0	0	0	0
IS	204	0	0	0	0
IS	205	0	0	0	0
IS	206	0	0	0	0
IS	207	0	0	0	0
IS	208	0	0	0	0
IS	209	0	0	0	0
IS	210	0	0	0	0
IS	211	0	0	0	0
IS	212	0	0	0	0
IS	213	0	0	0	0
IS	214	0	0	0	0
IS	215	0	0	0	0
IS	216	0	0	0	0
IS	217	0	0	0	0
IS	218	0	0	0	0
IS	219	0	0	0	0
IS	220	0	0	0	0
IS	221	0	0	0	0
IS	222	0	0	0	0
IS	223	0	0	0	0
IS	224	0	0	0	0
IS	225	0	0	0	0
IS	226	0	0	0	0
IS	227	0	0	0	0
IS	228	0	0	0	0
IS	229	0	0	0	0
IS	230	0	0	0	0
IS	231	0	0	0	0
IS	232	0	0	0	0
IS	233	0	0	0	0
IS	234	0	0	0	0
IS	235	0	0	0	0
IS	236	0	0	0	0
IS	237	0	0	0	0
IS	238	0	0	0	0
IS	239	0	0	0	0
IS	240	0	0	0	0
IS	241	0	0	0	0
IS	242	0	0	0	0
IS	243	0	0	0	0
IS	244	0	0	0	0
IS	245	0	0	0	0
IS	246	0	0	0	0
IS	247	0	0	0	0
IS	248	0	0	0	0
IS	249	0	0	0	0
IS	250	0	0	0	0
IS	251	0	0	0	0
IS	252	0	0	0	0
IS	253	0	0	0	0
IS	254	0	0	0	0
IS	255	0	0	0	0
IS	256	0	0	0	0
IS	257	0	0	0	0
IS	258	0	0	0	0
IS	259	0	0	0	0
IS	260	0	0	0	0
IS	261	0	0	0	0
IS	262	0	0	0	0
IS	263	0	0	0	0
IS	264	0	0	0	0
IS	265	0	0	0	0
IS	266	0	0	0	0
IS	267	0	0	0	0
IS	268	0	0	0	0
IS	269	0	0	0	0
IS	270	0	0	0	0
IS	271	0	0	0	0
IS	272	0	0	0	0
IS	273	0	0	0	0
IS	274	0	0	0	0
IS	275	0	0	0	0
IS	276	0	0	0	0
IS	277	0	0	0	0
IS	278	0	0	0	0
IS	279	0	0	0	0
IS	280	0	0	0	0
IS	281	0	0	0	0
IS	282	0	0	0	0
IS	283	0	0	0	0
IS	284	0	0	0	0
IS	285	0	0	0	0
IS	286	0	0	0	0
IS	287	0	0	0	0
IS	288	0	0	0	0
IS	289	0	0	0	0
IS	290	0	0	0	0
IS	291	0	0	0	0
IS	292	0	0	0	0
IS	293	0	0	0	0
IS	294	0	0	0	0
IS	295	0	0	0	0
IS	296	0	0	0	0
IS	297	0	0	0	0
IS	298	0	0	0	0
IS	299	0	0	0	0
IS	300	0	0	0	0
IS	301	0	0	0	0
IS	302	0	0	0	0
IS	303	0	0	0	0
IS	304	0	0	0	0
IS	305	0	0	0	0
IS	306	0	0	0	0
IS	307	0	0	0	0
IS	308	0	0	0	0
IS	309	0	0	0	0
IS	310	0	0	0	0
IS	311	0	0	0	0
IS	312	0	0	0	0
IS	313	0	0	0	0
IS	314	0	0	0	0
IS	315	0	0	0	0
IS	316	0	0	0	0
IS	317	0	0	0	0
IS	318	0	0	0	0
IS	319	0	0	0	0
IS	320	0	0	0	0
IS	321	0	0	0	0
IS	322	0	0	0	0
IS	323	0	0	0	0
IS	324	0	0	0	0
IS	325	1	1	0	0
IS	326	1	1	0	0
IS	327	0	0	0	0
IS	328	0	0	0	0
IS	329	0	0	0	0
IS	330	0	0	0	0
IS	331	0	0	0	0
IS	332	0	0	0	0
IS	333	0	0	0	0
IS	334	0	0	0	0
IS	335	0	0	0	0
IS	336	0	0	0	0
IS	337	1	1	0	0
IS	338	1	1	0	0
IS	339	1	1	0	0
IS	340	0	0	0	0
IS	341	0	0	0	0
IS	342	0	0	0	0
IS	343	0	0	0	0
IS	344	0	0	0	0
IS	345	0	0	0	0
IS	346	0	0	0	0
IS	347	0	0	0	0
IS	348	0	0	0	0
IS	349	1	1	0	0
IS	350	0	0	0	0
IS	351	0	0	0	0
IS	352	0	0	0	0
IS	353	0	0	0	0
IS	354	0	0	0	0
IS	355	0	0	0	0
IS	356	2	2	0	0
IS	357	0	0	0	0
IS	358	0	0	0	0
IS	359	1	1	0	0
IS	360	0	0	0	0
IS	361	0	0	0	0
IS	362	0	0	0	0
IS	363	1	1	0	0
IS	364	0	0	0	0
IS	365	1	1	0	0
IS	366	0	0	0	0
IS	367	2	2	0	0
IS	368	0	0	0	0
IS	369	1	1	0	0
IS	370	1	1	0	0
IS	371	1	1	0	0
IS	372	1	1	0	0
IS	373	2	2	0	0
IS	374	0	0	0	0
IS	375	0	0	0	0
IS	376	1	1	0	0
IS	377	2	2	0	0
IS	378	0	0	0	0
IS	379	2	2	0	0
IS	380	0	0	0	0
IS	381	3	3	0	0
IS	382	3	3	0	0
IS	383	4	4	0	0
IS	384	0	0	0	0
IS	385	0	0	0	0
IS	386	1	1	0	0
IS	387	2	2	0	0
IS	388	4	4	0	0
IS	389	4	4	0	0
IS	390	1	1	0	0
IS	391	3	3	0	0
IS	392	2	2	0	0
IS	393	3	3	0	0
IS	394	1	1	0	0
IS	395	9	9	0	0
IS	396	1	1	0	0
IS	397	2	2	0	0
IS	398	0	0	0	0
IS	399	4	4	0	0
IS	400	1	1	0	0
IS	401	2	2	0	0
IS	402	3	3	0	0
IS	403	3	3	0	0
IS	404	7	7	0	0
IS	405	5	5	0	0
IS	406	1	1	0	0
IS	407	4	4	0	0
IS	408	3	3	0	0
IS	409	3	3	0	0
IS	410	6	6	0	0
IS	411	4	4	0	0
IS	412	3	3	0	0
IS	413	3	3	0	0
IS	414	1	1	0	0
IS	415	4	4	0	0
IS	416	3	3	0	0
IS	417	2	2	0	0
IS	418	6	6	0	0
IS	419	2	2	0	0
IS	420	0	0	0	0
IS	421	8	8	0	0
IS	422	7	7	0	0
IS	423	5	5	0	0
IS	424	3	3	0	0
IS	425	6	6	0	0
IS	426	2	2	0	0
IS	427	3	3	0	0
IS	428	8	8	0	0
IS	429	6	6	0	0
IS	430	6	6	0	0
IS	431	11	11	0	0
IS	432	7	7	0	0
IS	433	8	8	0	0
IS	434	9	9	0	0
IS	435	6	6	0	0
IS	436	7	7	0	0
IS	437	9	9	0	0
IS	438	10	10	0	0
IS	439	2	2	0	0
IS	440	13	13	0	0
IS	441	11	11	0	0
IS	442	5	5	0	0
IS	443	8	8	0	0
IS	444	8	8	0	0
IS	445	8	8	0	0
IS	446	6	6	0	0
IS	447	8	8	0	0
IS	448	11	11	0	0
IS	449	17	17	0	0
IS	450	12	12	0	0
IS	451	11	11	0	0
IS	452	12	12	0	0
IS	453	10	10	0	0
IS	454	11	11	0	0
IS	455	10	10	0	0
IS	456	8	8	0	0
IS	457	8	8	0	0
IS	458	8	8	0	0
IS	459	10	10	0	0
IS	460	11	11	0	0
IS	461	10	10	0	0
IS	462	10	10	0	0
IS	463	9	9	0	0
IS	464	5	5	0	0
IS	465	10	10	0	0
IS	466	9	9	0	0
IS	467	12	12	0	0
IS	468	18	18	0	0
IS	469	11	11	0	0
IS	470	18	18	0	0
IS	471	12	12	0	0
IS	472	10	10	0	0
IS	473	12	12	0	0
IS	474	18	18	0	0
IS	475	8	8	0	0
IS	476	10	10	0	0
IS	477	12	12	0	0
IS	478	15	15	0	0
IS	479	16	16	0	0
IS	480	15	15	0	0
IS	481	10	10	0	0
IS	482	12	12	0	0
IS	483	23	23	0	0
IS	484	19	19	0	0
IS	485	11	11	0	0
IS	486	13	13	0	0
IS	487	17	17	0	0
IS	488	15	15	0	0
IS	489	14	14	0	0
IS	490	15	15	0	0
IS	491	10	10	0	0
IS	492	15	15	0	0
IS	493	21	21	0	0
IS	494	5	5	0	0
IS	495	8	8	0	0
IS	496	22	22	0	0
IS	497	11	11	0	0
IS	498	15	15	0	0
IS	499	17	17	0	0
IS	500	16	16	0	0
IS	501	13	13	0	0
IS	502	24	24	0	0
IS	503	16	16	0	0
IS	504	15	15	0	0
IS	505	12	12	0	0
IS	506	20	20	0	0
IS	507	23	23	0	0
IS	508	19	19	0	0
IS	509	14	14	0	0
IS	510	16	16	0	0
IS	511	8	8	0	0
IS	512	17	17	0	0
IS	513	17	17	0	0
IS	514	19	19	0	0
IS	515	9	9	0	0
IS	516	18	18	0	0
IS	517	15	15	0	0
IS	518	15	15	0	0
IS	519	19	19	0	0
IS	520	23	23	0	0
IS	521	15	15	0	0
IS	522	10	10	0	0
IS	523	16	16	0	0
IS	524	15	15	0	0
IS	525	12	12	0	0
IS	526	5	5	0	0
IS	527	13	13	0	0
IS	528	17	17	0	0
IS	529	9	9	0	0
IS	530	13	13	0	0
IS	531	11	11	0	0
IS	532	7	7	0	0
IS	533	15	15	0	0
IS	534	12	12	0	0
IS	535	19	19	0	0
IS	536	16	16	0	0
IS	537	8	8	0	0
IS	538	16	16	0	0
IS	539	9	9	0	0
IS	540	15	15	0	0
IS	541	10	10	0	0
IS	542	6	6	0	0
IS	543	16	16	0	0
IS	544	15	15	0	0
IS	545	13	13	0	0
IS	546	11	11	0	0
IS	547	11	11	0	0
IS	548	10	10	0	0
IS	549	15	15	0	0
IS	550	11	11	0	0
IS	551	6	6	0	0
IS	552	9	9	0	0
IS	553	4	4	0	0
IS	554	10	10	0	0
IS	555	8	8	0	0
IS	556	8	8	0	0
IS	557	11	11	0	0
IS	558	10	10	0	0
IS	559	9	9	0	0
IS	560	6	6	0	0
IS	561	7	7	0	0
IS	562	10	10	0	0
IS	563	11	11	0	0
IS	564	9	9	0	0
IS	565	10	10	0	0
IS	566	9	9	0	0
IS	567	5	5	0	0
IS	568	4	4	0	0
IS	569	5	5	0	0
IS	570	7	7	0	0
IS	571	8	8	0	0
IS	572	7	7	0	0
IS	573	13	13	0	0
IS	574	10	10	0	0
IS	575	5	5	0	0
IS	576	5	5	0	0
IS	577	2	2	0	0
IS	578	6	6	0	0
IS	579	4	4	0	0
IS	580	4	4	0	0
IS	581	3	3	0	0
IS	582	4	4	0	0
IS	583	5	5	0	0
IS	584	1	1	0	0
IS	585	4	4	0	0
IS	586	0	0	0	0
IS	587	2	2	0	0
IS	588	1	1	0	0
IS	589	3	3	0	0
IS	590	3	3	0	0
IS	591	0	0	0	0
IS	592	1	1	0	0
IS	593	2	2	0	0
IS	594	2	2	0	0
IS	595	3	3	0	0
IS	596	1	1	0	0
IS	597	0	0	0	0
IS	598	1	1	0	0
IS	599	2	2	0	0
IS	600	3	3	0	0
IS	601	3	3	0	0
IS	602	1	1	0	0
IS	603	2	2	0	0
IS	604	1	1	0	0
IS	605	2	2	0	0
IS	606	1	1	0	0
IS	607	2	2	0	0
IS	608	0	0	0	0
IS	609	2	2	0	0
IS	610	1	1	0	0
IS	611	3	3	0	0
IS	612	1	1	0	0
IS	613	1	1	0	0
IS	614	2	2	0	0
IS	615	0	0	0	0
IS	616	3	3	0	0
# Read lengths. Use `grep ^RL | cut -f 2-` to extract this part. The columns are: read length, count
RL	150	4008
# Read lengths - first fragments. Use `grep ^FRL | cut -f 2-` to extract this part. The columns are: read length, count
FRL	150	2004
# Read lengths - last fragments. Use `grep ^LRL | cut -f 2-` to extract this part. The columns are: read length, count
LRL	150	2004
# Mapping qualities for reads !(UNMAP|SECOND|SUPPL|QCFAIL|DUP). Use `grep ^MAPQ | cut -f 2-` to extract this part. The columns are: mapq, count
MAPQ	0	22
MAPQ	21	1
MAPQ	27	8
MAPQ	33	2
MAPQ	39	2
MAPQ	40	33
MAPQ	41	1
MAPQ	45	1
MAPQ	47	1
MAPQ	48	45
MAPQ	49	1
MAPQ	50	2
MAPQ	52	1
MAPQ	57	14
MAPQ	59	4
MAPQ	60	3870
# Indel distribution. Use `grep ^ID | cut -f 2-` to extract this part. The columns are: length, number of insertions, number of deletions
# Indels per cycle. Use `grep ^IC | cut -f 2-` to extract this part. The columns are: cycle, number of insertions (fwd), .. (rev) , number of deletions (fwd), .. (rev)
# Coverage distribution. Use `grep ^COV | cut -f 2-` to extract this part.
COV	[1-1]	1	5257
COV	[2-2]	2	10636
COV	[3-3]	3	14687
COV	[4-4]	4	19095
COV	[5-5]	5	19044
COV	[6-6]	6	16975
COV	[7-7]	7	12218
COV	[8-8]	8	8028
COV	[9-9]	9	5032
COV	[10-10]	10	2953
COV	[11-11]	11	1701
COV	[12-12]	12	734
COV	[13-13]	13	239
COV	[14-14]	14	119
COV	[15-15]	15	20
# GC-depth. Use `grep ^GCD | cut -f 2-` to extract this part. The columns are: GC%, unique sequence percentiles, 10th, 25th, 50th, 75th and 90th depth percentile
GCD	0.0	15.385	0.000	0.000	0.000	0.000	0.000
GCD	37.0	23.077	2.505	2.505	2.505	2.505	2.505
GCD	38.0	46.154	2.505	2.505	2.505	2.505	2.505
GCD	39.0	76.923	2.505	2.505	2.505	2.505	2.505
GCD	40.0	84.615	2.505	2.505	2.505	2.505	2.505
GCD	41.0	92.308	2.505	2.505	2.505	2.505	2.505
GCD	46.0	100.000	2.505	2.505	2.505	2.505	2.505
