# This file was produced by samtools stats (1.20+htslib-1.21) and can be plotted using plot-bamstats
# This file contains statistics for all reads.
# The command line was:  stats sample3811.sorted.bam
# CHK, Checksum	[2]Read Names	[3]Sequences	[4]Qualities
# CHK, CRC32 of reads which passed filtering followed by addition (32bit overflow)
CHK	0c1f700a	4b45272d	93be98f0
# Summary Numbers. Use `grep ^SN | cut -f 2-` to extract this part.
SN	raw total sequences:	4008	# excluding supplementary and secondary reads
SN	filtered sequences:	0
SN	sequences:	4008
SN	is sorted:	1
SN	1st fragments:	2004
SN	last fragments:	2004
SN	reads mapped:	4008
SN	reads mapped and paired:	4008	# paired-end technology bit set + both mates mapped
SN	reads unmapped:	0
SN	reads properly paired:	4008	# proper-pair bit set
SN	reads paired:	4008	# paired-end technology bit set
SN	reads duplicated:	0	# PCR or optical duplicate bit set
SN	reads MQ0:	12	# mapped and MQ=0
SN	reads QC failed:	0
SN	non-primary alignments:	0
SN	supplementary alignments:	0
SN	total length:	601200	# ignores clipping
SN	total first fragment length:	300600	# ignores clipping
SN	total last fragment length:	300600	# ignores clipping
SN	bases mapped:	601200	# ignores clipping
SN	bases mapped (cigar):	601195	# more accurate
SN	bases trimmed:	0
SN	bases duplicated:	0
SN	mismatches:	972	# from NM fields
SN	error rate:	1.616780e-03	# mismatches / bases mapped (cigar)
SN	average length:	150
SN	average first fragment length:	150
SN	average last fragment length:	150
SN	maximum length:	150
SN	maximum first fragment length:	150
SN	maximum last fragment length:	150
SN	average quality:	30.0
SN	insert size average:	498.4
SN	insert size standard deviation:	49.2
SN	inward oriented pairs:	2004
SN	outward oriented pairs:	0
SN	pairs with other orientation:	0
SN	pairs on different chromosomes:	0
SN	percentage of properly paired reads (%):	100.0
# First Fragment Qualities. Use `grep ^FFQ | cut -f 2-` to extract this part.
# Columns correspond to qualities and rows to cycles. First column is the cycle number.
FFQ	1	0	0	0	0	0	0	0	0	0	0	0	0	0	0	0	0	0	0	0	0	0	0	0	0	0	0	0	0	0	0	2004	0
FFQ	2	0	0	0	0	0	0	0	0	0	0	0	0	0	0	0	0	0	0	0	0	0	0	0	0	0	0	0	0	0	0	2004	0
FFQ	3	0	0	0	0	0	0	0	0	0	0	0	0	0	0	0	0	0	0	0	0	0	0	0	0	0	0	0	0	0	0	2004	0
FFQ	4	0	0	0	0	0	0	0	0	0	0	0	0	0	0	0	0	0	0	0	0	0	0	0	0	0	0	0	0	0	0	2004	0
FFQ	5	0	0	0	0	0	0	0	0	0	0	0	0	0	0	0	0	0	0	0	0	0	0	0	0	0	0	0	0	0	0	2004	0
FFQ	6	0	0	0	0	0	0	0	0	0	0	0	0	0	0	0	0	0	0	0	0	0	0	0	0	0	0	0	0	0	0	2004	0
FFQ	7	0	0	0	0	0	0	0	0	0	0	0	0	0	0	0	0	0	0	0	0	0	0	0	0	0	0	0	0	0	0	2004	0
FFQ	8	0	0	0	0	0	0	0	0	0	0	0	0	0	0	0	0	0	0	0	0	0	0	0	0	0	0	0	0	0	0	2004	0
FFQ	9	0	0	0	0	0	0	0	0	0	0	0	0	0	0	0	0	0	0	0	0	0	0	0	0	0	0	0	0	0	0	2004	0
FFQ	10	0	0	0	0	0	0	0	0	0	0	0	0	0	0	0	0	0	0	0	0	0	0	0	0	0	0	0	0	0	0	2004	0
FFQ	11	0	0	0	0	0	0	0	0	0	0	0	0	0	0	0	0	0	0	0	0	0	0	0	0	0	0	0	0	0	0	2004	0
FFQ	12	0	0	0	0	0	0	0	0	0	0	0	0	0	0	0	0	0	0	0	0	0	0	0	0	0	0	0	0	0	0	2004	0
FFQ	13	0	0	0	0	0	0	0	0	0	0	0	0	0	0	0	0	0	0	0	0	0	0	0	0	0	0	0	0	0	0	2004	0
FFQ	14	0	0	0	0	0	0	0	0	0	0	0	0	0	0	0	0	0	0	0	0	0	0	0	0	0	0	0	0	0	0	2004	0
FFQ	15	0	0	0	0	0	0	0	0	0	0	0	0	0	0	0	0	0	0	0	0	0	0	0	0	0	0	0	0	0	0	2004	0
FFQ	16	0	0	0	0	0	0	0	0	0	0	0	0	0	0	0	0	0	0	0	0	0	0	0	0	0	0	0	0	0	0	2004	0
FFQ	17	0	0	0	0	0	0	0	0	0	0	0	0	0	0	0	0	0	0	0	0	0	0	0	0	0	0	0	0	0	0	2004	0
FFQ	18	0	0	0	0	0	0	0	0	0	0	0	0	0	0	0	0	0	0	0	0	0	0	0	0	0	0	0	0	0	0	2004	0
FFQ	19	0	0	0	0	0	0	0	0	0	0	0	0	0	0	0	0	0	0	0	0	0	0	0	0	0	0	0	0	0	0	2004	0
FFQ	20	0	0	0	0	0	0	0	0	0	0	0	0	0	0	0	0	0	0	0	0	0	0	0	0	0	0	0	0	0	0	2004	0
FFQ	21	0	0	0	0	0	0	0	0	0	0	0	0	0	0	0	0	0	0	0	0	0	0	0	0	0	0	0	0	0	0	2004	0
FFQ	22	0	0	0	0	0	0	0	0	0	0	0	0	0	0	0	0	0	0	0	0	0	0	0	0	0	0	0	0	0	0	2004	0
FFQ	23	0	0	0	0	0	0	0	0	0	0	0	0	0	0	0	0	0	0	0	0	0	0	0	0	0	0	0	0	0	0	2004	0
FFQ	24	0	0	0	0	0	0	0	0	0	0	0	0	0	0	0	0	0	0	0	0	0	0	0	0	0	0	0	0	0	0	2004	0
FFQ	25	0	0	0	0	0	0	0	0	0	0	0	0	0	0	0	0	0	0	0	0	0	0	0	0	0	0	0	0	0	0	2004	0
FFQ	26	0	0	0	0	0	0	0	0	0	0	0	0	0	0	0	0	0	0	0	0	0	0	0	0	0	0	0	0	0	0	2004	0
FFQ	27	0	0	0	0	0	0	0	0	0	0	0	0	0	0	0	0	0	0	0	0	0	0	0	0	0	0	0	0	0	0	2004	0
FFQ	28	0	0	0	0	0	0	0	0	0	0	0	0	0	0	0	0	0	0	0	0	0	0	0	0	0	0	0	0	0	0	2004	0
FFQ	29	0	0	0	0	0	0	0	0	0	0	0	0	0	0	0	0	0	0	0	0	0	0	0	0	0	0	0	0	0	0	2004	0
FFQ	30	0	0	0	0	0	0	0	0	0	0	0	0	0	0	0	0	0	0	0	0	0	0	0	0	0	0	0	0	0	0	2004	0
FFQ	31	0	0	0	0	0	0	0	0	0	0	0	0	0	0	0	0	0	0	0	0	0	0	0	0	0	0	0	0	0	0	2004	0
FFQ	32	0	0	0	0	0	0	0	0	0	0	0	0	0	0	0	0	0	0	0	0	0	0	0	0	0	0	0	0	0	0	2004	0
FFQ	33	0	0	0	0	0	0	0	0	0	0	0	0	0	0	0	0	0	0	0	0	0	0	0	0	0	0	0	0	0	0	2004	0
FFQ	34	0	0	0	0	0	0	0	0	0	0	0	0	0	0	0	0	0	0	0	0	0	0	0	0	0	0	0	0	0	0	2004	0
FFQ	35	0	0	0	0	0	0	0	0	0	0	0	0	0	0	0	0	0	0	0	0	0	0	0	0	0	0	0	0	0	0	2004	0
FFQ	36	0	0	0	0	0	0	0	0	0	0	0	0	0	0	0	0	0	0	0	0	0	0	0	0	0	0	0	0	0	0	2004	0
FFQ	37	0	0	0	0	0	0	0	0	0	0	0	0	0	0	0	0	0	0	0	0	0	0	0	0	0	0	0	0	0	0	2004	0
FFQ	38	0	0	0	0	0	0	0	0	0	0	0	0	0	0	0	0	0	0	0	0	0	0	0	0	0	0	0	0	0	0	2004	0
FFQ	39	0	0	0	0	0	0	0	0	0	0	0	0	0	0	0	0	0	0	0	0	0	0	0	0	0	0	0	0	0	0	2004	0
FFQ	40	0	0	0	0	0	0	0	0	0	0	0	0	0	0	0	0	0	0	0	0	0	0	0	0	0	0	0	0	0	0	2004	0
FFQ	41	0	0	0	0	0	0	0	0	0	0	0	0	0	0	0	0	0	0	0	0	0	0	0	0	0	0	0	0	0	0	2004	0
FFQ	42	0	0	0	0	0	0	0	0	0	0	0	0	0	0	0	0	0	0	0	0	0	0	0	0	0	0	0	0	0	0	2004	0
FFQ	43	0	0	0	0	0	0	0	0	0	0	0	0	0	0	0	0	0	0	0	0	0	0	0	0	0	0	0	0	0	0	2004	0
FFQ	44	0	0	0	0	0	0	0	0	0	0	0	0	0	0	0	0	0	0	0	0	0	0	0	0	0	0	0	0	0	0	2004	0
FFQ	45	0	0	0	0	0	0	0	0	0	0	0	0	0	0	0	0	0	0	0	0	0	0	0	0	0	0	0	0	0	0	2004	0
FFQ	46	0	0	0	0	0	0	0	0	0	0	0	0	0	0	0	0	0	0	0	0	0	0	0	0	0	0	0	0	0	0	2004	0
FFQ	47	0	0	0	0	0	0	0	0	0	0	0	0	0	0	0	0	0	0	0	0	0	0	0	0	0	0	0	0	0	0	2004	0
FFQ	48	0	0	0	0	0	0	0	0	0	0	0	0	0	0	0	0	0	0	0	0	0	0	0	0	0	0	0	0	0	0	2004	0
FFQ	49	0	0	0	0	0	0	0	0	0	0	0	0	0	0	0	0	0	0	0	0	0	0	0	0	0	0	0	0	0	0	2004	0
FFQ	50	0	0	0	0	0	0	0	0	0	0	0	0	0	0	0	0	0	0	0	0	0	0	0	0	0	0	0	0	0	0	2004	0
FFQ	51	0	0	0	0	0	0	0	0	0	0	0	0	0	0	0	0	0	0	0	0	0	0	0	0	0	0	0	0	0	0	2004	0
FFQ	52	0	0	0	0	0	0	0	0	0	0	0	0	0	0	0	0	0	0	0	0	0	0	0	0	0	0	0	0	0	0	2004	0
FFQ	53	0	0	0	0	0	0	0	0	0	0	0	0	0	0	0	0	0	0	0	0	0	0	0	0	0	0	0	0	0	0	2004	0
FFQ	54	0	0	0	0	0	0	0	0	0	0	0	0	0	0	0	0	0	0	0	0	0	0	0	0	0	0	0	0	0	0	2004	0
FFQ	55	0	0	0	0	0	0	0	0	0	0	0	0	0	0	0	0	0	0	0	0	0	0	0	0	0	0	0	0	0	0	2004	0
FFQ	56	0	0	0	0	0	0	0	0	0	0	0	0	0	0	0	0	0	0	0	0	0	0	0	0	0	0	0	0	0	0	2004	0
FFQ	57	0	0	0	0	0	0	0	0	0	0	0	0	0	0	0	0	0	0	0	0	0	0	0	0	0	0	0	0	0	0	2004	0
FFQ	58	0	0	0	0	0	0	0	0	0	0	0	0	0	0	0	0	0	0	0	0	0	0	0	0	0	0	0	0	0	0	2004	0
FFQ	59	0	0	0	0	0	0	0	0	0	0	0	0	0	0	0	0	0	0	0	0	0	0	0	0	0	0	0	0	0	0	2004	0
FFQ	60	0	0	0	0	0	0	0	0	0	0	0	0	0	0	0	0	0	0	0	0	0	0	0	0	0	0	0	0	0	0	2004	0
FFQ	61	0	0	0	0	0	0	0	0	0	0	0	0	0	0	0	0	0	0	0	0	0	0	0	0	0	0	0	0	0	0	2004	0
FFQ	62	0	0	0	0	0	0	0	0	0	0	0	0	0	0	0	0	0	0	0	0	0	0	0	0	0	0	0	0	0	0	2004	0
FFQ	63	0	0	0	0	0	0	0	0	0	0	0	0	0	0	0	0	0	0	0	0	0	0	0	0	0	0	0	0	0	0	2004	0
FFQ	64	0	0	0	0	0	0	0	0	0	0	0	0	0	0	0	0	0	0	0	0	0	0	0	0	0	0	0	0	0	0	2004	0
FFQ	65	0	0	0	0	0	0	0	0	0	0	0	0	0	0	0	0	0	0	0	0	0	0	0	0	0	0	0	0	0	0	2004	0
FFQ	66	0	0	0	0	0	0	0	0	0	0	0	0	0	0	0	0	0	0	0	0	0	0	0	0	0	0	0	0	0	0	2004	0
FFQ	67	0	0	0	0	0	0	0	0	0	0	0	0	0	0	0	0	0	0	0	0	0	0	0	0	0	0	0	0	0	0	2004	0
FFQ	68	0	0	0	0	0	0	0	0	0	0	0	0	0	0	0	0	0	0	0	0	0	0	0	0	0	0	0	0	0	0	2004	0
FFQ	69	0	0	0	0	0	0	0	0	0	0	0	0	0	0	0	0	0	0	0	0	0	0	0	0	0	0	0	0	0	0	2004	0
FFQ	70	0	0	0	0	0	0	0	0	0	0	0	0	0	0	0	0	0	0	0	0	0	0	0	0	0	0	0	0	0	0	2004	0
FFQ	71	0	0	0	0	0	0	0	0	0	0	0	0	0	0	0	0	0	0	0	0	0	0	0	0	0	0	0	0	0	0	2004	0
FFQ	72	0	0	0	0	0	0	0	0	0	0	0	0	0	0	0	0	0	0	0	0	0	0	0	0	0	0	0	0	0	0	2004	0
FFQ	73	0	0	0	0	0	0	0	0	0	0	0	0	0	0	0	0	0	0	0	0	0	0	0	0	0	0	0	0	0	0	2004	0
FFQ	74	0	0	0	0	0	0	0	0	0	0	0	0	0	0	0	0	0	0	0	0	0	0	0	0	0	0	0	0	0	0	2004	0
FFQ	75	0	0	0	0	0	0	0	0	0	0	0	0	0	0	0	0	0	0	0	0	0	0	0	0	0	0	0	0	0	0	2004	0
FFQ	76	0	0	0	0	0	0	0	0	0	0	0	0	0	0	0	0	0	0	0	0	0	0	0	0	0	0	0	0	0	0	2004	0
FFQ	77	0	0	0	0	0	0	0	0	0	0	0	0	0	0	0	0	0	0	0	0	0	0	0	0	0	0	0	0	0	0	2004	0
FFQ	78	0	0	0	0	0	0	0	0	0	0	0	0	0	0	0	0	0	0	0	0	0	0	0	0	0	0	0	0	0	0	2004	0
FFQ	79	0	0	0	0	0	0	0	0	0	0	0	0	0	0	0	0	0	0	0	0	0	0	0	0	0	0	0	0	0	0	2004	0
FFQ	80	0	0	0	0	0	0	0	0	0	0	0	0	0	0	0	0	0	0	0	0	0	0	0	0	0	0	0	0	0	0	2004	0
FFQ	81	0	0	0	0	0	0	0	0	0	0	0	0	0	0	0	0	0	0	0	0	0	0	0	0	0	0	0	0	0	0	2004	0
FFQ	82	0	0	0	0	0	0	0	0	0	0	0	0	0	0	0	0	0	0	0	0	0	0	0	0	0	0	0	0	0	0	2004	0
FFQ	83	0	0	0	0	0	0	0	0	0	0	0	0	0	0	0	0	0	0	0	0	0	0	0	0	0	0	0	0	0	0	2004	0
FFQ	84	0	0	0	0	0	0	0	0	0	0	0	0	0	0	0	0	0	0	0	0	0	0	0	0	0	0	0	0	0	0	2004	0
FFQ	85	0	0	0	0	0	0	0	0	0	0	0	0	0	0	0	0	0	0	0	0	0	0	0	0	0	0	0	0	0	0	2004	0
FFQ	86	0	0	0	0	0	0	0	0	0	0	0	0	0	0	0	0	0	0	0	0	0	0	0	0	0	0	0	0	0	0	2004	0
FFQ	87	0	0	0	0	0	0	0	0	0	0	0	0	0	0	0	0	0	0	0	0	0	0	0	0	0	0	0	0	0	0	2004	0
FFQ	88	0	0	0	0	0	0	0	0	0	0	0	0	0	0	0	0	0	0	0	0	0	0	0	0	0	0	0	0	0	0	2004	0
FFQ	89	0	0	0	0	0	0	0	0	0	0	0	0	0	0	0	0	0	0	0	0	0	0	0	0	0	0	0	0	0	0	2004	0
FFQ	90	0	0	0	0	0	0	0	0	0	0	0	0	0	0	0	0	0	0	0	0	0	0	0	0	0	0	0	0	0	0	2004	0
FFQ	91	0	0	0	0	0	0	0	0	0	0	0	0	0	0	0	0	0	0	0	0	0	0	0	0	0	0	0	0	0	0	2004	0
FFQ	92	0	0	0	0	0	0	0	0	0	0	0	0	0	0	0	0	0	0	0	0	0	0	0	0	0	0	0	0	0	0	2004	0
FFQ	93	0	0	0	0	0	0	0	0	0	0	0	0	0	0	0	0	0	0	0	0	0	0	0	0	0	0	0	0	0	0	2004	0
FFQ	94	0	0	0	0	0	0	0	0	0	0	0	0	0	0	0	0	0	0	0	0	0	0	0	0	0	0	0	0	0	0	2004	0
FFQ	95	0	0	0	0	0	0	0	0	0	0	0	0	0	0	0	0	0	0	0	0	0	0	0	0	0	0	0	0	0	0	2004	0
FFQ	96	0	0	0	0	0	0	0	0	0	0	0	0	0	0	0	0	0	0	0	0	0	0	0	0	0	0	0	0	0	0	2004	0
FFQ	97	0	0	0	0	0	0	0	0	0	0	0	0	0	0	0	0	0	0	0	0	0	0	0	0	0	0	0	0	0	0	2004	0
FFQ	98	0	0	0	0	0	0	0	0	0	0	0	0	0	0	0	0	0	0	0	0	0	0	0	0	0	0	0	0	0	0	2004	0
FFQ	99	0	0	0	0	0	0	0	0	0	0	0	0	0	0	0	0	0	0	0	0	0	0	0	0	0	0	0	0	0	0	2004	0
FFQ	100	0	0	0	0	0	0	0	0	0	0	0	0	0	0	0	0	0	0	0	0	0	0	0	0	0	0	0	0	0	0	2004	0
FFQ	101	0	0	0	0	0	0	0	0	0	0	0	0	0	0	0	0	0	0	0	0	0	0	0	0	0	0	0	0	0	0	2004	0
FFQ	102	0	0	0	0	0	0	0	0	0	0	0	0	0	0	0	0	0	0	0	0	0	0	0	0	0	0	0	0	0	0	2004	0
FFQ	103	0	0	0	0	0	0	0	0	0	0	0	0	0	0	0	0	0	0	0	0	0	0	0	0	0	0	0	0	0	0	2004	0
FFQ	104	0	0	0	0	0	0	0	0	0	0	0	0	0	0	0	0	0	0	0	0	0	0	0	0	0	0	0	0	0	0	2004	0
FFQ	105	0	0	0	0	0	0	0	0	0	0	0	0	0	0	0	0	0	0	0	0	0	0	0	0	0	0	0	0	0	0	2004	0
FFQ	106	0	0	0	0	0	0	0	0	0	0	0	0	0	0	0	0	0	0	0	0	0	0	0	0	0	0	0	0	0	0	2004	0
FFQ	107	0	0	0	0	0	0	0	0	0	0	0	0	0	0	0	0	0	0	0	0	0	0	0	0	0	0	0	0	0	0	2004	0
FFQ	108	0	0	0	0	0	0	0	0	0	0	0	0	0	0	0	0	0	0	0	0	0	0	0	0	0	0	0	0	0	0	2004	0
FFQ	109	0	0	0	0	0	0	0	0	0	0	0	0	0	0	0	0	0	0	0	0	0	0	0	0	0	0	0	0	0	0	2004	0
FFQ	110	0	0	0	0	0	0	0	0	0	0	0	0	0	0	0	0	0	0	0	0	0	0	0	0	0	0	0	0	0	0	2004	0
FFQ	111	0	0	0	0	0	0	0	0	0	0	0	0	0	0	0	0	0	0	0	0	0	0	0	0	0	0	0	0	0	0	2004	0
FFQ	112	0	0	0	0	0	0	0	0	0	0	0	0	0	0	0	0	0	0	0	0	0	0	0	0	0	0	0	0	0	0	2004	0
FFQ	113	0	0	0	0	0	0	0	0	0	0	0	0	0	0	0	0	0	0	0	0	0	0	0	0	0	0	0	0	0	0	2004	0
FFQ	114	0	0	0	0	0	0	0	0	0	0	0	0	0	0	0	0	0	0	0	0	0	0	0	0	0	0	0	0	0	0	2004	0
FFQ	115	0	0	0	0	0	0	0	0	0	0	0	0	0	0	0	0	0	0	0	0	0	0	0	0	0	0	0	0	0	0	2004	0
FFQ	116	0	0	0	0	0	0	0	0	0	0	0	0	0	0	0	0	0	0	0	0	0	0	0	0	0	0	0	0	0	0	2004	0
FFQ	117	0	0	0	0	0	0	0	0	0	0	0	0	0	0	0	0	0	0	0	0	0	0	0	0	0	0	0	0	0	0	2004	0
FFQ	118	0	0	0	0	0	0	0	0	0	0	0	0	0	0	0	0	0	0	0	0	0	0	0	0	0	0	0	0	0	0	2004	0
FFQ	119	0	0	0	0	0	0	0	0	0	0	0	0	0	0	0	0	0	0	0	0	0	0	0	0	0	0	0	0	0	0	2004	0
FFQ	120	0	0	0	0	0	0	0	0	0	0	0	0	0	0	0	0	0	0	0	0	0	0	0	0	0	0	0	0	0	0	2004	0
FFQ	121	0	0	0	0	0	0	0	0	0	0	0	0	0	0	0	0	0	0	0	0	0	0	0	0	0	0	0	0	0	0	2004	0
FFQ	122	0	0	0	0	0	0	0	0	0	0	0	0	0	0	0	0	0	0	0	0	0	0	0	0	0	0	0	0	0	0	2004	0
FFQ	123	0	0	0	0	0	0	0	0	0	0	0	0	0	0	0	0	0	0	0	0	0	0	0	0	0	0	0	0	0	0	2004	0
FFQ	124	0	0	0	0	0	0	0	0	0	0	0	0	0	0	0	0	0	0	0	0	0	0	0	0	0	0	0	0	0	0	2004	0
FFQ	125	0	0	0	0	0	0	0	0	0	0	0	0	0	0	0	0	0	0	0	0	0	0	0	0	0	0	0	0	0	0	2004	0
FFQ	126	0	0	0	0	0	0	0	0	0	0	0	0	0	0	0	0	0	0	0	0	0	0	0	0	0	0	0	0	0	0	2004	0
FFQ	127	0	0	0	0	0	0	0	0	0	0	0	0	0	0	0	0	0	0	0	0	0	0	0	0	0	0	0	0	0	0	2004	0
FFQ	128	0	0	0	0	0	0	0	0	0	0	0	0	0	0	0	0	0	0	0	0	0	0	0	0	0	0	0	0	0	0	2004	0
FFQ	129	0	0	0	0	0	0	0	0	0	0	0	0	0	0	0	0	0	0	0	0	0	0	0	0	0	0	0	0	0	0	2004	0
FFQ	130	0	0	0	0	0	0	0	0	0	0	0	0	0	0	0	0	0	0	0	0	0	0	0	0	0	0	0	0	0	0	2004	0
FFQ	131	0	0	0	0	0	0	0	0	0	0	0	0	0	0	0	0	0	0	0	0	0	0	0	0	0	0	0	0	0	0	2004	0
FFQ	132	0	0	0	0	0	0	0	0	0	0	0	0	0	0	0	0	0	0	0	0	0	0	0	0	0	0	0	0	0	0	2004	0
FFQ	133	0	0	0	0	0	0	0	0	0	0	0	0	0	0	0	0	0	0	0	0	0	0	0	0	0	0	0	0	0	0	2004	0
FFQ	134	0	0	0	0	0	0	0	0	0	0	0	0	0	0	0	0	0	0	0	0	0	0	0	0	0	0	0	0	0	0	2004	0
FFQ	135	0	0	0	0	0	0	0	0	0	0	0	0	0	0	0	0	0	0	0	0	0	0	0	0	0	0	0	0	0	0	2004	0
FFQ	136	0	0	0	0	0	0	0	0	0	0	0	0	0	0	0	0	0	0	0	0	0	0	0	0	0	0	0	0	0	0	2004	0
FFQ	137	0	0	0	0	0	0	0	0	0	0	0	0	0	0	0	0	0	0	0	0	0	0	0	0	0	0	0	0	0	0	2004	0
FFQ	138	0	0	0	0	0	0	0	0	0	0	0	0	0	0	0	0	0	0	0	0	0	0	0	0	0	0	0	0	0	0	2004	0
FFQ	139	0	0	0	0	0	0	0	0	0	0	0	0	0	0	0	0	0	0	0	0	0	0	0	0	0	0	0	0	0	0	2004	0
FFQ	140	0	0	0	0	0	0	0	0	0	0	0	0	0	0	0	0	0	0	0	0	0	0	0	0	0	0	0	0	0	0	2004	0
FFQ	141	0	0	0	0	0	0	0	0	0	0	0	0	0	0	0	0	0	0	0	0	0	0	0	0	0	0	0	0	0	0	2004	0
FFQ	142	0	0	0	0	0	0	0	0	0	0	0	0	0	0	0	0	0	0	0	0	0	0	0	0	0	0	0	0	0	0	2004	0
FFQ	143	0	0	0	0	0	0	0	0	0	0	0	0	0	0	0	0	0	0	0	0	0	0	0	0	0	0	0	0	0	0	2004	0
FFQ	144	0	0	0	0	0	0	0	0	0	0	0	0	0	0	0	0	0	0	0	0	0	0	0	0	0	0	0	0	0	0	2004	0
FFQ	145	0	0	0	0	0	0	0	0	0	0	0	0	0	0	0	0	0	0	0	0	0	0	0	0	0	0	0	0	0	0	2004	0
FFQ	146	0	0	0	0	0	0	0	0	0	0	0	0	0	0	0	0	0	0	0	0	0	0	0	0	0	0	0	0	0	0	2004	0
FFQ	147	0	0	0	0	0	0	0	0	0	0	0	0	0	0	0	0	0	0	0	0	0	0	0	0	0	0	0	0	0	0	2004	0
FFQ	148	0	0	0	0	0	0	0	0	0	0	0	0	0	0	0	0	0	0	0	0	0	0	0	0	0	0	0	0	0	0	2004	0
FFQ	149	0	0	0	0	0	0	0	0	0	0	0	0	0	0	0	0	0	0	0	0	0	0	0	0	0	0	0	0	0	0	2004	0
FFQ	150	0	0	0	0	0	0	0	0	0	0	0	0	0	0	0	0	0	0	0	0	0	0	0	0	0	0	0	0	0	0	2004	0
# Last Fragment Qualities. Use `grep ^LFQ | cut -f 2-` to extract this part.
# Columns correspond to qualities and rows to cycles. First column is the cycle number.
LFQ	1	0	0	0	0	0	0	0	0	0	0	0	0	0	0	0	0	0	0	0	0	0	0	0	0	0	0	0	0	0	0	2004	0
LFQ	2	0	0	0	0	0	0	0	0	0	0	0	0	0	0	0	0	0	0	0	0	0	0	0	0	0	0	0	0	0	0	2004	0
LFQ	3	0	0	0	0	0	0	0	0	0	0	0	0	0	0	0	0	0	0	0	0	0	0	0	0	0	0	0	0	0	0	2004	0
LFQ	4	0	0	0	0	0	0	0	0	0	0	0	0	0	0	0	0	0	0	0	0	0	0	0	0	0	0	0	0	0	0	2004	0
LFQ	5	0	0	0	0	0	0	0	0	0	0	0	0	0	0	0	0	0	0	0	0	0	0	0	0	0	0	0	0	0	0	2004	0
LFQ	6	0	0	0	0	0	0	0	0	0	0	0	0	0	0	0	0	0	0	0	0	0	0	0	0	0	0	0	0	0	0	2004	0
LFQ	7	0	0	0	0	0	0	0	0	0	0	0	0	0	0	0	0	0	0	0	0	0	0	0	0	0	0	0	0	0	0	2004	0
LFQ	8	0	0	0	0	0	0	0	0	0	0	0	0	0	0	0	0	0	0	0	0	0	0	0	0	0	0	0	0	0	0	2004	0
LFQ	9	0	0	0	0	0	0	0	0	0	0	0	0	0	0	0	0	0	0	0	0	0	0	0	0	0	0	0	0	0	0	2004	0
LFQ	10	0	0	0	0	0	0	0	0	0	0	0	0	0	0	0	0	0	0	0	0	0	0	0	0	0	0	0	0	0	0	2004	0
LFQ	11	0	0	0	0	0	0	0	0	0	0	0	0	0	0	0	0	0	0	0	0	0	0	0	0	0	0	0	0	0	0	2004	0
LFQ	12	0	0	0	0	0	0	0	0	0	0	0	0	0	0	0	0	0	0	0	0	0	0	0	0	0	0	0	0	0	0	2004	0
LFQ	13	0	0	0	0	0	0	0	0	0	0	0	0	0	0	0	0	0	0	0	0	0	0	0	0	0	0	0	0	0	0	2004	0
LFQ	14	0	0	0	0	0	0	0	0	0	0	0	0	0	0	0	0	0	0	0	0	0	0	0	0	0	0	0	0	0	0	2004	0
LFQ	15	0	0	0	0	0	0	0	0	0	0	0	0	0	0	0	0	0	0	0	0	0	0	0	0	0	0	0	0	0	0	2004	0
LFQ	16	0	0	0	0	0	0	0	0	0	0	0	0	0	0	0	0	0	0	0	0	0	0	0	0	0	0	0	0	0	0	2004	0
LFQ	17	0	0	0	0	0	0	0	0	0	0	0	0	0	0	0	0	0	0	0	0	0	0	0	0	0	0	0	0	0	0	2004	0
LFQ	18	0	0	0	0	0	0	0	0	0	0	0	0	0	0	0	0	0	0	0	0	0	0	0	0	0	0	0	0	0	0	2004	0
LFQ	19	0	0	0	0	0	0	0	0	0	0	0	0	0	0	0	0	0	0	0	0	0	0	0	0	0	0	0	0	0	0	2004	0
LFQ	20	0	0	0	0	0	0	0	0	0	0	0	0	0	0	0	0	0	0	0	0	0	0	0	0	0	0	0	0	0	0	2004	0
LFQ	21	0	0	0	0	0	0	0	0	0	0	0	0	0	0	0	0	0	0	0	0	0	0	0	0	0	0	0	0	0	0	2004	0
LFQ	22	0	0	0	0	0	0	0	0	0	0	0	0	0	0	0	0	0	0	0	0	0	0	0	0	0	0	0	0	0	0	2004	0
LFQ	23	0	0	0	0	0	0	0	0	0	0	0	0	0	0	0	0	0	0	0	0	0	0	0	0	0	0	0	0	0	0	2004	0
LFQ	24	0	0	0	0	0	0	0	0	0	0	0	0	0	0	0	0	0	0	0	0	0	0	0	0	0	0	0	0	0	0	2004	0
LFQ	25	0	0	0	0	0	0	0	0	0	0	0	0	0	0	0	0	0	0	0	0	0	0	0	0	0	0	0	0	0	0	2004	0
LFQ	26	0	0	0	0	0	0	0	0	0	0	0	0	0	0	0	0	0	0	0	0	0	0	0	0	0	0	0	0	0	0	2004	0
LFQ	27	0	0	0	0	0	0	0	0	0	0	0	0	0	0	0	0	0	0	0	0	0	0	0	0	0	0	0	0	0	0	2004	0
LFQ	28	0	0	0	0	0	0	0	0	0	0	0	0	0	0	0	0	0	0	0	0	0	0	0	0	0	0	0	0	0	0	2004	0
LFQ	29	0	0	0	0	0	0	0	0	0	0	0	0	0	0	0	0	0	0	0	0	0	0	0	0	0	0	0	0	0	0	2004	0
LFQ	30	0	0	0	0	0	0	0	0	0	0	0	0	0	0	0	0	0	0	0	0	0	0	0	0	0	0	0	0	0	0	2004	0
LFQ	31	0	0	0	0	0	0	0	0	0	0	0	0	0	0	0	0	0	0	0	0	0	0	0	0	0	0	0	0	0	0	2004	0
LFQ	32	0	0	0	0	0	0	0	0	0	0	0	0	0	0	0	0	0	0	0	0	0	0	0	0	0	0	0	0	0	0	2004	0
LFQ	33	0	0	0	0	0	0	0	0	0	0	0	0	0	0	0	0	0	0	0	0	0	0	0	0	0	0	0	0	0	0	2004	0
LFQ	34	0	0	0	0	0	0	0	0	0	0	0	0	0	0	0	0	0	0	0	0	0	0	0	0	0	0	0	0	0	0	2004	0
LFQ	35	0	0	0	0	0	0	0	0	0	0	0	0	0	0	0	0	0	0	0	0	0	0	0	0	0	0	0	0	0	0	2004	0
LFQ	36	0	0	0	0	0	0	0	0	0	0	0	0	0	0	0	0	0	0	0	0	0	0	0	0	0	0	0	0	0	0	2004	0
LFQ	37	0	0	0	0	0	0	0	0	0	0	0	0	0	0	0	0	0	0	0	0	0	0	0	0	0	0	0	0	0	0	2004	0
LFQ	38	0	0	0	0	0	0	0	0	0	0	0	0	0	0	0	0	0	0	0	0	0	0	0	0	0	0	0	0	0	0	2004	0
LFQ	39	0	0	0	0	0	0	0	0	0	0	0	0	0	0	0	0	0	0	0	0	0	0	0	0	0	0	0	0	0	0	2004	0
LFQ	40	0	0	0	0	0	0	0	0	0	0	0	0	0	0	0	0	0	0	0	0	0	0	0	0	0	0	0	0	0	0	2004	0
LFQ	41	0	0	0	0	0	0	0	0	0	0	0	0	0	0	0	0	0	0	0	0	0	0	0	0	0	0	0	0	0	0	2004	0
LFQ	42	0	0	0	0	0	0	0	0	0	0	0	0	0	0	0	0	0	0	0	0	0	0	0	0	0	0	0	0	0	0	2004	0
LFQ	43	0	0	0	0	0	0	0	0	0	0	0	0	0	0	0	0	0	0	0	0	0	0	0	0	0	0	0	0	0	0	2004	0
LFQ	44	0	0	0	0	0	0	0	0	0	0	0	0	0	0	0	0	0	0	0	0	0	0	0	0	0	0	0	0	0	0	2004	0
LFQ	45	0	0	0	0	0	0	0	0	0	0	0	0	0	0	0	0	0	0	0	0	0	0	0	0	0	0	0	0	0	0	2004	0
LFQ	46	0	0	0	0	0	0	0	0	0	0	0	0	0	0	0	0	0	0	0	0	0	0	0	0	0	0	0	0	0	0	2004	0
LFQ	47	0	0	0	0	0	0	0	0	0	0	0	0	0	0	0	0	0	0	0	0	0	0	0	0	0	0	0	0	0	0	2004	0
LFQ	48	0	0	0	0	0	0	0	0	0	0	0	0	0	0	0	0	0	0	0	0	0	0	0	0	0	0	0	0	0	0	2004	0
LFQ	49	0	0	0	0	0	0	0	0	0	0	0	0	0	0	0	0	0	0	0	0	0	0	0	0	0	0	0	0	0	0	2004	0
LFQ	50	0	0	0	0	0	0	0	0	0	0	0	0	0	0	0	0	0	0	0	0	0	0	0	0	0	0	0	0	0	0	2004	0
LFQ	51	0	0	0	0	0	0	0	0	0	0	0	0	0	0	0	0	0	0	0	0	0	0	0	0	0	0	0	0	0	0	2004	0
LFQ	52	0	0	0	0	0	0	0	0	0	0	0	0	0	0	0	0	0	0	0	0	0	0	0	0	0	0	0	0	0	0	2004	0
LFQ	53	0	0	0	0	0	0	0	0	0	0	0	0	0	0	0	0	0	0	0	0	0	0	0	0	0	0	0	0	0	0	2004	0
LFQ	54	0	0	0	0	0	0	0	0	0	0	0	0	0	0	0	0	0	0	0	0	0	0	0	0	0	0	0	0	0	0	2004	0
LFQ	55	0	0	0	0	0	0	0	0	0	0	0	0	0	0	0	0	0	0	0	0	0	0	0	0	0	0	0	0	0	0	2004	0
LFQ	56	0	0	0	0	0	0	0	0	0	0	0	0	0	0	0	0	0	0	0	0	0	0	0	0	0	0	0	0	0	0	2004	0
LFQ	57	0	0	0	0	0	0	0	0	0	0	0	0	0	0	0	0	0	0	0	0	0	0	0	0	0	0	0	0	0	0	2004	0
LFQ	58	0	0	0	0	0	0	0	0	0	0	0	0	0	0	0	0	0	0	0	0	0	0	0	0	0	0	0	0	0	0	2004	0
LFQ	59	0	0	0	0	0	0	0	0	0	0	0	0	0	0	0	0	0	0	0	0	0	0	0	0	0	0	0	0	0	0	2004	0
LFQ	60	0	0	0	0	0	0	0	0	0	0	0	0	0	0	0	0	0	0	0	0	0	0	0	0	0	0	0	0	0	0	2004	0
LFQ	61	0	0	0	0	0	0	0	0	0	0	0	0	0	0	0	0	0	0	0	0	0	0	0	0	0	0	0	0	0	0	2004	0
LFQ	62	0	0	0	0	0	0	0	0	0	0	0	0	0	0	0	0	0	0	0	0	0	0	0	0	0	0	0	0	0	0	2004	0
LFQ	63	0	0	0	0	0	0	0	0	0	0	0	0	0	0	0	0	0	0	0	0	0	0	0	0	0	0	0	0	0	0	2004	0
LFQ	64	0	0	0	0	0	0	0	0	0	0	0	0	0	0	0	0	0	0	0	0	0	0	0	0	0	0	0	0	0	0	2004	0
LFQ	65	0	0	0	0	0	0	0	0	0	0	0	0	0	0	0	0	0	0	0	0	0	0	0	0	0	0	0	0	0	0	2004	0
LFQ	66	0	0	0	0	0	0	0	0	0	0	0	0	0	0	0	0	0	0	0	0	0	0	0	0	0	0	0	0	0	0	2004	0
LFQ	67	0	0	0	0	0	0	0	0	0	0	0	0	0	0	0	0	0	0	0	0	0	0	0	0	0	0	0	0	0	0	2004	0
LFQ	68	0	0	0	0	0	0	0	0	0	0	0	0	0	0	0	0	0	0	0	0	0	0	0	0	0	0	0	0	0	0	2004	0
LFQ	69	0	0	0	0	0	0	0	0	0	0	0	0	0	0	0	0	0	0	0	0	0	0	0	0	0	0	0	0	0	0	2004	0
LFQ	70	0	0	0	0	0	0	0	0	0	0	0	0	0	0	0	0	0	0	0	0	0	0	0	0	0	0	0	0	0	0	2004	0
LFQ	71	0	0	0	0	0	0	0	0	0	0	0	0	0	0	0	0	0	0	0	0	0	0	0	0	0	0	0	0	0	0	2004	0
LFQ	72	0	0	0	0	0	0	0	0	0	0	0	0	0	0	0	0	0	0	0	0	0	0	0	0	0	0	0	0	0	0	2004	0
LFQ	73	0	0	0	0	0	0	0	0	0	0	0	0	0	0	0	0	0	0	0	0	0	0	0	0	0	0	0	0	0	0	2004	0
LFQ	74	0	0	0	0	0	0	0	0	0	0	0	0	0	0	0	0	0	0	0	0	0	0	0	0	0	0	0	0	0	0	2004	0
LFQ	75	0	0	0	0	0	0	0	0	0	0	0	0	0	0	0	0	0	0	0	0	0	0	0	0	0	0	0	0	0	0	2004	0
LFQ	76	0	0	0	0	0	0	0	0	0	0	0	0	0	0	0	0	0	0	0	0	0	0	0	0	0	0	0	0	0	0	2004	0
LFQ	77	0	0	0	0	0	0	0	0	0	0	0	0	0	0	0	0	0	0	0	0	0	0	0	0	0	0	0	0	0	0	2004	0
LFQ	78	0	0	0	0	0	0	0	0	0	0	0	0	0	0	0	0	0	0	0	0	0	0	0	0	0	0	0	0	0	0	2004	0
LFQ	79	0	0	0	0	0	0	0	0	0	0	0	0	0	0	0	0	0	0	0	0	0	0	0	0	0	0	0	0	0	0	2004	0
LFQ	80	0	0	0	0	0	0	0	0	0	0	0	0	0	0	0	0	0	0	0	0	0	0	0	0	0	0	0	0	0	0	2004	0
LFQ	81	0	0	0	0	0	0	0	0	0	0	0	0	0	0	0	0	0	0	0	0	0	0	0	0	0	0	0	0	0	0	2004	0
LFQ	82	0	0	0	0	0	0	0	0	0	0	0	0	0	0	0	0	0	0	0	0	0	0	0	0	0	0	0	0	0	0	2004	0
LFQ	83	0	0	0	0	0	0	0	0	0	0	0	0	0	0	0	0	0	0	0	0	0	0	0	0	0	0	0	0	0	0	2004	0
LFQ	84	0	0	0	0	0	0	0	0	0	0	0	0	0	0	0	0	0	0	0	0	0	0	0	0	0	0	0	0	0	0	2004	0
LFQ	85	0	0	0	0	0	0	0	0	0	0	0	0	0	0	0	0	0	0	0	0	0	0	0	0	0	0	0	0	0	0	2004	0
LFQ	86	0	0	0	0	0	0	0	0	0	0	0	0	0	0	0	0	0	0	0	0	0	0	0	0	0	0	0	0	0	0	2004	0
LFQ	87	0	0	0	0	0	0	0	0	0	0	0	0	0	0	0	0	0	0	0	0	0	0	0	0	0	0	0	0	0	0	2004	0
LFQ	88	0	0	0	0	0	0	0	0	0	0	0	0	0	0	0	0	0	0	0	0	0	0	0	0	0	0	0	0	0	0	2004	0
LFQ	89	0	0	0	0	0	0	0	0	0	0	0	0	0	0	0	0	0	0	0	0	0	0	0	0	0	0	0	0	0	0	2004	0
LFQ	90	0	0	0	0	0	0	0	0	0	0	0	0	0	0	0	0	0	0	0	0	0	0	0	0	0	0	0	0	0	0	2004	0
LFQ	91	0	0	0	0	0	0	0	0	0	0	0	0	0	0	0	0	0	0	0	0	0	0	0	0	0	0	0	0	0	0	2004	0
LFQ	92	0	0	0	0	0	0	0	0	0	0	0	0	0	0	0	0	0	0	0	0	0	0	0	0	0	0	0	0	0	0	2004	0
LFQ	93	0	0	0	0	0	0	0	0	0	0	0	0	0	0	0	0	0	0	0	0	0	0	0	0	0	0	0	0	0	0	2004	0
LFQ	94	0	0	0	0	0	0	0	0	0	0	0	0	0	0	0	0	0	0	0	0	0	0	0	0	0	0	0	0	0	0	2004	0
LFQ	95	0	0	0	0	0	0	0	0	0	0	0	0	0	0	0	0	0	0	0	0	0	0	0	0	0	0	0	0	0	0	2004	0
LFQ	96	0	0	0	0	0	0	0	0	0	0	0	0	0	0	0	0	0	0	0	0	0	0	0	0	0	0	0	0	0	0	2004	0
LFQ	97	0	0	0	0	0	0	0	0	0	0	0	0	0	0	0	0	0	0	0	0	0	0	0	0	0	0	0	0	0	0	2004	0
LFQ	98	0	0	0	0	0	0	0	0	0	0	0	0	0	0	0	0	0	0	0	0	0	0	0	0	0	0	0	0	0	0	2004	0
LFQ	99	0	0	0	0	0	0	0	0	0	0	0	0	0	0	0	0	0	0	0	0	0	0	0	0	0	0	0	0	0	0	2004	0
LFQ	100	0	0	0	0	0	0	0	0	0	0	0	0	0	0	0	0	0	0	0	0	0	0	0	0	0	0	0	0	0	0	2004	0
LFQ	101	0	0	0	0	0	0	0	0	0	0	0	0	0	0	0	0	0	0	0	0	0	0	0	0	0	0	0	0	0	0	2004	0
LFQ	102	0	0	0	0	0	0	0	0	0	0	0	0	0	0	0	0	0	0	0	0	0	0	0	0	0	0	0	0	0	0	2004	0
LFQ	103	0	0	0	0	0	0	0	0	0	0	0	0	0	0	0	0	0	0	0	0	0	0	0	0	0	0	0	0	0	0	2004	0
LFQ	104	0	0	0	0	0	0	0	0	0	0	0	0	0	0	0	0	0	0	0	0	0	0	0	0	0	0	0	0	0	0	2004	0
LFQ	105	0	0	0	0	0	0	0	0	0	0	0	0	0	0	0	0	0	0	0	0	0	0	0	0	0	0	0	0	0	0	2004	0
LFQ	106	0	0	0	0	0	0	0	0	0	0	0	0	0	0	0	0	0	0	0	0	0	0	0	0	0	0	0	0	0	0	2004	0
LFQ	107	0	0	0	0	0	0	0	0	0	0	0	0	0	0	0	0	0	0	0	0	0	0	0	0	0	0	0	0	0	0	2004	0
LFQ	108	0	0	0	0	0	0	0	0	0	0	0	0	0	0	0	0	0	0	0	0	0	0	0	0	0	0	0	0	0	0	2004	0
LFQ	109	0	0	0	0	0	0	0	0	0	0	0	0	0	0	0	0	0	0	0	0	0	0	0	0	0	0	0	0	0	0	2004	0
LFQ	110	0	0	0	0	0	0	0	0	0	0	0	0	0	0	0	0	0	0	0	0	0	0	0	0	0	0	0	0	0	0	2004	0
LFQ	111	0	0	0	0	0	0	0	0	0	0	0	0	0	0	0	0	0	0	0	0	0	0	0	0	0	0	0	0	0	0	2004	0
LFQ	112	0	0	0	0	0	0	0	0	0	0	0	0	0	0	0	0	0	0	0	0	0	0	0	0	0	0	0	0	0	0	2004	0
LFQ	113	0	0	0	0	0	0	0	0	0	0	0	0	0	0	0	0	0	0	0	0	0	0	0	0	0	0	0	0	0	0	2004	0
LFQ	114	0	0	0	0	0	0	0	0	0	0	0	0	0	0	0	0	0	0	0	0	0	0	0	0	0	0	0	0	0	0	2004	0
LFQ	115	0	0	0	0	0	0	0	0	0	0	0	0	0	0	0	0	0	0	0	0	0	0	0	0	0	0	0	0	0	0	2004	0
LFQ	116	0	0	0	0	0	0	0	0	0	0	0	0	0	0	0	0	0	0	0	0	0	0	0	0	0	0	0	0	0	0	2004	0
LFQ	117	0	0	0	0	0	0	0	0	0	0	0	0	0	0	0	0	0	0	0	0	0	0	0	0	0	0	0	0	0	0	2004	0
LFQ	118	0	0	0	0	0	0	0	0	0	0	0	0	0	0	0	0	0	0	0	0	0	0	0	0	0	0	0	0	0	0	2004	0
LFQ	119	0	0	0	0	0	0	0	0	0	0	0	0	0	0	0	0	0	0	0	0	0	0	0	0	0	0	0	0	0	0	2004	0
LFQ	120	0	0	0	0	0	0	0	0	0	0	0	0	0	0	0	0	0	0	0	0	0	0	0	0	0	0	0	0	0	0	2004	0
LFQ	121	0	0	0	0	0	0	0	0	0	0	0	0	0	0	0	0	0	0	0	0	0	0	0	0	0	0	0	0	0	0	2004	0
LFQ	122	0	0	0	0	0	0	0	0	0	0	0	0	0	0	0	0	0	0	0	0	0	0	0	0	0	0	0	0	0	0	2004	0
LFQ	123	0	0	0	0	0	0	0	0	0	0	0	0	0	0	0	0	0	0	0	0	0	0	0	0	0	0	0	0	0	0	2004	0
LFQ	124	0	0	0	0	0	0	0	0	0	0	0	0	0	0	0	0	0	0	0	0	0	0	0	0	0	0	0	0	0	0	2004	0
LFQ	125	0	0	0	0	0	0	0	0	0	0	0	0	0	0	0	0	0	0	0	0	0	0	0	0	0	0	0	0	0	0	2004	0
LFQ	126	0	0	0	0	0	0	0	0	0	0	0	0	0	0	0	0	0	0	0	0	0	0	0	0	0	0	0	0	0	0	2004	0
LFQ	127	0	0	0	0	0	0	0	0	0	0	0	0	0	0	0	0	0	0	0	0	0	0	0	0	0	0	0	0	0	0	2004	0
LFQ	128	0	0	0	0	0	0	0	0	0	0	0	0	0	0	0	0	0	0	0	0	0	0	0	0	0	0	0	0	0	0	2004	0
LFQ	129	0	0	0	0	0	0	0	0	0	0	0	0	0	0	0	0	0	0	0	0	0	0	0	0	0	0	0	0	0	0	2004	0
LFQ	130	0	0	0	0	0	0	0	0	0	0	0	0	0	0	0	0	0	0	0	0	0	0	0	0	0	0	0	0	0	0	2004	0
LFQ	131	0	0	0	0	0	0	0	0	0	0	0	0	0	0	0	0	0	0	0	0	0	0	0	0	0	0	0	0	0	0	2004	0
LFQ	132	0	0	0	0	0	0	0	0	0	0	0	0	0	0	0	0	0	0	0	0	0	0	0	0	0	0	0	0	0	0	2004	0
LFQ	133	0	0	0	0	0	0	0	0	0	0	0	0	0	0	0	0	0	0	0	0	0	0	0	0	0	0	0	0	0	0	2004	0
LFQ	134	0	0	0	0	0	0	0	0	0	0	0	0	0	0	0	0	0	0	0	0	0	0	0	0	0	0	0	0	0	0	2004	0
LFQ	135	0	0	0	0	0	0	0	0	0	0	0	0	0	0	0	0	0	0	0	0	0	0	0	0	0	0	0	0	0	0	2004	0
LFQ	136	0	0	0	0	0	0	0	0	0	0	0	0	0	0	0	0	0	0	0	0	0	0	0	0	0	0	0	0	0	0	2004	0
LFQ	137	0	0	0	0	0	0	0	0	0	0	0	0	0	0	0	0	0	0	0	0	0	0	0	0	0	0	0	0	0	0	2004	0
LFQ	138	0	0	0	0	0	0	0	0	0	0	0	0	0	0	0	0	0	0	0	0	0	0	0	0	0	0	0	0	0	0	2004	0
LFQ	139	0	0	0	0	0	0	0	0	0	0	0	0	0	0	0	0	0	0	0	0	0	0	0	0	0	0	0	0	0	0	2004	0
LFQ	140	0	0	0	0	0	0	0	0	0	0	0	0	0	0	0	0	0	0	0	0	0	0	0	0	0	0	0	0	0	0	2004	0
LFQ	141	0	0	0	0	0	0	0	0	0	0	0	0	0	0	0	0	0	0	0	0	0	0	0	0	0	0	0	0	0	0	2004	0
LFQ	142	0	0	0	0	0	0	0	0	0	0	0	0	0	0	0	0	0	0	0	0	0	0	0	0	0	0	0	0	0	0	2004	0
LFQ	143	0	0	0	0	0	0	0	0	0	0	0	0	0	0	0	0	0	0	0	0	0	0	0	0	0	0	0	0	0	0	2004	0
LFQ	144	0	0	0	0	0	0	0	0	0	0	0	0	0	0	0	0	0	0	0	0	0	0	0	0	0	0	0	0	0	0	2004	0
LFQ	145	0	0	0	0	0	0	0	0	0	0	0	0	0	0	0	0	0	0	0	0	0	0	0	0	0	0	0	0	0	0	2004	0
LFQ	146	0	0	0	0	0	0	0	0	0	0	0	0	0	0	0	0	0	0	0	0	0	0	0	0	0	0	0	0	0	0	2004	0
LFQ	147	0	0	0	0	0	0	0	0	0	0	0	0	0	0	0	0	0	0	0	0	0	0	0	0	0	0	0	0	0	0	2004	0
LFQ	148	0	0	0	0	0	0	0	0	0	0	0	0	0	0	0	0	0	0	0	0	0	0	0	0	0	0	0	0	0	0	2004	0
LFQ	149	0	0	0	0	0	0	0	0	0	0	0	0	0	0	0	0	0	0	0	0	0	0	0	0	0	0	0	0	0	0	2004	0
LFQ	150	0	0	0	0	0	0	0	0	0	0	0	0	0	0	0	0	0	0	0	0	0	0	0	0	0	0	0	0	0	0	2004	0
# GC Content of first fragments. Use `grep ^GCF | cut -f 2-` to extract this part.
GCF	3.27	0
GCF	6.78	1
GCF	11.06	0
GCF	15.83	1
GCF	17.09	0
GCF	18.09	2
GCF	18.84	1
GCF	19.35	2
GCF	20.60	3
GCF	22.11	2
GCF	22.86	1
GCF	23.37	4
GCF	24.12	14
GCF	24.87	9
GCF	25.38	16
GCF	26.13	18
GCF	27.14	21
GCF	28.14	16
GCF	28.89	28
GCF	29.40	27
GCF	30.15	21
GCF	31.66	44
GCF	32.91	60
GCF	33.42	49
GCF	33.92	71
GCF	34.67	77
GCF	35.43	82
GCF	35.93	78
GCF	36.68	77
GCF	37.44	80
GCF	38.44	63
GCF	39.45	50
GCF	39.95	78
GCF	40.70	58
GCF	41.46	67
GCF	41.96	61
GCF	42.71	57
GCF	43.47	72
GCF	43.97	52
GCF	44.72	47
GCF	45.48	36
GCF	45.98	48
GCF	46.73	39
GCF	47.49	44
GCF	47.99	32
GCF	48.74	36
GCF	49.50	28
GCF	50.00	22
GCF	51.01	19
GCF	52.01	11
GCF	52.76	15
GCF	53.52	11
GCF	54.02	10
GCF	54.77	4
GCF	55.53	5
GCF	56.03	6
GCF	56.78	7
GCF	57.54	2
GCF	58.04	4
GCF	58.79	1
GCF	59.55	4
GCF	60.05	5
GCF	60.80	0
GCF	61.81	2
GCF	62.81	0
GCF	63.57	1
GCF	66.33	0
GCF	69.35	1
GCF	70.10	0
GCF	70.60	1
# GC Content of last fragments. Use `grep ^GCL | cut -f 2-` to extract this part.
GCL	8.54	0
GCL	17.34	2
GCL	18.09	1
GCL	18.84	3
GCL	19.35	1
GCL	20.35	2
GCL	21.86	3
GCL	22.86	7
GCL	23.37	5
GCL	24.12	9
GCL	24.87	6
GCL	25.38	12
GCL	26.13	21
GCL	26.88	14
GCL	27.39	21
GCL	28.14	22
GCL	28.89	35
GCL	29.40	39
GCL	30.40	30
GCL	31.41	46
GCL	32.16	42
GCL	32.91	41
GCL	33.42	58
GCL	33.92	63
GCL	34.67	71
GCL	35.43	93
GCL	35.93	70
GCL	36.68	95
GCL	37.44	74
GCL	37.94	87
GCL	38.94	61
GCL	39.95	64
GCL	40.70	70
GCL	41.46	72
GCL	41.96	61
GCL	42.71	42
GCL	43.47	46
GCL	43.97	58
GCL	44.72	61
GCL	45.48	45
GCL	45.98	44
GCL	46.73	40
GCL	47.49	45
GCL	47.99	39
GCL	48.74	36
GCL	49.50	18
GCL	50.00	13
GCL	50.75	8
GCL	51.51	21
GCL	52.01	11
GCL	52.76	9
GCL	53.52	5
GCL	54.02	8
GCL	54.77	7
GCL	55.53	4
GCL	56.03	7
GCL	56.78	8
GCL	57.54	6
GCL	58.04	8
GCL	58.79	3
GCL	59.80	2
GCL	60.80	1
GCL	61.56	0
GCL	62.06	3
GCL	62.81	1
GCL	64.57	0
GCL	66.33	2
GCL	67.34	1
GCL	69.10	0
GCL	70.60	1
# ACGT content per cycle. Use `grep ^GCC | cut -f 2-` to extract this part. The columns are: cycle; A,C,G,T base counts as a percentage of all A/C/G/T bases [%]; and N and O counts as a percentage of all A/C/G/T bases [%]
GCC	1	29.57	20.53	18.74	31.16	0.00	0.00
GCC	2	30.79	19.26	17.54	32.41	0.00	0.00
GCC	3	30.49	19.89	18.84	30.79	0.00	0.00
GCC	4	30.89	19.86	19.41	29.84	0.00	0.00
GCC	5	31.46	19.29	19.04	30.21	0.00	0.00
GCC	6	30.74	19.51	19.64	30.11	0.00	0.00
GCC	7	30.64	19.54	19.01	30.81	0.00	0.00
GCC	8	30.89	20.01	18.89	30.21	0.00	0.00
GCC	9	31.44	19.01	19.24	30.31	0.00	0.00
GCC	10	28.67	20.23	19.24	31.86	0.00	0.00
GCC	11	30.69	19.09	18.74	31.49	0.00	0.00
GCC	12	30.19	20.58	19.29	29.94	0.00	0.00
GCC	13	31.11	20.23	17.99	30.66	0.00	0.00
GCC	14	29.57	19.94	19.76	30.74	0.00	0.00
GCC	15	30.24	20.61	19.34	29.82	0.00	0.00
GCC	16	29.27	19.16	20.73	30.84	0.00	0.00
GCC	17	30.19	19.39	19.41	31.01	0.00	0.00
GCC	18	30.04	20.38	19.46	30.11	0.00	0.00
GCC	19	30.94	19.16	19.06	30.84	0.00	0.00
GCC	20	31.21	19.19	19.26	30.34	0.00	0.00
GCC	21	31.29	19.81	18.51	30.39	0.00	0.00
GCC	22	30.74	20.38	19.04	29.84	0.00	0.00
GCC	23	30.94	21.23	18.39	29.44	0.00	0.00
GCC	24	29.84	20.21	19.31	30.64	0.00	0.00
GCC	25	31.39	20.23	18.26	30.11	0.00	0.00
GCC	26	30.81	19.61	17.86	31.71	0.00	0.00
GCC	27	29.79	19.81	18.84	31.56	0.00	0.00
GCC	28	30.54	19.19	19.41	30.86	0.00	0.00
GCC	29	30.21	21.73	18.46	29.59	0.00	0.00
GCC	30	30.99	20.93	18.19	29.89	0.00	0.00
GCC	31	30.09	20.13	19.36	30.41	0.00	0.00
GCC	32	30.91	18.69	19.84	30.56	0.00	0.00
GCC	33	30.81	19.36	18.94	30.89	0.00	0.00
GCC	34	30.49	20.18	18.94	30.39	0.00	0.00
GCC	35	30.54	19.69	18.74	31.04	0.00	0.00
GCC	36	31.14	19.46	19.14	30.26	0.00	0.00
GCC	37	29.99	20.66	19.04	30.31	0.00	0.00
GCC	38	29.37	20.08	19.24	31.31	0.00	0.00
GCC	39	30.44	20.88	18.41	30.26	0.00	0.00
GCC	40	30.34	19.96	18.66	31.04	0.00	0.00
GCC	41	30.09	19.29	19.06	31.56	0.00	0.00
GCC	42	30.74	19.49	18.74	31.04	0.00	0.00
GCC	43	30.69	18.89	19.46	30.96	0.00	0.00
GCC	44	29.34	19.49	19.06	32.11	0.00	0.00
GCC	45	30.11	20.06	18.16	31.66	0.00	0.00
GCC	46	31.91	18.96	18.41	30.71	0.00	0.00
GCC	47	30.66	19.39	19.89	30.06	0.00	0.00
GCC	48	29.99	19.49	19.66	30.86	0.00	0.00
GCC	49	29.97	19.51	19.46	31.06	0.00	0.00
GCC	50	29.54	20.33	18.24	31.89	0.00	0.00
GCC	51	31.94	18.46	19.06	30.54	0.00	0.00
GCC	52	28.72	20.16	20.13	30.99	0.00	0.00
GCC	53	30.21	20.16	18.76	30.86	0.00	0.00
GCC	54	30.16	19.74	19.11	30.99	0.00	0.00
GCC	55	29.49	19.84	19.49	31.19	0.00	0.00
GCC	56	29.12	20.46	18.99	31.44	0.00	0.00
GCC	57	31.64	19.86	18.04	30.46	0.00	0.00
GCC	58	29.54	20.66	19.99	29.82	0.00	0.00
GCC	59	31.76	20.73	18.86	28.64	0.00	0.00
GCC	60	29.22	20.21	19.21	31.36	0.00	0.00
GCC	61	30.94	19.66	19.41	29.99	0.00	0.00
GCC	62	29.34	20.23	18.76	31.66	0.00	0.00
GCC	63	30.41	19.09	20.06	30.44	0.00	0.00
GCC	64	30.36	19.99	18.61	31.04	0.00	0.00
GCC	65	30.19	19.11	19.81	30.89	0.00	0.00
GCC	66	30.71	21.31	17.54	30.44	0.00	0.00
GCC	67	30.11	20.96	19.26	29.67	0.00	0.00
GCC	68	30.54	19.76	18.51	31.19	0.00	0.00
GCC	69	30.41	19.34	19.11	31.14	0.00	0.00
GCC	70	30.16	20.66	19.21	29.97	0.00	0.00
GCC	71	31.06	20.88	17.74	30.31	0.00	0.00
GCC	72	31.29	20.23	18.99	29.49	0.00	0.00
GCC	73	31.46	20.38	18.21	29.94	0.00	0.00
GCC	74	30.04	20.96	19.59	29.42	0.00	0.00
GCC	75	31.24	19.24	19.46	30.06	0.00	0.00
GCC	76	32.26	20.21	17.44	30.09	0.00	0.00
GCC	77	30.59	19.41	19.51	30.49	0.00	0.00
GCC	78	29.84	20.83	18.94	30.39	0.00	0.00
GCC	79	30.36	19.26	19.59	30.79	0.00	0.00
GCC	80	30.96	20.81	18.21	30.01	0.00	0.00
GCC	81	31.01	19.91	19.36	29.72	0.00	0.00
GCC	82	30.21	19.41	18.66	31.71	0.00	0.00
GCC	83	29.99	20.31	18.74	30.96	0.00	0.00
GCC	84	29.52	21.41	18.39	30.69	0.00	0.00
GCC	85	30.64	19.06	19.71	30.59	0.00	0.00
GCC	86	29.82	20.88	19.54	29.77	0.00	0.00
GCC	87	29.74	20.18	19.81	30.26	0.00	0.00
GCC	88	30.56	19.59	19.21	30.64	0.00	0.00
GCC	89	32.71	20.53	17.59	29.17	0.00	0.00
GCC	90	30.09	20.23	19.04	30.64	0.00	0.00
GCC	91	30.21	21.33	19.29	29.17	0.00	0.00
GCC	92	29.32	20.86	18.24	31.59	0.00	0.00
GCC	93	29.74	19.64	19.66	30.96	0.00	0.00
GCC	94	30.01	20.31	18.86	30.81	0.00	0.00
GCC	95	30.51	20.23	19.19	30.06	0.00	0.00
GCC	96	30.29	20.01	17.96	31.74	0.00	0.00
GCC	97	29.79	21.13	17.81	31.26	0.00	0.00
GCC	98	30.29	20.73	19.41	29.57	0.00	0.00
GCC	99	29.24	20.96	18.16	31.64	0.00	0.00
GCC	100	31.81	18.89	19.34	29.97	0.00	0.00
GCC	101	30.96	19.29	19.69	30.06	0.00	0.00
GCC	102	30.91	19.71	18.39	30.99	0.00	0.00
GCC	103	30.26	19.69	18.74	31.31	0.00	0.00
GCC	104	30.21	20.53	18.19	31.06	0.00	0.00
GCC	105	31.59	19.91	18.21	30.29	0.00	0.00
GCC	106	30.74	19.29	18.96	31.01	0.00	0.00
GCC	107	30.21	19.11	19.31	31.36	0.00	0.00
GCC	108	29.04	20.21	18.96	31.79	0.00	0.00
GCC	109	29.42	18.79	19.76	32.04	0.00	0.00
GCC	110	28.69	20.51	19.91	30.89	0.00	0.00
GCC	111	31.19	20.31	19.11	29.39	0.00	0.00
GCC	112	30.24	20.61	18.79	30.36	0.00	0.00
GCC	113	30.11	19.79	19.21	30.89	0.00	0.00
GCC	114	32.39	19.91	18.59	29.12	0.00	0.00
GCC	115	29.19	19.96	18.79	32.06	0.00	0.00
GCC	116	29.94	19.19	19.39	31.49	0.00	0.00
GCC	117	30.76	20.61	18.56	30.06	0.00	0.00
GCC	118	30.36	19.44	18.94	31.26	0.00	0.00
GCC	119	29.97	20.31	17.47	32.26	0.00	0.00
GCC	120	29.99	19.34	18.36	32.31	0.00	0.00
GCC	121	30.41	19.61	18.84	31.14	0.00	0.00
GCC	122	30.14	19.84	19.39	30.64	0.00	0.00
GCC	123	31.04	19.41	19.34	30.21	0.00	0.00
GCC	124	29.42	21.16	19.14	30.29	0.00	0.00
GCC	125	30.29	19.81	18.34	31.56	0.00	0.00
GCC	126	29.49	20.93	18.96	30.61	0.00	0.00
GCC	127	31.61	19.94	18.76	29.69	0.00	0.00
GCC	128	30.74	19.79	19.84	29.64	0.00	0.00
GCC	129	30.36	19.39	19.49	30.76	0.00	0.00
GCC	130	30.31	19.69	18.54	31.46	0.00	0.00
GCC	131	30.36	19.21	19.71	30.71	0.00	0.00
GCC	132	30.61	20.26	17.91	31.21	0.00	0.00
GCC	133	31.01	20.31	19.41	29.27	0.00	0.00
GCC	134	29.54	20.36	19.16	30.94	0.00	0.00
GCC	135	30.06	20.61	18.39	30.94	0.00	0.00
GCC	136	31.51	19.51	17.69	31.29	0.00	0.00
GCC	137	29.77	21.08	18.64	30.51	0.00	0.00
GCC	138	29.97	20.98	18.86	30.19	0.00	0.00
GCC	139	31.44	19.86	18.79	29.92	0.00	0.00
GCC	140	29.04	21.03	18.99	30.94	0.00	0.00
GCC	141	30.26	21.03	18.19	30.51	0.00	0.00
GCC	142	30.36	19.81	19.21	30.61	0.00	0.00
GCC	143	28.92	18.99	19.71	32.39	0.00	0.00
GCC	144	30.39	20.13	19.56	29.92	0.00	0.00
GCC	145	29.77	20.46	19.79	29.99	0.00	0.00
GCC	146	30.86	19.69	17.99	31.46	0.00	0.00
GCC	147	31.11	20.43	18.64	29.82	0.00	0.00
GCC	148	31.61	19.36	19.21	29.82	0.00	0.00
GCC	149	30.49	20.01	20.21	29.29	0.00	0.00
GCC	150	30.64	19.51	19.31	30.54	0.00	0.00
# ACGT content per cycle, read oriented. Use `grep ^GCT | cut -f 2-` to extract this part. The columns are: cycle; A,C,G,T base counts as a percentage of all A/C/G/T bases [%]
GCT	1	30.21	18.89	20.38	30.51
GCT	2	31.19	18.21	18.59	32.01
GCT	3	30.94	17.99	20.73	30.34
GCT	4	30.59	20.16	19.11	30.14
GCT	5	30.61	19.09	19.24	31.06
GCT	6	31.54	19.06	20.08	29.32
GCT	7	31.94	18.89	19.66	29.52
GCT	8	30.11	19.54	19.36	30.99
GCT	9	29.69	18.71	19.54	32.06
GCT	10	30.76	19.09	20.38	29.77
GCT	11	30.81	18.21	19.61	31.36
GCT	12	30.06	18.46	21.41	30.06
GCT	13	30.31	18.54	19.69	31.46
GCT	14	31.16	19.39	20.31	29.14
GCT	15	30.76	19.49	20.46	29.29
GCT	16	30.49	20.88	19.01	29.62
GCT	17	29.59	19.94	18.86	31.61
GCT	18	31.29	19.54	20.31	28.87
GCT	19	31.04	19.21	19.01	30.74
GCT	20	31.04	19.86	18.59	30.51
GCT	21	30.84	18.46	19.86	30.84
GCT	22	30.44	19.19	20.23	30.14
GCT	23	31.59	19.39	20.23	28.79
GCT	24	30.56	20.48	19.04	29.92
GCT	25	31.09	19.04	19.46	30.41
GCT	26	30.69	18.29	19.19	31.84
GCT	27	30.26	18.74	19.91	31.09
GCT	28	30.96	19.06	19.54	30.44
GCT	29	30.41	20.23	19.96	29.39
GCT	30	30.29	18.74	20.38	30.59
GCT	31	31.06	19.31	20.18	29.44
GCT	32	31.49	19.41	19.11	29.99
GCT	33	31.61	18.96	19.34	30.09
GCT	34	30.56	19.96	19.16	30.31
GCT	35	31.31	18.36	20.06	30.26
GCT	36	30.79	19.46	19.14	30.61
GCT	37	30.99	19.31	20.38	29.32
GCT	38	29.19	19.71	19.61	31.49
GCT	39	31.51	19.46	19.84	29.19
GCT	40	30.11	20.48	18.14	31.26
GCT	41	31.71	19.76	18.59	29.94
GCT	42	30.61	18.91	19.31	31.16
GCT	43	31.61	19.46	18.89	30.04
GCT	44	30.51	19.31	19.24	30.94
GCT	45	31.46	18.96	19.26	30.31
GCT	46	30.79	17.89	19.49	31.84
GCT	47	29.89	19.91	19.36	30.84
GCT	48	30.34	19.29	19.86	30.51
GCT	49	30.64	20.08	18.89	30.39
GCT	50	30.64	18.74	19.84	30.79
GCT	51	30.34	18.41	19.11	32.14
GCT	52	29.92	21.06	19.24	29.79
GCT	53	31.74	19.59	19.34	29.34
GCT	54	30.06	19.69	19.16	31.09
GCT	55	29.34	19.49	19.84	31.34
GCT	56	29.77	19.91	19.54	30.79
GCT	57	30.89	19.41	18.49	31.21
GCT	58	29.37	20.53	20.11	29.99
GCT	59	30.54	19.01	20.58	29.87
GCT	60	30.01	19.66	19.76	30.56
GCT	61	30.46	19.39	19.69	30.46
GCT	62	30.56	19.86	19.14	30.44
GCT	63	29.97	19.49	19.66	30.89
GCT	64	31.21	19.84	18.76	30.19
GCT	65	29.74	20.06	18.86	31.34
GCT	66	30.14	18.69	20.16	31.01
GCT	67	29.74	19.79	20.43	30.04
GCT	68	29.84	19.31	18.96	31.89
GCT	69	30.84	20.26	18.19	30.71
GCT	70	30.21	20.31	19.56	29.92
GCT	71	30.01	19.19	19.44	31.36
GCT	72	29.74	19.74	19.49	31.04
GCT	73	30.11	19.49	19.11	31.29
GCT	74	30.06	20.43	20.11	29.39
GCT	75	29.69	18.89	19.81	31.61
GCT	76	31.49	18.69	18.96	30.86
GCT	77	30.19	18.96	19.96	30.89
GCT	78	29.64	20.48	19.29	30.59
GCT	79	30.79	20.48	18.36	30.36
GCT	80	30.26	18.86	20.16	30.71
GCT	81	30.24	19.49	19.79	30.49
GCT	82	29.62	18.86	19.21	32.31
GCT	83	29.59	19.46	19.59	31.36
GCT	84	29.22	19.66	20.13	30.99
GCT	85	31.31	18.89	19.89	29.92
GCT	86	30.34	19.76	20.66	29.24
GCT	87	29.82	20.21	19.79	30.19
GCT	88	31.01	19.29	19.51	30.19
GCT	89	31.21	18.89	19.24	30.66
GCT	90	29.47	19.26	20.01	31.26
GCT	91	29.07	20.13	20.48	30.31
GCT	92	29.29	18.94	20.16	31.61
GCT	93	31.81	19.21	20.08	28.89
GCT	94	30.24	18.89	20.28	30.59
GCT	95	30.46	19.84	19.59	30.11
GCT	96	30.44	18.21	19.76	31.59
GCT	97	29.59	19.64	19.31	31.46
GCT	98	30.04	19.99	20.16	29.82
GCT	99	31.46	19.44	19.69	29.42
GCT	100	30.06	18.54	19.69	31.71
GCT	101	30.26	19.99	18.99	30.76
GCT	102	30.04	19.14	18.96	31.86
GCT	103	30.89	18.96	19.46	30.69
GCT	104	30.09	19.26	19.46	31.19
GCT	105	31.71	19.19	18.94	30.16
GCT	106	30.91	19.31	18.94	30.84
GCT	107	31.21	18.86	19.56	30.36
GCT	108	29.57	19.89	19.29	31.26
GCT	109	30.99	19.51	19.04	30.46
GCT	110	30.39	20.26	20.16	29.19
GCT	111	30.41	20.18	19.24	30.16
GCT	112	29.62	20.18	19.21	30.99
GCT	113	29.64	19.56	19.44	31.36
GCT	114	30.39	19.31	19.19	31.11
GCT	115	30.94	19.41	19.34	30.31
GCT	116	30.76	19.26	19.31	30.66
GCT	117	31.04	19.34	19.84	29.79
GCT	118	30.59	18.71	19.66	31.04
GCT	119	30.96	18.01	19.76	31.26
GCT	120	29.69	18.14	19.56	32.61
GCT	121	31.31	19.51	18.94	30.24
GCT	122	30.31	17.91	21.31	30.46
GCT	123	30.54	19.01	19.74	30.71
GCT	124	30.36	19.36	20.93	29.34
GCT	125	32.09	19.41	18.74	29.77
GCT	126	30.49	19.14	20.76	29.62
GCT	127	31.41	19.04	19.66	29.89
GCT	128	30.61	18.96	20.66	29.77
GCT	129	31.36	18.94	19.94	29.77
GCT	130	30.64	18.56	19.66	31.14
GCT	131	30.49	19.64	19.29	30.59
GCT	132	30.36	19.11	19.06	31.46
GCT	133	31.01	19.76	19.96	29.27
GCT	134	29.79	19.26	20.26	30.69
GCT	135	30.04	19.19	19.81	30.96
GCT	136	30.96	18.96	18.24	31.84
GCT	137	29.29	20.21	19.51	30.99
GCT	138	31.29	21.06	18.79	28.87
GCT	139	31.81	18.84	19.81	29.54
GCT	140	31.16	20.16	19.86	28.82
GCT	141	30.66	19.79	19.44	30.11
GCT	142	31.26	20.01	19.01	29.72
GCT	143	31.01	19.64	19.06	30.29
GCT	144	30.16	19.91	19.79	30.14
GCT	145	30.49	20.48	19.76	29.27
GCT	146	31.51	18.59	19.09	30.81
GCT	147	29.89	19.41	19.66	31.04
GCT	148	30.74	19.49	19.09	30.69
GCT	149	29.64	21.31	18.91	30.14
GCT	150	31.51	19.24	19.59	29.67
# ACGT content per cycle for first fragments. Use `grep ^FBC | cut -f 2-` to extract this part. The columns are: cycle; A,C,G,T base counts as a percentage of all A/C/G/T bases [%]; and N and O counts as a percentage of all A/C/G/T bases [%]
FBC	1	29.34	20.76	19.21	30.69	0.00	0.00
FBC	2	31.94	19.36	17.37	31.34	0.00	0.00
FBC	3	30.24	20.31	18.56	30.89	0.00	0.00
FBC	4	31.29	20.11	19.31	29.29	0.00	0.00
FBC	5	30.54	18.86	18.56	32.04	0.00	0.00
FBC	6	30.84	19.41	19.46	30.29	0.00	0.00
FBC	7	31.09	20.41	18.76	29.74	0.00	0.00
FBC	8	29.14	20.46	19.01	31.39	0.00	0.00
FBC	9	30.59	18.81	20.36	30.24	0.00	0.00
FBC	10	28.59	20.56	18.86	31.99	0.00	0.00
FBC	11	31.09	18.81	19.31	30.79	0.00	0.00
FBC	12	30.94	18.96	20.11	29.99	0.00	0.00
FBC	13	30.79	21.11	17.42	30.69	0.00	0.00
FBC	14	29.94	21.31	18.81	29.94	0.00	0.00
FBC	15	30.44	21.01	19.36	29.19	0.00	0.00
FBC	16	28.84	19.56	20.26	31.34	0.00	0.00
FBC	17	29.74	19.51	20.06	30.69	0.00	0.00
FBC	18	29.49	20.81	19.81	29.89	0.00	0.00
FBC	19	31.04	19.96	18.61	30.39	0.00	0.00
FBC	20	31.54	18.66	18.76	31.04	0.00	0.00
FBC	21	30.84	19.16	18.16	31.84	0.00	0.00
FBC	22	29.49	20.66	19.21	30.64	0.00	0.00
FBC	23	31.74	19.96	18.61	29.69	0.00	0.00
FBC	24	30.79	19.81	19.11	30.29	0.00	0.00
FBC	25	31.09	19.96	19.16	29.79	0.00	0.00
FBC	26	30.19	19.76	18.21	31.84	0.00	0.00
FBC	27	29.29	19.71	19.66	31.34	0.00	0.00
FBC	28	30.84	20.11	18.51	30.54	0.00	0.00
FBC	29	30.79	21.61	18.66	28.94	0.00	0.00
FBC	30	29.09	20.81	18.91	31.19	0.00	0.00
FBC	31	30.19	20.66	19.11	30.04	0.00	0.00
FBC	32	30.44	19.21	19.86	30.49	0.00	0.00
FBC	33	30.14	19.86	19.11	30.89	0.00	0.00
FBC	34	30.14	20.46	19.66	29.74	0.00	0.00
FBC	35	29.69	19.61	18.61	32.09	0.00	0.00
FBC	36	31.04	20.11	19.56	29.29	0.00	0.00
FBC	37	29.44	21.26	19.56	29.74	0.00	0.00
FBC	38	29.34	20.36	19.36	30.94	0.00	0.00
FBC	39	30.59	20.61	17.66	31.14	0.00	0.00
FBC	40	29.44	20.86	17.81	31.89	0.00	0.00
FBC	41	31.04	19.06	19.36	30.54	0.00	0.00
FBC	42	31.19	19.76	19.46	29.59	0.00	0.00
FBC	43	30.44	19.46	19.76	30.34	0.00	0.00
FBC	44	28.74	19.71	20.01	31.54	0.00	0.00
FBC	45	29.99	20.11	19.46	30.44	0.00	0.00
FBC	46	31.59	19.31	19.01	30.09	0.00	0.00
FBC	47	30.54	20.31	19.26	29.89	0.00	0.00
FBC	48	30.04	19.11	20.16	30.69	0.00	0.00
FBC	49	28.79	19.36	20.11	31.74	0.00	0.00
FBC	50	30.69	20.91	17.66	30.74	0.00	0.00
FBC	51	31.89	17.81	19.66	30.64	0.00	0.00
FBC	52	29.24	20.51	19.91	30.34	0.00	0.00
FBC	53	29.79	20.61	19.76	29.84	0.00	0.00
FBC	54	28.99	19.21	19.71	32.09	0.00	0.00
FBC	55	29.69	20.11	18.51	31.69	0.00	0.00
FBC	56	29.39	19.66	18.86	32.09	0.00	0.00
FBC	57	31.69	20.56	18.11	29.64	0.00	0.00
FBC	58	28.89	20.61	20.86	29.64	0.00	0.00
FBC	59	32.83	20.46	18.86	27.84	0.00	0.00
FBC	60	29.99	19.21	18.91	31.89	0.00	0.00
FBC	61	30.79	20.36	18.96	29.89	0.00	0.00
FBC	62	28.49	19.86	19.66	31.99	0.00	0.00
FBC	63	29.84	19.66	19.76	30.74	0.00	0.00
FBC	64	29.04	20.41	19.36	31.19	0.00	0.00
FBC	65	29.59	19.61	19.71	31.09	0.00	0.00
FBC	66	29.64	21.81	18.41	30.14	0.00	0.00
FBC	67	29.24	22.36	19.91	28.49	0.00	0.00
FBC	68	30.39	19.26	18.56	31.79	0.00	0.00
FBC	69	29.94	18.91	19.61	31.54	0.00	0.00
FBC	70	28.94	20.86	19.66	30.54	0.00	0.00
FBC	71	31.54	20.91	17.91	29.64	0.00	0.00
FBC	72	32.63	19.76	19.16	28.44	0.00	0.00
FBC	73	31.14	20.66	18.81	29.39	0.00	0.00
FBC	74	30.54	21.61	18.91	28.94	0.00	0.00
FBC	75	31.34	18.46	19.46	30.74	0.00	0.00
FBC	76	31.59	20.51	18.06	29.84	0.00	0.00
FBC	77	31.09	19.46	19.91	29.54	0.00	0.00
FBC	78	29.09	20.96	18.46	31.49	0.00	0.00
FBC	79	31.19	18.56	18.76	31.49	0.00	0.00
FBC	80	31.29	20.41	18.16	30.14	0.00	0.00
FBC	81	30.04	20.46	19.71	29.79	0.00	0.00
FBC	82	28.84	20.66	18.26	32.24	0.00	0.00
FBC	83	29.04	19.56	19.26	32.14	0.00	0.00
FBC	84	29.84	21.41	18.26	30.49	0.00	0.00
FBC	85	29.24	19.21	19.81	31.74	0.00	0.00
FBC	86	28.64	22.21	18.41	30.74	0.00	0.00
FBC	87	29.99	20.26	18.71	31.04	0.00	0.00
FBC	88	30.19	19.51	18.56	31.74	0.00	0.00
FBC	89	34.13	20.66	18.21	27.00	0.00	0.00
FBC	90	30.59	19.86	19.01	30.54	0.00	0.00
FBC	91	28.69	21.61	19.51	30.19	0.00	0.00
FBC	92	28.99	20.56	18.16	32.29	0.00	0.00
FBC	93	29.39	18.66	20.01	31.94	0.00	0.00
FBC	94	29.59	20.91	18.16	31.34	0.00	0.00
FBC	95	30.19	20.91	19.31	29.59	0.00	0.00
FBC	96	29.89	19.66	18.61	31.84	0.00	0.00
FBC	97	28.84	21.76	17.56	31.84	0.00	0.00
FBC	98	28.99	20.31	20.56	30.14	0.00	0.00
FBC	99	30.59	19.21	18.31	31.89	0.00	0.00
FBC	100	32.78	18.96	19.41	28.84	0.00	0.00
FBC	101	31.94	19.16	19.51	29.39	0.00	0.00
FBC	102	31.94	19.46	17.91	30.69	0.00	0.00
FBC	103	29.84	19.41	18.56	32.19	0.00	0.00
FBC	104	30.99	19.81	17.96	31.24	0.00	0.00
FBC	105	31.79	19.66	18.51	30.04	0.00	0.00
FBC	106	31.39	18.81	18.96	30.84	0.00	0.00
FBC	107	28.84	19.96	19.91	31.29	0.00	0.00
FBC	108	29.99	19.51	18.01	32.49	0.00	0.00
FBC	109	30.64	18.36	19.41	31.59	0.00	0.00
FBC	110	28.54	20.36	20.21	30.89	0.00	0.00
FBC	111	30.74	20.66	19.31	29.29	0.00	0.00
FBC	112	27.84	21.11	19.86	31.19	0.00	0.00
FBC	113	30.74	19.56	18.31	31.39	0.00	0.00
FBC	114	32.49	19.21	17.86	30.44	0.00	0.00
FBC	115	29.94	19.61	17.12	33.33	0.00	0.00
FBC	116	28.14	19.21	18.66	33.98	0.00	0.00
FBC	117	30.34	20.71	19.16	29.79	0.00	0.00
FBC	118	28.74	19.56	19.81	31.89	0.00	0.00
FBC	119	30.49	19.71	16.92	32.88	0.00	0.00
FBC	120	29.89	18.31	19.01	32.78	0.00	0.00
FBC	121	29.84	19.36	18.16	32.63	0.00	0.00
FBC	122	30.19	19.76	18.81	31.24	0.00	0.00
FBC	123	31.59	18.96	19.41	30.04	0.00	0.00
FBC	124	30.59	21.06	18.51	29.84	0.00	0.00
FBC	125	31.79	19.36	17.61	31.24	0.00	0.00
FBC	126	28.59	21.41	18.91	31.09	0.00	0.00
FBC	127	32.04	19.81	18.26	29.89	0.00	0.00
FBC	128	30.84	19.76	20.36	29.04	0.00	0.00
FBC	129	30.04	18.96	20.36	30.64	0.00	0.00
FBC	130	29.24	19.91	19.61	31.24	0.00	0.00
FBC	131	30.99	18.66	19.51	30.84	0.00	0.00
FBC	132	30.84	20.06	18.26	30.84	0.00	0.00
FBC	133	30.84	21.06	18.61	29.49	0.00	0.00
FBC	134	29.94	20.21	18.91	30.94	0.00	0.00
FBC	135	30.69	20.51	18.16	30.64	0.00	0.00
FBC	136	32.04	18.66	17.96	31.34	0.00	0.00
FBC	137	30.79	21.11	18.46	29.64	0.00	0.00
FBC	138	30.99	20.96	18.46	29.59	0.00	0.00
FBC	139	31.14	20.66	18.66	29.54	0.00	0.00
FBC	140	28.44	22.36	18.26	30.94	0.00	0.00
FBC	141	30.04	21.01	18.46	30.49	0.00	0.00
FBC	142	30.64	19.76	18.16	31.44	0.00	0.00
FBC	143	28.64	19.11	19.81	32.44	0.00	0.00
FBC	144	30.79	20.16	19.26	29.79	0.00	0.00
FBC	145	30.14	20.86	19.41	29.59	0.00	0.00
FBC	146	32.09	19.61	17.02	31.29	0.00	0.00
FBC	147	31.64	19.96	18.56	29.84	0.00	0.00
FBC	148	32.73	20.21	18.01	29.04	0.00	0.00
FBC	149	31.64	20.11	19.96	28.29	0.00	0.00
FBC	150	32.63	19.11	18.91	29.34	0.00	0.00
# ACGT raw counters for first fragments. Use `grep ^FTC | cut -f 2-` to extract this part. The columns are: A,C,G,T,N base counters
FTC	91201	60211	57012	92176	0
# ACGT content per cycle for last fragments. Use `grep ^LBC | cut -f 2-` to extract this part. The columns are: cycle; A,C,G,T base counts as a percentage of all A/C/G/T bases [%]; and N and O counts as a percentage of all A/C/G/T bases [%]
LBC	1	29.79	20.31	18.26	31.64	0.00	0.00
LBC	2	29.64	19.16	17.71	33.48	0.00	0.00
LBC	3	30.74	19.46	19.11	30.69	0.00	0.00
LBC	4	30.49	19.61	19.51	30.39	0.00	0.00
LBC	5	32.39	19.71	19.51	28.39	0.00	0.00
LBC	6	30.64	19.61	19.81	29.94	0.00	0.00
LBC	7	30.19	18.66	19.26	31.89	0.00	0.00
LBC	8	32.63	19.56	18.76	29.04	0.00	0.00
LBC	9	32.29	19.21	18.11	30.39	0.00	0.00
LBC	10	28.74	19.91	19.61	31.74	0.00	0.00
LBC	11	30.29	19.36	18.16	32.19	0.00	0.00
LBC	12	29.44	22.21	18.46	29.89	0.00	0.00
LBC	13	31.44	19.36	18.56	30.64	0.00	0.00
LBC	14	29.19	18.56	20.71	31.54	0.00	0.00
LBC	15	30.04	20.21	19.31	30.44	0.00	0.00
LBC	16	29.69	18.76	21.21	30.34	0.00	0.00
LBC	17	30.64	19.26	18.76	31.34	0.00	0.00
LBC	18	30.59	19.96	19.11	30.34	0.00	0.00
LBC	19	30.84	18.36	19.51	31.29	0.00	0.00
LBC	20	30.89	19.71	19.76	29.64	0.00	0.00
LBC	21	31.74	20.46	18.86	28.94	0.00	0.00
LBC	22	31.99	20.11	18.86	29.04	0.00	0.00
LBC	23	30.14	22.50	18.16	29.19	0.00	0.00
LBC	24	28.89	20.61	19.51	30.99	0.00	0.00
LBC	25	31.69	20.51	17.37	30.44	0.00	0.00
LBC	26	31.44	19.46	17.51	31.59	0.00	0.00
LBC	27	30.29	19.91	18.01	31.79	0.00	0.00
LBC	28	30.24	18.26	20.31	31.19	0.00	0.00
LBC	29	29.64	21.86	18.26	30.24	0.00	0.00
LBC	30	32.88	21.06	17.47	28.59	0.00	0.00
LBC	31	29.99	19.61	19.61	30.79	0.00	0.00
LBC	32	31.39	18.16	19.81	30.64	0.00	0.00
LBC	33	31.49	18.86	18.76	30.89	0.00	0.00
LBC	34	30.84	19.91	18.21	31.04	0.00	0.00
LBC	35	31.39	19.76	18.86	29.99	0.00	0.00
LBC	36	31.24	18.81	18.71	31.24	0.00	0.00
LBC	37	30.54	20.06	18.51	30.89	0.00	0.00
LBC	38	29.39	19.81	19.11	31.69	0.00	0.00
LBC	39	30.29	21.16	19.16	29.39	0.00	0.00
LBC	40	31.24	19.06	19.51	30.19	0.00	0.00
LBC	41	29.14	19.51	18.76	32.58	0.00	0.00
LBC	42	30.29	19.21	18.01	32.49	0.00	0.00
LBC	43	30.94	18.31	19.16	31.59	0.00	0.00
LBC	44	29.94	19.26	18.11	32.68	0.00	0.00
LBC	45	30.24	20.01	16.87	32.88	0.00	0.00
LBC	46	32.24	18.61	17.81	31.34	0.00	0.00
LBC	47	30.79	18.46	20.51	30.24	0.00	0.00
LBC	48	29.94	19.86	19.16	31.04	0.00	0.00
LBC	49	31.14	19.66	18.81	30.39	0.00	0.00
LBC	50	28.39	19.76	18.81	33.03	0.00	0.00
LBC	51	31.99	19.11	18.46	30.44	0.00	0.00
LBC	52	28.19	19.81	20.36	31.64	0.00	0.00
LBC	53	30.64	19.71	17.76	31.89	0.00	0.00
LBC	54	31.34	20.26	18.51	29.89	0.00	0.00
LBC	55	29.29	19.56	20.46	30.69	0.00	0.00
LBC	56	28.84	21.26	19.11	30.79	0.00	0.00
LBC	57	31.59	19.16	17.96	31.29	0.00	0.00
LBC	58	30.19	20.71	19.11	29.99	0.00	0.00
LBC	59	30.69	21.01	18.86	29.44	0.00	0.00
LBC	60	28.44	21.21	19.51	30.84	0.00	0.00
LBC	61	31.09	18.96	19.86	30.09	0.00	0.00
LBC	62	30.19	20.61	17.86	31.34	0.00	0.00
LBC	63	30.99	18.51	20.36	30.14	0.00	0.00
LBC	64	31.69	19.56	17.86	30.89	0.00	0.00
LBC	65	30.79	18.61	19.91	30.69	0.00	0.00
LBC	66	31.79	20.81	16.67	30.74	0.00	0.00
LBC	67	30.99	19.56	18.61	30.84	0.00	0.00
LBC	68	30.69	20.26	18.46	30.59	0.00	0.00
LBC	69	30.89	19.76	18.61	30.74	0.00	0.00
LBC	70	31.39	20.46	18.76	29.39	0.00	0.00
LBC	71	30.59	20.86	17.56	30.99	0.00	0.00
LBC	72	29.94	20.71	18.81	30.54	0.00	0.00
LBC	73	31.79	20.11	17.61	30.49	0.00	0.00
LBC	74	29.54	20.31	20.26	29.89	0.00	0.00
LBC	75	31.14	20.01	19.46	29.39	0.00	0.00
LBC	76	32.93	19.91	16.82	30.34	0.00	0.00
LBC	77	30.09	19.36	19.11	31.44	0.00	0.00
LBC	78	30.59	20.71	19.41	29.29	0.00	0.00
LBC	79	29.54	19.96	20.41	30.09	0.00	0.00
LBC	80	30.64	21.21	18.26	29.89	0.00	0.00
LBC	81	31.99	19.36	19.01	29.64	0.00	0.00
LBC	82	31.59	18.16	19.06	31.19	0.00	0.00
LBC	83	30.94	21.06	18.21	29.79	0.00	0.00
LBC	84	29.19	21.41	18.51	30.89	0.00	0.00
LBC	85	32.04	18.91	19.61	29.44	0.00	0.00
LBC	86	30.99	19.56	20.66	28.79	0.00	0.00
LBC	87	29.49	20.11	20.91	29.49	0.00	0.00
LBC	88	30.94	19.66	19.86	29.54	0.00	0.00
LBC	89	31.29	20.41	16.97	31.34	0.00	0.00
LBC	90	29.59	20.61	19.06	30.74	0.00	0.00
LBC	91	31.74	21.06	19.06	28.14	0.00	0.00
LBC	92	29.64	21.16	18.31	30.89	0.00	0.00
LBC	93	30.09	20.61	19.31	29.99	0.00	0.00
LBC	94	30.44	19.71	19.56	30.29	0.00	0.00
LBC	95	30.84	19.56	19.06	30.54	0.00	0.00
LBC	96	30.69	20.36	17.32	31.64	0.00	0.00
LBC	97	30.74	20.51	18.06	30.69	0.00	0.00
LBC	98	31.59	21.16	18.26	28.99	0.00	0.00
LBC	99	27.89	22.70	18.01	31.39	0.00	0.00
LBC	100	30.84	18.81	19.26	31.09	0.00	0.00
LBC	101	29.99	19.41	19.86	30.74	0.00	0.00
LBC	102	29.89	19.96	18.86	31.29	0.00	0.00
LBC	103	30.69	19.96	18.91	30.44	0.00	0.00
LBC	104	29.44	21.26	18.41	30.89	0.00	0.00
LBC	105	31.39	20.16	17.91	30.54	0.00	0.00
LBC	106	30.09	19.76	18.96	31.19	0.00	0.00
LBC	107	31.59	18.26	18.71	31.44	0.00	0.00
LBC	108	28.09	20.91	19.91	31.09	0.00	0.00
LBC	109	28.19	19.21	20.11	32.49	0.00	0.00
LBC	110	28.84	20.66	19.61	30.89	0.00	0.00
LBC	111	31.64	19.96	18.91	29.49	0.00	0.00
LBC	112	32.63	20.11	17.71	29.54	0.00	0.00
LBC	113	29.49	20.01	20.11	30.39	0.00	0.00
LBC	114	32.29	20.61	19.31	27.79	0.00	0.00
LBC	115	28.44	20.31	20.46	30.79	0.00	0.00
LBC	116	31.74	19.16	20.11	28.99	0.00	0.00
LBC	117	31.19	20.51	17.96	30.34	0.00	0.00
LBC	118	31.99	19.31	18.06	30.64	0.00	0.00
LBC	119	29.44	20.91	18.01	31.64	0.00	0.00
LBC	120	30.09	20.36	17.71	31.84	0.00	0.00
LBC	121	30.99	19.86	19.51	29.64	0.00	0.00
LBC	122	30.09	19.91	19.96	30.04	0.00	0.00
LBC	123	30.49	19.86	19.26	30.39	0.00	0.00
LBC	124	28.24	21.26	19.76	30.74	0.00	0.00
LBC	125	28.79	20.26	19.06	31.89	0.00	0.00
LBC	126	30.39	20.46	19.01	30.14	0.00	0.00
LBC	127	31.19	20.06	19.26	29.49	0.00	0.00
LBC	128	30.64	19.81	19.31	30.24	0.00	0.00
LBC	129	30.69	19.81	18.61	30.89	0.00	0.00
LBC	130	31.39	19.46	17.47	31.69	0.00	0.00
LBC	131	29.74	19.76	19.91	30.59	0.00	0.00
LBC	132	30.39	20.46	17.56	31.59	0.00	0.00
LBC	133	31.19	19.56	20.21	29.04	0.00	0.00
LBC	134	29.14	20.51	19.41	30.94	0.00	0.00
LBC	135	29.44	20.71	18.61	31.24	0.00	0.00
LBC	136	30.99	20.36	17.42	31.24	0.00	0.00
LBC	137	28.74	21.06	18.81	31.39	0.00	0.00
LBC	138	28.94	21.01	19.26	30.79	0.00	0.00
LBC	139	31.74	19.06	18.91	30.29	0.00	0.00
LBC	140	29.64	19.71	19.71	30.94	0.00	0.00
LBC	141	30.49	21.06	17.91	30.54	0.00	0.00
LBC	142	30.09	19.86	20.26	29.79	0.00	0.00
LBC	143	29.19	18.86	19.61	32.34	0.00	0.00
LBC	144	29.99	20.11	19.86	30.04	0.00	0.00
LBC	145	29.39	20.06	20.16	30.39	0.00	0.00
LBC	146	29.64	19.76	18.96	31.64	0.00	0.00
LBC	147	30.59	20.91	18.71	29.79	0.00	0.00
LBC	148	30.49	18.51	20.41	30.59	0.00	0.00
LBC	149	29.34	19.91	20.46	30.29	0.00	0.00
LBC	150	28.64	19.91	19.71	31.74	0.00	0.00
# ACGT raw counters for last fragments. Use `grep ^LTC | cut -f 2-` to extract this part. The columns are: A,C,G,T,N base counters
LTC	91566	59984	56984	92066	0
# Insert sizes. Use `grep ^IS | cut -f 2-` to extract this part. The columns are: insert size, pairs total, inward oriented pairs, outward oriented pairs, other pairs
IS	0	0	0	0	0
IS	1	0	0	0	0
IS	2	0	0	0	0
IS	3	0	0	0	0
IS	4	0	0	0	0
IS	5	0	0	0	0
IS	6	0	0	0	0
IS	7	0	0	0	0
IS	8	0	0	0	0
IS	9	0	0	0	0
IS	10	0	0	0	0
IS	11	0	0	0	0
IS	12	0	0	0	0
IS	13	0	0	0	0
IS	14	0	0	0	0
IS	15	0	0	0	0
IS	16	0	0	0	0
IS	17	0	0	0	0
IS	18	0	0	0	0
IS	19	0	0	0	0
IS	20	0	0	0	0
IS	21	0	0	0	0
IS	22	0	0	0	0
IS	23	0	0	0	0
IS	24	0	0	0	0
IS	25	0	0	0	0
IS	26	0	0	0	0
IS	27	0	0	0	0
IS	28	0	0	0	0
IS	29	0	0	0	0
IS	30	0	0	0	0
IS	31	0	0	0	0
IS	32	0	0	0	0
IS	33	0	0	0	0
IS	34	0	0	0	0
IS	35	0	0	0	0
IS	36	0	0	0	0
IS	37	0	0	0	0
IS	38	0	0	0	0
IS	39	0	0	0	0
IS	40	0	0	0	0
IS	41	0	0	0	0
IS	42	0	0	0	0
IS	43	0	0	0	0
IS	44	0	0	0	0
IS	45	0	0	0	0
IS	46	0	0	0	0
IS	47	0	0	0	0
IS	48	0	0	0	0
IS	49	0	0	0	0
IS	50	0	0	0	0
IS	51	0	0	0	0
IS	52	0	0	0	0
IS	53	0	0	0	0
IS	54	0	0	0	0
IS	55	0	0	0	0
IS	56	0	0	0	0
IS	57	0	0	0	0
IS	58	0	0	0	0
IS	59	0	0	0	0
IS	60	0	0	0	0
IS	61	0	0	0	0
IS	62	0	0	0	0
IS	63	0	0	0	0
IS	64	0	0	0	0
IS	65	0	0	0	0
IS	66	0	0	0	0
IS	67	0	0	0	0
IS	68	0	0	0	0
IS	69	0	0	0	0
IS	70	0	0	0	0
IS	71	0	0	0	0
IS	72	0	0	0	0
IS	73	0	0	0	0
IS	74	0	0	0	0
IS	75	0	0	0	0
IS	76	0	0	0	0
IS	77	0	0	0	0
IS	78	0	0	0	0
IS	79	0	0	0	0
IS	80	0	0	0	0
IS	81	0	0	0	0
IS	82	0	0	0	0
IS	83	0	0	0	0
IS	84	0	0	0	0
IS	85	0	0	0	0
IS	86	0	0	0	0
IS	87	0	0	0	0
IS	88	0	0	0	0
IS	89	0	0	0	0
IS	90	0	0	0	0
IS	91	0	0	0	0
IS	92	0	0	0	0
IS	93	0	0	0	0
IS	94	0	0	0	0
IS	95	0	0	0	0
IS	96	0	0	0	0
IS	97	0	0	0	0
IS	98	0	0	0	0
IS	99	0	0	0	0
IS	100	0	0	0	0
IS	101	0	0	0	0
IS	102	0	0	0	0
IS	103	0	0	0	0
IS	104	0	0	0	0
IS	105	0	0	0	0
IS	106	0	0	0	0
IS	107	0	0	0	0
IS	108	0	0	0	0
IS	109	0	0	0	0
IS	110	0	0	0	0
IS	111	0	0	0	0
IS	112	0	0	0	0
IS	113	0	0	0	0
IS	114	0	0	0	0
IS	115	0	0	0	0
IS	116	0	0	0	0
IS	117	0	0	0	0
IS	118	0	0	0	0
IS	119	0	0	0	0
IS	120	0	0	0	0
IS	121	0	0	0	0
IS	122	0	0	0	0
IS	123	0	0	0	0
IS	124	0	0	0	0
IS	125	0	0	0	0
IS	126	0	0	0	0
IS	127	0	0	0	0
IS	128	0	0	0	0
IS	129	0	0	0	0
IS	130	0	0	0	0
IS	131	0	0	0	0
IS	132	0	0	0	0
IS	133	0	0	0	0
IS	134	0	0	0	0
IS	135	0	0	0	0
IS	136	0	0	0	0
IS	137	0	0	0	0
IS	138	0	0	0	0
IS	139	0	0	0	0
IS	140	0	0	0	0
IS	141	0	0	0	0
IS	142	0	0	0	0
IS	143	0	0	0	0
IS	144	0	0	0	0
IS	145	0	0	0	0
IS	146	0	0	0	0
IS	147	0	0	0	0
IS	148	0	0	0	0
IS	149	0	0	0	0
IS	150	0	0	0	0
IS	151	0	0	0	0
IS	152	0	0	0	0
IS	153	0	0	0	0
IS	154	0	0	0	0
IS	155	0	0	0	0
IS	156	0	0	0	0
IS	157	0	0	0	0
IS	158	0	0	0	0
IS	159	0	0	0	0
IS	160	0	0	0	0
IS	161	0	0	0	0
IS	162	0	0	0	0
IS	163	0	0	0	0
IS	164	0	0	0	0
IS	165	0	0	0	0
IS	166	0	0	0	0
IS	167	0	0	0	0
IS	168	0	0	0	0
IS	169	0	0	0	0
IS	170	0	0	0	0
IS	171	0	0	0	0
IS	172	0	0	0	0
IS	173	0	0	0	0
IS	174	0	0	0	0
IS	175	0	0	0	0
IS	176	0	0	0	0
IS	177	0	0	0	0
IS	178	0	0	0	0
IS	179	0	0	0	0
IS	180	0	0	0	0
IS	181	0	0	0	0
IS	182	0	0	0	0
IS	183	0	0	0	0
IS	184	0	0	0	0
IS	185	0	0	0	0
IS	186	0	0	0	0
IS	187	0	0	0	0
IS	188	0	0	0	0
IS	189	0	0	0	0
IS	190	0	0	0	0
IS	191	0	0	0	0
IS	192	0	0	0	0
IS	193	0	0	0	0
IS	194	0	0	0	0
IS	195	0	0	0	0
IS	196	0	0	0	0
IS	197	0	0	0	0
IS	198	0	0	0	0
IS	199	0	0	0	0
IS	200	0	0	0	0
IS	201	0	0	0	0
IS	202	0	0	0	0
IS	203	0	0	0	0
IS	204	0	0	0	0
IS	205	0	0	0	0
IS	206	0	0	0	0
IS	207	0	0	0	0
IS	208	0	0	0	0
IS	209	0	0	0	0
IS	210	0	0	0	0
IS	211	0	0	0	0
IS	212	0	0	0	0
IS	213	0	0	0	0
IS	214	0	0	0	0
IS	215	0	0	0	0
IS	216	0	0	0	0
IS	217	0	0	0	0
IS	218	0	0	0	0
IS	219	0	0	0	0
IS	220	0	0	0	0
IS	221	0	0	0	0
IS	222	0	0	0	0
IS	223	0	0	0	0
IS	224	0	0	0	0
IS	225	0	0	0	0
IS	226	0	0	0	0
IS	227	0	0	0	0
IS	228	0	0	0	0
IS	229	0	0	0	0
IS	230	0	0	0	0
IS	231	0	0	0	0
IS	232	0	0	0	0
IS	233	0	0	0	0
IS	234	0	0	0	0
IS	235	0	0	0	0
IS	236	0	0	0	0
IS	237	0	0	0	0
IS	238	0	0	0	0
IS	239	0	0	0	0
IS	240	0	0	0	0
IS	241	0	0	0	0
IS	242	0	0	0	0
IS	243	0	0	0	0
IS	244	0	0	0	0
IS	245	0	0	0	0
IS	246	0	0	0	0
IS	247	0	0	0	0
IS	248	0	0	0	0
IS	249	0	0	0	0
IS	250	0	0	0	0
IS	251	0	0	0	0
IS	252	0	0	0	0
IS	253	0	0	0	0
IS	254	0	0	0	0
IS	255	0	0	0	0
IS	256	0	0	0	0
IS	257	0	0	0	0
IS	258	0	0	0	0
IS	259	0	0	0	0
IS	260	0	0	0	0
IS	261	0	0	0	0
IS	262	0	0	0	0
IS	263	0	0	0	0
IS	264	0	0	0	0
IS	265	0	0	0	0
IS	266	0	0	0	0
IS	267	0	0	0	0
IS	268	0	0	0	0
IS	269	0	0	0	0
IS	270	0	0	0	0
IS	271	0	0	0	0
IS	272	0	0	0	0
IS	273	0	0	0	0
IS	274	0	0	0	0
IS	275	0	0	0	0
IS	276	0	0	0	0
IS	277	0	0	0	0
IS	278	0	0	0	0
IS	279	0	0	0	0
IS	280	0	0	0	0
IS	281	0	0	0	0
IS	282	0	0	0	0
IS	283	0	0	0	0
IS	284	0	0	0	0
IS	285	0	0	0	0
IS	286	0	0	0	0
IS	287	0	0	0	0
IS	288	0	0	0	0
IS	289	0	0	0	0
IS	290	0	0	0	0
IS	291	0	0	0	0
IS	292	0	0	0	0
IS	293	0	0	0	0
IS	294	0	0	0	0
IS	295	0	0	0	0
IS	296	0	0	0	0
IS	297	0	0	0	0
IS	298	0	0	0	0
IS	299	0	0	0	0
IS	300	0	0	0	0
IS	301	0	0	0	0
IS	302	0	0	0	0
IS	303	0	0	0	0
IS	304	0	0	0	0
IS	305	0	0	0	0
IS	306	0	0	0	0
IS	307	0	0	0	0
IS	308	0	0	0	0
IS	309	0	0	0	0
IS	310	0	0	0	0
IS	311	0	0	0	0
IS	312	0	0	0	0
IS	313	0	0	0	0
IS	314	0	0	0	0
IS	315	0	0	0	0
IS	316	0	0	0	0
IS	317	1	1	0	0
IS	318	0	0	0	0
IS	319	0	0	0	0
IS	320	0	0	0	0
IS	321	0	0	0	0
IS	322	0	0	0	0
IS	323	0	0	0	0
IS	324	0	0	0	0
IS	325	0	0	0	0
IS	326	0	0	0	0
IS	327	0	0	0	0
IS	328	0	0	0	0
IS	329	0	0	0	0
IS	330	0	0	0	0
IS	331	0	0	0	0
IS	332	0	0	0	0
IS	333	1	1	0	0
IS	334	0	0	0	0
IS	335	0	0	0	0
IS	336	1	1	0	0
IS	337	0	0	0	0
IS	338	1	1	0	0
IS	339	0	0	0	0
IS	340	0	0	0	0
IS	341	0	0	0	0
IS	342	0	0	0	0
IS	343	0	0	0	0
IS	344	0	0	0	0
IS	345	0	0	0	0
IS	346	0	0	0	0
IS	347	0	0	0	0
IS	348	0	0	0	0
IS	349	0	0	0	0
IS	350	0	0	0	0
IS	351	0	0	0	0
IS	352	0	0	0	0
IS	353	0	0	0	0
IS	354	0	0	0	0
IS	355	1	1	0	0
IS	356	0	0	0	0
IS	357	0	0	0	0
IS	358	0	0	0	0
IS	359	0	0	0	0
IS	360	0	0	0	0
IS	361	0	0	0	0
IS	362	2	2	0	0
IS	363	1	1	0	0
IS	364	1	1	0	0
IS	365	0	0	0	0
IS	366	0	0	0	0
IS	367	0	0	0	0
IS	368	0	0	0	0
IS	369	2	2	0	0
IS	370	0	0	0	0
IS	371	0	0	0	0
IS	372	1	1	0	0
IS	373	0	0	0	0
IS	374	2	2	0	0
IS	375	2	2	0	0
IS	376	1	1	0	0
IS	377	1	1	0	0
IS	378	1	1	0	0
IS	379	2	2	0	0
IS	380	1	1	0	0
IS	381	2	2	0	0
IS	382	3	3	0	0
IS	383	0	0	0	0
IS	384	1	1	0	0
IS	385	1	1	0	0
IS	386	0	0	0	0
IS	387	2	2	0	0
IS	388	2	2	0	0
IS	389	2	2	0	0
IS	390	0	0	0	0
IS	391	0	0	0	0
IS	392	1	1	0	0
IS	393	1	1	0	0
IS	394	3	3	0	0
IS	395	1	1	0	0
IS	396	1	1	0	0
IS	397	4	4	0	0
IS	398	1	1	0	0
IS	399	6	6	0	0
IS	400	3	3	0	0
IS	401	2	2	0	0
IS	402	3	3	0	0
IS	403	3	3	0	0
IS	404	5	5	0	0
IS	405	1	1	0	0
IS	406	0	0	0	0
IS	407	1	1	0	0
IS	408	1	1	0	0
IS	409	2	2	0	0
IS	410	2	2	0	0
IS	411	7	7	0	0
IS	412	2	2	0	0
IS	413	4	4	0	0
IS	414	3	3	0	0
IS	415	5	5	0	0
IS	416	1	1	0	0
IS	417	5	5	0	0
IS	418	3	3	0	0
IS	419	6	6	0	0
IS	420	10	10	0	0
IS	421	6	6	0	0
IS	422	4	4	0	0
IS	423	2	2	0	0
IS	424	6	6	0	0
IS	425	5	5	0	0
IS	426	7	7	0	0
IS	427	4	4	0	0
IS	428	3	3	0	0
IS	429	5	5	0	0
IS	430	5	5	0	0
IS	431	9	9	0	0
IS	432	4	4	0	0
IS	433	5	5	0	0
IS	434	7	7	0	0
IS	435	5	5	0	0
IS	436	6	6	0	0
IS	437	8	8	0	0
IS	438	7	7	0	0
IS	439	8	8	0	0
IS	440	12	12	0	0
IS	441	10	10	0	0
IS	442	12	12	0	0
IS	443	12	12	0	0
IS	444	9	9	0	0
IS	445	13	13	0	0
IS	446	9	9	0	0
IS	447	6	6	0	0
IS	448	8	8	0	0
IS	449	8	8	0	0
IS	450	9	9	0	0
IS	451	13	13	0	0
IS	452	8	8	0	0
IS	453	10	10	0	0
IS	454	12	12	0	0
IS	455	7	7	0	0
IS	456	9	9	0	0
IS	457	11	11	0	0
IS	458	10	10	0	0
IS	459	9	9	0	0
IS	460	13	13	0	0
IS	461	10	10	0	0
IS	462	15	15	0	0
IS	463	9	9	0	0
IS	464	12	12	0	0
IS	465	10	10	0	0
IS	466	13	13	0	0
IS	467	10	10	0	0
IS	468	10	10	0	0
IS	469	9	9	0	0
IS	470	9	9	0	0
IS	471	14	14	0	0
IS	472	11	11	0	0
IS	473	19	19	0	0
IS	474	14	14	0	0
IS	475	15	15	0	0
IS	476	15	15	0	0
IS	477	19	19	0	0
IS	478	13	13	0	0
IS	479	12	12	0	0
IS	480	13	13	0	0
IS	481	14	14	0	0
IS	482	13	13	0	0
IS	483	15	15	0	0
IS	484	17	17	0	0
IS	485	19	19	0	0
IS	486	15	15	0	0
IS	487	16	16	0	0
IS	488	14	14	0	0
IS	489	12	12	0	0
IS	490	14	14	0	0
IS	491	12	12	0	0
IS	492	19	19	0	0
IS	493	27	27	0	0
IS	494	14	14	0	0
IS	495	11	11	0	0
IS	496	26	26	0	0
IS	497	18	18	0	0
IS	498	15	15	0	0
IS	499	22	22	0	0
IS	500	12	12	0	0
IS	501	19	19	0	0
IS	502	20	20	0	0
IS	503	16	16	0	0
IS	504	12	12	0	0
IS	505	14	14	0	0
IS	506	12	12	0	0
IS	507	17	17	0	0
IS	508	17	17	0	0
IS	509	21	21	0	0
IS	510	17	17	0	0
IS	511	15	15	0	0
IS	512	19	19	0	0
IS	513	16	16	0	0
IS	514	18	18	0	0
IS	515	17	17	0	0
IS	516	13	13	0	0
IS	517	18	18	0	0
IS	518	13	13	0	0
IS	519	13	13	0	0
IS	520	16	16	0	0
IS	521	10	10	0	0
IS	522	21	21	0	0
IS	523	6	6	0	0
IS	524	16	16	0	0
IS	525	13	13	0	0
IS	526	11	11	0	0
IS	527	14	14	0	0
IS	528	11	11	0	0
IS	529	10	10	0	0
IS	530	19	19	0	0
IS	531	14	14	0	0
IS	532	12	12	0	0
IS	533	12	12	0	0
IS	534	11	11	0	0
IS	535	9	9	0	0
IS	536	8	8	0	0
IS	537	14	14	0	0
IS	538	17	17	0	0
IS	539	12	12	0	0
IS	540	17	17	0	0
IS	541	8	8	0	0
IS	542	8	8	0	0
IS	543	10	10	0	0
IS	544	8	8	0	0
IS	545	11	11	0	0
IS	546	6	6	0	0
IS	547	9	9	0	0
IS	548	11	11	0	0
IS	549	10	10	0	0
IS	550	11	11	0	0
IS	551	6	6	0	0
IS	552	9	9	0	0
IS	553	6	6	0	0
IS	554	11	11	0	0
IS	555	4	4	0	0
IS	556	5	5	0	0
IS	557	13	13	0	0
IS	558	8	8	0	0
IS	559	16	16	0	0
IS	560	6	6	0	0
IS	561	5	5	0	0
IS	562	3	3	0	0
IS	563	10	10	0	0
IS	564	3	3	0	0
IS	565	8	8	0	0
IS	566	2	2	0	0
IS	567	7	7	0	0
IS	568	6	6	0	0
IS	569	8	8	0	0
IS	570	10	10	0	0
IS	571	8	8	0	0
IS	572	9	9	0	0
IS	573	9	9	0	0
IS	574	5	5	0	0
IS	575	6	6	0	0
IS	576	6	6	0	0
IS	577	6	6	0	0
IS	578	6	6	0	0
IS	579	4	4	0	0
IS	580	4	4	0	0
IS	581	4	4	0	0
IS	582	4	4	0	0
IS	583	2	2	0	0
IS	584	3	3	0	0
IS	585	1	1	0	0
IS	586	2	2	0	0
IS	587	4	4	0	0
IS	588	7	7	0	0
IS	589	5	5	0	0
IS	590	3	3	0	0
IS	591	2	2	0	0
IS	592	5	5	0	0
IS	593	3	3	0	0
IS	594	5	5	0	0
IS	595	2	2	0	0
IS	596	1	1	0	0
IS	597	1	1	0	0
IS	598	2	2	0	0
IS	599	1	1	0	0
IS	600	2	2	0	0
IS	601	4	4	0	0
IS	602	1	1	0	0
IS	603	1	1	0	0
IS	604	3	3	0	0
IS	605	2	2	0	0
IS	606	3	3	0	0
IS	607	2	2	0	0
IS	608	0	0	0	0
IS	609	0	0	0	0
IS	610	1	1	0	0
IS	611	1	1	0	0
IS	612	0	0	0	0
IS	613	0	0	0	0
IS	614	1	1	0	0
IS	615	1	1	0	0
IS	616	1	1	0	0
IS	617	1	1	0	0
IS	618	1	1	0	0
IS	619	2	2	0	0
IS	620	3	3	0	0
IS	621	0	0	0	0
IS	622	1	1	0	0
# Read lengths. Use `grep ^RL | cut -f 2-` to extract this part. The columns are: read length, count
RL	150	4008
# Read lengths - first fragments. Use `grep ^FRL | cut -f 2-` to extract this part. The columns are: read length, count
FRL	150	2004
# Read lengths - last fragments. Use `grep ^LRL | cut -f 2-` to extract this part. The columns are: read length, count
LRL	150	2004
# Mapping qualities for reads !(UNMAP|SECOND|SUPPL|QCFAIL|DUP). Use `grep ^MAPQ | cut -f 2-` to extract this part. The columns are: mapq, count
MAPQ	0	12
MAPQ	27	6
MAPQ	39	2
MAPQ	40	32
MAPQ	45	1
MAPQ	47	1
MAPQ	48	39
MAPQ	52	1
MAPQ	57	17
MAPQ	59	3
MAPQ	60	3894
# Indel distribution. Use `grep ^ID | cut -f 2-` to extract this part. The columns are: length, number of insertions, number of deletions
# Indels per cycle. Use `grep ^IC | cut -f 2-` to extract this part. The columns are: cycle, number of insertions (fwd), .. (rev) , number of deletions (fwd), .. (rev)
# Coverage distribution. Use `grep ^COV | cut -f 2-` to extract this part.
COV	[1-1]	1	4996
COV	[2-2]	2	10699
COV	[3-3]	3	15183
COV	[4-4]	4	19192
COV	[5-5]	5	18871
COV	[6-6]	6	16448
COV	[7-7]	7	12959
COV	[8-8]	8	8394
COV	[9-9]	9	5226
COV	[10-10]	10	2801
COV	[11-11]	11	1313
COV	[12-12]	12	510
COV	[13-13]	13	240
COV	[14-14]	14	164
COV	[15-15]	15	23
COV	[16-16]	16	13
# GC-depth. Use `grep ^GCD | cut -f 2-` to extract this part. The columns are: GC%, unique sequence percentiles, 10th, 25th, 50th, 75th and 90th depth percentile
GCD	0.0	15.385	0.000	0.000	0.000	0.000	0.000
GCD	37.0	23.077	2.505	2.505	2.505	2.505	2.505
GCD	38.0	53.846	2.505	2.505	2.505	2.505	2.505
GCD	39.0	84.615	2.505	2.505	2.505	2.505	2.505
GCD	41.0	92.308	2.505	2.505	2.505	2.505	2.505
GCD	45.0	100.000	2.505	2.505	2.505	2.505	2.505
