# This file was produced by samtools stats (1.20+htslib-1.21) and can be plotted using plot-bamstats
# This file contains statistics for all reads.
# The command line was:  stats sample3829.sorted.group.rmdup.bam
# CHK, Checksum	[2]Read Names	[3]Sequences	[4]Qualities
# CHK, CRC32 of reads which passed filtering followed by addition (32bit overflow)
CHK	477bfe96	4301c4d3	f1f23d24
# Summary Numbers. Use `grep ^SN | cut -f 2-` to extract this part.
SN	raw total sequences:	4006	# excluding supplementary and secondary reads
SN	filtered sequences:	0
SN	sequences:	4006
SN	is sorted:	1
SN	1st fragments:	2003
SN	last fragments:	2003
SN	reads mapped:	4006
SN	reads mapped and paired:	4006	# paired-end technology bit set + both mates mapped
SN	reads unmapped:	0
SN	reads properly paired:	4006	# proper-pair bit set
SN	reads paired:	4006	# paired-end technology bit set
SN	reads duplicated:	0	# PCR or optical duplicate bit set
SN	reads MQ0:	20	# mapped and MQ=0
SN	reads QC failed:	0
SN	non-primary alignments:	0
SN	supplementary alignments:	0
SN	total length:	600900	# ignores clipping
SN	total first fragment length:	300450	# ignores clipping
SN	total last fragment length:	300450	# ignores clipping
SN	bases mapped:	600900	# ignores clipping
SN	bases mapped (cigar):	600900	# more accurate
SN	bases trimmed:	0
SN	bases duplicated:	0
SN	mismatches:	1072	# from NM fields
SN	error rate:	1.783991e-03	# mismatches / bases mapped (cigar)
SN	average length:	150
SN	average first fragment length:	150
SN	average last fragment length:	150
SN	maximum length:	150
SN	maximum first fragment length:	150
SN	maximum last fragment length:	150
SN	average quality:	30.0
SN	insert size average:	500.1
SN	insert size standard deviation:	47.8
SN	inward oriented pairs:	2003
SN	outward oriented pairs:	0
SN	pairs with other orientation:	0
SN	pairs on different chromosomes:	0
SN	percentage of properly paired reads (%):	100.0
# First Fragment Qualities. Use `grep ^FFQ | cut -f 2-` to extract this part.
# Columns correspond to qualities and rows to cycles. First column is the cycle number.
FFQ	1	0	0	0	0	0	0	0	0	0	0	0	0	0	0	0	0	0	0	0	0	0	0	0	0	0	0	0	0	0	0	2003	0
FFQ	2	0	0	0	0	0	0	0	0	0	0	0	0	0	0	0	0	0	0	0	0	0	0	0	0	0	0	0	0	0	0	2003	0
FFQ	3	0	0	0	0	0	0	0	0	0	0	0	0	0	0	0	0	0	0	0	0	0	0	0	0	0	0	0	0	0	0	2003	0
FFQ	4	0	0	0	0	0	0	0	0	0	0	0	0	0	0	0	0	0	0	0	0	0	0	0	0	0	0	0	0	0	0	2003	0
FFQ	5	0	0	0	0	0	0	0	0	0	0	0	0	0	0	0	0	0	0	0	0	0	0	0	0	0	0	0	0	0	0	2003	0
FFQ	6	0	0	0	0	0	0	0	0	0	0	0	0	0	0	0	0	0	0	0	0	0	0	0	0	0	0	0	0	0	0	2003	0
FFQ	7	0	0	0	0	0	0	0	0	0	0	0	0	0	0	0	0	0	0	0	0	0	0	0	0	0	0	0	0	0	0	2003	0
FFQ	8	0	0	0	0	0	0	0	0	0	0	0	0	0	0	0	0	0	0	0	0	0	0	0	0	0	0	0	0	0	0	2003	0
FFQ	9	0	0	0	0	0	0	0	0	0	0	0	0	0	0	0	0	0	0	0	0	0	0	0	0	0	0	0	0	0	0	2003	0
FFQ	10	0	0	0	0	0	0	0	0	0	0	0	0	0	0	0	0	0	0	0	0	0	0	0	0	0	0	0	0	0	0	2003	0
FFQ	11	0	0	0	0	0	0	0	0	0	0	0	0	0	0	0	0	0	0	0	0	0	0	0	0	0	0	0	0	0	0	2003	0
FFQ	12	0	0	0	0	0	0	0	0	0	0	0	0	0	0	0	0	0	0	0	0	0	0	0	0	0	0	0	0	0	0	2003	0
FFQ	13	0	0	0	0	0	0	0	0	0	0	0	0	0	0	0	0	0	0	0	0	0	0	0	0	0	0	0	0	0	0	2003	0
FFQ	14	0	0	0	0	0	0	0	0	0	0	0	0	0	0	0	0	0	0	0	0	0	0	0	0	0	0	0	0	0	0	2003	0
FFQ	15	0	0	0	0	0	0	0	0	0	0	0	0	0	0	0	0	0	0	0	0	0	0	0	0	0	0	0	0	0	0	2003	0
FFQ	16	0	0	0	0	0	0	0	0	0	0	0	0	0	0	0	0	0	0	0	0	0	0	0	0	0	0	0	0	0	0	2003	0
FFQ	17	0	0	0	0	0	0	0	0	0	0	0	0	0	0	0	0	0	0	0	0	0	0	0	0	0	0	0	0	0	0	2003	0
FFQ	18	0	0	0	0	0	0	0	0	0	0	0	0	0	0	0	0	0	0	0	0	0	0	0	0	0	0	0	0	0	0	2003	0
FFQ	19	0	0	0	0	0	0	0	0	0	0	0	0	0	0	0	0	0	0	0	0	0	0	0	0	0	0	0	0	0	0	2003	0
FFQ	20	0	0	0	0	0	0	0	0	0	0	0	0	0	0	0	0	0	0	0	0	0	0	0	0	0	0	0	0	0	0	2003	0
FFQ	21	0	0	0	0	0	0	0	0	0	0	0	0	0	0	0	0	0	0	0	0	0	0	0	0	0	0	0	0	0	0	2003	0
FFQ	22	0	0	0	0	0	0	0	0	0	0	0	0	0	0	0	0	0	0	0	0	0	0	0	0	0	0	0	0	0	0	2003	0
FFQ	23	0	0	0	0	0	0	0	0	0	0	0	0	0	0	0	0	0	0	0	0	0	0	0	0	0	0	0	0	0	0	2003	0
FFQ	24	0	0	0	0	0	0	0	0	0	0	0	0	0	0	0	0	0	0	0	0	0	0	0	0	0	0	0	0	0	0	2003	0
FFQ	25	0	0	0	0	0	0	0	0	0	0	0	0	0	0	0	0	0	0	0	0	0	0	0	0	0	0	0	0	0	0	2003	0
FFQ	26	0	0	0	0	0	0	0	0	0	0	0	0	0	0	0	0	0	0	0	0	0	0	0	0	0	0	0	0	0	0	2003	0
FFQ	27	0	0	0	0	0	0	0	0	0	0	0	0	0	0	0	0	0	0	0	0	0	0	0	0	0	0	0	0	0	0	2003	0
FFQ	28	0	0	0	0	0	0	0	0	0	0	0	0	0	0	0	0	0	0	0	0	0	0	0	0	0	0	0	0	0	0	2003	0
FFQ	29	0	0	0	0	0	0	0	0	0	0	0	0	0	0	0	0	0	0	0	0	0	0	0	0	0	0	0	0	0	0	2003	0
FFQ	30	0	0	0	0	0	0	0	0	0	0	0	0	0	0	0	0	0	0	0	0	0	0	0	0	0	0	0	0	0	0	2003	0
FFQ	31	0	0	0	0	0	0	0	0	0	0	0	0	0	0	0	0	0	0	0	0	0	0	0	0	0	0	0	0	0	0	2003	0
FFQ	32	0	0	0	0	0	0	0	0	0	0	0	0	0	0	0	0	0	0	0	0	0	0	0	0	0	0	0	0	0	0	2003	0
FFQ	33	0	0	0	0	0	0	0	0	0	0	0	0	0	0	0	0	0	0	0	0	0	0	0	0	0	0	0	0	0	0	2003	0
FFQ	34	0	0	0	0	0	0	0	0	0	0	0	0	0	0	0	0	0	0	0	0	0	0	0	0	0	0	0	0	0	0	2003	0
FFQ	35	0	0	0	0	0	0	0	0	0	0	0	0	0	0	0	0	0	0	0	0	0	0	0	0	0	0	0	0	0	0	2003	0
FFQ	36	0	0	0	0	0	0	0	0	0	0	0	0	0	0	0	0	0	0	0	0	0	0	0	0	0	0	0	0	0	0	2003	0
FFQ	37	0	0	0	0	0	0	0	0	0	0	0	0	0	0	0	0	0	0	0	0	0	0	0	0	0	0	0	0	0	0	2003	0
FFQ	38	0	0	0	0	0	0	0	0	0	0	0	0	0	0	0	0	0	0	0	0	0	0	0	0	0	0	0	0	0	0	2003	0
FFQ	39	0	0	0	0	0	0	0	0	0	0	0	0	0	0	0	0	0	0	0	0	0	0	0	0	0	0	0	0	0	0	2003	0
FFQ	40	0	0	0	0	0	0	0	0	0	0	0	0	0	0	0	0	0	0	0	0	0	0	0	0	0	0	0	0	0	0	2003	0
FFQ	41	0	0	0	0	0	0	0	0	0	0	0	0	0	0	0	0	0	0	0	0	0	0	0	0	0	0	0	0	0	0	2003	0
FFQ	42	0	0	0	0	0	0	0	0	0	0	0	0	0	0	0	0	0	0	0	0	0	0	0	0	0	0	0	0	0	0	2003	0
FFQ	43	0	0	0	0	0	0	0	0	0	0	0	0	0	0	0	0	0	0	0	0	0	0	0	0	0	0	0	0	0	0	2003	0
FFQ	44	0	0	0	0	0	0	0	0	0	0	0	0	0	0	0	0	0	0	0	0	0	0	0	0	0	0	0	0	0	0	2003	0
FFQ	45	0	0	0	0	0	0	0	0	0	0	0	0	0	0	0	0	0	0	0	0	0	0	0	0	0	0	0	0	0	0	2003	0
FFQ	46	0	0	0	0	0	0	0	0	0	0	0	0	0	0	0	0	0	0	0	0	0	0	0	0	0	0	0	0	0	0	2003	0
FFQ	47	0	0	0	0	0	0	0	0	0	0	0	0	0	0	0	0	0	0	0	0	0	0	0	0	0	0	0	0	0	0	2003	0
FFQ	48	0	0	0	0	0	0	0	0	0	0	0	0	0	0	0	0	0	0	0	0	0	0	0	0	0	0	0	0	0	0	2003	0
FFQ	49	0	0	0	0	0	0	0	0	0	0	0	0	0	0	0	0	0	0	0	0	0	0	0	0	0	0	0	0	0	0	2003	0
FFQ	50	0	0	0	0	0	0	0	0	0	0	0	0	0	0	0	0	0	0	0	0	0	0	0	0	0	0	0	0	0	0	2003	0
FFQ	51	0	0	0	0	0	0	0	0	0	0	0	0	0	0	0	0	0	0	0	0	0	0	0	0	0	0	0	0	0	0	2003	0
FFQ	52	0	0	0	0	0	0	0	0	0	0	0	0	0	0	0	0	0	0	0	0	0	0	0	0	0	0	0	0	0	0	2003	0
FFQ	53	0	0	0	0	0	0	0	0	0	0	0	0	0	0	0	0	0	0	0	0	0	0	0	0	0	0	0	0	0	0	2003	0
FFQ	54	0	0	0	0	0	0	0	0	0	0	0	0	0	0	0	0	0	0	0	0	0	0	0	0	0	0	0	0	0	0	2003	0
FFQ	55	0	0	0	0	0	0	0	0	0	0	0	0	0	0	0	0	0	0	0	0	0	0	0	0	0	0	0	0	0	0	2003	0
FFQ	56	0	0	0	0	0	0	0	0	0	0	0	0	0	0	0	0	0	0	0	0	0	0	0	0	0	0	0	0	0	0	2003	0
FFQ	57	0	0	0	0	0	0	0	0	0	0	0	0	0	0	0	0	0	0	0	0	0	0	0	0	0	0	0	0	0	0	2003	0
FFQ	58	0	0	0	0	0	0	0	0	0	0	0	0	0	0	0	0	0	0	0	0	0	0	0	0	0	0	0	0	0	0	2003	0
FFQ	59	0	0	0	0	0	0	0	0	0	0	0	0	0	0	0	0	0	0	0	0	0	0	0	0	0	0	0	0	0	0	2003	0
FFQ	60	0	0	0	0	0	0	0	0	0	0	0	0	0	0	0	0	0	0	0	0	0	0	0	0	0	0	0	0	0	0	2003	0
FFQ	61	0	0	0	0	0	0	0	0	0	0	0	0	0	0	0	0	0	0	0	0	0	0	0	0	0	0	0	0	0	0	2003	0
FFQ	62	0	0	0	0	0	0	0	0	0	0	0	0	0	0	0	0	0	0	0	0	0	0	0	0	0	0	0	0	0	0	2003	0
FFQ	63	0	0	0	0	0	0	0	0	0	0	0	0	0	0	0	0	0	0	0	0	0	0	0	0	0	0	0	0	0	0	2003	0
FFQ	64	0	0	0	0	0	0	0	0	0	0	0	0	0	0	0	0	0	0	0	0	0	0	0	0	0	0	0	0	0	0	2003	0
FFQ	65	0	0	0	0	0	0	0	0	0	0	0	0	0	0	0	0	0	0	0	0	0	0	0	0	0	0	0	0	0	0	2003	0
FFQ	66	0	0	0	0	0	0	0	0	0	0	0	0	0	0	0	0	0	0	0	0	0	0	0	0	0	0	0	0	0	0	2003	0
FFQ	67	0	0	0	0	0	0	0	0	0	0	0	0	0	0	0	0	0	0	0	0	0	0	0	0	0	0	0	0	0	0	2003	0
FFQ	68	0	0	0	0	0	0	0	0	0	0	0	0	0	0	0	0	0	0	0	0	0	0	0	0	0	0	0	0	0	0	2003	0
FFQ	69	0	0	0	0	0	0	0	0	0	0	0	0	0	0	0	0	0	0	0	0	0	0	0	0	0	0	0	0	0	0	2003	0
FFQ	70	0	0	0	0	0	0	0	0	0	0	0	0	0	0	0	0	0	0	0	0	0	0	0	0	0	0	0	0	0	0	2003	0
FFQ	71	0	0	0	0	0	0	0	0	0	0	0	0	0	0	0	0	0	0	0	0	0	0	0	0	0	0	0	0	0	0	2003	0
FFQ	72	0	0	0	0	0	0	0	0	0	0	0	0	0	0	0	0	0	0	0	0	0	0	0	0	0	0	0	0	0	0	2003	0
FFQ	73	0	0	0	0	0	0	0	0	0	0	0	0	0	0	0	0	0	0	0	0	0	0	0	0	0	0	0	0	0	0	2003	0
FFQ	74	0	0	0	0	0	0	0	0	0	0	0	0	0	0	0	0	0	0	0	0	0	0	0	0	0	0	0	0	0	0	2003	0
FFQ	75	0	0	0	0	0	0	0	0	0	0	0	0	0	0	0	0	0	0	0	0	0	0	0	0	0	0	0	0	0	0	2003	0
FFQ	76	0	0	0	0	0	0	0	0	0	0	0	0	0	0	0	0	0	0	0	0	0	0	0	0	0	0	0	0	0	0	2003	0
FFQ	77	0	0	0	0	0	0	0	0	0	0	0	0	0	0	0	0	0	0	0	0	0	0	0	0	0	0	0	0	0	0	2003	0
FFQ	78	0	0	0	0	0	0	0	0	0	0	0	0	0	0	0	0	0	0	0	0	0	0	0	0	0	0	0	0	0	0	2003	0
FFQ	79	0	0	0	0	0	0	0	0	0	0	0	0	0	0	0	0	0	0	0	0	0	0	0	0	0	0	0	0	0	0	2003	0
FFQ	80	0	0	0	0	0	0	0	0	0	0	0	0	0	0	0	0	0	0	0	0	0	0	0	0	0	0	0	0	0	0	2003	0
FFQ	81	0	0	0	0	0	0	0	0	0	0	0	0	0	0	0	0	0	0	0	0	0	0	0	0	0	0	0	0	0	0	2003	0
FFQ	82	0	0	0	0	0	0	0	0	0	0	0	0	0	0	0	0	0	0	0	0	0	0	0	0	0	0	0	0	0	0	2003	0
FFQ	83	0	0	0	0	0	0	0	0	0	0	0	0	0	0	0	0	0	0	0	0	0	0	0	0	0	0	0	0	0	0	2003	0
FFQ	84	0	0	0	0	0	0	0	0	0	0	0	0	0	0	0	0	0	0	0	0	0	0	0	0	0	0	0	0	0	0	2003	0
FFQ	85	0	0	0	0	0	0	0	0	0	0	0	0	0	0	0	0	0	0	0	0	0	0	0	0	0	0	0	0	0	0	2003	0
FFQ	86	0	0	0	0	0	0	0	0	0	0	0	0	0	0	0	0	0	0	0	0	0	0	0	0	0	0	0	0	0	0	2003	0
FFQ	87	0	0	0	0	0	0	0	0	0	0	0	0	0	0	0	0	0	0	0	0	0	0	0	0	0	0	0	0	0	0	2003	0
FFQ	88	0	0	0	0	0	0	0	0	0	0	0	0	0	0	0	0	0	0	0	0	0	0	0	0	0	0	0	0	0	0	2003	0
FFQ	89	0	0	0	0	0	0	0	0	0	0	0	0	0	0	0	0	0	0	0	0	0	0	0	0	0	0	0	0	0	0	2003	0
FFQ	90	0	0	0	0	0	0	0	0	0	0	0	0	0	0	0	0	0	0	0	0	0	0	0	0	0	0	0	0	0	0	2003	0
FFQ	91	0	0	0	0	0	0	0	0	0	0	0	0	0	0	0	0	0	0	0	0	0	0	0	0	0	0	0	0	0	0	2003	0
FFQ	92	0	0	0	0	0	0	0	0	0	0	0	0	0	0	0	0	0	0	0	0	0	0	0	0	0	0	0	0	0	0	2003	0
FFQ	93	0	0	0	0	0	0	0	0	0	0	0	0	0	0	0	0	0	0	0	0	0	0	0	0	0	0	0	0	0	0	2003	0
FFQ	94	0	0	0	0	0	0	0	0	0	0	0	0	0	0	0	0	0	0	0	0	0	0	0	0	0	0	0	0	0	0	2003	0
FFQ	95	0	0	0	0	0	0	0	0	0	0	0	0	0	0	0	0	0	0	0	0	0	0	0	0	0	0	0	0	0	0	2003	0
FFQ	96	0	0	0	0	0	0	0	0	0	0	0	0	0	0	0	0	0	0	0	0	0	0	0	0	0	0	0	0	0	0	2003	0
FFQ	97	0	0	0	0	0	0	0	0	0	0	0	0	0	0	0	0	0	0	0	0	0	0	0	0	0	0	0	0	0	0	2003	0
FFQ	98	0	0	0	0	0	0	0	0	0	0	0	0	0	0	0	0	0	0	0	0	0	0	0	0	0	0	0	0	0	0	2003	0
FFQ	99	0	0	0	0	0	0	0	0	0	0	0	0	0	0	0	0	0	0	0	0	0	0	0	0	0	0	0	0	0	0	2003	0
FFQ	100	0	0	0	0	0	0	0	0	0	0	0	0	0	0	0	0	0	0	0	0	0	0	0	0	0	0	0	0	0	0	2003	0
FFQ	101	0	0	0	0	0	0	0	0	0	0	0	0	0	0	0	0	0	0	0	0	0	0	0	0	0	0	0	0	0	0	2003	0
FFQ	102	0	0	0	0	0	0	0	0	0	0	0	0	0	0	0	0	0	0	0	0	0	0	0	0	0	0	0	0	0	0	2003	0
FFQ	103	0	0	0	0	0	0	0	0	0	0	0	0	0	0	0	0	0	0	0	0	0	0	0	0	0	0	0	0	0	0	2003	0
FFQ	104	0	0	0	0	0	0	0	0	0	0	0	0	0	0	0	0	0	0	0	0	0	0	0	0	0	0	0	0	0	0	2003	0
FFQ	105	0	0	0	0	0	0	0	0	0	0	0	0	0	0	0	0	0	0	0	0	0	0	0	0	0	0	0	0	0	0	2003	0
FFQ	106	0	0	0	0	0	0	0	0	0	0	0	0	0	0	0	0	0	0	0	0	0	0	0	0	0	0	0	0	0	0	2003	0
FFQ	107	0	0	0	0	0	0	0	0	0	0	0	0	0	0	0	0	0	0	0	0	0	0	0	0	0	0	0	0	0	0	2003	0
FFQ	108	0	0	0	0	0	0	0	0	0	0	0	0	0	0	0	0	0	0	0	0	0	0	0	0	0	0	0	0	0	0	2003	0
FFQ	109	0	0	0	0	0	0	0	0	0	0	0	0	0	0	0	0	0	0	0	0	0	0	0	0	0	0	0	0	0	0	2003	0
FFQ	110	0	0	0	0	0	0	0	0	0	0	0	0	0	0	0	0	0	0	0	0	0	0	0	0	0	0	0	0	0	0	2003	0
FFQ	111	0	0	0	0	0	0	0	0	0	0	0	0	0	0	0	0	0	0	0	0	0	0	0	0	0	0	0	0	0	0	2003	0
FFQ	112	0	0	0	0	0	0	0	0	0	0	0	0	0	0	0	0	0	0	0	0	0	0	0	0	0	0	0	0	0	0	2003	0
FFQ	113	0	0	0	0	0	0	0	0	0	0	0	0	0	0	0	0	0	0	0	0	0	0	0	0	0	0	0	0	0	0	2003	0
FFQ	114	0	0	0	0	0	0	0	0	0	0	0	0	0	0	0	0	0	0	0	0	0	0	0	0	0	0	0	0	0	0	2003	0
FFQ	115	0	0	0	0	0	0	0	0	0	0	0	0	0	0	0	0	0	0	0	0	0	0	0	0	0	0	0	0	0	0	2003	0
FFQ	116	0	0	0	0	0	0	0	0	0	0	0	0	0	0	0	0	0	0	0	0	0	0	0	0	0	0	0	0	0	0	2003	0
FFQ	117	0	0	0	0	0	0	0	0	0	0	0	0	0	0	0	0	0	0	0	0	0	0	0	0	0	0	0	0	0	0	2003	0
FFQ	118	0	0	0	0	0	0	0	0	0	0	0	0	0	0	0	0	0	0	0	0	0	0	0	0	0	0	0	0	0	0	2003	0
FFQ	119	0	0	0	0	0	0	0	0	0	0	0	0	0	0	0	0	0	0	0	0	0	0	0	0	0	0	0	0	0	0	2003	0
FFQ	120	0	0	0	0	0	0	0	0	0	0	0	0	0	0	0	0	0	0	0	0	0	0	0	0	0	0	0	0	0	0	2003	0
FFQ	121	0	0	0	0	0	0	0	0	0	0	0	0	0	0	0	0	0	0	0	0	0	0	0	0	0	0	0	0	0	0	2003	0
FFQ	122	0	0	0	0	0	0	0	0	0	0	0	0	0	0	0	0	0	0	0	0	0	0	0	0	0	0	0	0	0	0	2003	0
FFQ	123	0	0	0	0	0	0	0	0	0	0	0	0	0	0	0	0	0	0	0	0	0	0	0	0	0	0	0	0	0	0	2003	0
FFQ	124	0	0	0	0	0	0	0	0	0	0	0	0	0	0	0	0	0	0	0	0	0	0	0	0	0	0	0	0	0	0	2003	0
FFQ	125	0	0	0	0	0	0	0	0	0	0	0	0	0	0	0	0	0	0	0	0	0	0	0	0	0	0	0	0	0	0	2003	0
FFQ	126	0	0	0	0	0	0	0	0	0	0	0	0	0	0	0	0	0	0	0	0	0	0	0	0	0	0	0	0	0	0	2003	0
FFQ	127	0	0	0	0	0	0	0	0	0	0	0	0	0	0	0	0	0	0	0	0	0	0	0	0	0	0	0	0	0	0	2003	0
FFQ	128	0	0	0	0	0	0	0	0	0	0	0	0	0	0	0	0	0	0	0	0	0	0	0	0	0	0	0	0	0	0	2003	0
FFQ	129	0	0	0	0	0	0	0	0	0	0	0	0	0	0	0	0	0	0	0	0	0	0	0	0	0	0	0	0	0	0	2003	0
FFQ	130	0	0	0	0	0	0	0	0	0	0	0	0	0	0	0	0	0	0	0	0	0	0	0	0	0	0	0	0	0	0	2003	0
FFQ	131	0	0	0	0	0	0	0	0	0	0	0	0	0	0	0	0	0	0	0	0	0	0	0	0	0	0	0	0	0	0	2003	0
FFQ	132	0	0	0	0	0	0	0	0	0	0	0	0	0	0	0	0	0	0	0	0	0	0	0	0	0	0	0	0	0	0	2003	0
FFQ	133	0	0	0	0	0	0	0	0	0	0	0	0	0	0	0	0	0	0	0	0	0	0	0	0	0	0	0	0	0	0	2003	0
FFQ	134	0	0	0	0	0	0	0	0	0	0	0	0	0	0	0	0	0	0	0	0	0	0	0	0	0	0	0	0	0	0	2003	0
FFQ	135	0	0	0	0	0	0	0	0	0	0	0	0	0	0	0	0	0	0	0	0	0	0	0	0	0	0	0	0	0	0	2003	0
FFQ	136	0	0	0	0	0	0	0	0	0	0	0	0	0	0	0	0	0	0	0	0	0	0	0	0	0	0	0	0	0	0	2003	0
FFQ	137	0	0	0	0	0	0	0	0	0	0	0	0	0	0	0	0	0	0	0	0	0	0	0	0	0	0	0	0	0	0	2003	0
FFQ	138	0	0	0	0	0	0	0	0	0	0	0	0	0	0	0	0	0	0	0	0	0	0	0	0	0	0	0	0	0	0	2003	0
FFQ	139	0	0	0	0	0	0	0	0	0	0	0	0	0	0	0	0	0	0	0	0	0	0	0	0	0	0	0	0	0	0	2003	0
FFQ	140	0	0	0	0	0	0	0	0	0	0	0	0	0	0	0	0	0	0	0	0	0	0	0	0	0	0	0	0	0	0	2003	0
FFQ	141	0	0	0	0	0	0	0	0	0	0	0	0	0	0	0	0	0	0	0	0	0	0	0	0	0	0	0	0	0	0	2003	0
FFQ	142	0	0	0	0	0	0	0	0	0	0	0	0	0	0	0	0	0	0	0	0	0	0	0	0	0	0	0	0	0	0	2003	0
FFQ	143	0	0	0	0	0	0	0	0	0	0	0	0	0	0	0	0	0	0	0	0	0	0	0	0	0	0	0	0	0	0	2003	0
FFQ	144	0	0	0	0	0	0	0	0	0	0	0	0	0	0	0	0	0	0	0	0	0	0	0	0	0	0	0	0	0	0	2003	0
FFQ	145	0	0	0	0	0	0	0	0	0	0	0	0	0	0	0	0	0	0	0	0	0	0	0	0	0	0	0	0	0	0	2003	0
FFQ	146	0	0	0	0	0	0	0	0	0	0	0	0	0	0	0	0	0	0	0	0	0	0	0	0	0	0	0	0	0	0	2003	0
FFQ	147	0	0	0	0	0	0	0	0	0	0	0	0	0	0	0	0	0	0	0	0	0	0	0	0	0	0	0	0	0	0	2003	0
FFQ	148	0	0	0	0	0	0	0	0	0	0	0	0	0	0	0	0	0	0	0	0	0	0	0	0	0	0	0	0	0	0	2003	0
FFQ	149	0	0	0	0	0	0	0	0	0	0	0	0	0	0	0	0	0	0	0	0	0	0	0	0	0	0	0	0	0	0	2003	0
FFQ	150	0	0	0	0	0	0	0	0	0	0	0	0	0	0	0	0	0	0	0	0	0	0	0	0	0	0	0	0	0	0	2003	0
# Last Fragment Qualities. Use `grep ^LFQ | cut -f 2-` to extract this part.
# Columns correspond to qualities and rows to cycles. First column is the cycle number.
LFQ	1	0	0	0	0	0	0	0	0	0	0	0	0	0	0	0	0	0	0	0	0	0	0	0	0	0	0	0	0	0	0	2003	0
LFQ	2	0	0	0	0	0	0	0	0	0	0	0	0	0	0	0	0	0	0	0	0	0	0	0	0	0	0	0	0	0	0	2003	0
LFQ	3	0	0	0	0	0	0	0	0	0	0	0	0	0	0	0	0	0	0	0	0	0	0	0	0	0	0	0	0	0	0	2003	0
LFQ	4	0	0	0	0	0	0	0	0	0	0	0	0	0	0	0	0	0	0	0	0	0	0	0	0	0	0	0	0	0	0	2003	0
LFQ	5	0	0	0	0	0	0	0	0	0	0	0	0	0	0	0	0	0	0	0	0	0	0	0	0	0	0	0	0	0	0	2003	0
LFQ	6	0	0	0	0	0	0	0	0	0	0	0	0	0	0	0	0	0	0	0	0	0	0	0	0	0	0	0	0	0	0	2003	0
LFQ	7	0	0	0	0	0	0	0	0	0	0	0	0	0	0	0	0	0	0	0	0	0	0	0	0	0	0	0	0	0	0	2003	0
LFQ	8	0	0	0	0	0	0	0	0	0	0	0	0	0	0	0	0	0	0	0	0	0	0	0	0	0	0	0	0	0	0	2003	0
LFQ	9	0	0	0	0	0	0	0	0	0	0	0	0	0	0	0	0	0	0	0	0	0	0	0	0	0	0	0	0	0	0	2003	0
LFQ	10	0	0	0	0	0	0	0	0	0	0	0	0	0	0	0	0	0	0	0	0	0	0	0	0	0	0	0	0	0	0	2003	0
LFQ	11	0	0	0	0	0	0	0	0	0	0	0	0	0	0	0	0	0	0	0	0	0	0	0	0	0	0	0	0	0	0	2003	0
LFQ	12	0	0	0	0	0	0	0	0	0	0	0	0	0	0	0	0	0	0	0	0	0	0	0	0	0	0	0	0	0	0	2003	0
LFQ	13	0	0	0	0	0	0	0	0	0	0	0	0	0	0	0	0	0	0	0	0	0	0	0	0	0	0	0	0	0	0	2003	0
LFQ	14	0	0	0	0	0	0	0	0	0	0	0	0	0	0	0	0	0	0	0	0	0	0	0	0	0	0	0	0	0	0	2003	0
LFQ	15	0	0	0	0	0	0	0	0	0	0	0	0	0	0	0	0	0	0	0	0	0	0	0	0	0	0	0	0	0	0	2003	0
LFQ	16	0	0	0	0	0	0	0	0	0	0	0	0	0	0	0	0	0	0	0	0	0	0	0	0	0	0	0	0	0	0	2003	0
LFQ	17	0	0	0	0	0	0	0	0	0	0	0	0	0	0	0	0	0	0	0	0	0	0	0	0	0	0	0	0	0	0	2003	0
LFQ	18	0	0	0	0	0	0	0	0	0	0	0	0	0	0	0	0	0	0	0	0	0	0	0	0	0	0	0	0	0	0	2003	0
LFQ	19	0	0	0	0	0	0	0	0	0	0	0	0	0	0	0	0	0	0	0	0	0	0	0	0	0	0	0	0	0	0	2003	0
LFQ	20	0	0	0	0	0	0	0	0	0	0	0	0	0	0	0	0	0	0	0	0	0	0	0	0	0	0	0	0	0	0	2003	0
LFQ	21	0	0	0	0	0	0	0	0	0	0	0	0	0	0	0	0	0	0	0	0	0	0	0	0	0	0	0	0	0	0	2003	0
LFQ	22	0	0	0	0	0	0	0	0	0	0	0	0	0	0	0	0	0	0	0	0	0	0	0	0	0	0	0	0	0	0	2003	0
LFQ	23	0	0	0	0	0	0	0	0	0	0	0	0	0	0	0	0	0	0	0	0	0	0	0	0	0	0	0	0	0	0	2003	0
LFQ	24	0	0	0	0	0	0	0	0	0	0	0	0	0	0	0	0	0	0	0	0	0	0	0	0	0	0	0	0	0	0	2003	0
LFQ	25	0	0	0	0	0	0	0	0	0	0	0	0	0	0	0	0	0	0	0	0	0	0	0	0	0	0	0	0	0	0	2003	0
LFQ	26	0	0	0	0	0	0	0	0	0	0	0	0	0	0	0	0	0	0	0	0	0	0	0	0	0	0	0	0	0	0	2003	0
LFQ	27	0	0	0	0	0	0	0	0	0	0	0	0	0	0	0	0	0	0	0	0	0	0	0	0	0	0	0	0	0	0	2003	0
LFQ	28	0	0	0	0	0	0	0	0	0	0	0	0	0	0	0	0	0	0	0	0	0	0	0	0	0	0	0	0	0	0	2003	0
LFQ	29	0	0	0	0	0	0	0	0	0	0	0	0	0	0	0	0	0	0	0	0	0	0	0	0	0	0	0	0	0	0	2003	0
LFQ	30	0	0	0	0	0	0	0	0	0	0	0	0	0	0	0	0	0	0	0	0	0	0	0	0	0	0	0	0	0	0	2003	0
LFQ	31	0	0	0	0	0	0	0	0	0	0	0	0	0	0	0	0	0	0	0	0	0	0	0	0	0	0	0	0	0	0	2003	0
LFQ	32	0	0	0	0	0	0	0	0	0	0	0	0	0	0	0	0	0	0	0	0	0	0	0	0	0	0	0	0	0	0	2003	0
LFQ	33	0	0	0	0	0	0	0	0	0	0	0	0	0	0	0	0	0	0	0	0	0	0	0	0	0	0	0	0	0	0	2003	0
LFQ	34	0	0	0	0	0	0	0	0	0	0	0	0	0	0	0	0	0	0	0	0	0	0	0	0	0	0	0	0	0	0	2003	0
LFQ	35	0	0	0	0	0	0	0	0	0	0	0	0	0	0	0	0	0	0	0	0	0	0	0	0	0	0	0	0	0	0	2003	0
LFQ	36	0	0	0	0	0	0	0	0	0	0	0	0	0	0	0	0	0	0	0	0	0	0	0	0	0	0	0	0	0	0	2003	0
LFQ	37	0	0	0	0	0	0	0	0	0	0	0	0	0	0	0	0	0	0	0	0	0	0	0	0	0	0	0	0	0	0	2003	0
LFQ	38	0	0	0	0	0	0	0	0	0	0	0	0	0	0	0	0	0	0	0	0	0	0	0	0	0	0	0	0	0	0	2003	0
LFQ	39	0	0	0	0	0	0	0	0	0	0	0	0	0	0	0	0	0	0	0	0	0	0	0	0	0	0	0	0	0	0	2003	0
LFQ	40	0	0	0	0	0	0	0	0	0	0	0	0	0	0	0	0	0	0	0	0	0	0	0	0	0	0	0	0	0	0	2003	0
LFQ	41	0	0	0	0	0	0	0	0	0	0	0	0	0	0	0	0	0	0	0	0	0	0	0	0	0	0	0	0	0	0	2003	0
LFQ	42	0	0	0	0	0	0	0	0	0	0	0	0	0	0	0	0	0	0	0	0	0	0	0	0	0	0	0	0	0	0	2003	0
LFQ	43	0	0	0	0	0	0	0	0	0	0	0	0	0	0	0	0	0	0	0	0	0	0	0	0	0	0	0	0	0	0	2003	0
LFQ	44	0	0	0	0	0	0	0	0	0	0	0	0	0	0	0	0	0	0	0	0	0	0	0	0	0	0	0	0	0	0	2003	0
LFQ	45	0	0	0	0	0	0	0	0	0	0	0	0	0	0	0	0	0	0	0	0	0	0	0	0	0	0	0	0	0	0	2003	0
LFQ	46	0	0	0	0	0	0	0	0	0	0	0	0	0	0	0	0	0	0	0	0	0	0	0	0	0	0	0	0	0	0	2003	0
LFQ	47	0	0	0	0	0	0	0	0	0	0	0	0	0	0	0	0	0	0	0	0	0	0	0	0	0	0	0	0	0	0	2003	0
LFQ	48	0	0	0	0	0	0	0	0	0	0	0	0	0	0	0	0	0	0	0	0	0	0	0	0	0	0	0	0	0	0	2003	0
LFQ	49	0	0	0	0	0	0	0	0	0	0	0	0	0	0	0	0	0	0	0	0	0	0	0	0	0	0	0	0	0	0	2003	0
LFQ	50	0	0	0	0	0	0	0	0	0	0	0	0	0	0	0	0	0	0	0	0	0	0	0	0	0	0	0	0	0	0	2003	0
LFQ	51	0	0	0	0	0	0	0	0	0	0	0	0	0	0	0	0	0	0	0	0	0	0	0	0	0	0	0	0	0	0	2003	0
LFQ	52	0	0	0	0	0	0	0	0	0	0	0	0	0	0	0	0	0	0	0	0	0	0	0	0	0	0	0	0	0	0	2003	0
LFQ	53	0	0	0	0	0	0	0	0	0	0	0	0	0	0	0	0	0	0	0	0	0	0	0	0	0	0	0	0	0	0	2003	0
LFQ	54	0	0	0	0	0	0	0	0	0	0	0	0	0	0	0	0	0	0	0	0	0	0	0	0	0	0	0	0	0	0	2003	0
LFQ	55	0	0	0	0	0	0	0	0	0	0	0	0	0	0	0	0	0	0	0	0	0	0	0	0	0	0	0	0	0	0	2003	0
LFQ	56	0	0	0	0	0	0	0	0	0	0	0	0	0	0	0	0	0	0	0	0	0	0	0	0	0	0	0	0	0	0	2003	0
LFQ	57	0	0	0	0	0	0	0	0	0	0	0	0	0	0	0	0	0	0	0	0	0	0	0	0	0	0	0	0	0	0	2003	0
LFQ	58	0	0	0	0	0	0	0	0	0	0	0	0	0	0	0	0	0	0	0	0	0	0	0	0	0	0	0	0	0	0	2003	0
LFQ	59	0	0	0	0	0	0	0	0	0	0	0	0	0	0	0	0	0	0	0	0	0	0	0	0	0	0	0	0	0	0	2003	0
LFQ	60	0	0	0	0	0	0	0	0	0	0	0	0	0	0	0	0	0	0	0	0	0	0	0	0	0	0	0	0	0	0	2003	0
LFQ	61	0	0	0	0	0	0	0	0	0	0	0	0	0	0	0	0	0	0	0	0	0	0	0	0	0	0	0	0	0	0	2003	0
LFQ	62	0	0	0	0	0	0	0	0	0	0	0	0	0	0	0	0	0	0	0	0	0	0	0	0	0	0	0	0	0	0	2003	0
LFQ	63	0	0	0	0	0	0	0	0	0	0	0	0	0	0	0	0	0	0	0	0	0	0	0	0	0	0	0	0	0	0	2003	0
LFQ	64	0	0	0	0	0	0	0	0	0	0	0	0	0	0	0	0	0	0	0	0	0	0	0	0	0	0	0	0	0	0	2003	0
LFQ	65	0	0	0	0	0	0	0	0	0	0	0	0	0	0	0	0	0	0	0	0	0	0	0	0	0	0	0	0	0	0	2003	0
LFQ	66	0	0	0	0	0	0	0	0	0	0	0	0	0	0	0	0	0	0	0	0	0	0	0	0	0	0	0	0	0	0	2003	0
LFQ	67	0	0	0	0	0	0	0	0	0	0	0	0	0	0	0	0	0	0	0	0	0	0	0	0	0	0	0	0	0	0	2003	0
LFQ	68	0	0	0	0	0	0	0	0	0	0	0	0	0	0	0	0	0	0	0	0	0	0	0	0	0	0	0	0	0	0	2003	0
LFQ	69	0	0	0	0	0	0	0	0	0	0	0	0	0	0	0	0	0	0	0	0	0	0	0	0	0	0	0	0	0	0	2003	0
LFQ	70	0	0	0	0	0	0	0	0	0	0	0	0	0	0	0	0	0	0	0	0	0	0	0	0	0	0	0	0	0	0	2003	0
LFQ	71	0	0	0	0	0	0	0	0	0	0	0	0	0	0	0	0	0	0	0	0	0	0	0	0	0	0	0	0	0	0	2003	0
LFQ	72	0	0	0	0	0	0	0	0	0	0	0	0	0	0	0	0	0	0	0	0	0	0	0	0	0	0	0	0	0	0	2003	0
LFQ	73	0	0	0	0	0	0	0	0	0	0	0	0	0	0	0	0	0	0	0	0	0	0	0	0	0	0	0	0	0	0	2003	0
LFQ	74	0	0	0	0	0	0	0	0	0	0	0	0	0	0	0	0	0	0	0	0	0	0	0	0	0	0	0	0	0	0	2003	0
LFQ	75	0	0	0	0	0	0	0	0	0	0	0	0	0	0	0	0	0	0	0	0	0	0	0	0	0	0	0	0	0	0	2003	0
LFQ	76	0	0	0	0	0	0	0	0	0	0	0	0	0	0	0	0	0	0	0	0	0	0	0	0	0	0	0	0	0	0	2003	0
LFQ	77	0	0	0	0	0	0	0	0	0	0	0	0	0	0	0	0	0	0	0	0	0	0	0	0	0	0	0	0	0	0	2003	0
LFQ	78	0	0	0	0	0	0	0	0	0	0	0	0	0	0	0	0	0	0	0	0	0	0	0	0	0	0	0	0	0	0	2003	0
LFQ	79	0	0	0	0	0	0	0	0	0	0	0	0	0	0	0	0	0	0	0	0	0	0	0	0	0	0	0	0	0	0	2003	0
LFQ	80	0	0	0	0	0	0	0	0	0	0	0	0	0	0	0	0	0	0	0	0	0	0	0	0	0	0	0	0	0	0	2003	0
LFQ	81	0	0	0	0	0	0	0	0	0	0	0	0	0	0	0	0	0	0	0	0	0	0	0	0	0	0	0	0	0	0	2003	0
LFQ	82	0	0	0	0	0	0	0	0	0	0	0	0	0	0	0	0	0	0	0	0	0	0	0	0	0	0	0	0	0	0	2003	0
LFQ	83	0	0	0	0	0	0	0	0	0	0	0	0	0	0	0	0	0	0	0	0	0	0	0	0	0	0	0	0	0	0	2003	0
LFQ	84	0	0	0	0	0	0	0	0	0	0	0	0	0	0	0	0	0	0	0	0	0	0	0	0	0	0	0	0	0	0	2003	0
LFQ	85	0	0	0	0	0	0	0	0	0	0	0	0	0	0	0	0	0	0	0	0	0	0	0	0	0	0	0	0	0	0	2003	0
LFQ	86	0	0	0	0	0	0	0	0	0	0	0	0	0	0	0	0	0	0	0	0	0	0	0	0	0	0	0	0	0	0	2003	0
LFQ	87	0	0	0	0	0	0	0	0	0	0	0	0	0	0	0	0	0	0	0	0	0	0	0	0	0	0	0	0	0	0	2003	0
LFQ	88	0	0	0	0	0	0	0	0	0	0	0	0	0	0	0	0	0	0	0	0	0	0	0	0	0	0	0	0	0	0	2003	0
LFQ	89	0	0	0	0	0	0	0	0	0	0	0	0	0	0	0	0	0	0	0	0	0	0	0	0	0	0	0	0	0	0	2003	0
LFQ	90	0	0	0	0	0	0	0	0	0	0	0	0	0	0	0	0	0	0	0	0	0	0	0	0	0	0	0	0	0	0	2003	0
LFQ	91	0	0	0	0	0	0	0	0	0	0	0	0	0	0	0	0	0	0	0	0	0	0	0	0	0	0	0	0	0	0	2003	0
LFQ	92	0	0	0	0	0	0	0	0	0	0	0	0	0	0	0	0	0	0	0	0	0	0	0	0	0	0	0	0	0	0	2003	0
LFQ	93	0	0	0	0	0	0	0	0	0	0	0	0	0	0	0	0	0	0	0	0	0	0	0	0	0	0	0	0	0	0	2003	0
LFQ	94	0	0	0	0	0	0	0	0	0	0	0	0	0	0	0	0	0	0	0	0	0	0	0	0	0	0	0	0	0	0	2003	0
LFQ	95	0	0	0	0	0	0	0	0	0	0	0	0	0	0	0	0	0	0	0	0	0	0	0	0	0	0	0	0	0	0	2003	0
LFQ	96	0	0	0	0	0	0	0	0	0	0	0	0	0	0	0	0	0	0	0	0	0	0	0	0	0	0	0	0	0	0	2003	0
LFQ	97	0	0	0	0	0	0	0	0	0	0	0	0	0	0	0	0	0	0	0	0	0	0	0	0	0	0	0	0	0	0	2003	0
LFQ	98	0	0	0	0	0	0	0	0	0	0	0	0	0	0	0	0	0	0	0	0	0	0	0	0	0	0	0	0	0	0	2003	0
LFQ	99	0	0	0	0	0	0	0	0	0	0	0	0	0	0	0	0	0	0	0	0	0	0	0	0	0	0	0	0	0	0	2003	0
LFQ	100	0	0	0	0	0	0	0	0	0	0	0	0	0	0	0	0	0	0	0	0	0	0	0	0	0	0	0	0	0	0	2003	0
LFQ	101	0	0	0	0	0	0	0	0	0	0	0	0	0	0	0	0	0	0	0	0	0	0	0	0	0	0	0	0	0	0	2003	0
LFQ	102	0	0	0	0	0	0	0	0	0	0	0	0	0	0	0	0	0	0	0	0	0	0	0	0	0	0	0	0	0	0	2003	0
LFQ	103	0	0	0	0	0	0	0	0	0	0	0	0	0	0	0	0	0	0	0	0	0	0	0	0	0	0	0	0	0	0	2003	0
LFQ	104	0	0	0	0	0	0	0	0	0	0	0	0	0	0	0	0	0	0	0	0	0	0	0	0	0	0	0	0	0	0	2003	0
LFQ	105	0	0	0	0	0	0	0	0	0	0	0	0	0	0	0	0	0	0	0	0	0	0	0	0	0	0	0	0	0	0	2003	0
LFQ	106	0	0	0	0	0	0	0	0	0	0	0	0	0	0	0	0	0	0	0	0	0	0	0	0	0	0	0	0	0	0	2003	0
LFQ	107	0	0	0	0	0	0	0	0	0	0	0	0	0	0	0	0	0	0	0	0	0	0	0	0	0	0	0	0	0	0	2003	0
LFQ	108	0	0	0	0	0	0	0	0	0	0	0	0	0	0	0	0	0	0	0	0	0	0	0	0	0	0	0	0	0	0	2003	0
LFQ	109	0	0	0	0	0	0	0	0	0	0	0	0	0	0	0	0	0	0	0	0	0	0	0	0	0	0	0	0	0	0	2003	0
LFQ	110	0	0	0	0	0	0	0	0	0	0	0	0	0	0	0	0	0	0	0	0	0	0	0	0	0	0	0	0	0	0	2003	0
LFQ	111	0	0	0	0	0	0	0	0	0	0	0	0	0	0	0	0	0	0	0	0	0	0	0	0	0	0	0	0	0	0	2003	0
LFQ	112	0	0	0	0	0	0	0	0	0	0	0	0	0	0	0	0	0	0	0	0	0	0	0	0	0	0	0	0	0	0	2003	0
LFQ	113	0	0	0	0	0	0	0	0	0	0	0	0	0	0	0	0	0	0	0	0	0	0	0	0	0	0	0	0	0	0	2003	0
LFQ	114	0	0	0	0	0	0	0	0	0	0	0	0	0	0	0	0	0	0	0	0	0	0	0	0	0	0	0	0	0	0	2003	0
LFQ	115	0	0	0	0	0	0	0	0	0	0	0	0	0	0	0	0	0	0	0	0	0	0	0	0	0	0	0	0	0	0	2003	0
LFQ	116	0	0	0	0	0	0	0	0	0	0	0	0	0	0	0	0	0	0	0	0	0	0	0	0	0	0	0	0	0	0	2003	0
LFQ	117	0	0	0	0	0	0	0	0	0	0	0	0	0	0	0	0	0	0	0	0	0	0	0	0	0	0	0	0	0	0	2003	0
LFQ	118	0	0	0	0	0	0	0	0	0	0	0	0	0	0	0	0	0	0	0	0	0	0	0	0	0	0	0	0	0	0	2003	0
LFQ	119	0	0	0	0	0	0	0	0	0	0	0	0	0	0	0	0	0	0	0	0	0	0	0	0	0	0	0	0	0	0	2003	0
LFQ	120	0	0	0	0	0	0	0	0	0	0	0	0	0	0	0	0	0	0	0	0	0	0	0	0	0	0	0	0	0	0	2003	0
LFQ	121	0	0	0	0	0	0	0	0	0	0	0	0	0	0	0	0	0	0	0	0	0	0	0	0	0	0	0	0	0	0	2003	0
LFQ	122	0	0	0	0	0	0	0	0	0	0	0	0	0	0	0	0	0	0	0	0	0	0	0	0	0	0	0	0	0	0	2003	0
LFQ	123	0	0	0	0	0	0	0	0	0	0	0	0	0	0	0	0	0	0	0	0	0	0	0	0	0	0	0	0	0	0	2003	0
LFQ	124	0	0	0	0	0	0	0	0	0	0	0	0	0	0	0	0	0	0	0	0	0	0	0	0	0	0	0	0	0	0	2003	0
LFQ	125	0	0	0	0	0	0	0	0	0	0	0	0	0	0	0	0	0	0	0	0	0	0	0	0	0	0	0	0	0	0	2003	0
LFQ	126	0	0	0	0	0	0	0	0	0	0	0	0	0	0	0	0	0	0	0	0	0	0	0	0	0	0	0	0	0	0	2003	0
LFQ	127	0	0	0	0	0	0	0	0	0	0	0	0	0	0	0	0	0	0	0	0	0	0	0	0	0	0	0	0	0	0	2003	0
LFQ	128	0	0	0	0	0	0	0	0	0	0	0	0	0	0	0	0	0	0	0	0	0	0	0	0	0	0	0	0	0	0	2003	0
LFQ	129	0	0	0	0	0	0	0	0	0	0	0	0	0	0	0	0	0	0	0	0	0	0	0	0	0	0	0	0	0	0	2003	0
LFQ	130	0	0	0	0	0	0	0	0	0	0	0	0	0	0	0	0	0	0	0	0	0	0	0	0	0	0	0	0	0	0	2003	0
LFQ	131	0	0	0	0	0	0	0	0	0	0	0	0	0	0	0	0	0	0	0	0	0	0	0	0	0	0	0	0	0	0	2003	0
LFQ	132	0	0	0	0	0	0	0	0	0	0	0	0	0	0	0	0	0	0	0	0	0	0	0	0	0	0	0	0	0	0	2003	0
LFQ	133	0	0	0	0	0	0	0	0	0	0	0	0	0	0	0	0	0	0	0	0	0	0	0	0	0	0	0	0	0	0	2003	0
LFQ	134	0	0	0	0	0	0	0	0	0	0	0	0	0	0	0	0	0	0	0	0	0	0	0	0	0	0	0	0	0	0	2003	0
LFQ	135	0	0	0	0	0	0	0	0	0	0	0	0	0	0	0	0	0	0	0	0	0	0	0	0	0	0	0	0	0	0	2003	0
LFQ	136	0	0	0	0	0	0	0	0	0	0	0	0	0	0	0	0	0	0	0	0	0	0	0	0	0	0	0	0	0	0	2003	0
LFQ	137	0	0	0	0	0	0	0	0	0	0	0	0	0	0	0	0	0	0	0	0	0	0	0	0	0	0	0	0	0	0	2003	0
LFQ	138	0	0	0	0	0	0	0	0	0	0	0	0	0	0	0	0	0	0	0	0	0	0	0	0	0	0	0	0	0	0	2003	0
LFQ	139	0	0	0	0	0	0	0	0	0	0	0	0	0	0	0	0	0	0	0	0	0	0	0	0	0	0	0	0	0	0	2003	0
LFQ	140	0	0	0	0	0	0	0	0	0	0	0	0	0	0	0	0	0	0	0	0	0	0	0	0	0	0	0	0	0	0	2003	0
LFQ	141	0	0	0	0	0	0	0	0	0	0	0	0	0	0	0	0	0	0	0	0	0	0	0	0	0	0	0	0	0	0	2003	0
LFQ	142	0	0	0	0	0	0	0	0	0	0	0	0	0	0	0	0	0	0	0	0	0	0	0	0	0	0	0	0	0	0	2003	0
LFQ	143	0	0	0	0	0	0	0	0	0	0	0	0	0	0	0	0	0	0	0	0	0	0	0	0	0	0	0	0	0	0	2003	0
LFQ	144	0	0	0	0	0	0	0	0	0	0	0	0	0	0	0	0	0	0	0	0	0	0	0	0	0	0	0	0	0	0	2003	0
LFQ	145	0	0	0	0	0	0	0	0	0	0	0	0	0	0	0	0	0	0	0	0	0	0	0	0	0	0	0	0	0	0	2003	0
LFQ	146	0	0	0	0	0	0	0	0	0	0	0	0	0	0	0	0	0	0	0	0	0	0	0	0	0	0	0	0	0	0	2003	0
LFQ	147	0	0	0	0	0	0	0	0	0	0	0	0	0	0	0	0	0	0	0	0	0	0	0	0	0	0	0	0	0	0	2003	0
LFQ	148	0	0	0	0	0	0	0	0	0	0	0	0	0	0	0	0	0	0	0	0	0	0	0	0	0	0	0	0	0	0	2003	0
LFQ	149	0	0	0	0	0	0	0	0	0	0	0	0	0	0	0	0	0	0	0	0	0	0	0	0	0	0	0	0	0	0	2003	0
LFQ	150	0	0	0	0	0	0	0	0	0	0	0	0	0	0	0	0	0	0	0	0	0	0	0	0	0	0	0	0	0	0	2003	0
# GC Content of first fragments. Use `grep ^GCF | cut -f 2-` to extract this part.
GCF	9.30	0
GCF	19.10	2
GCF	20.10	4
GCF	20.85	0
GCF	21.36	5
GCF	22.11	3
GCF	22.86	4
GCF	23.37	8
GCF	24.12	11
GCF	24.87	16
GCF	25.38	20
GCF	26.13	11
GCF	26.88	7
GCF	27.39	15
GCF	28.14	25
GCF	29.15	34
GCF	30.15	25
GCF	31.16	31
GCF	32.16	52
GCF	32.91	46
GCF	33.42	65
GCF	33.92	70
GCF	34.67	79
GCF	35.43	76
GCF	35.93	71
GCF	36.68	84
GCF	37.44	62
GCF	37.94	76
GCF	39.20	82
GCF	40.70	70
GCF	41.46	56
GCF	41.96	63
GCF	42.71	61
GCF	43.72	48
GCF	44.72	49
GCF	45.48	39
GCF	45.98	50
GCF	46.73	42
GCF	47.49	33
GCF	47.99	39
GCF	48.74	19
GCF	49.50	28
GCF	50.00	21
GCF	50.75	13
GCF	51.51	19
GCF	52.01	11
GCF	52.76	12
GCF	53.52	7
GCF	54.02	6
GCF	54.77	11
GCF	55.53	8
GCF	56.03	6
GCF	56.78	5
GCF	57.54	4
GCF	58.04	3
GCF	59.05	2
GCF	60.05	4
GCF	61.06	1
GCF	62.06	0
GCF	62.81	1
GCF	63.82	2
GCF	65.33	0
GCF	66.58	1
GCF	67.34	0
GCF	68.09	1
# GC Content of last fragments. Use `grep ^GCL | cut -f 2-` to extract this part.
GCL	8.29	0
GCL	16.83	1
GCL	17.34	2
GCL	18.34	0
GCL	20.10	1
GCL	21.86	4
GCL	22.86	7
GCL	23.37	8
GCL	24.12	11
GCL	24.87	18
GCL	25.38	12
GCL	26.13	13
GCL	26.88	18
GCL	27.39	26
GCL	28.14	29
GCL	28.89	30
GCL	29.40	29
GCL	30.15	42
GCL	30.90	31
GCL	31.41	41
GCL	32.16	48
GCL	32.91	55
GCL	33.42	60
GCL	33.92	80
GCL	34.67	68
GCL	35.43	62
GCL	35.93	85
GCL	36.68	88
GCL	37.44	63
GCL	37.94	68
GCL	38.69	61
GCL	39.45	74
GCL	39.95	51
GCL	40.70	75
GCL	41.46	59
GCL	41.96	64
GCL	42.71	60
GCL	43.47	47
GCL	43.97	61
GCL	44.72	38
GCL	45.48	55
GCL	45.98	51
GCL	46.73	32
GCL	47.49	48
GCL	47.99	33
GCL	48.74	29
GCL	49.50	23
GCL	50.00	16
GCL	50.75	15
GCL	51.51	17
GCL	52.01	12
GCL	52.76	17
GCL	53.52	3
GCL	54.52	5
GCL	55.53	6
GCL	56.03	5
GCL	56.78	6
GCL	57.79	5
GCL	58.79	3
GCL	59.55	0
GCL	60.05	1
GCL	61.06	3
GCL	62.06	2
GCL	62.81	1
GCL	63.57	0
GCL	64.07	1
GCL	64.82	2
GCL	66.08	0
GCL	67.34	2
GCL	69.10	0
GCL	70.60	1
# ACGT content per cycle. Use `grep ^GCC | cut -f 2-` to extract this part. The columns are: cycle; A,C,G,T base counts as a percentage of all A/C/G/T bases [%]; and N and O counts as a percentage of all A/C/G/T bases [%]
GCC	1	29.81	19.45	19.05	31.69	0.02	0.00
GCC	2	29.51	19.62	19.22	31.65	0.00	0.00
GCC	3	31.15	19.40	17.80	31.65	0.00	0.00
GCC	4	30.88	19.52	18.05	31.55	0.00	0.00
GCC	5	30.58	20.17	18.50	30.75	0.00	0.00
GCC	6	31.20	19.80	18.90	30.10	0.00	0.00
GCC	7	30.80	18.72	18.75	31.73	0.00	0.00
GCC	8	30.03	20.19	18.65	31.13	0.00	0.00
GCC	9	29.63	20.44	18.80	31.13	0.00	0.00
GCC	10	31.58	19.25	18.17	31.00	0.00	0.00
GCC	11	30.15	19.72	18.45	31.68	0.00	0.00
GCC	12	30.28	19.27	20.22	30.23	0.00	0.00
GCC	13	31.90	19.27	18.87	29.96	0.00	0.00
GCC	14	30.80	20.42	18.90	29.88	0.00	0.00
GCC	15	31.35	19.20	18.17	31.28	0.00	0.00
GCC	16	30.05	20.39	19.10	30.45	0.00	0.00
GCC	17	30.03	19.55	18.87	31.55	0.00	0.00
GCC	18	30.85	19.07	19.82	30.25	0.00	0.00
GCC	19	29.38	20.92	18.17	31.53	0.00	0.00
GCC	20	31.55	20.27	16.63	31.55	0.00	0.00
GCC	21	30.70	19.15	18.27	31.88	0.00	0.00
GCC	22	30.35	20.12	18.67	30.85	0.00	0.00
GCC	23	30.45	20.34	18.65	30.55	0.00	0.00
GCC	24	30.53	20.59	18.70	30.18	0.00	0.00
GCC	25	29.86	19.60	18.85	31.70	0.00	0.00
GCC	26	30.78	19.47	19.65	30.10	0.00	0.00
GCC	27	30.23	20.97	17.82	30.98	0.00	0.00
GCC	28	30.98	19.82	18.65	30.55	0.00	0.00
GCC	29	29.43	20.22	18.52	31.83	0.00	0.00
GCC	30	29.68	20.47	18.27	31.58	0.00	0.00
GCC	31	30.00	21.04	18.10	30.85	0.00	0.00
GCC	32	30.35	19.37	19.67	30.60	0.00	0.00
GCC	33	30.90	18.97	18.82	31.30	0.00	0.00
GCC	34	30.70	20.87	17.90	30.53	0.00	0.00
GCC	35	32.43	18.67	19.22	29.68	0.00	0.00
GCC	36	30.43	19.20	18.80	31.58	0.00	0.00
GCC	37	29.68	20.94	18.32	31.05	0.00	0.00
GCC	38	31.65	19.42	19.27	29.66	0.00	0.00
GCC	39	30.68	20.72	18.00	30.60	0.00	0.00
GCC	40	31.68	19.65	17.85	30.83	0.00	0.00
GCC	41	30.10	19.57	18.75	31.58	0.00	0.00
GCC	42	29.76	20.04	19.65	30.55	0.00	0.00
GCC	43	30.85	19.12	19.67	30.35	0.00	0.00
GCC	44	29.83	19.85	19.40	30.93	0.00	0.00
GCC	45	31.18	19.72	18.55	30.55	0.00	0.00
GCC	46	29.58	19.42	18.90	32.10	0.00	0.00
GCC	47	29.91	20.37	18.17	31.55	0.00	0.00
GCC	48	30.23	19.50	18.62	31.65	0.00	0.00
GCC	49	30.95	20.14	17.97	30.93	0.00	0.00
GCC	50	31.23	19.75	19.10	29.93	0.00	0.00
GCC	51	30.03	20.29	18.62	31.05	0.00	0.00
GCC	52	30.23	18.92	19.12	31.73	0.00	0.00
GCC	53	30.53	19.77	19.72	29.98	0.00	0.00
GCC	54	30.23	19.52	18.75	31.50	0.00	0.00
GCC	55	29.91	19.57	19.60	30.93	0.00	0.00
GCC	56	31.20	20.24	17.97	30.58	0.00	0.00
GCC	57	29.88	19.82	19.47	30.83	0.00	0.00
GCC	58	30.30	19.27	19.62	30.80	0.00	0.00
GCC	59	30.10	20.69	18.90	30.30	0.00	0.00
GCC	60	29.53	20.12	19.40	30.95	0.00	0.00
GCC	61	30.50	19.92	18.75	30.83	0.00	0.00
GCC	62	31.13	19.90	18.92	30.05	0.00	0.00
GCC	63	28.81	20.37	19.90	30.93	0.00	0.00
GCC	64	30.15	19.37	19.12	31.35	0.00	0.00
GCC	65	29.31	19.25	19.35	32.10	0.00	0.00
GCC	66	29.23	20.39	19.87	30.50	0.00	0.00
GCC	67	30.43	20.52	19.30	29.76	0.00	0.00
GCC	68	30.88	19.80	19.55	29.78	0.00	0.00
GCC	69	29.98	19.62	18.07	32.33	0.00	0.00
GCC	70	31.03	19.97	19.72	29.28	0.00	0.00
GCC	71	29.43	20.97	18.65	30.95	0.00	0.00
GCC	72	29.36	19.10	20.27	31.28	0.00	0.00
GCC	73	30.35	20.72	18.52	30.40	0.00	0.00
GCC	74	29.56	20.57	19.25	30.63	0.00	0.00
GCC	75	30.00	20.27	19.97	29.76	0.00	0.00
GCC	76	30.63	18.55	19.15	31.68	0.00	0.00
GCC	77	30.48	19.37	19.22	30.93	0.00	0.00
GCC	78	31.58	19.65	18.40	30.38	0.00	0.00
GCC	79	31.08	18.40	19.95	30.58	0.00	0.00
GCC	80	29.71	20.82	18.82	30.65	0.00	0.00
GCC	81	29.13	20.77	19.95	30.15	0.00	0.00
GCC	82	30.93	20.22	18.65	30.20	0.00	0.00
GCC	83	30.20	20.32	19.07	30.40	0.00	0.00
GCC	84	30.93	18.55	20.22	30.30	0.00	0.00
GCC	85	29.58	20.04	19.75	30.63	0.00	0.00
GCC	86	29.56	19.97	19.67	30.80	0.00	0.00
GCC	87	30.30	19.50	20.32	29.88	0.00	0.00
GCC	88	30.55	19.95	18.30	31.20	0.00	0.00
GCC	89	29.98	19.87	19.52	30.63	0.00	0.00
GCC	90	31.28	20.42	17.60	30.70	0.00	0.00
GCC	91	30.63	20.19	19.25	29.93	0.00	0.00
GCC	92	30.13	20.62	18.57	30.68	0.00	0.00
GCC	93	30.23	19.92	19.20	30.65	0.00	0.00
GCC	94	30.50	20.77	19.02	29.71	0.00	0.00
GCC	95	30.03	20.29	18.90	30.78	0.00	0.00
GCC	96	30.90	19.52	17.67	31.90	0.00	0.00
GCC	97	30.25	20.49	17.92	31.33	0.00	0.00
GCC	98	29.53	20.39	18.12	31.95	0.00	0.00
GCC	99	30.48	19.50	18.52	31.50	0.00	0.00
GCC	100	30.53	18.95	19.90	30.63	0.00	0.00
GCC	101	29.76	18.92	18.75	32.58	0.00	0.00
GCC	102	30.50	20.82	19.07	29.61	0.00	0.00
GCC	103	30.58	19.20	18.62	31.60	0.00	0.00
GCC	104	30.70	19.80	19.10	30.40	0.00	0.00
GCC	105	30.88	19.50	18.90	30.73	0.00	0.00
GCC	106	30.35	19.77	18.75	31.13	0.00	0.00
GCC	107	31.28	19.00	19.05	30.68	0.00	0.00
GCC	108	31.15	20.14	18.22	30.48	0.00	0.00
GCC	109	30.53	20.24	19.02	30.20	0.00	0.00
GCC	110	30.33	18.75	19.55	31.38	0.00	0.00
GCC	111	30.08	19.67	20.17	30.08	0.00	0.00
GCC	112	30.75	19.60	19.57	30.08	0.00	0.00
GCC	113	30.95	19.10	19.07	30.88	0.00	0.00
GCC	114	31.28	18.42	19.02	31.28	0.00	0.00
GCC	115	31.18	19.52	18.50	30.80	0.00	0.00
GCC	116	29.83	18.92	20.44	30.80	0.00	0.00
GCC	117	30.40	18.97	19.82	30.80	0.00	0.00
GCC	118	31.13	20.37	18.15	30.35	0.00	0.00
GCC	119	31.35	19.60	18.85	30.20	0.00	0.00
GCC	120	31.18	19.40	18.65	30.78	0.00	0.00
GCC	121	30.83	20.39	18.75	30.03	0.00	0.00
GCC	122	30.08	20.77	19.25	29.91	0.00	0.00
GCC	123	30.03	19.82	20.02	30.13	0.00	0.00
GCC	124	31.15	20.14	18.52	30.18	0.00	0.00
GCC	125	29.81	19.65	19.07	31.48	0.00	0.00
GCC	126	30.80	20.24	19.62	29.33	0.00	0.00
GCC	127	29.96	20.62	18.90	30.53	0.00	0.00
GCC	128	29.86	20.47	18.80	30.88	0.00	0.00
GCC	129	31.15	20.62	18.82	29.41	0.00	0.00
GCC	130	29.91	20.14	19.20	30.75	0.00	0.00
GCC	131	30.40	20.39	18.12	31.08	0.00	0.00
GCC	132	30.95	19.57	19.00	30.48	0.00	0.00
GCC	133	29.11	20.37	19.80	30.73	0.00	0.00
GCC	134	30.73	19.75	19.62	29.91	0.00	0.00
GCC	135	30.40	20.67	19.15	29.78	0.00	0.00
GCC	136	28.81	20.44	19.62	31.13	0.00	0.00
GCC	137	29.96	19.52	19.22	31.30	0.00	0.00
GCC	138	30.65	19.65	18.50	31.20	0.00	0.00
GCC	139	30.63	20.47	18.22	30.68	0.00	0.00
GCC	140	30.78	20.69	18.42	30.10	0.00	0.00
GCC	141	30.63	20.67	18.05	30.65	0.00	0.00
GCC	142	29.91	19.67	18.67	31.75	0.00	0.00
GCC	143	30.93	19.62	18.82	30.63	0.00	0.00
GCC	144	30.48	21.27	19.02	29.23	0.00	0.00
GCC	145	29.38	20.54	18.70	31.38	0.00	0.00
GCC	146	30.45	19.20	19.32	31.03	0.00	0.00
GCC	147	29.88	21.09	18.00	31.03	0.00	0.00
GCC	148	30.93	18.90	19.22	30.95	0.00	0.00
GCC	149	29.68	20.00	19.80	30.53	0.00	0.00
GCC	150	31.58	19.77	18.47	30.18	0.00	0.00
# ACGT content per cycle, read oriented. Use `grep ^GCT | cut -f 2-` to extract this part. The columns are: cycle; A,C,G,T base counts as a percentage of all A/C/G/T bases [%]
GCT	1	31.34	19.20	19.30	30.16
GCT	2	31.05	19.90	18.95	30.10
GCT	3	30.95	18.37	18.82	31.85
GCT	4	31.43	18.80	18.77	31.00
GCT	5	31.15	19.07	19.60	30.18
GCT	6	30.45	19.02	19.67	30.85
GCT	7	30.93	17.92	19.55	31.60
GCT	8	31.05	19.80	19.05	30.10
GCT	9	30.55	20.00	19.25	30.20
GCT	10	30.90	18.55	18.87	31.68
GCT	11	30.48	19.17	19.00	31.35
GCT	12	30.98	19.85	19.65	29.53
GCT	13	31.23	18.97	19.17	30.63
GCT	14	29.76	19.40	19.92	30.93
GCT	15	31.40	19.12	18.25	31.23
GCT	16	30.05	19.57	19.92	30.45
GCT	17	31.10	19.05	19.37	30.48
GCT	18	30.83	18.77	20.12	30.28
GCT	19	30.45	19.97	19.12	30.45
GCT	20	32.20	18.70	18.20	30.90
GCT	21	31.05	18.87	18.55	31.53
GCT	22	31.10	19.50	19.30	30.10
GCT	23	29.46	19.82	19.17	31.55
GCT	24	29.11	20.44	18.85	31.60
GCT	25	31.78	19.15	19.30	29.78
GCT	26	30.13	19.35	19.77	30.75
GCT	27	31.18	19.45	19.35	30.03
GCT	28	30.58	19.25	19.22	30.95
GCT	29	30.95	19.57	19.17	30.30
GCT	30	29.21	18.87	19.87	32.05
GCT	31	30.43	19.05	20.09	30.43
GCT	32	30.48	19.47	19.57	30.48
GCT	33	32.28	18.42	19.37	29.93
GCT	34	31.25	19.90	18.87	29.98
GCT	35	32.40	18.32	19.57	29.71
GCT	36	31.85	18.80	19.20	30.15
GCT	37	31.63	19.97	19.30	29.11
GCT	38	31.50	20.29	18.40	29.81
GCT	39	32.23	19.15	19.57	29.06
GCT	40	31.58	18.52	18.97	30.93
GCT	41	31.25	18.95	19.37	30.43
GCT	42	29.83	19.85	19.85	30.48
GCT	43	30.35	18.35	20.44	30.85
GCT	44	29.78	20.02	19.22	30.98
GCT	45	31.63	19.45	18.82	30.10
GCT	46	31.38	19.45	18.87	30.30
GCT	47	31.00	20.00	18.55	30.45
GCT	48	31.40	19.15	18.97	30.48
GCT	49	30.58	18.90	19.22	31.30
GCT	50	30.53	18.67	20.17	30.63
GCT	51	30.78	19.27	19.65	30.30
GCT	52	31.73	19.00	19.05	30.23
GCT	53	29.98	20.44	19.05	30.53
GCT	54	31.05	18.97	19.30	30.68
GCT	55	30.73	19.72	19.45	30.10
GCT	56	31.88	19.70	18.52	29.91
GCT	57	30.20	19.92	19.37	30.50
GCT	58	30.43	20.37	18.52	30.68
GCT	59	30.85	19.77	19.82	29.56
GCT	60	30.65	19.47	20.04	29.83
GCT	61	31.38	18.67	20.00	29.96
GCT	62	30.00	20.14	18.67	31.18
GCT	63	29.66	19.15	21.12	30.08
GCT	64	31.10	19.00	19.50	30.40
GCT	65	31.65	18.57	20.02	29.76
GCT	66	29.61	19.50	20.77	30.13
GCT	67	30.40	20.62	19.20	29.78
GCT	68	30.80	19.50	19.85	29.86
GCT	69	31.08	19.20	18.50	31.23
GCT	70	30.18	19.60	20.09	30.13
GCT	71	30.20	19.97	19.65	30.18
GCT	72	30.80	19.92	19.45	29.83
GCT	73	30.70	18.70	20.54	30.05
GCT	74	30.93	19.72	20.09	29.26
GCT	75	29.98	19.57	20.67	29.78
GCT	76	30.53	19.27	18.42	31.78
GCT	77	30.90	19.37	19.22	30.50
GCT	78	31.60	18.90	19.15	30.35
GCT	79	31.55	19.10	19.25	30.10
GCT	80	30.78	19.87	19.77	29.58
GCT	81	29.96	21.12	19.60	29.33
GCT	82	30.60	19.77	19.10	30.53
GCT	83	31.20	19.65	19.75	29.41
GCT	84	31.73	19.17	19.60	29.51
GCT	85	30.18	19.97	19.82	30.03
GCT	86	30.40	19.90	19.75	29.96
GCT	87	30.70	20.27	19.55	29.48
GCT	88	32.05	19.02	19.22	29.71
GCT	89	29.03	19.60	19.80	31.58
GCT	90	32.00	18.97	19.05	29.98
GCT	91	29.68	20.02	19.42	30.88
GCT	92	31.00	19.77	19.42	29.81
GCT	93	29.61	19.42	19.70	31.28
GCT	94	30.00	19.75	20.04	30.20
GCT	95	30.95	19.95	19.25	29.86
GCT	96	32.90	18.95	18.25	29.91
GCT	97	30.88	18.75	19.67	30.70
GCT	98	31.05	19.45	19.07	30.43
GCT	99	30.95	19.00	19.02	31.03
GCT	100	29.11	20.19	18.65	32.05
GCT	101	31.30	18.50	19.17	31.03
GCT	102	30.08	20.37	19.52	30.03
GCT	103	31.43	18.52	19.30	30.75
GCT	104	30.98	18.95	19.95	30.13
GCT	105	30.40	19.70	18.70	31.20
GCT	106	30.93	19.37	19.15	30.55
GCT	107	31.20	18.95	19.10	30.75
GCT	108	31.15	19.47	18.90	30.48
GCT	109	29.78	20.17	19.10	30.95
GCT	110	30.50	20.19	18.10	31.20
GCT	111	30.58	20.04	19.80	29.58
GCT	112	30.68	19.35	19.82	30.15
GCT	113	31.60	18.92	19.25	30.23
GCT	114	30.73	17.50	19.95	31.83
GCT	115	31.50	18.92	19.10	30.48
GCT	116	30.35	18.62	20.74	30.28
GCT	117	31.55	19.90	18.90	29.66
GCT	118	30.65	19.17	19.35	30.83
GCT	119	30.50	19.92	18.52	31.05
GCT	120	31.25	18.50	19.55	30.70
GCT	121	30.38	19.17	19.97	30.48
GCT	122	30.50	19.82	20.19	29.48
GCT	123	30.55	19.37	20.47	29.61
GCT	124	31.53	18.85	19.82	29.81
GCT	125	30.98	19.60	19.12	30.30
GCT	126	30.28	19.55	20.32	29.86
GCT	127	29.06	19.45	20.07	31.43
GCT	128	30.15	19.40	19.87	30.58
GCT	129	30.05	19.50	19.95	30.50
GCT	130	31.13	21.24	18.10	29.53
GCT	131	30.90	18.77	19.75	30.58
GCT	132	30.65	19.45	19.12	30.78
GCT	133	29.53	20.32	19.85	30.30
GCT	134	30.33	18.72	20.64	30.30
GCT	135	30.60	20.34	19.47	29.58
GCT	136	28.83	19.75	20.32	31.10
GCT	137	30.78	18.87	19.87	30.48
GCT	138	30.50	18.92	19.22	31.35
GCT	139	30.88	19.10	19.60	30.43
GCT	140	29.66	19.30	19.82	31.23
GCT	141	29.28	19.60	19.12	32.00
GCT	142	30.03	19.52	18.82	31.63
GCT	143	31.03	19.55	18.90	30.53
GCT	144	30.75	19.92	20.37	28.96
GCT	145	30.55	19.40	19.85	30.20
GCT	146	29.78	20.04	18.47	31.70
GCT	147	30.55	19.40	19.70	30.35
GCT	148	30.50	19.00	19.12	31.38
GCT	149	30.90	19.90	19.90	29.31
GCT	150	31.13	19.10	19.15	30.63
# ACGT content per cycle for first fragments. Use `grep ^FBC | cut -f 2-` to extract this part. The columns are: cycle; A,C,G,T base counts as a percentage of all A/C/G/T bases [%]; and N and O counts as a percentage of all A/C/G/T bases [%]
FBC	1	29.72	19.78	18.63	31.87	0.05	0.00
FBC	2	29.71	20.77	18.87	30.65	0.00	0.00
FBC	3	30.85	19.77	17.67	31.70	0.00	0.00
FBC	4	31.15	19.57	18.02	31.25	0.00	0.00
FBC	5	31.35	20.02	18.27	30.35	0.00	0.00
FBC	6	30.60	19.82	20.22	29.36	0.00	0.00
FBC	7	30.80	19.17	18.52	31.50	0.00	0.00
FBC	8	30.40	20.67	18.87	30.05	0.00	0.00
FBC	9	28.71	20.47	19.02	31.80	0.00	0.00
FBC	10	31.95	19.12	18.12	30.80	0.00	0.00
FBC	11	29.01	20.32	19.07	31.60	0.00	0.00
FBC	12	31.15	19.87	19.17	29.81	0.00	0.00
FBC	13	32.35	19.82	19.77	28.06	0.00	0.00
FBC	14	30.30	20.22	19.72	29.76	0.00	0.00
FBC	15	30.95	19.22	17.62	32.20	0.00	0.00
FBC	16	29.41	20.52	18.57	31.50	0.00	0.00
FBC	17	28.46	18.47	19.12	33.95	0.00	0.00
FBC	18	30.20	19.87	20.37	29.56	0.00	0.00
FBC	19	28.46	20.92	18.07	32.55	0.00	0.00
FBC	20	31.75	19.82	16.33	32.10	0.00	0.00
FBC	21	30.00	19.92	17.97	32.10	0.00	0.00
FBC	22	29.81	19.37	19.42	31.40	0.00	0.00
FBC	23	29.56	20.77	19.27	30.40	0.00	0.00
FBC	24	30.75	20.42	19.27	29.56	0.00	0.00
FBC	25	30.15	19.07	18.47	32.30	0.00	0.00
FBC	26	31.05	19.22	19.12	30.60	0.00	0.00
FBC	27	29.61	21.82	17.92	30.65	0.00	0.00
FBC	28	31.20	20.27	18.77	29.76	0.00	0.00
FBC	29	29.01	20.52	19.07	31.40	0.00	0.00
FBC	30	28.66	20.42	18.87	32.05	0.00	0.00
FBC	31	29.66	21.22	18.42	30.70	0.00	0.00
FBC	32	29.01	19.22	19.47	32.30	0.00	0.00
FBC	33	31.10	18.72	18.17	32.00	0.00	0.00
FBC	34	30.90	20.47	18.72	29.91	0.00	0.00
FBC	35	32.20	18.17	20.17	29.46	0.00	0.00
FBC	36	29.91	19.62	18.67	31.80	0.00	0.00
FBC	37	28.66	21.22	17.87	32.25	0.00	0.00
FBC	38	31.70	19.12	19.62	29.56	0.00	0.00
FBC	39	31.00	20.72	17.77	30.50	0.00	0.00
FBC	40	31.65	19.27	18.37	30.70	0.00	0.00
FBC	41	29.31	19.47	19.12	32.10	0.00	0.00
FBC	42	29.36	19.67	20.32	30.65	0.00	0.00
FBC	43	30.90	19.52	20.37	29.21	0.00	0.00
FBC	44	29.36	19.77	19.72	31.15	0.00	0.00
FBC	45	31.05	19.82	19.27	29.86	0.00	0.00
FBC	46	28.36	19.67	19.27	32.70	0.00	0.00
FBC	47	29.71	20.82	18.87	30.60	0.00	0.00
FBC	48	29.91	19.67	18.52	31.90	0.00	0.00
FBC	49	30.50	19.42	18.02	32.05	0.00	0.00
FBC	50	31.10	19.17	20.47	29.26	0.00	0.00
FBC	51	29.66	20.02	18.72	31.60	0.00	0.00
FBC	52	30.65	19.07	18.72	31.55	0.00	0.00
FBC	53	30.95	19.62	20.57	28.86	0.00	0.00
FBC	54	30.35	19.07	18.67	31.90	0.00	0.00
FBC	55	28.91	19.62	19.92	31.55	0.00	0.00
FBC	56	31.05	19.47	19.57	29.91	0.00	0.00
FBC	57	30.00	20.87	18.87	30.25	0.00	0.00
FBC	58	28.56	20.27	19.87	31.30	0.00	0.00
FBC	59	29.06	21.37	18.52	31.05	0.00	0.00
FBC	60	29.31	18.82	18.97	32.90	0.00	0.00
FBC	61	30.05	20.52	19.27	30.15	0.00	0.00
FBC	62	30.50	20.27	18.47	30.75	0.00	0.00
FBC	63	28.41	19.32	19.67	32.60	0.00	0.00
FBC	64	29.86	20.17	19.22	30.75	0.00	0.00
FBC	65	29.16	19.22	20.02	31.60	0.00	0.00
FBC	66	27.66	20.57	21.07	30.70	0.00	0.00
FBC	67	30.80	20.42	19.67	29.11	0.00	0.00
FBC	68	30.25	18.57	19.77	31.40	0.00	0.00
FBC	69	30.65	18.87	18.72	31.75	0.00	0.00
FBC	70	30.70	19.42	19.92	29.96	0.00	0.00
FBC	71	29.26	20.77	18.77	31.20	0.00	0.00
FBC	72	28.36	18.72	21.12	31.80	0.00	0.00
FBC	73	30.70	20.77	18.57	29.96	0.00	0.00
FBC	74	30.00	20.27	18.07	31.65	0.00	0.00
FBC	75	31.20	20.12	19.42	29.26	0.00	0.00
FBC	76	31.45	17.97	19.87	30.70	0.00	0.00
FBC	77	31.05	19.02	20.72	29.21	0.00	0.00
FBC	78	31.65	19.02	19.72	29.61	0.00	0.00
FBC	79	32.65	18.07	19.82	29.46	0.00	0.00
FBC	80	29.16	20.97	19.97	29.91	0.00	0.00
FBC	81	29.86	20.97	19.32	29.86	0.00	0.00
FBC	82	29.96	20.47	18.72	30.85	0.00	0.00
FBC	83	31.35	19.92	18.82	29.91	0.00	0.00
FBC	84	31.30	18.82	20.62	29.26	0.00	0.00
FBC	85	30.75	19.27	19.22	30.75	0.00	0.00
FBC	86	30.30	19.67	19.92	30.10	0.00	0.00
FBC	87	28.01	20.27	21.22	30.50	0.00	0.00
FBC	88	30.40	20.92	17.97	30.70	0.00	0.00
FBC	89	29.16	21.02	19.47	30.35	0.00	0.00
FBC	90	31.15	21.47	17.17	30.20	0.00	0.00
FBC	91	31.00	20.12	19.77	29.11	0.00	0.00
FBC	92	30.10	21.47	17.92	30.50	0.00	0.00
FBC	93	30.20	19.97	19.77	30.05	0.00	0.00
FBC	94	30.20	20.72	19.42	29.66	0.00	0.00
FBC	95	30.15	20.72	18.47	30.65	0.00	0.00
FBC	96	31.25	19.17	16.82	32.75	0.00	0.00
FBC	97	30.05	21.62	17.82	30.50	0.00	0.00
FBC	98	30.40	20.57	18.47	30.55	0.00	0.00
FBC	99	29.31	19.52	18.72	32.45	0.00	0.00
FBC	100	31.25	18.67	19.62	30.45	0.00	0.00
FBC	101	29.66	19.52	18.27	32.55	0.00	0.00
FBC	102	29.96	21.42	19.57	29.06	0.00	0.00
FBC	103	31.15	19.47	17.87	31.50	0.00	0.00
FBC	104	30.65	20.12	18.27	30.95	0.00	0.00
FBC	105	30.95	19.07	19.12	30.85	0.00	0.00
FBC	106	30.30	19.62	19.57	30.50	0.00	0.00
FBC	107	31.10	18.17	19.97	30.75	0.00	0.00
FBC	108	31.55	19.87	17.32	31.25	0.00	0.00
FBC	109	30.15	20.22	18.37	31.25	0.00	0.00
FBC	110	29.41	17.97	20.42	32.20	0.00	0.00
FBC	111	30.65	19.67	18.67	31.00	0.00	0.00
FBC	112	29.31	18.62	19.67	32.40	0.00	0.00
FBC	113	30.15	19.37	18.12	32.35	0.00	0.00
FBC	114	31.45	17.82	18.87	31.85	0.00	0.00
FBC	115	30.70	19.12	18.32	31.85	0.00	0.00
FBC	116	29.11	19.72	21.52	29.66	0.00	0.00
FBC	117	30.65	18.57	20.07	30.70	0.00	0.00
FBC	118	30.30	21.17	17.77	30.75	0.00	0.00
FBC	119	32.35	20.02	18.17	29.46	0.00	0.00
FBC	120	30.65	19.57	18.92	30.85	0.00	0.00
FBC	121	30.70	20.27	18.17	30.85	0.00	0.00
FBC	122	30.85	19.97	18.67	30.50	0.00	0.00
FBC	123	28.81	19.32	20.87	31.00	0.00	0.00
FBC	124	32.00	19.72	17.87	30.40	0.00	0.00
FBC	125	30.05	19.52	19.72	30.70	0.00	0.00
FBC	126	31.45	19.32	20.12	29.11	0.00	0.00
FBC	127	30.55	20.72	19.67	29.06	0.00	0.00
FBC	128	29.61	19.92	18.67	31.80	0.00	0.00
FBC	129	31.00	20.47	18.52	30.00	0.00	0.00
FBC	130	30.10	20.47	18.77	30.65	0.00	0.00
FBC	131	30.35	20.57	18.77	30.30	0.00	0.00
FBC	132	32.15	19.87	18.87	29.11	0.00	0.00
FBC	133	28.86	21.12	20.17	29.86	0.00	0.00
FBC	134	31.45	19.02	19.32	30.20	0.00	0.00
FBC	135	29.96	20.42	19.17	30.45	0.00	0.00
FBC	136	28.96	20.02	20.27	30.75	0.00	0.00
FBC	137	29.16	20.62	18.82	31.40	0.00	0.00
FBC	138	30.55	19.47	18.97	31.00	0.00	0.00
FBC	139	30.40	20.82	18.47	30.30	0.00	0.00
FBC	140	30.05	21.12	18.87	29.96	0.00	0.00
FBC	141	32.20	19.27	16.48	32.05	0.00	0.00
FBC	142	29.66	20.52	19.37	30.45	0.00	0.00
FBC	143	30.70	20.22	18.12	30.95	0.00	0.00
FBC	144	30.30	21.42	17.97	30.30	0.00	0.00
FBC	145	29.46	19.82	19.07	31.65	0.00	0.00
FBC	146	30.95	20.02	18.87	30.15	0.00	0.00
FBC	147	31.75	20.52	17.92	29.81	0.00	0.00
FBC	148	32.50	18.82	18.02	30.65	0.00	0.00
FBC	149	30.50	19.87	19.67	29.96	0.00	0.00
FBC	150	32.20	19.97	16.72	31.10	0.00	0.00
# ACGT raw counters for first fragments. Use `grep ^FTC | cut -f 2-` to extract this part. The columns are: A,C,G,T,N base counters
FTC	91100	59763	57103	92483	1
# ACGT content per cycle for last fragments. Use `grep ^LBC | cut -f 2-` to extract this part. The columns are: cycle; A,C,G,T base counts as a percentage of all A/C/G/T bases [%]; and N and O counts as a percentage of all A/C/G/T bases [%]
LBC	1	29.91	19.12	19.47	31.50	0.00	0.00
LBC	2	29.31	18.47	19.57	32.65	0.00	0.00
LBC	3	31.45	19.02	17.92	31.60	0.00	0.00
LBC	4	30.60	19.47	18.07	31.85	0.00	0.00
LBC	5	29.81	20.32	18.72	31.15	0.00	0.00
LBC	6	31.80	19.77	17.57	30.85	0.00	0.00
LBC	7	30.80	18.27	18.97	31.95	0.00	0.00
LBC	8	29.66	19.72	18.42	32.20	0.00	0.00
LBC	9	30.55	20.42	18.57	30.45	0.00	0.00
LBC	10	31.20	19.37	18.22	31.20	0.00	0.00
LBC	11	31.30	19.12	17.82	31.75	0.00	0.00
LBC	12	29.41	18.67	21.27	30.65	0.00	0.00
LBC	13	31.45	18.72	17.97	31.85	0.00	0.00
LBC	14	31.30	20.62	18.07	30.00	0.00	0.00
LBC	15	31.75	19.17	18.72	30.35	0.00	0.00
LBC	16	30.70	20.27	19.62	29.41	0.00	0.00
LBC	17	31.60	20.62	18.62	29.16	0.00	0.00
LBC	18	31.50	18.27	19.27	30.95	0.00	0.00
LBC	19	30.30	20.92	18.27	30.50	0.00	0.00
LBC	20	31.35	20.72	16.92	31.00	0.00	0.00
LBC	21	31.40	18.37	18.57	31.65	0.00	0.00
LBC	22	30.90	20.87	17.92	30.30	0.00	0.00
LBC	23	31.35	19.92	18.02	30.70	0.00	0.00
LBC	24	30.30	20.77	18.12	30.80	0.00	0.00
LBC	25	29.56	20.12	19.22	31.10	0.00	0.00
LBC	26	30.50	19.72	20.17	29.61	0.00	0.00
LBC	27	30.85	20.12	17.72	31.30	0.00	0.00
LBC	28	30.75	19.37	18.52	31.35	0.00	0.00
LBC	29	29.86	19.92	17.97	32.25	0.00	0.00
LBC	30	30.70	20.52	17.67	31.10	0.00	0.00
LBC	31	30.35	20.87	17.77	31.00	0.00	0.00
LBC	32	31.70	19.52	19.87	28.91	0.00	0.00
LBC	33	30.70	19.22	19.47	30.60	0.00	0.00
LBC	34	30.50	21.27	17.07	31.15	0.00	0.00
LBC	35	32.65	19.17	18.27	29.91	0.00	0.00
LBC	36	30.95	18.77	18.92	31.35	0.00	0.00
LBC	37	30.70	20.67	18.77	29.86	0.00	0.00
LBC	38	31.60	19.72	18.92	29.76	0.00	0.00
LBC	39	30.35	20.72	18.22	30.70	0.00	0.00
LBC	40	31.70	20.02	17.32	30.95	0.00	0.00
LBC	41	30.90	19.67	18.37	31.05	0.00	0.00
LBC	42	30.15	20.42	18.97	30.45	0.00	0.00
LBC	43	30.80	18.72	18.97	31.50	0.00	0.00
LBC	44	30.30	19.92	19.07	30.70	0.00	0.00
LBC	45	31.30	19.62	17.82	31.25	0.00	0.00
LBC	46	30.80	19.17	18.52	31.50	0.00	0.00
LBC	47	30.10	19.92	17.47	32.50	0.00	0.00
LBC	48	30.55	19.32	18.72	31.40	0.00	0.00
LBC	49	31.40	20.87	17.92	29.81	0.00	0.00
LBC	50	31.35	20.32	17.72	30.60	0.00	0.00
LBC	51	30.40	20.57	18.52	30.50	0.00	0.00
LBC	52	29.81	18.77	19.52	31.90	0.00	0.00
LBC	53	30.10	19.92	18.87	31.10	0.00	0.00
LBC	54	30.10	19.97	18.82	31.10	0.00	0.00
LBC	55	30.90	19.52	19.27	30.30	0.00	0.00
LBC	56	31.35	21.02	16.38	31.25	0.00	0.00
LBC	57	29.76	18.77	20.07	31.40	0.00	0.00
LBC	58	32.05	18.27	19.37	30.30	0.00	0.00
LBC	59	31.15	20.02	19.27	29.56	0.00	0.00
LBC	60	29.76	21.42	19.82	29.01	0.00	0.00
LBC	61	30.95	19.32	18.22	31.50	0.00	0.00
LBC	62	31.75	19.52	19.37	29.36	0.00	0.00
LBC	63	29.21	21.42	20.12	29.26	0.00	0.00
LBC	64	30.45	18.57	19.02	31.95	0.00	0.00
LBC	65	29.46	19.27	18.67	32.60	0.00	0.00
LBC	66	30.80	20.22	18.67	30.30	0.00	0.00
LBC	67	30.05	20.62	18.92	30.40	0.00	0.00
LBC	68	31.50	21.02	19.32	28.16	0.00	0.00
LBC	69	29.31	20.37	17.42	32.90	0.00	0.00
LBC	70	31.35	20.52	19.52	28.61	0.00	0.00
LBC	71	29.61	21.17	18.52	30.70	0.00	0.00
LBC	72	30.35	19.47	19.42	30.75	0.00	0.00
LBC	73	30.00	20.67	18.47	30.85	0.00	0.00
LBC	74	29.11	20.87	20.42	29.61	0.00	0.00
LBC	75	28.81	20.42	20.52	30.25	0.00	0.00
LBC	76	29.81	19.12	18.42	32.65	0.00	0.00
LBC	77	29.91	19.72	17.72	32.65	0.00	0.00
LBC	78	31.50	20.27	17.07	31.15	0.00	0.00
LBC	79	29.51	18.72	20.07	31.70	0.00	0.00
LBC	80	30.25	20.67	17.67	31.40	0.00	0.00
LBC	81	28.41	20.57	20.57	30.45	0.00	0.00
LBC	82	31.90	19.97	18.57	29.56	0.00	0.00
LBC	83	29.06	20.72	19.32	30.90	0.00	0.00
LBC	84	30.55	18.27	19.82	31.35	0.00	0.00
LBC	85	28.41	20.82	20.27	30.50	0.00	0.00
LBC	86	28.81	20.27	19.42	31.50	0.00	0.00
LBC	87	32.60	18.72	19.42	29.26	0.00	0.00
LBC	88	30.70	18.97	18.62	31.70	0.00	0.00
LBC	89	30.80	18.72	19.57	30.90	0.00	0.00
LBC	90	31.40	19.37	18.02	31.20	0.00	0.00
LBC	91	30.25	20.27	18.72	30.75	0.00	0.00
LBC	92	30.15	19.77	19.22	30.85	0.00	0.00
LBC	93	30.25	19.87	18.62	31.25	0.00	0.00
LBC	94	30.80	20.82	18.62	29.76	0.00	0.00
LBC	95	29.91	19.87	19.32	30.90	0.00	0.00
LBC	96	30.55	19.87	18.52	31.05	0.00	0.00
LBC	97	30.45	19.37	18.02	32.15	0.00	0.00
LBC	98	28.66	20.22	17.77	33.35	0.00	0.00
LBC	99	31.65	19.47	18.32	30.55	0.00	0.00
LBC	100	29.81	19.22	20.17	30.80	0.00	0.00
LBC	101	29.86	18.32	19.22	32.60	0.00	0.00
LBC	102	31.05	20.22	18.57	30.15	0.00	0.00
LBC	103	30.00	18.92	19.37	31.70	0.00	0.00
LBC	104	30.75	19.47	19.92	29.86	0.00	0.00
LBC	105	30.80	19.92	18.67	30.60	0.00	0.00
LBC	106	30.40	19.92	17.92	31.75	0.00	0.00
LBC	107	31.45	19.82	18.12	30.60	0.00	0.00
LBC	108	30.75	20.42	19.12	29.71	0.00	0.00
LBC	109	30.90	20.27	19.67	29.16	0.00	0.00
LBC	110	31.25	19.52	18.67	30.55	0.00	0.00
LBC	111	29.51	19.67	21.67	29.16	0.00	0.00
LBC	112	32.20	20.57	19.47	27.76	0.00	0.00
LBC	113	31.75	18.82	20.02	29.41	0.00	0.00
LBC	114	31.10	19.02	19.17	30.70	0.00	0.00
LBC	115	31.65	19.92	18.67	29.76	0.00	0.00
LBC	116	30.55	18.12	19.37	31.95	0.00	0.00
LBC	117	30.15	19.37	19.57	30.90	0.00	0.00
LBC	118	31.95	19.57	18.52	29.96	0.00	0.00
LBC	119	30.35	19.17	19.52	30.95	0.00	0.00
LBC	120	31.70	19.22	18.37	30.70	0.00	0.00
LBC	121	30.95	20.52	19.32	29.21	0.00	0.00
LBC	122	29.31	21.57	19.82	29.31	0.00	0.00
LBC	123	31.25	20.32	19.17	29.26	0.00	0.00
LBC	124	30.30	20.57	19.17	29.96	0.00	0.00
LBC	125	29.56	19.77	18.42	32.25	0.00	0.00
LBC	126	30.15	21.17	19.12	29.56	0.00	0.00
LBC	127	29.36	20.52	18.12	32.00	0.00	0.00
LBC	128	30.10	21.02	18.92	29.96	0.00	0.00
LBC	129	31.30	20.77	19.12	28.81	0.00	0.00
LBC	130	29.71	19.82	19.62	30.85	0.00	0.00
LBC	131	30.45	20.22	17.47	31.85	0.00	0.00
LBC	132	29.76	19.27	19.12	31.85	0.00	0.00
LBC	133	29.36	19.62	19.42	31.60	0.00	0.00
LBC	134	30.00	20.47	19.92	29.61	0.00	0.00
LBC	135	30.85	20.92	19.12	29.11	0.00	0.00
LBC	136	28.66	20.87	18.97	31.50	0.00	0.00
LBC	137	30.75	18.42	19.62	31.20	0.00	0.00
LBC	138	30.75	19.82	18.02	31.40	0.00	0.00
LBC	139	30.85	20.12	17.97	31.05	0.00	0.00
LBC	140	31.50	20.27	17.97	30.25	0.00	0.00
LBC	141	29.06	22.07	19.62	29.26	0.00	0.00
LBC	142	30.15	18.82	17.97	33.05	0.00	0.00
LBC	143	31.15	19.02	19.52	30.30	0.00	0.00
LBC	144	30.65	21.12	20.07	28.16	0.00	0.00
LBC	145	29.31	21.27	18.32	31.10	0.00	0.00
LBC	146	29.96	18.37	19.77	31.90	0.00	0.00
LBC	147	28.01	21.67	18.07	32.25	0.00	0.00
LBC	148	29.36	18.97	20.42	31.25	0.00	0.00
LBC	149	28.86	20.12	19.92	31.10	0.00	0.00
LBC	150	30.95	19.57	20.22	29.26	0.00	0.00
# ACGT raw counters for last fragments. Use `grep ^LTC | cut -f 2-` to extract this part. The columns are: A,C,G,T,N base counters
LTC	91651	59716	56657	92426	0
# Insert sizes. Use `grep ^IS | cut -f 2-` to extract this part. The columns are: insert size, pairs total, inward oriented pairs, outward oriented pairs, other pairs
IS	0	0	0	0	0
IS	1	0	0	0	0
IS	2	0	0	0	0
IS	3	0	0	0	0
IS	4	0	0	0	0
IS	5	0	0	0	0
IS	6	0	0	0	0
IS	7	0	0	0	0
IS	8	0	0	0	0
IS	9	0	0	0	0
IS	10	0	0	0	0
IS	11	0	0	0	0
IS	12	0	0	0	0
IS	13	0	0	0	0
IS	14	0	0	0	0
IS	15	0	0	0	0
IS	16	0	0	0	0
IS	17	0	0	0	0
IS	18	0	0	0	0
IS	19	0	0	0	0
IS	20	0	0	0	0
IS	21	0	0	0	0
IS	22	0	0	0	0
IS	23	0	0	0	0
IS	24	0	0	0	0
IS	25	0	0	0	0
IS	26	0	0	0	0
IS	27	0	0	0	0
IS	28	0	0	0	0
IS	29	0	0	0	0
IS	30	0	0	0	0
IS	31	0	0	0	0
IS	32	0	0	0	0
IS	33	0	0	0	0
IS	34	0	0	0	0
IS	35	0	0	0	0
IS	36	0	0	0	0
IS	37	0	0	0	0
IS	38	0	0	0	0
IS	39	0	0	0	0
IS	40	0	0	0	0
IS	41	0	0	0	0
IS	42	0	0	0	0
IS	43	0	0	0	0
IS	44	0	0	0	0
IS	45	0	0	0	0
IS	46	0	0	0	0
IS	47	0	0	0	0
IS	48	0	0	0	0
IS	49	0	0	0	0
IS	50	0	0	0	0
IS	51	0	0	0	0
IS	52	0	0	0	0
IS	53	0	0	0	0
IS	54	0	0	0	0
IS	55	0	0	0	0
IS	56	0	0	0	0
IS	57	0	0	0	0
IS	58	0	0	0	0
IS	59	0	0	0	0
IS	60	0	0	0	0
IS	61	0	0	0	0
IS	62	0	0	0	0
IS	63	0	0	0	0
IS	64	0	0	0	0
IS	65	0	0	0	0
IS	66	0	0	0	0
IS	67	0	0	0	0
IS	68	0	0	0	0
IS	69	0	0	0	0
IS	70	0	0	0	0
IS	71	0	0	0	0
IS	72	0	0	0	0
IS	73	0	0	0	0
IS	74	0	0	0	0
IS	75	0	0	0	0
IS	76	0	0	0	0
IS	77	0	0	0	0
IS	78	0	0	0	0
IS	79	0	0	0	0
IS	80	0	0	0	0
IS	81	0	0	0	0
IS	82	0	0	0	0
IS	83	0	0	0	0
IS	84	0	0	0	0
IS	85	0	0	0	0
IS	86	0	0	0	0
IS	87	0	0	0	0
IS	88	0	0	0	0
IS	89	0	0	0	0
IS	90	0	0	0	0
IS	91	0	0	0	0
IS	92	0	0	0	0
IS	93	0	0	0	0
IS	94	0	0	0	0
IS	95	0	0	0	0
IS	96	0	0	0	0
IS	97	0	0	0	0
IS	98	0	0	0	0
IS	99	0	0	0	0
IS	100	0	0	0	0
IS	101	0	0	0	0
IS	102	0	0	0	0
IS	103	0	0	0	0
IS	104	0	0	0	0
IS	105	0	0	0	0
IS	106	0	0	0	0
IS	107	0	0	0	0
IS	108	0	0	0	0
IS	109	0	0	0	0
IS	110	0	0	0	0
IS	111	0	0	0	0
IS	112	0	0	0	0
IS	113	0	0	0	0
IS	114	0	0	0	0
IS	115	0	0	0	0
IS	116	0	0	0	0
IS	117	0	0	0	0
IS	118	0	0	0	0
IS	119	0	0	0	0
IS	120	0	0	0	0
IS	121	0	0	0	0
IS	122	0	0	0	0
IS	123	0	0	0	0
IS	124	0	0	0	0
IS	125	0	0	0	0
IS	126	0	0	0	0
IS	127	0	0	0	0
IS	128	0	0	0	0
IS	129	0	0	0	0
IS	130	0	0	0	0
IS	131	0	0	0	0
IS	132	0	0	0	0
IS	133	0	0	0	0
IS	134	0	0	0	0
IS	135	0	0	0	0
IS	136	0	0	0	0
IS	137	0	0	0	0
IS	138	0	0	0	0
IS	139	0	0	0	0
IS	140	0	0	0	0
IS	141	0	0	0	0
IS	142	0	0	0	0
IS	143	0	0	0	0
IS	144	0	0	0	0
IS	145	0	0	0	0
IS	146	0	0	0	0
IS	147	0	0	0	0
IS	148	0	0	0	0
IS	149	0	0	0	0
IS	150	0	0	0	0
IS	151	0	0	0	0
IS	152	0	0	0	0
IS	153	0	0	0	0
IS	154	0	0	0	0
IS	155	0	0	0	0
IS	156	0	0	0	0
IS	157	0	0	0	0
IS	158	0	0	0	0
IS	159	0	0	0	0
IS	160	0	0	0	0
IS	161	0	0	0	0
IS	162	0	0	0	0
IS	163	0	0	0	0
IS	164	0	0	0	0
IS	165	0	0	0	0
IS	166	0	0	0	0
IS	167	0	0	0	0
IS	168	0	0	0	0
IS	169	0	0	0	0
IS	170	0	0	0	0
IS	171	0	0	0	0
IS	172	0	0	0	0
IS	173	0	0	0	0
IS	174	0	0	0	0
IS	175	0	0	0	0
IS	176	0	0	0	0
IS	177	0	0	0	0
IS	178	0	0	0	0
IS	179	0	0	0	0
IS	180	0	0	0	0
IS	181	0	0	0	0
IS	182	0	0	0	0
IS	183	0	0	0	0
IS	184	0	0	0	0
IS	185	0	0	0	0
IS	186	0	0	0	0
IS	187	0	0	0	0
IS	188	0	0	0	0
IS	189	0	0	0	0
IS	190	0	0	0	0
IS	191	0	0	0	0
IS	192	0	0	0	0
IS	193	0	0	0	0
IS	194	0	0	0	0
IS	195	0	0	0	0
IS	196	0	0	0	0
IS	197	0	0	0	0
IS	198	0	0	0	0
IS	199	0	0	0	0
IS	200	0	0	0	0
IS	201	0	0	0	0
IS	202	0	0	0	0
IS	203	0	0	0	0
IS	204	0	0	0	0
IS	205	0	0	0	0
IS	206	0	0	0	0
IS	207	0	0	0	0
IS	208	0	0	0	0
IS	209	0	0	0	0
IS	210	0	0	0	0
IS	211	0	0	0	0
IS	212	0	0	0	0
IS	213	0	0	0	0
IS	214	0	0	0	0
IS	215	0	0	0	0
IS	216	0	0	0	0
IS	217	0	0	0	0
IS	218	0	0	0	0
IS	219	0	0	0	0
IS	220	0	0	0	0
IS	221	0	0	0	0
IS	222	0	0	0	0
IS	223	0	0	0	0
IS	224	0	0	0	0
IS	225	0	0	0	0
IS	226	0	0	0	0
IS	227	0	0	0	0
IS	228	0	0	0	0
IS	229	0	0	0	0
IS	230	0	0	0	0
IS	231	0	0	0	0
IS	232	0	0	0	0
IS	233	0	0	0	0
IS	234	0	0	0	0
IS	235	0	0	0	0
IS	236	0	0	0	0
IS	237	0	0	0	0
IS	238	0	0	0	0
IS	239	0	0	0	0
IS	240	0	0	0	0
IS	241	0	0	0	0
IS	242	0	0	0	0
IS	243	0	0	0	0
IS	244	0	0	0	0
IS	245	0	0	0	0
IS	246	0	0	0	0
IS	247	0	0	0	0
IS	248	0	0	0	0
IS	249	0	0	0	0
IS	250	0	0	0	0
IS	251	0	0	0	0
IS	252	0	0	0	0
IS	253	0	0	0	0
IS	254	0	0	0	0
IS	255	0	0	0	0
IS	256	0	0	0	0
IS	257	0	0	0	0
IS	258	0	0	0	0
IS	259	0	0	0	0
IS	260	0	0	0	0
IS	261	0	0	0	0
IS	262	0	0	0	0
IS	263	0	0	0	0
IS	264	0	0	0	0
IS	265	0	0	0	0
IS	266	0	0	0	0
IS	267	0	0	0	0
IS	268	0	0	0	0
IS	269	0	0	0	0
IS	270	0	0	0	0
IS	271	0	0	0	0
IS	272	0	0	0	0
IS	273	0	0	0	0
IS	274	0	0	0	0
IS	275	0	0	0	0
IS	276	0	0	0	0
IS	277	0	0	0	0
IS	278	0	0	0	0
IS	279	0	0	0	0
IS	280	0	0	0	0
IS	281	0	0	0	0
IS	282	0	0	0	0
IS	283	0	0	0	0
IS	284	0	0	0	0
IS	285	0	0	0	0
IS	286	0	0	0	0
IS	287	0	0	0	0
IS	288	0	0	0	0
IS	289	0	0	0	0
IS	290	0	0	0	0
IS	291	0	0	0	0
IS	292	0	0	0	0
IS	293	0	0	0	0
IS	294	0	0	0	0
IS	295	0	0	0	0
IS	296	0	0	0	0
IS	297	0	0	0	0
IS	298	0	0	0	0
IS	299	0	0	0	0
IS	300	0	0	0	0
IS	301	0	0	0	0
IS	302	0	0	0	0
IS	303	0	0	0	0
IS	304	0	0	0	0
IS	305	0	0	0	0
IS	306	0	0	0	0
IS	307	0	0	0	0
IS	308	0	0	0	0
IS	309	0	0	0	0
IS	310	0	0	0	0
IS	311	0	0	0	0
IS	312	0	0	0	0
IS	313	0	0	0	0
IS	314	0	0	0	0
IS	315	0	0	0	0
IS	316	0	0	0	0
IS	317	0	0	0	0
IS	318	0	0	0	0
IS	319	0	0	0	0
IS	320	0	0	0	0
IS	321	0	0	0	0
IS	322	0	0	0	0
IS	323	0	0	0	0
IS	324	0	0	0	0
IS	325	0	0	0	0
IS	326	0	0	0	0
IS	327	0	0	0	0
IS	328	0	0	0	0
IS	329	0	0	0	0
IS	330	0	0	0	0
IS	331	0	0	0	0
IS	332	0	0	0	0
IS	333	1	1	0	0
IS	334	0	0	0	0
IS	335	0	0	0	0
IS	336	0	0	0	0
IS	337	0	0	0	0
IS	338	0	0	0	0
IS	339	0	0	0	0
IS	340	0	0	0	0
IS	341	0	0	0	0
IS	342	0	0	0	0
IS	343	0	0	0	0
IS	344	0	0	0	0
IS	345	0	0	0	0
IS	346	0	0	0	0
IS	347	0	0	0	0
IS	348	0	0	0	0
IS	349	0	0	0	0
IS	350	0	0	0	0
IS	351	0	0	0	0
IS	352	0	0	0	0
IS	353	0	0	0	0
IS	354	0	0	0	0
IS	355	0	0	0	0
IS	356	1	1	0	0
IS	357	0	0	0	0
IS	358	0	0	0	0
IS	359	0	0	0	0
IS	360	0	0	0	0
IS	361	0	0	0	0
IS	362	0	0	0	0
IS	363	1	1	0	0
IS	364	0	0	0	0
IS	365	0	0	0	0
IS	366	1	1	0	0
IS	367	0	0	0	0
IS	368	0	0	0	0
IS	369	0	0	0	0
IS	370	0	0	0	0
IS	371	1	1	0	0
IS	372	1	1	0	0
IS	373	1	1	0	0
IS	374	0	0	0	0
IS	375	0	0	0	0
IS	376	0	0	0	0
IS	377	0	0	0	0
IS	378	0	0	0	0
IS	379	0	0	0	0
IS	380	0	0	0	0
IS	381	0	0	0	0
IS	382	1	1	0	0
IS	383	0	0	0	0
IS	384	1	1	0	0
IS	385	4	4	0	0
IS	386	2	2	0	0
IS	387	0	0	0	0
IS	388	3	3	0	0
IS	389	3	3	0	0
IS	390	3	3	0	0
IS	391	1	1	0	0
IS	392	0	0	0	0
IS	393	1	1	0	0
IS	394	1	1	0	0
IS	395	1	1	0	0
IS	396	1	1	0	0
IS	397	2	2	0	0
IS	398	4	4	0	0
IS	399	2	2	0	0
IS	400	1	1	0	0
IS	401	1	1	0	0
IS	402	1	1	0	0
IS	403	0	0	0	0
IS	404	2	2	0	0
IS	405	2	2	0	0
IS	406	0	0	0	0
IS	407	1	1	0	0
IS	408	3	3	0	0
IS	409	3	3	0	0
IS	410	2	2	0	0
IS	411	5	5	0	0
IS	412	4	4	0	0
IS	413	4	4	0	0
IS	414	6	6	0	0
IS	415	4	4	0	0
IS	416	5	5	0	0
IS	417	8	8	0	0
IS	418	5	5	0	0
IS	419	4	4	0	0
IS	420	5	5	0	0
IS	421	5	5	0	0
IS	422	5	5	0	0
IS	423	4	4	0	0
IS	424	2	2	0	0
IS	425	3	3	0	0
IS	426	9	9	0	0
IS	427	4	4	0	0
IS	428	7	7	0	0
IS	429	2	2	0	0
IS	430	5	5	0	0
IS	431	6	6	0	0
IS	432	4	4	0	0
IS	433	6	6	0	0
IS	434	8	8	0	0
IS	435	5	5	0	0
IS	436	4	4	0	0
IS	437	4	4	0	0
IS	438	9	9	0	0
IS	439	8	8	0	0
IS	440	13	13	0	0
IS	441	9	9	0	0
IS	442	7	7	0	0
IS	443	6	6	0	0
IS	444	6	6	0	0
IS	445	10	10	0	0
IS	446	7	7	0	0
IS	447	13	13	0	0
IS	448	10	10	0	0
IS	449	10	10	0	0
IS	450	6	6	0	0
IS	451	8	8	0	0
IS	452	11	11	0	0
IS	453	14	14	0	0
IS	454	12	12	0	0
IS	455	13	13	0	0
IS	456	9	9	0	0
IS	457	13	13	0	0
IS	458	7	7	0	0
IS	459	12	12	0	0
IS	460	12	12	0	0
IS	461	10	10	0	0
IS	462	9	9	0	0
IS	463	10	10	0	0
IS	464	15	15	0	0
IS	465	10	10	0	0
IS	466	11	11	0	0
IS	467	11	11	0	0
IS	468	16	16	0	0
IS	469	7	7	0	0
IS	470	16	16	0	0
IS	471	21	21	0	0
IS	472	9	9	0	0
IS	473	21	21	0	0
IS	474	19	19	0	0
IS	475	19	19	0	0
IS	476	17	17	0	0
IS	477	15	15	0	0
IS	478	11	11	0	0
IS	479	18	18	0	0
IS	480	10	10	0	0
IS	481	26	26	0	0
IS	482	13	13	0	0
IS	483	25	25	0	0
IS	484	14	14	0	0
IS	485	13	13	0	0
IS	486	16	16	0	0
IS	487	17	17	0	0
IS	488	19	19	0	0
IS	489	18	18	0	0
IS	490	16	16	0	0
IS	491	16	16	0	0
IS	492	12	12	0	0
IS	493	18	18	0	0
IS	494	7	7	0	0
IS	495	12	12	0	0
IS	496	17	17	0	0
IS	497	16	16	0	0
IS	498	12	12	0	0
IS	499	16	16	0	0
IS	500	18	18	0	0
IS	501	13	13	0	0
IS	502	16	16	0	0
IS	503	13	13	0	0
IS	504	16	16	0	0
IS	505	20	20	0	0
IS	506	17	17	0	0
IS	507	10	10	0	0
IS	508	10	10	0	0
IS	509	16	16	0	0
IS	510	12	12	0	0
IS	511	16	16	0	0
IS	512	13	13	0	0
IS	513	21	21	0	0
IS	514	15	15	0	0
IS	515	13	13	0	0
IS	516	15	15	0	0
IS	517	11	11	0	0
IS	518	18	18	0	0
IS	519	19	19	0	0
IS	520	18	18	0	0
IS	521	13	13	0	0
IS	522	18	18	0	0
IS	523	16	16	0	0
IS	524	13	13	0	0
IS	525	7	7	0	0
IS	526	16	16	0	0
IS	527	18	18	0	0
IS	528	10	10	0	0
IS	529	19	19	0	0
IS	530	5	5	0	0
IS	531	13	13	0	0
IS	532	9	9	0	0
IS	533	19	19	0	0
IS	534	6	6	0	0
IS	535	10	10	0	0
IS	536	12	12	0	0
IS	537	11	11	0	0
IS	538	10	10	0	0
IS	539	16	16	0	0
IS	540	11	11	0	0
IS	541	15	15	0	0
IS	542	11	11	0	0
IS	543	15	15	0	0
IS	544	11	11	0	0
IS	545	17	17	0	0
IS	546	10	10	0	0
IS	547	9	9	0	0
IS	548	14	14	0	0
IS	549	11	11	0	0
IS	550	4	4	0	0
IS	551	9	9	0	0
IS	552	12	12	0	0
IS	553	9	9	0	0
IS	554	8	8	0	0
IS	555	10	10	0	0
IS	556	9	9	0	0
IS	557	7	7	0	0
IS	558	8	8	0	0
IS	559	6	6	0	0
IS	560	12	12	0	0
IS	561	13	13	0	0
IS	562	4	4	0	0
IS	563	11	11	0	0
IS	564	2	2	0	0
IS	565	10	10	0	0
IS	566	8	8	0	0
IS	567	8	8	0	0
IS	568	7	7	0	0
IS	569	4	4	0	0
IS	570	7	7	0	0
IS	571	4	4	0	0
IS	572	6	6	0	0
IS	573	4	4	0	0
IS	574	1	1	0	0
IS	575	4	4	0	0
IS	576	3	3	0	0
IS	577	6	6	0	0
IS	578	5	5	0	0
IS	579	7	7	0	0
IS	580	3	3	0	0
IS	581	6	6	0	0
IS	582	6	6	0	0
IS	583	3	3	0	0
IS	584	4	4	0	0
IS	585	5	5	0	0
IS	586	3	3	0	0
IS	587	4	4	0	0
IS	588	2	2	0	0
IS	589	3	3	0	0
IS	590	4	4	0	0
IS	591	3	3	0	0
IS	592	2	2	0	0
IS	593	3	3	0	0
IS	594	3	3	0	0
IS	595	5	5	0	0
IS	596	3	3	0	0
IS	597	0	0	0	0
IS	598	1	1	0	0
IS	599	0	0	0	0
IS	600	4	4	0	0
IS	601	3	3	0	0
IS	602	1	1	0	0
IS	603	5	5	0	0
IS	604	3	3	0	0
IS	605	1	1	0	0
IS	606	1	1	0	0
IS	607	2	2	0	0
IS	608	3	3	0	0
IS	609	3	3	0	0
IS	610	0	0	0	0
IS	611	2	2	0	0
IS	612	0	0	0	0
IS	613	2	2	0	0
IS	614	1	1	0	0
IS	615	0	0	0	0
IS	616	3	3	0	0
IS	617	1	1	0	0
IS	618	2	2	0	0
IS	619	0	0	0	0
IS	620	1	1	0	0
# Read lengths. Use `grep ^RL | cut -f 2-` to extract this part. The columns are: read length, count
RL	150	4006
# Read lengths - first fragments. Use `grep ^FRL | cut -f 2-` to extract this part. The columns are: read length, count
FRL	150	2003
# Read lengths - last fragments. Use `grep ^LRL | cut -f 2-` to extract this part. The columns are: read length, count
LRL	150	2003
# Mapping qualities for reads !(UNMAP|SECOND|SUPPL|QCFAIL|DUP). Use `grep ^MAPQ | cut -f 2-` to extract this part. The columns are: mapq, count
MAPQ	0	20
MAPQ	21	3
MAPQ	27	20
MAPQ	33	2
MAPQ	39	9
MAPQ	40	30
MAPQ	41	1
MAPQ	43	1
MAPQ	45	2
MAPQ	46	1
MAPQ	47	1
MAPQ	48	37
MAPQ	50	4
MAPQ	52	2
MAPQ	57	8
MAPQ	59	3
MAPQ	60	3862
# Indel distribution. Use `grep ^ID | cut -f 2-` to extract this part. The columns are: length, number of insertions, number of deletions
# Indels per cycle. Use `grep ^IC | cut -f 2-` to extract this part. The columns are: cycle, number of insertions (fwd), .. (rev) , number of deletions (fwd), .. (rev)
# Coverage distribution. Use `grep ^COV | cut -f 2-` to extract this part.
COV	[1-1]	1	5150
COV	[2-2]	2	10515
COV	[3-3]	3	15439
COV	[4-4]	4	18128
COV	[5-5]	5	19825
COV	[6-6]	6	16566
COV	[7-7]	7	11867
COV	[8-8]	8	8481
COV	[9-9]	9	5653
COV	[10-10]	10	2733
COV	[11-11]	11	1504
COV	[12-12]	12	558
COV	[13-13]	13	275
COV	[14-14]	14	77
COV	[15-15]	15	15
COV	[16-16]	16	8
# GC-depth. Use `grep ^GCD | cut -f 2-` to extract this part. The columns are: GC%, unique sequence percentiles, 10th, 25th, 50th, 75th and 90th depth percentile
GCD	0.0	15.385	0.000	0.000	0.000	0.000	0.000
GCD	37.0	30.769	2.505	2.505	2.505	2.505	2.505
GCD	38.0	53.846	2.505	2.505	2.505	2.505	2.505
GCD	39.0	76.923	2.490	2.490	2.505	2.505	2.505
GCD	40.0	84.615	2.505	2.505	2.505	2.505	2.505
GCD	41.0	92.308	2.505	2.505	2.505	2.505	2.505
GCD	46.0	100.000	2.505	2.505	2.505	2.505	2.505
