# This file was produced by samtools stats (1.20+htslib-1.21) and can be plotted using plot-bamstats
# This file contains statistics for all reads.
# The command line was:  stats sample3820.sorted.group.rmdup.bam
# CHK, Checksum	[2]Read Names	[3]Sequences	[4]Qualities
# CHK, CRC32 of reads which passed filtering followed by addition (32bit overflow)
CHK	0a4e5716	2b5350b8	f1f23d24
# Summary Numbers. Use `grep ^SN | cut -f 2-` to extract this part.
SN	raw total sequences:	4006	# excluding supplementary and secondary reads
SN	filtered sequences:	0
SN	sequences:	4006
SN	is sorted:	1
SN	1st fragments:	2003
SN	last fragments:	2003
SN	reads mapped:	4006
SN	reads mapped and paired:	4006	# paired-end technology bit set + both mates mapped
SN	reads unmapped:	0
SN	reads properly paired:	4006	# proper-pair bit set
SN	reads paired:	4006	# paired-end technology bit set
SN	reads duplicated:	0	# PCR or optical duplicate bit set
SN	reads MQ0:	16	# mapped and MQ=0
SN	reads QC failed:	0
SN	non-primary alignments:	0
SN	supplementary alignments:	0
SN	total length:	600900	# ignores clipping
SN	total first fragment length:	300450	# ignores clipping
SN	total last fragment length:	300450	# ignores clipping
SN	bases mapped:	600900	# ignores clipping
SN	bases mapped (cigar):	600898	# more accurate
SN	bases trimmed:	0
SN	bases duplicated:	0
SN	mismatches:	922	# from NM fields
SN	error rate:	1.534370e-03	# mismatches / bases mapped (cigar)
SN	average length:	150
SN	average first fragment length:	150
SN	average last fragment length:	150
SN	maximum length:	150
SN	maximum first fragment length:	150
SN	maximum last fragment length:	150
SN	average quality:	30.0
SN	insert size average:	497.8
SN	insert size standard deviation:	50.3
SN	inward oriented pairs:	2003
SN	outward oriented pairs:	0
SN	pairs with other orientation:	0
SN	pairs on different chromosomes:	0
SN	percentage of properly paired reads (%):	100.0
# First Fragment Qualities. Use `grep ^FFQ | cut -f 2-` to extract this part.
# Columns correspond to qualities and rows to cycles. First column is the cycle number.
FFQ	1	0	0	0	0	0	0	0	0	0	0	0	0	0	0	0	0	0	0	0	0	0	0	0	0	0	0	0	0	0	0	2003	0
FFQ	2	0	0	0	0	0	0	0	0	0	0	0	0	0	0	0	0	0	0	0	0	0	0	0	0	0	0	0	0	0	0	2003	0
FFQ	3	0	0	0	0	0	0	0	0	0	0	0	0	0	0	0	0	0	0	0	0	0	0	0	0	0	0	0	0	0	0	2003	0
FFQ	4	0	0	0	0	0	0	0	0	0	0	0	0	0	0	0	0	0	0	0	0	0	0	0	0	0	0	0	0	0	0	2003	0
FFQ	5	0	0	0	0	0	0	0	0	0	0	0	0	0	0	0	0	0	0	0	0	0	0	0	0	0	0	0	0	0	0	2003	0
FFQ	6	0	0	0	0	0	0	0	0	0	0	0	0	0	0	0	0	0	0	0	0	0	0	0	0	0	0	0	0	0	0	2003	0
FFQ	7	0	0	0	0	0	0	0	0	0	0	0	0	0	0	0	0	0	0	0	0	0	0	0	0	0	0	0	0	0	0	2003	0
FFQ	8	0	0	0	0	0	0	0	0	0	0	0	0	0	0	0	0	0	0	0	0	0	0	0	0	0	0	0	0	0	0	2003	0
FFQ	9	0	0	0	0	0	0	0	0	0	0	0	0	0	0	0	0	0	0	0	0	0	0	0	0	0	0	0	0	0	0	2003	0
FFQ	10	0	0	0	0	0	0	0	0	0	0	0	0	0	0	0	0	0	0	0	0	0	0	0	0	0	0	0	0	0	0	2003	0
FFQ	11	0	0	0	0	0	0	0	0	0	0	0	0	0	0	0	0	0	0	0	0	0	0	0	0	0	0	0	0	0	0	2003	0
FFQ	12	0	0	0	0	0	0	0	0	0	0	0	0	0	0	0	0	0	0	0	0	0	0	0	0	0	0	0	0	0	0	2003	0
FFQ	13	0	0	0	0	0	0	0	0	0	0	0	0	0	0	0	0	0	0	0	0	0	0	0	0	0	0	0	0	0	0	2003	0
FFQ	14	0	0	0	0	0	0	0	0	0	0	0	0	0	0	0	0	0	0	0	0	0	0	0	0	0	0	0	0	0	0	2003	0
FFQ	15	0	0	0	0	0	0	0	0	0	0	0	0	0	0	0	0	0	0	0	0	0	0	0	0	0	0	0	0	0	0	2003	0
FFQ	16	0	0	0	0	0	0	0	0	0	0	0	0	0	0	0	0	0	0	0	0	0	0	0	0	0	0	0	0	0	0	2003	0
FFQ	17	0	0	0	0	0	0	0	0	0	0	0	0	0	0	0	0	0	0	0	0	0	0	0	0	0	0	0	0	0	0	2003	0
FFQ	18	0	0	0	0	0	0	0	0	0	0	0	0	0	0	0	0	0	0	0	0	0	0	0	0	0	0	0	0	0	0	2003	0
FFQ	19	0	0	0	0	0	0	0	0	0	0	0	0	0	0	0	0	0	0	0	0	0	0	0	0	0	0	0	0	0	0	2003	0
FFQ	20	0	0	0	0	0	0	0	0	0	0	0	0	0	0	0	0	0	0	0	0	0	0	0	0	0	0	0	0	0	0	2003	0
FFQ	21	0	0	0	0	0	0	0	0	0	0	0	0	0	0	0	0	0	0	0	0	0	0	0	0	0	0	0	0	0	0	2003	0
FFQ	22	0	0	0	0	0	0	0	0	0	0	0	0	0	0	0	0	0	0	0	0	0	0	0	0	0	0	0	0	0	0	2003	0
FFQ	23	0	0	0	0	0	0	0	0	0	0	0	0	0	0	0	0	0	0	0	0	0	0	0	0	0	0	0	0	0	0	2003	0
FFQ	24	0	0	0	0	0	0	0	0	0	0	0	0	0	0	0	0	0	0	0	0	0	0	0	0	0	0	0	0	0	0	2003	0
FFQ	25	0	0	0	0	0	0	0	0	0	0	0	0	0	0	0	0	0	0	0	0	0	0	0	0	0	0	0	0	0	0	2003	0
FFQ	26	0	0	0	0	0	0	0	0	0	0	0	0	0	0	0	0	0	0	0	0	0	0	0	0	0	0	0	0	0	0	2003	0
FFQ	27	0	0	0	0	0	0	0	0	0	0	0	0	0	0	0	0	0	0	0	0	0	0	0	0	0	0	0	0	0	0	2003	0
FFQ	28	0	0	0	0	0	0	0	0	0	0	0	0	0	0	0	0	0	0	0	0	0	0	0	0	0	0	0	0	0	0	2003	0
FFQ	29	0	0	0	0	0	0	0	0	0	0	0	0	0	0	0	0	0	0	0	0	0	0	0	0	0	0	0	0	0	0	2003	0
FFQ	30	0	0	0	0	0	0	0	0	0	0	0	0	0	0	0	0	0	0	0	0	0	0	0	0	0	0	0	0	0	0	2003	0
FFQ	31	0	0	0	0	0	0	0	0	0	0	0	0	0	0	0	0	0	0	0	0	0	0	0	0	0	0	0	0	0	0	2003	0
FFQ	32	0	0	0	0	0	0	0	0	0	0	0	0	0	0	0	0	0	0	0	0	0	0	0	0	0	0	0	0	0	0	2003	0
FFQ	33	0	0	0	0	0	0	0	0	0	0	0	0	0	0	0	0	0	0	0	0	0	0	0	0	0	0	0	0	0	0	2003	0
FFQ	34	0	0	0	0	0	0	0	0	0	0	0	0	0	0	0	0	0	0	0	0	0	0	0	0	0	0	0	0	0	0	2003	0
FFQ	35	0	0	0	0	0	0	0	0	0	0	0	0	0	0	0	0	0	0	0	0	0	0	0	0	0	0	0	0	0	0	2003	0
FFQ	36	0	0	0	0	0	0	0	0	0	0	0	0	0	0	0	0	0	0	0	0	0	0	0	0	0	0	0	0	0	0	2003	0
FFQ	37	0	0	0	0	0	0	0	0	0	0	0	0	0	0	0	0	0	0	0	0	0	0	0	0	0	0	0	0	0	0	2003	0
FFQ	38	0	0	0	0	0	0	0	0	0	0	0	0	0	0	0	0	0	0	0	0	0	0	0	0	0	0	0	0	0	0	2003	0
FFQ	39	0	0	0	0	0	0	0	0	0	0	0	0	0	0	0	0	0	0	0	0	0	0	0	0	0	0	0	0	0	0	2003	0
FFQ	40	0	0	0	0	0	0	0	0	0	0	0	0	0	0	0	0	0	0	0	0	0	0	0	0	0	0	0	0	0	0	2003	0
FFQ	41	0	0	0	0	0	0	0	0	0	0	0	0	0	0	0	0	0	0	0	0	0	0	0	0	0	0	0	0	0	0	2003	0
FFQ	42	0	0	0	0	0	0	0	0	0	0	0	0	0	0	0	0	0	0	0	0	0	0	0	0	0	0	0	0	0	0	2003	0
FFQ	43	0	0	0	0	0	0	0	0	0	0	0	0	0	0	0	0	0	0	0	0	0	0	0	0	0	0	0	0	0	0	2003	0
FFQ	44	0	0	0	0	0	0	0	0	0	0	0	0	0	0	0	0	0	0	0	0	0	0	0	0	0	0	0	0	0	0	2003	0
FFQ	45	0	0	0	0	0	0	0	0	0	0	0	0	0	0	0	0	0	0	0	0	0	0	0	0	0	0	0	0	0	0	2003	0
FFQ	46	0	0	0	0	0	0	0	0	0	0	0	0	0	0	0	0	0	0	0	0	0	0	0	0	0	0	0	0	0	0	2003	0
FFQ	47	0	0	0	0	0	0	0	0	0	0	0	0	0	0	0	0	0	0	0	0	0	0	0	0	0	0	0	0	0	0	2003	0
FFQ	48	0	0	0	0	0	0	0	0	0	0	0	0	0	0	0	0	0	0	0	0	0	0	0	0	0	0	0	0	0	0	2003	0
FFQ	49	0	0	0	0	0	0	0	0	0	0	0	0	0	0	0	0	0	0	0	0	0	0	0	0	0	0	0	0	0	0	2003	0
FFQ	50	0	0	0	0	0	0	0	0	0	0	0	0	0	0	0	0	0	0	0	0	0	0	0	0	0	0	0	0	0	0	2003	0
FFQ	51	0	0	0	0	0	0	0	0	0	0	0	0	0	0	0	0	0	0	0	0	0	0	0	0	0	0	0	0	0	0	2003	0
FFQ	52	0	0	0	0	0	0	0	0	0	0	0	0	0	0	0	0	0	0	0	0	0	0	0	0	0	0	0	0	0	0	2003	0
FFQ	53	0	0	0	0	0	0	0	0	0	0	0	0	0	0	0	0	0	0	0	0	0	0	0	0	0	0	0	0	0	0	2003	0
FFQ	54	0	0	0	0	0	0	0	0	0	0	0	0	0	0	0	0	0	0	0	0	0	0	0	0	0	0	0	0	0	0	2003	0
FFQ	55	0	0	0	0	0	0	0	0	0	0	0	0	0	0	0	0	0	0	0	0	0	0	0	0	0	0	0	0	0	0	2003	0
FFQ	56	0	0	0	0	0	0	0	0	0	0	0	0	0	0	0	0	0	0	0	0	0	0	0	0	0	0	0	0	0	0	2003	0
FFQ	57	0	0	0	0	0	0	0	0	0	0	0	0	0	0	0	0	0	0	0	0	0	0	0	0	0	0	0	0	0	0	2003	0
FFQ	58	0	0	0	0	0	0	0	0	0	0	0	0	0	0	0	0	0	0	0	0	0	0	0	0	0	0	0	0	0	0	2003	0
FFQ	59	0	0	0	0	0	0	0	0	0	0	0	0	0	0	0	0	0	0	0	0	0	0	0	0	0	0	0	0	0	0	2003	0
FFQ	60	0	0	0	0	0	0	0	0	0	0	0	0	0	0	0	0	0	0	0	0	0	0	0	0	0	0	0	0	0	0	2003	0
FFQ	61	0	0	0	0	0	0	0	0	0	0	0	0	0	0	0	0	0	0	0	0	0	0	0	0	0	0	0	0	0	0	2003	0
FFQ	62	0	0	0	0	0	0	0	0	0	0	0	0	0	0	0	0	0	0	0	0	0	0	0	0	0	0	0	0	0	0	2003	0
FFQ	63	0	0	0	0	0	0	0	0	0	0	0	0	0	0	0	0	0	0	0	0	0	0	0	0	0	0	0	0	0	0	2003	0
FFQ	64	0	0	0	0	0	0	0	0	0	0	0	0	0	0	0	0	0	0	0	0	0	0	0	0	0	0	0	0	0	0	2003	0
FFQ	65	0	0	0	0	0	0	0	0	0	0	0	0	0	0	0	0	0	0	0	0	0	0	0	0	0	0	0	0	0	0	2003	0
FFQ	66	0	0	0	0	0	0	0	0	0	0	0	0	0	0	0	0	0	0	0	0	0	0	0	0	0	0	0	0	0	0	2003	0
FFQ	67	0	0	0	0	0	0	0	0	0	0	0	0	0	0	0	0	0	0	0	0	0	0	0	0	0	0	0	0	0	0	2003	0
FFQ	68	0	0	0	0	0	0	0	0	0	0	0	0	0	0	0	0	0	0	0	0	0	0	0	0	0	0	0	0	0	0	2003	0
FFQ	69	0	0	0	0	0	0	0	0	0	0	0	0	0	0	0	0	0	0	0	0	0	0	0	0	0	0	0	0	0	0	2003	0
FFQ	70	0	0	0	0	0	0	0	0	0	0	0	0	0	0	0	0	0	0	0	0	0	0	0	0	0	0	0	0	0	0	2003	0
FFQ	71	0	0	0	0	0	0	0	0	0	0	0	0	0	0	0	0	0	0	0	0	0	0	0	0	0	0	0	0	0	0	2003	0
FFQ	72	0	0	0	0	0	0	0	0	0	0	0	0	0	0	0	0	0	0	0	0	0	0	0	0	0	0	0	0	0	0	2003	0
FFQ	73	0	0	0	0	0	0	0	0	0	0	0	0	0	0	0	0	0	0	0	0	0	0	0	0	0	0	0	0	0	0	2003	0
FFQ	74	0	0	0	0	0	0	0	0	0	0	0	0	0	0	0	0	0	0	0	0	0	0	0	0	0	0	0	0	0	0	2003	0
FFQ	75	0	0	0	0	0	0	0	0	0	0	0	0	0	0	0	0	0	0	0	0	0	0	0	0	0	0	0	0	0	0	2003	0
FFQ	76	0	0	0	0	0	0	0	0	0	0	0	0	0	0	0	0	0	0	0	0	0	0	0	0	0	0	0	0	0	0	2003	0
FFQ	77	0	0	0	0	0	0	0	0	0	0	0	0	0	0	0	0	0	0	0	0	0	0	0	0	0	0	0	0	0	0	2003	0
FFQ	78	0	0	0	0	0	0	0	0	0	0	0	0	0	0	0	0	0	0	0	0	0	0	0	0	0	0	0	0	0	0	2003	0
FFQ	79	0	0	0	0	0	0	0	0	0	0	0	0	0	0	0	0	0	0	0	0	0	0	0	0	0	0	0	0	0	0	2003	0
FFQ	80	0	0	0	0	0	0	0	0	0	0	0	0	0	0	0	0	0	0	0	0	0	0	0	0	0	0	0	0	0	0	2003	0
FFQ	81	0	0	0	0	0	0	0	0	0	0	0	0	0	0	0	0	0	0	0	0	0	0	0	0	0	0	0	0	0	0	2003	0
FFQ	82	0	0	0	0	0	0	0	0	0	0	0	0	0	0	0	0	0	0	0	0	0	0	0	0	0	0	0	0	0	0	2003	0
FFQ	83	0	0	0	0	0	0	0	0	0	0	0	0	0	0	0	0	0	0	0	0	0	0	0	0	0	0	0	0	0	0	2003	0
FFQ	84	0	0	0	0	0	0	0	0	0	0	0	0	0	0	0	0	0	0	0	0	0	0	0	0	0	0	0	0	0	0	2003	0
FFQ	85	0	0	0	0	0	0	0	0	0	0	0	0	0	0	0	0	0	0	0	0	0	0	0	0	0	0	0	0	0	0	2003	0
FFQ	86	0	0	0	0	0	0	0	0	0	0	0	0	0	0	0	0	0	0	0	0	0	0	0	0	0	0	0	0	0	0	2003	0
FFQ	87	0	0	0	0	0	0	0	0	0	0	0	0	0	0	0	0	0	0	0	0	0	0	0	0	0	0	0	0	0	0	2003	0
FFQ	88	0	0	0	0	0	0	0	0	0	0	0	0	0	0	0	0	0	0	0	0	0	0	0	0	0	0	0	0	0	0	2003	0
FFQ	89	0	0	0	0	0	0	0	0	0	0	0	0	0	0	0	0	0	0	0	0	0	0	0	0	0	0	0	0	0	0	2003	0
FFQ	90	0	0	0	0	0	0	0	0	0	0	0	0	0	0	0	0	0	0	0	0	0	0	0	0	0	0	0	0	0	0	2003	0
FFQ	91	0	0	0	0	0	0	0	0	0	0	0	0	0	0	0	0	0	0	0	0	0	0	0	0	0	0	0	0	0	0	2003	0
FFQ	92	0	0	0	0	0	0	0	0	0	0	0	0	0	0	0	0	0	0	0	0	0	0	0	0	0	0	0	0	0	0	2003	0
FFQ	93	0	0	0	0	0	0	0	0	0	0	0	0	0	0	0	0	0	0	0	0	0	0	0	0	0	0	0	0	0	0	2003	0
FFQ	94	0	0	0	0	0	0	0	0	0	0	0	0	0	0	0	0	0	0	0	0	0	0	0	0	0	0	0	0	0	0	2003	0
FFQ	95	0	0	0	0	0	0	0	0	0	0	0	0	0	0	0	0	0	0	0	0	0	0	0	0	0	0	0	0	0	0	2003	0
FFQ	96	0	0	0	0	0	0	0	0	0	0	0	0	0	0	0	0	0	0	0	0	0	0	0	0	0	0	0	0	0	0	2003	0
FFQ	97	0	0	0	0	0	0	0	0	0	0	0	0	0	0	0	0	0	0	0	0	0	0	0	0	0	0	0	0	0	0	2003	0
FFQ	98	0	0	0	0	0	0	0	0	0	0	0	0	0	0	0	0	0	0	0	0	0	0	0	0	0	0	0	0	0	0	2003	0
FFQ	99	0	0	0	0	0	0	0	0	0	0	0	0	0	0	0	0	0	0	0	0	0	0	0	0	0	0	0	0	0	0	2003	0
FFQ	100	0	0	0	0	0	0	0	0	0	0	0	0	0	0	0	0	0	0	0	0	0	0	0	0	0	0	0	0	0	0	2003	0
FFQ	101	0	0	0	0	0	0	0	0	0	0	0	0	0	0	0	0	0	0	0	0	0	0	0	0	0	0	0	0	0	0	2003	0
FFQ	102	0	0	0	0	0	0	0	0	0	0	0	0	0	0	0	0	0	0	0	0	0	0	0	0	0	0	0	0	0	0	2003	0
FFQ	103	0	0	0	0	0	0	0	0	0	0	0	0	0	0	0	0	0	0	0	0	0	0	0	0	0	0	0	0	0	0	2003	0
FFQ	104	0	0	0	0	0	0	0	0	0	0	0	0	0	0	0	0	0	0	0	0	0	0	0	0	0	0	0	0	0	0	2003	0
FFQ	105	0	0	0	0	0	0	0	0	0	0	0	0	0	0	0	0	0	0	0	0	0	0	0	0	0	0	0	0	0	0	2003	0
FFQ	106	0	0	0	0	0	0	0	0	0	0	0	0	0	0	0	0	0	0	0	0	0	0	0	0	0	0	0	0	0	0	2003	0
FFQ	107	0	0	0	0	0	0	0	0	0	0	0	0	0	0	0	0	0	0	0	0	0	0	0	0	0	0	0	0	0	0	2003	0
FFQ	108	0	0	0	0	0	0	0	0	0	0	0	0	0	0	0	0	0	0	0	0	0	0	0	0	0	0	0	0	0	0	2003	0
FFQ	109	0	0	0	0	0	0	0	0	0	0	0	0	0	0	0	0	0	0	0	0	0	0	0	0	0	0	0	0	0	0	2003	0
FFQ	110	0	0	0	0	0	0	0	0	0	0	0	0	0	0	0	0	0	0	0	0	0	0	0	0	0	0	0	0	0	0	2003	0
FFQ	111	0	0	0	0	0	0	0	0	0	0	0	0	0	0	0	0	0	0	0	0	0	0	0	0	0	0	0	0	0	0	2003	0
FFQ	112	0	0	0	0	0	0	0	0	0	0	0	0	0	0	0	0	0	0	0	0	0	0	0	0	0	0	0	0	0	0	2003	0
FFQ	113	0	0	0	0	0	0	0	0	0	0	0	0	0	0	0	0	0	0	0	0	0	0	0	0	0	0	0	0	0	0	2003	0
FFQ	114	0	0	0	0	0	0	0	0	0	0	0	0	0	0	0	0	0	0	0	0	0	0	0	0	0	0	0	0	0	0	2003	0
FFQ	115	0	0	0	0	0	0	0	0	0	0	0	0	0	0	0	0	0	0	0	0	0	0	0	0	0	0	0	0	0	0	2003	0
FFQ	116	0	0	0	0	0	0	0	0	0	0	0	0	0	0	0	0	0	0	0	0	0	0	0	0	0	0	0	0	0	0	2003	0
FFQ	117	0	0	0	0	0	0	0	0	0	0	0	0	0	0	0	0	0	0	0	0	0	0	0	0	0	0	0	0	0	0	2003	0
FFQ	118	0	0	0	0	0	0	0	0	0	0	0	0	0	0	0	0	0	0	0	0	0	0	0	0	0	0	0	0	0	0	2003	0
FFQ	119	0	0	0	0	0	0	0	0	0	0	0	0	0	0	0	0	0	0	0	0	0	0	0	0	0	0	0	0	0	0	2003	0
FFQ	120	0	0	0	0	0	0	0	0	0	0	0	0	0	0	0	0	0	0	0	0	0	0	0	0	0	0	0	0	0	0	2003	0
FFQ	121	0	0	0	0	0	0	0	0	0	0	0	0	0	0	0	0	0	0	0	0	0	0	0	0	0	0	0	0	0	0	2003	0
FFQ	122	0	0	0	0	0	0	0	0	0	0	0	0	0	0	0	0	0	0	0	0	0	0	0	0	0	0	0	0	0	0	2003	0
FFQ	123	0	0	0	0	0	0	0	0	0	0	0	0	0	0	0	0	0	0	0	0	0	0	0	0	0	0	0	0	0	0	2003	0
FFQ	124	0	0	0	0	0	0	0	0	0	0	0	0	0	0	0	0	0	0	0	0	0	0	0	0	0	0	0	0	0	0	2003	0
FFQ	125	0	0	0	0	0	0	0	0	0	0	0	0	0	0	0	0	0	0	0	0	0	0	0	0	0	0	0	0	0	0	2003	0
FFQ	126	0	0	0	0	0	0	0	0	0	0	0	0	0	0	0	0	0	0	0	0	0	0	0	0	0	0	0	0	0	0	2003	0
FFQ	127	0	0	0	0	0	0	0	0	0	0	0	0	0	0	0	0	0	0	0	0	0	0	0	0	0	0	0	0	0	0	2003	0
FFQ	128	0	0	0	0	0	0	0	0	0	0	0	0	0	0	0	0	0	0	0	0	0	0	0	0	0	0	0	0	0	0	2003	0
FFQ	129	0	0	0	0	0	0	0	0	0	0	0	0	0	0	0	0	0	0	0	0	0	0	0	0	0	0	0	0	0	0	2003	0
FFQ	130	0	0	0	0	0	0	0	0	0	0	0	0	0	0	0	0	0	0	0	0	0	0	0	0	0	0	0	0	0	0	2003	0
FFQ	131	0	0	0	0	0	0	0	0	0	0	0	0	0	0	0	0	0	0	0	0	0	0	0	0	0	0	0	0	0	0	2003	0
FFQ	132	0	0	0	0	0	0	0	0	0	0	0	0	0	0	0	0	0	0	0	0	0	0	0	0	0	0	0	0	0	0	2003	0
FFQ	133	0	0	0	0	0	0	0	0	0	0	0	0	0	0	0	0	0	0	0	0	0	0	0	0	0	0	0	0	0	0	2003	0
FFQ	134	0	0	0	0	0	0	0	0	0	0	0	0	0	0	0	0	0	0	0	0	0	0	0	0	0	0	0	0	0	0	2003	0
FFQ	135	0	0	0	0	0	0	0	0	0	0	0	0	0	0	0	0	0	0	0	0	0	0	0	0	0	0	0	0	0	0	2003	0
FFQ	136	0	0	0	0	0	0	0	0	0	0	0	0	0	0	0	0	0	0	0	0	0	0	0	0	0	0	0	0	0	0	2003	0
FFQ	137	0	0	0	0	0	0	0	0	0	0	0	0	0	0	0	0	0	0	0	0	0	0	0	0	0	0	0	0	0	0	2003	0
FFQ	138	0	0	0	0	0	0	0	0	0	0	0	0	0	0	0	0	0	0	0	0	0	0	0	0	0	0	0	0	0	0	2003	0
FFQ	139	0	0	0	0	0	0	0	0	0	0	0	0	0	0	0	0	0	0	0	0	0	0	0	0	0	0	0	0	0	0	2003	0
FFQ	140	0	0	0	0	0	0	0	0	0	0	0	0	0	0	0	0	0	0	0	0	0	0	0	0	0	0	0	0	0	0	2003	0
FFQ	141	0	0	0	0	0	0	0	0	0	0	0	0	0	0	0	0	0	0	0	0	0	0	0	0	0	0	0	0	0	0	2003	0
FFQ	142	0	0	0	0	0	0	0	0	0	0	0	0	0	0	0	0	0	0	0	0	0	0	0	0	0	0	0	0	0	0	2003	0
FFQ	143	0	0	0	0	0	0	0	0	0	0	0	0	0	0	0	0	0	0	0	0	0	0	0	0	0	0	0	0	0	0	2003	0
FFQ	144	0	0	0	0	0	0	0	0	0	0	0	0	0	0	0	0	0	0	0	0	0	0	0	0	0	0	0	0	0	0	2003	0
FFQ	145	0	0	0	0	0	0	0	0	0	0	0	0	0	0	0	0	0	0	0	0	0	0	0	0	0	0	0	0	0	0	2003	0
FFQ	146	0	0	0	0	0	0	0	0	0	0	0	0	0	0	0	0	0	0	0	0	0	0	0	0	0	0	0	0	0	0	2003	0
FFQ	147	0	0	0	0	0	0	0	0	0	0	0	0	0	0	0	0	0	0	0	0	0	0	0	0	0	0	0	0	0	0	2003	0
FFQ	148	0	0	0	0	0	0	0	0	0	0	0	0	0	0	0	0	0	0	0	0	0	0	0	0	0	0	0	0	0	0	2003	0
FFQ	149	0	0	0	0	0	0	0	0	0	0	0	0	0	0	0	0	0	0	0	0	0	0	0	0	0	0	0	0	0	0	2003	0
FFQ	150	0	0	0	0	0	0	0	0	0	0	0	0	0	0	0	0	0	0	0	0	0	0	0	0	0	0	0	0	0	0	2003	0
# Last Fragment Qualities. Use `grep ^LFQ | cut -f 2-` to extract this part.
# Columns correspond to qualities and rows to cycles. First column is the cycle number.
LFQ	1	0	0	0	0	0	0	0	0	0	0	0	0	0	0	0	0	0	0	0	0	0	0	0	0	0	0	0	0	0	0	2003	0
LFQ	2	0	0	0	0	0	0	0	0	0	0	0	0	0	0	0	0	0	0	0	0	0	0	0	0	0	0	0	0	0	0	2003	0
LFQ	3	0	0	0	0	0	0	0	0	0	0	0	0	0	0	0	0	0	0	0	0	0	0	0	0	0	0	0	0	0	0	2003	0
LFQ	4	0	0	0	0	0	0	0	0	0	0	0	0	0	0	0	0	0	0	0	0	0	0	0	0	0	0	0	0	0	0	2003	0
LFQ	5	0	0	0	0	0	0	0	0	0	0	0	0	0	0	0	0	0	0	0	0	0	0	0	0	0	0	0	0	0	0	2003	0
LFQ	6	0	0	0	0	0	0	0	0	0	0	0	0	0	0	0	0	0	0	0	0	0	0	0	0	0	0	0	0	0	0	2003	0
LFQ	7	0	0	0	0	0	0	0	0	0	0	0	0	0	0	0	0	0	0	0	0	0	0	0	0	0	0	0	0	0	0	2003	0
LFQ	8	0	0	0	0	0	0	0	0	0	0	0	0	0	0	0	0	0	0	0	0	0	0	0	0	0	0	0	0	0	0	2003	0
LFQ	9	0	0	0	0	0	0	0	0	0	0	0	0	0	0	0	0	0	0	0	0	0	0	0	0	0	0	0	0	0	0	2003	0
LFQ	10	0	0	0	0	0	0	0	0	0	0	0	0	0	0	0	0	0	0	0	0	0	0	0	0	0	0	0	0	0	0	2003	0
LFQ	11	0	0	0	0	0	0	0	0	0	0	0	0	0	0	0	0	0	0	0	0	0	0	0	0	0	0	0	0	0	0	2003	0
LFQ	12	0	0	0	0	0	0	0	0	0	0	0	0	0	0	0	0	0	0	0	0	0	0	0	0	0	0	0	0	0	0	2003	0
LFQ	13	0	0	0	0	0	0	0	0	0	0	0	0	0	0	0	0	0	0	0	0	0	0	0	0	0	0	0	0	0	0	2003	0
LFQ	14	0	0	0	0	0	0	0	0	0	0	0	0	0	0	0	0	0	0	0	0	0	0	0	0	0	0	0	0	0	0	2003	0
LFQ	15	0	0	0	0	0	0	0	0	0	0	0	0	0	0	0	0	0	0	0	0	0	0	0	0	0	0	0	0	0	0	2003	0
LFQ	16	0	0	0	0	0	0	0	0	0	0	0	0	0	0	0	0	0	0	0	0	0	0	0	0	0	0	0	0	0	0	2003	0
LFQ	17	0	0	0	0	0	0	0	0	0	0	0	0	0	0	0	0	0	0	0	0	0	0	0	0	0	0	0	0	0	0	2003	0
LFQ	18	0	0	0	0	0	0	0	0	0	0	0	0	0	0	0	0	0	0	0	0	0	0	0	0	0	0	0	0	0	0	2003	0
LFQ	19	0	0	0	0	0	0	0	0	0	0	0	0	0	0	0	0	0	0	0	0	0	0	0	0	0	0	0	0	0	0	2003	0
LFQ	20	0	0	0	0	0	0	0	0	0	0	0	0	0	0	0	0	0	0	0	0	0	0	0	0	0	0	0	0	0	0	2003	0
LFQ	21	0	0	0	0	0	0	0	0	0	0	0	0	0	0	0	0	0	0	0	0	0	0	0	0	0	0	0	0	0	0	2003	0
LFQ	22	0	0	0	0	0	0	0	0	0	0	0	0	0	0	0	0	0	0	0	0	0	0	0	0	0	0	0	0	0	0	2003	0
LFQ	23	0	0	0	0	0	0	0	0	0	0	0	0	0	0	0	0	0	0	0	0	0	0	0	0	0	0	0	0	0	0	2003	0
LFQ	24	0	0	0	0	0	0	0	0	0	0	0	0	0	0	0	0	0	0	0	0	0	0	0	0	0	0	0	0	0	0	2003	0
LFQ	25	0	0	0	0	0	0	0	0	0	0	0	0	0	0	0	0	0	0	0	0	0	0	0	0	0	0	0	0	0	0	2003	0
LFQ	26	0	0	0	0	0	0	0	0	0	0	0	0	0	0	0	0	0	0	0	0	0	0	0	0	0	0	0	0	0	0	2003	0
LFQ	27	0	0	0	0	0	0	0	0	0	0	0	0	0	0	0	0	0	0	0	0	0	0	0	0	0	0	0	0	0	0	2003	0
LFQ	28	0	0	0	0	0	0	0	0	0	0	0	0	0	0	0	0	0	0	0	0	0	0	0	0	0	0	0	0	0	0	2003	0
LFQ	29	0	0	0	0	0	0	0	0	0	0	0	0	0	0	0	0	0	0	0	0	0	0	0	0	0	0	0	0	0	0	2003	0
LFQ	30	0	0	0	0	0	0	0	0	0	0	0	0	0	0	0	0	0	0	0	0	0	0	0	0	0	0	0	0	0	0	2003	0
LFQ	31	0	0	0	0	0	0	0	0	0	0	0	0	0	0	0	0	0	0	0	0	0	0	0	0	0	0	0	0	0	0	2003	0
LFQ	32	0	0	0	0	0	0	0	0	0	0	0	0	0	0	0	0	0	0	0	0	0	0	0	0	0	0	0	0	0	0	2003	0
LFQ	33	0	0	0	0	0	0	0	0	0	0	0	0	0	0	0	0	0	0	0	0	0	0	0	0	0	0	0	0	0	0	2003	0
LFQ	34	0	0	0	0	0	0	0	0	0	0	0	0	0	0	0	0	0	0	0	0	0	0	0	0	0	0	0	0	0	0	2003	0
LFQ	35	0	0	0	0	0	0	0	0	0	0	0	0	0	0	0	0	0	0	0	0	0	0	0	0	0	0	0	0	0	0	2003	0
LFQ	36	0	0	0	0	0	0	0	0	0	0	0	0	0	0	0	0	0	0	0	0	0	0	0	0	0	0	0	0	0	0	2003	0
LFQ	37	0	0	0	0	0	0	0	0	0	0	0	0	0	0	0	0	0	0	0	0	0	0	0	0	0	0	0	0	0	0	2003	0
LFQ	38	0	0	0	0	0	0	0	0	0	0	0	0	0	0	0	0	0	0	0	0	0	0	0	0	0	0	0	0	0	0	2003	0
LFQ	39	0	0	0	0	0	0	0	0	0	0	0	0	0	0	0	0	0	0	0	0	0	0	0	0	0	0	0	0	0	0	2003	0
LFQ	40	0	0	0	0	0	0	0	0	0	0	0	0	0	0	0	0	0	0	0	0	0	0	0	0	0	0	0	0	0	0	2003	0
LFQ	41	0	0	0	0	0	0	0	0	0	0	0	0	0	0	0	0	0	0	0	0	0	0	0	0	0	0	0	0	0	0	2003	0
LFQ	42	0	0	0	0	0	0	0	0	0	0	0	0	0	0	0	0	0	0	0	0	0	0	0	0	0	0	0	0	0	0	2003	0
LFQ	43	0	0	0	0	0	0	0	0	0	0	0	0	0	0	0	0	0	0	0	0	0	0	0	0	0	0	0	0	0	0	2003	0
LFQ	44	0	0	0	0	0	0	0	0	0	0	0	0	0	0	0	0	0	0	0	0	0	0	0	0	0	0	0	0	0	0	2003	0
LFQ	45	0	0	0	0	0	0	0	0	0	0	0	0	0	0	0	0	0	0	0	0	0	0	0	0	0	0	0	0	0	0	2003	0
LFQ	46	0	0	0	0	0	0	0	0	0	0	0	0	0	0	0	0	0	0	0	0	0	0	0	0	0	0	0	0	0	0	2003	0
LFQ	47	0	0	0	0	0	0	0	0	0	0	0	0	0	0	0	0	0	0	0	0	0	0	0	0	0	0	0	0	0	0	2003	0
LFQ	48	0	0	0	0	0	0	0	0	0	0	0	0	0	0	0	0	0	0	0	0	0	0	0	0	0	0	0	0	0	0	2003	0
LFQ	49	0	0	0	0	0	0	0	0	0	0	0	0	0	0	0	0	0	0	0	0	0	0	0	0	0	0	0	0	0	0	2003	0
LFQ	50	0	0	0	0	0	0	0	0	0	0	0	0	0	0	0	0	0	0	0	0	0	0	0	0	0	0	0	0	0	0	2003	0
LFQ	51	0	0	0	0	0	0	0	0	0	0	0	0	0	0	0	0	0	0	0	0	0	0	0	0	0	0	0	0	0	0	2003	0
LFQ	52	0	0	0	0	0	0	0	0	0	0	0	0	0	0	0	0	0	0	0	0	0	0	0	0	0	0	0	0	0	0	2003	0
LFQ	53	0	0	0	0	0	0	0	0	0	0	0	0	0	0	0	0	0	0	0	0	0	0	0	0	0	0	0	0	0	0	2003	0
LFQ	54	0	0	0	0	0	0	0	0	0	0	0	0	0	0	0	0	0	0	0	0	0	0	0	0	0	0	0	0	0	0	2003	0
LFQ	55	0	0	0	0	0	0	0	0	0	0	0	0	0	0	0	0	0	0	0	0	0	0	0	0	0	0	0	0	0	0	2003	0
LFQ	56	0	0	0	0	0	0	0	0	0	0	0	0	0	0	0	0	0	0	0	0	0	0	0	0	0	0	0	0	0	0	2003	0
LFQ	57	0	0	0	0	0	0	0	0	0	0	0	0	0	0	0	0	0	0	0	0	0	0	0	0	0	0	0	0	0	0	2003	0
LFQ	58	0	0	0	0	0	0	0	0	0	0	0	0	0	0	0	0	0	0	0	0	0	0	0	0	0	0	0	0	0	0	2003	0
LFQ	59	0	0	0	0	0	0	0	0	0	0	0	0	0	0	0	0	0	0	0	0	0	0	0	0	0	0	0	0	0	0	2003	0
LFQ	60	0	0	0	0	0	0	0	0	0	0	0	0	0	0	0	0	0	0	0	0	0	0	0	0	0	0	0	0	0	0	2003	0
LFQ	61	0	0	0	0	0	0	0	0	0	0	0	0	0	0	0	0	0	0	0	0	0	0	0	0	0	0	0	0	0	0	2003	0
LFQ	62	0	0	0	0	0	0	0	0	0	0	0	0	0	0	0	0	0	0	0	0	0	0	0	0	0	0	0	0	0	0	2003	0
LFQ	63	0	0	0	0	0	0	0	0	0	0	0	0	0	0	0	0	0	0	0	0	0	0	0	0	0	0	0	0	0	0	2003	0
LFQ	64	0	0	0	0	0	0	0	0	0	0	0	0	0	0	0	0	0	0	0	0	0	0	0	0	0	0	0	0	0	0	2003	0
LFQ	65	0	0	0	0	0	0	0	0	0	0	0	0	0	0	0	0	0	0	0	0	0	0	0	0	0	0	0	0	0	0	2003	0
LFQ	66	0	0	0	0	0	0	0	0	0	0	0	0	0	0	0	0	0	0	0	0	0	0	0	0	0	0	0	0	0	0	2003	0
LFQ	67	0	0	0	0	0	0	0	0	0	0	0	0	0	0	0	0	0	0	0	0	0	0	0	0	0	0	0	0	0	0	2003	0
LFQ	68	0	0	0	0	0	0	0	0	0	0	0	0	0	0	0	0	0	0	0	0	0	0	0	0	0	0	0	0	0	0	2003	0
LFQ	69	0	0	0	0	0	0	0	0	0	0	0	0	0	0	0	0	0	0	0	0	0	0	0	0	0	0	0	0	0	0	2003	0
LFQ	70	0	0	0	0	0	0	0	0	0	0	0	0	0	0	0	0	0	0	0	0	0	0	0	0	0	0	0	0	0	0	2003	0
LFQ	71	0	0	0	0	0	0	0	0	0	0	0	0	0	0	0	0	0	0	0	0	0	0	0	0	0	0	0	0	0	0	2003	0
LFQ	72	0	0	0	0	0	0	0	0	0	0	0	0	0	0	0	0	0	0	0	0	0	0	0	0	0	0	0	0	0	0	2003	0
LFQ	73	0	0	0	0	0	0	0	0	0	0	0	0	0	0	0	0	0	0	0	0	0	0	0	0	0	0	0	0	0	0	2003	0
LFQ	74	0	0	0	0	0	0	0	0	0	0	0	0	0	0	0	0	0	0	0	0	0	0	0	0	0	0	0	0	0	0	2003	0
LFQ	75	0	0	0	0	0	0	0	0	0	0	0	0	0	0	0	0	0	0	0	0	0	0	0	0	0	0	0	0	0	0	2003	0
LFQ	76	0	0	0	0	0	0	0	0	0	0	0	0	0	0	0	0	0	0	0	0	0	0	0	0	0	0	0	0	0	0	2003	0
LFQ	77	0	0	0	0	0	0	0	0	0	0	0	0	0	0	0	0	0	0	0	0	0	0	0	0	0	0	0	0	0	0	2003	0
LFQ	78	0	0	0	0	0	0	0	0	0	0	0	0	0	0	0	0	0	0	0	0	0	0	0	0	0	0	0	0	0	0	2003	0
LFQ	79	0	0	0	0	0	0	0	0	0	0	0	0	0	0	0	0	0	0	0	0	0	0	0	0	0	0	0	0	0	0	2003	0
LFQ	80	0	0	0	0	0	0	0	0	0	0	0	0	0	0	0	0	0	0	0	0	0	0	0	0	0	0	0	0	0	0	2003	0
LFQ	81	0	0	0	0	0	0	0	0	0	0	0	0	0	0	0	0	0	0	0	0	0	0	0	0	0	0	0	0	0	0	2003	0
LFQ	82	0	0	0	0	0	0	0	0	0	0	0	0	0	0	0	0	0	0	0	0	0	0	0	0	0	0	0	0	0	0	2003	0
LFQ	83	0	0	0	0	0	0	0	0	0	0	0	0	0	0	0	0	0	0	0	0	0	0	0	0	0	0	0	0	0	0	2003	0
LFQ	84	0	0	0	0	0	0	0	0	0	0	0	0	0	0	0	0	0	0	0	0	0	0	0	0	0	0	0	0	0	0	2003	0
LFQ	85	0	0	0	0	0	0	0	0	0	0	0	0	0	0	0	0	0	0	0	0	0	0	0	0	0	0	0	0	0	0	2003	0
LFQ	86	0	0	0	0	0	0	0	0	0	0	0	0	0	0	0	0	0	0	0	0	0	0	0	0	0	0	0	0	0	0	2003	0
LFQ	87	0	0	0	0	0	0	0	0	0	0	0	0	0	0	0	0	0	0	0	0	0	0	0	0	0	0	0	0	0	0	2003	0
LFQ	88	0	0	0	0	0	0	0	0	0	0	0	0	0	0	0	0	0	0	0	0	0	0	0	0	0	0	0	0	0	0	2003	0
LFQ	89	0	0	0	0	0	0	0	0	0	0	0	0	0	0	0	0	0	0	0	0	0	0	0	0	0	0	0	0	0	0	2003	0
LFQ	90	0	0	0	0	0	0	0	0	0	0	0	0	0	0	0	0	0	0	0	0	0	0	0	0	0	0	0	0	0	0	2003	0
LFQ	91	0	0	0	0	0	0	0	0	0	0	0	0	0	0	0	0	0	0	0	0	0	0	0	0	0	0	0	0	0	0	2003	0
LFQ	92	0	0	0	0	0	0	0	0	0	0	0	0	0	0	0	0	0	0	0	0	0	0	0	0	0	0	0	0	0	0	2003	0
LFQ	93	0	0	0	0	0	0	0	0	0	0	0	0	0	0	0	0	0	0	0	0	0	0	0	0	0	0	0	0	0	0	2003	0
LFQ	94	0	0	0	0	0	0	0	0	0	0	0	0	0	0	0	0	0	0	0	0	0	0	0	0	0	0	0	0	0	0	2003	0
LFQ	95	0	0	0	0	0	0	0	0	0	0	0	0	0	0	0	0	0	0	0	0	0	0	0	0	0	0	0	0	0	0	2003	0
LFQ	96	0	0	0	0	0	0	0	0	0	0	0	0	0	0	0	0	0	0	0	0	0	0	0	0	0	0	0	0	0	0	2003	0
LFQ	97	0	0	0	0	0	0	0	0	0	0	0	0	0	0	0	0	0	0	0	0	0	0	0	0	0	0	0	0	0	0	2003	0
LFQ	98	0	0	0	0	0	0	0	0	0	0	0	0	0	0	0	0	0	0	0	0	0	0	0	0	0	0	0	0	0	0	2003	0
LFQ	99	0	0	0	0	0	0	0	0	0	0	0	0	0	0	0	0	0	0	0	0	0	0	0	0	0	0	0	0	0	0	2003	0
LFQ	100	0	0	0	0	0	0	0	0	0	0	0	0	0	0	0	0	0	0	0	0	0	0	0	0	0	0	0	0	0	0	2003	0
LFQ	101	0	0	0	0	0	0	0	0	0	0	0	0	0	0	0	0	0	0	0	0	0	0	0	0	0	0	0	0	0	0	2003	0
LFQ	102	0	0	0	0	0	0	0	0	0	0	0	0	0	0	0	0	0	0	0	0	0	0	0	0	0	0	0	0	0	0	2003	0
LFQ	103	0	0	0	0	0	0	0	0	0	0	0	0	0	0	0	0	0	0	0	0	0	0	0	0	0	0	0	0	0	0	2003	0
LFQ	104	0	0	0	0	0	0	0	0	0	0	0	0	0	0	0	0	0	0	0	0	0	0	0	0	0	0	0	0	0	0	2003	0
LFQ	105	0	0	0	0	0	0	0	0	0	0	0	0	0	0	0	0	0	0	0	0	0	0	0	0	0	0	0	0	0	0	2003	0
LFQ	106	0	0	0	0	0	0	0	0	0	0	0	0	0	0	0	0	0	0	0	0	0	0	0	0	0	0	0	0	0	0	2003	0
LFQ	107	0	0	0	0	0	0	0	0	0	0	0	0	0	0	0	0	0	0	0	0	0	0	0	0	0	0	0	0	0	0	2003	0
LFQ	108	0	0	0	0	0	0	0	0	0	0	0	0	0	0	0	0	0	0	0	0	0	0	0	0	0	0	0	0	0	0	2003	0
LFQ	109	0	0	0	0	0	0	0	0	0	0	0	0	0	0	0	0	0	0	0	0	0	0	0	0	0	0	0	0	0	0	2003	0
LFQ	110	0	0	0	0	0	0	0	0	0	0	0	0	0	0	0	0	0	0	0	0	0	0	0	0	0	0	0	0	0	0	2003	0
LFQ	111	0	0	0	0	0	0	0	0	0	0	0	0	0	0	0	0	0	0	0	0	0	0	0	0	0	0	0	0	0	0	2003	0
LFQ	112	0	0	0	0	0	0	0	0	0	0	0	0	0	0	0	0	0	0	0	0	0	0	0	0	0	0	0	0	0	0	2003	0
LFQ	113	0	0	0	0	0	0	0	0	0	0	0	0	0	0	0	0	0	0	0	0	0	0	0	0	0	0	0	0	0	0	2003	0
LFQ	114	0	0	0	0	0	0	0	0	0	0	0	0	0	0	0	0	0	0	0	0	0	0	0	0	0	0	0	0	0	0	2003	0
LFQ	115	0	0	0	0	0	0	0	0	0	0	0	0	0	0	0	0	0	0	0	0	0	0	0	0	0	0	0	0	0	0	2003	0
LFQ	116	0	0	0	0	0	0	0	0	0	0	0	0	0	0	0	0	0	0	0	0	0	0	0	0	0	0	0	0	0	0	2003	0
LFQ	117	0	0	0	0	0	0	0	0	0	0	0	0	0	0	0	0	0	0	0	0	0	0	0	0	0	0	0	0	0	0	2003	0
LFQ	118	0	0	0	0	0	0	0	0	0	0	0	0	0	0	0	0	0	0	0	0	0	0	0	0	0	0	0	0	0	0	2003	0
LFQ	119	0	0	0	0	0	0	0	0	0	0	0	0	0	0	0	0	0	0	0	0	0	0	0	0	0	0	0	0	0	0	2003	0
LFQ	120	0	0	0	0	0	0	0	0	0	0	0	0	0	0	0	0	0	0	0	0	0	0	0	0	0	0	0	0	0	0	2003	0
LFQ	121	0	0	0	0	0	0	0	0	0	0	0	0	0	0	0	0	0	0	0	0	0	0	0	0	0	0	0	0	0	0	2003	0
LFQ	122	0	0	0	0	0	0	0	0	0	0	0	0	0	0	0	0	0	0	0	0	0	0	0	0	0	0	0	0	0	0	2003	0
LFQ	123	0	0	0	0	0	0	0	0	0	0	0	0	0	0	0	0	0	0	0	0	0	0	0	0	0	0	0	0	0	0	2003	0
LFQ	124	0	0	0	0	0	0	0	0	0	0	0	0	0	0	0	0	0	0	0	0	0	0	0	0	0	0	0	0	0	0	2003	0
LFQ	125	0	0	0	0	0	0	0	0	0	0	0	0	0	0	0	0	0	0	0	0	0	0	0	0	0	0	0	0	0	0	2003	0
LFQ	126	0	0	0	0	0	0	0	0	0	0	0	0	0	0	0	0	0	0	0	0	0	0	0	0	0	0	0	0	0	0	2003	0
LFQ	127	0	0	0	0	0	0	0	0	0	0	0	0	0	0	0	0	0	0	0	0	0	0	0	0	0	0	0	0	0	0	2003	0
LFQ	128	0	0	0	0	0	0	0	0	0	0	0	0	0	0	0	0	0	0	0	0	0	0	0	0	0	0	0	0	0	0	2003	0
LFQ	129	0	0	0	0	0	0	0	0	0	0	0	0	0	0	0	0	0	0	0	0	0	0	0	0	0	0	0	0	0	0	2003	0
LFQ	130	0	0	0	0	0	0	0	0	0	0	0	0	0	0	0	0	0	0	0	0	0	0	0	0	0	0	0	0	0	0	2003	0
LFQ	131	0	0	0	0	0	0	0	0	0	0	0	0	0	0	0	0	0	0	0	0	0	0	0	0	0	0	0	0	0	0	2003	0
LFQ	132	0	0	0	0	0	0	0	0	0	0	0	0	0	0	0	0	0	0	0	0	0	0	0	0	0	0	0	0	0	0	2003	0
LFQ	133	0	0	0	0	0	0	0	0	0	0	0	0	0	0	0	0	0	0	0	0	0	0	0	0	0	0	0	0	0	0	2003	0
LFQ	134	0	0	0	0	0	0	0	0	0	0	0	0	0	0	0	0	0	0	0	0	0	0	0	0	0	0	0	0	0	0	2003	0
LFQ	135	0	0	0	0	0	0	0	0	0	0	0	0	0	0	0	0	0	0	0	0	0	0	0	0	0	0	0	0	0	0	2003	0
LFQ	136	0	0	0	0	0	0	0	0	0	0	0	0	0	0	0	0	0	0	0	0	0	0	0	0	0	0	0	0	0	0	2003	0
LFQ	137	0	0	0	0	0	0	0	0	0	0	0	0	0	0	0	0	0	0	0	0	0	0	0	0	0	0	0	0	0	0	2003	0
LFQ	138	0	0	0	0	0	0	0	0	0	0	0	0	0	0	0	0	0	0	0	0	0	0	0	0	0	0	0	0	0	0	2003	0
LFQ	139	0	0	0	0	0	0	0	0	0	0	0	0	0	0	0	0	0	0	0	0	0	0	0	0	0	0	0	0	0	0	2003	0
LFQ	140	0	0	0	0	0	0	0	0	0	0	0	0	0	0	0	0	0	0	0	0	0	0	0	0	0	0	0	0	0	0	2003	0
LFQ	141	0	0	0	0	0	0	0	0	0	0	0	0	0	0	0	0	0	0	0	0	0	0	0	0	0	0	0	0	0	0	2003	0
LFQ	142	0	0	0	0	0	0	0	0	0	0	0	0	0	0	0	0	0	0	0	0	0	0	0	0	0	0	0	0	0	0	2003	0
LFQ	143	0	0	0	0	0	0	0	0	0	0	0	0	0	0	0	0	0	0	0	0	0	0	0	0	0	0	0	0	0	0	2003	0
LFQ	144	0	0	0	0	0	0	0	0	0	0	0	0	0	0	0	0	0	0	0	0	0	0	0	0	0	0	0	0	0	0	2003	0
LFQ	145	0	0	0	0	0	0	0	0	0	0	0	0	0	0	0	0	0	0	0	0	0	0	0	0	0	0	0	0	0	0	2003	0
LFQ	146	0	0	0	0	0	0	0	0	0	0	0	0	0	0	0	0	0	0	0	0	0	0	0	0	0	0	0	0	0	0	2003	0
LFQ	147	0	0	0	0	0	0	0	0	0	0	0	0	0	0	0	0	0	0	0	0	0	0	0	0	0	0	0	0	0	0	2003	0
LFQ	148	0	0	0	0	0	0	0	0	0	0	0	0	0	0	0	0	0	0	0	0	0	0	0	0	0	0	0	0	0	0	2003	0
LFQ	149	0	0	0	0	0	0	0	0	0	0	0	0	0	0	0	0	0	0	0	0	0	0	0	0	0	0	0	0	0	0	2003	0
LFQ	150	0	0	0	0	0	0	0	0	0	0	0	0	0	0	0	0	0	0	0	0	0	0	0	0	0	0	0	0	0	0	2003	0
# GC Content of first fragments. Use `grep ^GCF | cut -f 2-` to extract this part.
GCF	7.29	0
GCF	14.82	2
GCF	15.33	0
GCF	16.08	2
GCF	17.09	0
GCF	18.34	4
GCF	19.85	1
GCF	20.85	6
GCF	21.36	4
GCF	22.36	6
GCF	23.37	5
GCF	24.12	14
GCF	24.87	16
GCF	25.88	18
GCF	26.88	15
GCF	27.39	22
GCF	28.14	30
GCF	28.89	35
GCF	29.40	32
GCF	30.15	31
GCF	30.90	36
GCF	31.41	29
GCF	32.16	37
GCF	32.91	58
GCF	33.42	71
GCF	33.92	80
GCF	34.67	61
GCF	35.43	76
GCF	35.93	70
GCF	36.68	82
GCF	37.44	63
GCF	37.94	72
GCF	38.69	65
GCF	39.45	69
GCF	39.95	63
GCF	40.70	66
GCF	41.46	67
GCF	41.96	59
GCF	42.71	53
GCF	43.47	62
GCF	43.97	46
GCF	44.72	40
GCF	45.48	54
GCF	45.98	45
GCF	46.73	46
GCF	47.49	50
GCF	47.99	42
GCF	48.74	25
GCF	49.50	18
GCF	50.00	16
GCF	50.75	14
GCF	51.51	15
GCF	52.01	10
GCF	52.76	8
GCF	53.52	9
GCF	54.02	10
GCF	54.77	5
GCF	55.53	1
GCF	56.03	6
GCF	56.78	8
GCF	57.54	3
GCF	58.04	8
GCF	58.79	2
GCF	59.55	1
GCF	60.05	0
GCF	60.80	4
GCF	61.81	1
GCF	63.82	0
GCF	65.58	1
GCF	66.33	0
GCF	67.59	1
GCF	69.10	0
GCF	70.10	1
# GC Content of last fragments. Use `grep ^GCL | cut -f 2-` to extract this part.
GCL	7.79	0
GCL	16.08	1
GCL	16.83	0
GCL	17.34	2
GCL	18.09	1
GCL	18.84	2
GCL	19.35	1
GCL	20.10	2
GCL	21.11	0
GCL	22.11	2
GCL	22.86	6
GCL	23.37	4
GCL	24.12	14
GCL	25.13	13
GCL	26.13	19
GCL	26.88	18
GCL	27.39	26
GCL	28.14	25
GCL	28.89	37
GCL	29.90	29
GCL	30.90	39
GCL	31.41	52
GCL	32.16	40
GCL	32.91	42
GCL	33.42	59
GCL	33.92	77
GCL	34.67	72
GCL	35.43	66
GCL	35.93	80
GCL	36.68	94
GCL	37.44	63
GCL	37.94	74
GCL	38.69	62
GCL	39.45	70
GCL	39.95	64
GCL	40.70	86
GCL	41.46	55
GCL	41.96	49
GCL	42.71	45
GCL	43.47	52
GCL	43.97	47
GCL	44.72	58
GCL	45.48	64
GCL	45.98	34
GCL	46.73	44
GCL	47.49	57
GCL	47.99	19
GCL	48.74	30
GCL	49.50	22
GCL	50.00	30
GCL	50.75	13
GCL	51.51	14
GCL	52.01	8
GCL	52.76	9
GCL	53.52	7
GCL	54.02	8
GCL	54.77	6
GCL	56.28	5
GCL	57.54	7
GCL	58.04	4
GCL	58.79	5
GCL	59.80	3
GCL	60.80	1
GCL	61.56	2
GCL	62.06	1
GCL	63.07	2
GCL	65.08	0
GCL	66.58	1
GCL	67.34	2
# ACGT content per cycle. Use `grep ^GCC | cut -f 2-` to extract this part. The columns are: cycle; A,C,G,T base counts as a percentage of all A/C/G/T bases [%]; and N and O counts as a percentage of all A/C/G/T bases [%]
GCC	1	31.80	19.45	18.57	30.18	0.00	0.00
GCC	2	30.65	20.69	18.62	30.03	0.00	0.00
GCC	3	31.08	20.52	17.97	30.43	0.00	0.00
GCC	4	30.65	20.79	18.40	30.15	0.00	0.00
GCC	5	30.38	20.12	18.65	30.85	0.00	0.00
GCC	6	31.00	19.80	19.07	30.13	0.00	0.00
GCC	7	30.30	19.97	18.35	31.38	0.00	0.00
GCC	8	30.95	19.80	19.10	30.15	0.00	0.00
GCC	9	29.83	20.54	20.04	29.58	0.00	0.00
GCC	10	29.98	19.50	19.67	30.85	0.00	0.00
GCC	11	30.98	19.67	19.00	30.35	0.00	0.00
GCC	12	31.80	20.64	18.40	29.16	0.00	0.00
GCC	13	30.58	20.34	18.15	30.93	0.00	0.00
GCC	14	30.43	19.72	18.85	31.00	0.00	0.00
GCC	15	30.30	20.19	18.47	31.03	0.00	0.00
GCC	16	30.45	20.19	19.97	29.38	0.00	0.00
GCC	17	31.13	19.72	18.62	30.53	0.00	0.00
GCC	18	30.75	19.75	18.30	31.20	0.00	0.00
GCC	19	29.66	19.47	19.55	31.33	0.00	0.00
GCC	20	31.23	19.75	19.05	29.98	0.00	0.00
GCC	21	30.75	20.62	18.35	30.28	0.00	0.00
GCC	22	29.78	20.39	18.00	31.83	0.00	0.00
GCC	23	30.53	19.95	18.75	30.78	0.00	0.00
GCC	24	30.20	20.79	18.50	30.50	0.00	0.00
GCC	25	30.53	20.12	18.07	31.28	0.00	0.00
GCC	26	30.20	19.92	18.90	30.98	0.00	0.00
GCC	27	29.38	20.09	19.12	31.40	0.00	0.00
GCC	28	31.18	19.17	18.02	31.63	0.00	0.00
GCC	29	30.13	21.19	18.27	30.40	0.00	0.00
GCC	30	31.45	19.65	18.65	30.25	0.00	0.00
GCC	31	31.73	20.07	18.00	30.20	0.00	0.00
GCC	32	30.28	19.65	18.42	31.65	0.00	0.00
GCC	33	30.90	19.45	18.80	30.85	0.00	0.00
GCC	34	30.58	19.07	17.97	32.38	0.00	0.00
GCC	35	29.16	20.62	19.25	30.98	0.00	0.00
GCC	36	30.60	19.52	20.09	29.78	0.00	0.00
GCC	37	30.38	19.42	19.62	30.58	0.00	0.00
GCC	38	30.10	19.25	19.12	31.53	0.00	0.00
GCC	39	29.88	19.92	18.97	31.23	0.00	0.00
GCC	40	31.03	20.22	17.57	31.18	0.00	0.00
GCC	41	29.61	20.04	19.35	31.00	0.00	0.00
GCC	42	32.13	20.07	18.55	29.26	0.00	0.00
GCC	43	31.10	18.70	18.35	31.85	0.00	0.00
GCC	44	30.25	20.37	18.15	31.23	0.00	0.00
GCC	45	30.40	20.17	19.60	29.83	0.00	0.00
GCC	46	30.95	20.22	18.40	30.43	0.00	0.00
GCC	47	29.28	20.79	19.22	30.70	0.00	0.00
GCC	48	29.81	19.90	19.10	31.20	0.00	0.00
GCC	49	29.48	18.77	19.90	31.85	0.00	0.00
GCC	50	29.88	19.60	19.10	31.43	0.00	0.00
GCC	51	30.65	19.80	18.45	31.10	0.00	0.00
GCC	52	31.15	20.12	18.87	29.86	0.00	0.00
GCC	53	30.78	20.19	18.20	30.83	0.00	0.00
GCC	54	30.80	20.47	18.77	29.96	0.00	0.00
GCC	55	30.70	20.04	19.12	30.13	0.00	0.00
GCC	56	29.31	20.29	19.07	31.33	0.00	0.00
GCC	57	29.88	20.49	19.62	30.00	0.00	0.00
GCC	58	30.48	19.40	18.25	31.88	0.00	0.00
GCC	59	30.13	19.42	18.95	31.50	0.00	0.00
GCC	60	31.15	18.67	19.27	30.90	0.00	0.00
GCC	61	31.25	20.04	19.02	29.68	0.00	0.00
GCC	62	30.95	20.72	17.72	30.60	0.00	0.00
GCC	63	29.71	19.05	19.72	31.53	0.00	0.00
GCC	64	30.13	20.34	19.45	30.08	0.00	0.00
GCC	65	31.18	18.82	19.10	30.90	0.00	0.00
GCC	66	30.15	20.22	19.85	29.78	0.00	0.00
GCC	67	30.68	18.57	19.85	30.90	0.00	0.00
GCC	68	30.60	18.95	19.15	31.30	0.00	0.00
GCC	69	30.10	20.59	19.12	30.18	0.00	0.00
GCC	70	32.48	19.00	18.90	29.63	0.00	0.00
GCC	71	29.91	19.42	19.75	30.93	0.00	0.00
GCC	72	29.68	20.99	18.40	30.93	0.00	0.00
GCC	73	31.55	18.95	18.32	31.18	0.00	0.00
GCC	74	31.08	19.82	18.22	30.88	0.00	0.00
GCC	75	31.08	19.32	19.32	30.28	0.00	0.00
GCC	76	31.53	20.24	18.12	30.10	0.00	0.00
GCC	77	30.78	20.59	18.85	29.78	0.00	0.00
GCC	78	30.55	20.57	18.92	29.96	0.00	0.00
GCC	79	30.88	19.75	18.17	31.20	0.00	0.00
GCC	80	30.00	20.29	19.35	30.35	0.00	0.00
GCC	81	29.93	19.10	19.57	31.40	0.00	0.00
GCC	82	30.90	19.35	19.30	30.45	0.00	0.00
GCC	83	30.88	19.47	18.90	30.75	0.00	0.00
GCC	84	30.48	19.25	19.40	30.88	0.00	0.00
GCC	85	30.85	19.87	19.35	29.93	0.00	0.00
GCC	86	30.90	20.00	18.27	30.83	0.00	0.00
GCC	87	31.00	19.22	18.57	31.20	0.00	0.00
GCC	88	31.08	19.00	19.67	30.25	0.00	0.00
GCC	89	31.15	19.75	19.47	29.63	0.00	0.00
GCC	90	30.50	19.97	19.20	30.33	0.00	0.00
GCC	91	31.08	19.05	19.07	30.80	0.00	0.00
GCC	92	29.36	19.82	18.45	32.38	0.00	0.00
GCC	93	30.45	19.55	18.67	31.33	0.00	0.00
GCC	94	31.48	20.24	19.15	29.13	0.00	0.00
GCC	95	29.56	20.44	19.22	30.78	0.00	0.00
GCC	96	30.10	20.54	19.15	30.20	0.00	0.00
GCC	97	30.38	19.27	19.50	30.85	0.00	0.00
GCC	98	30.75	19.52	19.27	30.45	0.00	0.00
GCC	99	30.25	19.32	17.97	32.45	0.00	0.00
GCC	100	31.28	19.57	17.67	31.48	0.00	0.00
GCC	101	30.15	19.97	19.85	30.03	0.00	0.00
GCC	102	31.90	19.27	18.15	30.68	0.00	0.00
GCC	103	29.63	19.00	19.77	31.60	0.00	0.00
GCC	104	30.53	19.27	19.95	30.25	0.00	0.00
GCC	105	30.88	20.04	18.52	30.55	0.00	0.00
GCC	106	31.65	19.77	19.35	29.23	0.00	0.00
GCC	107	29.68	20.19	19.02	31.10	0.00	0.00
GCC	108	31.13	19.95	17.55	31.38	0.00	0.00
GCC	109	29.73	20.09	18.30	31.88	0.00	0.00
GCC	110	30.33	20.37	18.80	30.50	0.00	0.00
GCC	111	29.28	19.07	18.72	32.93	0.00	0.00
GCC	112	29.33	20.09	19.55	31.03	0.00	0.00
GCC	113	30.33	20.84	18.62	30.20	0.00	0.00
GCC	114	30.40	18.47	19.35	31.78	0.00	0.00
GCC	115	29.18	19.30	19.40	32.13	0.00	0.00
GCC	116	30.08	18.72	18.90	32.30	0.00	0.00
GCC	117	30.83	19.75	17.65	31.78	0.00	0.00
GCC	118	30.15	20.12	17.50	32.23	0.00	0.00
GCC	119	30.33	20.27	18.60	30.80	0.00	0.00
GCC	120	30.85	20.54	18.47	30.13	0.00	0.00
GCC	121	30.40	20.00	18.77	30.83	0.00	0.00
GCC	122	30.18	20.74	18.92	30.15	0.00	0.00
GCC	123	32.18	20.19	17.90	29.73	0.00	0.00
GCC	124	29.41	20.39	19.17	31.03	0.00	0.00
GCC	125	31.23	19.57	19.17	30.03	0.00	0.00
GCC	126	30.35	20.42	19.50	29.73	0.00	0.00
GCC	127	31.33	18.25	19.22	31.20	0.00	0.00
GCC	128	31.40	19.40	18.75	30.45	0.00	0.00
GCC	129	30.58	20.02	18.82	30.58	0.00	0.00
GCC	130	30.68	19.35	18.80	31.18	0.00	0.00
GCC	131	31.63	19.42	18.20	30.75	0.00	0.00
GCC	132	30.55	20.19	19.25	30.00	0.00	0.00
GCC	133	30.13	18.87	19.30	31.70	0.00	0.00
GCC	134	30.08	18.60	20.27	31.05	0.00	0.00
GCC	135	30.18	20.04	19.22	30.55	0.00	0.00
GCC	136	31.10	19.47	18.25	31.18	0.00	0.00
GCC	137	31.38	20.39	18.40	29.83	0.00	0.00
GCC	138	31.78	19.75	18.45	30.03	0.00	0.00
GCC	139	31.78	20.00	19.55	28.68	0.00	0.00
GCC	140	31.10	19.90	19.02	29.98	0.00	0.00
GCC	141	31.68	20.57	17.30	30.45	0.00	0.00
GCC	142	29.98	19.70	19.57	30.75	0.00	0.00
GCC	143	29.68	20.74	19.32	30.25	0.00	0.00
GCC	144	30.63	20.47	19.67	29.23	0.00	0.00
GCC	145	30.98	19.97	17.25	31.80	0.00	0.00
GCC	146	31.30	19.25	18.72	30.73	0.00	0.00
GCC	147	30.23	19.92	18.15	31.70	0.00	0.00
GCC	148	32.15	19.05	18.82	29.98	0.00	0.00
GCC	149	30.83	19.55	18.97	30.65	0.00	0.00
GCC	150	31.20	18.25	19.02	31.53	0.00	0.00
# ACGT content per cycle, read oriented. Use `grep ^GCT | cut -f 2-` to extract this part. The columns are: cycle; A,C,G,T base counts as a percentage of all A/C/G/T bases [%]
GCT	1	31.58	18.70	19.32	30.40
GCT	2	30.05	19.67	19.65	30.63
GCT	3	29.83	18.75	19.75	31.68
GCT	4	30.08	19.35	19.85	30.73
GCT	5	29.18	19.30	19.47	32.05
GCT	6	29.96	19.87	19.00	31.18
GCT	7	29.86	18.80	19.52	31.83
GCT	8	29.38	19.20	19.70	31.73
GCT	9	28.16	21.59	19.00	31.25
GCT	10	29.86	20.14	19.02	30.98
GCT	11	30.28	19.70	18.97	31.05
GCT	12	30.83	20.19	18.85	30.13
GCT	13	31.13	20.22	18.27	30.38
GCT	14	30.20	19.12	19.45	31.23
GCT	15	31.35	19.67	19.00	29.98
GCT	16	29.68	19.70	20.47	30.15
GCT	17	30.40	18.52	19.82	31.25
GCT	18	31.33	18.15	19.90	30.63
GCT	19	30.00	19.35	19.67	30.98
GCT	20	30.68	20.12	18.67	30.53
GCT	21	30.35	19.80	19.17	30.68
GCT	22	30.20	19.65	18.75	31.40
GCT	23	30.65	18.35	20.34	30.65
GCT	24	30.38	20.00	19.30	30.33
GCT	25	30.85	18.67	19.52	30.95
GCT	26	30.30	20.49	18.32	30.88
GCT	27	31.08	19.72	19.50	29.71
GCT	28	32.60	18.32	18.87	30.20
GCT	29	30.30	20.00	19.47	30.23
GCT	30	30.08	19.45	18.85	31.63
GCT	31	31.45	18.92	19.15	30.48
GCT	32	30.43	18.92	19.15	31.50
GCT	33	30.63	18.80	19.45	31.13
GCT	34	32.00	18.87	18.17	30.95
GCT	35	30.93	19.67	20.19	29.21
GCT	36	30.08	20.22	19.40	30.30
GCT	37	31.75	19.97	19.07	29.21
GCT	38	30.65	19.32	19.05	30.98
GCT	39	31.75	19.92	18.97	29.36
GCT	40	31.30	20.32	17.47	30.90
GCT	41	30.18	20.39	19.00	30.43
GCT	42	29.86	19.07	19.55	31.53
GCT	43	31.78	18.65	18.40	31.18
GCT	44	30.25	19.20	19.32	31.23
GCT	45	30.53	20.82	18.95	29.71
GCT	46	30.88	19.12	19.50	30.50
GCT	47	29.66	20.14	19.87	30.33
GCT	48	31.78	18.75	20.24	29.23
GCT	49	29.71	19.37	19.30	31.63
GCT	50	31.33	19.52	19.17	29.98
GCT	51	31.28	19.20	19.05	30.48
GCT	52	29.18	19.82	19.17	31.83
GCT	53	29.86	19.60	18.80	31.75
GCT	54	30.75	19.40	19.85	30.00
GCT	55	30.33	18.75	20.42	30.50
GCT	56	30.10	19.52	19.85	30.53
GCT	57	29.73	20.72	19.40	30.15
GCT	58	31.45	19.85	17.80	30.90
GCT	59	30.23	18.60	19.77	31.40
GCT	60	31.18	19.42	18.52	30.88
GCT	61	30.68	19.00	20.07	30.25
GCT	62	31.00	18.80	19.65	30.55
GCT	63	30.43	18.90	19.87	30.80
GCT	64	30.83	20.47	19.32	29.38
GCT	65	30.35	18.82	19.10	31.73
GCT	66	29.18	19.67	20.39	30.75
GCT	67	32.23	19.15	19.27	29.36
GCT	68	31.60	19.57	18.52	30.30
GCT	69	29.33	20.59	19.12	30.95
GCT	70	30.93	19.22	18.67	31.18
GCT	71	30.48	19.52	19.65	30.35
GCT	72	29.56	19.80	19.60	31.05
GCT	73	31.80	18.67	18.60	30.93
GCT	74	30.85	18.42	19.62	31.10
GCT	75	30.33	17.80	20.84	31.03
GCT	76	30.55	19.20	19.17	31.08
GCT	77	29.96	20.19	19.25	30.60
GCT	78	30.38	19.77	19.72	30.13
GCT	79	30.93	18.47	19.45	31.15
GCT	80	30.60	19.97	19.67	29.76
GCT	81	30.88	20.72	17.95	30.45
GCT	82	31.55	19.22	19.42	29.81
GCT	83	31.20	19.42	18.95	30.43
GCT	84	30.80	19.45	19.20	30.55
GCT	85	29.86	19.60	19.62	30.93
GCT	86	31.23	20.44	17.82	30.50
GCT	87	32.23	18.62	19.17	29.98
GCT	88	29.68	19.97	18.70	31.65
GCT	89	30.55	19.17	20.04	30.23
GCT	90	30.40	20.04	19.12	30.43
GCT	91	31.48	18.27	19.85	30.40
GCT	92	30.43	18.32	19.95	31.30
GCT	93	31.45	18.87	19.35	30.33
GCT	94	30.33	19.62	19.77	30.28
GCT	95	30.10	20.32	19.35	30.23
GCT	96	30.18	20.29	19.40	30.13
GCT	97	31.15	18.82	19.95	30.08
GCT	98	30.90	18.45	20.34	30.30
GCT	99	31.00	18.25	19.05	31.70
GCT	100	31.85	19.52	17.72	30.90
GCT	101	30.08	20.07	19.75	30.10
GCT	102	31.63	19.17	18.25	30.95
GCT	103	30.93	19.12	19.65	30.30
GCT	104	30.28	19.65	19.57	30.50
GCT	105	31.50	19.65	18.92	29.93
GCT	106	29.58	20.12	19.00	31.30
GCT	107	29.78	19.87	19.35	31.00
GCT	108	32.30	18.70	18.80	30.20
GCT	109	31.90	18.85	19.55	29.71
GCT	110	29.68	19.15	20.02	31.15
GCT	111	31.28	19.15	18.65	30.93
GCT	112	30.20	20.09	19.55	30.15
GCT	113	30.00	20.14	19.32	30.53
GCT	114	30.85	19.45	18.37	31.33
GCT	115	30.55	19.30	19.40	30.75
GCT	116	30.98	18.75	18.87	31.40
GCT	117	32.25	18.45	18.95	30.35
GCT	118	30.85	18.40	19.22	31.53
GCT	119	29.88	19.95	18.92	31.25
GCT	120	30.08	19.65	19.37	30.90
GCT	121	31.15	18.97	19.80	30.08
GCT	122	30.03	20.37	19.30	30.30
GCT	123	30.55	19.75	18.35	31.35
GCT	124	28.88	20.49	19.07	31.55
GCT	125	31.45	19.22	19.52	29.81
GCT	126	30.33	20.12	19.80	29.76
GCT	127	31.78	18.07	19.40	30.75
GCT	128	30.78	19.40	18.75	31.08
GCT	129	30.50	19.82	19.02	30.65
GCT	130	31.35	19.05	19.10	30.50
GCT	131	30.55	18.02	19.60	31.83
GCT	132	31.08	20.19	19.25	29.48
GCT	133	31.95	19.72	18.45	29.88
GCT	134	30.63	19.07	19.80	30.50
GCT	135	31.20	19.60	19.67	29.53
GCT	136	31.25	18.45	19.27	31.03
GCT	137	32.03	18.57	20.22	29.18
GCT	138	30.55	18.80	19.40	31.25
GCT	139	30.33	19.12	20.42	30.13
GCT	140	30.88	20.29	18.62	30.20
GCT	141	30.38	18.65	19.22	31.75
GCT	142	30.28	19.72	19.55	30.45
GCT	143	30.15	19.55	20.52	29.78
GCT	144	30.95	20.52	19.62	28.91
GCT	145	31.10	18.87	18.35	31.68
GCT	146	30.68	18.95	19.02	31.35
GCT	147	31.93	18.05	20.02	30.00
GCT	148	31.73	18.35	19.52	30.40
GCT	149	30.63	19.92	18.60	30.85
GCT	150	31.83	18.25	19.02	30.90
# ACGT content per cycle for first fragments. Use `grep ^FBC | cut -f 2-` to extract this part. The columns are: cycle; A,C,G,T base counts as a percentage of all A/C/G/T bases [%]; and N and O counts as a percentage of all A/C/G/T bases [%]
FBC	1	32.20	18.67	18.82	30.30	0.00	0.00
FBC	2	32.10	20.02	18.37	29.51	0.00	0.00
FBC	3	31.15	20.37	18.72	29.76	0.00	0.00
FBC	4	30.55	20.52	18.27	30.65	0.00	0.00
FBC	5	30.50	20.42	18.62	30.45	0.00	0.00
FBC	6	31.00	20.77	19.77	28.46	0.00	0.00
FBC	7	29.71	19.97	18.22	32.10	0.00	0.00
FBC	8	30.60	20.17	18.27	30.95	0.00	0.00
FBC	9	30.20	21.57	18.92	29.31	0.00	0.00
FBC	10	29.66	19.02	19.57	31.75	0.00	0.00
FBC	11	31.20	20.52	18.77	29.51	0.00	0.00
FBC	12	31.40	21.82	17.87	28.91	0.00	0.00
FBC	13	30.65	20.27	18.37	30.70	0.00	0.00
FBC	14	31.55	20.27	17.72	30.45	0.00	0.00
FBC	15	30.75	19.12	18.47	31.65	0.00	0.00
FBC	16	30.85	20.32	19.27	29.56	0.00	0.00
FBC	17	31.40	18.72	19.32	30.55	0.00	0.00
FBC	18	30.50	20.87	17.57	31.05	0.00	0.00
FBC	19	29.11	20.42	19.52	30.95	0.00	0.00
FBC	20	31.70	19.72	18.52	30.05	0.00	0.00
FBC	21	30.75	20.32	18.02	30.90	0.00	0.00
FBC	22	30.30	19.62	18.82	31.25	0.00	0.00
FBC	23	30.20	20.02	20.37	29.41	0.00	0.00
FBC	24	30.65	20.77	18.77	29.81	0.00	0.00
FBC	25	30.60	20.27	17.57	31.55	0.00	0.00
FBC	26	30.85	19.77	18.87	30.50	0.00	0.00
FBC	27	29.36	19.62	18.87	32.15	0.00	0.00
FBC	28	31.00	17.97	18.82	32.20	0.00	0.00
FBC	29	30.10	21.37	18.17	30.35	0.00	0.00
FBC	30	31.90	19.47	18.17	30.45	0.00	0.00
FBC	31	31.75	19.97	17.17	31.10	0.00	0.00
FBC	32	30.55	19.42	18.37	31.65	0.00	0.00
FBC	33	30.80	19.17	19.67	30.35	0.00	0.00
FBC	34	31.00	18.87	16.92	33.20	0.00	0.00
FBC	35	30.30	20.42	19.22	30.05	0.00	0.00
FBC	36	30.45	19.42	19.92	30.20	0.00	0.00
FBC	37	30.40	19.42	20.27	29.91	0.00	0.00
FBC	38	30.05	19.97	17.72	32.25	0.00	0.00
FBC	39	30.20	19.97	18.62	31.20	0.00	0.00
FBC	40	30.70	20.82	17.67	30.80	0.00	0.00
FBC	41	28.66	21.12	19.72	30.50	0.00	0.00
FBC	42	34.00	20.07	18.32	27.61	0.00	0.00
FBC	43	32.40	18.92	18.17	30.50	0.00	0.00
FBC	44	31.10	18.92	18.37	31.60	0.00	0.00
FBC	45	30.65	19.62	19.97	29.76	0.00	0.00
FBC	46	29.96	20.47	17.62	31.95	0.00	0.00
FBC	47	27.81	21.97	19.72	30.50	0.00	0.00
FBC	48	29.51	20.42	18.92	31.15	0.00	0.00
FBC	49	30.60	19.42	19.22	30.75	0.00	0.00
FBC	50	31.40	19.77	18.27	30.55	0.00	0.00
FBC	51	30.05	20.27	18.72	30.95	0.00	0.00
FBC	52	28.66	19.87	20.07	31.40	0.00	0.00
FBC	53	30.15	20.52	17.62	31.70	0.00	0.00
FBC	54	30.20	21.37	19.22	29.21	0.00	0.00
FBC	55	29.46	20.32	19.37	30.85	0.00	0.00
FBC	56	29.96	20.07	19.82	30.15	0.00	0.00
FBC	57	29.06	21.22	19.72	30.00	0.00	0.00
FBC	58	29.36	19.22	19.17	32.25	0.00	0.00
FBC	59	30.30	18.52	19.22	31.95	0.00	0.00
FBC	60	31.50	18.57	19.77	30.15	0.00	0.00
FBC	61	30.90	20.77	19.27	29.06	0.00	0.00
FBC	62	31.00	20.07	18.02	30.90	0.00	0.00
FBC	63	28.56	18.92	19.82	32.70	0.00	0.00
FBC	64	30.75	20.37	20.07	28.81	0.00	0.00
FBC	65	32.45	18.22	19.52	29.81	0.00	0.00
FBC	66	30.45	20.62	19.12	29.81	0.00	0.00
FBC	67	29.71	18.47	20.27	31.55	0.00	0.00
FBC	68	31.00	19.12	19.22	30.65	0.00	0.00
FBC	69	29.66	20.67	18.82	30.85	0.00	0.00
FBC	70	31.65	17.92	18.97	31.45	0.00	0.00
FBC	71	29.36	19.57	19.92	31.15	0.00	0.00
FBC	72	28.46	20.17	18.32	33.05	0.00	0.00
FBC	73	31.40	18.57	19.12	30.90	0.00	0.00
FBC	74	30.80	18.82	19.62	30.75	0.00	0.00
FBC	75	32.15	17.82	19.62	30.40	0.00	0.00
FBC	76	30.55	20.82	18.87	29.76	0.00	0.00
FBC	77	30.60	21.12	19.47	28.81	0.00	0.00
FBC	78	31.10	19.62	19.22	30.05	0.00	0.00
FBC	79	32.35	19.92	17.52	30.20	0.00	0.00
FBC	80	30.05	20.97	19.47	29.51	0.00	0.00
FBC	81	28.51	19.27	20.42	31.80	0.00	0.00
FBC	82	30.15	19.52	19.07	31.25	0.00	0.00
FBC	83	31.35	18.62	19.42	30.60	0.00	0.00
FBC	84	30.35	18.17	19.22	32.25	0.00	0.00
FBC	85	30.85	19.12	18.87	31.15	0.00	0.00
FBC	86	30.30	20.47	17.22	32.00	0.00	0.00
FBC	87	30.80	18.37	19.22	31.60	0.00	0.00
FBC	88	30.30	19.07	20.92	29.71	0.00	0.00
FBC	89	31.15	19.52	20.17	29.16	0.00	0.00
FBC	90	29.71	19.47	19.42	31.40	0.00	0.00
FBC	91	30.40	18.67	18.92	32.00	0.00	0.00
FBC	92	29.76	19.52	17.02	33.70	0.00	0.00
FBC	93	30.90	18.97	18.07	32.05	0.00	0.00
FBC	94	30.70	19.82	20.17	29.31	0.00	0.00
FBC	95	30.30	19.47	18.62	31.60	0.00	0.00
FBC	96	28.71	21.12	18.82	31.35	0.00	0.00
FBC	97	31.20	18.22	19.77	30.80	0.00	0.00
FBC	98	32.45	19.27	19.42	28.86	0.00	0.00
FBC	99	30.75	18.22	18.17	32.85	0.00	0.00
FBC	100	31.15	19.87	16.92	32.05	0.00	0.00
FBC	101	30.10	20.07	18.77	31.05	0.00	0.00
FBC	102	31.05	19.67	17.52	31.75	0.00	0.00
FBC	103	29.86	18.22	19.17	32.75	0.00	0.00
FBC	104	31.00	18.77	20.07	30.15	0.00	0.00
FBC	105	30.75	20.37	18.62	30.25	0.00	0.00
FBC	106	31.50	18.82	19.17	30.50	0.00	0.00
FBC	107	29.41	20.37	19.07	31.15	0.00	0.00
FBC	108	31.30	19.57	16.97	32.15	0.00	0.00
FBC	109	29.16	21.02	17.22	32.60	0.00	0.00
FBC	110	29.71	21.17	18.32	30.80	0.00	0.00
FBC	111	28.51	19.27	18.87	33.35	0.00	0.00
FBC	112	29.66	19.72	19.87	30.75	0.00	0.00
FBC	113	31.30	19.97	18.67	30.05	0.00	0.00
FBC	114	31.20	18.82	18.17	31.80	0.00	0.00
FBC	115	28.76	19.97	18.42	32.85	0.00	0.00
FBC	116	28.86	19.02	19.07	33.05	0.00	0.00
FBC	117	31.45	18.62	18.27	31.65	0.00	0.00
FBC	118	30.15	19.92	16.82	33.10	0.00	0.00
FBC	119	29.56	21.12	18.37	30.95	0.00	0.00
FBC	120	30.75	19.42	18.52	31.30	0.00	0.00
FBC	121	30.80	19.77	19.22	30.20	0.00	0.00
FBC	122	30.00	20.32	19.02	30.65	0.00	0.00
FBC	123	33.80	19.52	15.63	31.05	0.00	0.00
FBC	124	28.76	19.52	19.62	32.10	0.00	0.00
FBC	125	30.90	20.37	19.72	29.01	0.00	0.00
FBC	126	31.20	19.32	19.67	29.81	0.00	0.00
FBC	127	31.65	18.77	20.02	29.56	0.00	0.00
FBC	128	31.85	18.92	18.42	30.80	0.00	0.00
FBC	129	29.41	19.87	18.82	31.90	0.00	0.00
FBC	130	30.75	18.17	18.92	32.15	0.00	0.00
FBC	131	32.35	18.42	19.47	29.76	0.00	0.00
FBC	132	30.05	20.67	18.57	30.70	0.00	0.00
FBC	133	30.05	18.77	18.92	32.25	0.00	0.00
FBC	134	28.41	19.42	20.47	31.70	0.00	0.00
FBC	135	29.76	20.17	18.47	31.60	0.00	0.00
FBC	136	31.80	18.72	17.52	31.95	0.00	0.00
FBC	137	31.85	19.92	19.37	28.86	0.00	0.00
FBC	138	31.35	20.37	18.27	30.00	0.00	0.00
FBC	139	32.40	20.27	19.57	27.76	0.00	0.00
FBC	140	30.00	19.77	19.22	31.00	0.00	0.00
FBC	141	30.95	21.27	16.72	31.05	0.00	0.00
FBC	142	30.55	19.72	19.02	30.70	0.00	0.00
FBC	143	29.46	20.57	18.67	31.30	0.00	0.00
FBC	144	30.95	20.82	19.27	28.96	0.00	0.00
FBC	145	31.80	18.27	17.37	32.55	0.00	0.00
FBC	146	31.25	19.57	18.57	30.60	0.00	0.00
FBC	147	30.65	20.17	17.62	31.55	0.00	0.00
FBC	148	31.90	18.32	18.67	31.10	0.00	0.00
FBC	149	30.70	19.77	18.57	30.95	0.00	0.00
FBC	150	31.30	17.67	18.32	32.70	0.00	0.00
# ACGT raw counters for first fragments. Use `grep ^FTC | cut -f 2-` to extract this part. The columns are: A,C,G,T,N base counters
FTC	91881	59275	56524	92770	0
# ACGT content per cycle for last fragments. Use `grep ^LBC | cut -f 2-` to extract this part. The columns are: cycle; A,C,G,T base counts as a percentage of all A/C/G/T bases [%]; and N and O counts as a percentage of all A/C/G/T bases [%]
LBC	1	31.40	20.22	18.32	30.05	0.00	0.00
LBC	2	29.21	21.37	18.87	30.55	0.00	0.00
LBC	3	31.00	20.67	17.22	31.10	0.00	0.00
LBC	4	30.75	21.07	18.52	29.66	0.00	0.00
LBC	5	30.25	19.82	18.67	31.25	0.00	0.00
LBC	6	31.00	18.82	18.37	31.80	0.00	0.00
LBC	7	30.90	19.97	18.47	30.65	0.00	0.00
LBC	8	31.30	19.42	19.92	29.36	0.00	0.00
LBC	9	29.46	19.52	21.17	29.86	0.00	0.00
LBC	10	30.30	19.97	19.77	29.96	0.00	0.00
LBC	11	30.75	18.82	19.22	31.20	0.00	0.00
LBC	12	32.20	19.47	18.92	29.41	0.00	0.00
LBC	13	30.50	20.42	17.92	31.15	0.00	0.00
LBC	14	29.31	19.17	19.97	31.55	0.00	0.00
LBC	15	29.86	21.27	18.47	30.40	0.00	0.00
LBC	16	30.05	20.07	20.67	29.21	0.00	0.00
LBC	17	30.85	20.72	17.92	30.50	0.00	0.00
LBC	18	31.00	18.62	19.02	31.35	0.00	0.00
LBC	19	30.20	18.52	19.57	31.70	0.00	0.00
LBC	20	30.75	19.77	19.57	29.91	0.00	0.00
LBC	21	30.75	20.92	18.67	29.66	0.00	0.00
LBC	22	29.26	21.17	17.17	32.40	0.00	0.00
LBC	23	30.85	19.87	17.12	32.15	0.00	0.00
LBC	24	29.76	20.82	18.22	31.20	0.00	0.00
LBC	25	30.45	19.97	18.57	31.00	0.00	0.00
LBC	26	29.56	20.07	18.92	31.45	0.00	0.00
LBC	27	29.41	20.57	19.37	30.65	0.00	0.00
LBC	28	31.35	20.37	17.22	31.05	0.00	0.00
LBC	29	30.15	21.02	18.37	30.45	0.00	0.00
LBC	30	31.00	19.82	19.12	30.05	0.00	0.00
LBC	31	31.70	20.17	18.82	29.31	0.00	0.00
LBC	32	30.00	19.87	18.47	31.65	0.00	0.00
LBC	33	31.00	19.72	17.92	31.35	0.00	0.00
LBC	34	30.15	19.27	19.02	31.55	0.00	0.00
LBC	35	28.01	20.82	19.27	31.90	0.00	0.00
LBC	36	30.75	19.62	20.27	29.36	0.00	0.00
LBC	37	30.35	19.42	18.97	31.25	0.00	0.00
LBC	38	30.15	18.52	20.52	30.80	0.00	0.00
LBC	39	29.56	19.87	19.32	31.25	0.00	0.00
LBC	40	31.35	19.62	17.47	31.55	0.00	0.00
LBC	41	30.55	18.97	18.97	31.50	0.00	0.00
LBC	42	30.25	20.07	18.77	30.90	0.00	0.00
LBC	43	29.81	18.47	18.52	33.20	0.00	0.00
LBC	44	29.41	21.82	17.92	30.85	0.00	0.00
LBC	45	30.15	20.72	19.22	29.91	0.00	0.00
LBC	46	31.95	19.97	19.17	28.91	0.00	0.00
LBC	47	30.75	19.62	18.72	30.90	0.00	0.00
LBC	48	30.10	19.37	19.27	31.25	0.00	0.00
LBC	49	28.36	18.12	20.57	32.95	0.00	0.00
LBC	50	28.36	19.42	19.92	32.30	0.00	0.00
LBC	51	31.25	19.32	18.17	31.25	0.00	0.00
LBC	52	33.65	20.37	17.67	28.31	0.00	0.00
LBC	53	31.40	19.87	18.77	29.96	0.00	0.00
LBC	54	31.40	19.57	18.32	30.70	0.00	0.00
LBC	55	31.95	19.77	18.87	29.41	0.00	0.00
LBC	56	28.66	20.52	18.32	32.50	0.00	0.00
LBC	57	30.70	19.77	19.52	30.00	0.00	0.00
LBC	58	31.60	19.57	17.32	31.50	0.00	0.00
LBC	59	29.96	20.32	18.67	31.05	0.00	0.00
LBC	60	30.80	18.77	18.77	31.65	0.00	0.00
LBC	61	31.60	19.32	18.77	30.30	0.00	0.00
LBC	62	30.90	21.37	17.42	30.30	0.00	0.00
LBC	63	30.85	19.17	19.62	30.35	0.00	0.00
LBC	64	29.51	20.32	18.82	31.35	0.00	0.00
LBC	65	29.91	19.42	18.67	32.00	0.00	0.00
LBC	66	29.86	19.82	20.57	29.76	0.00	0.00
LBC	67	31.65	18.67	19.42	30.25	0.00	0.00
LBC	68	30.20	18.77	19.07	31.95	0.00	0.00
LBC	69	30.55	20.52	19.42	29.51	0.00	0.00
LBC	70	33.30	20.07	18.82	27.81	0.00	0.00
LBC	71	30.45	19.27	19.57	30.70	0.00	0.00
LBC	72	30.90	21.82	18.47	28.81	0.00	0.00
LBC	73	31.70	19.32	17.52	31.45	0.00	0.00
LBC	74	31.35	20.82	16.82	31.00	0.00	0.00
LBC	75	30.00	20.82	19.02	30.15	0.00	0.00
LBC	76	32.50	19.67	17.37	30.45	0.00	0.00
LBC	77	30.95	20.07	18.22	30.75	0.00	0.00
LBC	78	30.00	21.52	18.62	29.86	0.00	0.00
LBC	79	29.41	19.57	18.82	32.20	0.00	0.00
LBC	80	29.96	19.62	19.22	31.20	0.00	0.00
LBC	81	31.35	18.92	18.72	31.00	0.00	0.00
LBC	82	31.65	19.17	19.52	29.66	0.00	0.00
LBC	83	30.40	20.32	18.37	30.90	0.00	0.00
LBC	84	30.60	20.32	19.57	29.51	0.00	0.00
LBC	85	30.85	20.62	19.82	28.71	0.00	0.00
LBC	86	31.50	19.52	19.32	29.66	0.00	0.00
LBC	87	31.20	20.07	17.92	30.80	0.00	0.00
LBC	88	31.85	18.92	18.42	30.80	0.00	0.00
LBC	89	31.15	19.97	18.77	30.10	0.00	0.00
LBC	90	31.30	20.47	18.97	29.26	0.00	0.00
LBC	91	31.75	19.42	19.22	29.61	0.00	0.00
LBC	92	28.96	20.12	19.87	31.05	0.00	0.00
LBC	93	30.00	20.12	19.27	30.60	0.00	0.00
LBC	94	32.25	20.67	18.12	28.96	0.00	0.00
LBC	95	28.81	21.42	19.82	29.96	0.00	0.00
LBC	96	31.50	19.97	19.47	29.06	0.00	0.00
LBC	97	29.56	20.32	19.22	30.90	0.00	0.00
LBC	98	29.06	19.77	19.12	32.05	0.00	0.00
LBC	99	29.76	20.42	17.77	32.05	0.00	0.00
LBC	100	31.40	19.27	18.42	30.90	0.00	0.00
LBC	101	30.20	19.87	20.92	29.01	0.00	0.00
LBC	102	32.75	18.87	18.77	29.61	0.00	0.00
LBC	103	29.41	19.77	20.37	30.45	0.00	0.00
LBC	104	30.05	19.77	19.82	30.35	0.00	0.00
LBC	105	31.00	19.72	18.42	30.85	0.00	0.00
LBC	106	31.80	20.72	19.52	27.96	0.00	0.00
LBC	107	29.96	20.02	18.97	31.05	0.00	0.00
LBC	108	30.95	20.32	18.12	30.60	0.00	0.00
LBC	109	30.30	19.17	19.37	31.15	0.00	0.00
LBC	110	30.95	19.57	19.27	30.20	0.00	0.00
LBC	111	30.05	18.87	18.57	32.50	0.00	0.00
LBC	112	29.01	20.47	19.22	31.30	0.00	0.00
LBC	113	29.36	21.72	18.57	30.35	0.00	0.00
LBC	114	29.61	18.12	20.52	31.75	0.00	0.00
LBC	115	29.61	18.62	20.37	31.40	0.00	0.00
LBC	116	31.30	18.42	18.72	31.55	0.00	0.00
LBC	117	30.20	20.87	17.02	31.90	0.00	0.00
LBC	118	30.15	20.32	18.17	31.35	0.00	0.00
LBC	119	31.10	19.42	18.82	30.65	0.00	0.00
LBC	120	30.95	21.67	18.42	28.96	0.00	0.00
LBC	121	30.00	20.22	18.32	31.45	0.00	0.00
LBC	122	30.35	21.17	18.82	29.66	0.00	0.00
LBC	123	30.55	20.87	20.17	28.41	0.00	0.00
LBC	124	30.05	21.27	18.72	29.96	0.00	0.00
LBC	125	31.55	18.77	18.62	31.05	0.00	0.00
LBC	126	29.51	21.52	19.32	29.66	0.00	0.00
LBC	127	31.00	17.72	18.42	32.85	0.00	0.00
LBC	128	30.95	19.87	19.07	30.10	0.00	0.00
LBC	129	31.75	20.17	18.82	29.26	0.00	0.00
LBC	130	30.60	20.52	18.67	30.20	0.00	0.00
LBC	131	30.90	20.42	16.92	31.75	0.00	0.00
LBC	132	31.05	19.72	19.92	29.31	0.00	0.00
LBC	133	30.20	18.97	19.67	31.15	0.00	0.00
LBC	134	31.75	17.77	20.07	30.40	0.00	0.00
LBC	135	30.60	19.92	19.97	29.51	0.00	0.00
LBC	136	30.40	20.22	18.97	30.40	0.00	0.00
LBC	137	30.90	20.87	17.42	30.80	0.00	0.00
LBC	138	32.20	19.12	18.62	30.05	0.00	0.00
LBC	139	31.15	19.72	19.52	29.61	0.00	0.00
LBC	140	32.20	20.02	18.82	28.96	0.00	0.00
LBC	141	32.40	19.87	17.87	29.86	0.00	0.00
LBC	142	29.41	19.67	20.12	30.80	0.00	0.00
LBC	143	29.91	20.92	19.97	29.21	0.00	0.00
LBC	144	30.30	20.12	20.07	29.51	0.00	0.00
LBC	145	30.15	21.67	17.12	31.05	0.00	0.00
LBC	146	31.35	18.92	18.87	30.85	0.00	0.00
LBC	147	29.81	19.67	18.67	31.85	0.00	0.00
LBC	148	32.40	19.77	18.97	28.86	0.00	0.00
LBC	149	30.95	19.32	19.37	30.35	0.00	0.00
LBC	150	31.10	18.82	19.72	30.35	0.00	0.00
# ACGT raw counters for last fragments. Use `grep ^LTC | cut -f 2-` to extract this part. The columns are: A,C,G,T,N base counters
LTC	91988	59835	56776	91851	0
# Insert sizes. Use `grep ^IS | cut -f 2-` to extract this part. The columns are: insert size, pairs total, inward oriented pairs, outward oriented pairs, other pairs
IS	0	0	0	0	0
IS	1	0	0	0	0
IS	2	0	0	0	0
IS	3	0	0	0	0
IS	4	0	0	0	0
IS	5	0	0	0	0
IS	6	0	0	0	0
IS	7	0	0	0	0
IS	8	0	0	0	0
IS	9	0	0	0	0
IS	10	0	0	0	0
IS	11	0	0	0	0
IS	12	0	0	0	0
IS	13	0	0	0	0
IS	14	0	0	0	0
IS	15	0	0	0	0
IS	16	0	0	0	0
IS	17	0	0	0	0
IS	18	0	0	0	0
IS	19	0	0	0	0
IS	20	0	0	0	0
IS	21	0	0	0	0
IS	22	0	0	0	0
IS	23	0	0	0	0
IS	24	0	0	0	0
IS	25	0	0	0	0
IS	26	0	0	0	0
IS	27	0	0	0	0
IS	28	0	0	0	0
IS	29	0	0	0	0
IS	30	0	0	0	0
IS	31	0	0	0	0
IS	32	0	0	0	0
IS	33	0	0	0	0
IS	34	0	0	0	0
IS	35	0	0	0	0
IS	36	0	0	0	0
IS	37	0	0	0	0
IS	38	0	0	0	0
IS	39	0	0	0	0
IS	40	0	0	0	0
IS	41	0	0	0	0
IS	42	0	0	0	0
IS	43	0	0	0	0
IS	44	0	0	0	0
IS	45	0	0	0	0
IS	46	0	0	0	0
IS	47	0	0	0	0
IS	48	0	0	0	0
IS	49	0	0	0	0
IS	50	0	0	0	0
IS	51	0	0	0	0
IS	52	0	0	0	0
IS	53	0	0	0	0
IS	54	0	0	0	0
IS	55	0	0	0	0
IS	56	0	0	0	0
IS	57	0	0	0	0
IS	58	0	0	0	0
IS	59	0	0	0	0
IS	60	0	0	0	0
IS	61	0	0	0	0
IS	62	0	0	0	0
IS	63	0	0	0	0
IS	64	0	0	0	0
IS	65	0	0	0	0
IS	66	0	0	0	0
IS	67	0	0	0	0
IS	68	0	0	0	0
IS	69	0	0	0	0
IS	70	0	0	0	0
IS	71	0	0	0	0
IS	72	0	0	0	0
IS	73	0	0	0	0
IS	74	0	0	0	0
IS	75	0	0	0	0
IS	76	0	0	0	0
IS	77	0	0	0	0
IS	78	0	0	0	0
IS	79	0	0	0	0
IS	80	0	0	0	0
IS	81	0	0	0	0
IS	82	0	0	0	0
IS	83	0	0	0	0
IS	84	0	0	0	0
IS	85	0	0	0	0
IS	86	0	0	0	0
IS	87	0	0	0	0
IS	88	0	0	0	0
IS	89	0	0	0	0
IS	90	0	0	0	0
IS	91	0	0	0	0
IS	92	0	0	0	0
IS	93	0	0	0	0
IS	94	0	0	0	0
IS	95	0	0	0	0
IS	96	0	0	0	0
IS	97	0	0	0	0
IS	98	0	0	0	0
IS	99	0	0	0	0
IS	100	0	0	0	0
IS	101	0	0	0	0
IS	102	0	0	0	0
IS	103	0	0	0	0
IS	104	0	0	0	0
IS	105	0	0	0	0
IS	106	0	0	0	0
IS	107	0	0	0	0
IS	108	0	0	0	0
IS	109	0	0	0	0
IS	110	0	0	0	0
IS	111	0	0	0	0
IS	112	0	0	0	0
IS	113	0	0	0	0
IS	114	0	0	0	0
IS	115	0	0	0	0
IS	116	0	0	0	0
IS	117	0	0	0	0
IS	118	0	0	0	0
IS	119	0	0	0	0
IS	120	0	0	0	0
IS	121	0	0	0	0
IS	122	0	0	0	0
IS	123	0	0	0	0
IS	124	0	0	0	0
IS	125	0	0	0	0
IS	126	0	0	0	0
IS	127	0	0	0	0
IS	128	0	0	0	0
IS	129	0	0	0	0
IS	130	0	0	0	0
IS	131	0	0	0	0
IS	132	0	0	0	0
IS	133	0	0	0	0
IS	134	0	0	0	0
IS	135	0	0	0	0
IS	136	0	0	0	0
IS	137	0	0	0	0
IS	138	0	0	0	0
IS	139	0	0	0	0
IS	140	0	0	0	0
IS	141	0	0	0	0
IS	142	0	0	0	0
IS	143	0	0	0	0
IS	144	0	0	0	0
IS	145	0	0	0	0
IS	146	0	0	0	0
IS	147	0	0	0	0
IS	148	0	0	0	0
IS	149	0	0	0	0
IS	150	0	0	0	0
IS	151	0	0	0	0
IS	152	0	0	0	0
IS	153	0	0	0	0
IS	154	0	0	0	0
IS	155	0	0	0	0
IS	156	0	0	0	0
IS	157	0	0	0	0
IS	158	0	0	0	0
IS	159	0	0	0	0
IS	160	0	0	0	0
IS	161	0	0	0	0
IS	162	0	0	0	0
IS	163	0	0	0	0
IS	164	0	0	0	0
IS	165	0	0	0	0
IS	166	0	0	0	0
IS	167	0	0	0	0
IS	168	0	0	0	0
IS	169	0	0	0	0
IS	170	0	0	0	0
IS	171	0	0	0	0
IS	172	0	0	0	0
IS	173	0	0	0	0
IS	174	0	0	0	0
IS	175	0	0	0	0
IS	176	0	0	0	0
IS	177	0	0	0	0
IS	178	0	0	0	0
IS	179	0	0	0	0
IS	180	0	0	0	0
IS	181	0	0	0	0
IS	182	0	0	0	0
IS	183	0	0	0	0
IS	184	0	0	0	0
IS	185	0	0	0	0
IS	186	0	0	0	0
IS	187	0	0	0	0
IS	188	0	0	0	0
IS	189	0	0	0	0
IS	190	0	0	0	0
IS	191	0	0	0	0
IS	192	0	0	0	0
IS	193	0	0	0	0
IS	194	0	0	0	0
IS	195	0	0	0	0
IS	196	0	0	0	0
IS	197	0	0	0	0
IS	198	0	0	0	0
IS	199	0	0	0	0
IS	200	0	0	0	0
IS	201	0	0	0	0
IS	202	0	0	0	0
IS	203	0	0	0	0
IS	204	0	0	0	0
IS	205	0	0	0	0
IS	206	0	0	0	0
IS	207	0	0	0	0
IS	208	0	0	0	0
IS	209	0	0	0	0
IS	210	0	0	0	0
IS	211	0	0	0	0
IS	212	0	0	0	0
IS	213	0	0	0	0
IS	214	0	0	0	0
IS	215	0	0	0	0
IS	216	0	0	0	0
IS	217	0	0	0	0
IS	218	0	0	0	0
IS	219	0	0	0	0
IS	220	0	0	0	0
IS	221	0	0	0	0
IS	222	0	0	0	0
IS	223	0	0	0	0
IS	224	0	0	0	0
IS	225	0	0	0	0
IS	226	0	0	0	0
IS	227	0	0	0	0
IS	228	0	0	0	0
IS	229	0	0	0	0
IS	230	0	0	0	0
IS	231	0	0	0	0
IS	232	0	0	0	0
IS	233	0	0	0	0
IS	234	0	0	0	0
IS	235	0	0	0	0
IS	236	0	0	0	0
IS	237	0	0	0	0
IS	238	0	0	0	0
IS	239	0	0	0	0
IS	240	0	0	0	0
IS	241	0	0	0	0
IS	242	0	0	0	0
IS	243	0	0	0	0
IS	244	0	0	0	0
IS	245	0	0	0	0
IS	246	0	0	0	0
IS	247	0	0	0	0
IS	248	0	0	0	0
IS	249	0	0	0	0
IS	250	0	0	0	0
IS	251	0	0	0	0
IS	252	0	0	0	0
IS	253	0	0	0	0
IS	254	0	0	0	0
IS	255	0	0	0	0
IS	256	0	0	0	0
IS	257	0	0	0	0
IS	258	0	0	0	0
IS	259	0	0	0	0
IS	260	0	0	0	0
IS	261	0	0	0	0
IS	262	0	0	0	0
IS	263	0	0	0	0
IS	264	0	0	0	0
IS	265	0	0	0	0
IS	266	0	0	0	0
IS	267	0	0	0	0
IS	268	0	0	0	0
IS	269	0	0	0	0
IS	270	0	0	0	0
IS	271	0	0	0	0
IS	272	0	0	0	0
IS	273	0	0	0	0
IS	274	0	0	0	0
IS	275	0	0	0	0
IS	276	0	0	0	0
IS	277	0	0	0	0
IS	278	0	0	0	0
IS	279	0	0	0	0
IS	280	0	0	0	0
IS	281	0	0	0	0
IS	282	0	0	0	0
IS	283	0	0	0	0
IS	284	0	0	0	0
IS	285	0	0	0	0
IS	286	0	0	0	0
IS	287	0	0	0	0
IS	288	0	0	0	0
IS	289	0	0	0	0
IS	290	0	0	0	0
IS	291	0	0	0	0
IS	292	0	0	0	0
IS	293	0	0	0	0
IS	294	0	0	0	0
IS	295	0	0	0	0
IS	296	1	1	0	0
IS	297	0	0	0	0
IS	298	0	0	0	0
IS	299	0	0	0	0
IS	300	0	0	0	0
IS	301	0	0	0	0
IS	302	0	0	0	0
IS	303	0	0	0	0
IS	304	0	0	0	0
IS	305	0	0	0	0
IS	306	0	0	0	0
IS	307	0	0	0	0
IS	308	0	0	0	0
IS	309	0	0	0	0
IS	310	0	0	0	0
IS	311	0	0	0	0
IS	312	0	0	0	0
IS	313	0	0	0	0
IS	314	0	0	0	0
IS	315	0	0	0	0
IS	316	0	0	0	0
IS	317	0	0	0	0
IS	318	0	0	0	0
IS	319	0	0	0	0
IS	320	0	0	0	0
IS	321	0	0	0	0
IS	322	0	0	0	0
IS	323	0	0	0	0
IS	324	0	0	0	0
IS	325	1	1	0	0
IS	326	0	0	0	0
IS	327	0	0	0	0
IS	328	0	0	0	0
IS	329	0	0	0	0
IS	330	0	0	0	0
IS	331	0	0	0	0
IS	332	0	0	0	0
IS	333	0	0	0	0
IS	334	0	0	0	0
IS	335	0	0	0	0
IS	336	0	0	0	0
IS	337	0	0	0	0
IS	338	0	0	0	0
IS	339	0	0	0	0
IS	340	0	0	0	0
IS	341	0	0	0	0
IS	342	0	0	0	0
IS	343	1	1	0	0
IS	344	0	0	0	0
IS	345	0	0	0	0
IS	346	0	0	0	0
IS	347	0	0	0	0
IS	348	0	0	0	0
IS	349	0	0	0	0
IS	350	1	1	0	0
IS	351	0	0	0	0
IS	352	1	1	0	0
IS	353	0	0	0	0
IS	354	0	0	0	0
IS	355	0	0	0	0
IS	356	0	0	0	0
IS	357	1	1	0	0
IS	358	0	0	0	0
IS	359	1	1	0	0
IS	360	0	0	0	0
IS	361	1	1	0	0
IS	362	0	0	0	0
IS	363	1	1	0	0
IS	364	0	0	0	0
IS	365	0	0	0	0
IS	366	1	1	0	0
IS	367	2	2	0	0
IS	368	1	1	0	0
IS	369	0	0	0	0
IS	370	1	1	0	0
IS	371	1	1	0	0
IS	372	5	5	0	0
IS	373	2	2	0	0
IS	374	1	1	0	0
IS	375	2	2	0	0
IS	376	2	2	0	0
IS	377	0	0	0	0
IS	378	1	1	0	0
IS	379	0	0	0	0
IS	380	0	0	0	0
IS	381	2	2	0	0
IS	382	0	0	0	0
IS	383	3	3	0	0
IS	384	0	0	0	0
IS	385	0	0	0	0
IS	386	2	2	0	0
IS	387	1	1	0	0
IS	388	3	3	0	0
IS	389	3	3	0	0
IS	390	1	1	0	0
IS	391	0	0	0	0
IS	392	1	1	0	0
IS	393	3	3	0	0
IS	394	1	1	0	0
IS	395	2	2	0	0
IS	396	1	1	0	0
IS	397	3	3	0	0
IS	398	2	2	0	0
IS	399	2	2	0	0
IS	400	2	2	0	0
IS	401	0	0	0	0
IS	402	1	1	0	0
IS	403	2	2	0	0
IS	404	2	2	0	0
IS	405	4	4	0	0
IS	406	2	2	0	0
IS	407	1	1	0	0
IS	408	0	0	0	0
IS	409	4	4	0	0
IS	410	4	4	0	0
IS	411	7	7	0	0
IS	412	7	7	0	0
IS	413	3	3	0	0
IS	414	3	3	0	0
IS	415	3	3	0	0
IS	416	5	5	0	0
IS	417	2	2	0	0
IS	418	3	3	0	0
IS	419	3	3	0	0
IS	420	7	7	0	0
IS	421	3	3	0	0
IS	422	5	5	0	0
IS	423	5	5	0	0
IS	424	6	6	0	0
IS	425	10	10	0	0
IS	426	10	10	0	0
IS	427	3	3	0	0
IS	428	8	8	0	0
IS	429	7	7	0	0
IS	430	2	2	0	0
IS	431	5	5	0	0
IS	432	8	8	0	0
IS	433	10	10	0	0
IS	434	8	8	0	0
IS	435	8	8	0	0
IS	436	5	5	0	0
IS	437	5	5	0	0
IS	438	3	3	0	0
IS	439	10	10	0	0
IS	440	3	3	0	0
IS	441	9	9	0	0
IS	442	12	12	0	0
IS	443	7	7	0	0
IS	444	9	9	0	0
IS	445	11	11	0	0
IS	446	4	4	0	0
IS	447	12	12	0	0
IS	448	7	7	0	0
IS	449	16	16	0	0
IS	450	3	3	0	0
IS	451	8	8	0	0
IS	452	13	13	0	0
IS	453	12	12	0	0
IS	454	12	12	0	0
IS	455	10	10	0	0
IS	456	14	14	0	0
IS	457	11	11	0	0
IS	458	13	13	0	0
IS	459	5	5	0	0
IS	460	11	11	0	0
IS	461	9	9	0	0
IS	462	17	17	0	0
IS	463	12	12	0	0
IS	464	15	15	0	0
IS	465	7	7	0	0
IS	466	21	21	0	0
IS	467	18	18	0	0
IS	468	16	16	0	0
IS	469	12	12	0	0
IS	470	8	8	0	0
IS	471	20	20	0	0
IS	472	15	15	0	0
IS	473	15	15	0	0
IS	474	16	16	0	0
IS	475	11	11	0	0
IS	476	10	10	0	0
IS	477	12	12	0	0
IS	478	17	17	0	0
IS	479	11	11	0	0
IS	480	16	16	0	0
IS	481	18	18	0	0
IS	482	11	11	0	0
IS	483	11	11	0	0
IS	484	11	11	0	0
IS	485	17	17	0	0
IS	486	16	16	0	0
IS	487	12	12	0	0
IS	488	15	15	0	0
IS	489	16	16	0	0
IS	490	12	12	0	0
IS	491	21	21	0	0
IS	492	18	18	0	0
IS	493	13	13	0	0
IS	494	14	14	0	0
IS	495	13	13	0	0
IS	496	12	12	0	0
IS	497	11	11	0	0
IS	498	17	17	0	0
IS	499	13	13	0	0
IS	500	14	14	0	0
IS	501	15	15	0	0
IS	502	24	24	0	0
IS	503	22	22	0	0
IS	504	16	16	0	0
IS	505	10	10	0	0
IS	506	13	13	0	0
IS	507	16	16	0	0
IS	508	11	11	0	0
IS	509	15	15	0	0
IS	510	12	12	0	0
IS	511	17	17	0	0
IS	512	15	15	0	0
IS	513	16	16	0	0
IS	514	21	21	0	0
IS	515	15	15	0	0
IS	516	16	16	0	0
IS	517	17	17	0	0
IS	518	11	11	0	0
IS	519	17	17	0	0
IS	520	15	15	0	0
IS	521	11	11	0	0
IS	522	20	20	0	0
IS	523	17	17	0	0
IS	524	12	12	0	0
IS	525	19	19	0	0
IS	526	18	18	0	0
IS	527	11	11	0	0
IS	528	18	18	0	0
IS	529	13	13	0	0
IS	530	12	12	0	0
IS	531	16	16	0	0
IS	532	14	14	0	0
IS	533	16	16	0	0
IS	534	12	12	0	0
IS	535	7	7	0	0
IS	536	10	10	0	0
IS	537	13	13	0	0
IS	538	9	9	0	0
IS	539	9	9	0	0
IS	540	14	14	0	0
IS	541	6	6	0	0
IS	542	12	12	0	0
IS	543	8	8	0	0
IS	544	12	12	0	0
IS	545	12	12	0	0
IS	546	8	8	0	0
IS	547	7	7	0	0
IS	548	7	7	0	0
IS	549	6	6	0	0
IS	550	22	22	0	0
IS	551	10	10	0	0
IS	552	7	7	0	0
IS	553	8	8	0	0
IS	554	10	10	0	0
IS	555	6	6	0	0
IS	556	6	6	0	0
IS	557	5	5	0	0
IS	558	3	3	0	0
IS	559	15	15	0	0
IS	560	5	5	0	0
IS	561	9	9	0	0
IS	562	7	7	0	0
IS	563	8	8	0	0
IS	564	6	6	0	0
IS	565	6	6	0	0
IS	566	2	2	0	0
IS	567	6	6	0	0
IS	568	5	5	0	0
IS	569	7	7	0	0
IS	570	6	6	0	0
IS	571	4	4	0	0
IS	572	3	3	0	0
IS	573	4	4	0	0
IS	574	4	4	0	0
IS	575	6	6	0	0
IS	576	3	3	0	0
IS	577	6	6	0	0
IS	578	5	5	0	0
IS	579	9	9	0	0
IS	580	4	4	0	0
IS	581	7	7	0	0
IS	582	3	3	0	0
IS	583	3	3	0	0
IS	584	3	3	0	0
IS	585	2	2	0	0
IS	586	2	2	0	0
IS	587	4	4	0	0
IS	588	8	8	0	0
IS	589	7	7	0	0
IS	590	4	4	0	0
IS	591	3	3	0	0
IS	592	3	3	0	0
IS	593	1	1	0	0
IS	594	4	4	0	0
IS	595	1	1	0	0
IS	596	4	4	0	0
IS	597	2	2	0	0
IS	598	2	2	0	0
IS	599	5	5	0	0
IS	600	3	3	0	0
IS	601	2	2	0	0
IS	602	4	4	0	0
IS	603	1	1	0	0
IS	604	3	3	0	0
IS	605	2	2	0	0
IS	606	3	3	0	0
IS	607	1	1	0	0
IS	608	1	1	0	0
IS	609	2	2	0	0
IS	610	0	0	0	0
IS	611	1	1	0	0
IS	612	2	2	0	0
IS	613	5	5	0	0
IS	614	1	1	0	0
IS	615	0	0	0	0
IS	616	0	0	0	0
IS	617	4	4	0	0
IS	618	2	2	0	0
# Read lengths. Use `grep ^RL | cut -f 2-` to extract this part. The columns are: read length, count
RL	150	4006
# Read lengths - first fragments. Use `grep ^FRL | cut -f 2-` to extract this part. The columns are: read length, count
FRL	150	2003
# Read lengths - last fragments. Use `grep ^LRL | cut -f 2-` to extract this part. The columns are: read length, count
LRL	150	2003
# Mapping qualities for reads !(UNMAP|SECOND|SUPPL|QCFAIL|DUP). Use `grep ^MAPQ | cut -f 2-` to extract this part. The columns are: mapq, count
MAPQ	0	16
MAPQ	27	10
MAPQ	40	31
MAPQ	45	1
MAPQ	48	49
MAPQ	52	2
MAPQ	57	8
MAPQ	60	3889
# Indel distribution. Use `grep ^ID | cut -f 2-` to extract this part. The columns are: length, number of insertions, number of deletions
ID	1	0	1
# Indels per cycle. Use `grep ^IC | cut -f 2-` to extract this part. The columns are: cycle, number of insertions (fwd), .. (rev) , number of deletions (fwd), .. (rev)
IC	100	0	0	0	1
# Coverage distribution. Use `grep ^COV | cut -f 2-` to extract this part.
COV	[1-1]	1	5181
COV	[2-2]	2	10316
COV	[3-3]	3	14731
COV	[4-4]	4	19139
COV	[5-5]	5	19814
COV	[6-6]	6	16808
COV	[7-7]	7	12641
COV	[8-8]	8	8399
COV	[9-9]	9	4621
COV	[10-10]	10	2579
COV	[11-11]	11	1324
COV	[12-12]	12	539
COV	[13-13]	13	431
COV	[14-14]	14	250
COV	[15-15]	15	61
COV	[16-16]	16	13
COV	[17-17]	17	6
# GC-depth. Use `grep ^GCD | cut -f 2-` to extract this part. The columns are: GC%, unique sequence percentiles, 10th, 25th, 50th, 75th and 90th depth percentile
GCD	0.0	15.385	0.000	0.000	0.000	0.000	0.000
GCD	37.0	30.769	2.490	2.490	2.497	2.505	2.505
GCD	38.0	61.538	2.505	2.505	2.505	2.505	2.505
GCD	39.0	84.615	2.505	2.505	2.505	2.505	2.505
GCD	40.0	92.308	2.505	2.505	2.505	2.505	2.505
GCD	46.0	100.000	2.505	2.505	2.505	2.505	2.505
