# This file was produced by samtools stats (1.20+htslib-1.21) and can be plotted using plot-bamstats
# This file contains statistics for all reads.
# The command line was:  stats sample3806.sorted.group.rmdup.bam
# CHK, Checksum	[2]Read Names	[3]Sequences	[4]Qualities
# CHK, CRC32 of reads which passed filtering followed by addition (32bit overflow)
CHK	a756f2f8	95f50f02	5025e158
# Summary Numbers. Use `grep ^SN | cut -f 2-` to extract this part.
SN	raw total sequences:	4004	# excluding supplementary and secondary reads
SN	filtered sequences:	0
SN	sequences:	4004
SN	is sorted:	1
SN	1st fragments:	2002
SN	last fragments:	2002
SN	reads mapped:	4004
SN	reads mapped and paired:	4004	# paired-end technology bit set + both mates mapped
SN	reads unmapped:	0
SN	reads properly paired:	4004	# proper-pair bit set
SN	reads paired:	4004	# paired-end technology bit set
SN	reads duplicated:	0	# PCR or optical duplicate bit set
SN	reads MQ0:	16	# mapped and MQ=0
SN	reads QC failed:	0
SN	non-primary alignments:	0
SN	supplementary alignments:	0
SN	total length:	600600	# ignores clipping
SN	total first fragment length:	300300	# ignores clipping
SN	total last fragment length:	300300	# ignores clipping
SN	bases mapped:	600600	# ignores clipping
SN	bases mapped (cigar):	600600	# more accurate
SN	bases trimmed:	0
SN	bases duplicated:	0
SN	mismatches:	1081	# from NM fields
SN	error rate:	1.799867e-03	# mismatches / bases mapped (cigar)
SN	average length:	150
SN	average first fragment length:	150
SN	average last fragment length:	150
SN	maximum length:	150
SN	maximum first fragment length:	150
SN	maximum last fragment length:	150
SN	average quality:	30.0
SN	insert size average:	497.3
SN	insert size standard deviation:	48.0
SN	inward oriented pairs:	2002
SN	outward oriented pairs:	0
SN	pairs with other orientation:	0
SN	pairs on different chromosomes:	0
SN	percentage of properly paired reads (%):	100.0
# First Fragment Qualities. Use `grep ^FFQ | cut -f 2-` to extract this part.
# Columns correspond to qualities and rows to cycles. First column is the cycle number.
FFQ	1	0	0	0	0	0	0	0	0	0	0	0	0	0	0	0	0	0	0	0	0	0	0	0	0	0	0	0	0	0	0	2002	0
FFQ	2	0	0	0	0	0	0	0	0	0	0	0	0	0	0	0	0	0	0	0	0	0	0	0	0	0	0	0	0	0	0	2002	0
FFQ	3	0	0	0	0	0	0	0	0	0	0	0	0	0	0	0	0	0	0	0	0	0	0	0	0	0	0	0	0	0	0	2002	0
FFQ	4	0	0	0	0	0	0	0	0	0	0	0	0	0	0	0	0	0	0	0	0	0	0	0	0	0	0	0	0	0	0	2002	0
FFQ	5	0	0	0	0	0	0	0	0	0	0	0	0	0	0	0	0	0	0	0	0	0	0	0	0	0	0	0	0	0	0	2002	0
FFQ	6	0	0	0	0	0	0	0	0	0	0	0	0	0	0	0	0	0	0	0	0	0	0	0	0	0	0	0	0	0	0	2002	0
FFQ	7	0	0	0	0	0	0	0	0	0	0	0	0	0	0	0	0	0	0	0	0	0	0	0	0	0	0	0	0	0	0	2002	0
FFQ	8	0	0	0	0	0	0	0	0	0	0	0	0	0	0	0	0	0	0	0	0	0	0	0	0	0	0	0	0	0	0	2002	0
FFQ	9	0	0	0	0	0	0	0	0	0	0	0	0	0	0	0	0	0	0	0	0	0	0	0	0	0	0	0	0	0	0	2002	0
FFQ	10	0	0	0	0	0	0	0	0	0	0	0	0	0	0	0	0	0	0	0	0	0	0	0	0	0	0	0	0	0	0	2002	0
FFQ	11	0	0	0	0	0	0	0	0	0	0	0	0	0	0	0	0	0	0	0	0	0	0	0	0	0	0	0	0	0	0	2002	0
FFQ	12	0	0	0	0	0	0	0	0	0	0	0	0	0	0	0	0	0	0	0	0	0	0	0	0	0	0	0	0	0	0	2002	0
FFQ	13	0	0	0	0	0	0	0	0	0	0	0	0	0	0	0	0	0	0	0	0	0	0	0	0	0	0	0	0	0	0	2002	0
FFQ	14	0	0	0	0	0	0	0	0	0	0	0	0	0	0	0	0	0	0	0	0	0	0	0	0	0	0	0	0	0	0	2002	0
FFQ	15	0	0	0	0	0	0	0	0	0	0	0	0	0	0	0	0	0	0	0	0	0	0	0	0	0	0	0	0	0	0	2002	0
FFQ	16	0	0	0	0	0	0	0	0	0	0	0	0	0	0	0	0	0	0	0	0	0	0	0	0	0	0	0	0	0	0	2002	0
FFQ	17	0	0	0	0	0	0	0	0	0	0	0	0	0	0	0	0	0	0	0	0	0	0	0	0	0	0	0	0	0	0	2002	0
FFQ	18	0	0	0	0	0	0	0	0	0	0	0	0	0	0	0	0	0	0	0	0	0	0	0	0	0	0	0	0	0	0	2002	0
FFQ	19	0	0	0	0	0	0	0	0	0	0	0	0	0	0	0	0	0	0	0	0	0	0	0	0	0	0	0	0	0	0	2002	0
FFQ	20	0	0	0	0	0	0	0	0	0	0	0	0	0	0	0	0	0	0	0	0	0	0	0	0	0	0	0	0	0	0	2002	0
FFQ	21	0	0	0	0	0	0	0	0	0	0	0	0	0	0	0	0	0	0	0	0	0	0	0	0	0	0	0	0	0	0	2002	0
FFQ	22	0	0	0	0	0	0	0	0	0	0	0	0	0	0	0	0	0	0	0	0	0	0	0	0	0	0	0	0	0	0	2002	0
FFQ	23	0	0	0	0	0	0	0	0	0	0	0	0	0	0	0	0	0	0	0	0	0	0	0	0	0	0	0	0	0	0	2002	0
FFQ	24	0	0	0	0	0	0	0	0	0	0	0	0	0	0	0	0	0	0	0	0	0	0	0	0	0	0	0	0	0	0	2002	0
FFQ	25	0	0	0	0	0	0	0	0	0	0	0	0	0	0	0	0	0	0	0	0	0	0	0	0	0	0	0	0	0	0	2002	0
FFQ	26	0	0	0	0	0	0	0	0	0	0	0	0	0	0	0	0	0	0	0	0	0	0	0	0	0	0	0	0	0	0	2002	0
FFQ	27	0	0	0	0	0	0	0	0	0	0	0	0	0	0	0	0	0	0	0	0	0	0	0	0	0	0	0	0	0	0	2002	0
FFQ	28	0	0	0	0	0	0	0	0	0	0	0	0	0	0	0	0	0	0	0	0	0	0	0	0	0	0	0	0	0	0	2002	0
FFQ	29	0	0	0	0	0	0	0	0	0	0	0	0	0	0	0	0	0	0	0	0	0	0	0	0	0	0	0	0	0	0	2002	0
FFQ	30	0	0	0	0	0	0	0	0	0	0	0	0	0	0	0	0	0	0	0	0	0	0	0	0	0	0	0	0	0	0	2002	0
FFQ	31	0	0	0	0	0	0	0	0	0	0	0	0	0	0	0	0	0	0	0	0	0	0	0	0	0	0	0	0	0	0	2002	0
FFQ	32	0	0	0	0	0	0	0	0	0	0	0	0	0	0	0	0	0	0	0	0	0	0	0	0	0	0	0	0	0	0	2002	0
FFQ	33	0	0	0	0	0	0	0	0	0	0	0	0	0	0	0	0	0	0	0	0	0	0	0	0	0	0	0	0	0	0	2002	0
FFQ	34	0	0	0	0	0	0	0	0	0	0	0	0	0	0	0	0	0	0	0	0	0	0	0	0	0	0	0	0	0	0	2002	0
FFQ	35	0	0	0	0	0	0	0	0	0	0	0	0	0	0	0	0	0	0	0	0	0	0	0	0	0	0	0	0	0	0	2002	0
FFQ	36	0	0	0	0	0	0	0	0	0	0	0	0	0	0	0	0	0	0	0	0	0	0	0	0	0	0	0	0	0	0	2002	0
FFQ	37	0	0	0	0	0	0	0	0	0	0	0	0	0	0	0	0	0	0	0	0	0	0	0	0	0	0	0	0	0	0	2002	0
FFQ	38	0	0	0	0	0	0	0	0	0	0	0	0	0	0	0	0	0	0	0	0	0	0	0	0	0	0	0	0	0	0	2002	0
FFQ	39	0	0	0	0	0	0	0	0	0	0	0	0	0	0	0	0	0	0	0	0	0	0	0	0	0	0	0	0	0	0	2002	0
FFQ	40	0	0	0	0	0	0	0	0	0	0	0	0	0	0	0	0	0	0	0	0	0	0	0	0	0	0	0	0	0	0	2002	0
FFQ	41	0	0	0	0	0	0	0	0	0	0	0	0	0	0	0	0	0	0	0	0	0	0	0	0	0	0	0	0	0	0	2002	0
FFQ	42	0	0	0	0	0	0	0	0	0	0	0	0	0	0	0	0	0	0	0	0	0	0	0	0	0	0	0	0	0	0	2002	0
FFQ	43	0	0	0	0	0	0	0	0	0	0	0	0	0	0	0	0	0	0	0	0	0	0	0	0	0	0	0	0	0	0	2002	0
FFQ	44	0	0	0	0	0	0	0	0	0	0	0	0	0	0	0	0	0	0	0	0	0	0	0	0	0	0	0	0	0	0	2002	0
FFQ	45	0	0	0	0	0	0	0	0	0	0	0	0	0	0	0	0	0	0	0	0	0	0	0	0	0	0	0	0	0	0	2002	0
FFQ	46	0	0	0	0	0	0	0	0	0	0	0	0	0	0	0	0	0	0	0	0	0	0	0	0	0	0	0	0	0	0	2002	0
FFQ	47	0	0	0	0	0	0	0	0	0	0	0	0	0	0	0	0	0	0	0	0	0	0	0	0	0	0	0	0	0	0	2002	0
FFQ	48	0	0	0	0	0	0	0	0	0	0	0	0	0	0	0	0	0	0	0	0	0	0	0	0	0	0	0	0	0	0	2002	0
FFQ	49	0	0	0	0	0	0	0	0	0	0	0	0	0	0	0	0	0	0	0	0	0	0	0	0	0	0	0	0	0	0	2002	0
FFQ	50	0	0	0	0	0	0	0	0	0	0	0	0	0	0	0	0	0	0	0	0	0	0	0	0	0	0	0	0	0	0	2002	0
FFQ	51	0	0	0	0	0	0	0	0	0	0	0	0	0	0	0	0	0	0	0	0	0	0	0	0	0	0	0	0	0	0	2002	0
FFQ	52	0	0	0	0	0	0	0	0	0	0	0	0	0	0	0	0	0	0	0	0	0	0	0	0	0	0	0	0	0	0	2002	0
FFQ	53	0	0	0	0	0	0	0	0	0	0	0	0	0	0	0	0	0	0	0	0	0	0	0	0	0	0	0	0	0	0	2002	0
FFQ	54	0	0	0	0	0	0	0	0	0	0	0	0	0	0	0	0	0	0	0	0	0	0	0	0	0	0	0	0	0	0	2002	0
FFQ	55	0	0	0	0	0	0	0	0	0	0	0	0	0	0	0	0	0	0	0	0	0	0	0	0	0	0	0	0	0	0	2002	0
FFQ	56	0	0	0	0	0	0	0	0	0	0	0	0	0	0	0	0	0	0	0	0	0	0	0	0	0	0	0	0	0	0	2002	0
FFQ	57	0	0	0	0	0	0	0	0	0	0	0	0	0	0	0	0	0	0	0	0	0	0	0	0	0	0	0	0	0	0	2002	0
FFQ	58	0	0	0	0	0	0	0	0	0	0	0	0	0	0	0	0	0	0	0	0	0	0	0	0	0	0	0	0	0	0	2002	0
FFQ	59	0	0	0	0	0	0	0	0	0	0	0	0	0	0	0	0	0	0	0	0	0	0	0	0	0	0	0	0	0	0	2002	0
FFQ	60	0	0	0	0	0	0	0	0	0	0	0	0	0	0	0	0	0	0	0	0	0	0	0	0	0	0	0	0	0	0	2002	0
FFQ	61	0	0	0	0	0	0	0	0	0	0	0	0	0	0	0	0	0	0	0	0	0	0	0	0	0	0	0	0	0	0	2002	0
FFQ	62	0	0	0	0	0	0	0	0	0	0	0	0	0	0	0	0	0	0	0	0	0	0	0	0	0	0	0	0	0	0	2002	0
FFQ	63	0	0	0	0	0	0	0	0	0	0	0	0	0	0	0	0	0	0	0	0	0	0	0	0	0	0	0	0	0	0	2002	0
FFQ	64	0	0	0	0	0	0	0	0	0	0	0	0	0	0	0	0	0	0	0	0	0	0	0	0	0	0	0	0	0	0	2002	0
FFQ	65	0	0	0	0	0	0	0	0	0	0	0	0	0	0	0	0	0	0	0	0	0	0	0	0	0	0	0	0	0	0	2002	0
FFQ	66	0	0	0	0	0	0	0	0	0	0	0	0	0	0	0	0	0	0	0	0	0	0	0	0	0	0	0	0	0	0	2002	0
FFQ	67	0	0	0	0	0	0	0	0	0	0	0	0	0	0	0	0	0	0	0	0	0	0	0	0	0	0	0	0	0	0	2002	0
FFQ	68	0	0	0	0	0	0	0	0	0	0	0	0	0	0	0	0	0	0	0	0	0	0	0	0	0	0	0	0	0	0	2002	0
FFQ	69	0	0	0	0	0	0	0	0	0	0	0	0	0	0	0	0	0	0	0	0	0	0	0	0	0	0	0	0	0	0	2002	0
FFQ	70	0	0	0	0	0	0	0	0	0	0	0	0	0	0	0	0	0	0	0	0	0	0	0	0	0	0	0	0	0	0	2002	0
FFQ	71	0	0	0	0	0	0	0	0	0	0	0	0	0	0	0	0	0	0	0	0	0	0	0	0	0	0	0	0	0	0	2002	0
FFQ	72	0	0	0	0	0	0	0	0	0	0	0	0	0	0	0	0	0	0	0	0	0	0	0	0	0	0	0	0	0	0	2002	0
FFQ	73	0	0	0	0	0	0	0	0	0	0	0	0	0	0	0	0	0	0	0	0	0	0	0	0	0	0	0	0	0	0	2002	0
FFQ	74	0	0	0	0	0	0	0	0	0	0	0	0	0	0	0	0	0	0	0	0	0	0	0	0	0	0	0	0	0	0	2002	0
FFQ	75	0	0	0	0	0	0	0	0	0	0	0	0	0	0	0	0	0	0	0	0	0	0	0	0	0	0	0	0	0	0	2002	0
FFQ	76	0	0	0	0	0	0	0	0	0	0	0	0	0	0	0	0	0	0	0	0	0	0	0	0	0	0	0	0	0	0	2002	0
FFQ	77	0	0	0	0	0	0	0	0	0	0	0	0	0	0	0	0	0	0	0	0	0	0	0	0	0	0	0	0	0	0	2002	0
FFQ	78	0	0	0	0	0	0	0	0	0	0	0	0	0	0	0	0	0	0	0	0	0	0	0	0	0	0	0	0	0	0	2002	0
FFQ	79	0	0	0	0	0	0	0	0	0	0	0	0	0	0	0	0	0	0	0	0	0	0	0	0	0	0	0	0	0	0	2002	0
FFQ	80	0	0	0	0	0	0	0	0	0	0	0	0	0	0	0	0	0	0	0	0	0	0	0	0	0	0	0	0	0	0	2002	0
FFQ	81	0	0	0	0	0	0	0	0	0	0	0	0	0	0	0	0	0	0	0	0	0	0	0	0	0	0	0	0	0	0	2002	0
FFQ	82	0	0	0	0	0	0	0	0	0	0	0	0	0	0	0	0	0	0	0	0	0	0	0	0	0	0	0	0	0	0	2002	0
FFQ	83	0	0	0	0	0	0	0	0	0	0	0	0	0	0	0	0	0	0	0	0	0	0	0	0	0	0	0	0	0	0	2002	0
FFQ	84	0	0	0	0	0	0	0	0	0	0	0	0	0	0	0	0	0	0	0	0	0	0	0	0	0	0	0	0	0	0	2002	0
FFQ	85	0	0	0	0	0	0	0	0	0	0	0	0	0	0	0	0	0	0	0	0	0	0	0	0	0	0	0	0	0	0	2002	0
FFQ	86	0	0	0	0	0	0	0	0	0	0	0	0	0	0	0	0	0	0	0	0	0	0	0	0	0	0	0	0	0	0	2002	0
FFQ	87	0	0	0	0	0	0	0	0	0	0	0	0	0	0	0	0	0	0	0	0	0	0	0	0	0	0	0	0	0	0	2002	0
FFQ	88	0	0	0	0	0	0	0	0	0	0	0	0	0	0	0	0	0	0	0	0	0	0	0	0	0	0	0	0	0	0	2002	0
FFQ	89	0	0	0	0	0	0	0	0	0	0	0	0	0	0	0	0	0	0	0	0	0	0	0	0	0	0	0	0	0	0	2002	0
FFQ	90	0	0	0	0	0	0	0	0	0	0	0	0	0	0	0	0	0	0	0	0	0	0	0	0	0	0	0	0	0	0	2002	0
FFQ	91	0	0	0	0	0	0	0	0	0	0	0	0	0	0	0	0	0	0	0	0	0	0	0	0	0	0	0	0	0	0	2002	0
FFQ	92	0	0	0	0	0	0	0	0	0	0	0	0	0	0	0	0	0	0	0	0	0	0	0	0	0	0	0	0	0	0	2002	0
FFQ	93	0	0	0	0	0	0	0	0	0	0	0	0	0	0	0	0	0	0	0	0	0	0	0	0	0	0	0	0	0	0	2002	0
FFQ	94	0	0	0	0	0	0	0	0	0	0	0	0	0	0	0	0	0	0	0	0	0	0	0	0	0	0	0	0	0	0	2002	0
FFQ	95	0	0	0	0	0	0	0	0	0	0	0	0	0	0	0	0	0	0	0	0	0	0	0	0	0	0	0	0	0	0	2002	0
FFQ	96	0	0	0	0	0	0	0	0	0	0	0	0	0	0	0	0	0	0	0	0	0	0	0	0	0	0	0	0	0	0	2002	0
FFQ	97	0	0	0	0	0	0	0	0	0	0	0	0	0	0	0	0	0	0	0	0	0	0	0	0	0	0	0	0	0	0	2002	0
FFQ	98	0	0	0	0	0	0	0	0	0	0	0	0	0	0	0	0	0	0	0	0	0	0	0	0	0	0	0	0	0	0	2002	0
FFQ	99	0	0	0	0	0	0	0	0	0	0	0	0	0	0	0	0	0	0	0	0	0	0	0	0	0	0	0	0	0	0	2002	0
FFQ	100	0	0	0	0	0	0	0	0	0	0	0	0	0	0	0	0	0	0	0	0	0	0	0	0	0	0	0	0	0	0	2002	0
FFQ	101	0	0	0	0	0	0	0	0	0	0	0	0	0	0	0	0	0	0	0	0	0	0	0	0	0	0	0	0	0	0	2002	0
FFQ	102	0	0	0	0	0	0	0	0	0	0	0	0	0	0	0	0	0	0	0	0	0	0	0	0	0	0	0	0	0	0	2002	0
FFQ	103	0	0	0	0	0	0	0	0	0	0	0	0	0	0	0	0	0	0	0	0	0	0	0	0	0	0	0	0	0	0	2002	0
FFQ	104	0	0	0	0	0	0	0	0	0	0	0	0	0	0	0	0	0	0	0	0	0	0	0	0	0	0	0	0	0	0	2002	0
FFQ	105	0	0	0	0	0	0	0	0	0	0	0	0	0	0	0	0	0	0	0	0	0	0	0	0	0	0	0	0	0	0	2002	0
FFQ	106	0	0	0	0	0	0	0	0	0	0	0	0	0	0	0	0	0	0	0	0	0	0	0	0	0	0	0	0	0	0	2002	0
FFQ	107	0	0	0	0	0	0	0	0	0	0	0	0	0	0	0	0	0	0	0	0	0	0	0	0	0	0	0	0	0	0	2002	0
FFQ	108	0	0	0	0	0	0	0	0	0	0	0	0	0	0	0	0	0	0	0	0	0	0	0	0	0	0	0	0	0	0	2002	0
FFQ	109	0	0	0	0	0	0	0	0	0	0	0	0	0	0	0	0	0	0	0	0	0	0	0	0	0	0	0	0	0	0	2002	0
FFQ	110	0	0	0	0	0	0	0	0	0	0	0	0	0	0	0	0	0	0	0	0	0	0	0	0	0	0	0	0	0	0	2002	0
FFQ	111	0	0	0	0	0	0	0	0	0	0	0	0	0	0	0	0	0	0	0	0	0	0	0	0	0	0	0	0	0	0	2002	0
FFQ	112	0	0	0	0	0	0	0	0	0	0	0	0	0	0	0	0	0	0	0	0	0	0	0	0	0	0	0	0	0	0	2002	0
FFQ	113	0	0	0	0	0	0	0	0	0	0	0	0	0	0	0	0	0	0	0	0	0	0	0	0	0	0	0	0	0	0	2002	0
FFQ	114	0	0	0	0	0	0	0	0	0	0	0	0	0	0	0	0	0	0	0	0	0	0	0	0	0	0	0	0	0	0	2002	0
FFQ	115	0	0	0	0	0	0	0	0	0	0	0	0	0	0	0	0	0	0	0	0	0	0	0	0	0	0	0	0	0	0	2002	0
FFQ	116	0	0	0	0	0	0	0	0	0	0	0	0	0	0	0	0	0	0	0	0	0	0	0	0	0	0	0	0	0	0	2002	0
FFQ	117	0	0	0	0	0	0	0	0	0	0	0	0	0	0	0	0	0	0	0	0	0	0	0	0	0	0	0	0	0	0	2002	0
FFQ	118	0	0	0	0	0	0	0	0	0	0	0	0	0	0	0	0	0	0	0	0	0	0	0	0	0	0	0	0	0	0	2002	0
FFQ	119	0	0	0	0	0	0	0	0	0	0	0	0	0	0	0	0	0	0	0	0	0	0	0	0	0	0	0	0	0	0	2002	0
FFQ	120	0	0	0	0	0	0	0	0	0	0	0	0	0	0	0	0	0	0	0	0	0	0	0	0	0	0	0	0	0	0	2002	0
FFQ	121	0	0	0	0	0	0	0	0	0	0	0	0	0	0	0	0	0	0	0	0	0	0	0	0	0	0	0	0	0	0	2002	0
FFQ	122	0	0	0	0	0	0	0	0	0	0	0	0	0	0	0	0	0	0	0	0	0	0	0	0	0	0	0	0	0	0	2002	0
FFQ	123	0	0	0	0	0	0	0	0	0	0	0	0	0	0	0	0	0	0	0	0	0	0	0	0	0	0	0	0	0	0	2002	0
FFQ	124	0	0	0	0	0	0	0	0	0	0	0	0	0	0	0	0	0	0	0	0	0	0	0	0	0	0	0	0	0	0	2002	0
FFQ	125	0	0	0	0	0	0	0	0	0	0	0	0	0	0	0	0	0	0	0	0	0	0	0	0	0	0	0	0	0	0	2002	0
FFQ	126	0	0	0	0	0	0	0	0	0	0	0	0	0	0	0	0	0	0	0	0	0	0	0	0	0	0	0	0	0	0	2002	0
FFQ	127	0	0	0	0	0	0	0	0	0	0	0	0	0	0	0	0	0	0	0	0	0	0	0	0	0	0	0	0	0	0	2002	0
FFQ	128	0	0	0	0	0	0	0	0	0	0	0	0	0	0	0	0	0	0	0	0	0	0	0	0	0	0	0	0	0	0	2002	0
FFQ	129	0	0	0	0	0	0	0	0	0	0	0	0	0	0	0	0	0	0	0	0	0	0	0	0	0	0	0	0	0	0	2002	0
FFQ	130	0	0	0	0	0	0	0	0	0	0	0	0	0	0	0	0	0	0	0	0	0	0	0	0	0	0	0	0	0	0	2002	0
FFQ	131	0	0	0	0	0	0	0	0	0	0	0	0	0	0	0	0	0	0	0	0	0	0	0	0	0	0	0	0	0	0	2002	0
FFQ	132	0	0	0	0	0	0	0	0	0	0	0	0	0	0	0	0	0	0	0	0	0	0	0	0	0	0	0	0	0	0	2002	0
FFQ	133	0	0	0	0	0	0	0	0	0	0	0	0	0	0	0	0	0	0	0	0	0	0	0	0	0	0	0	0	0	0	2002	0
FFQ	134	0	0	0	0	0	0	0	0	0	0	0	0	0	0	0	0	0	0	0	0	0	0	0	0	0	0	0	0	0	0	2002	0
FFQ	135	0	0	0	0	0	0	0	0	0	0	0	0	0	0	0	0	0	0	0	0	0	0	0	0	0	0	0	0	0	0	2002	0
FFQ	136	0	0	0	0	0	0	0	0	0	0	0	0	0	0	0	0	0	0	0	0	0	0	0	0	0	0	0	0	0	0	2002	0
FFQ	137	0	0	0	0	0	0	0	0	0	0	0	0	0	0	0	0	0	0	0	0	0	0	0	0	0	0	0	0	0	0	2002	0
FFQ	138	0	0	0	0	0	0	0	0	0	0	0	0	0	0	0	0	0	0	0	0	0	0	0	0	0	0	0	0	0	0	2002	0
FFQ	139	0	0	0	0	0	0	0	0	0	0	0	0	0	0	0	0	0	0	0	0	0	0	0	0	0	0	0	0	0	0	2002	0
FFQ	140	0	0	0	0	0	0	0	0	0	0	0	0	0	0	0	0	0	0	0	0	0	0	0	0	0	0	0	0	0	0	2002	0
FFQ	141	0	0	0	0	0	0	0	0	0	0	0	0	0	0	0	0	0	0	0	0	0	0	0	0	0	0	0	0	0	0	2002	0
FFQ	142	0	0	0	0	0	0	0	0	0	0	0	0	0	0	0	0	0	0	0	0	0	0	0	0	0	0	0	0	0	0	2002	0
FFQ	143	0	0	0	0	0	0	0	0	0	0	0	0	0	0	0	0	0	0	0	0	0	0	0	0	0	0	0	0	0	0	2002	0
FFQ	144	0	0	0	0	0	0	0	0	0	0	0	0	0	0	0	0	0	0	0	0	0	0	0	0	0	0	0	0	0	0	2002	0
FFQ	145	0	0	0	0	0	0	0	0	0	0	0	0	0	0	0	0	0	0	0	0	0	0	0	0	0	0	0	0	0	0	2002	0
FFQ	146	0	0	0	0	0	0	0	0	0	0	0	0	0	0	0	0	0	0	0	0	0	0	0	0	0	0	0	0	0	0	2002	0
FFQ	147	0	0	0	0	0	0	0	0	0	0	0	0	0	0	0	0	0	0	0	0	0	0	0	0	0	0	0	0	0	0	2002	0
FFQ	148	0	0	0	0	0	0	0	0	0	0	0	0	0	0	0	0	0	0	0	0	0	0	0	0	0	0	0	0	0	0	2002	0
FFQ	149	0	0	0	0	0	0	0	0	0	0	0	0	0	0	0	0	0	0	0	0	0	0	0	0	0	0	0	0	0	0	2002	0
FFQ	150	0	0	0	0	0	0	0	0	0	0	0	0	0	0	0	0	0	0	0	0	0	0	0	0	0	0	0	0	0	0	2002	0
# Last Fragment Qualities. Use `grep ^LFQ | cut -f 2-` to extract this part.
# Columns correspond to qualities and rows to cycles. First column is the cycle number.
LFQ	1	0	0	0	0	0	0	0	0	0	0	0	0	0	0	0	0	0	0	0	0	0	0	0	0	0	0	0	0	0	0	2002	0
LFQ	2	0	0	0	0	0	0	0	0	0	0	0	0	0	0	0	0	0	0	0	0	0	0	0	0	0	0	0	0	0	0	2002	0
LFQ	3	0	0	0	0	0	0	0	0	0	0	0	0	0	0	0	0	0	0	0	0	0	0	0	0	0	0	0	0	0	0	2002	0
LFQ	4	0	0	0	0	0	0	0	0	0	0	0	0	0	0	0	0	0	0	0	0	0	0	0	0	0	0	0	0	0	0	2002	0
LFQ	5	0	0	0	0	0	0	0	0	0	0	0	0	0	0	0	0	0	0	0	0	0	0	0	0	0	0	0	0	0	0	2002	0
LFQ	6	0	0	0	0	0	0	0	0	0	0	0	0	0	0	0	0	0	0	0	0	0	0	0	0	0	0	0	0	0	0	2002	0
LFQ	7	0	0	0	0	0	0	0	0	0	0	0	0	0	0	0	0	0	0	0	0	0	0	0	0	0	0	0	0	0	0	2002	0
LFQ	8	0	0	0	0	0	0	0	0	0	0	0	0	0	0	0	0	0	0	0	0	0	0	0	0	0	0	0	0	0	0	2002	0
LFQ	9	0	0	0	0	0	0	0	0	0	0	0	0	0	0	0	0	0	0	0	0	0	0	0	0	0	0	0	0	0	0	2002	0
LFQ	10	0	0	0	0	0	0	0	0	0	0	0	0	0	0	0	0	0	0	0	0	0	0	0	0	0	0	0	0	0	0	2002	0
LFQ	11	0	0	0	0	0	0	0	0	0	0	0	0	0	0	0	0	0	0	0	0	0	0	0	0	0	0	0	0	0	0	2002	0
LFQ	12	0	0	0	0	0	0	0	0	0	0	0	0	0	0	0	0	0	0	0	0	0	0	0	0	0	0	0	0	0	0	2002	0
LFQ	13	0	0	0	0	0	0	0	0	0	0	0	0	0	0	0	0	0	0	0	0	0	0	0	0	0	0	0	0	0	0	2002	0
LFQ	14	0	0	0	0	0	0	0	0	0	0	0	0	0	0	0	0	0	0	0	0	0	0	0	0	0	0	0	0	0	0	2002	0
LFQ	15	0	0	0	0	0	0	0	0	0	0	0	0	0	0	0	0	0	0	0	0	0	0	0	0	0	0	0	0	0	0	2002	0
LFQ	16	0	0	0	0	0	0	0	0	0	0	0	0	0	0	0	0	0	0	0	0	0	0	0	0	0	0	0	0	0	0	2002	0
LFQ	17	0	0	0	0	0	0	0	0	0	0	0	0	0	0	0	0	0	0	0	0	0	0	0	0	0	0	0	0	0	0	2002	0
LFQ	18	0	0	0	0	0	0	0	0	0	0	0	0	0	0	0	0	0	0	0	0	0	0	0	0	0	0	0	0	0	0	2002	0
LFQ	19	0	0	0	0	0	0	0	0	0	0	0	0	0	0	0	0	0	0	0	0	0	0	0	0	0	0	0	0	0	0	2002	0
LFQ	20	0	0	0	0	0	0	0	0	0	0	0	0	0	0	0	0	0	0	0	0	0	0	0	0	0	0	0	0	0	0	2002	0
LFQ	21	0	0	0	0	0	0	0	0	0	0	0	0	0	0	0	0	0	0	0	0	0	0	0	0	0	0	0	0	0	0	2002	0
LFQ	22	0	0	0	0	0	0	0	0	0	0	0	0	0	0	0	0	0	0	0	0	0	0	0	0	0	0	0	0	0	0	2002	0
LFQ	23	0	0	0	0	0	0	0	0	0	0	0	0	0	0	0	0	0	0	0	0	0	0	0	0	0	0	0	0	0	0	2002	0
LFQ	24	0	0	0	0	0	0	0	0	0	0	0	0	0	0	0	0	0	0	0	0	0	0	0	0	0	0	0	0	0	0	2002	0
LFQ	25	0	0	0	0	0	0	0	0	0	0	0	0	0	0	0	0	0	0	0	0	0	0	0	0	0	0	0	0	0	0	2002	0
LFQ	26	0	0	0	0	0	0	0	0	0	0	0	0	0	0	0	0	0	0	0	0	0	0	0	0	0	0	0	0	0	0	2002	0
LFQ	27	0	0	0	0	0	0	0	0	0	0	0	0	0	0	0	0	0	0	0	0	0	0	0	0	0	0	0	0	0	0	2002	0
LFQ	28	0	0	0	0	0	0	0	0	0	0	0	0	0	0	0	0	0	0	0	0	0	0	0	0	0	0	0	0	0	0	2002	0
LFQ	29	0	0	0	0	0	0	0	0	0	0	0	0	0	0	0	0	0	0	0	0	0	0	0	0	0	0	0	0	0	0	2002	0
LFQ	30	0	0	0	0	0	0	0	0	0	0	0	0	0	0	0	0	0	0	0	0	0	0	0	0	0	0	0	0	0	0	2002	0
LFQ	31	0	0	0	0	0	0	0	0	0	0	0	0	0	0	0	0	0	0	0	0	0	0	0	0	0	0	0	0	0	0	2002	0
LFQ	32	0	0	0	0	0	0	0	0	0	0	0	0	0	0	0	0	0	0	0	0	0	0	0	0	0	0	0	0	0	0	2002	0
LFQ	33	0	0	0	0	0	0	0	0	0	0	0	0	0	0	0	0	0	0	0	0	0	0	0	0	0	0	0	0	0	0	2002	0
LFQ	34	0	0	0	0	0	0	0	0	0	0	0	0	0	0	0	0	0	0	0	0	0	0	0	0	0	0	0	0	0	0	2002	0
LFQ	35	0	0	0	0	0	0	0	0	0	0	0	0	0	0	0	0	0	0	0	0	0	0	0	0	0	0	0	0	0	0	2002	0
LFQ	36	0	0	0	0	0	0	0	0	0	0	0	0	0	0	0	0	0	0	0	0	0	0	0	0	0	0	0	0	0	0	2002	0
LFQ	37	0	0	0	0	0	0	0	0	0	0	0	0	0	0	0	0	0	0	0	0	0	0	0	0	0	0	0	0	0	0	2002	0
LFQ	38	0	0	0	0	0	0	0	0	0	0	0	0	0	0	0	0	0	0	0	0	0	0	0	0	0	0	0	0	0	0	2002	0
LFQ	39	0	0	0	0	0	0	0	0	0	0	0	0	0	0	0	0	0	0	0	0	0	0	0	0	0	0	0	0	0	0	2002	0
LFQ	40	0	0	0	0	0	0	0	0	0	0	0	0	0	0	0	0	0	0	0	0	0	0	0	0	0	0	0	0	0	0	2002	0
LFQ	41	0	0	0	0	0	0	0	0	0	0	0	0	0	0	0	0	0	0	0	0	0	0	0	0	0	0	0	0	0	0	2002	0
LFQ	42	0	0	0	0	0	0	0	0	0	0	0	0	0	0	0	0	0	0	0	0	0	0	0	0	0	0	0	0	0	0	2002	0
LFQ	43	0	0	0	0	0	0	0	0	0	0	0	0	0	0	0	0	0	0	0	0	0	0	0	0	0	0	0	0	0	0	2002	0
LFQ	44	0	0	0	0	0	0	0	0	0	0	0	0	0	0	0	0	0	0	0	0	0	0	0	0	0	0	0	0	0	0	2002	0
LFQ	45	0	0	0	0	0	0	0	0	0	0	0	0	0	0	0	0	0	0	0	0	0	0	0	0	0	0	0	0	0	0	2002	0
LFQ	46	0	0	0	0	0	0	0	0	0	0	0	0	0	0	0	0	0	0	0	0	0	0	0	0	0	0	0	0	0	0	2002	0
LFQ	47	0	0	0	0	0	0	0	0	0	0	0	0	0	0	0	0	0	0	0	0	0	0	0	0	0	0	0	0	0	0	2002	0
LFQ	48	0	0	0	0	0	0	0	0	0	0	0	0	0	0	0	0	0	0	0	0	0	0	0	0	0	0	0	0	0	0	2002	0
LFQ	49	0	0	0	0	0	0	0	0	0	0	0	0	0	0	0	0	0	0	0	0	0	0	0	0	0	0	0	0	0	0	2002	0
LFQ	50	0	0	0	0	0	0	0	0	0	0	0	0	0	0	0	0	0	0	0	0	0	0	0	0	0	0	0	0	0	0	2002	0
LFQ	51	0	0	0	0	0	0	0	0	0	0	0	0	0	0	0	0	0	0	0	0	0	0	0	0	0	0	0	0	0	0	2002	0
LFQ	52	0	0	0	0	0	0	0	0	0	0	0	0	0	0	0	0	0	0	0	0	0	0	0	0	0	0	0	0	0	0	2002	0
LFQ	53	0	0	0	0	0	0	0	0	0	0	0	0	0	0	0	0	0	0	0	0	0	0	0	0	0	0	0	0	0	0	2002	0
LFQ	54	0	0	0	0	0	0	0	0	0	0	0	0	0	0	0	0	0	0	0	0	0	0	0	0	0	0	0	0	0	0	2002	0
LFQ	55	0	0	0	0	0	0	0	0	0	0	0	0	0	0	0	0	0	0	0	0	0	0	0	0	0	0	0	0	0	0	2002	0
LFQ	56	0	0	0	0	0	0	0	0	0	0	0	0	0	0	0	0	0	0	0	0	0	0	0	0	0	0	0	0	0	0	2002	0
LFQ	57	0	0	0	0	0	0	0	0	0	0	0	0	0	0	0	0	0	0	0	0	0	0	0	0	0	0	0	0	0	0	2002	0
LFQ	58	0	0	0	0	0	0	0	0	0	0	0	0	0	0	0	0	0	0	0	0	0	0	0	0	0	0	0	0	0	0	2002	0
LFQ	59	0	0	0	0	0	0	0	0	0	0	0	0	0	0	0	0	0	0	0	0	0	0	0	0	0	0	0	0	0	0	2002	0
LFQ	60	0	0	0	0	0	0	0	0	0	0	0	0	0	0	0	0	0	0	0	0	0	0	0	0	0	0	0	0	0	0	2002	0
LFQ	61	0	0	0	0	0	0	0	0	0	0	0	0	0	0	0	0	0	0	0	0	0	0	0	0	0	0	0	0	0	0	2002	0
LFQ	62	0	0	0	0	0	0	0	0	0	0	0	0	0	0	0	0	0	0	0	0	0	0	0	0	0	0	0	0	0	0	2002	0
LFQ	63	0	0	0	0	0	0	0	0	0	0	0	0	0	0	0	0	0	0	0	0	0	0	0	0	0	0	0	0	0	0	2002	0
LFQ	64	0	0	0	0	0	0	0	0	0	0	0	0	0	0	0	0	0	0	0	0	0	0	0	0	0	0	0	0	0	0	2002	0
LFQ	65	0	0	0	0	0	0	0	0	0	0	0	0	0	0	0	0	0	0	0	0	0	0	0	0	0	0	0	0	0	0	2002	0
LFQ	66	0	0	0	0	0	0	0	0	0	0	0	0	0	0	0	0	0	0	0	0	0	0	0	0	0	0	0	0	0	0	2002	0
LFQ	67	0	0	0	0	0	0	0	0	0	0	0	0	0	0	0	0	0	0	0	0	0	0	0	0	0	0	0	0	0	0	2002	0
LFQ	68	0	0	0	0	0	0	0	0	0	0	0	0	0	0	0	0	0	0	0	0	0	0	0	0	0	0	0	0	0	0	2002	0
LFQ	69	0	0	0	0	0	0	0	0	0	0	0	0	0	0	0	0	0	0	0	0	0	0	0	0	0	0	0	0	0	0	2002	0
LFQ	70	0	0	0	0	0	0	0	0	0	0	0	0	0	0	0	0	0	0	0	0	0	0	0	0	0	0	0	0	0	0	2002	0
LFQ	71	0	0	0	0	0	0	0	0	0	0	0	0	0	0	0	0	0	0	0	0	0	0	0	0	0	0	0	0	0	0	2002	0
LFQ	72	0	0	0	0	0	0	0	0	0	0	0	0	0	0	0	0	0	0	0	0	0	0	0	0	0	0	0	0	0	0	2002	0
LFQ	73	0	0	0	0	0	0	0	0	0	0	0	0	0	0	0	0	0	0	0	0	0	0	0	0	0	0	0	0	0	0	2002	0
LFQ	74	0	0	0	0	0	0	0	0	0	0	0	0	0	0	0	0	0	0	0	0	0	0	0	0	0	0	0	0	0	0	2002	0
LFQ	75	0	0	0	0	0	0	0	0	0	0	0	0	0	0	0	0	0	0	0	0	0	0	0	0	0	0	0	0	0	0	2002	0
LFQ	76	0	0	0	0	0	0	0	0	0	0	0	0	0	0	0	0	0	0	0	0	0	0	0	0	0	0	0	0	0	0	2002	0
LFQ	77	0	0	0	0	0	0	0	0	0	0	0	0	0	0	0	0	0	0	0	0	0	0	0	0	0	0	0	0	0	0	2002	0
LFQ	78	0	0	0	0	0	0	0	0	0	0	0	0	0	0	0	0	0	0	0	0	0	0	0	0	0	0	0	0	0	0	2002	0
LFQ	79	0	0	0	0	0	0	0	0	0	0	0	0	0	0	0	0	0	0	0	0	0	0	0	0	0	0	0	0	0	0	2002	0
LFQ	80	0	0	0	0	0	0	0	0	0	0	0	0	0	0	0	0	0	0	0	0	0	0	0	0	0	0	0	0	0	0	2002	0
LFQ	81	0	0	0	0	0	0	0	0	0	0	0	0	0	0	0	0	0	0	0	0	0	0	0	0	0	0	0	0	0	0	2002	0
LFQ	82	0	0	0	0	0	0	0	0	0	0	0	0	0	0	0	0	0	0	0	0	0	0	0	0	0	0	0	0	0	0	2002	0
LFQ	83	0	0	0	0	0	0	0	0	0	0	0	0	0	0	0	0	0	0	0	0	0	0	0	0	0	0	0	0	0	0	2002	0
LFQ	84	0	0	0	0	0	0	0	0	0	0	0	0	0	0	0	0	0	0	0	0	0	0	0	0	0	0	0	0	0	0	2002	0
LFQ	85	0	0	0	0	0	0	0	0	0	0	0	0	0	0	0	0	0	0	0	0	0	0	0	0	0	0	0	0	0	0	2002	0
LFQ	86	0	0	0	0	0	0	0	0	0	0	0	0	0	0	0	0	0	0	0	0	0	0	0	0	0	0	0	0	0	0	2002	0
LFQ	87	0	0	0	0	0	0	0	0	0	0	0	0	0	0	0	0	0	0	0	0	0	0	0	0	0	0	0	0	0	0	2002	0
LFQ	88	0	0	0	0	0	0	0	0	0	0	0	0	0	0	0	0	0	0	0	0	0	0	0	0	0	0	0	0	0	0	2002	0
LFQ	89	0	0	0	0	0	0	0	0	0	0	0	0	0	0	0	0	0	0	0	0	0	0	0	0	0	0	0	0	0	0	2002	0
LFQ	90	0	0	0	0	0	0	0	0	0	0	0	0	0	0	0	0	0	0	0	0	0	0	0	0	0	0	0	0	0	0	2002	0
LFQ	91	0	0	0	0	0	0	0	0	0	0	0	0	0	0	0	0	0	0	0	0	0	0	0	0	0	0	0	0	0	0	2002	0
LFQ	92	0	0	0	0	0	0	0	0	0	0	0	0	0	0	0	0	0	0	0	0	0	0	0	0	0	0	0	0	0	0	2002	0
LFQ	93	0	0	0	0	0	0	0	0	0	0	0	0	0	0	0	0	0	0	0	0	0	0	0	0	0	0	0	0	0	0	2002	0
LFQ	94	0	0	0	0	0	0	0	0	0	0	0	0	0	0	0	0	0	0	0	0	0	0	0	0	0	0	0	0	0	0	2002	0
LFQ	95	0	0	0	0	0	0	0	0	0	0	0	0	0	0	0	0	0	0	0	0	0	0	0	0	0	0	0	0	0	0	2002	0
LFQ	96	0	0	0	0	0	0	0	0	0	0	0	0	0	0	0	0	0	0	0	0	0	0	0	0	0	0	0	0	0	0	2002	0
LFQ	97	0	0	0	0	0	0	0	0	0	0	0	0	0	0	0	0	0	0	0	0	0	0	0	0	0	0	0	0	0	0	2002	0
LFQ	98	0	0	0	0	0	0	0	0	0	0	0	0	0	0	0	0	0	0	0	0	0	0	0	0	0	0	0	0	0	0	2002	0
LFQ	99	0	0	0	0	0	0	0	0	0	0	0	0	0	0	0	0	0	0	0	0	0	0	0	0	0	0	0	0	0	0	2002	0
LFQ	100	0	0	0	0	0	0	0	0	0	0	0	0	0	0	0	0	0	0	0	0	0	0	0	0	0	0	0	0	0	0	2002	0
LFQ	101	0	0	0	0	0	0	0	0	0	0	0	0	0	0	0	0	0	0	0	0	0	0	0	0	0	0	0	0	0	0	2002	0
LFQ	102	0	0	0	0	0	0	0	0	0	0	0	0	0	0	0	0	0	0	0	0	0	0	0	0	0	0	0	0	0	0	2002	0
LFQ	103	0	0	0	0	0	0	0	0	0	0	0	0	0	0	0	0	0	0	0	0	0	0	0	0	0	0	0	0	0	0	2002	0
LFQ	104	0	0	0	0	0	0	0	0	0	0	0	0	0	0	0	0	0	0	0	0	0	0	0	0	0	0	0	0	0	0	2002	0
LFQ	105	0	0	0	0	0	0	0	0	0	0	0	0	0	0	0	0	0	0	0	0	0	0	0	0	0	0	0	0	0	0	2002	0
LFQ	106	0	0	0	0	0	0	0	0	0	0	0	0	0	0	0	0	0	0	0	0	0	0	0	0	0	0	0	0	0	0	2002	0
LFQ	107	0	0	0	0	0	0	0	0	0	0	0	0	0	0	0	0	0	0	0	0	0	0	0	0	0	0	0	0	0	0	2002	0
LFQ	108	0	0	0	0	0	0	0	0	0	0	0	0	0	0	0	0	0	0	0	0	0	0	0	0	0	0	0	0	0	0	2002	0
LFQ	109	0	0	0	0	0	0	0	0	0	0	0	0	0	0	0	0	0	0	0	0	0	0	0	0	0	0	0	0	0	0	2002	0
LFQ	110	0	0	0	0	0	0	0	0	0	0	0	0	0	0	0	0	0	0	0	0	0	0	0	0	0	0	0	0	0	0	2002	0
LFQ	111	0	0	0	0	0	0	0	0	0	0	0	0	0	0	0	0	0	0	0	0	0	0	0	0	0	0	0	0	0	0	2002	0
LFQ	112	0	0	0	0	0	0	0	0	0	0	0	0	0	0	0	0	0	0	0	0	0	0	0	0	0	0	0	0	0	0	2002	0
LFQ	113	0	0	0	0	0	0	0	0	0	0	0	0	0	0	0	0	0	0	0	0	0	0	0	0	0	0	0	0	0	0	2002	0
LFQ	114	0	0	0	0	0	0	0	0	0	0	0	0	0	0	0	0	0	0	0	0	0	0	0	0	0	0	0	0	0	0	2002	0
LFQ	115	0	0	0	0	0	0	0	0	0	0	0	0	0	0	0	0	0	0	0	0	0	0	0	0	0	0	0	0	0	0	2002	0
LFQ	116	0	0	0	0	0	0	0	0	0	0	0	0	0	0	0	0	0	0	0	0	0	0	0	0	0	0	0	0	0	0	2002	0
LFQ	117	0	0	0	0	0	0	0	0	0	0	0	0	0	0	0	0	0	0	0	0	0	0	0	0	0	0	0	0	0	0	2002	0
LFQ	118	0	0	0	0	0	0	0	0	0	0	0	0	0	0	0	0	0	0	0	0	0	0	0	0	0	0	0	0	0	0	2002	0
LFQ	119	0	0	0	0	0	0	0	0	0	0	0	0	0	0	0	0	0	0	0	0	0	0	0	0	0	0	0	0	0	0	2002	0
LFQ	120	0	0	0	0	0	0	0	0	0	0	0	0	0	0	0	0	0	0	0	0	0	0	0	0	0	0	0	0	0	0	2002	0
LFQ	121	0	0	0	0	0	0	0	0	0	0	0	0	0	0	0	0	0	0	0	0	0	0	0	0	0	0	0	0	0	0	2002	0
LFQ	122	0	0	0	0	0	0	0	0	0	0	0	0	0	0	0	0	0	0	0	0	0	0	0	0	0	0	0	0	0	0	2002	0
LFQ	123	0	0	0	0	0	0	0	0	0	0	0	0	0	0	0	0	0	0	0	0	0	0	0	0	0	0	0	0	0	0	2002	0
LFQ	124	0	0	0	0	0	0	0	0	0	0	0	0	0	0	0	0	0	0	0	0	0	0	0	0	0	0	0	0	0	0	2002	0
LFQ	125	0	0	0	0	0	0	0	0	0	0	0	0	0	0	0	0	0	0	0	0	0	0	0	0	0	0	0	0	0	0	2002	0
LFQ	126	0	0	0	0	0	0	0	0	0	0	0	0	0	0	0	0	0	0	0	0	0	0	0	0	0	0	0	0	0	0	2002	0
LFQ	127	0	0	0	0	0	0	0	0	0	0	0	0	0	0	0	0	0	0	0	0	0	0	0	0	0	0	0	0	0	0	2002	0
LFQ	128	0	0	0	0	0	0	0	0	0	0	0	0	0	0	0	0	0	0	0	0	0	0	0	0	0	0	0	0	0	0	2002	0
LFQ	129	0	0	0	0	0	0	0	0	0	0	0	0	0	0	0	0	0	0	0	0	0	0	0	0	0	0	0	0	0	0	2002	0
LFQ	130	0	0	0	0	0	0	0	0	0	0	0	0	0	0	0	0	0	0	0	0	0	0	0	0	0	0	0	0	0	0	2002	0
LFQ	131	0	0	0	0	0	0	0	0	0	0	0	0	0	0	0	0	0	0	0	0	0	0	0	0	0	0	0	0	0	0	2002	0
LFQ	132	0	0	0	0	0	0	0	0	0	0	0	0	0	0	0	0	0	0	0	0	0	0	0	0	0	0	0	0	0	0	2002	0
LFQ	133	0	0	0	0	0	0	0	0	0	0	0	0	0	0	0	0	0	0	0	0	0	0	0	0	0	0	0	0	0	0	2002	0
LFQ	134	0	0	0	0	0	0	0	0	0	0	0	0	0	0	0	0	0	0	0	0	0	0	0	0	0	0	0	0	0	0	2002	0
LFQ	135	0	0	0	0	0	0	0	0	0	0	0	0	0	0	0	0	0	0	0	0	0	0	0	0	0	0	0	0	0	0	2002	0
LFQ	136	0	0	0	0	0	0	0	0	0	0	0	0	0	0	0	0	0	0	0	0	0	0	0	0	0	0	0	0	0	0	2002	0
LFQ	137	0	0	0	0	0	0	0	0	0	0	0	0	0	0	0	0	0	0	0	0	0	0	0	0	0	0	0	0	0	0	2002	0
LFQ	138	0	0	0	0	0	0	0	0	0	0	0	0	0	0	0	0	0	0	0	0	0	0	0	0	0	0	0	0	0	0	2002	0
LFQ	139	0	0	0	0	0	0	0	0	0	0	0	0	0	0	0	0	0	0	0	0	0	0	0	0	0	0	0	0	0	0	2002	0
LFQ	140	0	0	0	0	0	0	0	0	0	0	0	0	0	0	0	0	0	0	0	0	0	0	0	0	0	0	0	0	0	0	2002	0
LFQ	141	0	0	0	0	0	0	0	0	0	0	0	0	0	0	0	0	0	0	0	0	0	0	0	0	0	0	0	0	0	0	2002	0
LFQ	142	0	0	0	0	0	0	0	0	0	0	0	0	0	0	0	0	0	0	0	0	0	0	0	0	0	0	0	0	0	0	2002	0
LFQ	143	0	0	0	0	0	0	0	0	0	0	0	0	0	0	0	0	0	0	0	0	0	0	0	0	0	0	0	0	0	0	2002	0
LFQ	144	0	0	0	0	0	0	0	0	0	0	0	0	0	0	0	0	0	0	0	0	0	0	0	0	0	0	0	0	0	0	2002	0
LFQ	145	0	0	0	0	0	0	0	0	0	0	0	0	0	0	0	0	0	0	0	0	0	0	0	0	0	0	0	0	0	0	2002	0
LFQ	146	0	0	0	0	0	0	0	0	0	0	0	0	0	0	0	0	0	0	0	0	0	0	0	0	0	0	0	0	0	0	2002	0
LFQ	147	0	0	0	0	0	0	0	0	0	0	0	0	0	0	0	0	0	0	0	0	0	0	0	0	0	0	0	0	0	0	2002	0
LFQ	148	0	0	0	0	0	0	0	0	0	0	0	0	0	0	0	0	0	0	0	0	0	0	0	0	0	0	0	0	0	0	2002	0
LFQ	149	0	0	0	0	0	0	0	0	0	0	0	0	0	0	0	0	0	0	0	0	0	0	0	0	0	0	0	0	0	0	2002	0
LFQ	150	0	0	0	0	0	0	0	0	0	0	0	0	0	0	0	0	0	0	0	0	0	0	0	0	0	0	0	0	0	0	2002	0
# GC Content of first fragments. Use `grep ^GCF | cut -f 2-` to extract this part.
GCF	4.27	0
GCF	8.79	1
GCF	10.30	0
GCF	12.06	1
GCF	13.82	0
GCF	15.33	2
GCF	16.08	0
GCF	16.83	1
GCF	18.09	0
GCF	19.35	1
GCF	20.10	0
GCF	20.85	3
GCF	21.36	1
GCF	22.11	4
GCF	22.86	7
GCF	23.37	8
GCF	24.12	14
GCF	24.87	11
GCF	25.38	12
GCF	26.13	20
GCF	26.88	21
GCF	27.89	24
GCF	28.89	25
GCF	29.40	27
GCF	30.15	37
GCF	30.90	33
GCF	31.41	42
GCF	32.16	57
GCF	32.91	52
GCF	33.42	70
GCF	33.92	62
GCF	34.67	89
GCF	35.43	63
GCF	35.93	72
GCF	36.68	62
GCF	37.44	79
GCF	37.94	65
GCF	38.69	64
GCF	39.45	65
GCF	39.95	76
GCF	40.70	62
GCF	41.46	56
GCF	41.96	53
GCF	42.71	49
GCF	43.47	59
GCF	43.97	52
GCF	44.72	56
GCF	45.48	46
GCF	45.98	50
GCF	46.73	46
GCF	47.49	44
GCF	47.99	29
GCF	48.74	26
GCF	49.50	33
GCF	50.00	26
GCF	50.75	11
GCF	51.51	16
GCF	52.01	8
GCF	52.76	9
GCF	53.52	7
GCF	54.02	8
GCF	55.03	7
GCF	56.03	1
GCF	56.78	5
GCF	57.54	7
GCF	58.04	5
GCF	58.79	3
GCF	59.55	4
GCF	60.05	6
GCF	60.80	4
GCF	61.56	2
GCF	64.07	1
GCF	66.58	3
# GC Content of last fragments. Use `grep ^GCL | cut -f 2-` to extract this part.
GCL	3.27	0
GCL	6.78	2
GCL	11.06	0
GCL	15.83	1
GCL	17.84	0
GCL	19.35	1
GCL	20.10	2
GCL	20.85	0
GCL	21.36	1
GCL	22.11	7
GCL	22.86	3
GCL	23.37	6
GCL	24.12	9
GCL	24.87	17
GCL	25.38	13
GCL	26.13	19
GCL	26.88	25
GCL	27.39	17
GCL	28.14	29
GCL	28.89	34
GCL	29.40	45
GCL	30.15	40
GCL	30.90	27
GCL	31.41	44
GCL	32.16	43
GCL	32.91	56
GCL	33.42	64
GCL	33.92	63
GCL	34.67	71
GCL	35.43	79
GCL	35.93	85
GCL	36.68	64
GCL	37.44	71
GCL	37.94	66
GCL	38.69	58
GCL	39.45	66
GCL	39.95	77
GCL	40.70	80
GCL	41.46	56
GCL	41.96	52
GCL	42.71	48
GCL	43.47	62
GCL	43.97	50
GCL	44.72	63
GCL	45.48	55
GCL	45.98	37
GCL	46.73	44
GCL	47.49	36
GCL	47.99	34
GCL	48.74	29
GCL	49.50	25
GCL	50.00	20
GCL	50.75	15
GCL	51.51	12
GCL	52.01	3
GCL	52.76	9
GCL	53.52	11
GCL	54.02	7
GCL	54.77	4
GCL	55.53	9
GCL	56.03	7
GCL	56.78	6
GCL	57.54	2
GCL	58.04	5
GCL	58.79	4
GCL	59.80	2
GCL	60.80	1
GCL	61.56	2
GCL	62.56	0
GCL	63.57	1
GCL	64.57	0
GCL	65.83	1
GCL	66.58	0
GCL	67.34	1
# ACGT content per cycle. Use `grep ^GCC | cut -f 2-` to extract this part. The columns are: cycle; A,C,G,T base counts as a percentage of all A/C/G/T bases [%]; and N and O counts as a percentage of all A/C/G/T bases [%]
GCC	1	31.59	19.26	17.61	31.54	0.00	0.00
GCC	2	31.74	19.63	17.68	30.94	0.00	0.00
GCC	3	30.07	20.68	17.93	31.32	0.00	0.00
GCC	4	30.92	19.58	18.63	30.87	0.00	0.00
GCC	5	30.79	20.28	19.08	29.85	0.00	0.00
GCC	6	29.90	20.58	19.18	30.34	0.00	0.00
GCC	7	30.62	20.93	18.48	29.97	0.00	0.00
GCC	8	30.57	20.60	18.46	30.37	0.00	0.00
GCC	9	30.14	21.18	17.86	30.82	0.00	0.00
GCC	10	29.40	20.45	20.25	29.90	0.00	0.00
GCC	11	30.77	19.71	19.08	30.44	0.00	0.00
GCC	12	29.65	19.96	19.58	30.82	0.00	0.00
GCC	13	30.92	19.56	18.03	31.49	0.00	0.00
GCC	14	30.29	19.78	18.81	31.12	0.00	0.00
GCC	15	29.77	19.83	19.31	31.09	0.00	0.00
GCC	16	30.92	20.58	18.08	30.42	0.00	0.00
GCC	17	30.94	20.78	17.98	30.29	0.00	0.00
GCC	18	31.54	19.01	18.71	30.74	0.00	0.00
GCC	19	31.57	20.03	18.88	29.52	0.00	0.00
GCC	20	29.60	20.58	18.78	31.04	0.00	0.00
GCC	21	30.54	18.06	19.48	31.92	0.00	0.00
GCC	22	29.12	20.63	19.53	30.72	0.00	0.00
GCC	23	31.29	19.61	17.76	31.34	0.00	0.00
GCC	24	31.27	20.20	18.11	30.42	0.00	0.00
GCC	25	30.14	20.10	18.83	30.92	0.00	0.00
GCC	26	31.32	19.58	18.51	30.59	0.00	0.00
GCC	27	30.22	20.10	19.16	30.52	0.00	0.00
GCC	28	30.69	18.98	18.53	31.79	0.00	0.00
GCC	29	31.17	19.26	18.81	30.77	0.00	0.00
GCC	30	31.97	19.73	18.76	29.55	0.00	0.00
GCC	31	30.69	19.26	18.51	31.54	0.00	0.00
GCC	32	30.87	19.73	18.46	30.94	0.00	0.00
GCC	33	30.52	19.81	19.06	30.62	0.00	0.00
GCC	34	30.62	20.20	18.78	30.39	0.00	0.00
GCC	35	30.72	20.45	18.86	29.97	0.00	0.00
GCC	36	30.42	20.55	18.38	30.64	0.00	0.00
GCC	37	31.04	19.53	18.06	31.37	0.00	0.00
GCC	38	31.57	20.38	17.78	30.27	0.00	0.00
GCC	39	30.14	21.15	18.81	29.90	0.00	0.00
GCC	40	29.97	19.63	18.81	31.59	0.00	0.00
GCC	41	29.87	20.35	18.86	30.92	0.00	0.00
GCC	42	31.02	20.00	18.71	30.27	0.00	0.00
GCC	43	30.34	19.51	18.46	31.69	0.00	0.00
GCC	44	31.57	20.10	17.71	30.62	0.00	0.00
GCC	45	30.87	21.13	18.56	29.45	0.00	0.00
GCC	46	31.09	20.60	18.88	29.42	0.00	0.00
GCC	47	32.39	19.53	19.03	29.05	0.00	0.00
GCC	48	30.59	21.23	18.01	30.17	0.00	0.00
GCC	49	30.92	18.56	18.23	32.29	0.00	0.00
GCC	50	31.84	19.88	18.53	29.75	0.00	0.00
GCC	51	29.70	20.18	18.98	31.14	0.00	0.00
GCC	52	31.54	19.23	18.78	30.44	0.00	0.00
GCC	53	31.69	18.71	19.03	30.57	0.00	0.00
GCC	54	30.72	20.25	18.83	30.19	0.00	0.00
GCC	55	31.54	20.20	18.66	29.60	0.00	0.00
GCC	56	29.85	19.68	19.51	30.97	0.00	0.00
GCC	57	31.27	19.36	18.33	31.04	0.00	0.00
GCC	58	31.54	19.58	19.08	29.80	0.00	0.00
GCC	59	30.64	20.90	17.46	30.99	0.00	0.00
GCC	60	30.97	19.61	18.28	31.14	0.00	0.00
GCC	61	29.35	20.45	18.93	31.27	0.00	0.00
GCC	62	30.27	19.78	19.86	30.09	0.00	0.00
GCC	63	30.99	20.80	18.51	29.70	0.00	0.00
GCC	64	30.59	19.16	19.46	30.79	0.00	0.00
GCC	65	30.94	19.38	19.31	30.37	0.00	0.00
GCC	66	30.54	20.65	19.08	29.72	0.00	0.00
GCC	67	30.37	19.48	18.98	31.17	0.00	0.00
GCC	68	30.59	19.61	19.91	29.90	0.00	0.00
GCC	69	29.37	20.03	19.41	31.19	0.00	0.00
GCC	70	29.42	20.60	18.53	31.44	0.00	0.00
GCC	71	31.89	18.91	19.13	30.07	0.00	0.00
GCC	72	29.35	20.40	18.53	31.72	0.00	0.00
GCC	73	29.30	20.00	18.88	31.82	0.00	0.00
GCC	74	29.45	19.83	19.28	31.44	0.00	0.00
GCC	75	31.04	19.53	18.41	31.02	0.00	0.00
GCC	76	30.92	20.18	18.31	30.59	0.00	0.00
GCC	77	32.77	19.76	17.76	29.72	0.00	0.00
GCC	78	31.14	21.00	17.78	30.07	0.00	0.00
GCC	79	29.85	20.75	18.61	30.79	0.00	0.00
GCC	80	30.00	19.83	18.31	31.87	0.00	0.00
GCC	81	30.44	19.43	18.98	31.14	0.00	0.00
GCC	82	29.87	20.40	19.08	30.64	0.00	0.00
GCC	83	31.42	19.28	18.43	30.87	0.00	0.00
GCC	84	31.17	19.53	18.38	30.92	0.00	0.00
GCC	85	31.74	19.93	18.56	29.77	0.00	0.00
GCC	86	30.69	20.23	18.88	30.19	0.00	0.00
GCC	87	30.09	19.46	19.41	31.04	0.00	0.00
GCC	88	29.97	20.28	18.43	31.32	0.00	0.00
GCC	89	31.54	19.66	17.93	30.87	0.00	0.00
GCC	90	31.52	18.81	18.98	30.69	0.00	0.00
GCC	91	30.02	20.53	18.71	30.74	0.00	0.00
GCC	92	30.02	19.33	19.16	31.49	0.00	0.00
GCC	93	29.77	20.45	19.16	30.62	0.00	0.00
GCC	94	30.12	19.41	18.98	31.49	0.00	0.00
GCC	95	31.27	19.46	18.61	30.67	0.00	0.00
GCC	96	31.27	19.46	18.86	30.42	0.00	0.00
GCC	97	29.60	20.98	19.31	30.12	0.00	0.00
GCC	98	30.32	21.10	17.43	31.14	0.00	0.00
GCC	99	30.22	20.70	18.38	30.69	0.00	0.00
GCC	100	30.27	19.86	19.88	30.00	0.00	0.00
GCC	101	30.77	19.78	19.58	29.87	0.00	0.00
GCC	102	31.39	19.78	18.11	30.72	0.00	0.00
GCC	103	29.75	19.76	19.08	31.42	0.00	0.00
GCC	104	31.07	19.21	18.66	31.07	0.00	0.00
GCC	105	29.92	19.23	19.41	31.44	0.00	0.00
GCC	106	31.19	20.45	19.03	29.32	0.00	0.00
GCC	107	30.32	20.25	18.16	31.27	0.00	0.00
GCC	108	32.27	20.45	18.33	28.95	0.00	0.00
GCC	109	31.69	19.73	18.71	29.87	0.00	0.00
GCC	110	30.47	19.18	19.11	31.24	0.00	0.00
GCC	111	30.32	20.33	18.26	31.09	0.00	0.00
GCC	112	30.92	20.20	18.08	30.79	0.00	0.00
GCC	113	31.92	20.40	18.06	29.62	0.00	0.00
GCC	114	30.22	19.81	18.61	31.37	0.00	0.00
GCC	115	30.34	20.73	18.46	30.47	0.00	0.00
GCC	116	29.42	20.88	19.53	30.17	0.00	0.00
GCC	117	29.85	20.85	18.26	31.04	0.00	0.00
GCC	118	30.72	20.33	18.13	30.82	0.00	0.00
GCC	119	31.14	20.25	19.33	29.27	0.00	0.00
GCC	120	30.12	20.50	18.26	31.12	0.00	0.00
GCC	121	29.42	21.10	18.83	30.64	0.00	0.00
GCC	122	30.29	20.33	18.16	31.22	0.00	0.00
GCC	123	30.04	19.23	18.71	32.02	0.00	0.00
GCC	124	30.37	19.53	19.33	30.77	0.00	0.00
GCC	125	30.17	19.46	19.43	30.94	0.00	0.00
GCC	126	31.27	19.08	19.18	30.47	0.00	0.00
GCC	127	30.24	20.80	18.71	30.24	0.00	0.00
GCC	128	30.82	18.78	19.33	31.07	0.00	0.00
GCC	129	30.09	18.58	20.00	31.32	0.00	0.00
GCC	130	30.67	20.05	18.48	30.79	0.00	0.00
GCC	131	30.69	20.18	19.73	29.40	0.00	0.00
GCC	132	30.04	19.26	19.78	30.92	0.00	0.00
GCC	133	30.17	19.83	20.05	29.95	0.00	0.00
GCC	134	29.80	19.88	20.10	30.22	0.00	0.00
GCC	135	30.87	20.95	17.68	30.49	0.00	0.00
GCC	136	30.12	20.80	18.38	30.69	0.00	0.00
GCC	137	29.40	19.96	19.01	31.64	0.00	0.00
GCC	138	30.02	20.30	19.63	30.04	0.00	0.00
GCC	139	30.52	20.60	18.81	30.07	0.00	0.00
GCC	140	33.04	20.00	18.28	28.67	0.00	0.00
GCC	141	30.87	20.85	18.26	30.02	0.00	0.00
GCC	142	30.00	20.25	19.58	30.17	0.00	0.00
GCC	143	30.64	20.48	18.23	30.64	0.00	0.00
GCC	144	30.69	19.68	19.36	30.27	0.00	0.00
GCC	145	30.67	19.91	19.33	30.09	0.00	0.00
GCC	146	31.69	19.31	18.61	30.39	0.00	0.00
GCC	147	30.42	19.46	19.03	31.09	0.00	0.00
GCC	148	29.82	20.53	19.43	30.22	0.00	0.00
GCC	149	30.82	19.86	19.18	30.14	0.00	0.00
GCC	150	30.54	20.28	18.13	31.04	0.00	0.00
# ACGT content per cycle, read oriented. Use `grep ^GCT | cut -f 2-` to extract this part. The columns are: cycle; A,C,G,T base counts as a percentage of all A/C/G/T bases [%]
GCT	1	31.92	18.38	18.48	31.22
GCT	2	31.59	18.58	18.73	31.09
GCT	3	30.72	19.98	18.63	30.67
GCT	4	31.67	19.08	19.13	30.12
GCT	5	30.02	19.11	20.25	30.62
GCT	6	30.34	19.43	20.33	29.90
GCT	7	30.52	19.73	19.68	30.07
GCT	8	29.87	18.71	20.35	31.07
GCT	9	31.02	19.86	19.18	29.95
GCT	10	30.74	20.65	20.05	28.55
GCT	11	31.34	18.93	19.86	29.87
GCT	12	30.82	20.48	19.06	29.65
GCT	13	31.27	18.31	19.28	31.14
GCT	14	30.39	18.78	19.81	31.02
GCT	15	31.72	18.23	20.90	29.15
GCT	16	30.52	19.48	19.18	30.82
GCT	17	30.92	19.31	19.46	30.32
GCT	18	31.54	19.16	18.56	30.74
GCT	19	30.19	19.11	19.81	30.89
GCT	20	30.84	19.38	19.98	29.80
GCT	21	31.17	19.73	17.81	31.29
GCT	22	30.49	20.15	20.00	29.35
GCT	23	32.09	18.91	18.46	30.54
GCT	24	30.19	18.58	19.73	31.49
GCT	25	29.25	19.06	19.88	31.82
GCT	26	30.99	18.56	19.53	30.92
GCT	27	31.19	19.33	19.93	29.55
GCT	28	31.24	18.88	18.63	31.24
GCT	29	30.47	18.66	19.41	31.47
GCT	30	31.04	18.96	19.53	30.47
GCT	31	31.14	18.96	18.81	31.09
GCT	32	31.09	18.91	19.28	30.72
GCT	33	29.75	20.53	18.33	31.39
GCT	34	30.04	19.33	19.66	30.97
GCT	35	29.90	18.28	21.03	30.79
GCT	36	30.89	20.13	18.81	30.17
GCT	37	33.07	18.56	19.03	29.35
GCT	38	30.37	19.13	19.03	31.47
GCT	39	30.14	20.30	19.66	29.90
GCT	40	31.27	20.23	18.21	30.29
GCT	41	29.17	19.56	19.66	31.62
GCT	42	30.39	19.13	19.58	30.89
GCT	43	31.09	18.36	19.61	30.94
GCT	44	31.32	18.86	18.96	30.87
GCT	45	30.14	19.56	20.13	30.17
GCT	46	30.29	19.96	19.53	30.22
GCT	47	30.89	18.88	19.68	30.54
GCT	48	31.27	19.26	19.98	29.50
GCT	49	32.44	18.23	18.56	30.77
GCT	50	31.99	19.13	19.28	29.60
GCT	51	30.62	19.61	19.56	30.22
GCT	52	30.52	18.81	19.21	31.47
GCT	53	31.32	18.08	19.66	30.94
GCT	54	30.49	18.83	20.25	30.42
GCT	55	31.27	18.68	20.18	29.87
GCT	56	30.47	19.11	20.08	30.34
GCT	57	30.82	18.81	18.88	31.49
GCT	58	30.27	18.71	19.96	31.07
GCT	59	30.77	17.88	20.48	30.87
GCT	60	31.59	18.83	19.06	30.52
GCT	61	30.02	19.38	20.00	30.59
GCT	62	30.57	20.33	19.31	29.80
GCT	63	31.74	19.51	19.81	28.95
GCT	64	31.42	18.53	20.08	29.97
GCT	65	30.79	18.28	20.40	30.52
GCT	66	30.52	19.93	19.81	29.75
GCT	67	31.12	19.13	19.33	30.42
GCT	68	30.74	18.91	20.60	29.75
GCT	69	31.32	18.78	20.65	29.25
GCT	70	31.24	19.08	20.05	29.62
GCT	71	30.52	18.83	19.21	31.44
GCT	72	30.42	19.48	19.46	30.64
GCT	73	30.37	18.93	19.96	30.74
GCT	74	30.39	19.93	19.18	30.49
GCT	75	30.92	18.56	19.38	31.14
GCT	76	30.89	19.96	18.53	30.62
GCT	77	32.19	18.58	18.93	30.29
GCT	78	32.27	18.98	19.81	28.95
GCT	79	30.07	19.48	19.88	30.57
GCT	80	30.67	19.66	18.48	31.19
GCT	81	31.99	19.53	18.88	29.60
GCT	82	31.84	19.13	20.35	28.67
GCT	83	32.09	19.16	18.56	30.19
GCT	84	32.39	18.76	19.16	29.70
GCT	85	30.79	18.78	19.71	30.72
GCT	86	30.54	20.53	18.58	30.34
GCT	87	30.84	19.96	18.91	30.29
GCT	88	31.47	19.53	19.18	29.82
GCT	89	32.17	18.58	19.01	30.24
GCT	90	31.54	18.38	19.41	30.67
GCT	91	31.22	19.78	19.46	29.55
GCT	92	30.69	19.31	19.18	30.82
GCT	93	29.40	18.93	20.68	30.99
GCT	94	31.17	18.86	19.53	30.44
GCT	95	31.24	18.53	19.53	30.69
GCT	96	29.70	19.68	18.63	31.99
GCT	97	29.52	20.15	20.13	30.19
GCT	98	30.89	19.13	19.41	30.57
GCT	99	30.67	19.81	19.28	30.24
GCT	100	31.09	19.53	20.20	29.17
GCT	101	30.32	18.78	20.58	30.32
GCT	102	31.14	19.03	18.86	30.97
GCT	103	30.64	19.81	19.03	30.52
GCT	104	32.32	18.71	19.16	29.82
GCT	105	30.72	19.13	19.51	30.64
GCT	106	29.95	18.81	20.68	30.57
GCT	107	31.62	19.11	19.31	29.97
GCT	108	29.92	19.31	19.48	31.29
GCT	109	30.47	18.56	19.88	31.09
GCT	110	30.87	19.38	18.91	30.84
GCT	111	31.14	18.26	20.33	30.27
GCT	112	31.24	19.58	18.71	30.47
GCT	113	29.92	18.71	19.76	31.62
GCT	114	30.34	19.18	19.23	31.24
GCT	115	31.24	19.23	19.96	29.57
GCT	116	30.34	21.05	19.36	29.25
GCT	117	30.87	19.33	19.78	30.02
GCT	118	31.24	19.51	18.96	30.29
GCT	119	29.65	19.81	19.78	30.77
GCT	120	30.29	19.13	19.63	30.94
GCT	121	30.72	20.05	19.88	29.35
GCT	122	30.92	18.81	19.68	30.59
GCT	123	31.09	19.03	18.91	30.97
GCT	124	30.04	20.40	18.46	31.09
GCT	125	31.37	18.86	20.03	29.75
GCT	126	31.39	19.01	19.26	30.34
GCT	127	29.70	20.10	19.41	30.79
GCT	128	32.09	19.01	19.11	29.80
GCT	129	30.97	19.56	19.03	30.44
GCT	130	30.87	19.66	18.88	30.59
GCT	131	29.15	19.83	20.08	30.94
GCT	132	29.50	20.20	18.83	31.47
GCT	133	30.39	20.20	19.68	29.72
GCT	134	30.02	19.61	20.38	30.00
GCT	135	30.02	19.96	18.68	31.34
GCT	136	30.62	19.46	19.73	30.19
GCT	137	30.87	19.03	19.93	30.17
GCT	138	30.82	19.76	20.18	29.25
GCT	139	30.09	20.33	19.08	30.49
GCT	140	31.32	20.38	17.91	30.39
GCT	141	29.72	20.40	18.71	31.17
GCT	142	31.22	20.78	19.06	28.95
GCT	143	30.54	19.78	18.93	30.74
GCT	144	29.62	18.51	20.53	31.34
GCT	145	30.22	19.36	19.88	30.54
GCT	146	30.99	19.26	18.66	31.09
GCT	147	31.22	18.71	19.78	30.29
GCT	148	30.29	19.11	20.85	29.75
GCT	149	31.04	19.28	19.76	29.92
GCT	150	30.89	19.08	19.33	30.69
# ACGT content per cycle for first fragments. Use `grep ^FBC | cut -f 2-` to extract this part. The columns are: cycle; A,C,G,T base counts as a percentage of all A/C/G/T bases [%]; and N and O counts as a percentage of all A/C/G/T bases [%]
FBC	1	32.22	18.08	17.43	32.27	0.00	0.00
FBC	2	30.77	19.88	17.68	31.67	0.00	0.00
FBC	3	28.92	20.88	18.58	31.62	0.00	0.00
FBC	4	31.67	19.03	17.53	31.77	0.00	0.00
FBC	5	30.97	21.08	19.13	28.82	0.00	0.00
FBC	6	30.32	20.43	19.73	29.52	0.00	0.00
FBC	7	31.97	21.08	17.33	29.62	0.00	0.00
FBC	8	29.72	20.98	19.13	30.17	0.00	0.00
FBC	9	29.42	21.48	17.48	31.62	0.00	0.00
FBC	10	30.32	19.73	20.28	29.67	0.00	0.00
FBC	11	31.12	19.98	19.13	29.77	0.00	0.00
FBC	12	30.97	19.58	19.98	29.47	0.00	0.00
FBC	13	30.67	18.63	19.03	31.67	0.00	0.00
FBC	14	30.77	18.83	19.38	31.02	0.00	0.00
FBC	15	28.97	20.93	19.23	30.87	0.00	0.00
FBC	16	30.22	21.13	17.78	30.87	0.00	0.00
FBC	17	30.42	20.48	17.68	31.42	0.00	0.00
FBC	18	30.87	18.68	18.28	32.17	0.00	0.00
FBC	19	32.47	19.03	19.98	28.52	0.00	0.00
FBC	20	31.27	19.63	18.63	30.47	0.00	0.00
FBC	21	29.47	17.68	20.53	32.32	0.00	0.00
FBC	22	30.27	20.58	19.28	29.87	0.00	0.00
FBC	23	31.77	19.03	18.58	30.62	0.00	0.00
FBC	24	30.62	19.63	18.48	31.27	0.00	0.00
FBC	25	30.47	20.23	18.83	30.47	0.00	0.00
FBC	26	31.37	19.18	17.98	31.47	0.00	0.00
FBC	27	30.22	18.98	19.03	31.77	0.00	0.00
FBC	28	30.62	18.88	18.53	31.97	0.00	0.00
FBC	29	30.07	20.98	18.73	30.22	0.00	0.00
FBC	30	32.32	19.48	18.28	29.92	0.00	0.00
FBC	31	29.42	19.03	19.53	32.02	0.00	0.00
FBC	32	31.77	19.43	17.78	31.02	0.00	0.00
FBC	33	30.77	19.13	19.13	30.97	0.00	0.00
FBC	34	30.97	21.68	18.08	29.27	0.00	0.00
FBC	35	30.52	20.78	18.78	29.92	0.00	0.00
FBC	36	29.77	20.93	18.78	30.52	0.00	0.00
FBC	37	30.62	19.38	18.33	31.67	0.00	0.00
FBC	38	31.47	20.93	17.68	29.92	0.00	0.00
FBC	39	29.12	21.48	17.98	31.42	0.00	0.00
FBC	40	29.82	19.98	18.83	31.37	0.00	0.00
FBC	41	28.77	20.08	19.58	31.57	0.00	0.00
FBC	42	31.37	19.58	19.13	29.92	0.00	0.00
FBC	43	28.92	19.53	19.08	32.47	0.00	0.00
FBC	44	31.12	20.28	17.93	30.67	0.00	0.00
FBC	45	29.67	21.33	19.13	29.87	0.00	0.00
FBC	46	29.82	21.03	18.53	30.62	0.00	0.00
FBC	47	31.07	19.53	19.38	30.02	0.00	0.00
FBC	48	31.17	20.83	18.58	29.42	0.00	0.00
FBC	49	29.22	18.98	18.63	33.17	0.00	0.00
FBC	50	31.12	19.93	18.48	30.47	0.00	0.00
FBC	51	28.47	20.93	19.33	31.27	0.00	0.00
FBC	52	31.57	19.28	19.13	30.02	0.00	0.00
FBC	53	31.97	18.23	18.83	30.97	0.00	0.00
FBC	54	31.12	19.53	19.33	30.02	0.00	0.00
FBC	55	31.17	20.13	18.73	29.97	0.00	0.00
FBC	56	30.57	19.68	19.98	29.77	0.00	0.00
FBC	57	32.02	18.43	18.73	30.82	0.00	0.00
FBC	58	31.02	19.53	18.68	30.77	0.00	0.00
FBC	59	31.02	21.28	16.83	30.87	0.00	0.00
FBC	60	32.17	19.83	17.43	30.57	0.00	0.00
FBC	61	28.92	20.63	19.58	30.87	0.00	0.00
FBC	62	28.47	20.83	20.23	30.47	0.00	0.00
FBC	63	30.52	21.48	17.53	30.47	0.00	0.00
FBC	64	30.62	19.98	19.33	30.07	0.00	0.00
FBC	65	30.32	19.53	18.63	31.52	0.00	0.00
FBC	66	30.17	20.98	19.93	28.92	0.00	0.00
FBC	67	30.57	18.98	17.58	32.87	0.00	0.00
FBC	68	29.92	20.08	20.18	29.82	0.00	0.00
FBC	69	28.37	20.98	19.23	31.42	0.00	0.00
FBC	70	29.12	20.68	18.63	31.57	0.00	0.00
FBC	71	32.77	19.23	19.23	28.77	0.00	0.00
FBC	72	29.37	20.23	18.18	32.22	0.00	0.00
FBC	73	29.62	20.08	19.78	30.52	0.00	0.00
FBC	74	29.52	19.98	19.38	31.12	0.00	0.00
FBC	75	30.47	19.43	17.63	32.47	0.00	0.00
FBC	76	29.37	21.18	18.68	30.77	0.00	0.00
FBC	77	32.17	19.43	17.63	30.77	0.00	0.00
FBC	78	32.17	22.33	15.98	29.52	0.00	0.00
FBC	79	30.92	19.08	19.23	30.77	0.00	0.00
FBC	80	29.17	19.18	18.48	33.17	0.00	0.00
FBC	81	30.52	19.33	19.73	30.42	0.00	0.00
FBC	82	30.47	19.93	19.23	30.37	0.00	0.00
FBC	83	30.62	18.73	19.33	31.32	0.00	0.00
FBC	84	30.27	19.38	18.58	31.77	0.00	0.00
FBC	85	29.97	20.43	18.73	30.87	0.00	0.00
FBC	86	28.82	20.33	19.28	31.57	0.00	0.00
FBC	87	30.02	19.38	19.48	31.12	0.00	0.00
FBC	88	30.37	20.18	19.33	30.12	0.00	0.00
FBC	89	32.97	18.23	17.08	31.72	0.00	0.00
FBC	90	31.87	19.63	18.63	29.87	0.00	0.00
FBC	91	29.32	22.08	18.18	30.42	0.00	0.00
FBC	92	30.32	20.38	18.63	30.67	0.00	0.00
FBC	93	29.57	20.68	19.28	30.47	0.00	0.00
FBC	94	29.32	19.88	18.48	32.32	0.00	0.00
FBC	95	31.32	18.93	19.73	30.02	0.00	0.00
FBC	96	31.17	18.78	19.83	30.22	0.00	0.00
FBC	97	29.82	21.98	19.68	28.52	0.00	0.00
FBC	98	30.77	20.58	18.13	30.52	0.00	0.00
FBC	99	29.07	20.53	19.13	31.27	0.00	0.00
FBC	100	29.87	20.48	19.93	29.72	0.00	0.00
FBC	101	31.22	19.48	19.23	30.07	0.00	0.00
FBC	102	30.42	19.78	18.28	31.52	0.00	0.00
FBC	103	29.67	19.88	18.73	31.72	0.00	0.00
FBC	104	30.42	20.18	18.58	30.82	0.00	0.00
FBC	105	28.22	20.03	20.18	31.57	0.00	0.00
FBC	106	30.02	20.58	18.78	30.62	0.00	0.00
FBC	107	29.42	21.38	18.33	30.87	0.00	0.00
FBC	108	32.07	20.48	18.43	29.02	0.00	0.00
FBC	109	30.72	19.78	19.63	29.87	0.00	0.00
FBC	110	29.97	18.48	19.43	32.12	0.00	0.00
FBC	111	31.02	20.18	17.68	31.12	0.00	0.00
FBC	112	30.32	20.83	18.58	30.27	0.00	0.00
FBC	113	32.22	20.28	16.88	30.62	0.00	0.00
FBC	114	30.92	19.43	17.98	31.67	0.00	0.00
FBC	115	28.97	21.43	18.83	30.77	0.00	0.00
FBC	116	29.02	20.53	19.98	30.47	0.00	0.00
FBC	117	29.87	20.88	18.58	30.67	0.00	0.00
FBC	118	30.07	21.23	18.13	30.57	0.00	0.00
FBC	119	31.32	19.23	20.23	29.22	0.00	0.00
FBC	120	30.17	20.33	18.73	30.77	0.00	0.00
FBC	121	29.42	21.48	19.13	29.97	0.00	0.00
FBC	122	30.12	20.83	18.03	31.02	0.00	0.00
FBC	123	30.72	19.88	17.28	32.12	0.00	0.00
FBC	124	30.82	19.88	19.18	30.12	0.00	0.00
FBC	125	30.57	18.93	20.18	30.32	0.00	0.00
FBC	126	30.52	18.78	19.98	30.72	0.00	0.00
FBC	127	29.62	20.63	19.58	30.17	0.00	0.00
FBC	128	29.57	19.08	18.83	32.52	0.00	0.00
FBC	129	29.72	18.88	19.78	31.62	0.00	0.00
FBC	130	30.52	19.08	18.93	31.47	0.00	0.00
FBC	131	30.57	20.08	20.18	29.17	0.00	0.00
FBC	132	30.97	19.23	19.38	30.42	0.00	0.00
FBC	133	29.72	19.73	19.53	31.02	0.00	0.00
FBC	134	29.77	20.23	20.38	29.62	0.00	0.00
FBC	135	30.57	21.13	17.78	30.52	0.00	0.00
FBC	136	30.47	20.38	17.83	31.32	0.00	0.00
FBC	137	29.67	20.08	18.63	31.62	0.00	0.00
FBC	138	30.82	19.68	19.83	29.67	0.00	0.00
FBC	139	29.77	20.03	20.18	30.02	0.00	0.00
FBC	140	33.17	19.73	19.18	27.92	0.00	0.00
FBC	141	30.42	21.68	17.78	30.12	0.00	0.00
FBC	142	28.82	21.08	19.18	30.92	0.00	0.00
FBC	143	29.42	19.98	18.48	32.12	0.00	0.00
FBC	144	29.37	19.93	19.43	31.27	0.00	0.00
FBC	145	29.12	20.88	19.58	30.42	0.00	0.00
FBC	146	31.42	19.68	19.18	29.72	0.00	0.00
FBC	147	29.12	20.68	19.23	30.97	0.00	0.00
FBC	148	29.42	21.73	19.48	29.37	0.00	0.00
FBC	149	29.22	20.08	20.03	30.67	0.00	0.00
FBC	150	31.57	20.83	17.03	30.57	0.00	0.00
# ACGT raw counters for first fragments. Use `grep ^FTC | cut -f 2-` to extract this part. The columns are: A,C,G,T,N base counters
FTC	91268	60215	56577	92240	0
# ACGT content per cycle for last fragments. Use `grep ^LBC | cut -f 2-` to extract this part. The columns are: cycle; A,C,G,T base counts as a percentage of all A/C/G/T bases [%]; and N and O counts as a percentage of all A/C/G/T bases [%]
LBC	1	30.97	20.43	17.78	30.82	0.00	0.00
LBC	2	32.72	19.38	17.68	30.22	0.00	0.00
LBC	3	31.22	20.48	17.28	31.02	0.00	0.00
LBC	4	30.17	20.13	19.73	29.97	0.00	0.00
LBC	5	30.62	19.48	19.03	30.87	0.00	0.00
LBC	6	29.47	20.73	18.63	31.17	0.00	0.00
LBC	7	29.27	20.78	19.63	30.32	0.00	0.00
LBC	8	31.42	20.23	17.78	30.57	0.00	0.00
LBC	9	30.87	20.88	18.23	30.02	0.00	0.00
LBC	10	28.47	21.18	20.23	30.12	0.00	0.00
LBC	11	30.42	19.43	19.03	31.12	0.00	0.00
LBC	12	28.32	20.33	19.18	32.17	0.00	0.00
LBC	13	31.17	20.48	17.03	31.32	0.00	0.00
LBC	14	29.82	20.73	18.23	31.22	0.00	0.00
LBC	15	30.57	18.73	19.38	31.32	0.00	0.00
LBC	16	31.62	20.03	18.38	29.97	0.00	0.00
LBC	17	31.47	21.08	18.28	29.17	0.00	0.00
LBC	18	32.22	19.33	19.13	29.32	0.00	0.00
LBC	19	30.67	21.03	17.78	30.52	0.00	0.00
LBC	20	27.92	21.53	18.93	31.62	0.00	0.00
LBC	21	31.62	18.43	18.43	31.52	0.00	0.00
LBC	22	27.97	20.68	19.78	31.57	0.00	0.00
LBC	23	30.82	20.18	16.93	32.07	0.00	0.00
LBC	24	31.92	20.78	17.73	29.57	0.00	0.00
LBC	25	29.82	19.98	18.83	31.37	0.00	0.00
LBC	26	31.27	19.98	19.03	29.72	0.00	0.00
LBC	27	30.22	21.23	19.28	29.27	0.00	0.00
LBC	28	30.77	19.08	18.53	31.62	0.00	0.00
LBC	29	32.27	17.53	18.88	31.32	0.00	0.00
LBC	30	31.62	19.98	19.23	29.17	0.00	0.00
LBC	31	31.97	19.48	17.48	31.07	0.00	0.00
LBC	32	29.97	20.03	19.13	30.87	0.00	0.00
LBC	33	30.27	20.48	18.98	30.27	0.00	0.00
LBC	34	30.27	18.73	19.48	31.52	0.00	0.00
LBC	35	30.92	20.13	18.93	30.02	0.00	0.00
LBC	36	31.07	20.18	17.98	30.77	0.00	0.00
LBC	37	31.47	19.68	17.78	31.07	0.00	0.00
LBC	38	31.67	19.83	17.88	30.62	0.00	0.00
LBC	39	31.17	20.83	19.63	28.37	0.00	0.00
LBC	40	30.12	19.28	18.78	31.82	0.00	0.00
LBC	41	30.97	20.63	18.13	30.27	0.00	0.00
LBC	42	30.67	20.43	18.28	30.62	0.00	0.00
LBC	43	31.77	19.48	17.83	30.92	0.00	0.00
LBC	44	32.02	19.93	17.48	30.57	0.00	0.00
LBC	45	32.07	20.93	17.98	29.02	0.00	0.00
LBC	46	32.37	20.18	19.23	28.22	0.00	0.00
LBC	47	33.72	19.53	18.68	28.07	0.00	0.00
LBC	48	30.02	21.63	17.43	30.92	0.00	0.00
LBC	49	32.62	18.13	17.83	31.42	0.00	0.00
LBC	50	32.57	19.83	18.58	29.02	0.00	0.00
LBC	51	30.92	19.43	18.63	31.02	0.00	0.00
LBC	52	31.52	19.18	18.43	30.87	0.00	0.00
LBC	53	31.42	19.18	19.23	30.17	0.00	0.00
LBC	54	30.32	20.98	18.33	30.37	0.00	0.00
LBC	55	31.92	20.28	18.58	29.22	0.00	0.00
LBC	56	29.12	19.68	19.03	32.17	0.00	0.00
LBC	57	30.52	20.28	17.93	31.27	0.00	0.00
LBC	58	32.07	19.63	19.48	28.82	0.00	0.00
LBC	59	30.27	20.53	18.08	31.12	0.00	0.00
LBC	60	29.77	19.38	19.13	31.72	0.00	0.00
LBC	61	29.77	20.28	18.28	31.67	0.00	0.00
LBC	62	32.07	18.73	19.48	29.72	0.00	0.00
LBC	63	31.47	20.13	19.48	28.92	0.00	0.00
LBC	64	30.57	18.33	19.58	31.52	0.00	0.00
LBC	65	31.57	19.23	19.98	29.22	0.00	0.00
LBC	66	30.92	20.33	18.23	30.52	0.00	0.00
LBC	67	30.17	19.98	20.38	29.47	0.00	0.00
LBC	68	31.27	19.13	19.63	29.97	0.00	0.00
LBC	69	30.37	19.08	19.58	30.97	0.00	0.00
LBC	70	29.72	20.53	18.43	31.32	0.00	0.00
LBC	71	31.02	18.58	19.03	31.37	0.00	0.00
LBC	72	29.32	20.58	18.88	31.22	0.00	0.00
LBC	73	28.97	19.93	17.98	33.12	0.00	0.00
LBC	74	29.37	19.68	19.18	31.77	0.00	0.00
LBC	75	31.62	19.63	19.18	29.57	0.00	0.00
LBC	76	32.47	19.18	17.93	30.42	0.00	0.00
LBC	77	33.37	20.08	17.88	28.67	0.00	0.00
LBC	78	30.12	19.68	19.58	30.62	0.00	0.00
LBC	79	28.77	22.43	17.98	30.82	0.00	0.00
LBC	80	30.82	20.48	18.13	30.57	0.00	0.00
LBC	81	30.37	19.53	18.23	31.87	0.00	0.00
LBC	82	29.27	20.88	18.93	30.92	0.00	0.00
LBC	83	32.22	19.83	17.53	30.42	0.00	0.00
LBC	84	32.07	19.68	18.18	30.07	0.00	0.00
LBC	85	33.52	19.43	18.38	28.67	0.00	0.00
LBC	86	32.57	20.13	18.48	28.82	0.00	0.00
LBC	87	30.17	19.53	19.33	30.97	0.00	0.00
LBC	88	29.57	20.38	17.53	32.52	0.00	0.00
LBC	89	30.12	21.08	18.78	30.02	0.00	0.00
LBC	90	31.17	17.98	19.33	31.52	0.00	0.00
LBC	91	30.72	18.98	19.23	31.07	0.00	0.00
LBC	92	29.72	18.28	19.68	32.32	0.00	0.00
LBC	93	29.97	20.23	19.03	30.77	0.00	0.00
LBC	94	30.92	18.93	19.48	30.67	0.00	0.00
LBC	95	31.22	19.98	17.48	31.32	0.00	0.00
LBC	96	31.37	20.13	17.88	30.62	0.00	0.00
LBC	97	29.37	19.98	18.93	31.72	0.00	0.00
LBC	98	29.87	21.63	16.73	31.77	0.00	0.00
LBC	99	31.37	20.88	17.63	30.12	0.00	0.00
LBC	100	30.67	19.23	19.83	30.27	0.00	0.00
LBC	101	30.32	20.08	19.93	29.67	0.00	0.00
LBC	102	32.37	19.78	17.93	29.92	0.00	0.00
LBC	103	29.82	19.63	19.43	31.12	0.00	0.00
LBC	104	31.72	18.23	18.73	31.32	0.00	0.00
LBC	105	31.62	18.43	18.63	31.32	0.00	0.00
LBC	106	32.37	20.33	19.28	28.02	0.00	0.00
LBC	107	31.22	19.13	17.98	31.67	0.00	0.00
LBC	108	32.47	20.43	18.23	28.87	0.00	0.00
LBC	109	32.67	19.68	17.78	29.87	0.00	0.00
LBC	110	30.97	19.88	18.78	30.37	0.00	0.00
LBC	111	29.62	20.48	18.83	31.07	0.00	0.00
LBC	112	31.52	19.58	17.58	31.32	0.00	0.00
LBC	113	31.62	20.53	19.23	28.62	0.00	0.00
LBC	114	29.52	20.18	19.23	31.07	0.00	0.00
LBC	115	31.72	20.03	18.08	30.17	0.00	0.00
LBC	116	29.82	21.23	19.08	29.87	0.00	0.00
LBC	117	29.82	20.83	17.93	31.42	0.00	0.00
LBC	118	31.37	19.43	18.13	31.07	0.00	0.00
LBC	119	30.97	21.28	18.43	29.32	0.00	0.00
LBC	120	30.07	20.68	17.78	31.47	0.00	0.00
LBC	121	29.42	20.73	18.53	31.32	0.00	0.00
LBC	122	30.47	19.83	18.28	31.42	0.00	0.00
LBC	123	29.37	18.58	20.13	31.92	0.00	0.00
LBC	124	29.92	19.18	19.48	31.42	0.00	0.00
LBC	125	29.77	19.98	18.68	31.57	0.00	0.00
LBC	126	32.02	19.38	18.38	30.22	0.00	0.00
LBC	127	30.87	20.98	17.83	30.32	0.00	0.00
LBC	128	32.07	18.48	19.83	29.62	0.00	0.00
LBC	129	30.47	18.28	20.23	31.02	0.00	0.00
LBC	130	30.82	21.03	18.03	30.12	0.00	0.00
LBC	131	30.82	20.28	19.28	29.62	0.00	0.00
LBC	132	29.12	19.28	20.18	31.42	0.00	0.00
LBC	133	30.62	19.93	20.58	28.87	0.00	0.00
LBC	134	29.82	19.53	19.83	30.82	0.00	0.00
LBC	135	31.17	20.78	17.58	30.47	0.00	0.00
LBC	136	29.77	21.23	18.93	30.07	0.00	0.00
LBC	137	29.12	19.83	19.38	31.67	0.00	0.00
LBC	138	29.22	20.93	19.43	30.42	0.00	0.00
LBC	139	31.27	21.18	17.43	30.12	0.00	0.00
LBC	140	32.92	20.28	17.38	29.42	0.00	0.00
LBC	141	31.32	20.03	18.73	29.92	0.00	0.00
LBC	142	31.17	19.43	19.98	29.42	0.00	0.00
LBC	143	31.87	20.98	17.98	29.17	0.00	0.00
LBC	144	32.02	19.43	19.28	29.27	0.00	0.00
LBC	145	32.22	18.93	19.08	29.77	0.00	0.00
LBC	146	31.97	18.93	18.03	31.07	0.00	0.00
LBC	147	31.72	18.23	18.83	31.22	0.00	0.00
LBC	148	30.22	19.33	19.38	31.07	0.00	0.00
LBC	149	32.42	19.63	18.33	29.62	0.00	0.00
LBC	150	29.52	19.73	19.23	31.52	0.00	0.00
# ACGT raw counters for last fragments. Use `grep ^LTC | cut -f 2-` to extract this part. The columns are: A,C,G,T,N base counters
LTC	92657	59841	56080	91722	0
# Insert sizes. Use `grep ^IS | cut -f 2-` to extract this part. The columns are: insert size, pairs total, inward oriented pairs, outward oriented pairs, other pairs
IS	0	0	0	0	0
IS	1	0	0	0	0
IS	2	0	0	0	0
IS	3	0	0	0	0
IS	4	0	0	0	0
IS	5	0	0	0	0
IS	6	0	0	0	0
IS	7	0	0	0	0
IS	8	0	0	0	0
IS	9	0	0	0	0
IS	10	0	0	0	0
IS	11	0	0	0	0
IS	12	0	0	0	0
IS	13	0	0	0	0
IS	14	0	0	0	0
IS	15	0	0	0	0
IS	16	0	0	0	0
IS	17	0	0	0	0
IS	18	0	0	0	0
IS	19	0	0	0	0
IS	20	0	0	0	0
IS	21	0	0	0	0
IS	22	0	0	0	0
IS	23	0	0	0	0
IS	24	0	0	0	0
IS	25	0	0	0	0
IS	26	0	0	0	0
IS	27	0	0	0	0
IS	28	0	0	0	0
IS	29	0	0	0	0
IS	30	0	0	0	0
IS	31	0	0	0	0
IS	32	0	0	0	0
IS	33	0	0	0	0
IS	34	0	0	0	0
IS	35	0	0	0	0
IS	36	0	0	0	0
IS	37	0	0	0	0
IS	38	0	0	0	0
IS	39	0	0	0	0
IS	40	0	0	0	0
IS	41	0	0	0	0
IS	42	0	0	0	0
IS	43	0	0	0	0
IS	44	0	0	0	0
IS	45	0	0	0	0
IS	46	0	0	0	0
IS	47	0	0	0	0
IS	48	0	0	0	0
IS	49	0	0	0	0
IS	50	0	0	0	0
IS	51	0	0	0	0
IS	52	0	0	0	0
IS	53	0	0	0	0
IS	54	0	0	0	0
IS	55	0	0	0	0
IS	56	0	0	0	0
IS	57	0	0	0	0
IS	58	0	0	0	0
IS	59	0	0	0	0
IS	60	0	0	0	0
IS	61	0	0	0	0
IS	62	0	0	0	0
IS	63	0	0	0	0
IS	64	0	0	0	0
IS	65	0	0	0	0
IS	66	0	0	0	0
IS	67	0	0	0	0
IS	68	0	0	0	0
IS	69	0	0	0	0
IS	70	0	0	0	0
IS	71	0	0	0	0
IS	72	0	0	0	0
IS	73	0	0	0	0
IS	74	0	0	0	0
IS	75	0	0	0	0
IS	76	0	0	0	0
IS	77	0	0	0	0
IS	78	0	0	0	0
IS	79	0	0	0	0
IS	80	0	0	0	0
IS	81	0	0	0	0
IS	82	0	0	0	0
IS	83	0	0	0	0
IS	84	0	0	0	0
IS	85	0	0	0	0
IS	86	0	0	0	0
IS	87	0	0	0	0
IS	88	0	0	0	0
IS	89	0	0	0	0
IS	90	0	0	0	0
IS	91	0	0	0	0
IS	92	0	0	0	0
IS	93	0	0	0	0
IS	94	0	0	0	0
IS	95	0	0	0	0
IS	96	0	0	0	0
IS	97	0	0	0	0
IS	98	0	0	0	0
IS	99	0	0	0	0
IS	100	0	0	0	0
IS	101	0	0	0	0
IS	102	0	0	0	0
IS	103	0	0	0	0
IS	104	0	0	0	0
IS	105	0	0	0	0
IS	106	0	0	0	0
IS	107	0	0	0	0
IS	108	0	0	0	0
IS	109	0	0	0	0
IS	110	0	0	0	0
IS	111	0	0	0	0
IS	112	0	0	0	0
IS	113	0	0	0	0
IS	114	0	0	0	0
IS	115	0	0	0	0
IS	116	0	0	0	0
IS	117	0	0	0	0
IS	118	0	0	0	0
IS	119	0	0	0	0
IS	120	0	0	0	0
IS	121	0	0	0	0
IS	122	0	0	0	0
IS	123	0	0	0	0
IS	124	0	0	0	0
IS	125	0	0	0	0
IS	126	0	0	0	0
IS	127	0	0	0	0
IS	128	0	0	0	0
IS	129	0	0	0	0
IS	130	0	0	0	0
IS	131	0	0	0	0
IS	132	0	0	0	0
IS	133	0	0	0	0
IS	134	0	0	0	0
IS	135	0	0	0	0
IS	136	0	0	0	0
IS	137	0	0	0	0
IS	138	0	0	0	0
IS	139	0	0	0	0
IS	140	0	0	0	0
IS	141	0	0	0	0
IS	142	0	0	0	0
IS	143	0	0	0	0
IS	144	0	0	0	0
IS	145	0	0	0	0
IS	146	0	0	0	0
IS	147	0	0	0	0
IS	148	0	0	0	0
IS	149	0	0	0	0
IS	150	0	0	0	0
IS	151	0	0	0	0
IS	152	0	0	0	0
IS	153	0	0	0	0
IS	154	0	0	0	0
IS	155	0	0	0	0
IS	156	0	0	0	0
IS	157	0	0	0	0
IS	158	0	0	0	0
IS	159	0	0	0	0
IS	160	0	0	0	0
IS	161	0	0	0	0
IS	162	0	0	0	0
IS	163	0	0	0	0
IS	164	0	0	0	0
IS	165	0	0	0	0
IS	166	0	0	0	0
IS	167	0	0	0	0
IS	168	0	0	0	0
IS	169	0	0	0	0
IS	170	0	0	0	0
IS	171	0	0	0	0
IS	172	0	0	0	0
IS	173	0	0	0	0
IS	174	0	0	0	0
IS	175	0	0	0	0
IS	176	0	0	0	0
IS	177	0	0	0	0
IS	178	0	0	0	0
IS	179	0	0	0	0
IS	180	0	0	0	0
IS	181	0	0	0	0
IS	182	0	0	0	0
IS	183	0	0	0	0
IS	184	0	0	0	0
IS	185	0	0	0	0
IS	186	0	0	0	0
IS	187	0	0	0	0
IS	188	0	0	0	0
IS	189	0	0	0	0
IS	190	0	0	0	0
IS	191	0	0	0	0
IS	192	0	0	0	0
IS	193	0	0	0	0
IS	194	0	0	0	0
IS	195	0	0	0	0
IS	196	0	0	0	0
IS	197	0	0	0	0
IS	198	0	0	0	0
IS	199	0	0	0	0
IS	200	0	0	0	0
IS	201	0	0	0	0
IS	202	0	0	0	0
IS	203	0	0	0	0
IS	204	0	0	0	0
IS	205	0	0	0	0
IS	206	0	0	0	0
IS	207	0	0	0	0
IS	208	0	0	0	0
IS	209	0	0	0	0
IS	210	0	0	0	0
IS	211	0	0	0	0
IS	212	0	0	0	0
IS	213	0	0	0	0
IS	214	0	0	0	0
IS	215	0	0	0	0
IS	216	0	0	0	0
IS	217	0	0	0	0
IS	218	0	0	0	0
IS	219	0	0	0	0
IS	220	0	0	0	0
IS	221	0	0	0	0
IS	222	0	0	0	0
IS	223	0	0	0	0
IS	224	0	0	0	0
IS	225	0	0	0	0
IS	226	0	0	0	0
IS	227	0	0	0	0
IS	228	0	0	0	0
IS	229	0	0	0	0
IS	230	0	0	0	0
IS	231	0	0	0	0
IS	232	0	0	0	0
IS	233	0	0	0	0
IS	234	0	0	0	0
IS	235	0	0	0	0
IS	236	0	0	0	0
IS	237	0	0	0	0
IS	238	0	0	0	0
IS	239	0	0	0	0
IS	240	0	0	0	0
IS	241	0	0	0	0
IS	242	0	0	0	0
IS	243	0	0	0	0
IS	244	0	0	0	0
IS	245	0	0	0	0
IS	246	0	0	0	0
IS	247	0	0	0	0
IS	248	0	0	0	0
IS	249	0	0	0	0
IS	250	0	0	0	0
IS	251	0	0	0	0
IS	252	0	0	0	0
IS	253	0	0	0	0
IS	254	0	0	0	0
IS	255	0	0	0	0
IS	256	0	0	0	0
IS	257	0	0	0	0
IS	258	0	0	0	0
IS	259	0	0	0	0
IS	260	0	0	0	0
IS	261	0	0	0	0
IS	262	0	0	0	0
IS	263	0	0	0	0
IS	264	0	0	0	0
IS	265	0	0	0	0
IS	266	0	0	0	0
IS	267	0	0	0	0
IS	268	0	0	0	0
IS	269	0	0	0	0
IS	270	0	0	0	0
IS	271	0	0	0	0
IS	272	0	0	0	0
IS	273	0	0	0	0
IS	274	0	0	0	0
IS	275	0	0	0	0
IS	276	0	0	0	0
IS	277	0	0	0	0
IS	278	0	0	0	0
IS	279	0	0	0	0
IS	280	0	0	0	0
IS	281	0	0	0	0
IS	282	0	0	0	0
IS	283	0	0	0	0
IS	284	0	0	0	0
IS	285	0	0	0	0
IS	286	0	0	0	0
IS	287	0	0	0	0
IS	288	0	0	0	0
IS	289	0	0	0	0
IS	290	0	0	0	0
IS	291	0	0	0	0
IS	292	0	0	0	0
IS	293	0	0	0	0
IS	294	0	0	0	0
IS	295	0	0	0	0
IS	296	0	0	0	0
IS	297	0	0	0	0
IS	298	0	0	0	0
IS	299	0	0	0	0
IS	300	0	0	0	0
IS	301	0	0	0	0
IS	302	0	0	0	0
IS	303	0	0	0	0
IS	304	0	0	0	0
IS	305	0	0	0	0
IS	306	0	0	0	0
IS	307	0	0	0	0
IS	308	0	0	0	0
IS	309	0	0	0	0
IS	310	0	0	0	0
IS	311	0	0	0	0
IS	312	0	0	0	0
IS	313	0	0	0	0
IS	314	0	0	0	0
IS	315	0	0	0	0
IS	316	0	0	0	0
IS	317	0	0	0	0
IS	318	0	0	0	0
IS	319	0	0	0	0
IS	320	0	0	0	0
IS	321	0	0	0	0
IS	322	0	0	0	0
IS	323	0	0	0	0
IS	324	0	0	0	0
IS	325	0	0	0	0
IS	326	0	0	0	0
IS	327	0	0	0	0
IS	328	0	0	0	0
IS	329	0	0	0	0
IS	330	0	0	0	0
IS	331	0	0	0	0
IS	332	0	0	0	0
IS	333	0	0	0	0
IS	334	0	0	0	0
IS	335	1	1	0	0
IS	336	0	0	0	0
IS	337	0	0	0	0
IS	338	0	0	0	0
IS	339	0	0	0	0
IS	340	0	0	0	0
IS	341	0	0	0	0
IS	342	0	0	0	0
IS	343	1	1	0	0
IS	344	0	0	0	0
IS	345	0	0	0	0
IS	346	0	0	0	0
IS	347	0	0	0	0
IS	348	0	0	0	0
IS	349	0	0	0	0
IS	350	0	0	0	0
IS	351	0	0	0	0
IS	352	0	0	0	0
IS	353	0	0	0	0
IS	354	0	0	0	0
IS	355	1	1	0	0
IS	356	0	0	0	0
IS	357	1	1	0	0
IS	358	0	0	0	0
IS	359	0	0	0	0
IS	360	1	1	0	0
IS	361	1	1	0	0
IS	362	0	0	0	0
IS	363	0	0	0	0
IS	364	0	0	0	0
IS	365	1	1	0	0
IS	366	1	1	0	0
IS	367	1	1	0	0
IS	368	0	0	0	0
IS	369	1	1	0	0
IS	370	0	0	0	0
IS	371	1	1	0	0
IS	372	2	2	0	0
IS	373	0	0	0	0
IS	374	2	2	0	0
IS	375	2	2	0	0
IS	376	0	0	0	0
IS	377	1	1	0	0
IS	378	0	0	0	0
IS	379	1	1	0	0
IS	380	1	1	0	0
IS	381	2	2	0	0
IS	382	1	1	0	0
IS	383	1	1	0	0
IS	384	1	1	0	0
IS	385	2	2	0	0
IS	386	2	2	0	0
IS	387	2	2	0	0
IS	388	1	1	0	0
IS	389	1	1	0	0
IS	390	0	0	0	0
IS	391	1	1	0	0
IS	392	3	3	0	0
IS	393	2	2	0	0
IS	394	0	0	0	0
IS	395	2	2	0	0
IS	396	2	2	0	0
IS	397	1	1	0	0
IS	398	0	0	0	0
IS	399	3	3	0	0
IS	400	2	2	0	0
IS	401	3	3	0	0
IS	402	0	0	0	0
IS	403	4	4	0	0
IS	404	2	2	0	0
IS	405	2	2	0	0
IS	406	1	1	0	0
IS	407	3	3	0	0
IS	408	4	4	0	0
IS	409	6	6	0	0
IS	410	0	0	0	0
IS	411	1	1	0	0
IS	412	2	2	0	0
IS	413	7	7	0	0
IS	414	5	5	0	0
IS	415	3	3	0	0
IS	416	4	4	0	0
IS	417	4	4	0	0
IS	418	6	6	0	0
IS	419	3	3	0	0
IS	420	4	4	0	0
IS	421	2	2	0	0
IS	422	4	4	0	0
IS	423	5	5	0	0
IS	424	7	7	0	0
IS	425	12	12	0	0
IS	426	9	9	0	0
IS	427	5	5	0	0
IS	428	9	9	0	0
IS	429	8	8	0	0
IS	430	9	9	0	0
IS	431	6	6	0	0
IS	432	9	9	0	0
IS	433	5	5	0	0
IS	434	3	3	0	0
IS	435	8	8	0	0
IS	436	8	8	0	0
IS	437	7	7	0	0
IS	438	7	7	0	0
IS	439	5	5	0	0
IS	440	10	10	0	0
IS	441	6	6	0	0
IS	442	9	9	0	0
IS	443	5	5	0	0
IS	444	10	10	0	0
IS	445	6	6	0	0
IS	446	10	10	0	0
IS	447	10	10	0	0
IS	448	8	8	0	0
IS	449	5	5	0	0
IS	450	13	13	0	0
IS	451	12	12	0	0
IS	452	9	9	0	0
IS	453	9	9	0	0
IS	454	8	8	0	0
IS	455	6	6	0	0
IS	456	16	16	0	0
IS	457	14	14	0	0
IS	458	13	13	0	0
IS	459	11	11	0	0
IS	460	14	14	0	0
IS	461	15	15	0	0
IS	462	11	11	0	0
IS	463	15	15	0	0
IS	464	14	14	0	0
IS	465	9	9	0	0
IS	466	9	9	0	0
IS	467	14	14	0	0
IS	468	11	11	0	0
IS	469	12	12	0	0
IS	470	18	18	0	0
IS	471	17	17	0	0
IS	472	7	7	0	0
IS	473	12	12	0	0
IS	474	10	10	0	0
IS	475	13	13	0	0
IS	476	10	10	0	0
IS	477	20	20	0	0
IS	478	12	12	0	0
IS	479	14	14	0	0
IS	480	13	13	0	0
IS	481	14	14	0	0
IS	482	12	12	0	0
IS	483	14	14	0	0
IS	484	20	20	0	0
IS	485	20	20	0	0
IS	486	18	18	0	0
IS	487	14	14	0	0
IS	488	18	18	0	0
IS	489	15	15	0	0
IS	490	15	15	0	0
IS	491	10	10	0	0
IS	492	20	20	0	0
IS	493	16	16	0	0
IS	494	16	16	0	0
IS	495	27	27	0	0
IS	496	21	21	0	0
IS	497	17	17	0	0
IS	498	8	8	0	0
IS	499	20	20	0	0
IS	500	15	15	0	0
IS	501	18	18	0	0
IS	502	14	14	0	0
IS	503	17	17	0	0
IS	504	16	16	0	0
IS	505	20	20	0	0
IS	506	17	17	0	0
IS	507	16	16	0	0
IS	508	12	12	0	0
IS	509	9	9	0	0
IS	510	12	12	0	0
IS	511	18	18	0	0
IS	512	15	15	0	0
IS	513	23	23	0	0
IS	514	23	23	0	0
IS	515	12	12	0	0
IS	516	20	20	0	0
IS	517	17	17	0	0
IS	518	11	11	0	0
IS	519	13	13	0	0
IS	520	23	23	0	0
IS	521	12	12	0	0
IS	522	17	17	0	0
IS	523	13	13	0	0
IS	524	11	11	0	0
IS	525	11	11	0	0
IS	526	11	11	0	0
IS	527	10	10	0	0
IS	528	13	13	0	0
IS	529	11	11	0	0
IS	530	14	14	0	0
IS	531	10	10	0	0
IS	532	14	14	0	0
IS	533	10	10	0	0
IS	534	13	13	0	0
IS	535	11	11	0	0
IS	536	6	6	0	0
IS	537	10	10	0	0
IS	538	16	16	0	0
IS	539	14	14	0	0
IS	540	14	14	0	0
IS	541	15	15	0	0
IS	542	14	14	0	0
IS	543	6	6	0	0
IS	544	10	10	0	0
IS	545	12	12	0	0
IS	546	9	9	0	0
IS	547	10	10	0	0
IS	548	8	8	0	0
IS	549	3	3	0	0
IS	550	8	8	0	0
IS	551	6	6	0	0
IS	552	8	8	0	0
IS	553	11	11	0	0
IS	554	7	7	0	0
IS	555	9	9	0	0
IS	556	8	8	0	0
IS	557	9	9	0	0
IS	558	10	10	0	0
IS	559	8	8	0	0
IS	560	8	8	0	0
IS	561	6	6	0	0
IS	562	8	8	0	0
IS	563	18	18	0	0
IS	564	12	12	0	0
IS	565	7	7	0	0
IS	566	3	3	0	0
IS	567	10	10	0	0
IS	568	6	6	0	0
IS	569	7	7	0	0
IS	570	4	4	0	0
IS	571	5	5	0	0
IS	572	7	7	0	0
IS	573	5	5	0	0
IS	574	10	10	0	0
IS	575	5	5	0	0
IS	576	3	3	0	0
IS	577	3	3	0	0
IS	578	5	5	0	0
IS	579	6	6	0	0
IS	580	1	1	0	0
IS	581	4	4	0	0
IS	582	1	1	0	0
IS	583	2	2	0	0
IS	584	7	7	0	0
IS	585	7	7	0	0
IS	586	5	5	0	0
IS	587	2	2	0	0
IS	588	5	5	0	0
IS	589	3	3	0	0
IS	590	1	1	0	0
IS	591	4	4	0	0
IS	592	3	3	0	0
IS	593	0	0	0	0
IS	594	2	2	0	0
IS	595	2	2	0	0
IS	596	0	0	0	0
IS	597	8	8	0	0
IS	598	2	2	0	0
IS	599	6	6	0	0
IS	600	3	3	0	0
IS	601	1	1	0	0
IS	602	1	1	0	0
IS	603	0	0	0	0
IS	604	3	3	0	0
IS	605	1	1	0	0
IS	606	2	2	0	0
# Read lengths. Use `grep ^RL | cut -f 2-` to extract this part. The columns are: read length, count
RL	150	4004
# Read lengths - first fragments. Use `grep ^FRL | cut -f 2-` to extract this part. The columns are: read length, count
FRL	150	2002
# Read lengths - last fragments. Use `grep ^LRL | cut -f 2-` to extract this part. The columns are: read length, count
LRL	150	2002
# Mapping qualities for reads !(UNMAP|SECOND|SUPPL|QCFAIL|DUP). Use `grep ^MAPQ | cut -f 2-` to extract this part. The columns are: mapq, count
MAPQ	0	16
MAPQ	15	2
MAPQ	27	4
MAPQ	39	2
MAPQ	40	29
MAPQ	43	1
MAPQ	45	1
MAPQ	46	1
MAPQ	47	3
MAPQ	48	54
MAPQ	50	2
MAPQ	51	1
MAPQ	52	2
MAPQ	57	13
MAPQ	59	2
MAPQ	60	3871
# Indel distribution. Use `grep ^ID | cut -f 2-` to extract this part. The columns are: length, number of insertions, number of deletions
# Indels per cycle. Use `grep ^IC | cut -f 2-` to extract this part. The columns are: cycle, number of insertions (fwd), .. (rev) , number of deletions (fwd), .. (rev)
# Coverage distribution. Use `grep ^COV | cut -f 2-` to extract this part.
COV	[1-1]	1	5853
COV	[2-2]	2	10243
COV	[3-3]	3	14447
COV	[4-4]	4	18238
COV	[5-5]	5	19017
COV	[6-6]	6	17549
COV	[7-7]	7	12601
COV	[8-8]	8	9187
COV	[9-9]	9	5362
COV	[10-10]	10	2706
COV	[11-11]	11	1188
COV	[12-12]	12	462
COV	[13-13]	13	116
COV	[14-14]	14	32
# GC-depth. Use `grep ^GCD | cut -f 2-` to extract this part. The columns are: GC%, unique sequence percentiles, 10th, 25th, 50th, 75th and 90th depth percentile
GCD	0.0	15.385	0.000	0.000	0.000	0.000	0.000
GCD	37.0	30.769	2.505	2.505	2.505	2.505	2.505
GCD	38.0	61.538	2.490	2.494	2.505	2.505	2.505
GCD	39.0	76.923	2.505	2.505	2.505	2.505	2.505
GCD	40.0	92.308	2.505	2.505	2.505	2.505	2.505
GCD	46.0	100.000	2.505	2.505	2.505	2.505	2.505
