# This file was produced by samtools stats (1.20+htslib-1.21) and can be plotted using plot-bamstats
# This file contains statistics for all reads.
# The command line was:  stats sample3791.sorted.group.rmdup.bam
# CHK, Checksum	[2]Read Names	[3]Sequences	[4]Qualities
# CHK, CRC32 of reads which passed filtering followed by addition (32bit overflow)
CHK	da068534	dc34aaa4	93be98f0
# Summary Numbers. Use `grep ^SN | cut -f 2-` to extract this part.
SN	raw total sequences:	4008	# excluding supplementary and secondary reads
SN	filtered sequences:	0
SN	sequences:	4008
SN	is sorted:	1
SN	1st fragments:	2004
SN	last fragments:	2004
SN	reads mapped:	4008
SN	reads mapped and paired:	4008	# paired-end technology bit set + both mates mapped
SN	reads unmapped:	0
SN	reads properly paired:	4008	# proper-pair bit set
SN	reads paired:	4008	# paired-end technology bit set
SN	reads duplicated:	0	# PCR or optical duplicate bit set
SN	reads MQ0:	10	# mapped and MQ=0
SN	reads QC failed:	0
SN	non-primary alignments:	0
SN	supplementary alignments:	0
SN	total length:	601200	# ignores clipping
SN	total first fragment length:	300600	# ignores clipping
SN	total last fragment length:	300600	# ignores clipping
SN	bases mapped:	601200	# ignores clipping
SN	bases mapped (cigar):	601200	# more accurate
SN	bases trimmed:	0
SN	bases duplicated:	0
SN	mismatches:	1028	# from NM fields
SN	error rate:	1.709913e-03	# mismatches / bases mapped (cigar)
SN	average length:	150
SN	average first fragment length:	150
SN	average last fragment length:	150
SN	maximum length:	150
SN	maximum first fragment length:	150
SN	maximum last fragment length:	150
SN	average quality:	30.0
SN	insert size average:	498.8
SN	insert size standard deviation:	48.5
SN	inward oriented pairs:	2004
SN	outward oriented pairs:	0
SN	pairs with other orientation:	0
SN	pairs on different chromosomes:	0
SN	percentage of properly paired reads (%):	100.0
# First Fragment Qualities. Use `grep ^FFQ | cut -f 2-` to extract this part.
# Columns correspond to qualities and rows to cycles. First column is the cycle number.
FFQ	1	0	0	0	0	0	0	0	0	0	0	0	0	0	0	0	0	0	0	0	0	0	0	0	0	0	0	0	0	0	0	2004	0
FFQ	2	0	0	0	0	0	0	0	0	0	0	0	0	0	0	0	0	0	0	0	0	0	0	0	0	0	0	0	0	0	0	2004	0
FFQ	3	0	0	0	0	0	0	0	0	0	0	0	0	0	0	0	0	0	0	0	0	0	0	0	0	0	0	0	0	0	0	2004	0
FFQ	4	0	0	0	0	0	0	0	0	0	0	0	0	0	0	0	0	0	0	0	0	0	0	0	0	0	0	0	0	0	0	2004	0
FFQ	5	0	0	0	0	0	0	0	0	0	0	0	0	0	0	0	0	0	0	0	0	0	0	0	0	0	0	0	0	0	0	2004	0
FFQ	6	0	0	0	0	0	0	0	0	0	0	0	0	0	0	0	0	0	0	0	0	0	0	0	0	0	0	0	0	0	0	2004	0
FFQ	7	0	0	0	0	0	0	0	0	0	0	0	0	0	0	0	0	0	0	0	0	0	0	0	0	0	0	0	0	0	0	2004	0
FFQ	8	0	0	0	0	0	0	0	0	0	0	0	0	0	0	0	0	0	0	0	0	0	0	0	0	0	0	0	0	0	0	2004	0
FFQ	9	0	0	0	0	0	0	0	0	0	0	0	0	0	0	0	0	0	0	0	0	0	0	0	0	0	0	0	0	0	0	2004	0
FFQ	10	0	0	0	0	0	0	0	0	0	0	0	0	0	0	0	0	0	0	0	0	0	0	0	0	0	0	0	0	0	0	2004	0
FFQ	11	0	0	0	0	0	0	0	0	0	0	0	0	0	0	0	0	0	0	0	0	0	0	0	0	0	0	0	0	0	0	2004	0
FFQ	12	0	0	0	0	0	0	0	0	0	0	0	0	0	0	0	0	0	0	0	0	0	0	0	0	0	0	0	0	0	0	2004	0
FFQ	13	0	0	0	0	0	0	0	0	0	0	0	0	0	0	0	0	0	0	0	0	0	0	0	0	0	0	0	0	0	0	2004	0
FFQ	14	0	0	0	0	0	0	0	0	0	0	0	0	0	0	0	0	0	0	0	0	0	0	0	0	0	0	0	0	0	0	2004	0
FFQ	15	0	0	0	0	0	0	0	0	0	0	0	0	0	0	0	0	0	0	0	0	0	0	0	0	0	0	0	0	0	0	2004	0
FFQ	16	0	0	0	0	0	0	0	0	0	0	0	0	0	0	0	0	0	0	0	0	0	0	0	0	0	0	0	0	0	0	2004	0
FFQ	17	0	0	0	0	0	0	0	0	0	0	0	0	0	0	0	0	0	0	0	0	0	0	0	0	0	0	0	0	0	0	2004	0
FFQ	18	0	0	0	0	0	0	0	0	0	0	0	0	0	0	0	0	0	0	0	0	0	0	0	0	0	0	0	0	0	0	2004	0
FFQ	19	0	0	0	0	0	0	0	0	0	0	0	0	0	0	0	0	0	0	0	0	0	0	0	0	0	0	0	0	0	0	2004	0
FFQ	20	0	0	0	0	0	0	0	0	0	0	0	0	0	0	0	0	0	0	0	0	0	0	0	0	0	0	0	0	0	0	2004	0
FFQ	21	0	0	0	0	0	0	0	0	0	0	0	0	0	0	0	0	0	0	0	0	0	0	0	0	0	0	0	0	0	0	2004	0
FFQ	22	0	0	0	0	0	0	0	0	0	0	0	0	0	0	0	0	0	0	0	0	0	0	0	0	0	0	0	0	0	0	2004	0
FFQ	23	0	0	0	0	0	0	0	0	0	0	0	0	0	0	0	0	0	0	0	0	0	0	0	0	0	0	0	0	0	0	2004	0
FFQ	24	0	0	0	0	0	0	0	0	0	0	0	0	0	0	0	0	0	0	0	0	0	0	0	0	0	0	0	0	0	0	2004	0
FFQ	25	0	0	0	0	0	0	0	0	0	0	0	0	0	0	0	0	0	0	0	0	0	0	0	0	0	0	0	0	0	0	2004	0
FFQ	26	0	0	0	0	0	0	0	0	0	0	0	0	0	0	0	0	0	0	0	0	0	0	0	0	0	0	0	0	0	0	2004	0
FFQ	27	0	0	0	0	0	0	0	0	0	0	0	0	0	0	0	0	0	0	0	0	0	0	0	0	0	0	0	0	0	0	2004	0
FFQ	28	0	0	0	0	0	0	0	0	0	0	0	0	0	0	0	0	0	0	0	0	0	0	0	0	0	0	0	0	0	0	2004	0
FFQ	29	0	0	0	0	0	0	0	0	0	0	0	0	0	0	0	0	0	0	0	0	0	0	0	0	0	0	0	0	0	0	2004	0
FFQ	30	0	0	0	0	0	0	0	0	0	0	0	0	0	0	0	0	0	0	0	0	0	0	0	0	0	0	0	0	0	0	2004	0
FFQ	31	0	0	0	0	0	0	0	0	0	0	0	0	0	0	0	0	0	0	0	0	0	0	0	0	0	0	0	0	0	0	2004	0
FFQ	32	0	0	0	0	0	0	0	0	0	0	0	0	0	0	0	0	0	0	0	0	0	0	0	0	0	0	0	0	0	0	2004	0
FFQ	33	0	0	0	0	0	0	0	0	0	0	0	0	0	0	0	0	0	0	0	0	0	0	0	0	0	0	0	0	0	0	2004	0
FFQ	34	0	0	0	0	0	0	0	0	0	0	0	0	0	0	0	0	0	0	0	0	0	0	0	0	0	0	0	0	0	0	2004	0
FFQ	35	0	0	0	0	0	0	0	0	0	0	0	0	0	0	0	0	0	0	0	0	0	0	0	0	0	0	0	0	0	0	2004	0
FFQ	36	0	0	0	0	0	0	0	0	0	0	0	0	0	0	0	0	0	0	0	0	0	0	0	0	0	0	0	0	0	0	2004	0
FFQ	37	0	0	0	0	0	0	0	0	0	0	0	0	0	0	0	0	0	0	0	0	0	0	0	0	0	0	0	0	0	0	2004	0
FFQ	38	0	0	0	0	0	0	0	0	0	0	0	0	0	0	0	0	0	0	0	0	0	0	0	0	0	0	0	0	0	0	2004	0
FFQ	39	0	0	0	0	0	0	0	0	0	0	0	0	0	0	0	0	0	0	0	0	0	0	0	0	0	0	0	0	0	0	2004	0
FFQ	40	0	0	0	0	0	0	0	0	0	0	0	0	0	0	0	0	0	0	0	0	0	0	0	0	0	0	0	0	0	0	2004	0
FFQ	41	0	0	0	0	0	0	0	0	0	0	0	0	0	0	0	0	0	0	0	0	0	0	0	0	0	0	0	0	0	0	2004	0
FFQ	42	0	0	0	0	0	0	0	0	0	0	0	0	0	0	0	0	0	0	0	0	0	0	0	0	0	0	0	0	0	0	2004	0
FFQ	43	0	0	0	0	0	0	0	0	0	0	0	0	0	0	0	0	0	0	0	0	0	0	0	0	0	0	0	0	0	0	2004	0
FFQ	44	0	0	0	0	0	0	0	0	0	0	0	0	0	0	0	0	0	0	0	0	0	0	0	0	0	0	0	0	0	0	2004	0
FFQ	45	0	0	0	0	0	0	0	0	0	0	0	0	0	0	0	0	0	0	0	0	0	0	0	0	0	0	0	0	0	0	2004	0
FFQ	46	0	0	0	0	0	0	0	0	0	0	0	0	0	0	0	0	0	0	0	0	0	0	0	0	0	0	0	0	0	0	2004	0
FFQ	47	0	0	0	0	0	0	0	0	0	0	0	0	0	0	0	0	0	0	0	0	0	0	0	0	0	0	0	0	0	0	2004	0
FFQ	48	0	0	0	0	0	0	0	0	0	0	0	0	0	0	0	0	0	0	0	0	0	0	0	0	0	0	0	0	0	0	2004	0
FFQ	49	0	0	0	0	0	0	0	0	0	0	0	0	0	0	0	0	0	0	0	0	0	0	0	0	0	0	0	0	0	0	2004	0
FFQ	50	0	0	0	0	0	0	0	0	0	0	0	0	0	0	0	0	0	0	0	0	0	0	0	0	0	0	0	0	0	0	2004	0
FFQ	51	0	0	0	0	0	0	0	0	0	0	0	0	0	0	0	0	0	0	0	0	0	0	0	0	0	0	0	0	0	0	2004	0
FFQ	52	0	0	0	0	0	0	0	0	0	0	0	0	0	0	0	0	0	0	0	0	0	0	0	0	0	0	0	0	0	0	2004	0
FFQ	53	0	0	0	0	0	0	0	0	0	0	0	0	0	0	0	0	0	0	0	0	0	0	0	0	0	0	0	0	0	0	2004	0
FFQ	54	0	0	0	0	0	0	0	0	0	0	0	0	0	0	0	0	0	0	0	0	0	0	0	0	0	0	0	0	0	0	2004	0
FFQ	55	0	0	0	0	0	0	0	0	0	0	0	0	0	0	0	0	0	0	0	0	0	0	0	0	0	0	0	0	0	0	2004	0
FFQ	56	0	0	0	0	0	0	0	0	0	0	0	0	0	0	0	0	0	0	0	0	0	0	0	0	0	0	0	0	0	0	2004	0
FFQ	57	0	0	0	0	0	0	0	0	0	0	0	0	0	0	0	0	0	0	0	0	0	0	0	0	0	0	0	0	0	0	2004	0
FFQ	58	0	0	0	0	0	0	0	0	0	0	0	0	0	0	0	0	0	0	0	0	0	0	0	0	0	0	0	0	0	0	2004	0
FFQ	59	0	0	0	0	0	0	0	0	0	0	0	0	0	0	0	0	0	0	0	0	0	0	0	0	0	0	0	0	0	0	2004	0
FFQ	60	0	0	0	0	0	0	0	0	0	0	0	0	0	0	0	0	0	0	0	0	0	0	0	0	0	0	0	0	0	0	2004	0
FFQ	61	0	0	0	0	0	0	0	0	0	0	0	0	0	0	0	0	0	0	0	0	0	0	0	0	0	0	0	0	0	0	2004	0
FFQ	62	0	0	0	0	0	0	0	0	0	0	0	0	0	0	0	0	0	0	0	0	0	0	0	0	0	0	0	0	0	0	2004	0
FFQ	63	0	0	0	0	0	0	0	0	0	0	0	0	0	0	0	0	0	0	0	0	0	0	0	0	0	0	0	0	0	0	2004	0
FFQ	64	0	0	0	0	0	0	0	0	0	0	0	0	0	0	0	0	0	0	0	0	0	0	0	0	0	0	0	0	0	0	2004	0
FFQ	65	0	0	0	0	0	0	0	0	0	0	0	0	0	0	0	0	0	0	0	0	0	0	0	0	0	0	0	0	0	0	2004	0
FFQ	66	0	0	0	0	0	0	0	0	0	0	0	0	0	0	0	0	0	0	0	0	0	0	0	0	0	0	0	0	0	0	2004	0
FFQ	67	0	0	0	0	0	0	0	0	0	0	0	0	0	0	0	0	0	0	0	0	0	0	0	0	0	0	0	0	0	0	2004	0
FFQ	68	0	0	0	0	0	0	0	0	0	0	0	0	0	0	0	0	0	0	0	0	0	0	0	0	0	0	0	0	0	0	2004	0
FFQ	69	0	0	0	0	0	0	0	0	0	0	0	0	0	0	0	0	0	0	0	0	0	0	0	0	0	0	0	0	0	0	2004	0
FFQ	70	0	0	0	0	0	0	0	0	0	0	0	0	0	0	0	0	0	0	0	0	0	0	0	0	0	0	0	0	0	0	2004	0
FFQ	71	0	0	0	0	0	0	0	0	0	0	0	0	0	0	0	0	0	0	0	0	0	0	0	0	0	0	0	0	0	0	2004	0
FFQ	72	0	0	0	0	0	0	0	0	0	0	0	0	0	0	0	0	0	0	0	0	0	0	0	0	0	0	0	0	0	0	2004	0
FFQ	73	0	0	0	0	0	0	0	0	0	0	0	0	0	0	0	0	0	0	0	0	0	0	0	0	0	0	0	0	0	0	2004	0
FFQ	74	0	0	0	0	0	0	0	0	0	0	0	0	0	0	0	0	0	0	0	0	0	0	0	0	0	0	0	0	0	0	2004	0
FFQ	75	0	0	0	0	0	0	0	0	0	0	0	0	0	0	0	0	0	0	0	0	0	0	0	0	0	0	0	0	0	0	2004	0
FFQ	76	0	0	0	0	0	0	0	0	0	0	0	0	0	0	0	0	0	0	0	0	0	0	0	0	0	0	0	0	0	0	2004	0
FFQ	77	0	0	0	0	0	0	0	0	0	0	0	0	0	0	0	0	0	0	0	0	0	0	0	0	0	0	0	0	0	0	2004	0
FFQ	78	0	0	0	0	0	0	0	0	0	0	0	0	0	0	0	0	0	0	0	0	0	0	0	0	0	0	0	0	0	0	2004	0
FFQ	79	0	0	0	0	0	0	0	0	0	0	0	0	0	0	0	0	0	0	0	0	0	0	0	0	0	0	0	0	0	0	2004	0
FFQ	80	0	0	0	0	0	0	0	0	0	0	0	0	0	0	0	0	0	0	0	0	0	0	0	0	0	0	0	0	0	0	2004	0
FFQ	81	0	0	0	0	0	0	0	0	0	0	0	0	0	0	0	0	0	0	0	0	0	0	0	0	0	0	0	0	0	0	2004	0
FFQ	82	0	0	0	0	0	0	0	0	0	0	0	0	0	0	0	0	0	0	0	0	0	0	0	0	0	0	0	0	0	0	2004	0
FFQ	83	0	0	0	0	0	0	0	0	0	0	0	0	0	0	0	0	0	0	0	0	0	0	0	0	0	0	0	0	0	0	2004	0
FFQ	84	0	0	0	0	0	0	0	0	0	0	0	0	0	0	0	0	0	0	0	0	0	0	0	0	0	0	0	0	0	0	2004	0
FFQ	85	0	0	0	0	0	0	0	0	0	0	0	0	0	0	0	0	0	0	0	0	0	0	0	0	0	0	0	0	0	0	2004	0
FFQ	86	0	0	0	0	0	0	0	0	0	0	0	0	0	0	0	0	0	0	0	0	0	0	0	0	0	0	0	0	0	0	2004	0
FFQ	87	0	0	0	0	0	0	0	0	0	0	0	0	0	0	0	0	0	0	0	0	0	0	0	0	0	0	0	0	0	0	2004	0
FFQ	88	0	0	0	0	0	0	0	0	0	0	0	0	0	0	0	0	0	0	0	0	0	0	0	0	0	0	0	0	0	0	2004	0
FFQ	89	0	0	0	0	0	0	0	0	0	0	0	0	0	0	0	0	0	0	0	0	0	0	0	0	0	0	0	0	0	0	2004	0
FFQ	90	0	0	0	0	0	0	0	0	0	0	0	0	0	0	0	0	0	0	0	0	0	0	0	0	0	0	0	0	0	0	2004	0
FFQ	91	0	0	0	0	0	0	0	0	0	0	0	0	0	0	0	0	0	0	0	0	0	0	0	0	0	0	0	0	0	0	2004	0
FFQ	92	0	0	0	0	0	0	0	0	0	0	0	0	0	0	0	0	0	0	0	0	0	0	0	0	0	0	0	0	0	0	2004	0
FFQ	93	0	0	0	0	0	0	0	0	0	0	0	0	0	0	0	0	0	0	0	0	0	0	0	0	0	0	0	0	0	0	2004	0
FFQ	94	0	0	0	0	0	0	0	0	0	0	0	0	0	0	0	0	0	0	0	0	0	0	0	0	0	0	0	0	0	0	2004	0
FFQ	95	0	0	0	0	0	0	0	0	0	0	0	0	0	0	0	0	0	0	0	0	0	0	0	0	0	0	0	0	0	0	2004	0
FFQ	96	0	0	0	0	0	0	0	0	0	0	0	0	0	0	0	0	0	0	0	0	0	0	0	0	0	0	0	0	0	0	2004	0
FFQ	97	0	0	0	0	0	0	0	0	0	0	0	0	0	0	0	0	0	0	0	0	0	0	0	0	0	0	0	0	0	0	2004	0
FFQ	98	0	0	0	0	0	0	0	0	0	0	0	0	0	0	0	0	0	0	0	0	0	0	0	0	0	0	0	0	0	0	2004	0
FFQ	99	0	0	0	0	0	0	0	0	0	0	0	0	0	0	0	0	0	0	0	0	0	0	0	0	0	0	0	0	0	0	2004	0
FFQ	100	0	0	0	0	0	0	0	0	0	0	0	0	0	0	0	0	0	0	0	0	0	0	0	0	0	0	0	0	0	0	2004	0
FFQ	101	0	0	0	0	0	0	0	0	0	0	0	0	0	0	0	0	0	0	0	0	0	0	0	0	0	0	0	0	0	0	2004	0
FFQ	102	0	0	0	0	0	0	0	0	0	0	0	0	0	0	0	0	0	0	0	0	0	0	0	0	0	0	0	0	0	0	2004	0
FFQ	103	0	0	0	0	0	0	0	0	0	0	0	0	0	0	0	0	0	0	0	0	0	0	0	0	0	0	0	0	0	0	2004	0
FFQ	104	0	0	0	0	0	0	0	0	0	0	0	0	0	0	0	0	0	0	0	0	0	0	0	0	0	0	0	0	0	0	2004	0
FFQ	105	0	0	0	0	0	0	0	0	0	0	0	0	0	0	0	0	0	0	0	0	0	0	0	0	0	0	0	0	0	0	2004	0
FFQ	106	0	0	0	0	0	0	0	0	0	0	0	0	0	0	0	0	0	0	0	0	0	0	0	0	0	0	0	0	0	0	2004	0
FFQ	107	0	0	0	0	0	0	0	0	0	0	0	0	0	0	0	0	0	0	0	0	0	0	0	0	0	0	0	0	0	0	2004	0
FFQ	108	0	0	0	0	0	0	0	0	0	0	0	0	0	0	0	0	0	0	0	0	0	0	0	0	0	0	0	0	0	0	2004	0
FFQ	109	0	0	0	0	0	0	0	0	0	0	0	0	0	0	0	0	0	0	0	0	0	0	0	0	0	0	0	0	0	0	2004	0
FFQ	110	0	0	0	0	0	0	0	0	0	0	0	0	0	0	0	0	0	0	0	0	0	0	0	0	0	0	0	0	0	0	2004	0
FFQ	111	0	0	0	0	0	0	0	0	0	0	0	0	0	0	0	0	0	0	0	0	0	0	0	0	0	0	0	0	0	0	2004	0
FFQ	112	0	0	0	0	0	0	0	0	0	0	0	0	0	0	0	0	0	0	0	0	0	0	0	0	0	0	0	0	0	0	2004	0
FFQ	113	0	0	0	0	0	0	0	0	0	0	0	0	0	0	0	0	0	0	0	0	0	0	0	0	0	0	0	0	0	0	2004	0
FFQ	114	0	0	0	0	0	0	0	0	0	0	0	0	0	0	0	0	0	0	0	0	0	0	0	0	0	0	0	0	0	0	2004	0
FFQ	115	0	0	0	0	0	0	0	0	0	0	0	0	0	0	0	0	0	0	0	0	0	0	0	0	0	0	0	0	0	0	2004	0
FFQ	116	0	0	0	0	0	0	0	0	0	0	0	0	0	0	0	0	0	0	0	0	0	0	0	0	0	0	0	0	0	0	2004	0
FFQ	117	0	0	0	0	0	0	0	0	0	0	0	0	0	0	0	0	0	0	0	0	0	0	0	0	0	0	0	0	0	0	2004	0
FFQ	118	0	0	0	0	0	0	0	0	0	0	0	0	0	0	0	0	0	0	0	0	0	0	0	0	0	0	0	0	0	0	2004	0
FFQ	119	0	0	0	0	0	0	0	0	0	0	0	0	0	0	0	0	0	0	0	0	0	0	0	0	0	0	0	0	0	0	2004	0
FFQ	120	0	0	0	0	0	0	0	0	0	0	0	0	0	0	0	0	0	0	0	0	0	0	0	0	0	0	0	0	0	0	2004	0
FFQ	121	0	0	0	0	0	0	0	0	0	0	0	0	0	0	0	0	0	0	0	0	0	0	0	0	0	0	0	0	0	0	2004	0
FFQ	122	0	0	0	0	0	0	0	0	0	0	0	0	0	0	0	0	0	0	0	0	0	0	0	0	0	0	0	0	0	0	2004	0
FFQ	123	0	0	0	0	0	0	0	0	0	0	0	0	0	0	0	0	0	0	0	0	0	0	0	0	0	0	0	0	0	0	2004	0
FFQ	124	0	0	0	0	0	0	0	0	0	0	0	0	0	0	0	0	0	0	0	0	0	0	0	0	0	0	0	0	0	0	2004	0
FFQ	125	0	0	0	0	0	0	0	0	0	0	0	0	0	0	0	0	0	0	0	0	0	0	0	0	0	0	0	0	0	0	2004	0
FFQ	126	0	0	0	0	0	0	0	0	0	0	0	0	0	0	0	0	0	0	0	0	0	0	0	0	0	0	0	0	0	0	2004	0
FFQ	127	0	0	0	0	0	0	0	0	0	0	0	0	0	0	0	0	0	0	0	0	0	0	0	0	0	0	0	0	0	0	2004	0
FFQ	128	0	0	0	0	0	0	0	0	0	0	0	0	0	0	0	0	0	0	0	0	0	0	0	0	0	0	0	0	0	0	2004	0
FFQ	129	0	0	0	0	0	0	0	0	0	0	0	0	0	0	0	0	0	0	0	0	0	0	0	0	0	0	0	0	0	0	2004	0
FFQ	130	0	0	0	0	0	0	0	0	0	0	0	0	0	0	0	0	0	0	0	0	0	0	0	0	0	0	0	0	0	0	2004	0
FFQ	131	0	0	0	0	0	0	0	0	0	0	0	0	0	0	0	0	0	0	0	0	0	0	0	0	0	0	0	0	0	0	2004	0
FFQ	132	0	0	0	0	0	0	0	0	0	0	0	0	0	0	0	0	0	0	0	0	0	0	0	0	0	0	0	0	0	0	2004	0
FFQ	133	0	0	0	0	0	0	0	0	0	0	0	0	0	0	0	0	0	0	0	0	0	0	0	0	0	0	0	0	0	0	2004	0
FFQ	134	0	0	0	0	0	0	0	0	0	0	0	0	0	0	0	0	0	0	0	0	0	0	0	0	0	0	0	0	0	0	2004	0
FFQ	135	0	0	0	0	0	0	0	0	0	0	0	0	0	0	0	0	0	0	0	0	0	0	0	0	0	0	0	0	0	0	2004	0
FFQ	136	0	0	0	0	0	0	0	0	0	0	0	0	0	0	0	0	0	0	0	0	0	0	0	0	0	0	0	0	0	0	2004	0
FFQ	137	0	0	0	0	0	0	0	0	0	0	0	0	0	0	0	0	0	0	0	0	0	0	0	0	0	0	0	0	0	0	2004	0
FFQ	138	0	0	0	0	0	0	0	0	0	0	0	0	0	0	0	0	0	0	0	0	0	0	0	0	0	0	0	0	0	0	2004	0
FFQ	139	0	0	0	0	0	0	0	0	0	0	0	0	0	0	0	0	0	0	0	0	0	0	0	0	0	0	0	0	0	0	2004	0
FFQ	140	0	0	0	0	0	0	0	0	0	0	0	0	0	0	0	0	0	0	0	0	0	0	0	0	0	0	0	0	0	0	2004	0
FFQ	141	0	0	0	0	0	0	0	0	0	0	0	0	0	0	0	0	0	0	0	0	0	0	0	0	0	0	0	0	0	0	2004	0
FFQ	142	0	0	0	0	0	0	0	0	0	0	0	0	0	0	0	0	0	0	0	0	0	0	0	0	0	0	0	0	0	0	2004	0
FFQ	143	0	0	0	0	0	0	0	0	0	0	0	0	0	0	0	0	0	0	0	0	0	0	0	0	0	0	0	0	0	0	2004	0
FFQ	144	0	0	0	0	0	0	0	0	0	0	0	0	0	0	0	0	0	0	0	0	0	0	0	0	0	0	0	0	0	0	2004	0
FFQ	145	0	0	0	0	0	0	0	0	0	0	0	0	0	0	0	0	0	0	0	0	0	0	0	0	0	0	0	0	0	0	2004	0
FFQ	146	0	0	0	0	0	0	0	0	0	0	0	0	0	0	0	0	0	0	0	0	0	0	0	0	0	0	0	0	0	0	2004	0
FFQ	147	0	0	0	0	0	0	0	0	0	0	0	0	0	0	0	0	0	0	0	0	0	0	0	0	0	0	0	0	0	0	2004	0
FFQ	148	0	0	0	0	0	0	0	0	0	0	0	0	0	0	0	0	0	0	0	0	0	0	0	0	0	0	0	0	0	0	2004	0
FFQ	149	0	0	0	0	0	0	0	0	0	0	0	0	0	0	0	0	0	0	0	0	0	0	0	0	0	0	0	0	0	0	2004	0
FFQ	150	0	0	0	0	0	0	0	0	0	0	0	0	0	0	0	0	0	0	0	0	0	0	0	0	0	0	0	0	0	0	2004	0
# Last Fragment Qualities. Use `grep ^LFQ | cut -f 2-` to extract this part.
# Columns correspond to qualities and rows to cycles. First column is the cycle number.
LFQ	1	0	0	0	0	0	0	0	0	0	0	0	0	0	0	0	0	0	0	0	0	0	0	0	0	0	0	0	0	0	0	2004	0
LFQ	2	0	0	0	0	0	0	0	0	0	0	0	0	0	0	0	0	0	0	0	0	0	0	0	0	0	0	0	0	0	0	2004	0
LFQ	3	0	0	0	0	0	0	0	0	0	0	0	0	0	0	0	0	0	0	0	0	0	0	0	0	0	0	0	0	0	0	2004	0
LFQ	4	0	0	0	0	0	0	0	0	0	0	0	0	0	0	0	0	0	0	0	0	0	0	0	0	0	0	0	0	0	0	2004	0
LFQ	5	0	0	0	0	0	0	0	0	0	0	0	0	0	0	0	0	0	0	0	0	0	0	0	0	0	0	0	0	0	0	2004	0
LFQ	6	0	0	0	0	0	0	0	0	0	0	0	0	0	0	0	0	0	0	0	0	0	0	0	0	0	0	0	0	0	0	2004	0
LFQ	7	0	0	0	0	0	0	0	0	0	0	0	0	0	0	0	0	0	0	0	0	0	0	0	0	0	0	0	0	0	0	2004	0
LFQ	8	0	0	0	0	0	0	0	0	0	0	0	0	0	0	0	0	0	0	0	0	0	0	0	0	0	0	0	0	0	0	2004	0
LFQ	9	0	0	0	0	0	0	0	0	0	0	0	0	0	0	0	0	0	0	0	0	0	0	0	0	0	0	0	0	0	0	2004	0
LFQ	10	0	0	0	0	0	0	0	0	0	0	0	0	0	0	0	0	0	0	0	0	0	0	0	0	0	0	0	0	0	0	2004	0
LFQ	11	0	0	0	0	0	0	0	0	0	0	0	0	0	0	0	0	0	0	0	0	0	0	0	0	0	0	0	0	0	0	2004	0
LFQ	12	0	0	0	0	0	0	0	0	0	0	0	0	0	0	0	0	0	0	0	0	0	0	0	0	0	0	0	0	0	0	2004	0
LFQ	13	0	0	0	0	0	0	0	0	0	0	0	0	0	0	0	0	0	0	0	0	0	0	0	0	0	0	0	0	0	0	2004	0
LFQ	14	0	0	0	0	0	0	0	0	0	0	0	0	0	0	0	0	0	0	0	0	0	0	0	0	0	0	0	0	0	0	2004	0
LFQ	15	0	0	0	0	0	0	0	0	0	0	0	0	0	0	0	0	0	0	0	0	0	0	0	0	0	0	0	0	0	0	2004	0
LFQ	16	0	0	0	0	0	0	0	0	0	0	0	0	0	0	0	0	0	0	0	0	0	0	0	0	0	0	0	0	0	0	2004	0
LFQ	17	0	0	0	0	0	0	0	0	0	0	0	0	0	0	0	0	0	0	0	0	0	0	0	0	0	0	0	0	0	0	2004	0
LFQ	18	0	0	0	0	0	0	0	0	0	0	0	0	0	0	0	0	0	0	0	0	0	0	0	0	0	0	0	0	0	0	2004	0
LFQ	19	0	0	0	0	0	0	0	0	0	0	0	0	0	0	0	0	0	0	0	0	0	0	0	0	0	0	0	0	0	0	2004	0
LFQ	20	0	0	0	0	0	0	0	0	0	0	0	0	0	0	0	0	0	0	0	0	0	0	0	0	0	0	0	0	0	0	2004	0
LFQ	21	0	0	0	0	0	0	0	0	0	0	0	0	0	0	0	0	0	0	0	0	0	0	0	0	0	0	0	0	0	0	2004	0
LFQ	22	0	0	0	0	0	0	0	0	0	0	0	0	0	0	0	0	0	0	0	0	0	0	0	0	0	0	0	0	0	0	2004	0
LFQ	23	0	0	0	0	0	0	0	0	0	0	0	0	0	0	0	0	0	0	0	0	0	0	0	0	0	0	0	0	0	0	2004	0
LFQ	24	0	0	0	0	0	0	0	0	0	0	0	0	0	0	0	0	0	0	0	0	0	0	0	0	0	0	0	0	0	0	2004	0
LFQ	25	0	0	0	0	0	0	0	0	0	0	0	0	0	0	0	0	0	0	0	0	0	0	0	0	0	0	0	0	0	0	2004	0
LFQ	26	0	0	0	0	0	0	0	0	0	0	0	0	0	0	0	0	0	0	0	0	0	0	0	0	0	0	0	0	0	0	2004	0
LFQ	27	0	0	0	0	0	0	0	0	0	0	0	0	0	0	0	0	0	0	0	0	0	0	0	0	0	0	0	0	0	0	2004	0
LFQ	28	0	0	0	0	0	0	0	0	0	0	0	0	0	0	0	0	0	0	0	0	0	0	0	0	0	0	0	0	0	0	2004	0
LFQ	29	0	0	0	0	0	0	0	0	0	0	0	0	0	0	0	0	0	0	0	0	0	0	0	0	0	0	0	0	0	0	2004	0
LFQ	30	0	0	0	0	0	0	0	0	0	0	0	0	0	0	0	0	0	0	0	0	0	0	0	0	0	0	0	0	0	0	2004	0
LFQ	31	0	0	0	0	0	0	0	0	0	0	0	0	0	0	0	0	0	0	0	0	0	0	0	0	0	0	0	0	0	0	2004	0
LFQ	32	0	0	0	0	0	0	0	0	0	0	0	0	0	0	0	0	0	0	0	0	0	0	0	0	0	0	0	0	0	0	2004	0
LFQ	33	0	0	0	0	0	0	0	0	0	0	0	0	0	0	0	0	0	0	0	0	0	0	0	0	0	0	0	0	0	0	2004	0
LFQ	34	0	0	0	0	0	0	0	0	0	0	0	0	0	0	0	0	0	0	0	0	0	0	0	0	0	0	0	0	0	0	2004	0
LFQ	35	0	0	0	0	0	0	0	0	0	0	0	0	0	0	0	0	0	0	0	0	0	0	0	0	0	0	0	0	0	0	2004	0
LFQ	36	0	0	0	0	0	0	0	0	0	0	0	0	0	0	0	0	0	0	0	0	0	0	0	0	0	0	0	0	0	0	2004	0
LFQ	37	0	0	0	0	0	0	0	0	0	0	0	0	0	0	0	0	0	0	0	0	0	0	0	0	0	0	0	0	0	0	2004	0
LFQ	38	0	0	0	0	0	0	0	0	0	0	0	0	0	0	0	0	0	0	0	0	0	0	0	0	0	0	0	0	0	0	2004	0
LFQ	39	0	0	0	0	0	0	0	0	0	0	0	0	0	0	0	0	0	0	0	0	0	0	0	0	0	0	0	0	0	0	2004	0
LFQ	40	0	0	0	0	0	0	0	0	0	0	0	0	0	0	0	0	0	0	0	0	0	0	0	0	0	0	0	0	0	0	2004	0
LFQ	41	0	0	0	0	0	0	0	0	0	0	0	0	0	0	0	0	0	0	0	0	0	0	0	0	0	0	0	0	0	0	2004	0
LFQ	42	0	0	0	0	0	0	0	0	0	0	0	0	0	0	0	0	0	0	0	0	0	0	0	0	0	0	0	0	0	0	2004	0
LFQ	43	0	0	0	0	0	0	0	0	0	0	0	0	0	0	0	0	0	0	0	0	0	0	0	0	0	0	0	0	0	0	2004	0
LFQ	44	0	0	0	0	0	0	0	0	0	0	0	0	0	0	0	0	0	0	0	0	0	0	0	0	0	0	0	0	0	0	2004	0
LFQ	45	0	0	0	0	0	0	0	0	0	0	0	0	0	0	0	0	0	0	0	0	0	0	0	0	0	0	0	0	0	0	2004	0
LFQ	46	0	0	0	0	0	0	0	0	0	0	0	0	0	0	0	0	0	0	0	0	0	0	0	0	0	0	0	0	0	0	2004	0
LFQ	47	0	0	0	0	0	0	0	0	0	0	0	0	0	0	0	0	0	0	0	0	0	0	0	0	0	0	0	0	0	0	2004	0
LFQ	48	0	0	0	0	0	0	0	0	0	0	0	0	0	0	0	0	0	0	0	0	0	0	0	0	0	0	0	0	0	0	2004	0
LFQ	49	0	0	0	0	0	0	0	0	0	0	0	0	0	0	0	0	0	0	0	0	0	0	0	0	0	0	0	0	0	0	2004	0
LFQ	50	0	0	0	0	0	0	0	0	0	0	0	0	0	0	0	0	0	0	0	0	0	0	0	0	0	0	0	0	0	0	2004	0
LFQ	51	0	0	0	0	0	0	0	0	0	0	0	0	0	0	0	0	0	0	0	0	0	0	0	0	0	0	0	0	0	0	2004	0
LFQ	52	0	0	0	0	0	0	0	0	0	0	0	0	0	0	0	0	0	0	0	0	0	0	0	0	0	0	0	0	0	0	2004	0
LFQ	53	0	0	0	0	0	0	0	0	0	0	0	0	0	0	0	0	0	0	0	0	0	0	0	0	0	0	0	0	0	0	2004	0
LFQ	54	0	0	0	0	0	0	0	0	0	0	0	0	0	0	0	0	0	0	0	0	0	0	0	0	0	0	0	0	0	0	2004	0
LFQ	55	0	0	0	0	0	0	0	0	0	0	0	0	0	0	0	0	0	0	0	0	0	0	0	0	0	0	0	0	0	0	2004	0
LFQ	56	0	0	0	0	0	0	0	0	0	0	0	0	0	0	0	0	0	0	0	0	0	0	0	0	0	0	0	0	0	0	2004	0
LFQ	57	0	0	0	0	0	0	0	0	0	0	0	0	0	0	0	0	0	0	0	0	0	0	0	0	0	0	0	0	0	0	2004	0
LFQ	58	0	0	0	0	0	0	0	0	0	0	0	0	0	0	0	0	0	0	0	0	0	0	0	0	0	0	0	0	0	0	2004	0
LFQ	59	0	0	0	0	0	0	0	0	0	0	0	0	0	0	0	0	0	0	0	0	0	0	0	0	0	0	0	0	0	0	2004	0
LFQ	60	0	0	0	0	0	0	0	0	0	0	0	0	0	0	0	0	0	0	0	0	0	0	0	0	0	0	0	0	0	0	2004	0
LFQ	61	0	0	0	0	0	0	0	0	0	0	0	0	0	0	0	0	0	0	0	0	0	0	0	0	0	0	0	0	0	0	2004	0
LFQ	62	0	0	0	0	0	0	0	0	0	0	0	0	0	0	0	0	0	0	0	0	0	0	0	0	0	0	0	0	0	0	2004	0
LFQ	63	0	0	0	0	0	0	0	0	0	0	0	0	0	0	0	0	0	0	0	0	0	0	0	0	0	0	0	0	0	0	2004	0
LFQ	64	0	0	0	0	0	0	0	0	0	0	0	0	0	0	0	0	0	0	0	0	0	0	0	0	0	0	0	0	0	0	2004	0
LFQ	65	0	0	0	0	0	0	0	0	0	0	0	0	0	0	0	0	0	0	0	0	0	0	0	0	0	0	0	0	0	0	2004	0
LFQ	66	0	0	0	0	0	0	0	0	0	0	0	0	0	0	0	0	0	0	0	0	0	0	0	0	0	0	0	0	0	0	2004	0
LFQ	67	0	0	0	0	0	0	0	0	0	0	0	0	0	0	0	0	0	0	0	0	0	0	0	0	0	0	0	0	0	0	2004	0
LFQ	68	0	0	0	0	0	0	0	0	0	0	0	0	0	0	0	0	0	0	0	0	0	0	0	0	0	0	0	0	0	0	2004	0
LFQ	69	0	0	0	0	0	0	0	0	0	0	0	0	0	0	0	0	0	0	0	0	0	0	0	0	0	0	0	0	0	0	2004	0
LFQ	70	0	0	0	0	0	0	0	0	0	0	0	0	0	0	0	0	0	0	0	0	0	0	0	0	0	0	0	0	0	0	2004	0
LFQ	71	0	0	0	0	0	0	0	0	0	0	0	0	0	0	0	0	0	0	0	0	0	0	0	0	0	0	0	0	0	0	2004	0
LFQ	72	0	0	0	0	0	0	0	0	0	0	0	0	0	0	0	0	0	0	0	0	0	0	0	0	0	0	0	0	0	0	2004	0
LFQ	73	0	0	0	0	0	0	0	0	0	0	0	0	0	0	0	0	0	0	0	0	0	0	0	0	0	0	0	0	0	0	2004	0
LFQ	74	0	0	0	0	0	0	0	0	0	0	0	0	0	0	0	0	0	0	0	0	0	0	0	0	0	0	0	0	0	0	2004	0
LFQ	75	0	0	0	0	0	0	0	0	0	0	0	0	0	0	0	0	0	0	0	0	0	0	0	0	0	0	0	0	0	0	2004	0
LFQ	76	0	0	0	0	0	0	0	0	0	0	0	0	0	0	0	0	0	0	0	0	0	0	0	0	0	0	0	0	0	0	2004	0
LFQ	77	0	0	0	0	0	0	0	0	0	0	0	0	0	0	0	0	0	0	0	0	0	0	0	0	0	0	0	0	0	0	2004	0
LFQ	78	0	0	0	0	0	0	0	0	0	0	0	0	0	0	0	0	0	0	0	0	0	0	0	0	0	0	0	0	0	0	2004	0
LFQ	79	0	0	0	0	0	0	0	0	0	0	0	0	0	0	0	0	0	0	0	0	0	0	0	0	0	0	0	0	0	0	2004	0
LFQ	80	0	0	0	0	0	0	0	0	0	0	0	0	0	0	0	0	0	0	0	0	0	0	0	0	0	0	0	0	0	0	2004	0
LFQ	81	0	0	0	0	0	0	0	0	0	0	0	0	0	0	0	0	0	0	0	0	0	0	0	0	0	0	0	0	0	0	2004	0
LFQ	82	0	0	0	0	0	0	0	0	0	0	0	0	0	0	0	0	0	0	0	0	0	0	0	0	0	0	0	0	0	0	2004	0
LFQ	83	0	0	0	0	0	0	0	0	0	0	0	0	0	0	0	0	0	0	0	0	0	0	0	0	0	0	0	0	0	0	2004	0
LFQ	84	0	0	0	0	0	0	0	0	0	0	0	0	0	0	0	0	0	0	0	0	0	0	0	0	0	0	0	0	0	0	2004	0
LFQ	85	0	0	0	0	0	0	0	0	0	0	0	0	0	0	0	0	0	0	0	0	0	0	0	0	0	0	0	0	0	0	2004	0
LFQ	86	0	0	0	0	0	0	0	0	0	0	0	0	0	0	0	0	0	0	0	0	0	0	0	0	0	0	0	0	0	0	2004	0
LFQ	87	0	0	0	0	0	0	0	0	0	0	0	0	0	0	0	0	0	0	0	0	0	0	0	0	0	0	0	0	0	0	2004	0
LFQ	88	0	0	0	0	0	0	0	0	0	0	0	0	0	0	0	0	0	0	0	0	0	0	0	0	0	0	0	0	0	0	2004	0
LFQ	89	0	0	0	0	0	0	0	0	0	0	0	0	0	0	0	0	0	0	0	0	0	0	0	0	0	0	0	0	0	0	2004	0
LFQ	90	0	0	0	0	0	0	0	0	0	0	0	0	0	0	0	0	0	0	0	0	0	0	0	0	0	0	0	0	0	0	2004	0
LFQ	91	0	0	0	0	0	0	0	0	0	0	0	0	0	0	0	0	0	0	0	0	0	0	0	0	0	0	0	0	0	0	2004	0
LFQ	92	0	0	0	0	0	0	0	0	0	0	0	0	0	0	0	0	0	0	0	0	0	0	0	0	0	0	0	0	0	0	2004	0
LFQ	93	0	0	0	0	0	0	0	0	0	0	0	0	0	0	0	0	0	0	0	0	0	0	0	0	0	0	0	0	0	0	2004	0
LFQ	94	0	0	0	0	0	0	0	0	0	0	0	0	0	0	0	0	0	0	0	0	0	0	0	0	0	0	0	0	0	0	2004	0
LFQ	95	0	0	0	0	0	0	0	0	0	0	0	0	0	0	0	0	0	0	0	0	0	0	0	0	0	0	0	0	0	0	2004	0
LFQ	96	0	0	0	0	0	0	0	0	0	0	0	0	0	0	0	0	0	0	0	0	0	0	0	0	0	0	0	0	0	0	2004	0
LFQ	97	0	0	0	0	0	0	0	0	0	0	0	0	0	0	0	0	0	0	0	0	0	0	0	0	0	0	0	0	0	0	2004	0
LFQ	98	0	0	0	0	0	0	0	0	0	0	0	0	0	0	0	0	0	0	0	0	0	0	0	0	0	0	0	0	0	0	2004	0
LFQ	99	0	0	0	0	0	0	0	0	0	0	0	0	0	0	0	0	0	0	0	0	0	0	0	0	0	0	0	0	0	0	2004	0
LFQ	100	0	0	0	0	0	0	0	0	0	0	0	0	0	0	0	0	0	0	0	0	0	0	0	0	0	0	0	0	0	0	2004	0
LFQ	101	0	0	0	0	0	0	0	0	0	0	0	0	0	0	0	0	0	0	0	0	0	0	0	0	0	0	0	0	0	0	2004	0
LFQ	102	0	0	0	0	0	0	0	0	0	0	0	0	0	0	0	0	0	0	0	0	0	0	0	0	0	0	0	0	0	0	2004	0
LFQ	103	0	0	0	0	0	0	0	0	0	0	0	0	0	0	0	0	0	0	0	0	0	0	0	0	0	0	0	0	0	0	2004	0
LFQ	104	0	0	0	0	0	0	0	0	0	0	0	0	0	0	0	0	0	0	0	0	0	0	0	0	0	0	0	0	0	0	2004	0
LFQ	105	0	0	0	0	0	0	0	0	0	0	0	0	0	0	0	0	0	0	0	0	0	0	0	0	0	0	0	0	0	0	2004	0
LFQ	106	0	0	0	0	0	0	0	0	0	0	0	0	0	0	0	0	0	0	0	0	0	0	0	0	0	0	0	0	0	0	2004	0
LFQ	107	0	0	0	0	0	0	0	0	0	0	0	0	0	0	0	0	0	0	0	0	0	0	0	0	0	0	0	0	0	0	2004	0
LFQ	108	0	0	0	0	0	0	0	0	0	0	0	0	0	0	0	0	0	0	0	0	0	0	0	0	0	0	0	0	0	0	2004	0
LFQ	109	0	0	0	0	0	0	0	0	0	0	0	0	0	0	0	0	0	0	0	0	0	0	0	0	0	0	0	0	0	0	2004	0
LFQ	110	0	0	0	0	0	0	0	0	0	0	0	0	0	0	0	0	0	0	0	0	0	0	0	0	0	0	0	0	0	0	2004	0
LFQ	111	0	0	0	0	0	0	0	0	0	0	0	0	0	0	0	0	0	0	0	0	0	0	0	0	0	0	0	0	0	0	2004	0
LFQ	112	0	0	0	0	0	0	0	0	0	0	0	0	0	0	0	0	0	0	0	0	0	0	0	0	0	0	0	0	0	0	2004	0
LFQ	113	0	0	0	0	0	0	0	0	0	0	0	0	0	0	0	0	0	0	0	0	0	0	0	0	0	0	0	0	0	0	2004	0
LFQ	114	0	0	0	0	0	0	0	0	0	0	0	0	0	0	0	0	0	0	0	0	0	0	0	0	0	0	0	0	0	0	2004	0
LFQ	115	0	0	0	0	0	0	0	0	0	0	0	0	0	0	0	0	0	0	0	0	0	0	0	0	0	0	0	0	0	0	2004	0
LFQ	116	0	0	0	0	0	0	0	0	0	0	0	0	0	0	0	0	0	0	0	0	0	0	0	0	0	0	0	0	0	0	2004	0
LFQ	117	0	0	0	0	0	0	0	0	0	0	0	0	0	0	0	0	0	0	0	0	0	0	0	0	0	0	0	0	0	0	2004	0
LFQ	118	0	0	0	0	0	0	0	0	0	0	0	0	0	0	0	0	0	0	0	0	0	0	0	0	0	0	0	0	0	0	2004	0
LFQ	119	0	0	0	0	0	0	0	0	0	0	0	0	0	0	0	0	0	0	0	0	0	0	0	0	0	0	0	0	0	0	2004	0
LFQ	120	0	0	0	0	0	0	0	0	0	0	0	0	0	0	0	0	0	0	0	0	0	0	0	0	0	0	0	0	0	0	2004	0
LFQ	121	0	0	0	0	0	0	0	0	0	0	0	0	0	0	0	0	0	0	0	0	0	0	0	0	0	0	0	0	0	0	2004	0
LFQ	122	0	0	0	0	0	0	0	0	0	0	0	0	0	0	0	0	0	0	0	0	0	0	0	0	0	0	0	0	0	0	2004	0
LFQ	123	0	0	0	0	0	0	0	0	0	0	0	0	0	0	0	0	0	0	0	0	0	0	0	0	0	0	0	0	0	0	2004	0
LFQ	124	0	0	0	0	0	0	0	0	0	0	0	0	0	0	0	0	0	0	0	0	0	0	0	0	0	0	0	0	0	0	2004	0
LFQ	125	0	0	0	0	0	0	0	0	0	0	0	0	0	0	0	0	0	0	0	0	0	0	0	0	0	0	0	0	0	0	2004	0
LFQ	126	0	0	0	0	0	0	0	0	0	0	0	0	0	0	0	0	0	0	0	0	0	0	0	0	0	0	0	0	0	0	2004	0
LFQ	127	0	0	0	0	0	0	0	0	0	0	0	0	0	0	0	0	0	0	0	0	0	0	0	0	0	0	0	0	0	0	2004	0
LFQ	128	0	0	0	0	0	0	0	0	0	0	0	0	0	0	0	0	0	0	0	0	0	0	0	0	0	0	0	0	0	0	2004	0
LFQ	129	0	0	0	0	0	0	0	0	0	0	0	0	0	0	0	0	0	0	0	0	0	0	0	0	0	0	0	0	0	0	2004	0
LFQ	130	0	0	0	0	0	0	0	0	0	0	0	0	0	0	0	0	0	0	0	0	0	0	0	0	0	0	0	0	0	0	2004	0
LFQ	131	0	0	0	0	0	0	0	0	0	0	0	0	0	0	0	0	0	0	0	0	0	0	0	0	0	0	0	0	0	0	2004	0
LFQ	132	0	0	0	0	0	0	0	0	0	0	0	0	0	0	0	0	0	0	0	0	0	0	0	0	0	0	0	0	0	0	2004	0
LFQ	133	0	0	0	0	0	0	0	0	0	0	0	0	0	0	0	0	0	0	0	0	0	0	0	0	0	0	0	0	0	0	2004	0
LFQ	134	0	0	0	0	0	0	0	0	0	0	0	0	0	0	0	0	0	0	0	0	0	0	0	0	0	0	0	0	0	0	2004	0
LFQ	135	0	0	0	0	0	0	0	0	0	0	0	0	0	0	0	0	0	0	0	0	0	0	0	0	0	0	0	0	0	0	2004	0
LFQ	136	0	0	0	0	0	0	0	0	0	0	0	0	0	0	0	0	0	0	0	0	0	0	0	0	0	0	0	0	0	0	2004	0
LFQ	137	0	0	0	0	0	0	0	0	0	0	0	0	0	0	0	0	0	0	0	0	0	0	0	0	0	0	0	0	0	0	2004	0
LFQ	138	0	0	0	0	0	0	0	0	0	0	0	0	0	0	0	0	0	0	0	0	0	0	0	0	0	0	0	0	0	0	2004	0
LFQ	139	0	0	0	0	0	0	0	0	0	0	0	0	0	0	0	0	0	0	0	0	0	0	0	0	0	0	0	0	0	0	2004	0
LFQ	140	0	0	0	0	0	0	0	0	0	0	0	0	0	0	0	0	0	0	0	0	0	0	0	0	0	0	0	0	0	0	2004	0
LFQ	141	0	0	0	0	0	0	0	0	0	0	0	0	0	0	0	0	0	0	0	0	0	0	0	0	0	0	0	0	0	0	2004	0
LFQ	142	0	0	0	0	0	0	0	0	0	0	0	0	0	0	0	0	0	0	0	0	0	0	0	0	0	0	0	0	0	0	2004	0
LFQ	143	0	0	0	0	0	0	0	0	0	0	0	0	0	0	0	0	0	0	0	0	0	0	0	0	0	0	0	0	0	0	2004	0
LFQ	144	0	0	0	0	0	0	0	0	0	0	0	0	0	0	0	0	0	0	0	0	0	0	0	0	0	0	0	0	0	0	2004	0
LFQ	145	0	0	0	0	0	0	0	0	0	0	0	0	0	0	0	0	0	0	0	0	0	0	0	0	0	0	0	0	0	0	2004	0
LFQ	146	0	0	0	0	0	0	0	0	0	0	0	0	0	0	0	0	0	0	0	0	0	0	0	0	0	0	0	0	0	0	2004	0
LFQ	147	0	0	0	0	0	0	0	0	0	0	0	0	0	0	0	0	0	0	0	0	0	0	0	0	0	0	0	0	0	0	2004	0
LFQ	148	0	0	0	0	0	0	0	0	0	0	0	0	0	0	0	0	0	0	0	0	0	0	0	0	0	0	0	0	0	0	2004	0
LFQ	149	0	0	0	0	0	0	0	0	0	0	0	0	0	0	0	0	0	0	0	0	0	0	0	0	0	0	0	0	0	0	2004	0
LFQ	150	0	0	0	0	0	0	0	0	0	0	0	0	0	0	0	0	0	0	0	0	0	0	0	0	0	0	0	0	0	0	2004	0
# GC Content of first fragments. Use `grep ^GCF | cut -f 2-` to extract this part.
GCF	4.27	0
GCF	8.79	1
GCF	9.80	0
GCF	10.80	1
GCF	14.32	0
GCF	18.34	2
GCF	19.35	0
GCF	20.10	6
GCF	20.85	1
GCF	21.86	5
GCF	22.86	1
GCF	23.37	8
GCF	24.12	11
GCF	24.87	13
GCF	25.38	11
GCF	26.13	10
GCF	26.88	15
GCF	27.39	10
GCF	28.14	25
GCF	28.89	23
GCF	29.40	29
GCF	30.15	26
GCF	30.90	34
GCF	31.41	44
GCF	32.16	36
GCF	32.91	58
GCF	33.42	50
GCF	33.92	71
GCF	34.67	76
GCF	35.68	86
GCF	36.68	91
GCF	37.44	87
GCF	37.94	68
GCF	38.69	61
GCF	39.45	71
GCF	39.95	64
GCF	40.70	74
GCF	41.46	73
GCF	41.96	62
GCF	42.71	69
GCF	43.47	63
GCF	43.97	49
GCF	44.72	40
GCF	45.48	44
GCF	45.98	49
GCF	46.98	45
GCF	47.99	25
GCF	48.74	28
GCF	49.50	20
GCF	50.00	22
GCF	50.75	16
GCF	51.51	12
GCF	52.01	13
GCF	52.76	8
GCF	53.52	9
GCF	54.77	4
GCF	56.03	3
GCF	56.78	1
GCF	57.54	7
GCF	58.04	8
GCF	58.79	2
GCF	59.55	3
GCF	60.05	2
GCF	61.31	1
GCF	63.07	2
GCF	64.07	0
GCF	64.82	1
GCF	65.58	0
GCF	66.08	2
GCF	68.34	0
GCF	70.60	2
# GC Content of last fragments. Use `grep ^GCL | cut -f 2-` to extract this part.
GCL	3.52	0
GCL	8.04	1
GCL	10.05	0
GCL	11.31	1
GCL	12.56	0
GCL	14.07	1
GCL	15.08	0
GCL	16.08	1
GCL	17.09	0
GCL	18.09	3
GCL	19.60	2
GCL	20.85	4
GCL	21.36	1
GCL	22.11	4
GCL	22.86	2
GCL	23.37	7
GCL	24.12	11
GCL	24.87	9
GCL	25.38	7
GCL	26.13	13
GCL	26.88	23
GCL	27.39	22
GCL	28.14	29
GCL	28.89	28
GCL	29.40	22
GCL	30.15	30
GCL	30.90	34
GCL	31.41	47
GCL	32.16	50
GCL	32.91	38
GCL	33.42	70
GCL	33.92	65
GCL	34.67	61
GCL	35.43	87
GCL	35.93	93
GCL	36.68	92
GCL	37.44	65
GCL	37.94	85
GCL	38.69	50
GCL	39.45	61
GCL	39.95	83
GCL	40.70	68
GCL	41.46	57
GCL	41.96	55
GCL	42.71	65
GCL	43.47	41
GCL	43.97	63
GCL	44.72	49
GCL	45.48	52
GCL	45.98	58
GCL	46.73	38
GCL	47.49	37
GCL	47.99	42
GCL	48.74	28
GCL	49.50	18
GCL	50.00	17
GCL	50.75	15
GCL	51.51	11
GCL	52.01	14
GCL	53.02	12
GCL	54.02	5
GCL	54.77	4
GCL	55.53	8
GCL	56.03	5
GCL	57.04	2
GCL	58.04	3
GCL	58.79	6
GCL	59.55	2
GCL	60.55	1
GCL	62.56	0
GCL	64.07	1
GCL	65.33	0
GCL	66.58	1
GCL	67.34	3
# ACGT content per cycle. Use `grep ^GCC | cut -f 2-` to extract this part. The columns are: cycle; A,C,G,T base counts as a percentage of all A/C/G/T bases [%]; and N and O counts as a percentage of all A/C/G/T bases [%]
GCC	1	30.66	18.14	20.11	31.09	0.00	0.00
GCC	2	29.24	20.51	20.06	30.19	0.00	0.00
GCC	3	30.09	18.74	21.31	29.87	0.00	0.00
GCC	4	30.64	18.99	18.96	31.41	0.00	0.00
GCC	5	31.96	17.94	20.43	29.67	0.00	0.00
GCC	6	31.26	19.41	19.41	29.92	0.00	0.00
GCC	7	31.26	19.09	18.91	30.74	0.00	0.00
GCC	8	31.01	19.26	19.49	30.24	0.00	0.00
GCC	9	31.39	19.61	19.06	29.94	0.00	0.00
GCC	10	30.91	19.49	18.49	31.11	0.00	0.00
GCC	11	29.99	19.34	19.16	31.51	0.00	0.00
GCC	12	30.24	20.63	18.21	30.91	0.00	0.00
GCC	13	30.54	19.79	18.84	30.84	0.00	0.00
GCC	14	30.51	21.18	18.41	29.89	0.00	0.00
GCC	15	30.31	20.48	18.91	30.29	0.00	0.00
GCC	16	31.94	19.31	18.06	30.69	0.00	0.00
GCC	17	31.29	19.96	18.76	29.99	0.00	0.00
GCC	18	29.84	21.18	19.19	29.79	0.00	0.00
GCC	19	30.39	20.11	17.94	31.56	0.00	0.00
GCC	20	30.46	18.96	18.26	32.31	0.00	0.00
GCC	21	30.44	19.99	18.99	30.59	0.00	0.00
GCC	22	30.19	20.98	18.11	30.71	0.00	0.00
GCC	23	30.61	19.21	18.76	31.41	0.00	0.00
GCC	24	30.51	19.91	19.21	30.36	0.00	0.00
GCC	25	31.69	19.94	18.21	30.16	0.00	0.00
GCC	26	30.21	20.66	19.29	29.84	0.00	0.00
GCC	27	30.91	19.66	18.49	30.94	0.00	0.00
GCC	28	31.39	19.01	19.01	30.59	0.00	0.00
GCC	29	30.14	19.16	20.56	30.14	0.00	0.00
GCC	30	30.76	20.51	19.01	29.72	0.00	0.00
GCC	31	30.04	21.43	18.31	30.21	0.00	0.00
GCC	32	30.59	18.84	19.59	30.99	0.00	0.00
GCC	33	31.04	20.36	19.11	29.49	0.00	0.00
GCC	34	31.49	20.06	18.24	30.21	0.00	0.00
GCC	35	30.86	20.28	19.49	29.37	0.00	0.00
GCC	36	29.69	20.53	18.64	31.14	0.00	0.00
GCC	37	29.69	20.71	19.14	30.46	0.00	0.00
GCC	38	31.26	19.39	19.01	30.34	0.00	0.00
GCC	39	28.87	19.91	19.56	31.66	0.00	0.00
GCC	40	30.59	19.94	19.84	29.64	0.00	0.00
GCC	41	30.76	19.71	18.41	31.11	0.00	0.00
GCC	42	30.26	19.99	19.26	30.49	0.00	0.00
GCC	43	30.89	19.39	19.86	29.87	0.00	0.00
GCC	44	30.61	20.33	18.91	30.14	0.00	0.00
GCC	45	29.84	20.23	18.76	31.16	0.00	0.00
GCC	46	30.71	20.36	18.39	30.54	0.00	0.00
GCC	47	29.77	20.26	20.01	29.97	0.00	0.00
GCC	48	30.04	18.99	20.13	30.84	0.00	0.00
GCC	49	31.44	20.78	17.94	29.84	0.00	0.00
GCC	50	30.61	19.41	19.46	30.51	0.00	0.00
GCC	51	29.99	19.61	19.61	30.79	0.00	0.00
GCC	52	31.14	20.23	18.49	30.14	0.00	0.00
GCC	53	31.61	19.81	18.71	29.87	0.00	0.00
GCC	54	30.94	20.23	18.36	30.46	0.00	0.00
GCC	55	30.56	20.41	18.69	30.34	0.00	0.00
GCC	56	30.86	20.58	19.09	29.47	0.00	0.00
GCC	57	30.34	20.93	18.04	30.69	0.00	0.00
GCC	58	29.59	20.53	20.23	29.64	0.00	0.00
GCC	59	30.76	18.71	18.66	31.86	0.00	0.00
GCC	60	30.21	19.76	19.24	30.79	0.00	0.00
GCC	61	31.31	18.76	18.51	31.41	0.00	0.00
GCC	62	30.69	19.21	19.39	30.71	0.00	0.00
GCC	63	30.46	19.39	18.86	31.29	0.00	0.00
GCC	64	29.44	20.83	18.71	31.01	0.00	0.00
GCC	65	29.82	19.69	19.29	31.21	0.00	0.00
GCC	66	30.01	19.34	20.56	30.09	0.00	0.00
GCC	67	30.36	20.76	18.79	30.09	0.00	0.00
GCC	68	32.06	18.94	18.94	30.06	0.00	0.00
GCC	69	30.91	19.91	18.09	31.09	0.00	0.00
GCC	70	30.66	20.08	18.39	30.86	0.00	0.00
GCC	71	30.26	20.68	18.61	30.44	0.00	0.00
GCC	72	31.04	20.41	18.51	30.04	0.00	0.00
GCC	73	29.94	20.91	18.71	30.44	0.00	0.00
GCC	74	31.06	20.46	17.61	30.86	0.00	0.00
GCC	75	30.24	20.68	18.94	30.14	0.00	0.00
GCC	76	30.44	19.56	19.14	30.86	0.00	0.00
GCC	77	30.34	21.08	18.89	29.69	0.00	0.00
GCC	78	29.89	20.31	18.41	31.39	0.00	0.00
GCC	79	29.22	20.28	19.34	31.16	0.00	0.00
GCC	80	31.39	18.96	17.91	31.74	0.00	0.00
GCC	81	31.44	19.19	18.11	31.26	0.00	0.00
GCC	82	30.61	19.56	18.76	31.06	0.00	0.00
GCC	83	29.74	21.53	17.91	30.81	0.00	0.00
GCC	84	30.39	19.36	19.36	30.89	0.00	0.00
GCC	85	29.82	19.91	19.56	30.71	0.00	0.00
GCC	86	30.04	19.61	19.44	30.91	0.00	0.00
GCC	87	31.89	19.94	18.76	29.42	0.00	0.00
GCC	88	30.96	20.81	19.04	29.19	0.00	0.00
GCC	89	31.31	19.39	18.86	30.44	0.00	0.00
GCC	90	29.74	19.66	18.94	31.66	0.00	0.00
GCC	91	30.94	20.03	18.01	31.01	0.00	0.00
GCC	92	31.26	19.76	18.34	30.64	0.00	0.00
GCC	93	30.59	20.33	17.56	31.51	0.00	0.00
GCC	94	31.91	20.46	18.51	29.12	0.00	0.00
GCC	95	31.44	20.06	18.16	30.34	0.00	0.00
GCC	96	30.94	19.49	18.24	31.34	0.00	0.00
GCC	97	29.42	20.06	18.59	31.94	0.00	0.00
GCC	98	30.86	19.11	19.24	30.79	0.00	0.00
GCC	99	30.64	19.44	19.34	30.59	0.00	0.00
GCC	100	30.11	20.08	19.16	30.64	0.00	0.00
GCC	101	30.91	20.11	17.71	31.26	0.00	0.00
GCC	102	29.69	20.16	19.36	30.79	0.00	0.00
GCC	103	29.87	19.99	19.26	30.89	0.00	0.00
GCC	104	30.99	20.18	18.66	30.16	0.00	0.00
GCC	105	30.26	20.33	19.19	30.21	0.00	0.00
GCC	106	31.14	20.71	18.51	29.64	0.00	0.00
GCC	107	30.21	20.66	18.26	30.86	0.00	0.00
GCC	108	30.69	19.91	17.79	31.61	0.00	0.00
GCC	109	30.99	19.51	18.54	30.96	0.00	0.00
GCC	110	30.71	19.96	20.63	28.69	0.00	0.00
GCC	111	30.29	20.03	19.69	29.99	0.00	0.00
GCC	112	31.16	19.79	19.24	29.82	0.00	0.00
GCC	113	30.81	19.16	19.39	30.64	0.00	0.00
GCC	114	29.62	20.01	19.31	31.06	0.00	0.00
GCC	115	31.31	19.96	18.79	29.94	0.00	0.00
GCC	116	30.56	19.84	18.84	30.76	0.00	0.00
GCC	117	30.39	20.46	18.26	30.89	0.00	0.00
GCC	118	29.77	20.16	19.14	30.94	0.00	0.00
GCC	119	30.51	19.39	18.64	31.46	0.00	0.00
GCC	120	30.89	20.56	19.46	29.09	0.00	0.00
GCC	121	28.87	21.06	18.94	31.14	0.00	0.00
GCC	122	29.59	20.68	17.49	32.24	0.00	0.00
GCC	123	29.54	20.28	19.31	30.86	0.00	0.00
GCC	124	30.79	20.36	17.96	30.89	0.00	0.00
GCC	125	30.96	19.96	18.41	30.66	0.00	0.00
GCC	126	31.24	19.74	17.76	31.26	0.00	0.00
GCC	127	30.09	19.84	18.99	31.09	0.00	0.00
GCC	128	31.16	19.29	18.51	31.04	0.00	0.00
GCC	129	30.59	21.23	18.41	29.77	0.00	0.00
GCC	130	29.77	20.98	18.61	30.64	0.00	0.00
GCC	131	30.84	19.54	17.81	31.81	0.00	0.00
GCC	132	30.44	19.59	19.14	30.84	0.00	0.00
GCC	133	30.61	19.44	18.94	31.01	0.00	0.00
GCC	134	31.61	19.19	19.19	30.01	0.00	0.00
GCC	135	32.71	19.59	17.39	30.31	0.00	0.00
GCC	136	30.74	18.76	19.44	31.06	0.00	0.00
GCC	137	30.09	19.89	19.39	30.64	0.00	0.00
GCC	138	30.39	20.36	18.11	31.14	0.00	0.00
GCC	139	30.21	20.51	19.14	30.14	0.00	0.00
GCC	140	30.76	19.29	19.56	30.39	0.00	0.00
GCC	141	30.91	19.56	18.79	30.74	0.00	0.00
GCC	142	31.01	19.89	18.39	30.71	0.00	0.00
GCC	143	30.81	19.29	19.14	30.76	0.00	0.00
GCC	144	30.26	20.66	18.11	30.96	0.00	0.00
GCC	145	29.89	20.33	18.66	31.11	0.00	0.00
GCC	146	30.84	18.99	19.26	30.91	0.00	0.00
GCC	147	30.56	20.61	19.24	29.59	0.00	0.00
GCC	148	30.46	19.39	19.31	30.84	0.00	0.00
GCC	149	29.92	20.38	18.54	31.16	0.00	0.00
GCC	150	30.76	19.91	18.64	30.69	0.00	0.00
# ACGT content per cycle, read oriented. Use `grep ^GCT | cut -f 2-` to extract this part. The columns are: cycle; A,C,G,T base counts as a percentage of all A/C/G/T bases [%]
GCT	1	32.06	18.89	19.36	29.69
GCT	2	30.01	21.23	19.34	29.42
GCT	3	31.11	20.01	20.03	28.84
GCT	4	31.24	19.64	18.31	30.81
GCT	5	31.09	19.06	19.31	30.54
GCT	6	29.99	19.64	19.19	31.19
GCT	7	30.94	20.26	17.74	31.06
GCT	8	29.97	19.71	19.04	31.29
GCT	9	30.74	20.51	18.16	30.59
GCT	10	31.41	18.64	19.34	30.61
GCT	11	31.04	18.94	19.56	30.46
GCT	12	30.96	18.96	19.89	30.19
GCT	13	31.21	19.86	18.76	30.16
GCT	14	30.71	18.94	20.66	29.69
GCT	15	30.86	20.38	19.01	29.74
GCT	16	30.81	18.84	18.54	31.81
GCT	17	32.09	19.41	19.31	29.19
GCT	18	30.36	20.46	19.91	29.27
GCT	19	31.06	19.39	18.66	30.89
GCT	20	31.71	18.61	18.61	31.06
GCT	21	30.49	20.53	18.44	30.54
GCT	22	30.94	19.19	19.91	29.97
GCT	23	32.09	18.69	19.29	29.94
GCT	24	30.31	19.06	20.06	30.56
GCT	25	30.66	19.11	19.04	31.19
GCT	26	30.04	19.14	20.81	30.01
GCT	27	31.56	18.31	19.84	30.29
GCT	28	31.66	18.74	19.29	30.31
GCT	29	30.84	19.96	19.76	29.44
GCT	30	30.36	20.51	19.01	30.11
GCT	31	29.94	19.89	19.86	30.31
GCT	32	31.14	19.14	19.29	30.44
GCT	33	29.84	19.21	20.26	30.69
GCT	34	30.79	19.56	18.74	30.91
GCT	35	30.26	19.59	20.18	29.97
GCT	36	31.06	19.16	20.01	29.77
GCT	37	30.29	20.16	19.69	29.87
GCT	38	31.24	19.51	18.89	30.36
GCT	39	30.21	19.26	20.21	30.31
GCT	40	30.29	20.33	19.44	29.94
GCT	41	31.31	19.31	18.81	30.56
GCT	42	30.69	19.66	19.59	30.06
GCT	43	29.99	19.69	19.56	30.76
GCT	44	30.19	20.11	19.14	30.56
GCT	45	30.59	19.39	19.61	30.41
GCT	46	31.39	20.03	18.71	29.87
GCT	47	29.77	19.86	20.41	29.97
GCT	48	31.31	19.26	19.86	29.57
GCT	49	30.79	19.74	18.99	30.49
GCT	50	30.99	19.94	18.94	30.14
GCT	51	30.19	19.21	20.01	30.59
GCT	52	31.51	20.01	18.71	29.77
GCT	53	30.96	19.41	19.11	30.51
GCT	54	30.99	19.69	18.91	30.41
GCT	55	29.34	18.64	20.46	31.56
GCT	56	28.82	19.74	19.94	31.51
GCT	57	30.81	18.96	20.01	30.21
GCT	58	29.94	20.43	20.33	29.29
GCT	59	30.91	18.61	18.76	31.71
GCT	60	30.79	19.39	19.61	30.21
GCT	61	30.44	18.64	18.64	32.29
GCT	62	30.81	19.59	19.01	30.59
GCT	63	30.99	18.71	19.54	30.76
GCT	64	30.06	19.51	20.03	30.39
GCT	65	30.34	19.46	19.51	30.69
GCT	66	29.52	19.09	20.81	30.59
GCT	67	29.44	20.08	19.46	31.01
GCT	68	30.94	19.71	18.16	31.19
GCT	69	31.11	18.56	19.44	30.89
GCT	70	30.31	19.44	19.04	31.21
GCT	71	29.72	19.09	20.21	30.99
GCT	72	30.31	19.89	19.04	30.76
GCT	73	29.67	18.94	20.68	30.71
GCT	74	30.34	19.84	18.24	31.59
GCT	75	30.51	21.11	18.51	29.87
GCT	76	31.09	19.16	19.54	30.21
GCT	77	29.42	20.21	19.76	30.61
GCT	78	29.47	19.09	19.64	31.81
GCT	79	29.77	20.33	19.29	30.61
GCT	80	31.84	18.61	18.26	31.29
GCT	81	31.11	18.26	19.04	31.59
GCT	82	30.61	18.86	19.46	31.06
GCT	83	30.39	19.84	19.61	30.16
GCT	84	30.16	19.54	19.19	31.11
GCT	85	30.36	19.96	19.51	30.16
GCT	86	31.19	19.81	19.24	29.77
GCT	87	30.76	19.96	18.74	30.54
GCT	88	30.34	19.89	19.96	29.82
GCT	89	31.14	19.46	18.79	30.61
GCT	90	29.54	19.71	18.89	31.86
GCT	91	31.56	18.46	19.59	30.39
GCT	92	29.87	19.81	18.29	32.04
GCT	93	30.21	19.26	18.64	31.89
GCT	94	30.74	19.84	19.14	30.29
GCT	95	30.21	19.09	19.14	31.56
GCT	96	29.82	18.91	18.81	32.46
GCT	97	30.86	19.06	19.59	30.49
GCT	98	30.69	19.04	19.31	30.96
GCT	99	30.64	20.28	18.49	30.59
GCT	100	30.01	20.03	19.21	30.74
GCT	101	31.61	18.86	18.96	30.56
GCT	102	29.72	19.44	20.08	30.76
GCT	103	30.64	19.06	20.18	30.11
GCT	104	30.91	19.66	19.19	30.24
GCT	105	30.34	18.71	20.81	30.14
GCT	106	29.27	20.38	18.84	31.51
GCT	107	30.59	19.99	18.94	30.49
GCT	108	30.64	19.06	18.64	31.66
GCT	109	32.14	18.61	19.44	29.82
GCT	110	29.42	20.06	20.53	29.99
GCT	111	30.01	19.66	20.06	30.26
GCT	112	30.44	19.41	19.61	30.54
GCT	113	31.11	19.51	19.04	30.34
GCT	114	31.11	19.41	19.91	29.57
GCT	115	30.84	19.54	19.21	30.41
GCT	116	30.64	18.76	19.91	30.69
GCT	117	30.74	18.91	19.81	30.54
GCT	118	30.59	19.14	20.16	30.11
GCT	119	30.66	18.79	19.24	31.31
GCT	120	29.84	19.81	20.21	30.14
GCT	121	31.16	20.41	19.59	28.84
GCT	122	31.91	19.31	18.86	29.92
GCT	123	30.86	19.76	19.84	29.54
GCT	124	31.46	20.03	18.29	30.21
GCT	125	30.59	18.54	19.84	31.04
GCT	126	30.64	19.19	18.31	31.86
GCT	127	30.91	19.91	18.91	30.26
GCT	128	30.59	19.11	18.69	31.61
GCT	129	30.49	18.74	20.91	29.87
GCT	130	30.04	19.46	20.13	30.36
GCT	131	32.16	18.76	18.59	30.49
GCT	132	30.94	19.19	19.54	30.34
GCT	133	30.54	19.16	19.21	31.09
GCT	134	31.59	19.46	18.91	30.04
GCT	135	31.84	18.26	18.71	31.19
GCT	136	31.16	18.89	19.31	30.64
GCT	137	30.91	19.66	19.61	29.82
GCT	138	31.94	18.81	19.66	29.59
GCT	139	30.44	19.89	19.76	29.92
GCT	140	29.87	19.24	19.61	31.29
GCT	141	30.19	18.79	19.56	31.46
GCT	142	31.04	18.71	19.56	30.69
GCT	143	31.31	19.44	18.99	30.26
GCT	144	30.46	19.56	19.21	30.76
GCT	145	31.26	18.61	20.38	29.74
GCT	146	31.99	20.03	18.21	29.77
GCT	147	30.34	19.59	20.26	29.82
GCT	148	31.76	18.59	20.11	29.54
GCT	149	30.74	19.26	19.66	30.34
GCT	150	30.99	18.69	19.86	30.46
# ACGT content per cycle for first fragments. Use `grep ^FBC | cut -f 2-` to extract this part. The columns are: cycle; A,C,G,T base counts as a percentage of all A/C/G/T bases [%]; and N and O counts as a percentage of all A/C/G/T bases [%]
FBC	1	30.94	18.86	19.71	30.49	0.00	0.00
FBC	2	29.14	20.16	19.71	30.99	0.00	0.00
FBC	3	29.84	18.91	20.21	31.04	0.00	0.00
FBC	4	32.29	18.86	17.76	31.09	0.00	0.00
FBC	5	31.44	17.66	20.01	30.89	0.00	0.00
FBC	6	31.79	18.41	19.36	30.44	0.00	0.00
FBC	7	31.49	18.31	18.76	31.44	0.00	0.00
FBC	8	31.74	19.61	19.41	29.24	0.00	0.00
FBC	9	30.94	19.16	19.96	29.94	0.00	0.00
FBC	10	29.39	19.66	19.66	31.29	0.00	0.00
FBC	11	30.04	20.16	18.61	31.19	0.00	0.00
FBC	12	29.69	21.11	17.91	31.29	0.00	0.00
FBC	13	30.94	18.96	18.41	31.69	0.00	0.00
FBC	14	29.94	21.11	18.31	30.64	0.00	0.00
FBC	15	30.54	21.01	18.46	29.99	0.00	0.00
FBC	16	31.84	19.21	17.71	31.24	0.00	0.00
FBC	17	31.49	20.01	17.27	31.24	0.00	0.00
FBC	18	29.94	21.06	19.36	29.64	0.00	0.00
FBC	19	30.24	19.96	18.11	31.69	0.00	0.00
FBC	20	29.09	20.26	19.61	31.04	0.00	0.00
FBC	21	30.44	19.56	19.71	30.29	0.00	0.00
FBC	22	30.39	20.16	18.91	30.54	0.00	0.00
FBC	23	32.24	17.81	18.16	31.79	0.00	0.00
FBC	24	30.34	18.96	20.11	30.59	0.00	0.00
FBC	25	31.34	20.76	18.76	29.14	0.00	0.00
FBC	26	30.24	21.16	19.21	29.39	0.00	0.00
FBC	27	31.34	18.96	18.91	30.79	0.00	0.00
FBC	28	31.24	18.86	18.91	30.99	0.00	0.00
FBC	29	28.94	20.51	19.71	30.84	0.00	0.00
FBC	30	31.74	19.86	18.01	30.39	0.00	0.00
FBC	31	29.19	22.21	17.61	30.99	0.00	0.00
FBC	32	31.09	17.96	20.06	30.89	0.00	0.00
FBC	33	30.84	20.21	18.71	30.24	0.00	0.00
FBC	34	29.74	20.16	18.66	31.44	0.00	0.00
FBC	35	30.74	20.21	20.26	28.79	0.00	0.00
FBC	36	29.09	21.31	18.01	31.59	0.00	0.00
FBC	37	29.14	21.01	19.56	30.29	0.00	0.00
FBC	38	30.59	20.46	18.31	30.64	0.00	0.00
FBC	39	30.24	19.26	18.61	31.89	0.00	0.00
FBC	40	30.44	20.26	19.06	30.24	0.00	0.00
FBC	41	30.54	19.06	18.41	31.99	0.00	0.00
FBC	42	28.99	20.66	19.26	31.09	0.00	0.00
FBC	43	29.24	19.46	20.51	30.79	0.00	0.00
FBC	44	29.69	20.51	18.86	30.94	0.00	0.00
FBC	45	29.19	21.21	19.16	30.44	0.00	0.00
FBC	46	30.64	20.66	18.31	30.39	0.00	0.00
FBC	47	28.89	20.36	20.06	30.69	0.00	0.00
FBC	48	30.54	19.36	19.51	30.59	0.00	0.00
FBC	49	30.44	21.66	17.61	30.29	0.00	0.00
FBC	50	30.09	19.56	20.21	30.14	0.00	0.00
FBC	51	29.14	20.41	20.11	30.34	0.00	0.00
FBC	52	30.39	20.11	17.91	31.59	0.00	0.00
FBC	53	30.69	19.86	19.21	30.24	0.00	0.00
FBC	54	30.59	19.86	19.06	30.49	0.00	0.00
FBC	55	30.59	19.66	19.16	30.59	0.00	0.00
FBC	56	29.74	21.31	18.91	30.04	0.00	0.00
FBC	57	30.54	21.11	18.01	30.34	0.00	0.00
FBC	58	29.64	20.06	20.31	29.99	0.00	0.00
FBC	59	30.44	17.76	18.86	32.93	0.00	0.00
FBC	60	29.84	20.61	19.06	30.49	0.00	0.00
FBC	61	31.99	18.61	18.61	30.79	0.00	0.00
FBC	62	30.79	18.66	20.06	30.49	0.00	0.00
FBC	63	29.94	20.36	18.31	31.39	0.00	0.00
FBC	64	28.49	20.46	19.46	31.59	0.00	0.00
FBC	65	29.19	20.26	20.01	30.54	0.00	0.00
FBC	66	31.09	18.71	20.96	29.24	0.00	0.00
FBC	67	31.19	20.91	17.91	29.99	0.00	0.00
FBC	68	31.59	18.71	19.06	30.64	0.00	0.00
FBC	69	31.19	20.01	17.86	30.94	0.00	0.00
FBC	70	30.34	19.96	18.86	30.84	0.00	0.00
FBC	71	29.94	20.81	18.46	30.79	0.00	0.00
FBC	72	30.84	20.51	18.66	29.99	0.00	0.00
FBC	73	31.14	20.56	17.86	30.44	0.00	0.00
FBC	74	32.04	19.46	17.61	30.89	0.00	0.00
FBC	75	30.09	21.36	18.41	30.14	0.00	0.00
FBC	76	30.29	19.56	19.76	30.39	0.00	0.00
FBC	77	29.79	20.66	20.11	29.44	0.00	0.00
FBC	78	29.24	20.76	18.26	31.74	0.00	0.00
FBC	79	30.39	20.06	19.01	30.54	0.00	0.00
FBC	80	31.69	19.91	18.06	30.34	0.00	0.00
FBC	81	31.74	18.81	18.61	30.84	0.00	0.00
FBC	82	30.94	20.61	19.21	29.24	0.00	0.00
FBC	83	29.99	21.26	17.56	31.19	0.00	0.00
FBC	84	29.84	20.71	19.41	30.04	0.00	0.00
FBC	85	29.89	19.86	20.01	30.24	0.00	0.00
FBC	86	29.79	19.41	19.16	31.64	0.00	0.00
FBC	87	32.83	19.46	19.31	28.39	0.00	0.00
FBC	88	29.14	21.21	19.21	30.44	0.00	0.00
FBC	89	31.74	19.91	18.56	29.79	0.00	0.00
FBC	90	29.84	19.56	19.06	31.54	0.00	0.00
FBC	91	30.19	19.96	18.36	31.49	0.00	0.00
FBC	92	30.79	19.76	19.76	29.69	0.00	0.00
FBC	93	30.39	20.86	17.22	31.54	0.00	0.00
FBC	94	32.93	20.36	17.22	29.49	0.00	0.00
FBC	95	31.74	20.71	18.61	28.94	0.00	0.00
FBC	96	31.34	19.16	17.37	32.14	0.00	0.00
FBC	97	29.89	19.71	18.56	31.84	0.00	0.00
FBC	98	31.04	19.26	19.01	30.69	0.00	0.00
FBC	99	30.34	19.96	19.61	30.09	0.00	0.00
FBC	100	29.34	20.81	19.46	30.39	0.00	0.00
FBC	101	30.24	20.01	18.16	31.59	0.00	0.00
FBC	102	29.59	19.16	19.76	31.49	0.00	0.00
FBC	103	28.09	20.56	20.26	31.09	0.00	0.00
FBC	104	30.04	21.56	19.06	29.34	0.00	0.00
FBC	105	31.29	20.21	18.56	29.94	0.00	0.00
FBC	106	31.74	21.01	17.81	29.44	0.00	0.00
FBC	107	30.64	21.31	17.47	30.59	0.00	0.00
FBC	108	30.89	20.71	17.51	30.89	0.00	0.00
FBC	109	31.34	19.41	19.01	30.24	0.00	0.00
FBC	110	31.29	19.76	20.66	28.29	0.00	0.00
FBC	111	29.49	20.26	19.91	30.34	0.00	0.00
FBC	112	29.24	21.01	20.06	29.69	0.00	0.00
FBC	113	30.54	19.46	19.71	30.29	0.00	0.00
FBC	114	29.69	19.36	19.31	31.64	0.00	0.00
FBC	115	30.74	20.36	18.11	30.79	0.00	0.00
FBC	116	30.24	19.61	18.71	31.44	0.00	0.00
FBC	117	29.79	20.26	18.31	31.64	0.00	0.00
FBC	118	29.99	19.36	19.51	31.14	0.00	0.00
FBC	119	31.49	19.46	18.21	30.84	0.00	0.00
FBC	120	29.69	21.06	19.51	29.74	0.00	0.00
FBC	121	28.44	21.06	19.01	31.49	0.00	0.00
FBC	122	28.14	20.01	18.81	33.03	0.00	0.00
FBC	123	28.94	20.41	19.91	30.74	0.00	0.00
FBC	124	31.29	20.01	17.76	30.94	0.00	0.00
FBC	125	30.34	20.16	19.11	30.39	0.00	0.00
FBC	126	32.58	19.96	17.02	30.44	0.00	0.00
FBC	127	30.64	18.61	20.71	30.04	0.00	0.00
FBC	128	31.54	19.16	18.76	30.54	0.00	0.00
FBC	129	30.59	21.26	17.32	30.84	0.00	0.00
FBC	130	29.49	21.41	18.71	30.39	0.00	0.00
FBC	131	30.64	20.26	18.26	30.84	0.00	0.00
FBC	132	30.64	19.16	19.36	30.84	0.00	0.00
FBC	133	30.89	20.36	18.51	30.24	0.00	0.00
FBC	134	31.29	18.36	19.41	30.94	0.00	0.00
FBC	135	32.19	20.31	17.32	30.19	0.00	0.00
FBC	136	30.19	19.21	18.96	31.64	0.00	0.00
FBC	137	30.29	19.06	19.01	31.64	0.00	0.00
FBC	138	31.34	20.06	18.31	30.29	0.00	0.00
FBC	139	30.09	20.41	19.41	30.09	0.00	0.00
FBC	140	30.94	19.31	19.51	30.24	0.00	0.00
FBC	141	32.24	19.96	18.06	29.74	0.00	0.00
FBC	142	31.79	20.41	17.91	29.89	0.00	0.00
FBC	143	31.14	20.16	17.71	30.99	0.00	0.00
FBC	144	29.54	20.41	19.26	30.79	0.00	0.00
FBC	145	30.24	20.66	18.06	31.04	0.00	0.00
FBC	146	30.44	19.26	18.81	31.49	0.00	0.00
FBC	147	30.79	21.01	19.61	28.59	0.00	0.00
FBC	148	29.94	19.01	19.36	31.69	0.00	0.00
FBC	149	29.94	20.61	18.61	30.84	0.00	0.00
FBC	150	29.39	20.56	18.66	31.39	0.00	0.00
# ACGT raw counters for first fragments. Use `grep ^FTC | cut -f 2-` to extract this part. The columns are: A,C,G,T,N base counters
FTC	91559	60150	56788	92103	0
# ACGT content per cycle for last fragments. Use `grep ^LBC | cut -f 2-` to extract this part. The columns are: cycle; A,C,G,T base counts as a percentage of all A/C/G/T bases [%]; and N and O counts as a percentage of all A/C/G/T bases [%]
LBC	1	30.39	17.42	20.51	31.69	0.00	0.00
LBC	2	29.34	20.86	20.41	29.39	0.00	0.00
LBC	3	30.34	18.56	22.41	28.69	0.00	0.00
LBC	4	28.99	19.11	20.16	31.74	0.00	0.00
LBC	5	32.49	18.21	20.86	28.44	0.00	0.00
LBC	6	30.74	20.41	19.46	29.39	0.00	0.00
LBC	7	31.04	19.86	19.06	30.04	0.00	0.00
LBC	8	30.29	18.91	19.56	31.24	0.00	0.00
LBC	9	31.84	20.06	18.16	29.94	0.00	0.00
LBC	10	32.44	19.31	17.32	30.94	0.00	0.00
LBC	11	29.94	18.51	19.71	31.84	0.00	0.00
LBC	12	30.79	20.16	18.51	30.54	0.00	0.00
LBC	13	30.14	20.61	19.26	29.99	0.00	0.00
LBC	14	31.09	21.26	18.51	29.14	0.00	0.00
LBC	15	30.09	19.96	19.36	30.59	0.00	0.00
LBC	16	32.04	19.41	18.41	30.14	0.00	0.00
LBC	17	31.09	19.91	20.26	28.74	0.00	0.00
LBC	18	29.74	21.31	19.01	29.94	0.00	0.00
LBC	19	30.54	20.26	17.76	31.44	0.00	0.00
LBC	20	31.84	17.66	16.92	33.58	0.00	0.00
LBC	21	30.44	20.41	18.26	30.89	0.00	0.00
LBC	22	29.99	21.81	17.32	30.89	0.00	0.00
LBC	23	28.99	20.61	19.36	31.04	0.00	0.00
LBC	24	30.69	20.86	18.31	30.14	0.00	0.00
LBC	25	32.04	19.11	17.66	31.19	0.00	0.00
LBC	26	30.19	20.16	19.36	30.29	0.00	0.00
LBC	27	30.49	20.36	18.06	31.09	0.00	0.00
LBC	28	31.54	19.16	19.11	30.19	0.00	0.00
LBC	29	31.34	17.81	21.41	29.44	0.00	0.00
LBC	30	29.79	21.16	20.01	29.04	0.00	0.00
LBC	31	30.89	20.66	19.01	29.44	0.00	0.00
LBC	32	30.09	19.71	19.11	31.09	0.00	0.00
LBC	33	31.24	20.51	19.51	28.74	0.00	0.00
LBC	34	33.23	19.96	17.81	28.99	0.00	0.00
LBC	35	30.99	20.36	18.71	29.94	0.00	0.00
LBC	36	30.29	19.76	19.26	30.69	0.00	0.00
LBC	37	30.24	20.41	18.71	30.64	0.00	0.00
LBC	38	31.94	18.31	19.71	30.04	0.00	0.00
LBC	39	27.50	20.56	20.51	31.44	0.00	0.00
LBC	40	30.74	19.61	20.61	29.04	0.00	0.00
LBC	41	30.99	20.36	18.41	30.24	0.00	0.00
LBC	42	31.54	19.31	19.26	29.89	0.00	0.00
LBC	43	32.53	19.31	19.21	28.94	0.00	0.00
LBC	44	31.54	20.16	18.96	29.34	0.00	0.00
LBC	45	30.49	19.26	18.36	31.89	0.00	0.00
LBC	46	30.79	20.06	18.46	30.69	0.00	0.00
LBC	47	30.64	20.16	19.96	29.24	0.00	0.00
LBC	48	29.54	18.61	20.76	31.09	0.00	0.00
LBC	49	32.44	19.91	18.26	29.39	0.00	0.00
LBC	50	31.14	19.26	18.71	30.89	0.00	0.00
LBC	51	30.84	18.81	19.11	31.24	0.00	0.00
LBC	52	31.89	20.36	19.06	28.69	0.00	0.00
LBC	53	32.53	19.76	18.21	29.49	0.00	0.00
LBC	54	31.29	20.61	17.66	30.44	0.00	0.00
LBC	55	30.54	21.16	18.21	30.09	0.00	0.00
LBC	56	31.99	19.86	19.26	28.89	0.00	0.00
LBC	57	30.14	20.76	18.06	31.04	0.00	0.00
LBC	58	29.54	21.01	20.16	29.29	0.00	0.00
LBC	59	31.09	19.66	18.46	30.79	0.00	0.00
LBC	60	30.59	18.91	19.41	31.09	0.00	0.00
LBC	61	30.64	18.91	18.41	32.04	0.00	0.00
LBC	62	30.59	19.76	18.71	30.94	0.00	0.00
LBC	63	30.99	18.41	19.41	31.19	0.00	0.00
LBC	64	30.39	21.21	17.96	30.44	0.00	0.00
LBC	65	30.44	19.11	18.56	31.89	0.00	0.00
LBC	66	28.94	19.96	20.16	30.94	0.00	0.00
LBC	67	29.54	20.61	19.66	30.19	0.00	0.00
LBC	68	32.53	19.16	18.81	29.49	0.00	0.00
LBC	69	30.64	19.81	18.31	31.24	0.00	0.00
LBC	70	30.99	20.21	17.91	30.89	0.00	0.00
LBC	71	30.59	20.56	18.76	30.09	0.00	0.00
LBC	72	31.24	20.31	18.36	30.09	0.00	0.00
LBC	73	28.74	21.26	19.56	30.44	0.00	0.00
LBC	74	30.09	21.46	17.61	30.84	0.00	0.00
LBC	75	30.39	20.01	19.46	30.14	0.00	0.00
LBC	76	30.59	19.56	18.51	31.34	0.00	0.00
LBC	77	30.89	21.51	17.66	29.94	0.00	0.00
LBC	78	30.54	19.86	18.56	31.04	0.00	0.00
LBC	79	28.04	20.51	19.66	31.79	0.00	0.00
LBC	80	31.09	18.01	17.76	33.13	0.00	0.00
LBC	81	31.14	19.56	17.61	31.69	0.00	0.00
LBC	82	30.29	18.51	18.31	32.88	0.00	0.00
LBC	83	29.49	21.81	18.26	30.44	0.00	0.00
LBC	84	30.94	18.01	19.31	31.74	0.00	0.00
LBC	85	29.74	19.96	19.11	31.19	0.00	0.00
LBC	86	30.29	19.81	19.71	30.19	0.00	0.00
LBC	87	30.94	20.41	18.21	30.44	0.00	0.00
LBC	88	32.78	20.41	18.86	27.94	0.00	0.00
LBC	89	30.89	18.86	19.16	31.09	0.00	0.00
LBC	90	29.64	19.76	18.81	31.79	0.00	0.00
LBC	91	31.69	20.11	17.66	30.54	0.00	0.00
LBC	92	31.74	19.76	16.92	31.59	0.00	0.00
LBC	93	30.79	19.81	17.91	31.49	0.00	0.00
LBC	94	30.89	20.56	19.81	28.74	0.00	0.00
LBC	95	31.14	19.41	17.71	31.74	0.00	0.00
LBC	96	30.54	19.81	19.11	30.54	0.00	0.00
LBC	97	28.94	20.41	18.61	32.04	0.00	0.00
LBC	98	30.69	18.96	19.46	30.89	0.00	0.00
LBC	99	30.94	18.91	19.06	31.09	0.00	0.00
LBC	100	30.89	19.36	18.86	30.89	0.00	0.00
LBC	101	31.59	20.21	17.27	30.94	0.00	0.00
LBC	102	29.79	21.16	18.96	30.09	0.00	0.00
LBC	103	31.64	19.41	18.26	30.69	0.00	0.00
LBC	104	31.94	18.81	18.26	30.99	0.00	0.00
LBC	105	29.24	20.46	19.81	30.49	0.00	0.00
LBC	106	30.54	20.41	19.21	29.84	0.00	0.00
LBC	107	29.79	20.01	19.06	31.14	0.00	0.00
LBC	108	30.49	19.11	18.06	32.34	0.00	0.00
LBC	109	30.64	19.61	18.06	31.69	0.00	0.00
LBC	110	30.14	20.16	20.61	29.09	0.00	0.00
LBC	111	31.09	19.81	19.46	29.64	0.00	0.00
LBC	112	33.08	18.56	18.41	29.94	0.00	0.00
LBC	113	31.09	18.86	19.06	30.99	0.00	0.00
LBC	114	29.54	20.66	19.31	30.49	0.00	0.00
LBC	115	31.89	19.56	19.46	29.09	0.00	0.00
LBC	116	30.89	20.06	18.96	30.09	0.00	0.00
LBC	117	30.99	20.66	18.21	30.14	0.00	0.00
LBC	118	29.54	20.96	18.76	30.74	0.00	0.00
LBC	119	29.54	19.31	19.06	32.09	0.00	0.00
LBC	120	32.09	20.06	19.41	28.44	0.00	0.00
LBC	121	29.29	21.06	18.86	30.79	0.00	0.00
LBC	122	31.04	21.36	16.17	31.44	0.00	0.00
LBC	123	30.14	20.16	18.71	30.99	0.00	0.00
LBC	124	30.29	20.71	18.16	30.84	0.00	0.00
LBC	125	31.59	19.76	17.71	30.94	0.00	0.00
LBC	126	29.89	19.51	18.51	32.09	0.00	0.00
LBC	127	29.54	21.06	17.27	32.14	0.00	0.00
LBC	128	30.79	19.41	18.26	31.54	0.00	0.00
LBC	129	30.59	21.21	19.51	28.69	0.00	0.00
LBC	130	30.04	20.56	18.51	30.89	0.00	0.00
LBC	131	31.04	18.81	17.37	32.78	0.00	0.00
LBC	132	30.24	20.01	18.91	30.84	0.00	0.00
LBC	133	30.34	18.51	19.36	31.79	0.00	0.00
LBC	134	31.94	20.01	18.96	29.09	0.00	0.00
LBC	135	33.23	18.86	17.47	30.44	0.00	0.00
LBC	136	31.29	18.31	19.91	30.49	0.00	0.00
LBC	137	29.89	20.71	19.76	29.64	0.00	0.00
LBC	138	29.44	20.66	17.91	31.99	0.00	0.00
LBC	139	30.34	20.61	18.86	30.19	0.00	0.00
LBC	140	30.59	19.26	19.61	30.54	0.00	0.00
LBC	141	29.59	19.16	19.51	31.74	0.00	0.00
LBC	142	30.24	19.36	18.86	31.54	0.00	0.00
LBC	143	30.49	18.41	20.56	30.54	0.00	0.00
LBC	144	30.99	20.91	16.97	31.14	0.00	0.00
LBC	145	29.54	20.01	19.26	31.19	0.00	0.00
LBC	146	31.24	18.71	19.71	30.34	0.00	0.00
LBC	147	30.34	20.21	18.86	30.59	0.00	0.00
LBC	148	30.99	19.76	19.26	29.99	0.00	0.00
LBC	149	29.89	20.16	18.46	31.49	0.00	0.00
LBC	150	32.14	19.26	18.61	29.99	0.00	0.00
# ACGT raw counters for last fragments. Use `grep ^LTC | cut -f 2-` to extract this part. The columns are: A,C,G,T,N base counters
LTC	92276	59702	56701	91921	0
# Insert sizes. Use `grep ^IS | cut -f 2-` to extract this part. The columns are: insert size, pairs total, inward oriented pairs, outward oriented pairs, other pairs
IS	0	0	0	0	0
IS	1	0	0	0	0
IS	2	0	0	0	0
IS	3	0	0	0	0
IS	4	0	0	0	0
IS	5	0	0	0	0
IS	6	0	0	0	0
IS	7	0	0	0	0
IS	8	0	0	0	0
IS	9	0	0	0	0
IS	10	0	0	0	0
IS	11	0	0	0	0
IS	12	0	0	0	0
IS	13	0	0	0	0
IS	14	0	0	0	0
IS	15	0	0	0	0
IS	16	0	0	0	0
IS	17	0	0	0	0
IS	18	0	0	0	0
IS	19	0	0	0	0
IS	20	0	0	0	0
IS	21	0	0	0	0
IS	22	0	0	0	0
IS	23	0	0	0	0
IS	24	0	0	0	0
IS	25	0	0	0	0
IS	26	0	0	0	0
IS	27	0	0	0	0
IS	28	0	0	0	0
IS	29	0	0	0	0
IS	30	0	0	0	0
IS	31	0	0	0	0
IS	32	0	0	0	0
IS	33	0	0	0	0
IS	34	0	0	0	0
IS	35	0	0	0	0
IS	36	0	0	0	0
IS	37	0	0	0	0
IS	38	0	0	0	0
IS	39	0	0	0	0
IS	40	0	0	0	0
IS	41	0	0	0	0
IS	42	0	0	0	0
IS	43	0	0	0	0
IS	44	0	0	0	0
IS	45	0	0	0	0
IS	46	0	0	0	0
IS	47	0	0	0	0
IS	48	0	0	0	0
IS	49	0	0	0	0
IS	50	0	0	0	0
IS	51	0	0	0	0
IS	52	0	0	0	0
IS	53	0	0	0	0
IS	54	0	0	0	0
IS	55	0	0	0	0
IS	56	0	0	0	0
IS	57	0	0	0	0
IS	58	0	0	0	0
IS	59	0	0	0	0
IS	60	0	0	0	0
IS	61	0	0	0	0
IS	62	0	0	0	0
IS	63	0	0	0	0
IS	64	0	0	0	0
IS	65	0	0	0	0
IS	66	0	0	0	0
IS	67	0	0	0	0
IS	68	0	0	0	0
IS	69	0	0	0	0
IS	70	0	0	0	0
IS	71	0	0	0	0
IS	72	0	0	0	0
IS	73	0	0	0	0
IS	74	0	0	0	0
IS	75	0	0	0	0
IS	76	0	0	0	0
IS	77	0	0	0	0
IS	78	0	0	0	0
IS	79	0	0	0	0
IS	80	0	0	0	0
IS	81	0	0	0	0
IS	82	0	0	0	0
IS	83	0	0	0	0
IS	84	0	0	0	0
IS	85	0	0	0	0
IS	86	0	0	0	0
IS	87	0	0	0	0
IS	88	0	0	0	0
IS	89	0	0	0	0
IS	90	0	0	0	0
IS	91	0	0	0	0
IS	92	0	0	0	0
IS	93	0	0	0	0
IS	94	0	0	0	0
IS	95	0	0	0	0
IS	96	0	0	0	0
IS	97	0	0	0	0
IS	98	0	0	0	0
IS	99	0	0	0	0
IS	100	0	0	0	0
IS	101	0	0	0	0
IS	102	0	0	0	0
IS	103	0	0	0	0
IS	104	0	0	0	0
IS	105	0	0	0	0
IS	106	0	0	0	0
IS	107	0	0	0	0
IS	108	0	0	0	0
IS	109	0	0	0	0
IS	110	0	0	0	0
IS	111	0	0	0	0
IS	112	0	0	0	0
IS	113	0	0	0	0
IS	114	0	0	0	0
IS	115	0	0	0	0
IS	116	0	0	0	0
IS	117	0	0	0	0
IS	118	0	0	0	0
IS	119	0	0	0	0
IS	120	0	0	0	0
IS	121	0	0	0	0
IS	122	0	0	0	0
IS	123	0	0	0	0
IS	124	0	0	0	0
IS	125	0	0	0	0
IS	126	0	0	0	0
IS	127	0	0	0	0
IS	128	0	0	0	0
IS	129	0	0	0	0
IS	130	0	0	0	0
IS	131	0	0	0	0
IS	132	0	0	0	0
IS	133	0	0	0	0
IS	134	0	0	0	0
IS	135	0	0	0	0
IS	136	0	0	0	0
IS	137	0	0	0	0
IS	138	0	0	0	0
IS	139	0	0	0	0
IS	140	0	0	0	0
IS	141	0	0	0	0
IS	142	0	0	0	0
IS	143	0	0	0	0
IS	144	0	0	0	0
IS	145	0	0	0	0
IS	146	0	0	0	0
IS	147	0	0	0	0
IS	148	0	0	0	0
IS	149	0	0	0	0
IS	150	0	0	0	0
IS	151	0	0	0	0
IS	152	0	0	0	0
IS	153	0	0	0	0
IS	154	0	0	0	0
IS	155	0	0	0	0
IS	156	0	0	0	0
IS	157	0	0	0	0
IS	158	0	0	0	0
IS	159	0	0	0	0
IS	160	0	0	0	0
IS	161	0	0	0	0
IS	162	0	0	0	0
IS	163	0	0	0	0
IS	164	0	0	0	0
IS	165	0	0	0	0
IS	166	0	0	0	0
IS	167	0	0	0	0
IS	168	0	0	0	0
IS	169	0	0	0	0
IS	170	0	0	0	0
IS	171	0	0	0	0
IS	172	0	0	0	0
IS	173	0	0	0	0
IS	174	0	0	0	0
IS	175	0	0	0	0
IS	176	0	0	0	0
IS	177	0	0	0	0
IS	178	0	0	0	0
IS	179	0	0	0	0
IS	180	0	0	0	0
IS	181	0	0	0	0
IS	182	0	0	0	0
IS	183	0	0	0	0
IS	184	0	0	0	0
IS	185	0	0	0	0
IS	186	0	0	0	0
IS	187	0	0	0	0
IS	188	0	0	0	0
IS	189	0	0	0	0
IS	190	0	0	0	0
IS	191	0	0	0	0
IS	192	0	0	0	0
IS	193	0	0	0	0
IS	194	0	0	0	0
IS	195	0	0	0	0
IS	196	0	0	0	0
IS	197	0	0	0	0
IS	198	0	0	0	0
IS	199	0	0	0	0
IS	200	0	0	0	0
IS	201	0	0	0	0
IS	202	0	0	0	0
IS	203	0	0	0	0
IS	204	0	0	0	0
IS	205	0	0	0	0
IS	206	0	0	0	0
IS	207	0	0	0	0
IS	208	0	0	0	0
IS	209	0	0	0	0
IS	210	0	0	0	0
IS	211	0	0	0	0
IS	212	0	0	0	0
IS	213	0	0	0	0
IS	214	0	0	0	0
IS	215	0	0	0	0
IS	216	0	0	0	0
IS	217	0	0	0	0
IS	218	0	0	0	0
IS	219	0	0	0	0
IS	220	0	0	0	0
IS	221	0	0	0	0
IS	222	0	0	0	0
IS	223	0	0	0	0
IS	224	0	0	0	0
IS	225	0	0	0	0
IS	226	0	0	0	0
IS	227	0	0	0	0
IS	228	0	0	0	0
IS	229	0	0	0	0
IS	230	0	0	0	0
IS	231	0	0	0	0
IS	232	0	0	0	0
IS	233	0	0	0	0
IS	234	0	0	0	0
IS	235	0	0	0	0
IS	236	0	0	0	0
IS	237	0	0	0	0
IS	238	0	0	0	0
IS	239	0	0	0	0
IS	240	0	0	0	0
IS	241	0	0	0	0
IS	242	0	0	0	0
IS	243	0	0	0	0
IS	244	0	0	0	0
IS	245	0	0	0	0
IS	246	0	0	0	0
IS	247	0	0	0	0
IS	248	0	0	0	0
IS	249	0	0	0	0
IS	250	0	0	0	0
IS	251	0	0	0	0
IS	252	0	0	0	0
IS	253	0	0	0	0
IS	254	0	0	0	0
IS	255	0	0	0	0
IS	256	0	0	0	0
IS	257	0	0	0	0
IS	258	0	0	0	0
IS	259	0	0	0	0
IS	260	0	0	0	0
IS	261	0	0	0	0
IS	262	0	0	0	0
IS	263	0	0	0	0
IS	264	0	0	0	0
IS	265	0	0	0	0
IS	266	0	0	0	0
IS	267	0	0	0	0
IS	268	0	0	0	0
IS	269	0	0	0	0
IS	270	0	0	0	0
IS	271	0	0	0	0
IS	272	0	0	0	0
IS	273	0	0	0	0
IS	274	0	0	0	0
IS	275	0	0	0	0
IS	276	0	0	0	0
IS	277	0	0	0	0
IS	278	0	0	0	0
IS	279	0	0	0	0
IS	280	0	0	0	0
IS	281	0	0	0	0
IS	282	0	0	0	0
IS	283	0	0	0	0
IS	284	0	0	0	0
IS	285	0	0	0	0
IS	286	0	0	0	0
IS	287	0	0	0	0
IS	288	0	0	0	0
IS	289	0	0	0	0
IS	290	0	0	0	0
IS	291	0	0	0	0
IS	292	0	0	0	0
IS	293	0	0	0	0
IS	294	0	0	0	0
IS	295	0	0	0	0
IS	296	0	0	0	0
IS	297	0	0	0	0
IS	298	0	0	0	0
IS	299	0	0	0	0
IS	300	0	0	0	0
IS	301	0	0	0	0
IS	302	0	0	0	0
IS	303	0	0	0	0
IS	304	0	0	0	0
IS	305	0	0	0	0
IS	306	0	0	0	0
IS	307	0	0	0	0
IS	308	0	0	0	0
IS	309	0	0	0	0
IS	310	0	0	0	0
IS	311	0	0	0	0
IS	312	0	0	0	0
IS	313	0	0	0	0
IS	314	0	0	0	0
IS	315	0	0	0	0
IS	316	0	0	0	0
IS	317	0	0	0	0
IS	318	0	0	0	0
IS	319	0	0	0	0
IS	320	0	0	0	0
IS	321	0	0	0	0
IS	322	0	0	0	0
IS	323	0	0	0	0
IS	324	1	1	0	0
IS	325	0	0	0	0
IS	326	0	0	0	0
IS	327	0	0	0	0
IS	328	0	0	0	0
IS	329	0	0	0	0
IS	330	0	0	0	0
IS	331	0	0	0	0
IS	332	0	0	0	0
IS	333	0	0	0	0
IS	334	0	0	0	0
IS	335	0	0	0	0
IS	336	0	0	0	0
IS	337	0	0	0	0
IS	338	0	0	0	0
IS	339	0	0	0	0
IS	340	0	0	0	0
IS	341	0	0	0	0
IS	342	0	0	0	0
IS	343	0	0	0	0
IS	344	0	0	0	0
IS	345	0	0	0	0
IS	346	2	2	0	0
IS	347	0	0	0	0
IS	348	0	0	0	0
IS	349	0	0	0	0
IS	350	0	0	0	0
IS	351	1	1	0	0
IS	352	0	0	0	0
IS	353	1	1	0	0
IS	354	0	0	0	0
IS	355	0	0	0	0
IS	356	0	0	0	0
IS	357	1	1	0	0
IS	358	1	1	0	0
IS	359	0	0	0	0
IS	360	0	0	0	0
IS	361	0	0	0	0
IS	362	1	1	0	0
IS	363	0	0	0	0
IS	364	0	0	0	0
IS	365	0	0	0	0
IS	366	1	1	0	0
IS	367	0	0	0	0
IS	368	0	0	0	0
IS	369	0	0	0	0
IS	370	0	0	0	0
IS	371	0	0	0	0
IS	372	0	0	0	0
IS	373	1	1	0	0
IS	374	0	0	0	0
IS	375	0	0	0	0
IS	376	1	1	0	0
IS	377	1	1	0	0
IS	378	2	2	0	0
IS	379	3	3	0	0
IS	380	1	1	0	0
IS	381	0	0	0	0
IS	382	0	0	0	0
IS	383	1	1	0	0
IS	384	2	2	0	0
IS	385	1	1	0	0
IS	386	3	3	0	0
IS	387	1	1	0	0
IS	388	1	1	0	0
IS	389	1	1	0	0
IS	390	1	1	0	0
IS	391	1	1	0	0
IS	392	1	1	0	0
IS	393	1	1	0	0
IS	394	3	3	0	0
IS	395	2	2	0	0
IS	396	2	2	0	0
IS	397	1	1	0	0
IS	398	4	4	0	0
IS	399	2	2	0	0
IS	400	2	2	0	0
IS	401	1	1	0	0
IS	402	1	1	0	0
IS	403	2	2	0	0
IS	404	2	2	0	0
IS	405	2	2	0	0
IS	406	1	1	0	0
IS	407	4	4	0	0
IS	408	6	6	0	0
IS	409	4	4	0	0
IS	410	3	3	0	0
IS	411	2	2	0	0
IS	412	7	7	0	0
IS	413	4	4	0	0
IS	414	3	3	0	0
IS	415	4	4	0	0
IS	416	2	2	0	0
IS	417	5	5	0	0
IS	418	4	4	0	0
IS	419	4	4	0	0
IS	420	5	5	0	0
IS	421	5	5	0	0
IS	422	3	3	0	0
IS	423	3	3	0	0
IS	424	2	2	0	0
IS	425	8	8	0	0
IS	426	4	4	0	0
IS	427	5	5	0	0
IS	428	4	4	0	0
IS	429	8	8	0	0
IS	430	5	5	0	0
IS	431	6	6	0	0
IS	432	6	6	0	0
IS	433	4	4	0	0
IS	434	5	5	0	0
IS	435	11	11	0	0
IS	436	5	5	0	0
IS	437	8	8	0	0
IS	438	6	6	0	0
IS	439	13	13	0	0
IS	440	14	14	0	0
IS	441	6	6	0	0
IS	442	11	11	0	0
IS	443	5	5	0	0
IS	444	9	9	0	0
IS	445	9	9	0	0
IS	446	9	9	0	0
IS	447	8	8	0	0
IS	448	3	3	0	0
IS	449	9	9	0	0
IS	450	5	5	0	0
IS	451	16	16	0	0
IS	452	10	10	0	0
IS	453	4	4	0	0
IS	454	9	9	0	0
IS	455	11	11	0	0
IS	456	11	11	0	0
IS	457	9	9	0	0
IS	458	13	13	0	0
IS	459	13	13	0	0
IS	460	4	4	0	0
IS	461	14	14	0	0
IS	462	9	9	0	0
IS	463	14	14	0	0
IS	464	9	9	0	0
IS	465	18	18	0	0
IS	466	10	10	0	0
IS	467	7	7	0	0
IS	468	17	17	0	0
IS	469	12	12	0	0
IS	470	13	13	0	0
IS	471	15	15	0	0
IS	472	19	19	0	0
IS	473	20	20	0	0
IS	474	17	17	0	0
IS	475	18	18	0	0
IS	476	23	23	0	0
IS	477	9	9	0	0
IS	478	17	17	0	0
IS	479	20	20	0	0
IS	480	17	17	0	0
IS	481	17	17	0	0
IS	482	19	19	0	0
IS	483	12	12	0	0
IS	484	19	19	0	0
IS	485	19	19	0	0
IS	486	15	15	0	0
IS	487	15	15	0	0
IS	488	13	13	0	0
IS	489	10	10	0	0
IS	490	10	10	0	0
IS	491	15	15	0	0
IS	492	10	10	0	0
IS	493	13	13	0	0
IS	494	14	14	0	0
IS	495	13	13	0	0
IS	496	18	18	0	0
IS	497	14	14	0	0
IS	498	18	18	0	0
IS	499	24	24	0	0
IS	500	20	20	0	0
IS	501	15	15	0	0
IS	502	19	19	0	0
IS	503	19	19	0	0
IS	504	16	16	0	0
IS	505	14	14	0	0
IS	506	16	16	0	0
IS	507	21	21	0	0
IS	508	9	9	0	0
IS	509	13	13	0	0
IS	510	14	14	0	0
IS	511	8	8	0	0
IS	512	10	10	0	0
IS	513	16	16	0	0
IS	514	15	15	0	0
IS	515	18	18	0	0
IS	516	24	24	0	0
IS	517	21	21	0	0
IS	518	19	19	0	0
IS	519	13	13	0	0
IS	520	13	13	0	0
IS	521	11	11	0	0
IS	522	12	12	0	0
IS	523	13	13	0	0
IS	524	15	15	0	0
IS	525	16	16	0	0
IS	526	13	13	0	0
IS	527	9	9	0	0
IS	528	14	14	0	0
IS	529	10	10	0	0
IS	530	11	11	0	0
IS	531	16	16	0	0
IS	532	9	9	0	0
IS	533	14	14	0	0
IS	534	13	13	0	0
IS	535	18	18	0	0
IS	536	9	9	0	0
IS	537	14	14	0	0
IS	538	13	13	0	0
IS	539	7	7	0	0
IS	540	11	11	0	0
IS	541	10	10	0	0
IS	542	7	7	0	0
IS	543	12	12	0	0
IS	544	13	13	0	0
IS	545	7	7	0	0
IS	546	12	12	0	0
IS	547	13	13	0	0
IS	548	9	9	0	0
IS	549	14	14	0	0
IS	550	11	11	0	0
IS	551	7	7	0	0
IS	552	9	9	0	0
IS	553	11	11	0	0
IS	554	7	7	0	0
IS	555	9	9	0	0
IS	556	6	6	0	0
IS	557	9	9	0	0
IS	558	8	8	0	0
IS	559	1	1	0	0
IS	560	8	8	0	0
IS	561	8	8	0	0
IS	562	5	5	0	0
IS	563	10	10	0	0
IS	564	9	9	0	0
IS	565	8	8	0	0
IS	566	7	7	0	0
IS	567	5	5	0	0
IS	568	10	10	0	0
IS	569	6	6	0	0
IS	570	6	6	0	0
IS	571	7	7	0	0
IS	572	9	9	0	0
IS	573	6	6	0	0
IS	574	1	1	0	0
IS	575	6	6	0	0
IS	576	5	5	0	0
IS	577	7	7	0	0
IS	578	4	4	0	0
IS	579	8	8	0	0
IS	580	5	5	0	0
IS	581	7	7	0	0
IS	582	6	6	0	0
IS	583	10	10	0	0
IS	584	0	0	0	0
IS	585	2	2	0	0
IS	586	3	3	0	0
IS	587	3	3	0	0
IS	588	1	1	0	0
IS	589	4	4	0	0
IS	590	1	1	0	0
IS	591	4	4	0	0
IS	592	0	0	0	0
IS	593	2	2	0	0
IS	594	3	3	0	0
IS	595	1	1	0	0
IS	596	3	3	0	0
IS	597	3	3	0	0
IS	598	2	2	0	0
IS	599	4	4	0	0
IS	600	2	2	0	0
IS	601	1	1	0	0
IS	602	1	1	0	0
IS	603	5	5	0	0
IS	604	1	1	0	0
IS	605	3	3	0	0
IS	606	4	4	0	0
IS	607	1	1	0	0
IS	608	1	1	0	0
IS	609	1	1	0	0
IS	610	1	1	0	0
IS	611	5	5	0	0
IS	612	1	1	0	0
IS	613	1	1	0	0
IS	614	1	1	0	0
IS	615	1	1	0	0
# Read lengths. Use `grep ^RL | cut -f 2-` to extract this part. The columns are: read length, count
RL	150	4008
# Read lengths - first fragments. Use `grep ^FRL | cut -f 2-` to extract this part. The columns are: read length, count
FRL	150	2004
# Read lengths - last fragments. Use `grep ^LRL | cut -f 2-` to extract this part. The columns are: read length, count
LRL	150	2004
# Mapping qualities for reads !(UNMAP|SECOND|SUPPL|QCFAIL|DUP). Use `grep ^MAPQ | cut -f 2-` to extract this part. The columns are: mapq, count
MAPQ	0	10
MAPQ	27	12
MAPQ	40	34
MAPQ	41	2
MAPQ	43	1
MAPQ	45	1
MAPQ	48	31
MAPQ	50	2
MAPQ	51	2
MAPQ	52	4
MAPQ	57	14
MAPQ	59	2
MAPQ	60	3893
# Indel distribution. Use `grep ^ID | cut -f 2-` to extract this part. The columns are: length, number of insertions, number of deletions
ID	1	2	0
# Indels per cycle. Use `grep ^IC | cut -f 2-` to extract this part. The columns are: cycle, number of insertions (fwd), .. (rev) , number of deletions (fwd), .. (rev)
IC	19	1	0	0	0
IC	65	1	0	0	0
# Coverage distribution. Use `grep ^COV | cut -f 2-` to extract this part.
COV	[1-1]	1	5830
COV	[2-2]	2	9802
COV	[3-3]	3	13958
COV	[4-4]	4	19224
COV	[5-5]	5	18790
COV	[6-6]	6	17184
COV	[7-7]	7	13228
COV	[8-8]	8	7859
COV	[9-9]	9	4977
COV	[10-10]	10	2823
COV	[11-11]	11	1541
COV	[12-12]	12	729
COV	[13-13]	13	297
COV	[14-14]	14	91
COV	[15-15]	15	41
# GC-depth. Use `grep ^GCD | cut -f 2-` to extract this part. The columns are: GC%, unique sequence percentiles, 10th, 25th, 50th, 75th and 90th depth percentile
GCD	0.0	15.385	0.000	0.000	0.000	0.000	0.000
GCD	37.0	23.077	2.505	2.505	2.505	2.505	2.505
GCD	38.0	61.538	2.505	2.505	2.505	2.505	2.505
GCD	39.0	76.923	2.505	2.505	2.505	2.505	2.505
GCD	40.0	92.308	2.505	2.505	2.505	2.505	2.505
GCD	45.0	100.000	2.505	2.505	2.505	2.505	2.505
