# This file was produced by samtools stats (1.20+htslib-1.21) and can be plotted using plot-bamstats
# This file contains statistics for all reads.
# The command line was:  stats sample3840.sorted.bam
# CHK, Checksum	[2]Read Names	[3]Sequences	[4]Qualities
# CHK, CRC32 of reads which passed filtering followed by addition (32bit overflow)
CHK	831ce28e	d05630e2	00a1675c
# Summary Numbers. Use `grep ^SN | cut -f 2-` to extract this part.
SN	raw total sequences:	4006	# excluding supplementary and secondary reads
SN	filtered sequences:	0
SN	sequences:	4006
SN	is sorted:	1
SN	1st fragments:	2003
SN	last fragments:	2003
SN	reads mapped:	4006
SN	reads mapped and paired:	4006	# paired-end technology bit set + both mates mapped
SN	reads unmapped:	0
SN	reads properly paired:	4006	# proper-pair bit set
SN	reads paired:	4006	# paired-end technology bit set
SN	reads duplicated:	0	# PCR or optical duplicate bit set
SN	reads MQ0:	12	# mapped and MQ=0
SN	reads QC failed:	0
SN	non-primary alignments:	0
SN	supplementary alignments:	0
SN	total length:	600892	# ignores clipping
SN	total first fragment length:	300448	# ignores clipping
SN	total last fragment length:	300444	# ignores clipping
SN	bases mapped:	600892	# ignores clipping
SN	bases mapped (cigar):	600892	# more accurate
SN	bases trimmed:	0
SN	bases duplicated:	0
SN	mismatches:	963	# from NM fields
SN	error rate:	1.602617e-03	# mismatches / bases mapped (cigar)
SN	average length:	150
SN	average first fragment length:	150
SN	average last fragment length:	150
SN	maximum length:	150
SN	maximum first fragment length:	150
SN	maximum last fragment length:	150
SN	average quality:	30.0
SN	insert size average:	499.7
SN	insert size standard deviation:	49.2
SN	inward oriented pairs:	2003
SN	outward oriented pairs:	0
SN	pairs with other orientation:	0
SN	pairs on different chromosomes:	0
SN	percentage of properly paired reads (%):	100.0
# First Fragment Qualities. Use `grep ^FFQ | cut -f 2-` to extract this part.
# Columns correspond to qualities and rows to cycles. First column is the cycle number.
FFQ	1	0	0	0	0	0	0	0	0	0	0	0	0	0	0	0	0	0	0	0	0	0	0	0	0	0	0	0	0	0	0	2003	0
FFQ	2	0	0	0	0	0	0	0	0	0	0	0	0	0	0	0	0	0	0	0	0	0	0	0	0	0	0	0	0	0	0	2003	0
FFQ	3	0	0	0	0	0	0	0	0	0	0	0	0	0	0	0	0	0	0	0	0	0	0	0	0	0	0	0	0	0	0	2003	0
FFQ	4	0	0	0	0	0	0	0	0	0	0	0	0	0	0	0	0	0	0	0	0	0	0	0	0	0	0	0	0	0	0	2003	0
FFQ	5	0	0	0	0	0	0	0	0	0	0	0	0	0	0	0	0	0	0	0	0	0	0	0	0	0	0	0	0	0	0	2003	0
FFQ	6	0	0	0	0	0	0	0	0	0	0	0	0	0	0	0	0	0	0	0	0	0	0	0	0	0	0	0	0	0	0	2003	0
FFQ	7	0	0	0	0	0	0	0	0	0	0	0	0	0	0	0	0	0	0	0	0	0	0	0	0	0	0	0	0	0	0	2003	0
FFQ	8	0	0	0	0	0	0	0	0	0	0	0	0	0	0	0	0	0	0	0	0	0	0	0	0	0	0	0	0	0	0	2003	0
FFQ	9	0	0	0	0	0	0	0	0	0	0	0	0	0	0	0	0	0	0	0	0	0	0	0	0	0	0	0	0	0	0	2003	0
FFQ	10	0	0	0	0	0	0	0	0	0	0	0	0	0	0	0	0	0	0	0	0	0	0	0	0	0	0	0	0	0	0	2003	0
FFQ	11	0	0	0	0	0	0	0	0	0	0	0	0	0	0	0	0	0	0	0	0	0	0	0	0	0	0	0	0	0	0	2003	0
FFQ	12	0	0	0	0	0	0	0	0	0	0	0	0	0	0	0	0	0	0	0	0	0	0	0	0	0	0	0	0	0	0	2003	0
FFQ	13	0	0	0	0	0	0	0	0	0	0	0	0	0	0	0	0	0	0	0	0	0	0	0	0	0	0	0	0	0	0	2003	0
FFQ	14	0	0	0	0	0	0	0	0	0	0	0	0	0	0	0	0	0	0	0	0	0	0	0	0	0	0	0	0	0	0	2003	0
FFQ	15	0	0	0	0	0	0	0	0	0	0	0	0	0	0	0	0	0	0	0	0	0	0	0	0	0	0	0	0	0	0	2003	0
FFQ	16	0	0	0	0	0	0	0	0	0	0	0	0	0	0	0	0	0	0	0	0	0	0	0	0	0	0	0	0	0	0	2003	0
FFQ	17	0	0	0	0	0	0	0	0	0	0	0	0	0	0	0	0	0	0	0	0	0	0	0	0	0	0	0	0	0	0	2003	0
FFQ	18	0	0	0	0	0	0	0	0	0	0	0	0	0	0	0	0	0	0	0	0	0	0	0	0	0	0	0	0	0	0	2003	0
FFQ	19	0	0	0	0	0	0	0	0	0	0	0	0	0	0	0	0	0	0	0	0	0	0	0	0	0	0	0	0	0	0	2003	0
FFQ	20	0	0	0	0	0	0	0	0	0	0	0	0	0	0	0	0	0	0	0	0	0	0	0	0	0	0	0	0	0	0	2003	0
FFQ	21	0	0	0	0	0	0	0	0	0	0	0	0	0	0	0	0	0	0	0	0	0	0	0	0	0	0	0	0	0	0	2003	0
FFQ	22	0	0	0	0	0	0	0	0	0	0	0	0	0	0	0	0	0	0	0	0	0	0	0	0	0	0	0	0	0	0	2003	0
FFQ	23	0	0	0	0	0	0	0	0	0	0	0	0	0	0	0	0	0	0	0	0	0	0	0	0	0	0	0	0	0	0	2003	0
FFQ	24	0	0	0	0	0	0	0	0	0	0	0	0	0	0	0	0	0	0	0	0	0	0	0	0	0	0	0	0	0	0	2003	0
FFQ	25	0	0	0	0	0	0	0	0	0	0	0	0	0	0	0	0	0	0	0	0	0	0	0	0	0	0	0	0	0	0	2003	0
FFQ	26	0	0	0	0	0	0	0	0	0	0	0	0	0	0	0	0	0	0	0	0	0	0	0	0	0	0	0	0	0	0	2003	0
FFQ	27	0	0	0	0	0	0	0	0	0	0	0	0	0	0	0	0	0	0	0	0	0	0	0	0	0	0	0	0	0	0	2003	0
FFQ	28	0	0	0	0	0	0	0	0	0	0	0	0	0	0	0	0	0	0	0	0	0	0	0	0	0	0	0	0	0	0	2003	0
FFQ	29	0	0	0	0	0	0	0	0	0	0	0	0	0	0	0	0	0	0	0	0	0	0	0	0	0	0	0	0	0	0	2003	0
FFQ	30	0	0	0	0	0	0	0	0	0	0	0	0	0	0	0	0	0	0	0	0	0	0	0	0	0	0	0	0	0	0	2003	0
FFQ	31	0	0	0	0	0	0	0	0	0	0	0	0	0	0	0	0	0	0	0	0	0	0	0	0	0	0	0	0	0	0	2003	0
FFQ	32	0	0	0	0	0	0	0	0	0	0	0	0	0	0	0	0	0	0	0	0	0	0	0	0	0	0	0	0	0	0	2003	0
FFQ	33	0	0	0	0	0	0	0	0	0	0	0	0	0	0	0	0	0	0	0	0	0	0	0	0	0	0	0	0	0	0	2003	0
FFQ	34	0	0	0	0	0	0	0	0	0	0	0	0	0	0	0	0	0	0	0	0	0	0	0	0	0	0	0	0	0	0	2003	0
FFQ	35	0	0	0	0	0	0	0	0	0	0	0	0	0	0	0	0	0	0	0	0	0	0	0	0	0	0	0	0	0	0	2003	0
FFQ	36	0	0	0	0	0	0	0	0	0	0	0	0	0	0	0	0	0	0	0	0	0	0	0	0	0	0	0	0	0	0	2003	0
FFQ	37	0	0	0	0	0	0	0	0	0	0	0	0	0	0	0	0	0	0	0	0	0	0	0	0	0	0	0	0	0	0	2003	0
FFQ	38	0	0	0	0	0	0	0	0	0	0	0	0	0	0	0	0	0	0	0	0	0	0	0	0	0	0	0	0	0	0	2003	0
FFQ	39	0	0	0	0	0	0	0	0	0	0	0	0	0	0	0	0	0	0	0	0	0	0	0	0	0	0	0	0	0	0	2003	0
FFQ	40	0	0	0	0	0	0	0	0	0	0	0	0	0	0	0	0	0	0	0	0	0	0	0	0	0	0	0	0	0	0	2003	0
FFQ	41	0	0	0	0	0	0	0	0	0	0	0	0	0	0	0	0	0	0	0	0	0	0	0	0	0	0	0	0	0	0	2003	0
FFQ	42	0	0	0	0	0	0	0	0	0	0	0	0	0	0	0	0	0	0	0	0	0	0	0	0	0	0	0	0	0	0	2003	0
FFQ	43	0	0	0	0	0	0	0	0	0	0	0	0	0	0	0	0	0	0	0	0	0	0	0	0	0	0	0	0	0	0	2003	0
FFQ	44	0	0	0	0	0	0	0	0	0	0	0	0	0	0	0	0	0	0	0	0	0	0	0	0	0	0	0	0	0	0	2003	0
FFQ	45	0	0	0	0	0	0	0	0	0	0	0	0	0	0	0	0	0	0	0	0	0	0	0	0	0	0	0	0	0	0	2003	0
FFQ	46	0	0	0	0	0	0	0	0	0	0	0	0	0	0	0	0	0	0	0	0	0	0	0	0	0	0	0	0	0	0	2003	0
FFQ	47	0	0	0	0	0	0	0	0	0	0	0	0	0	0	0	0	0	0	0	0	0	0	0	0	0	0	0	0	0	0	2003	0
FFQ	48	0	0	0	0	0	0	0	0	0	0	0	0	0	0	0	0	0	0	0	0	0	0	0	0	0	0	0	0	0	0	2003	0
FFQ	49	0	0	0	0	0	0	0	0	0	0	0	0	0	0	0	0	0	0	0	0	0	0	0	0	0	0	0	0	0	0	2003	0
FFQ	50	0	0	0	0	0	0	0	0	0	0	0	0	0	0	0	0	0	0	0	0	0	0	0	0	0	0	0	0	0	0	2003	0
FFQ	51	0	0	0	0	0	0	0	0	0	0	0	0	0	0	0	0	0	0	0	0	0	0	0	0	0	0	0	0	0	0	2003	0
FFQ	52	0	0	0	0	0	0	0	0	0	0	0	0	0	0	0	0	0	0	0	0	0	0	0	0	0	0	0	0	0	0	2003	0
FFQ	53	0	0	0	0	0	0	0	0	0	0	0	0	0	0	0	0	0	0	0	0	0	0	0	0	0	0	0	0	0	0	2003	0
FFQ	54	0	0	0	0	0	0	0	0	0	0	0	0	0	0	0	0	0	0	0	0	0	0	0	0	0	0	0	0	0	0	2003	0
FFQ	55	0	0	0	0	0	0	0	0	0	0	0	0	0	0	0	0	0	0	0	0	0	0	0	0	0	0	0	0	0	0	2003	0
FFQ	56	0	0	0	0	0	0	0	0	0	0	0	0	0	0	0	0	0	0	0	0	0	0	0	0	0	0	0	0	0	0	2003	0
FFQ	57	0	0	0	0	0	0	0	0	0	0	0	0	0	0	0	0	0	0	0	0	0	0	0	0	0	0	0	0	0	0	2003	0
FFQ	58	0	0	0	0	0	0	0	0	0	0	0	0	0	0	0	0	0	0	0	0	0	0	0	0	0	0	0	0	0	0	2003	0
FFQ	59	0	0	0	0	0	0	0	0	0	0	0	0	0	0	0	0	0	0	0	0	0	0	0	0	0	0	0	0	0	0	2003	0
FFQ	60	0	0	0	0	0	0	0	0	0	0	0	0	0	0	0	0	0	0	0	0	0	0	0	0	0	0	0	0	0	0	2003	0
FFQ	61	0	0	0	0	0	0	0	0	0	0	0	0	0	0	0	0	0	0	0	0	0	0	0	0	0	0	0	0	0	0	2003	0
FFQ	62	0	0	0	0	0	0	0	0	0	0	0	0	0	0	0	0	0	0	0	0	0	0	0	0	0	0	0	0	0	0	2003	0
FFQ	63	0	0	0	0	0	0	0	0	0	0	0	0	0	0	0	0	0	0	0	0	0	0	0	0	0	0	0	0	0	0	2003	0
FFQ	64	0	0	0	0	0	0	0	0	0	0	0	0	0	0	0	0	0	0	0	0	0	0	0	0	0	0	0	0	0	0	2003	0
FFQ	65	0	0	0	0	0	0	0	0	0	0	0	0	0	0	0	0	0	0	0	0	0	0	0	0	0	0	0	0	0	0	2003	0
FFQ	66	0	0	0	0	0	0	0	0	0	0	0	0	0	0	0	0	0	0	0	0	0	0	0	0	0	0	0	0	0	0	2003	0
FFQ	67	0	0	0	0	0	0	0	0	0	0	0	0	0	0	0	0	0	0	0	0	0	0	0	0	0	0	0	0	0	0	2003	0
FFQ	68	0	0	0	0	0	0	0	0	0	0	0	0	0	0	0	0	0	0	0	0	0	0	0	0	0	0	0	0	0	0	2003	0
FFQ	69	0	0	0	0	0	0	0	0	0	0	0	0	0	0	0	0	0	0	0	0	0	0	0	0	0	0	0	0	0	0	2003	0
FFQ	70	0	0	0	0	0	0	0	0	0	0	0	0	0	0	0	0	0	0	0	0	0	0	0	0	0	0	0	0	0	0	2003	0
FFQ	71	0	0	0	0	0	0	0	0	0	0	0	0	0	0	0	0	0	0	0	0	0	0	0	0	0	0	0	0	0	0	2003	0
FFQ	72	0	0	0	0	0	0	0	0	0	0	0	0	0	0	0	0	0	0	0	0	0	0	0	0	0	0	0	0	0	0	2003	0
FFQ	73	0	0	0	0	0	0	0	0	0	0	0	0	0	0	0	0	0	0	0	0	0	0	0	0	0	0	0	0	0	0	2003	0
FFQ	74	0	0	0	0	0	0	0	0	0	0	0	0	0	0	0	0	0	0	0	0	0	0	0	0	0	0	0	0	0	0	2003	0
FFQ	75	0	0	0	0	0	0	0	0	0	0	0	0	0	0	0	0	0	0	0	0	0	0	0	0	0	0	0	0	0	0	2003	0
FFQ	76	0	0	0	0	0	0	0	0	0	0	0	0	0	0	0	0	0	0	0	0	0	0	0	0	0	0	0	0	0	0	2003	0
FFQ	77	0	0	0	0	0	0	0	0	0	0	0	0	0	0	0	0	0	0	0	0	0	0	0	0	0	0	0	0	0	0	2003	0
FFQ	78	0	0	0	0	0	0	0	0	0	0	0	0	0	0	0	0	0	0	0	0	0	0	0	0	0	0	0	0	0	0	2003	0
FFQ	79	0	0	0	0	0	0	0	0	0	0	0	0	0	0	0	0	0	0	0	0	0	0	0	0	0	0	0	0	0	0	2003	0
FFQ	80	0	0	0	0	0	0	0	0	0	0	0	0	0	0	0	0	0	0	0	0	0	0	0	0	0	0	0	0	0	0	2003	0
FFQ	81	0	0	0	0	0	0	0	0	0	0	0	0	0	0	0	0	0	0	0	0	0	0	0	0	0	0	0	0	0	0	2003	0
FFQ	82	0	0	0	0	0	0	0	0	0	0	0	0	0	0	0	0	0	0	0	0	0	0	0	0	0	0	0	0	0	0	2003	0
FFQ	83	0	0	0	0	0	0	0	0	0	0	0	0	0	0	0	0	0	0	0	0	0	0	0	0	0	0	0	0	0	0	2003	0
FFQ	84	0	0	0	0	0	0	0	0	0	0	0	0	0	0	0	0	0	0	0	0	0	0	0	0	0	0	0	0	0	0	2003	0
FFQ	85	0	0	0	0	0	0	0	0	0	0	0	0	0	0	0	0	0	0	0	0	0	0	0	0	0	0	0	0	0	0	2003	0
FFQ	86	0	0	0	0	0	0	0	0	0	0	0	0	0	0	0	0	0	0	0	0	0	0	0	0	0	0	0	0	0	0	2003	0
FFQ	87	0	0	0	0	0	0	0	0	0	0	0	0	0	0	0	0	0	0	0	0	0	0	0	0	0	0	0	0	0	0	2003	0
FFQ	88	0	0	0	0	0	0	0	0	0	0	0	0	0	0	0	0	0	0	0	0	0	0	0	0	0	0	0	0	0	0	2003	0
FFQ	89	0	0	0	0	0	0	0	0	0	0	0	0	0	0	0	0	0	0	0	0	0	0	0	0	0	0	0	0	0	0	2003	0
FFQ	90	0	0	0	0	0	0	0	0	0	0	0	0	0	0	0	0	0	0	0	0	0	0	0	0	0	0	0	0	0	0	2003	0
FFQ	91	0	0	0	0	0	0	0	0	0	0	0	0	0	0	0	0	0	0	0	0	0	0	0	0	0	0	0	0	0	0	2003	0
FFQ	92	0	0	0	0	0	0	0	0	0	0	0	0	0	0	0	0	0	0	0	0	0	0	0	0	0	0	0	0	0	0	2003	0
FFQ	93	0	0	0	0	0	0	0	0	0	0	0	0	0	0	0	0	0	0	0	0	0	0	0	0	0	0	0	0	0	0	2003	0
FFQ	94	0	0	0	0	0	0	0	0	0	0	0	0	0	0	0	0	0	0	0	0	0	0	0	0	0	0	0	0	0	0	2003	0
FFQ	95	0	0	0	0	0	0	0	0	0	0	0	0	0	0	0	0	0	0	0	0	0	0	0	0	0	0	0	0	0	0	2003	0
FFQ	96	0	0	0	0	0	0	0	0	0	0	0	0	0	0	0	0	0	0	0	0	0	0	0	0	0	0	0	0	0	0	2003	0
FFQ	97	0	0	0	0	0	0	0	0	0	0	0	0	0	0	0	0	0	0	0	0	0	0	0	0	0	0	0	0	0	0	2003	0
FFQ	98	0	0	0	0	0	0	0	0	0	0	0	0	0	0	0	0	0	0	0	0	0	0	0	0	0	0	0	0	0	0	2003	0
FFQ	99	0	0	0	0	0	0	0	0	0	0	0	0	0	0	0	0	0	0	0	0	0	0	0	0	0	0	0	0	0	0	2003	0
FFQ	100	0	0	0	0	0	0	0	0	0	0	0	0	0	0	0	0	0	0	0	0	0	0	0	0	0	0	0	0	0	0	2003	0
FFQ	101	0	0	0	0	0	0	0	0	0	0	0	0	0	0	0	0	0	0	0	0	0	0	0	0	0	0	0	0	0	0	2003	0
FFQ	102	0	0	0	0	0	0	0	0	0	0	0	0	0	0	0	0	0	0	0	0	0	0	0	0	0	0	0	0	0	0	2003	0
FFQ	103	0	0	0	0	0	0	0	0	0	0	0	0	0	0	0	0	0	0	0	0	0	0	0	0	0	0	0	0	0	0	2003	0
FFQ	104	0	0	0	0	0	0	0	0	0	0	0	0	0	0	0	0	0	0	0	0	0	0	0	0	0	0	0	0	0	0	2003	0
FFQ	105	0	0	0	0	0	0	0	0	0	0	0	0	0	0	0	0	0	0	0	0	0	0	0	0	0	0	0	0	0	0	2003	0
FFQ	106	0	0	0	0	0	0	0	0	0	0	0	0	0	0	0	0	0	0	0	0	0	0	0	0	0	0	0	0	0	0	2003	0
FFQ	107	0	0	0	0	0	0	0	0	0	0	0	0	0	0	0	0	0	0	0	0	0	0	0	0	0	0	0	0	0	0	2003	0
FFQ	108	0	0	0	0	0	0	0	0	0	0	0	0	0	0	0	0	0	0	0	0	0	0	0	0	0	0	0	0	0	0	2003	0
FFQ	109	0	0	0	0	0	0	0	0	0	0	0	0	0	0	0	0	0	0	0	0	0	0	0	0	0	0	0	0	0	0	2003	0
FFQ	110	0	0	0	0	0	0	0	0	0	0	0	0	0	0	0	0	0	0	0	0	0	0	0	0	0	0	0	0	0	0	2003	0
FFQ	111	0	0	0	0	0	0	0	0	0	0	0	0	0	0	0	0	0	0	0	0	0	0	0	0	0	0	0	0	0	0	2003	0
FFQ	112	0	0	0	0	0	0	0	0	0	0	0	0	0	0	0	0	0	0	0	0	0	0	0	0	0	0	0	0	0	0	2003	0
FFQ	113	0	0	0	0	0	0	0	0	0	0	0	0	0	0	0	0	0	0	0	0	0	0	0	0	0	0	0	0	0	0	2003	0
FFQ	114	0	0	0	0	0	0	0	0	0	0	0	0	0	0	0	0	0	0	0	0	0	0	0	0	0	0	0	0	0	0	2003	0
FFQ	115	0	0	0	0	0	0	0	0	0	0	0	0	0	0	0	0	0	0	0	0	0	0	0	0	0	0	0	0	0	0	2003	0
FFQ	116	0	0	0	0	0	0	0	0	0	0	0	0	0	0	0	0	0	0	0	0	0	0	0	0	0	0	0	0	0	0	2003	0
FFQ	117	0	0	0	0	0	0	0	0	0	0	0	0	0	0	0	0	0	0	0	0	0	0	0	0	0	0	0	0	0	0	2003	0
FFQ	118	0	0	0	0	0	0	0	0	0	0	0	0	0	0	0	0	0	0	0	0	0	0	0	0	0	0	0	0	0	0	2003	0
FFQ	119	0	0	0	0	0	0	0	0	0	0	0	0	0	0	0	0	0	0	0	0	0	0	0	0	0	0	0	0	0	0	2003	0
FFQ	120	0	0	0	0	0	0	0	0	0	0	0	0	0	0	0	0	0	0	0	0	0	0	0	0	0	0	0	0	0	0	2003	0
FFQ	121	0	0	0	0	0	0	0	0	0	0	0	0	0	0	0	0	0	0	0	0	0	0	0	0	0	0	0	0	0	0	2003	0
FFQ	122	0	0	0	0	0	0	0	0	0	0	0	0	0	0	0	0	0	0	0	0	0	0	0	0	0	0	0	0	0	0	2003	0
FFQ	123	0	0	0	0	0	0	0	0	0	0	0	0	0	0	0	0	0	0	0	0	0	0	0	0	0	0	0	0	0	0	2003	0
FFQ	124	0	0	0	0	0	0	0	0	0	0	0	0	0	0	0	0	0	0	0	0	0	0	0	0	0	0	0	0	0	0	2003	0
FFQ	125	0	0	0	0	0	0	0	0	0	0	0	0	0	0	0	0	0	0	0	0	0	0	0	0	0	0	0	0	0	0	2003	0
FFQ	126	0	0	0	0	0	0	0	0	0	0	0	0	0	0	0	0	0	0	0	0	0	0	0	0	0	0	0	0	0	0	2003	0
FFQ	127	0	0	0	0	0	0	0	0	0	0	0	0	0	0	0	0	0	0	0	0	0	0	0	0	0	0	0	0	0	0	2003	0
FFQ	128	0	0	0	0	0	0	0	0	0	0	0	0	0	0	0	0	0	0	0	0	0	0	0	0	0	0	0	0	0	0	2003	0
FFQ	129	0	0	0	0	0	0	0	0	0	0	0	0	0	0	0	0	0	0	0	0	0	0	0	0	0	0	0	0	0	0	2003	0
FFQ	130	0	0	0	0	0	0	0	0	0	0	0	0	0	0	0	0	0	0	0	0	0	0	0	0	0	0	0	0	0	0	2003	0
FFQ	131	0	0	0	0	0	0	0	0	0	0	0	0	0	0	0	0	0	0	0	0	0	0	0	0	0	0	0	0	0	0	2003	0
FFQ	132	0	0	0	0	0	0	0	0	0	0	0	0	0	0	0	0	0	0	0	0	0	0	0	0	0	0	0	0	0	0	2003	0
FFQ	133	0	0	0	0	0	0	0	0	0	0	0	0	0	0	0	0	0	0	0	0	0	0	0	0	0	0	0	0	0	0	2003	0
FFQ	134	0	0	0	0	0	0	0	0	0	0	0	0	0	0	0	0	0	0	0	0	0	0	0	0	0	0	0	0	0	0	2003	0
FFQ	135	0	0	0	0	0	0	0	0	0	0	0	0	0	0	0	0	0	0	0	0	0	0	0	0	0	0	0	0	0	0	2003	0
FFQ	136	0	0	0	0	0	0	0	0	0	0	0	0	0	0	0	0	0	0	0	0	0	0	0	0	0	0	0	0	0	0	2003	0
FFQ	137	0	0	0	0	0	0	0	0	0	0	0	0	0	0	0	0	0	0	0	0	0	0	0	0	0	0	0	0	0	0	2003	0
FFQ	138	0	0	0	0	0	0	0	0	0	0	0	0	0	0	0	0	0	0	0	0	0	0	0	0	0	0	0	0	0	0	2003	0
FFQ	139	0	0	0	0	0	0	0	0	0	0	0	0	0	0	0	0	0	0	0	0	0	0	0	0	0	0	0	0	0	0	2003	0
FFQ	140	0	0	0	0	0	0	0	0	0	0	0	0	0	0	0	0	0	0	0	0	0	0	0	0	0	0	0	0	0	0	2003	0
FFQ	141	0	0	0	0	0	0	0	0	0	0	0	0	0	0	0	0	0	0	0	0	0	0	0	0	0	0	0	0	0	0	2003	0
FFQ	142	0	0	0	0	0	0	0	0	0	0	0	0	0	0	0	0	0	0	0	0	0	0	0	0	0	0	0	0	0	0	2003	0
FFQ	143	0	0	0	0	0	0	0	0	0	0	0	0	0	0	0	0	0	0	0	0	0	0	0	0	0	0	0	0	0	0	2003	0
FFQ	144	0	0	0	0	0	0	0	0	0	0	0	0	0	0	0	0	0	0	0	0	0	0	0	0	0	0	0	0	0	0	2003	0
FFQ	145	0	0	0	0	0	0	0	0	0	0	0	0	0	0	0	0	0	0	0	0	0	0	0	0	0	0	0	0	0	0	2003	0
FFQ	146	0	0	0	0	0	0	0	0	0	0	0	0	0	0	0	0	0	0	0	0	0	0	0	0	0	0	0	0	0	0	2003	0
FFQ	147	0	0	0	0	0	0	0	0	0	0	0	0	0	0	0	0	0	0	0	0	0	0	0	0	0	0	0	0	0	0	2003	0
FFQ	148	0	0	0	0	0	0	0	0	0	0	0	0	0	0	0	0	0	0	0	0	0	0	0	0	0	0	0	0	0	0	2003	0
FFQ	149	0	0	0	0	0	0	0	0	0	0	0	0	0	0	0	0	0	0	0	0	0	0	0	0	0	0	0	0	0	0	2002	0
FFQ	150	0	0	0	0	0	0	0	0	0	0	0	0	0	0	0	0	0	0	0	0	0	0	0	0	0	0	0	0	0	0	2002	0
# Last Fragment Qualities. Use `grep ^LFQ | cut -f 2-` to extract this part.
# Columns correspond to qualities and rows to cycles. First column is the cycle number.
LFQ	1	0	0	0	0	0	0	0	0	0	0	0	0	0	0	0	0	0	0	0	0	0	0	0	0	0	0	0	0	0	0	2003	0
LFQ	2	0	0	0	0	0	0	0	0	0	0	0	0	0	0	0	0	0	0	0	0	0	0	0	0	0	0	0	0	0	0	2003	0
LFQ	3	0	0	0	0	0	0	0	0	0	0	0	0	0	0	0	0	0	0	0	0	0	0	0	0	0	0	0	0	0	0	2003	0
LFQ	4	0	0	0	0	0	0	0	0	0	0	0	0	0	0	0	0	0	0	0	0	0	0	0	0	0	0	0	0	0	0	2003	0
LFQ	5	0	0	0	0	0	0	0	0	0	0	0	0	0	0	0	0	0	0	0	0	0	0	0	0	0	0	0	0	0	0	2003	0
LFQ	6	0	0	0	0	0	0	0	0	0	0	0	0	0	0	0	0	0	0	0	0	0	0	0	0	0	0	0	0	0	0	2003	0
LFQ	7	0	0	0	0	0	0	0	0	0	0	0	0	0	0	0	0	0	0	0	0	0	0	0	0	0	0	0	0	0	0	2003	0
LFQ	8	0	0	0	0	0	0	0	0	0	0	0	0	0	0	0	0	0	0	0	0	0	0	0	0	0	0	0	0	0	0	2003	0
LFQ	9	0	0	0	0	0	0	0	0	0	0	0	0	0	0	0	0	0	0	0	0	0	0	0	0	0	0	0	0	0	0	2003	0
LFQ	10	0	0	0	0	0	0	0	0	0	0	0	0	0	0	0	0	0	0	0	0	0	0	0	0	0	0	0	0	0	0	2003	0
LFQ	11	0	0	0	0	0	0	0	0	0	0	0	0	0	0	0	0	0	0	0	0	0	0	0	0	0	0	0	0	0	0	2003	0
LFQ	12	0	0	0	0	0	0	0	0	0	0	0	0	0	0	0	0	0	0	0	0	0	0	0	0	0	0	0	0	0	0	2003	0
LFQ	13	0	0	0	0	0	0	0	0	0	0	0	0	0	0	0	0	0	0	0	0	0	0	0	0	0	0	0	0	0	0	2003	0
LFQ	14	0	0	0	0	0	0	0	0	0	0	0	0	0	0	0	0	0	0	0	0	0	0	0	0	0	0	0	0	0	0	2003	0
LFQ	15	0	0	0	0	0	0	0	0	0	0	0	0	0	0	0	0	0	0	0	0	0	0	0	0	0	0	0	0	0	0	2003	0
LFQ	16	0	0	0	0	0	0	0	0	0	0	0	0	0	0	0	0	0	0	0	0	0	0	0	0	0	0	0	0	0	0	2003	0
LFQ	17	0	0	0	0	0	0	0	0	0	0	0	0	0	0	0	0	0	0	0	0	0	0	0	0	0	0	0	0	0	0	2003	0
LFQ	18	0	0	0	0	0	0	0	0	0	0	0	0	0	0	0	0	0	0	0	0	0	0	0	0	0	0	0	0	0	0	2003	0
LFQ	19	0	0	0	0	0	0	0	0	0	0	0	0	0	0	0	0	0	0	0	0	0	0	0	0	0	0	0	0	0	0	2003	0
LFQ	20	0	0	0	0	0	0	0	0	0	0	0	0	0	0	0	0	0	0	0	0	0	0	0	0	0	0	0	0	0	0	2003	0
LFQ	21	0	0	0	0	0	0	0	0	0	0	0	0	0	0	0	0	0	0	0	0	0	0	0	0	0	0	0	0	0	0	2003	0
LFQ	22	0	0	0	0	0	0	0	0	0	0	0	0	0	0	0	0	0	0	0	0	0	0	0	0	0	0	0	0	0	0	2003	0
LFQ	23	0	0	0	0	0	0	0	0	0	0	0	0	0	0	0	0	0	0	0	0	0	0	0	0	0	0	0	0	0	0	2003	0
LFQ	24	0	0	0	0	0	0	0	0	0	0	0	0	0	0	0	0	0	0	0	0	0	0	0	0	0	0	0	0	0	0	2003	0
LFQ	25	0	0	0	0	0	0	0	0	0	0	0	0	0	0	0	0	0	0	0	0	0	0	0	0	0	0	0	0	0	0	2003	0
LFQ	26	0	0	0	0	0	0	0	0	0	0	0	0	0	0	0	0	0	0	0	0	0	0	0	0	0	0	0	0	0	0	2003	0
LFQ	27	0	0	0	0	0	0	0	0	0	0	0	0	0	0	0	0	0	0	0	0	0	0	0	0	0	0	0	0	0	0	2003	0
LFQ	28	0	0	0	0	0	0	0	0	0	0	0	0	0	0	0	0	0	0	0	0	0	0	0	0	0	0	0	0	0	0	2003	0
LFQ	29	0	0	0	0	0	0	0	0	0	0	0	0	0	0	0	0	0	0	0	0	0	0	0	0	0	0	0	0	0	0	2003	0
LFQ	30	0	0	0	0	0	0	0	0	0	0	0	0	0	0	0	0	0	0	0	0	0	0	0	0	0	0	0	0	0	0	2003	0
LFQ	31	0	0	0	0	0	0	0	0	0	0	0	0	0	0	0	0	0	0	0	0	0	0	0	0	0	0	0	0	0	0	2003	0
LFQ	32	0	0	0	0	0	0	0	0	0	0	0	0	0	0	0	0	0	0	0	0	0	0	0	0	0	0	0	0	0	0	2003	0
LFQ	33	0	0	0	0	0	0	0	0	0	0	0	0	0	0	0	0	0	0	0	0	0	0	0	0	0	0	0	0	0	0	2003	0
LFQ	34	0	0	0	0	0	0	0	0	0	0	0	0	0	0	0	0	0	0	0	0	0	0	0	0	0	0	0	0	0	0	2003	0
LFQ	35	0	0	0	0	0	0	0	0	0	0	0	0	0	0	0	0	0	0	0	0	0	0	0	0	0	0	0	0	0	0	2003	0
LFQ	36	0	0	0	0	0	0	0	0	0	0	0	0	0	0	0	0	0	0	0	0	0	0	0	0	0	0	0	0	0	0	2003	0
LFQ	37	0	0	0	0	0	0	0	0	0	0	0	0	0	0	0	0	0	0	0	0	0	0	0	0	0	0	0	0	0	0	2003	0
LFQ	38	0	0	0	0	0	0	0	0	0	0	0	0	0	0	0	0	0	0	0	0	0	0	0	0	0	0	0	0	0	0	2003	0
LFQ	39	0	0	0	0	0	0	0	0	0	0	0	0	0	0	0	0	0	0	0	0	0	0	0	0	0	0	0	0	0	0	2003	0
LFQ	40	0	0	0	0	0	0	0	0	0	0	0	0	0	0	0	0	0	0	0	0	0	0	0	0	0	0	0	0	0	0	2003	0
LFQ	41	0	0	0	0	0	0	0	0	0	0	0	0	0	0	0	0	0	0	0	0	0	0	0	0	0	0	0	0	0	0	2003	0
LFQ	42	0	0	0	0	0	0	0	0	0	0	0	0	0	0	0	0	0	0	0	0	0	0	0	0	0	0	0	0	0	0	2003	0
LFQ	43	0	0	0	0	0	0	0	0	0	0	0	0	0	0	0	0	0	0	0	0	0	0	0	0	0	0	0	0	0	0	2003	0
LFQ	44	0	0	0	0	0	0	0	0	0	0	0	0	0	0	0	0	0	0	0	0	0	0	0	0	0	0	0	0	0	0	2003	0
LFQ	45	0	0	0	0	0	0	0	0	0	0	0	0	0	0	0	0	0	0	0	0	0	0	0	0	0	0	0	0	0	0	2003	0
LFQ	46	0	0	0	0	0	0	0	0	0	0	0	0	0	0	0	0	0	0	0	0	0	0	0	0	0	0	0	0	0	0	2003	0
LFQ	47	0	0	0	0	0	0	0	0	0	0	0	0	0	0	0	0	0	0	0	0	0	0	0	0	0	0	0	0	0	0	2003	0
LFQ	48	0	0	0	0	0	0	0	0	0	0	0	0	0	0	0	0	0	0	0	0	0	0	0	0	0	0	0	0	0	0	2003	0
LFQ	49	0	0	0	0	0	0	0	0	0	0	0	0	0	0	0	0	0	0	0	0	0	0	0	0	0	0	0	0	0	0	2003	0
LFQ	50	0	0	0	0	0	0	0	0	0	0	0	0	0	0	0	0	0	0	0	0	0	0	0	0	0	0	0	0	0	0	2003	0
LFQ	51	0	0	0	0	0	0	0	0	0	0	0	0	0	0	0	0	0	0	0	0	0	0	0	0	0	0	0	0	0	0	2003	0
LFQ	52	0	0	0	0	0	0	0	0	0	0	0	0	0	0	0	0	0	0	0	0	0	0	0	0	0	0	0	0	0	0	2003	0
LFQ	53	0	0	0	0	0	0	0	0	0	0	0	0	0	0	0	0	0	0	0	0	0	0	0	0	0	0	0	0	0	0	2003	0
LFQ	54	0	0	0	0	0	0	0	0	0	0	0	0	0	0	0	0	0	0	0	0	0	0	0	0	0	0	0	0	0	0	2003	0
LFQ	55	0	0	0	0	0	0	0	0	0	0	0	0	0	0	0	0	0	0	0	0	0	0	0	0	0	0	0	0	0	0	2003	0
LFQ	56	0	0	0	0	0	0	0	0	0	0	0	0	0	0	0	0	0	0	0	0	0	0	0	0	0	0	0	0	0	0	2003	0
LFQ	57	0	0	0	0	0	0	0	0	0	0	0	0	0	0	0	0	0	0	0	0	0	0	0	0	0	0	0	0	0	0	2003	0
LFQ	58	0	0	0	0	0	0	0	0	0	0	0	0	0	0	0	0	0	0	0	0	0	0	0	0	0	0	0	0	0	0	2003	0
LFQ	59	0	0	0	0	0	0	0	0	0	0	0	0	0	0	0	0	0	0	0	0	0	0	0	0	0	0	0	0	0	0	2003	0
LFQ	60	0	0	0	0	0	0	0	0	0	0	0	0	0	0	0	0	0	0	0	0	0	0	0	0	0	0	0	0	0	0	2003	0
LFQ	61	0	0	0	0	0	0	0	0	0	0	0	0	0	0	0	0	0	0	0	0	0	0	0	0	0	0	0	0	0	0	2003	0
LFQ	62	0	0	0	0	0	0	0	0	0	0	0	0	0	0	0	0	0	0	0	0	0	0	0	0	0	0	0	0	0	0	2003	0
LFQ	63	0	0	0	0	0	0	0	0	0	0	0	0	0	0	0	0	0	0	0	0	0	0	0	0	0	0	0	0	0	0	2003	0
LFQ	64	0	0	0	0	0	0	0	0	0	0	0	0	0	0	0	0	0	0	0	0	0	0	0	0	0	0	0	0	0	0	2003	0
LFQ	65	0	0	0	0	0	0	0	0	0	0	0	0	0	0	0	0	0	0	0	0	0	0	0	0	0	0	0	0	0	0	2003	0
LFQ	66	0	0	0	0	0	0	0	0	0	0	0	0	0	0	0	0	0	0	0	0	0	0	0	0	0	0	0	0	0	0	2003	0
LFQ	67	0	0	0	0	0	0	0	0	0	0	0	0	0	0	0	0	0	0	0	0	0	0	0	0	0	0	0	0	0	0	2003	0
LFQ	68	0	0	0	0	0	0	0	0	0	0	0	0	0	0	0	0	0	0	0	0	0	0	0	0	0	0	0	0	0	0	2003	0
LFQ	69	0	0	0	0	0	0	0	0	0	0	0	0	0	0	0	0	0	0	0	0	0	0	0	0	0	0	0	0	0	0	2003	0
LFQ	70	0	0	0	0	0	0	0	0	0	0	0	0	0	0	0	0	0	0	0	0	0	0	0	0	0	0	0	0	0	0	2003	0
LFQ	71	0	0	0	0	0	0	0	0	0	0	0	0	0	0	0	0	0	0	0	0	0	0	0	0	0	0	0	0	0	0	2003	0
LFQ	72	0	0	0	0	0	0	0	0	0	0	0	0	0	0	0	0	0	0	0	0	0	0	0	0	0	0	0	0	0	0	2003	0
LFQ	73	0	0	0	0	0	0	0	0	0	0	0	0	0	0	0	0	0	0	0	0	0	0	0	0	0	0	0	0	0	0	2003	0
LFQ	74	0	0	0	0	0	0	0	0	0	0	0	0	0	0	0	0	0	0	0	0	0	0	0	0	0	0	0	0	0	0	2003	0
LFQ	75	0	0	0	0	0	0	0	0	0	0	0	0	0	0	0	0	0	0	0	0	0	0	0	0	0	0	0	0	0	0	2003	0
LFQ	76	0	0	0	0	0	0	0	0	0	0	0	0	0	0	0	0	0	0	0	0	0	0	0	0	0	0	0	0	0	0	2003	0
LFQ	77	0	0	0	0	0	0	0	0	0	0	0	0	0	0	0	0	0	0	0	0	0	0	0	0	0	0	0	0	0	0	2003	0
LFQ	78	0	0	0	0	0	0	0	0	0	0	0	0	0	0	0	0	0	0	0	0	0	0	0	0	0	0	0	0	0	0	2003	0
LFQ	79	0	0	0	0	0	0	0	0	0	0	0	0	0	0	0	0	0	0	0	0	0	0	0	0	0	0	0	0	0	0	2003	0
LFQ	80	0	0	0	0	0	0	0	0	0	0	0	0	0	0	0	0	0	0	0	0	0	0	0	0	0	0	0	0	0	0	2003	0
LFQ	81	0	0	0	0	0	0	0	0	0	0	0	0	0	0	0	0	0	0	0	0	0	0	0	0	0	0	0	0	0	0	2003	0
LFQ	82	0	0	0	0	0	0	0	0	0	0	0	0	0	0	0	0	0	0	0	0	0	0	0	0	0	0	0	0	0	0	2003	0
LFQ	83	0	0	0	0	0	0	0	0	0	0	0	0	0	0	0	0	0	0	0	0	0	0	0	0	0	0	0	0	0	0	2003	0
LFQ	84	0	0	0	0	0	0	0	0	0	0	0	0	0	0	0	0	0	0	0	0	0	0	0	0	0	0	0	0	0	0	2003	0
LFQ	85	0	0	0	0	0	0	0	0	0	0	0	0	0	0	0	0	0	0	0	0	0	0	0	0	0	0	0	0	0	0	2003	0
LFQ	86	0	0	0	0	0	0	0	0	0	0	0	0	0	0	0	0	0	0	0	0	0	0	0	0	0	0	0	0	0	0	2003	0
LFQ	87	0	0	0	0	0	0	0	0	0	0	0	0	0	0	0	0	0	0	0	0	0	0	0	0	0	0	0	0	0	0	2003	0
LFQ	88	0	0	0	0	0	0	0	0	0	0	0	0	0	0	0	0	0	0	0	0	0	0	0	0	0	0	0	0	0	0	2003	0
LFQ	89	0	0	0	0	0	0	0	0	0	0	0	0	0	0	0	0	0	0	0	0	0	0	0	0	0	0	0	0	0	0	2003	0
LFQ	90	0	0	0	0	0	0	0	0	0	0	0	0	0	0	0	0	0	0	0	0	0	0	0	0	0	0	0	0	0	0	2003	0
LFQ	91	0	0	0	0	0	0	0	0	0	0	0	0	0	0	0	0	0	0	0	0	0	0	0	0	0	0	0	0	0	0	2003	0
LFQ	92	0	0	0	0	0	0	0	0	0	0	0	0	0	0	0	0	0	0	0	0	0	0	0	0	0	0	0	0	0	0	2003	0
LFQ	93	0	0	0	0	0	0	0	0	0	0	0	0	0	0	0	0	0	0	0	0	0	0	0	0	0	0	0	0	0	0	2003	0
LFQ	94	0	0	0	0	0	0	0	0	0	0	0	0	0	0	0	0	0	0	0	0	0	0	0	0	0	0	0	0	0	0	2003	0
LFQ	95	0	0	0	0	0	0	0	0	0	0	0	0	0	0	0	0	0	0	0	0	0	0	0	0	0	0	0	0	0	0	2003	0
LFQ	96	0	0	0	0	0	0	0	0	0	0	0	0	0	0	0	0	0	0	0	0	0	0	0	0	0	0	0	0	0	0	2003	0
LFQ	97	0	0	0	0	0	0	0	0	0	0	0	0	0	0	0	0	0	0	0	0	0	0	0	0	0	0	0	0	0	0	2003	0
LFQ	98	0	0	0	0	0	0	0	0	0	0	0	0	0	0	0	0	0	0	0	0	0	0	0	0	0	0	0	0	0	0	2003	0
LFQ	99	0	0	0	0	0	0	0	0	0	0	0	0	0	0	0	0	0	0	0	0	0	0	0	0	0	0	0	0	0	0	2003	0
LFQ	100	0	0	0	0	0	0	0	0	0	0	0	0	0	0	0	0	0	0	0	0	0	0	0	0	0	0	0	0	0	0	2003	0
LFQ	101	0	0	0	0	0	0	0	0	0	0	0	0	0	0	0	0	0	0	0	0	0	0	0	0	0	0	0	0	0	0	2003	0
LFQ	102	0	0	0	0	0	0	0	0	0	0	0	0	0	0	0	0	0	0	0	0	0	0	0	0	0	0	0	0	0	0	2003	0
LFQ	103	0	0	0	0	0	0	0	0	0	0	0	0	0	0	0	0	0	0	0	0	0	0	0	0	0	0	0	0	0	0	2003	0
LFQ	104	0	0	0	0	0	0	0	0	0	0	0	0	0	0	0	0	0	0	0	0	0	0	0	0	0	0	0	0	0	0	2003	0
LFQ	105	0	0	0	0	0	0	0	0	0	0	0	0	0	0	0	0	0	0	0	0	0	0	0	0	0	0	0	0	0	0	2003	0
LFQ	106	0	0	0	0	0	0	0	0	0	0	0	0	0	0	0	0	0	0	0	0	0	0	0	0	0	0	0	0	0	0	2003	0
LFQ	107	0	0	0	0	0	0	0	0	0	0	0	0	0	0	0	0	0	0	0	0	0	0	0	0	0	0	0	0	0	0	2003	0
LFQ	108	0	0	0	0	0	0	0	0	0	0	0	0	0	0	0	0	0	0	0	0	0	0	0	0	0	0	0	0	0	0	2003	0
LFQ	109	0	0	0	0	0	0	0	0	0	0	0	0	0	0	0	0	0	0	0	0	0	0	0	0	0	0	0	0	0	0	2003	0
LFQ	110	0	0	0	0	0	0	0	0	0	0	0	0	0	0	0	0	0	0	0	0	0	0	0	0	0	0	0	0	0	0	2003	0
LFQ	111	0	0	0	0	0	0	0	0	0	0	0	0	0	0	0	0	0	0	0	0	0	0	0	0	0	0	0	0	0	0	2003	0
LFQ	112	0	0	0	0	0	0	0	0	0	0	0	0	0	0	0	0	0	0	0	0	0	0	0	0	0	0	0	0	0	0	2003	0
LFQ	113	0	0	0	0	0	0	0	0	0	0	0	0	0	0	0	0	0	0	0	0	0	0	0	0	0	0	0	0	0	0	2003	0
LFQ	114	0	0	0	0	0	0	0	0	0	0	0	0	0	0	0	0	0	0	0	0	0	0	0	0	0	0	0	0	0	0	2003	0
LFQ	115	0	0	0	0	0	0	0	0	0	0	0	0	0	0	0	0	0	0	0	0	0	0	0	0	0	0	0	0	0	0	2003	0
LFQ	116	0	0	0	0	0	0	0	0	0	0	0	0	0	0	0	0	0	0	0	0	0	0	0	0	0	0	0	0	0	0	2003	0
LFQ	117	0	0	0	0	0	0	0	0	0	0	0	0	0	0	0	0	0	0	0	0	0	0	0	0	0	0	0	0	0	0	2003	0
LFQ	118	0	0	0	0	0	0	0	0	0	0	0	0	0	0	0	0	0	0	0	0	0	0	0	0	0	0	0	0	0	0	2003	0
LFQ	119	0	0	0	0	0	0	0	0	0	0	0	0	0	0	0	0	0	0	0	0	0	0	0	0	0	0	0	0	0	0	2003	0
LFQ	120	0	0	0	0	0	0	0	0	0	0	0	0	0	0	0	0	0	0	0	0	0	0	0	0	0	0	0	0	0	0	2003	0
LFQ	121	0	0	0	0	0	0	0	0	0	0	0	0	0	0	0	0	0	0	0	0	0	0	0	0	0	0	0	0	0	0	2003	0
LFQ	122	0	0	0	0	0	0	0	0	0	0	0	0	0	0	0	0	0	0	0	0	0	0	0	0	0	0	0	0	0	0	2003	0
LFQ	123	0	0	0	0	0	0	0	0	0	0	0	0	0	0	0	0	0	0	0	0	0	0	0	0	0	0	0	0	0	0	2003	0
LFQ	124	0	0	0	0	0	0	0	0	0	0	0	0	0	0	0	0	0	0	0	0	0	0	0	0	0	0	0	0	0	0	2003	0
LFQ	125	0	0	0	0	0	0	0	0	0	0	0	0	0	0	0	0	0	0	0	0	0	0	0	0	0	0	0	0	0	0	2003	0
LFQ	126	0	0	0	0	0	0	0	0	0	0	0	0	0	0	0	0	0	0	0	0	0	0	0	0	0	0	0	0	0	0	2003	0
LFQ	127	0	0	0	0	0	0	0	0	0	0	0	0	0	0	0	0	0	0	0	0	0	0	0	0	0	0	0	0	0	0	2003	0
LFQ	128	0	0	0	0	0	0	0	0	0	0	0	0	0	0	0	0	0	0	0	0	0	0	0	0	0	0	0	0	0	0	2003	0
LFQ	129	0	0	0	0	0	0	0	0	0	0	0	0	0	0	0	0	0	0	0	0	0	0	0	0	0	0	0	0	0	0	2003	0
LFQ	130	0	0	0	0	0	0	0	0	0	0	0	0	0	0	0	0	0	0	0	0	0	0	0	0	0	0	0	0	0	0	2003	0
LFQ	131	0	0	0	0	0	0	0	0	0	0	0	0	0	0	0	0	0	0	0	0	0	0	0	0	0	0	0	0	0	0	2003	0
LFQ	132	0	0	0	0	0	0	0	0	0	0	0	0	0	0	0	0	0	0	0	0	0	0	0	0	0	0	0	0	0	0	2003	0
LFQ	133	0	0	0	0	0	0	0	0	0	0	0	0	0	0	0	0	0	0	0	0	0	0	0	0	0	0	0	0	0	0	2003	0
LFQ	134	0	0	0	0	0	0	0	0	0	0	0	0	0	0	0	0	0	0	0	0	0	0	0	0	0	0	0	0	0	0	2003	0
LFQ	135	0	0	0	0	0	0	0	0	0	0	0	0	0	0	0	0	0	0	0	0	0	0	0	0	0	0	0	0	0	0	2003	0
LFQ	136	0	0	0	0	0	0	0	0	0	0	0	0	0	0	0	0	0	0	0	0	0	0	0	0	0	0	0	0	0	0	2003	0
LFQ	137	0	0	0	0	0	0	0	0	0	0	0	0	0	0	0	0	0	0	0	0	0	0	0	0	0	0	0	0	0	0	2003	0
LFQ	138	0	0	0	0	0	0	0	0	0	0	0	0	0	0	0	0	0	0	0	0	0	0	0	0	0	0	0	0	0	0	2003	0
LFQ	139	0	0	0	0	0	0	0	0	0	0	0	0	0	0	0	0	0	0	0	0	0	0	0	0	0	0	0	0	0	0	2003	0
LFQ	140	0	0	0	0	0	0	0	0	0	0	0	0	0	0	0	0	0	0	0	0	0	0	0	0	0	0	0	0	0	0	2003	0
LFQ	141	0	0	0	0	0	0	0	0	0	0	0	0	0	0	0	0	0	0	0	0	0	0	0	0	0	0	0	0	0	0	2003	0
LFQ	142	0	0	0	0	0	0	0	0	0	0	0	0	0	0	0	0	0	0	0	0	0	0	0	0	0	0	0	0	0	0	2003	0
LFQ	143	0	0	0	0	0	0	0	0	0	0	0	0	0	0	0	0	0	0	0	0	0	0	0	0	0	0	0	0	0	0	2003	0
LFQ	144	0	0	0	0	0	0	0	0	0	0	0	0	0	0	0	0	0	0	0	0	0	0	0	0	0	0	0	0	0	0	2003	0
LFQ	145	0	0	0	0	0	0	0	0	0	0	0	0	0	0	0	0	0	0	0	0	0	0	0	0	0	0	0	0	0	0	2002	0
LFQ	146	0	0	0	0	0	0	0	0	0	0	0	0	0	0	0	0	0	0	0	0	0	0	0	0	0	0	0	0	0	0	2002	0
LFQ	147	0	0	0	0	0	0	0	0	0	0	0	0	0	0	0	0	0	0	0	0	0	0	0	0	0	0	0	0	0	0	2002	0
LFQ	148	0	0	0	0	0	0	0	0	0	0	0	0	0	0	0	0	0	0	0	0	0	0	0	0	0	0	0	0	0	0	2002	0
LFQ	149	0	0	0	0	0	0	0	0	0	0	0	0	0	0	0	0	0	0	0	0	0	0	0	0	0	0	0	0	0	0	2002	0
LFQ	150	0	0	0	0	0	0	0	0	0	0	0	0	0	0	0	0	0	0	0	0	0	0	0	0	0	0	0	0	0	0	2002	0
# GC Content of first fragments. Use `grep ^GCF | cut -f 2-` to extract this part.
GCF	5.28	0
GCF	10.80	1
GCF	14.32	0
GCF	18.09	1
GCF	18.84	0
GCF	19.35	2
GCF	20.10	1
GCF	20.85	7
GCF	21.36	4
GCF	22.11	3
GCF	22.86	5
GCF	23.37	6
GCF	24.12	15
GCF	24.87	18
GCF	25.38	17
GCF	26.13	13
GCF	26.88	20
GCF	27.39	18
GCF	28.14	33
GCF	28.89	31
GCF	29.40	41
GCF	30.15	47
GCF	30.90	34
GCF	31.41	48
GCF	32.16	45
GCF	32.91	59
GCF	33.42	86
GCF	33.92	65
GCF	34.67	72
GCF	35.43	58
GCF	35.93	67
GCF	36.68	78
GCF	37.44	67
GCF	37.94	57
GCF	38.69	69
GCF	39.45	56
GCF	39.95	87
GCF	40.70	64
GCF	41.46	59
GCF	41.96	56
GCF	42.71	55
GCF	43.47	60
GCF	43.97	55
GCF	44.72	44
GCF	45.48	40
GCF	45.98	37
GCF	46.73	42
GCF	47.49	32
GCF	47.99	45
GCF	48.74	21
GCF	49.50	25
GCF	50.00	22
GCF	50.75	17
GCF	51.51	10
GCF	52.01	9
GCF	52.76	7
GCF	53.77	9
GCF	54.77	7
GCF	55.53	2
GCF	56.78	7
GCF	58.04	8
GCF	58.79	6
GCF	59.55	1
GCF	60.55	2
GCF	63.32	0
GCF	65.58	4
GCF	67.84	0
GCF	70.35	1
# GC Content of last fragments. Use `grep ^GCL | cut -f 2-` to extract this part.
GCL	3.27	0
GCL	6.78	1
GCL	11.06	0
GCL	15.33	1
GCL	16.08	2
GCL	16.83	0
GCL	17.34	1
GCL	18.34	2
GCL	19.35	4
GCL	20.10	3
GCL	20.85	0
GCL	21.36	2
GCL	22.11	8
GCL	22.86	5
GCL	23.37	7
GCL	24.12	12
GCL	24.87	8
GCL	25.38	11
GCL	26.13	26
GCL	26.88	19
GCL	27.39	27
GCL	28.14	32
GCL	28.89	33
GCL	29.40	44
GCL	30.15	40
GCL	30.90	38
GCL	31.41	37
GCL	31.91	62
GCL	32.41	61
GCL	32.91	57
GCL	33.42	53
GCL	33.92	54
GCL	34.67	82
GCL	35.43	85
GCL	35.93	82
GCL	36.68	72
GCL	37.44	88
GCL	37.94	59
GCL	38.69	60
GCL	39.45	54
GCL	39.95	66
GCL	40.70	58
GCL	41.46	68
GCL	41.96	58
GCL	42.71	59
GCL	43.47	48
GCL	43.97	57
GCL	44.97	47
GCL	46.48	33
GCL	47.49	41
GCL	47.99	33
GCL	48.74	29
GCL	49.50	20
GCL	50.00	15
GCL	50.75	14
GCL	51.51	16
GCL	52.01	11
GCL	52.76	8
GCL	53.77	9
GCL	54.77	7
GCL	55.53	10
GCL	56.03	9
GCL	57.04	2
GCL	58.04	3
GCL	58.79	4
GCL	59.80	2
GCL	61.06	1
GCL	62.06	3
GCL	63.07	1
GCL	64.07	2
GCL	65.33	0
GCL	66.58	1
# ACGT content per cycle. Use `grep ^GCC | cut -f 2-` to extract this part. The columns are: cycle; A,C,G,T base counts as a percentage of all A/C/G/T bases [%]; and N and O counts as a percentage of all A/C/G/T bases [%]
GCC	1	31.83	18.80	19.02	30.35	0.00	0.00
GCC	2	30.88	19.27	20.32	29.53	0.00	0.00
GCC	3	30.13	18.17	19.72	31.98	0.00	0.00
GCC	4	30.95	19.77	19.02	30.25	0.00	0.00
GCC	5	30.60	19.80	18.72	30.88	0.00	0.00
GCC	6	30.60	19.57	17.92	31.90	0.00	0.00
GCC	7	30.83	19.92	18.02	31.23	0.00	0.00
GCC	8	31.23	20.57	17.60	30.60	0.00	0.00
GCC	9	31.05	19.87	17.40	31.68	0.00	0.00
GCC	10	30.50	21.19	18.35	29.96	0.00	0.00
GCC	11	30.93	20.04	18.07	30.95	0.00	0.00
GCC	12	30.73	20.59	18.42	30.25	0.00	0.00
GCC	13	30.78	20.27	18.17	30.78	0.00	0.00
GCC	14	30.93	19.27	18.82	30.98	0.00	0.00
GCC	15	31.20	20.42	18.72	29.66	0.00	0.00
GCC	16	32.60	19.57	17.72	30.10	0.00	0.00
GCC	17	30.73	20.59	18.67	30.00	0.00	0.00
GCC	18	31.38	20.27	17.90	30.45	0.00	0.00
GCC	19	30.35	18.90	18.97	31.78	0.00	0.00
GCC	20	30.50	20.62	18.95	29.93	0.00	0.00
GCC	21	31.50	20.27	18.25	29.98	0.00	0.00
GCC	22	31.70	19.57	18.12	30.60	0.00	0.00
GCC	23	30.88	20.02	19.00	30.10	0.00	0.00
GCC	24	30.88	20.32	19.12	29.68	0.00	0.00
GCC	25	31.15	18.42	19.10	31.33	0.00	0.00
GCC	26	31.30	18.22	19.97	30.50	0.00	0.00
GCC	27	31.55	19.40	19.17	29.88	0.00	0.00
GCC	28	30.53	20.29	17.70	31.48	0.00	0.00
GCC	29	30.33	20.14	20.97	28.56	0.00	0.00
GCC	30	30.55	20.44	17.35	31.65	0.00	0.00
GCC	31	30.93	19.62	18.50	30.95	0.00	0.00
GCC	32	31.68	19.90	18.30	30.13	0.00	0.00
GCC	33	31.93	19.85	19.02	29.21	0.00	0.00
GCC	34	32.30	20.02	18.20	29.48	0.00	0.00
GCC	35	31.28	19.55	19.52	29.66	0.00	0.00
GCC	36	30.58	20.67	18.52	30.23	0.00	0.00
GCC	37	31.00	19.82	18.80	30.38	0.00	0.00
GCC	38	30.23	20.44	19.27	30.05	0.00	0.00
GCC	39	30.83	19.35	17.50	32.33	0.00	0.00
GCC	40	31.10	20.04	18.17	30.68	0.00	0.00
GCC	41	29.96	19.85	18.62	31.58	0.00	0.00
GCC	42	31.80	20.00	17.77	30.43	0.00	0.00
GCC	43	30.68	19.05	19.10	31.18	0.00	0.00
GCC	44	30.38	20.57	18.90	30.15	0.00	0.00
GCC	45	31.38	19.42	18.25	30.95	0.00	0.00
GCC	46	30.95	19.20	18.57	31.28	0.00	0.00
GCC	47	31.85	19.77	18.25	30.13	0.00	0.00
GCC	48	31.03	20.49	18.85	29.63	0.00	0.00
GCC	49	31.08	19.80	17.82	31.30	0.00	0.00
GCC	50	30.43	20.07	19.77	29.73	0.00	0.00
GCC	51	30.25	20.17	18.10	31.48	0.00	0.00
GCC	52	30.93	19.75	18.67	30.65	0.00	0.00
GCC	53	30.03	19.82	19.12	31.03	0.00	0.00
GCC	54	30.58	19.85	19.62	29.96	0.00	0.00
GCC	55	30.05	20.09	18.57	31.28	0.00	0.00
GCC	56	30.38	20.64	18.40	30.58	0.00	0.00
GCC	57	29.83	19.60	19.80	30.78	0.00	0.00
GCC	58	30.33	20.44	18.90	30.33	0.00	0.00
GCC	59	30.38	20.84	18.00	30.78	0.00	0.00
GCC	60	30.00	21.19	18.25	30.55	0.00	0.00
GCC	61	32.55	18.47	17.07	31.90	0.00	0.00
GCC	62	31.90	18.92	19.12	30.05	0.00	0.00
GCC	63	29.96	20.32	18.57	31.15	0.00	0.00
GCC	64	32.55	18.77	18.45	30.23	0.00	0.00
GCC	65	29.23	19.25	19.45	32.08	0.00	0.00
GCC	66	31.35	19.47	18.82	30.35	0.00	0.00
GCC	67	31.75	18.70	18.92	30.63	0.00	0.00
GCC	68	31.38	19.80	18.25	30.58	0.00	0.00
GCC	69	31.33	18.07	18.60	32.00	0.00	0.00
GCC	70	30.70	19.55	18.27	31.48	0.00	0.00
GCC	71	30.50	19.65	18.37	31.48	0.00	0.00
GCC	72	28.96	20.52	18.82	31.70	0.00	0.00
GCC	73	31.48	20.04	17.95	30.53	0.00	0.00
GCC	74	31.18	20.42	18.00	30.40	0.00	0.00
GCC	75	30.28	21.19	18.00	30.53	0.00	0.00
GCC	76	31.40	20.22	18.42	29.96	0.00	0.00
GCC	77	31.50	20.00	19.12	29.38	0.00	0.00
GCC	78	29.98	20.77	18.82	30.43	0.00	0.00
GCC	79	30.65	20.57	18.55	30.23	0.00	0.00
GCC	80	31.50	19.02	18.85	30.63	0.00	0.00
GCC	81	31.73	19.02	18.00	31.25	0.00	0.00
GCC	82	31.80	20.14	17.42	30.63	0.00	0.00
GCC	83	30.18	19.50	18.22	32.10	0.00	0.00
GCC	84	31.60	21.19	18.10	29.11	0.00	0.00
GCC	85	31.88	19.55	18.85	29.73	0.00	0.00
GCC	86	30.95	18.70	18.57	31.78	0.00	0.00
GCC	87	32.30	20.14	18.22	29.33	0.00	0.00
GCC	88	32.23	19.57	17.62	30.58	0.00	0.00
GCC	89	30.28	20.09	18.57	31.05	0.00	0.00
GCC	90	30.33	20.12	18.97	30.58	0.00	0.00
GCC	91	30.63	20.49	17.60	31.28	0.00	0.00
GCC	92	31.45	19.70	17.65	31.20	0.00	0.00
GCC	93	30.53	20.39	18.70	30.38	0.00	0.00
GCC	94	31.05	20.34	18.05	30.55	0.00	0.00
GCC	95	31.25	19.00	19.52	30.23	0.00	0.00
GCC	96	30.50	20.54	18.52	30.43	0.00	0.00
GCC	97	30.93	19.37	18.90	30.80	0.00	0.00
GCC	98	31.10	18.57	18.70	31.63	0.00	0.00
GCC	99	30.80	19.65	18.82	30.73	0.00	0.00
GCC	100	31.88	20.02	17.65	30.45	0.00	0.00
GCC	101	30.40	20.52	18.65	30.43	0.00	0.00
GCC	102	30.03	20.47	19.25	30.25	0.00	0.00
GCC	103	30.43	19.25	19.17	31.15	0.00	0.00
GCC	104	31.08	18.37	18.97	31.58	0.00	0.00
GCC	105	31.13	19.77	18.27	30.83	0.00	0.00
GCC	106	30.55	20.24	17.77	31.43	0.00	0.00
GCC	107	31.10	18.70	18.97	31.23	0.00	0.00
GCC	108	30.60	19.52	17.60	32.28	0.00	0.00
GCC	109	31.65	19.25	17.82	31.28	0.00	0.00
GCC	110	31.15	20.00	18.35	30.50	0.00	0.00
GCC	111	31.25	18.90	19.25	30.60	0.00	0.00
GCC	112	31.75	19.85	17.62	30.78	0.00	0.00
GCC	113	28.13	20.79	18.80	32.28	0.00	0.00
GCC	114	30.05	18.77	18.00	33.18	0.00	0.00
GCC	115	29.68	20.12	18.30	31.90	0.00	0.00
GCC	116	30.13	20.07	19.17	30.63	0.00	0.00
GCC	117	30.13	21.17	18.47	30.23	0.00	0.00
GCC	118	30.45	19.77	18.15	31.63	0.00	0.00
GCC	119	29.86	19.82	18.90	31.43	0.00	0.00
GCC	120	30.83	19.92	18.20	31.05	0.00	0.00
GCC	121	29.98	19.72	18.82	31.48	0.00	0.00
GCC	122	29.61	19.32	19.12	31.95	0.00	0.00
GCC	123	31.10	20.42	17.62	30.85	0.00	0.00
GCC	124	31.48	20.32	18.15	30.05	0.00	0.00
GCC	125	30.10	20.64	18.20	31.05	0.00	0.00
GCC	126	31.08	20.69	17.85	30.38	0.00	0.00
GCC	127	31.85	19.50	18.25	30.40	0.00	0.00
GCC	128	31.75	18.65	19.25	30.35	0.00	0.00
GCC	129	31.20	19.95	18.85	30.00	0.00	0.00
GCC	130	30.90	18.82	19.15	31.13	0.00	0.00
GCC	131	29.76	19.90	18.77	31.58	0.00	0.00
GCC	132	30.25	20.47	18.35	30.93	0.00	0.00
GCC	133	30.90	19.72	18.47	30.90	0.00	0.00
GCC	134	29.81	21.24	17.50	31.45	0.00	0.00
GCC	135	30.40	19.90	18.20	31.50	0.00	0.00
GCC	136	30.88	19.12	18.30	31.70	0.00	0.00
GCC	137	30.63	19.22	19.67	30.48	0.00	0.00
GCC	138	31.03	20.32	18.77	29.88	0.00	0.00
GCC	139	31.00	20.92	18.82	29.26	0.00	0.00
GCC	140	31.03	20.00	18.55	30.43	0.00	0.00
GCC	141	30.78	20.62	18.32	30.28	0.00	0.00
GCC	142	31.13	19.70	17.67	31.50	0.00	0.00
GCC	143	31.23	20.52	18.60	29.66	0.00	0.00
GCC	144	31.58	19.80	17.77	30.85	0.00	0.00
GCC	145	30.66	20.15	18.30	30.89	0.00	0.00
GCC	146	31.16	20.40	19.23	29.21	0.00	0.00
GCC	147	31.24	20.47	18.00	30.29	0.00	0.00
GCC	148	32.13	20.07	17.88	29.91	0.00	0.00
GCC	149	29.85	20.35	18.36	31.44	0.00	0.00
GCC	150	32.79	20.23	17.88	29.10	0.00	0.00
# ACGT content per cycle, read oriented. Use `grep ^GCT | cut -f 2-` to extract this part. The columns are: cycle; A,C,G,T base counts as a percentage of all A/C/G/T bases [%]
GCT	1	30.83	17.87	19.95	31.35
GCT	2	29.21	20.47	19.12	31.20
GCT	3	31.23	19.35	18.55	30.88
GCT	4	30.95	19.40	19.40	30.25
GCT	5	31.00	19.42	19.10	30.48
GCT	6	31.10	19.05	18.45	31.40
GCT	7	31.05	18.32	19.62	31.00
GCT	8	30.98	19.65	18.52	30.85
GCT	9	30.98	18.92	18.35	31.75
GCT	10	30.73	19.60	19.95	29.73
GCT	11	31.43	18.97	19.15	30.45
GCT	12	30.53	19.82	19.20	30.45
GCT	13	31.95	19.12	19.32	29.61
GCT	14	29.18	18.00	20.09	32.73
GCT	15	30.48	18.87	20.27	30.38
GCT	16	30.78	18.62	18.67	31.93
GCT	17	30.38	20.07	19.20	30.35
GCT	18	30.90	19.52	18.65	30.93
GCT	19	31.30	19.52	18.35	30.83
GCT	20	30.83	18.77	20.79	29.61
GCT	21	31.60	19.45	19.07	29.88
GCT	22	31.55	18.00	19.70	30.75
GCT	23	31.00	19.27	19.75	29.98
GCT	24	30.55	20.57	18.87	30.00
GCT	25	30.85	19.05	18.47	31.63
GCT	26	31.15	19.65	18.55	30.65
GCT	27	30.35	19.57	19.00	31.08
GCT	28	30.75	18.55	19.45	31.25
GCT	29	28.58	20.57	20.54	30.30
GCT	30	30.48	18.90	18.90	31.73
GCT	31	30.13	18.80	19.32	31.75
GCT	32	30.53	19.02	19.17	31.28
GCT	33	29.96	18.85	20.02	31.18
GCT	34	30.48	19.47	18.75	31.30
GCT	35	30.38	19.62	19.45	30.55
GCT	36	29.53	20.99	18.20	31.28
GCT	37	31.58	19.22	19.40	29.81
GCT	38	30.80	20.00	19.72	29.48
GCT	39	31.55	18.60	18.25	31.60
GCT	40	30.23	18.55	19.67	31.55
GCT	41	31.25	18.82	19.65	30.28
GCT	42	29.51	19.42	18.35	32.73
GCT	43	30.33	19.02	19.12	31.53
GCT	44	30.13	19.55	19.92	30.40
GCT	45	30.43	20.09	17.57	31.90
GCT	46	31.03	18.85	18.92	31.20
GCT	47	30.93	19.27	18.75	31.05
GCT	48	30.70	20.00	19.35	29.96
GCT	49	30.65	18.85	18.77	31.73
GCT	50	29.38	19.25	20.59	30.78
GCT	51	30.78	19.32	18.95	30.95
GCT	52	30.98	19.47	18.95	30.60
GCT	53	29.36	19.57	19.37	31.70
GCT	54	30.03	18.97	20.49	30.50
GCT	55	30.23	18.70	19.97	31.10
GCT	56	31.38	19.97	19.07	29.58
GCT	57	32.08	19.82	19.57	28.53
GCT	58	31.20	19.00	20.34	29.46
GCT	59	30.90	18.90	19.95	30.25
GCT	60	30.53	19.20	20.24	30.03
GCT	61	32.33	17.32	18.22	32.13
GCT	62	31.73	19.42	18.62	30.23
GCT	63	30.28	19.22	19.67	30.83
GCT	64	31.28	18.52	18.70	31.50
GCT	65	29.66	20.09	18.60	31.65
GCT	66	31.38	18.27	20.02	30.33
GCT	67	30.78	19.15	18.47	31.60
GCT	68	30.53	18.17	19.87	31.43
GCT	69	31.50	18.22	18.45	31.83
GCT	70	30.85	19.57	18.25	31.33
GCT	71	31.15	18.27	19.75	30.83
GCT	72	30.43	20.17	19.17	30.23
GCT	73	32.18	18.77	19.22	29.83
GCT	74	30.40	19.12	19.30	31.18
GCT	75	31.33	19.37	19.82	29.48
GCT	76	31.28	19.72	18.92	30.08
GCT	77	29.88	19.40	19.72	31.00
GCT	78	29.71	19.77	19.82	30.70
GCT	79	29.98	20.12	19.00	30.90
GCT	80	31.00	19.40	18.47	31.13
GCT	81	31.48	18.40	18.62	31.50
GCT	82	31.20	18.42	19.15	31.23
GCT	83	30.48	18.97	18.75	31.80
GCT	84	30.15	19.92	19.37	30.55
GCT	85	30.58	18.72	19.67	31.03
GCT	86	31.25	18.27	19.00	31.48
GCT	87	30.35	19.82	18.55	31.28
GCT	88	31.10	18.42	18.77	31.70
GCT	89	29.48	19.62	19.05	31.85
GCT	90	30.38	20.14	18.95	30.53
GCT	91	30.40	19.00	19.10	31.50
GCT	92	30.48	19.25	18.10	32.18
GCT	93	30.40	19.05	20.04	30.50
GCT	94	29.51	18.32	20.07	32.10
GCT	95	30.15	18.77	19.75	31.33
GCT	96	30.70	20.17	18.90	30.23
GCT	97	30.78	20.19	18.07	30.95
GCT	98	30.00	19.35	17.92	32.73
GCT	99	31.18	18.40	20.07	30.35
GCT	100	31.95	19.52	18.15	30.38
GCT	101	30.83	19.92	19.25	30.00
GCT	102	30.58	20.54	19.17	29.71
GCT	103	30.88	19.72	18.70	30.70
GCT	104	31.30	18.27	19.07	31.35
GCT	105	31.08	18.30	19.75	30.88
GCT	106	30.20	18.22	19.80	31.78
GCT	107	31.58	19.05	18.62	30.75
GCT	108	31.55	18.75	18.37	31.33
GCT	109	31.18	18.60	18.47	31.75
GCT	110	31.25	19.47	18.87	30.40
GCT	111	31.93	19.60	18.55	29.93
GCT	112	32.45	19.12	18.35	30.08
GCT	113	29.88	20.07	19.52	30.53
GCT	114	31.63	18.57	18.20	31.60
GCT	115	30.78	19.15	19.27	30.80
GCT	116	30.40	19.57	19.67	30.35
GCT	117	30.65	20.32	19.32	29.71
GCT	118	31.83	19.27	18.65	30.25
GCT	119	31.88	20.12	18.60	29.41
GCT	120	31.13	18.40	19.72	30.75
GCT	121	30.98	19.75	18.80	30.48
GCT	122	31.30	18.55	19.90	30.25
GCT	123	31.15	19.40	18.65	30.80
GCT	124	32.33	19.50	18.97	29.21
GCT	125	30.30	19.92	18.92	30.85
GCT	126	30.23	19.27	19.27	31.23
GCT	127	30.83	17.95	19.80	31.43
GCT	128	31.40	18.32	19.57	30.70
GCT	129	31.00	19.57	19.22	30.20
GCT	130	30.63	18.77	19.20	31.40
GCT	131	31.05	19.12	19.55	30.28
GCT	132	31.63	19.32	19.50	29.56
GCT	133	31.40	19.15	19.05	30.40
GCT	134	31.98	20.74	18.00	29.28
GCT	135	30.05	18.52	19.57	31.85
GCT	136	32.13	18.05	19.37	30.45
GCT	137	30.50	18.62	20.27	30.60
GCT	138	30.70	19.47	19.62	30.20
GCT	139	30.30	20.34	19.40	29.96
GCT	140	30.80	19.40	19.15	30.65
GCT	141	31.28	19.65	19.30	29.78
GCT	142	30.90	19.75	17.62	31.73
GCT	143	31.15	19.87	19.25	29.73
GCT	144	31.08	19.72	17.85	31.35
GCT	145	31.81	19.03	19.43	29.74
GCT	146	30.74	20.00	19.63	29.64
GCT	147	31.46	18.93	19.55	30.06
GCT	148	31.99	18.70	19.25	30.06
GCT	149	30.37	19.21	19.51	30.92
GCT	150	31.64	19.31	18.81	30.24
# ACGT content per cycle for first fragments. Use `grep ^FBC | cut -f 2-` to extract this part. The columns are: cycle; A,C,G,T base counts as a percentage of all A/C/G/T bases [%]; and N and O counts as a percentage of all A/C/G/T bases [%]
FBC	1	30.85	18.57	18.72	31.85	0.00	0.00
FBC	2	31.70	19.77	19.32	29.21	0.00	0.00
FBC	3	29.91	18.72	19.87	31.50	0.00	0.00
FBC	4	30.95	20.37	18.42	30.25	0.00	0.00
FBC	5	29.51	20.82	18.62	31.05	0.00	0.00
FBC	6	30.10	20.32	18.42	31.15	0.00	0.00
FBC	7	30.40	19.47	18.12	32.00	0.00	0.00
FBC	8	30.55	20.42	17.97	31.05	0.00	0.00
FBC	9	31.20	20.12	17.32	31.35	0.00	0.00
FBC	10	30.15	21.12	18.82	29.91	0.00	0.00
FBC	11	30.55	20.32	18.52	30.60	0.00	0.00
FBC	12	30.30	21.07	18.62	30.00	0.00	0.00
FBC	13	31.30	20.47	18.27	29.96	0.00	0.00
FBC	14	29.71	20.57	18.07	31.65	0.00	0.00
FBC	15	30.90	20.37	18.97	29.76	0.00	0.00
FBC	16	31.50	19.77	17.82	30.90	0.00	0.00
FBC	17	30.20	20.72	18.97	30.10	0.00	0.00
FBC	18	31.10	21.12	16.77	31.00	0.00	0.00
FBC	19	28.66	19.82	18.62	32.90	0.00	0.00
FBC	20	29.66	20.52	18.37	31.45	0.00	0.00
FBC	21	30.70	19.77	18.32	31.20	0.00	0.00
FBC	22	31.25	19.57	19.07	30.10	0.00	0.00
FBC	23	31.25	20.52	18.77	29.46	0.00	0.00
FBC	24	31.00	19.82	20.07	29.11	0.00	0.00
FBC	25	29.41	18.87	20.47	31.25	0.00	0.00
FBC	26	31.20	18.47	20.92	29.41	0.00	0.00
FBC	27	30.95	19.02	18.67	31.35	0.00	0.00
FBC	28	30.65	20.72	16.82	31.80	0.00	0.00
FBC	29	30.55	20.77	20.22	28.46	0.00	0.00
FBC	30	30.50	20.52	17.62	31.35	0.00	0.00
FBC	31	30.05	19.62	18.12	32.20	0.00	0.00
FBC	32	31.70	20.47	17.87	29.96	0.00	0.00
FBC	33	31.60	20.87	19.07	28.46	0.00	0.00
FBC	34	33.30	18.87	18.37	29.46	0.00	0.00
FBC	35	32.20	19.57	18.02	30.20	0.00	0.00
FBC	36	31.00	20.42	19.97	28.61	0.00	0.00
FBC	37	33.25	19.92	16.77	30.05	0.00	0.00
FBC	38	30.25	20.92	18.12	30.70	0.00	0.00
FBC	39	30.75	19.82	18.32	31.10	0.00	0.00
FBC	40	31.60	19.92	18.27	30.20	0.00	0.00
FBC	41	29.86	20.22	18.57	31.35	0.00	0.00
FBC	42	31.95	19.52	18.47	30.05	0.00	0.00
FBC	43	30.75	18.87	18.67	31.70	0.00	0.00
FBC	44	30.50	21.57	18.57	29.36	0.00	0.00
FBC	45	30.65	19.87	18.57	30.90	0.00	0.00
FBC	46	30.45	18.77	18.57	32.20	0.00	0.00
FBC	47	32.40	19.72	17.42	30.45	0.00	0.00
FBC	48	31.85	20.52	18.62	29.01	0.00	0.00
FBC	49	30.15	18.77	18.12	32.95	0.00	0.00
FBC	50	30.55	20.67	19.62	29.16	0.00	0.00
FBC	51	30.00	20.52	17.67	31.80	0.00	0.00
FBC	52	30.10	19.72	17.87	32.30	0.00	0.00
FBC	53	30.30	19.27	18.57	31.85	0.00	0.00
FBC	54	29.36	20.42	20.27	29.96	0.00	0.00
FBC	55	30.20	20.02	18.57	31.20	0.00	0.00
FBC	56	29.91	20.22	20.12	29.76	0.00	0.00
FBC	57	29.51	18.22	20.27	32.00	0.00	0.00
FBC	58	29.26	21.12	19.47	30.15	0.00	0.00
FBC	59	29.31	21.72	18.37	30.60	0.00	0.00
FBC	60	30.70	21.87	16.63	30.80	0.00	0.00
FBC	61	31.55	18.87	18.27	31.30	0.00	0.00
FBC	62	30.65	19.52	19.07	30.75	0.00	0.00
FBC	63	30.50	21.02	18.02	30.45	0.00	0.00
FBC	64	33.00	18.77	17.37	30.85	0.00	0.00
FBC	65	30.40	18.52	19.07	32.00	0.00	0.00
FBC	66	31.80	19.12	18.97	30.10	0.00	0.00
FBC	67	32.15	19.07	18.92	29.86	0.00	0.00
FBC	68	31.05	19.72	18.92	30.30	0.00	0.00
FBC	69	31.85	17.62	18.07	32.45	0.00	0.00
FBC	70	30.55	18.22	18.32	32.90	0.00	0.00
FBC	71	29.86	19.27	18.37	32.50	0.00	0.00
FBC	72	28.86	20.42	18.82	31.90	0.00	0.00
FBC	73	30.65	20.77	18.52	30.05	0.00	0.00
FBC	74	32.65	19.57	17.12	30.65	0.00	0.00
FBC	75	29.06	21.52	18.17	31.25	0.00	0.00
FBC	76	31.95	19.77	18.32	29.96	0.00	0.00
FBC	77	31.25	19.97	19.87	28.91	0.00	0.00
FBC	78	30.50	20.57	18.12	30.80	0.00	0.00
FBC	79	30.20	20.47	18.82	30.50	0.00	0.00
FBC	80	30.25	19.92	19.07	30.75	0.00	0.00
FBC	81	32.25	18.47	19.12	30.15	0.00	0.00
FBC	82	31.90	19.22	17.47	31.40	0.00	0.00
FBC	83	30.10	19.62	18.17	32.10	0.00	0.00
FBC	84	31.00	20.97	17.62	30.40	0.00	0.00
FBC	85	30.00	20.22	19.12	30.65	0.00	0.00
FBC	86	32.05	18.72	19.07	30.15	0.00	0.00
FBC	87	31.45	20.22	19.07	29.26	0.00	0.00
FBC	88	32.35	19.02	16.97	31.65	0.00	0.00
FBC	89	30.35	20.97	18.97	29.71	0.00	0.00
FBC	90	30.50	20.62	18.82	30.05	0.00	0.00
FBC	91	30.45	21.42	17.32	30.80	0.00	0.00
FBC	92	32.85	19.37	17.92	29.86	0.00	0.00
FBC	93	29.01	21.77	18.62	30.60	0.00	0.00
FBC	94	30.25	20.77	17.97	31.00	0.00	0.00
FBC	95	31.30	20.37	18.17	30.15	0.00	0.00
FBC	96	30.30	20.27	19.27	30.15	0.00	0.00
FBC	97	31.15	18.72	19.07	31.05	0.00	0.00
FBC	98	30.95	17.97	19.67	31.40	0.00	0.00
FBC	99	29.41	20.22	18.62	31.75	0.00	0.00
FBC	100	30.30	20.42	17.77	31.50	0.00	0.00
FBC	101	29.76	20.17	19.42	30.65	0.00	0.00
FBC	102	30.15	20.62	19.27	29.96	0.00	0.00
FBC	103	29.81	19.27	19.82	31.10	0.00	0.00
FBC	104	29.91	18.77	18.07	33.25	0.00	0.00
FBC	105	31.65	18.37	19.92	30.05	0.00	0.00
FBC	106	31.10	19.77	17.62	31.50	0.00	0.00
FBC	107	30.10	17.82	20.42	31.65	0.00	0.00
FBC	108	29.26	18.72	18.42	33.60	0.00	0.00
FBC	109	31.10	18.77	18.17	31.95	0.00	0.00
FBC	110	30.65	19.97	18.82	30.55	0.00	0.00
FBC	111	32.40	18.62	18.82	30.15	0.00	0.00
FBC	112	31.80	19.07	17.77	31.35	0.00	0.00
FBC	113	27.76	21.32	18.67	32.25	0.00	0.00
FBC	114	29.26	18.82	18.17	33.75	0.00	0.00
FBC	115	30.20	19.67	17.87	32.25	0.00	0.00
FBC	116	30.95	20.47	18.47	30.10	0.00	0.00
FBC	117	29.26	21.12	18.77	30.85	0.00	0.00
FBC	118	29.86	20.97	18.37	30.80	0.00	0.00
FBC	119	30.00	19.92	18.92	31.15	0.00	0.00
FBC	120	32.20	19.62	18.37	29.81	0.00	0.00
FBC	121	30.65	20.97	19.32	29.06	0.00	0.00
FBC	122	29.81	19.77	18.97	31.45	0.00	0.00
FBC	123	31.25	20.72	18.17	29.86	0.00	0.00
FBC	124	30.95	21.22	17.37	30.45	0.00	0.00
FBC	125	30.00	19.57	19.32	31.10	0.00	0.00
FBC	126	29.66	20.77	17.62	31.95	0.00	0.00
FBC	127	32.10	18.72	18.22	30.95	0.00	0.00
FBC	128	31.55	18.42	19.32	30.70	0.00	0.00
FBC	129	31.70	19.57	17.87	30.85	0.00	0.00
FBC	130	31.10	18.22	20.27	30.40	0.00	0.00
FBC	131	30.90	19.17	18.77	31.15	0.00	0.00
FBC	132	30.10	21.12	18.67	30.10	0.00	0.00
FBC	133	31.20	19.52	17.87	31.40	0.00	0.00
FBC	134	31.25	21.22	17.12	30.40	0.00	0.00
FBC	135	29.61	19.97	18.37	32.05	0.00	0.00
FBC	136	31.80	18.27	18.12	31.80	0.00	0.00
FBC	137	31.70	19.42	19.57	29.31	0.00	0.00
FBC	138	31.70	19.82	19.42	29.06	0.00	0.00
FBC	139	30.80	20.62	19.62	28.96	0.00	0.00
FBC	140	31.55	19.37	17.52	31.55	0.00	0.00
FBC	141	30.10	19.67	19.47	30.75	0.00	0.00
FBC	142	29.51	20.77	17.32	32.40	0.00	0.00
FBC	143	30.35	21.22	19.22	29.21	0.00	0.00
FBC	144	30.95	20.32	17.52	31.20	0.00	0.00
FBC	145	30.45	18.82	18.72	32.00	0.00	0.00
FBC	146	31.45	20.37	19.67	28.51	0.00	0.00
FBC	147	31.90	19.32	18.52	30.25	0.00	0.00
FBC	148	33.05	19.92	17.57	29.46	0.00	0.00
FBC	149	30.62	19.83	19.33	30.22	0.00	0.00
FBC	150	33.07	20.53	17.83	28.57	0.00	0.00
# ACGT raw counters for first fragments. Use `grep ^FTC | cut -f 2-` to extract this part. The columns are: A,C,G,T,N base counters
FTC	92439	59802	55795	92412	0
# ACGT content per cycle for last fragments. Use `grep ^LBC | cut -f 2-` to extract this part. The columns are: cycle; A,C,G,T base counts as a percentage of all A/C/G/T bases [%]; and N and O counts as a percentage of all A/C/G/T bases [%]
LBC	1	32.80	19.02	19.32	28.86	0.00	0.00
LBC	2	30.05	18.77	21.32	29.86	0.00	0.00
LBC	3	30.35	17.62	19.57	32.45	0.00	0.00
LBC	4	30.95	19.17	19.62	30.25	0.00	0.00
LBC	5	31.70	18.77	18.82	30.70	0.00	0.00
LBC	6	31.10	18.82	17.42	32.65	0.00	0.00
LBC	7	31.25	20.37	17.92	30.45	0.00	0.00
LBC	8	31.90	20.72	17.22	30.15	0.00	0.00
LBC	9	30.90	19.62	17.47	32.00	0.00	0.00
LBC	10	30.85	21.27	17.87	30.00	0.00	0.00
LBC	11	31.30	19.77	17.62	31.30	0.00	0.00
LBC	12	31.15	20.12	18.22	30.50	0.00	0.00
LBC	13	30.25	20.07	18.07	31.60	0.00	0.00
LBC	14	32.15	17.97	19.57	30.30	0.00	0.00
LBC	15	31.50	20.47	18.47	29.56	0.00	0.00
LBC	16	33.70	19.37	17.62	29.31	0.00	0.00
LBC	17	31.25	20.47	18.37	29.91	0.00	0.00
LBC	18	31.65	19.42	19.02	29.91	0.00	0.00
LBC	19	32.05	17.97	19.32	30.65	0.00	0.00
LBC	20	31.35	20.72	19.52	28.41	0.00	0.00
LBC	21	32.30	20.77	18.17	28.76	0.00	0.00
LBC	22	32.15	19.57	17.17	31.10	0.00	0.00
LBC	23	30.50	19.52	19.22	30.75	0.00	0.00
LBC	24	30.75	20.82	18.17	30.25	0.00	0.00
LBC	25	32.90	17.97	17.72	31.40	0.00	0.00
LBC	26	31.40	17.97	19.02	31.60	0.00	0.00
LBC	27	32.15	19.77	19.67	28.41	0.00	0.00
LBC	28	30.40	19.87	18.57	31.15	0.00	0.00
LBC	29	30.10	19.52	21.72	28.66	0.00	0.00
LBC	30	30.60	20.37	17.07	31.95	0.00	0.00
LBC	31	31.80	19.62	18.87	29.71	0.00	0.00
LBC	32	31.65	19.32	18.72	30.30	0.00	0.00
LBC	33	32.25	18.82	18.97	29.96	0.00	0.00
LBC	34	31.30	21.17	18.02	29.51	0.00	0.00
LBC	35	30.35	19.52	21.02	29.11	0.00	0.00
LBC	36	30.15	20.92	17.07	31.85	0.00	0.00
LBC	37	28.76	19.72	20.82	30.70	0.00	0.00
LBC	38	30.20	19.97	20.42	29.41	0.00	0.00
LBC	39	30.90	18.87	16.67	33.55	0.00	0.00
LBC	40	30.60	20.17	18.07	31.15	0.00	0.00
LBC	41	30.05	19.47	18.67	31.80	0.00	0.00
LBC	42	31.65	20.47	17.07	30.80	0.00	0.00
LBC	43	30.60	19.22	19.52	30.65	0.00	0.00
LBC	44	30.25	19.57	19.22	30.95	0.00	0.00
LBC	45	32.10	18.97	17.92	31.00	0.00	0.00
LBC	46	31.45	19.62	18.57	30.35	0.00	0.00
LBC	47	31.30	19.82	19.07	29.81	0.00	0.00
LBC	48	30.20	20.47	19.07	30.25	0.00	0.00
LBC	49	32.00	20.82	17.52	29.66	0.00	0.00
LBC	50	30.30	19.47	19.92	30.30	0.00	0.00
LBC	51	30.50	19.82	18.52	31.15	0.00	0.00
LBC	52	31.75	19.77	19.47	29.01	0.00	0.00
LBC	53	29.76	20.37	19.67	30.20	0.00	0.00
LBC	54	31.80	19.27	18.97	29.96	0.00	0.00
LBC	55	29.91	20.17	18.57	31.35	0.00	0.00
LBC	56	30.85	21.07	16.67	31.40	0.00	0.00
LBC	57	30.15	20.97	19.32	29.56	0.00	0.00
LBC	58	31.40	19.77	18.32	30.50	0.00	0.00
LBC	59	31.45	19.97	17.62	30.95	0.00	0.00
LBC	60	29.31	20.52	19.87	30.30	0.00	0.00
LBC	61	33.55	18.07	15.88	32.50	0.00	0.00
LBC	62	33.15	18.32	19.17	29.36	0.00	0.00
LBC	63	29.41	19.62	19.12	31.85	0.00	0.00
LBC	64	32.10	18.77	19.52	29.61	0.00	0.00
LBC	65	28.06	19.97	19.82	32.15	0.00	0.00
LBC	66	30.90	19.82	18.67	30.60	0.00	0.00
LBC	67	31.35	18.32	18.92	31.40	0.00	0.00
LBC	68	31.70	19.87	17.57	30.85	0.00	0.00
LBC	69	30.80	18.52	19.12	31.55	0.00	0.00
LBC	70	30.85	20.87	18.22	30.05	0.00	0.00
LBC	71	31.15	20.02	18.37	30.45	0.00	0.00
LBC	72	29.06	20.62	18.82	31.50	0.00	0.00
LBC	73	32.30	19.32	17.37	31.00	0.00	0.00
LBC	74	29.71	21.27	18.87	30.15	0.00	0.00
LBC	75	31.50	20.87	17.82	29.81	0.00	0.00
LBC	76	30.85	20.67	18.52	29.96	0.00	0.00
LBC	77	31.75	20.02	18.37	29.86	0.00	0.00
LBC	78	29.46	20.97	19.52	30.05	0.00	0.00
LBC	79	31.10	20.67	18.27	29.96	0.00	0.00
LBC	80	32.75	18.12	18.62	30.50	0.00	0.00
LBC	81	31.20	19.57	16.87	32.35	0.00	0.00
LBC	82	31.70	21.07	17.37	29.86	0.00	0.00
LBC	83	30.25	19.37	18.27	32.10	0.00	0.00
LBC	84	32.20	21.42	18.57	27.81	0.00	0.00
LBC	85	33.75	18.87	18.57	28.81	0.00	0.00
LBC	86	29.86	18.67	18.07	33.40	0.00	0.00
LBC	87	33.15	20.07	17.37	29.41	0.00	0.00
LBC	88	32.10	20.12	18.27	29.51	0.00	0.00
LBC	89	30.20	19.22	18.17	32.40	0.00	0.00
LBC	90	30.15	19.62	19.12	31.10	0.00	0.00
LBC	91	30.80	19.57	17.87	31.75	0.00	0.00
LBC	92	30.05	20.02	17.37	32.55	0.00	0.00
LBC	93	32.05	19.02	18.77	30.15	0.00	0.00
LBC	94	31.85	19.92	18.12	30.10	0.00	0.00
LBC	95	31.20	17.62	20.87	30.30	0.00	0.00
LBC	96	30.70	20.82	17.77	30.70	0.00	0.00
LBC	97	30.70	20.02	18.72	30.55	0.00	0.00
LBC	98	31.25	19.17	17.72	31.85	0.00	0.00
LBC	99	32.20	19.07	19.02	29.71	0.00	0.00
LBC	100	33.45	19.62	17.52	29.41	0.00	0.00
LBC	101	31.05	20.87	17.87	30.20	0.00	0.00
LBC	102	29.91	20.32	19.22	30.55	0.00	0.00
LBC	103	31.05	19.22	18.52	31.20	0.00	0.00
LBC	104	32.25	17.97	19.87	29.91	0.00	0.00
LBC	105	30.60	21.17	16.63	31.60	0.00	0.00
LBC	106	30.00	20.72	17.92	31.35	0.00	0.00
LBC	107	32.10	19.57	17.52	30.80	0.00	0.00
LBC	108	31.95	20.32	16.77	30.95	0.00	0.00
LBC	109	32.20	19.72	17.47	30.60	0.00	0.00
LBC	110	31.65	20.02	17.87	30.45	0.00	0.00
LBC	111	30.10	19.17	19.67	31.05	0.00	0.00
LBC	112	31.70	20.62	17.47	30.20	0.00	0.00
LBC	113	28.51	20.27	18.92	32.30	0.00	0.00
LBC	114	30.85	18.72	17.82	32.60	0.00	0.00
LBC	115	29.16	20.57	18.72	31.55	0.00	0.00
LBC	116	29.31	19.67	19.87	31.15	0.00	0.00
LBC	117	31.00	21.22	18.17	29.61	0.00	0.00
LBC	118	31.05	18.57	17.92	32.45	0.00	0.00
LBC	119	29.71	19.72	18.87	31.70	0.00	0.00
LBC	120	29.46	20.22	18.02	32.30	0.00	0.00
LBC	121	29.31	18.47	18.32	33.90	0.00	0.00
LBC	122	29.41	18.87	19.27	32.45	0.00	0.00
LBC	123	30.95	20.12	17.07	31.85	0.00	0.00
LBC	124	32.00	19.42	18.92	29.66	0.00	0.00
LBC	125	30.20	21.72	17.07	31.00	0.00	0.00
LBC	126	32.50	20.62	18.07	28.81	0.00	0.00
LBC	127	31.60	20.27	18.27	29.86	0.00	0.00
LBC	128	31.95	18.87	19.17	30.00	0.00	0.00
LBC	129	30.70	20.32	19.82	29.16	0.00	0.00
LBC	130	30.70	19.42	18.02	31.85	0.00	0.00
LBC	131	28.61	20.62	18.77	32.00	0.00	0.00
LBC	132	30.40	19.82	18.02	31.75	0.00	0.00
LBC	133	30.60	19.92	19.07	30.40	0.00	0.00
LBC	134	28.36	21.27	17.87	32.50	0.00	0.00
LBC	135	31.20	19.82	18.02	30.95	0.00	0.00
LBC	136	29.96	19.97	18.47	31.60	0.00	0.00
LBC	137	29.56	19.02	19.77	31.65	0.00	0.00
LBC	138	30.35	20.82	18.12	30.70	0.00	0.00
LBC	139	31.20	21.22	18.02	29.56	0.00	0.00
LBC	140	30.50	20.62	19.57	29.31	0.00	0.00
LBC	141	31.45	21.57	17.17	29.81	0.00	0.00
LBC	142	32.75	18.62	18.02	30.60	0.00	0.00
LBC	143	32.10	19.82	17.97	30.10	0.00	0.00
LBC	144	32.20	19.27	18.02	30.50	0.00	0.00
LBC	145	30.87	21.48	17.88	29.77	0.00	0.00
LBC	146	30.87	20.43	18.78	29.92	0.00	0.00
LBC	147	30.57	21.63	17.48	30.32	0.00	0.00
LBC	148	31.22	20.23	18.18	30.37	0.00	0.00
LBC	149	29.07	20.88	17.38	32.67	0.00	0.00
LBC	150	32.52	19.93	17.93	29.62	0.00	0.00
# ACGT raw counters for last fragments. Use `grep ^LTC | cut -f 2-` to extract this part. The columns are: A,C,G,T,N base counters
LTC	93219	59601	55481	92143	0
# Insert sizes. Use `grep ^IS | cut -f 2-` to extract this part. The columns are: insert size, pairs total, inward oriented pairs, outward oriented pairs, other pairs
IS	0	0	0	0	0
IS	1	0	0	0	0
IS	2	0	0	0	0
IS	3	0	0	0	0
IS	4	0	0	0	0
IS	5	0	0	0	0
IS	6	0	0	0	0
IS	7	0	0	0	0
IS	8	0	0	0	0
IS	9	0	0	0	0
IS	10	0	0	0	0
IS	11	0	0	0	0
IS	12	0	0	0	0
IS	13	0	0	0	0
IS	14	0	0	0	0
IS	15	0	0	0	0
IS	16	0	0	0	0
IS	17	0	0	0	0
IS	18	0	0	0	0
IS	19	0	0	0	0
IS	20	0	0	0	0
IS	21	0	0	0	0
IS	22	0	0	0	0
IS	23	0	0	0	0
IS	24	0	0	0	0
IS	25	0	0	0	0
IS	26	0	0	0	0
IS	27	0	0	0	0
IS	28	0	0	0	0
IS	29	0	0	0	0
IS	30	0	0	0	0
IS	31	0	0	0	0
IS	32	0	0	0	0
IS	33	0	0	0	0
IS	34	0	0	0	0
IS	35	0	0	0	0
IS	36	0	0	0	0
IS	37	0	0	0	0
IS	38	0	0	0	0
IS	39	0	0	0	0
IS	40	0	0	0	0
IS	41	0	0	0	0
IS	42	0	0	0	0
IS	43	0	0	0	0
IS	44	0	0	0	0
IS	45	0	0	0	0
IS	46	0	0	0	0
IS	47	0	0	0	0
IS	48	0	0	0	0
IS	49	0	0	0	0
IS	50	0	0	0	0
IS	51	0	0	0	0
IS	52	0	0	0	0
IS	53	0	0	0	0
IS	54	0	0	0	0
IS	55	0	0	0	0
IS	56	0	0	0	0
IS	57	0	0	0	0
IS	58	0	0	0	0
IS	59	0	0	0	0
IS	60	0	0	0	0
IS	61	0	0	0	0
IS	62	0	0	0	0
IS	63	0	0	0	0
IS	64	0	0	0	0
IS	65	0	0	0	0
IS	66	0	0	0	0
IS	67	0	0	0	0
IS	68	0	0	0	0
IS	69	0	0	0	0
IS	70	0	0	0	0
IS	71	0	0	0	0
IS	72	0	0	0	0
IS	73	0	0	0	0
IS	74	0	0	0	0
IS	75	0	0	0	0
IS	76	0	0	0	0
IS	77	0	0	0	0
IS	78	0	0	0	0
IS	79	0	0	0	0
IS	80	0	0	0	0
IS	81	0	0	0	0
IS	82	0	0	0	0
IS	83	0	0	0	0
IS	84	0	0	0	0
IS	85	0	0	0	0
IS	86	0	0	0	0
IS	87	0	0	0	0
IS	88	0	0	0	0
IS	89	0	0	0	0
IS	90	0	0	0	0
IS	91	0	0	0	0
IS	92	0	0	0	0
IS	93	0	0	0	0
IS	94	0	0	0	0
IS	95	0	0	0	0
IS	96	0	0	0	0
IS	97	0	0	0	0
IS	98	0	0	0	0
IS	99	0	0	0	0
IS	100	0	0	0	0
IS	101	0	0	0	0
IS	102	0	0	0	0
IS	103	0	0	0	0
IS	104	0	0	0	0
IS	105	0	0	0	0
IS	106	0	0	0	0
IS	107	0	0	0	0
IS	108	0	0	0	0
IS	109	0	0	0	0
IS	110	0	0	0	0
IS	111	0	0	0	0
IS	112	0	0	0	0
IS	113	0	0	0	0
IS	114	0	0	0	0
IS	115	0	0	0	0
IS	116	0	0	0	0
IS	117	0	0	0	0
IS	118	0	0	0	0
IS	119	0	0	0	0
IS	120	0	0	0	0
IS	121	0	0	0	0
IS	122	0	0	0	0
IS	123	0	0	0	0
IS	124	0	0	0	0
IS	125	0	0	0	0
IS	126	0	0	0	0
IS	127	0	0	0	0
IS	128	0	0	0	0
IS	129	0	0	0	0
IS	130	0	0	0	0
IS	131	0	0	0	0
IS	132	0	0	0	0
IS	133	0	0	0	0
IS	134	0	0	0	0
IS	135	0	0	0	0
IS	136	0	0	0	0
IS	137	0	0	0	0
IS	138	0	0	0	0
IS	139	0	0	0	0
IS	140	0	0	0	0
IS	141	0	0	0	0
IS	142	0	0	0	0
IS	143	0	0	0	0
IS	144	0	0	0	0
IS	145	0	0	0	0
IS	146	0	0	0	0
IS	147	0	0	0	0
IS	148	0	0	0	0
IS	149	0	0	0	0
IS	150	0	0	0	0
IS	151	0	0	0	0
IS	152	0	0	0	0
IS	153	0	0	0	0
IS	154	0	0	0	0
IS	155	0	0	0	0
IS	156	0	0	0	0
IS	157	0	0	0	0
IS	158	0	0	0	0
IS	159	0	0	0	0
IS	160	0	0	0	0
IS	161	0	0	0	0
IS	162	0	0	0	0
IS	163	0	0	0	0
IS	164	0	0	0	0
IS	165	0	0	0	0
IS	166	0	0	0	0
IS	167	0	0	0	0
IS	168	0	0	0	0
IS	169	0	0	0	0
IS	170	0	0	0	0
IS	171	0	0	0	0
IS	172	0	0	0	0
IS	173	0	0	0	0
IS	174	0	0	0	0
IS	175	0	0	0	0
IS	176	0	0	0	0
IS	177	0	0	0	0
IS	178	0	0	0	0
IS	179	0	0	0	0
IS	180	0	0	0	0
IS	181	0	0	0	0
IS	182	0	0	0	0
IS	183	0	0	0	0
IS	184	0	0	0	0
IS	185	0	0	0	0
IS	186	0	0	0	0
IS	187	0	0	0	0
IS	188	0	0	0	0
IS	189	0	0	0	0
IS	190	0	0	0	0
IS	191	0	0	0	0
IS	192	0	0	0	0
IS	193	0	0	0	0
IS	194	0	0	0	0
IS	195	0	0	0	0
IS	196	0	0	0	0
IS	197	0	0	0	0
IS	198	0	0	0	0
IS	199	0	0	0	0
IS	200	0	0	0	0
IS	201	0	0	0	0
IS	202	0	0	0	0
IS	203	0	0	0	0
IS	204	0	0	0	0
IS	205	0	0	0	0
IS	206	0	0	0	0
IS	207	0	0	0	0
IS	208	0	0	0	0
IS	209	0	0	0	0
IS	210	0	0	0	0
IS	211	0	0	0	0
IS	212	0	0	0	0
IS	213	0	0	0	0
IS	214	0	0	0	0
IS	215	0	0	0	0
IS	216	0	0	0	0
IS	217	0	0	0	0
IS	218	0	0	0	0
IS	219	0	0	0	0
IS	220	0	0	0	0
IS	221	0	0	0	0
IS	222	0	0	0	0
IS	223	0	0	0	0
IS	224	0	0	0	0
IS	225	0	0	0	0
IS	226	0	0	0	0
IS	227	0	0	0	0
IS	228	0	0	0	0
IS	229	0	0	0	0
IS	230	0	0	0	0
IS	231	0	0	0	0
IS	232	0	0	0	0
IS	233	0	0	0	0
IS	234	0	0	0	0
IS	235	0	0	0	0
IS	236	0	0	0	0
IS	237	0	0	0	0
IS	238	0	0	0	0
IS	239	0	0	0	0
IS	240	0	0	0	0
IS	241	0	0	0	0
IS	242	0	0	0	0
IS	243	0	0	0	0
IS	244	0	0	0	0
IS	245	0	0	0	0
IS	246	0	0	0	0
IS	247	0	0	0	0
IS	248	0	0	0	0
IS	249	0	0	0	0
IS	250	0	0	0	0
IS	251	0	0	0	0
IS	252	0	0	0	0
IS	253	0	0	0	0
IS	254	0	0	0	0
IS	255	0	0	0	0
IS	256	0	0	0	0
IS	257	0	0	0	0
IS	258	0	0	0	0
IS	259	0	0	0	0
IS	260	0	0	0	0
IS	261	0	0	0	0
IS	262	0	0	0	0
IS	263	0	0	0	0
IS	264	0	0	0	0
IS	265	0	0	0	0
IS	266	0	0	0	0
IS	267	0	0	0	0
IS	268	0	0	0	0
IS	269	0	0	0	0
IS	270	0	0	0	0
IS	271	0	0	0	0
IS	272	0	0	0	0
IS	273	0	0	0	0
IS	274	0	0	0	0
IS	275	0	0	0	0
IS	276	0	0	0	0
IS	277	0	0	0	0
IS	278	0	0	0	0
IS	279	0	0	0	0
IS	280	0	0	0	0
IS	281	0	0	0	0
IS	282	0	0	0	0
IS	283	0	0	0	0
IS	284	0	0	0	0
IS	285	0	0	0	0
IS	286	0	0	0	0
IS	287	0	0	0	0
IS	288	0	0	0	0
IS	289	0	0	0	0
IS	290	0	0	0	0
IS	291	0	0	0	0
IS	292	0	0	0	0
IS	293	0	0	0	0
IS	294	0	0	0	0
IS	295	0	0	0	0
IS	296	0	0	0	0
IS	297	0	0	0	0
IS	298	0	0	0	0
IS	299	0	0	0	0
IS	300	0	0	0	0
IS	301	0	0	0	0
IS	302	0	0	0	0
IS	303	0	0	0	0
IS	304	0	0	0	0
IS	305	0	0	0	0
IS	306	0	0	0	0
IS	307	0	0	0	0
IS	308	0	0	0	0
IS	309	0	0	0	0
IS	310	0	0	0	0
IS	311	0	0	0	0
IS	312	0	0	0	0
IS	313	0	0	0	0
IS	314	0	0	0	0
IS	315	0	0	0	0
IS	316	0	0	0	0
IS	317	0	0	0	0
IS	318	0	0	0	0
IS	319	0	0	0	0
IS	320	0	0	0	0
IS	321	0	0	0	0
IS	322	0	0	0	0
IS	323	0	0	0	0
IS	324	0	0	0	0
IS	325	0	0	0	0
IS	326	0	0	0	0
IS	327	0	0	0	0
IS	328	0	0	0	0
IS	329	1	1	0	0
IS	330	0	0	0	0
IS	331	1	1	0	0
IS	332	0	0	0	0
IS	333	0	0	0	0
IS	334	0	0	0	0
IS	335	0	0	0	0
IS	336	0	0	0	0
IS	337	0	0	0	0
IS	338	0	0	0	0
IS	339	0	0	0	0
IS	340	0	0	0	0
IS	341	0	0	0	0
IS	342	0	0	0	0
IS	343	0	0	0	0
IS	344	0	0	0	0
IS	345	0	0	0	0
IS	346	0	0	0	0
IS	347	1	1	0	0
IS	348	0	0	0	0
IS	349	1	1	0	0
IS	350	1	1	0	0
IS	351	0	0	0	0
IS	352	0	0	0	0
IS	353	0	0	0	0
IS	354	1	1	0	0
IS	355	0	0	0	0
IS	356	0	0	0	0
IS	357	1	1	0	0
IS	358	0	0	0	0
IS	359	0	0	0	0
IS	360	1	1	0	0
IS	361	0	0	0	0
IS	362	0	0	0	0
IS	363	0	0	0	0
IS	364	1	1	0	0
IS	365	0	0	0	0
IS	366	0	0	0	0
IS	367	1	1	0	0
IS	368	0	0	0	0
IS	369	0	0	0	0
IS	370	0	0	0	0
IS	371	1	1	0	0
IS	372	2	2	0	0
IS	373	0	0	0	0
IS	374	0	0	0	0
IS	375	1	1	0	0
IS	376	0	0	0	0
IS	377	0	0	0	0
IS	378	2	2	0	0
IS	379	1	1	0	0
IS	380	3	3	0	0
IS	381	1	1	0	0
IS	382	1	1	0	0
IS	383	0	0	0	0
IS	384	3	3	0	0
IS	385	0	0	0	0
IS	386	0	0	0	0
IS	387	3	3	0	0
IS	388	2	2	0	0
IS	389	0	0	0	0
IS	390	1	1	0	0
IS	391	1	1	0	0
IS	392	0	0	0	0
IS	393	2	2	0	0
IS	394	2	2	0	0
IS	395	1	1	0	0
IS	396	3	3	0	0
IS	397	6	6	0	0
IS	398	1	1	0	0
IS	399	1	1	0	0
IS	400	2	2	0	0
IS	401	1	1	0	0
IS	402	3	3	0	0
IS	403	4	4	0	0
IS	404	4	4	0	0
IS	405	3	3	0	0
IS	406	0	0	0	0
IS	407	4	4	0	0
IS	408	5	5	0	0
IS	409	4	4	0	0
IS	410	3	3	0	0
IS	411	2	2	0	0
IS	412	2	2	0	0
IS	413	1	1	0	0
IS	414	1	1	0	0
IS	415	2	2	0	0
IS	416	0	0	0	0
IS	417	4	4	0	0
IS	418	1	1	0	0
IS	419	3	3	0	0
IS	420	10	10	0	0
IS	421	5	5	0	0
IS	422	7	7	0	0
IS	423	4	4	0	0
IS	424	8	8	0	0
IS	425	5	5	0	0
IS	426	3	3	0	0
IS	427	11	11	0	0
IS	428	3	3	0	0
IS	429	8	8	0	0
IS	430	7	7	0	0
IS	431	8	8	0	0
IS	432	5	5	0	0
IS	433	4	4	0	0
IS	434	5	5	0	0
IS	435	3	3	0	0
IS	436	8	8	0	0
IS	437	8	8	0	0
IS	438	7	7	0	0
IS	439	5	5	0	0
IS	440	12	12	0	0
IS	441	7	7	0	0
IS	442	9	9	0	0
IS	443	8	8	0	0
IS	444	5	5	0	0
IS	445	10	10	0	0
IS	446	11	11	0	0
IS	447	9	9	0	0
IS	448	4	4	0	0
IS	449	9	9	0	0
IS	450	8	8	0	0
IS	451	8	8	0	0
IS	452	13	13	0	0
IS	453	15	15	0	0
IS	454	10	10	0	0
IS	455	13	13	0	0
IS	456	11	11	0	0
IS	457	15	15	0	0
IS	458	14	14	0	0
IS	459	13	13	0	0
IS	460	7	7	0	0
IS	461	7	7	0	0
IS	462	7	7	0	0
IS	463	9	9	0	0
IS	464	14	14	0	0
IS	465	9	9	0	0
IS	466	9	9	0	0
IS	467	15	15	0	0
IS	468	12	12	0	0
IS	469	14	14	0	0
IS	470	10	10	0	0
IS	471	19	19	0	0
IS	472	18	18	0	0
IS	473	8	8	0	0
IS	474	13	13	0	0
IS	475	8	8	0	0
IS	476	26	26	0	0
IS	477	10	10	0	0
IS	478	21	21	0	0
IS	479	9	9	0	0
IS	480	12	12	0	0
IS	481	13	13	0	0
IS	482	13	13	0	0
IS	483	11	11	0	0
IS	484	17	17	0	0
IS	485	15	15	0	0
IS	486	15	15	0	0
IS	487	16	16	0	0
IS	488	19	19	0	0
IS	489	11	11	0	0
IS	490	13	13	0	0
IS	491	21	21	0	0
IS	492	14	14	0	0
IS	493	16	16	0	0
IS	494	15	15	0	0
IS	495	15	15	0	0
IS	496	11	11	0	0
IS	497	20	20	0	0
IS	498	15	15	0	0
IS	499	11	11	0	0
IS	500	15	15	0	0
IS	501	17	17	0	0
IS	502	19	19	0	0
IS	503	19	19	0	0
IS	504	23	23	0	0
IS	505	25	25	0	0
IS	506	15	15	0	0
IS	507	16	16	0	0
IS	508	7	7	0	0
IS	509	11	11	0	0
IS	510	17	17	0	0
IS	511	19	19	0	0
IS	512	15	15	0	0
IS	513	17	17	0	0
IS	514	15	15	0	0
IS	515	11	11	0	0
IS	516	17	17	0	0
IS	517	15	15	0	0
IS	518	14	14	0	0
IS	519	20	20	0	0
IS	520	13	13	0	0
IS	521	16	16	0	0
IS	522	19	19	0	0
IS	523	11	11	0	0
IS	524	20	20	0	0
IS	525	9	9	0	0
IS	526	15	15	0	0
IS	527	17	17	0	0
IS	528	18	18	0	0
IS	529	8	8	0	0
IS	530	9	9	0	0
IS	531	20	20	0	0
IS	532	7	7	0	0
IS	533	16	16	0	0
IS	534	6	6	0	0
IS	535	10	10	0	0
IS	536	13	13	0	0
IS	537	16	16	0	0
IS	538	17	17	0	0
IS	539	11	11	0	0
IS	540	8	8	0	0
IS	541	11	11	0	0
IS	542	11	11	0	0
IS	543	10	10	0	0
IS	544	10	10	0	0
IS	545	13	13	0	0
IS	546	14	14	0	0
IS	547	10	10	0	0
IS	548	11	11	0	0
IS	549	13	13	0	0
IS	550	9	9	0	0
IS	551	8	8	0	0
IS	552	9	9	0	0
IS	553	9	9	0	0
IS	554	7	7	0	0
IS	555	17	17	0	0
IS	556	8	8	0	0
IS	557	7	7	0	0
IS	558	7	7	0	0
IS	559	9	9	0	0
IS	560	4	4	0	0
IS	561	6	6	0	0
IS	562	5	5	0	0
IS	563	10	10	0	0
IS	564	10	10	0	0
IS	565	5	5	0	0
IS	566	5	5	0	0
IS	567	4	4	0	0
IS	568	6	6	0	0
IS	569	7	7	0	0
IS	570	6	6	0	0
IS	571	4	4	0	0
IS	572	2	2	0	0
IS	573	10	10	0	0
IS	574	5	5	0	0
IS	575	9	9	0	0
IS	576	3	3	0	0
IS	577	3	3	0	0
IS	578	4	4	0	0
IS	579	8	8	0	0
IS	580	0	0	0	0
IS	581	9	9	0	0
IS	582	5	5	0	0
IS	583	5	5	0	0
IS	584	4	4	0	0
IS	585	7	7	0	0
IS	586	3	3	0	0
IS	587	4	4	0	0
IS	588	5	5	0	0
IS	589	4	4	0	0
IS	590	4	4	0	0
IS	591	3	3	0	0
IS	592	3	3	0	0
IS	593	1	1	0	0
IS	594	3	3	0	0
IS	595	4	4	0	0
IS	596	3	3	0	0
IS	597	1	1	0	0
IS	598	2	2	0	0
IS	599	2	2	0	0
IS	600	3	3	0	0
IS	601	0	0	0	0
IS	602	2	2	0	0
IS	603	2	2	0	0
IS	604	4	4	0	0
IS	605	0	0	0	0
IS	606	0	0	0	0
IS	607	3	3	0	0
IS	608	1	1	0	0
IS	609	1	1	0	0
IS	610	0	0	0	0
IS	611	1	1	0	0
IS	612	3	3	0	0
IS	613	0	0	0	0
IS	614	2	2	0	0
IS	615	2	2	0	0
IS	616	2	2	0	0
IS	617	2	2	0	0
IS	618	4	4	0	0
IS	619	1	1	0	0
# Read lengths. Use `grep ^RL | cut -f 2-` to extract this part. The columns are: read length, count
RL	144	1
RL	148	1
RL	150	4004
# Read lengths - first fragments. Use `grep ^FRL | cut -f 2-` to extract this part. The columns are: read length, count
FRL	148	1
FRL	150	2002
# Read lengths - last fragments. Use `grep ^LRL | cut -f 2-` to extract this part. The columns are: read length, count
LRL	144	1
LRL	150	2002
# Mapping qualities for reads !(UNMAP|SECOND|SUPPL|QCFAIL|DUP). Use `grep ^MAPQ | cut -f 2-` to extract this part. The columns are: mapq, count
MAPQ	0	12
MAPQ	27	10
MAPQ	39	1
MAPQ	40	27
MAPQ	43	2
MAPQ	45	2
MAPQ	46	2
MAPQ	47	2
MAPQ	48	50
MAPQ	50	3
MAPQ	52	1
MAPQ	57	13
MAPQ	60	3881
# Indel distribution. Use `grep ^ID | cut -f 2-` to extract this part. The columns are: length, number of insertions, number of deletions
# Indels per cycle. Use `grep ^IC | cut -f 2-` to extract this part. The columns are: cycle, number of insertions (fwd), .. (rev) , number of deletions (fwd), .. (rev)
# Coverage distribution. Use `grep ^COV | cut -f 2-` to extract this part.
COV	[1-1]	1	6246
COV	[2-2]	2	11212
COV	[3-3]	3	14404
COV	[4-4]	4	18448
COV	[5-5]	5	18466
COV	[6-6]	6	16681
COV	[7-7]	7	12888
COV	[8-8]	8	8789
COV	[9-9]	9	5102
COV	[10-10]	10	2900
COV	[11-11]	11	1316
COV	[12-12]	12	518
COV	[13-13]	13	315
COV	[14-14]	14	90
COV	[15-15]	15	83
COV	[16-16]	16	4
# GC-depth. Use `grep ^GCD | cut -f 2-` to extract this part. The columns are: GC%, unique sequence percentiles, 10th, 25th, 50th, 75th and 90th depth percentile
GCD	0.0	15.385	0.000	0.000	0.000	0.000	0.000
GCD	37.0	38.462	2.505	2.505	2.505	2.505	2.505
GCD	38.0	69.231	2.505	2.505	2.505	2.505	2.505
GCD	39.0	84.615	2.505	2.505	2.505	2.505	2.505
GCD	40.0	92.308	2.505	2.505	2.505	2.505	2.505
GCD	46.0	100.000	2.505	2.505	2.505	2.505	2.505
