# This file was produced by samtools stats (1.20+htslib-1.21) and can be plotted using plot-bamstats
# This file contains statistics for all reads.
# The command line was:  stats sample3809.sorted.bam
# CHK, Checksum	[2]Read Names	[3]Sequences	[4]Qualities
# CHK, CRC32 of reads which passed filtering followed by addition (32bit overflow)
CHK	e54dccb2	f0338a1e	4c29cce7
# Summary Numbers. Use `grep ^SN | cut -f 2-` to extract this part.
SN	raw total sequences:	4008	# excluding supplementary and secondary reads
SN	filtered sequences:	0
SN	sequences:	4008
SN	is sorted:	1
SN	1st fragments:	2004
SN	last fragments:	2004
SN	reads mapped:	4008
SN	reads mapped and paired:	4008	# paired-end technology bit set + both mates mapped
SN	reads unmapped:	0
SN	reads properly paired:	4008	# proper-pair bit set
SN	reads paired:	4008	# paired-end technology bit set
SN	reads duplicated:	0	# PCR or optical duplicate bit set
SN	reads MQ0:	26	# mapped and MQ=0
SN	reads QC failed:	0
SN	non-primary alignments:	0
SN	supplementary alignments:	0
SN	total length:	601197	# ignores clipping
SN	total first fragment length:	300600	# ignores clipping
SN	total last fragment length:	300597	# ignores clipping
SN	bases mapped:	601197	# ignores clipping
SN	bases mapped (cigar):	601197	# more accurate
SN	bases trimmed:	0
SN	bases duplicated:	0
SN	mismatches:	1007	# from NM fields
SN	error rate:	1.674992e-03	# mismatches / bases mapped (cigar)
SN	average length:	150
SN	average first fragment length:	150
SN	average last fragment length:	150
SN	maximum length:	150
SN	maximum first fragment length:	150
SN	maximum last fragment length:	150
SN	average quality:	30.0
SN	insert size average:	498.5
SN	insert size standard deviation:	48.5
SN	inward oriented pairs:	2004
SN	outward oriented pairs:	0
SN	pairs with other orientation:	0
SN	pairs on different chromosomes:	0
SN	percentage of properly paired reads (%):	100.0
# First Fragment Qualities. Use `grep ^FFQ | cut -f 2-` to extract this part.
# Columns correspond to qualities and rows to cycles. First column is the cycle number.
FFQ	1	0	0	0	0	0	0	0	0	0	0	0	0	0	0	0	0	0	0	0	0	0	0	0	0	0	0	0	0	0	0	2004	0
FFQ	2	0	0	0	0	0	0	0	0	0	0	0	0	0	0	0	0	0	0	0	0	0	0	0	0	0	0	0	0	0	0	2004	0
FFQ	3	0	0	0	0	0	0	0	0	0	0	0	0	0	0	0	0	0	0	0	0	0	0	0	0	0	0	0	0	0	0	2004	0
FFQ	4	0	0	0	0	0	0	0	0	0	0	0	0	0	0	0	0	0	0	0	0	0	0	0	0	0	0	0	0	0	0	2004	0
FFQ	5	0	0	0	0	0	0	0	0	0	0	0	0	0	0	0	0	0	0	0	0	0	0	0	0	0	0	0	0	0	0	2004	0
FFQ	6	0	0	0	0	0	0	0	0	0	0	0	0	0	0	0	0	0	0	0	0	0	0	0	0	0	0	0	0	0	0	2004	0
FFQ	7	0	0	0	0	0	0	0	0	0	0	0	0	0	0	0	0	0	0	0	0	0	0	0	0	0	0	0	0	0	0	2004	0
FFQ	8	0	0	0	0	0	0	0	0	0	0	0	0	0	0	0	0	0	0	0	0	0	0	0	0	0	0	0	0	0	0	2004	0
FFQ	9	0	0	0	0	0	0	0	0	0	0	0	0	0	0	0	0	0	0	0	0	0	0	0	0	0	0	0	0	0	0	2004	0
FFQ	10	0	0	0	0	0	0	0	0	0	0	0	0	0	0	0	0	0	0	0	0	0	0	0	0	0	0	0	0	0	0	2004	0
FFQ	11	0	0	0	0	0	0	0	0	0	0	0	0	0	0	0	0	0	0	0	0	0	0	0	0	0	0	0	0	0	0	2004	0
FFQ	12	0	0	0	0	0	0	0	0	0	0	0	0	0	0	0	0	0	0	0	0	0	0	0	0	0	0	0	0	0	0	2004	0
FFQ	13	0	0	0	0	0	0	0	0	0	0	0	0	0	0	0	0	0	0	0	0	0	0	0	0	0	0	0	0	0	0	2004	0
FFQ	14	0	0	0	0	0	0	0	0	0	0	0	0	0	0	0	0	0	0	0	0	0	0	0	0	0	0	0	0	0	0	2004	0
FFQ	15	0	0	0	0	0	0	0	0	0	0	0	0	0	0	0	0	0	0	0	0	0	0	0	0	0	0	0	0	0	0	2004	0
FFQ	16	0	0	0	0	0	0	0	0	0	0	0	0	0	0	0	0	0	0	0	0	0	0	0	0	0	0	0	0	0	0	2004	0
FFQ	17	0	0	0	0	0	0	0	0	0	0	0	0	0	0	0	0	0	0	0	0	0	0	0	0	0	0	0	0	0	0	2004	0
FFQ	18	0	0	0	0	0	0	0	0	0	0	0	0	0	0	0	0	0	0	0	0	0	0	0	0	0	0	0	0	0	0	2004	0
FFQ	19	0	0	0	0	0	0	0	0	0	0	0	0	0	0	0	0	0	0	0	0	0	0	0	0	0	0	0	0	0	0	2004	0
FFQ	20	0	0	0	0	0	0	0	0	0	0	0	0	0	0	0	0	0	0	0	0	0	0	0	0	0	0	0	0	0	0	2004	0
FFQ	21	0	0	0	0	0	0	0	0	0	0	0	0	0	0	0	0	0	0	0	0	0	0	0	0	0	0	0	0	0	0	2004	0
FFQ	22	0	0	0	0	0	0	0	0	0	0	0	0	0	0	0	0	0	0	0	0	0	0	0	0	0	0	0	0	0	0	2004	0
FFQ	23	0	0	0	0	0	0	0	0	0	0	0	0	0	0	0	0	0	0	0	0	0	0	0	0	0	0	0	0	0	0	2004	0
FFQ	24	0	0	0	0	0	0	0	0	0	0	0	0	0	0	0	0	0	0	0	0	0	0	0	0	0	0	0	0	0	0	2004	0
FFQ	25	0	0	0	0	0	0	0	0	0	0	0	0	0	0	0	0	0	0	0	0	0	0	0	0	0	0	0	0	0	0	2004	0
FFQ	26	0	0	0	0	0	0	0	0	0	0	0	0	0	0	0	0	0	0	0	0	0	0	0	0	0	0	0	0	0	0	2004	0
FFQ	27	0	0	0	0	0	0	0	0	0	0	0	0	0	0	0	0	0	0	0	0	0	0	0	0	0	0	0	0	0	0	2004	0
FFQ	28	0	0	0	0	0	0	0	0	0	0	0	0	0	0	0	0	0	0	0	0	0	0	0	0	0	0	0	0	0	0	2004	0
FFQ	29	0	0	0	0	0	0	0	0	0	0	0	0	0	0	0	0	0	0	0	0	0	0	0	0	0	0	0	0	0	0	2004	0
FFQ	30	0	0	0	0	0	0	0	0	0	0	0	0	0	0	0	0	0	0	0	0	0	0	0	0	0	0	0	0	0	0	2004	0
FFQ	31	0	0	0	0	0	0	0	0	0	0	0	0	0	0	0	0	0	0	0	0	0	0	0	0	0	0	0	0	0	0	2004	0
FFQ	32	0	0	0	0	0	0	0	0	0	0	0	0	0	0	0	0	0	0	0	0	0	0	0	0	0	0	0	0	0	0	2004	0
FFQ	33	0	0	0	0	0	0	0	0	0	0	0	0	0	0	0	0	0	0	0	0	0	0	0	0	0	0	0	0	0	0	2004	0
FFQ	34	0	0	0	0	0	0	0	0	0	0	0	0	0	0	0	0	0	0	0	0	0	0	0	0	0	0	0	0	0	0	2004	0
FFQ	35	0	0	0	0	0	0	0	0	0	0	0	0	0	0	0	0	0	0	0	0	0	0	0	0	0	0	0	0	0	0	2004	0
FFQ	36	0	0	0	0	0	0	0	0	0	0	0	0	0	0	0	0	0	0	0	0	0	0	0	0	0	0	0	0	0	0	2004	0
FFQ	37	0	0	0	0	0	0	0	0	0	0	0	0	0	0	0	0	0	0	0	0	0	0	0	0	0	0	0	0	0	0	2004	0
FFQ	38	0	0	0	0	0	0	0	0	0	0	0	0	0	0	0	0	0	0	0	0	0	0	0	0	0	0	0	0	0	0	2004	0
FFQ	39	0	0	0	0	0	0	0	0	0	0	0	0	0	0	0	0	0	0	0	0	0	0	0	0	0	0	0	0	0	0	2004	0
FFQ	40	0	0	0	0	0	0	0	0	0	0	0	0	0	0	0	0	0	0	0	0	0	0	0	0	0	0	0	0	0	0	2004	0
FFQ	41	0	0	0	0	0	0	0	0	0	0	0	0	0	0	0	0	0	0	0	0	0	0	0	0	0	0	0	0	0	0	2004	0
FFQ	42	0	0	0	0	0	0	0	0	0	0	0	0	0	0	0	0	0	0	0	0	0	0	0	0	0	0	0	0	0	0	2004	0
FFQ	43	0	0	0	0	0	0	0	0	0	0	0	0	0	0	0	0	0	0	0	0	0	0	0	0	0	0	0	0	0	0	2004	0
FFQ	44	0	0	0	0	0	0	0	0	0	0	0	0	0	0	0	0	0	0	0	0	0	0	0	0	0	0	0	0	0	0	2004	0
FFQ	45	0	0	0	0	0	0	0	0	0	0	0	0	0	0	0	0	0	0	0	0	0	0	0	0	0	0	0	0	0	0	2004	0
FFQ	46	0	0	0	0	0	0	0	0	0	0	0	0	0	0	0	0	0	0	0	0	0	0	0	0	0	0	0	0	0	0	2004	0
FFQ	47	0	0	0	0	0	0	0	0	0	0	0	0	0	0	0	0	0	0	0	0	0	0	0	0	0	0	0	0	0	0	2004	0
FFQ	48	0	0	0	0	0	0	0	0	0	0	0	0	0	0	0	0	0	0	0	0	0	0	0	0	0	0	0	0	0	0	2004	0
FFQ	49	0	0	0	0	0	0	0	0	0	0	0	0	0	0	0	0	0	0	0	0	0	0	0	0	0	0	0	0	0	0	2004	0
FFQ	50	0	0	0	0	0	0	0	0	0	0	0	0	0	0	0	0	0	0	0	0	0	0	0	0	0	0	0	0	0	0	2004	0
FFQ	51	0	0	0	0	0	0	0	0	0	0	0	0	0	0	0	0	0	0	0	0	0	0	0	0	0	0	0	0	0	0	2004	0
FFQ	52	0	0	0	0	0	0	0	0	0	0	0	0	0	0	0	0	0	0	0	0	0	0	0	0	0	0	0	0	0	0	2004	0
FFQ	53	0	0	0	0	0	0	0	0	0	0	0	0	0	0	0	0	0	0	0	0	0	0	0	0	0	0	0	0	0	0	2004	0
FFQ	54	0	0	0	0	0	0	0	0	0	0	0	0	0	0	0	0	0	0	0	0	0	0	0	0	0	0	0	0	0	0	2004	0
FFQ	55	0	0	0	0	0	0	0	0	0	0	0	0	0	0	0	0	0	0	0	0	0	0	0	0	0	0	0	0	0	0	2004	0
FFQ	56	0	0	0	0	0	0	0	0	0	0	0	0	0	0	0	0	0	0	0	0	0	0	0	0	0	0	0	0	0	0	2004	0
FFQ	57	0	0	0	0	0	0	0	0	0	0	0	0	0	0	0	0	0	0	0	0	0	0	0	0	0	0	0	0	0	0	2004	0
FFQ	58	0	0	0	0	0	0	0	0	0	0	0	0	0	0	0	0	0	0	0	0	0	0	0	0	0	0	0	0	0	0	2004	0
FFQ	59	0	0	0	0	0	0	0	0	0	0	0	0	0	0	0	0	0	0	0	0	0	0	0	0	0	0	0	0	0	0	2004	0
FFQ	60	0	0	0	0	0	0	0	0	0	0	0	0	0	0	0	0	0	0	0	0	0	0	0	0	0	0	0	0	0	0	2004	0
FFQ	61	0	0	0	0	0	0	0	0	0	0	0	0	0	0	0	0	0	0	0	0	0	0	0	0	0	0	0	0	0	0	2004	0
FFQ	62	0	0	0	0	0	0	0	0	0	0	0	0	0	0	0	0	0	0	0	0	0	0	0	0	0	0	0	0	0	0	2004	0
FFQ	63	0	0	0	0	0	0	0	0	0	0	0	0	0	0	0	0	0	0	0	0	0	0	0	0	0	0	0	0	0	0	2004	0
FFQ	64	0	0	0	0	0	0	0	0	0	0	0	0	0	0	0	0	0	0	0	0	0	0	0	0	0	0	0	0	0	0	2004	0
FFQ	65	0	0	0	0	0	0	0	0	0	0	0	0	0	0	0	0	0	0	0	0	0	0	0	0	0	0	0	0	0	0	2004	0
FFQ	66	0	0	0	0	0	0	0	0	0	0	0	0	0	0	0	0	0	0	0	0	0	0	0	0	0	0	0	0	0	0	2004	0
FFQ	67	0	0	0	0	0	0	0	0	0	0	0	0	0	0	0	0	0	0	0	0	0	0	0	0	0	0	0	0	0	0	2004	0
FFQ	68	0	0	0	0	0	0	0	0	0	0	0	0	0	0	0	0	0	0	0	0	0	0	0	0	0	0	0	0	0	0	2004	0
FFQ	69	0	0	0	0	0	0	0	0	0	0	0	0	0	0	0	0	0	0	0	0	0	0	0	0	0	0	0	0	0	0	2004	0
FFQ	70	0	0	0	0	0	0	0	0	0	0	0	0	0	0	0	0	0	0	0	0	0	0	0	0	0	0	0	0	0	0	2004	0
FFQ	71	0	0	0	0	0	0	0	0	0	0	0	0	0	0	0	0	0	0	0	0	0	0	0	0	0	0	0	0	0	0	2004	0
FFQ	72	0	0	0	0	0	0	0	0	0	0	0	0	0	0	0	0	0	0	0	0	0	0	0	0	0	0	0	0	0	0	2004	0
FFQ	73	0	0	0	0	0	0	0	0	0	0	0	0	0	0	0	0	0	0	0	0	0	0	0	0	0	0	0	0	0	0	2004	0
FFQ	74	0	0	0	0	0	0	0	0	0	0	0	0	0	0	0	0	0	0	0	0	0	0	0	0	0	0	0	0	0	0	2004	0
FFQ	75	0	0	0	0	0	0	0	0	0	0	0	0	0	0	0	0	0	0	0	0	0	0	0	0	0	0	0	0	0	0	2004	0
FFQ	76	0	0	0	0	0	0	0	0	0	0	0	0	0	0	0	0	0	0	0	0	0	0	0	0	0	0	0	0	0	0	2004	0
FFQ	77	0	0	0	0	0	0	0	0	0	0	0	0	0	0	0	0	0	0	0	0	0	0	0	0	0	0	0	0	0	0	2004	0
FFQ	78	0	0	0	0	0	0	0	0	0	0	0	0	0	0	0	0	0	0	0	0	0	0	0	0	0	0	0	0	0	0	2004	0
FFQ	79	0	0	0	0	0	0	0	0	0	0	0	0	0	0	0	0	0	0	0	0	0	0	0	0	0	0	0	0	0	0	2004	0
FFQ	80	0	0	0	0	0	0	0	0	0	0	0	0	0	0	0	0	0	0	0	0	0	0	0	0	0	0	0	0	0	0	2004	0
FFQ	81	0	0	0	0	0	0	0	0	0	0	0	0	0	0	0	0	0	0	0	0	0	0	0	0	0	0	0	0	0	0	2004	0
FFQ	82	0	0	0	0	0	0	0	0	0	0	0	0	0	0	0	0	0	0	0	0	0	0	0	0	0	0	0	0	0	0	2004	0
FFQ	83	0	0	0	0	0	0	0	0	0	0	0	0	0	0	0	0	0	0	0	0	0	0	0	0	0	0	0	0	0	0	2004	0
FFQ	84	0	0	0	0	0	0	0	0	0	0	0	0	0	0	0	0	0	0	0	0	0	0	0	0	0	0	0	0	0	0	2004	0
FFQ	85	0	0	0	0	0	0	0	0	0	0	0	0	0	0	0	0	0	0	0	0	0	0	0	0	0	0	0	0	0	0	2004	0
FFQ	86	0	0	0	0	0	0	0	0	0	0	0	0	0	0	0	0	0	0	0	0	0	0	0	0	0	0	0	0	0	0	2004	0
FFQ	87	0	0	0	0	0	0	0	0	0	0	0	0	0	0	0	0	0	0	0	0	0	0	0	0	0	0	0	0	0	0	2004	0
FFQ	88	0	0	0	0	0	0	0	0	0	0	0	0	0	0	0	0	0	0	0	0	0	0	0	0	0	0	0	0	0	0	2004	0
FFQ	89	0	0	0	0	0	0	0	0	0	0	0	0	0	0	0	0	0	0	0	0	0	0	0	0	0	0	0	0	0	0	2004	0
FFQ	90	0	0	0	0	0	0	0	0	0	0	0	0	0	0	0	0	0	0	0	0	0	0	0	0	0	0	0	0	0	0	2004	0
FFQ	91	0	0	0	0	0	0	0	0	0	0	0	0	0	0	0	0	0	0	0	0	0	0	0	0	0	0	0	0	0	0	2004	0
FFQ	92	0	0	0	0	0	0	0	0	0	0	0	0	0	0	0	0	0	0	0	0	0	0	0	0	0	0	0	0	0	0	2004	0
FFQ	93	0	0	0	0	0	0	0	0	0	0	0	0	0	0	0	0	0	0	0	0	0	0	0	0	0	0	0	0	0	0	2004	0
FFQ	94	0	0	0	0	0	0	0	0	0	0	0	0	0	0	0	0	0	0	0	0	0	0	0	0	0	0	0	0	0	0	2004	0
FFQ	95	0	0	0	0	0	0	0	0	0	0	0	0	0	0	0	0	0	0	0	0	0	0	0	0	0	0	0	0	0	0	2004	0
FFQ	96	0	0	0	0	0	0	0	0	0	0	0	0	0	0	0	0	0	0	0	0	0	0	0	0	0	0	0	0	0	0	2004	0
FFQ	97	0	0	0	0	0	0	0	0	0	0	0	0	0	0	0	0	0	0	0	0	0	0	0	0	0	0	0	0	0	0	2004	0
FFQ	98	0	0	0	0	0	0	0	0	0	0	0	0	0	0	0	0	0	0	0	0	0	0	0	0	0	0	0	0	0	0	2004	0
FFQ	99	0	0	0	0	0	0	0	0	0	0	0	0	0	0	0	0	0	0	0	0	0	0	0	0	0	0	0	0	0	0	2004	0
FFQ	100	0	0	0	0	0	0	0	0	0	0	0	0	0	0	0	0	0	0	0	0	0	0	0	0	0	0	0	0	0	0	2004	0
FFQ	101	0	0	0	0	0	0	0	0	0	0	0	0	0	0	0	0	0	0	0	0	0	0	0	0	0	0	0	0	0	0	2004	0
FFQ	102	0	0	0	0	0	0	0	0	0	0	0	0	0	0	0	0	0	0	0	0	0	0	0	0	0	0	0	0	0	0	2004	0
FFQ	103	0	0	0	0	0	0	0	0	0	0	0	0	0	0	0	0	0	0	0	0	0	0	0	0	0	0	0	0	0	0	2004	0
FFQ	104	0	0	0	0	0	0	0	0	0	0	0	0	0	0	0	0	0	0	0	0	0	0	0	0	0	0	0	0	0	0	2004	0
FFQ	105	0	0	0	0	0	0	0	0	0	0	0	0	0	0	0	0	0	0	0	0	0	0	0	0	0	0	0	0	0	0	2004	0
FFQ	106	0	0	0	0	0	0	0	0	0	0	0	0	0	0	0	0	0	0	0	0	0	0	0	0	0	0	0	0	0	0	2004	0
FFQ	107	0	0	0	0	0	0	0	0	0	0	0	0	0	0	0	0	0	0	0	0	0	0	0	0	0	0	0	0	0	0	2004	0
FFQ	108	0	0	0	0	0	0	0	0	0	0	0	0	0	0	0	0	0	0	0	0	0	0	0	0	0	0	0	0	0	0	2004	0
FFQ	109	0	0	0	0	0	0	0	0	0	0	0	0	0	0	0	0	0	0	0	0	0	0	0	0	0	0	0	0	0	0	2004	0
FFQ	110	0	0	0	0	0	0	0	0	0	0	0	0	0	0	0	0	0	0	0	0	0	0	0	0	0	0	0	0	0	0	2004	0
FFQ	111	0	0	0	0	0	0	0	0	0	0	0	0	0	0	0	0	0	0	0	0	0	0	0	0	0	0	0	0	0	0	2004	0
FFQ	112	0	0	0	0	0	0	0	0	0	0	0	0	0	0	0	0	0	0	0	0	0	0	0	0	0	0	0	0	0	0	2004	0
FFQ	113	0	0	0	0	0	0	0	0	0	0	0	0	0	0	0	0	0	0	0	0	0	0	0	0	0	0	0	0	0	0	2004	0
FFQ	114	0	0	0	0	0	0	0	0	0	0	0	0	0	0	0	0	0	0	0	0	0	0	0	0	0	0	0	0	0	0	2004	0
FFQ	115	0	0	0	0	0	0	0	0	0	0	0	0	0	0	0	0	0	0	0	0	0	0	0	0	0	0	0	0	0	0	2004	0
FFQ	116	0	0	0	0	0	0	0	0	0	0	0	0	0	0	0	0	0	0	0	0	0	0	0	0	0	0	0	0	0	0	2004	0
FFQ	117	0	0	0	0	0	0	0	0	0	0	0	0	0	0	0	0	0	0	0	0	0	0	0	0	0	0	0	0	0	0	2004	0
FFQ	118	0	0	0	0	0	0	0	0	0	0	0	0	0	0	0	0	0	0	0	0	0	0	0	0	0	0	0	0	0	0	2004	0
FFQ	119	0	0	0	0	0	0	0	0	0	0	0	0	0	0	0	0	0	0	0	0	0	0	0	0	0	0	0	0	0	0	2004	0
FFQ	120	0	0	0	0	0	0	0	0	0	0	0	0	0	0	0	0	0	0	0	0	0	0	0	0	0	0	0	0	0	0	2004	0
FFQ	121	0	0	0	0	0	0	0	0	0	0	0	0	0	0	0	0	0	0	0	0	0	0	0	0	0	0	0	0	0	0	2004	0
FFQ	122	0	0	0	0	0	0	0	0	0	0	0	0	0	0	0	0	0	0	0	0	0	0	0	0	0	0	0	0	0	0	2004	0
FFQ	123	0	0	0	0	0	0	0	0	0	0	0	0	0	0	0	0	0	0	0	0	0	0	0	0	0	0	0	0	0	0	2004	0
FFQ	124	0	0	0	0	0	0	0	0	0	0	0	0	0	0	0	0	0	0	0	0	0	0	0	0	0	0	0	0	0	0	2004	0
FFQ	125	0	0	0	0	0	0	0	0	0	0	0	0	0	0	0	0	0	0	0	0	0	0	0	0	0	0	0	0	0	0	2004	0
FFQ	126	0	0	0	0	0	0	0	0	0	0	0	0	0	0	0	0	0	0	0	0	0	0	0	0	0	0	0	0	0	0	2004	0
FFQ	127	0	0	0	0	0	0	0	0	0	0	0	0	0	0	0	0	0	0	0	0	0	0	0	0	0	0	0	0	0	0	2004	0
FFQ	128	0	0	0	0	0	0	0	0	0	0	0	0	0	0	0	0	0	0	0	0	0	0	0	0	0	0	0	0	0	0	2004	0
FFQ	129	0	0	0	0	0	0	0	0	0	0	0	0	0	0	0	0	0	0	0	0	0	0	0	0	0	0	0	0	0	0	2004	0
FFQ	130	0	0	0	0	0	0	0	0	0	0	0	0	0	0	0	0	0	0	0	0	0	0	0	0	0	0	0	0	0	0	2004	0
FFQ	131	0	0	0	0	0	0	0	0	0	0	0	0	0	0	0	0	0	0	0	0	0	0	0	0	0	0	0	0	0	0	2004	0
FFQ	132	0	0	0	0	0	0	0	0	0	0	0	0	0	0	0	0	0	0	0	0	0	0	0	0	0	0	0	0	0	0	2004	0
FFQ	133	0	0	0	0	0	0	0	0	0	0	0	0	0	0	0	0	0	0	0	0	0	0	0	0	0	0	0	0	0	0	2004	0
FFQ	134	0	0	0	0	0	0	0	0	0	0	0	0	0	0	0	0	0	0	0	0	0	0	0	0	0	0	0	0	0	0	2004	0
FFQ	135	0	0	0	0	0	0	0	0	0	0	0	0	0	0	0	0	0	0	0	0	0	0	0	0	0	0	0	0	0	0	2004	0
FFQ	136	0	0	0	0	0	0	0	0	0	0	0	0	0	0	0	0	0	0	0	0	0	0	0	0	0	0	0	0	0	0	2004	0
FFQ	137	0	0	0	0	0	0	0	0	0	0	0	0	0	0	0	0	0	0	0	0	0	0	0	0	0	0	0	0	0	0	2004	0
FFQ	138	0	0	0	0	0	0	0	0	0	0	0	0	0	0	0	0	0	0	0	0	0	0	0	0	0	0	0	0	0	0	2004	0
FFQ	139	0	0	0	0	0	0	0	0	0	0	0	0	0	0	0	0	0	0	0	0	0	0	0	0	0	0	0	0	0	0	2004	0
FFQ	140	0	0	0	0	0	0	0	0	0	0	0	0	0	0	0	0	0	0	0	0	0	0	0	0	0	0	0	0	0	0	2004	0
FFQ	141	0	0	0	0	0	0	0	0	0	0	0	0	0	0	0	0	0	0	0	0	0	0	0	0	0	0	0	0	0	0	2004	0
FFQ	142	0	0	0	0	0	0	0	0	0	0	0	0	0	0	0	0	0	0	0	0	0	0	0	0	0	0	0	0	0	0	2004	0
FFQ	143	0	0	0	0	0	0	0	0	0	0	0	0	0	0	0	0	0	0	0	0	0	0	0	0	0	0	0	0	0	0	2004	0
FFQ	144	0	0	0	0	0	0	0	0	0	0	0	0	0	0	0	0	0	0	0	0	0	0	0	0	0	0	0	0	0	0	2004	0
FFQ	145	0	0	0	0	0	0	0	0	0	0	0	0	0	0	0	0	0	0	0	0	0	0	0	0	0	0	0	0	0	0	2004	0
FFQ	146	0	0	0	0	0	0	0	0	0	0	0	0	0	0	0	0	0	0	0	0	0	0	0	0	0	0	0	0	0	0	2004	0
FFQ	147	0	0	0	0	0	0	0	0	0	0	0	0	0	0	0	0	0	0	0	0	0	0	0	0	0	0	0	0	0	0	2004	0
FFQ	148	0	0	0	0	0	0	0	0	0	0	0	0	0	0	0	0	0	0	0	0	0	0	0	0	0	0	0	0	0	0	2004	0
FFQ	149	0	0	0	0	0	0	0	0	0	0	0	0	0	0	0	0	0	0	0	0	0	0	0	0	0	0	0	0	0	0	2004	0
FFQ	150	0	0	0	0	0	0	0	0	0	0	0	0	0	0	0	0	0	0	0	0	0	0	0	0	0	0	0	0	0	0	2004	0
# Last Fragment Qualities. Use `grep ^LFQ | cut -f 2-` to extract this part.
# Columns correspond to qualities and rows to cycles. First column is the cycle number.
LFQ	1	0	0	0	0	0	0	0	0	0	0	0	0	0	0	0	0	0	0	0	0	0	0	0	0	0	0	0	0	0	0	2004	0
LFQ	2	0	0	0	0	0	0	0	0	0	0	0	0	0	0	0	0	0	0	0	0	0	0	0	0	0	0	0	0	0	0	2004	0
LFQ	3	0	0	0	0	0	0	0	0	0	0	0	0	0	0	0	0	0	0	0	0	0	0	0	0	0	0	0	0	0	0	2004	0
LFQ	4	0	0	0	0	0	0	0	0	0	0	0	0	0	0	0	0	0	0	0	0	0	0	0	0	0	0	0	0	0	0	2004	0
LFQ	5	0	0	0	0	0	0	0	0	0	0	0	0	0	0	0	0	0	0	0	0	0	0	0	0	0	0	0	0	0	0	2004	0
LFQ	6	0	0	0	0	0	0	0	0	0	0	0	0	0	0	0	0	0	0	0	0	0	0	0	0	0	0	0	0	0	0	2004	0
LFQ	7	0	0	0	0	0	0	0	0	0	0	0	0	0	0	0	0	0	0	0	0	0	0	0	0	0	0	0	0	0	0	2004	0
LFQ	8	0	0	0	0	0	0	0	0	0	0	0	0	0	0	0	0	0	0	0	0	0	0	0	0	0	0	0	0	0	0	2004	0
LFQ	9	0	0	0	0	0	0	0	0	0	0	0	0	0	0	0	0	0	0	0	0	0	0	0	0	0	0	0	0	0	0	2004	0
LFQ	10	0	0	0	0	0	0	0	0	0	0	0	0	0	0	0	0	0	0	0	0	0	0	0	0	0	0	0	0	0	0	2004	0
LFQ	11	0	0	0	0	0	0	0	0	0	0	0	0	0	0	0	0	0	0	0	0	0	0	0	0	0	0	0	0	0	0	2004	0
LFQ	12	0	0	0	0	0	0	0	0	0	0	0	0	0	0	0	0	0	0	0	0	0	0	0	0	0	0	0	0	0	0	2004	0
LFQ	13	0	0	0	0	0	0	0	0	0	0	0	0	0	0	0	0	0	0	0	0	0	0	0	0	0	0	0	0	0	0	2004	0
LFQ	14	0	0	0	0	0	0	0	0	0	0	0	0	0	0	0	0	0	0	0	0	0	0	0	0	0	0	0	0	0	0	2004	0
LFQ	15	0	0	0	0	0	0	0	0	0	0	0	0	0	0	0	0	0	0	0	0	0	0	0	0	0	0	0	0	0	0	2004	0
LFQ	16	0	0	0	0	0	0	0	0	0	0	0	0	0	0	0	0	0	0	0	0	0	0	0	0	0	0	0	0	0	0	2004	0
LFQ	17	0	0	0	0	0	0	0	0	0	0	0	0	0	0	0	0	0	0	0	0	0	0	0	0	0	0	0	0	0	0	2004	0
LFQ	18	0	0	0	0	0	0	0	0	0	0	0	0	0	0	0	0	0	0	0	0	0	0	0	0	0	0	0	0	0	0	2004	0
LFQ	19	0	0	0	0	0	0	0	0	0	0	0	0	0	0	0	0	0	0	0	0	0	0	0	0	0	0	0	0	0	0	2004	0
LFQ	20	0	0	0	0	0	0	0	0	0	0	0	0	0	0	0	0	0	0	0	0	0	0	0	0	0	0	0	0	0	0	2004	0
LFQ	21	0	0	0	0	0	0	0	0	0	0	0	0	0	0	0	0	0	0	0	0	0	0	0	0	0	0	0	0	0	0	2004	0
LFQ	22	0	0	0	0	0	0	0	0	0	0	0	0	0	0	0	0	0	0	0	0	0	0	0	0	0	0	0	0	0	0	2004	0
LFQ	23	0	0	0	0	0	0	0	0	0	0	0	0	0	0	0	0	0	0	0	0	0	0	0	0	0	0	0	0	0	0	2004	0
LFQ	24	0	0	0	0	0	0	0	0	0	0	0	0	0	0	0	0	0	0	0	0	0	0	0	0	0	0	0	0	0	0	2004	0
LFQ	25	0	0	0	0	0	0	0	0	0	0	0	0	0	0	0	0	0	0	0	0	0	0	0	0	0	0	0	0	0	0	2004	0
LFQ	26	0	0	0	0	0	0	0	0	0	0	0	0	0	0	0	0	0	0	0	0	0	0	0	0	0	0	0	0	0	0	2004	0
LFQ	27	0	0	0	0	0	0	0	0	0	0	0	0	0	0	0	0	0	0	0	0	0	0	0	0	0	0	0	0	0	0	2004	0
LFQ	28	0	0	0	0	0	0	0	0	0	0	0	0	0	0	0	0	0	0	0	0	0	0	0	0	0	0	0	0	0	0	2004	0
LFQ	29	0	0	0	0	0	0	0	0	0	0	0	0	0	0	0	0	0	0	0	0	0	0	0	0	0	0	0	0	0	0	2004	0
LFQ	30	0	0	0	0	0	0	0	0	0	0	0	0	0	0	0	0	0	0	0	0	0	0	0	0	0	0	0	0	0	0	2004	0
LFQ	31	0	0	0	0	0	0	0	0	0	0	0	0	0	0	0	0	0	0	0	0	0	0	0	0	0	0	0	0	0	0	2004	0
LFQ	32	0	0	0	0	0	0	0	0	0	0	0	0	0	0	0	0	0	0	0	0	0	0	0	0	0	0	0	0	0	0	2004	0
LFQ	33	0	0	0	0	0	0	0	0	0	0	0	0	0	0	0	0	0	0	0	0	0	0	0	0	0	0	0	0	0	0	2004	0
LFQ	34	0	0	0	0	0	0	0	0	0	0	0	0	0	0	0	0	0	0	0	0	0	0	0	0	0	0	0	0	0	0	2004	0
LFQ	35	0	0	0	0	0	0	0	0	0	0	0	0	0	0	0	0	0	0	0	0	0	0	0	0	0	0	0	0	0	0	2004	0
LFQ	36	0	0	0	0	0	0	0	0	0	0	0	0	0	0	0	0	0	0	0	0	0	0	0	0	0	0	0	0	0	0	2004	0
LFQ	37	0	0	0	0	0	0	0	0	0	0	0	0	0	0	0	0	0	0	0	0	0	0	0	0	0	0	0	0	0	0	2004	0
LFQ	38	0	0	0	0	0	0	0	0	0	0	0	0	0	0	0	0	0	0	0	0	0	0	0	0	0	0	0	0	0	0	2004	0
LFQ	39	0	0	0	0	0	0	0	0	0	0	0	0	0	0	0	0	0	0	0	0	0	0	0	0	0	0	0	0	0	0	2004	0
LFQ	40	0	0	0	0	0	0	0	0	0	0	0	0	0	0	0	0	0	0	0	0	0	0	0	0	0	0	0	0	0	0	2004	0
LFQ	41	0	0	0	0	0	0	0	0	0	0	0	0	0	0	0	0	0	0	0	0	0	0	0	0	0	0	0	0	0	0	2004	0
LFQ	42	0	0	0	0	0	0	0	0	0	0	0	0	0	0	0	0	0	0	0	0	0	0	0	0	0	0	0	0	0	0	2004	0
LFQ	43	0	0	0	0	0	0	0	0	0	0	0	0	0	0	0	0	0	0	0	0	0	0	0	0	0	0	0	0	0	0	2004	0
LFQ	44	0	0	0	0	0	0	0	0	0	0	0	0	0	0	0	0	0	0	0	0	0	0	0	0	0	0	0	0	0	0	2004	0
LFQ	45	0	0	0	0	0	0	0	0	0	0	0	0	0	0	0	0	0	0	0	0	0	0	0	0	0	0	0	0	0	0	2004	0
LFQ	46	0	0	0	0	0	0	0	0	0	0	0	0	0	0	0	0	0	0	0	0	0	0	0	0	0	0	0	0	0	0	2004	0
LFQ	47	0	0	0	0	0	0	0	0	0	0	0	0	0	0	0	0	0	0	0	0	0	0	0	0	0	0	0	0	0	0	2004	0
LFQ	48	0	0	0	0	0	0	0	0	0	0	0	0	0	0	0	0	0	0	0	0	0	0	0	0	0	0	0	0	0	0	2004	0
LFQ	49	0	0	0	0	0	0	0	0	0	0	0	0	0	0	0	0	0	0	0	0	0	0	0	0	0	0	0	0	0	0	2004	0
LFQ	50	0	0	0	0	0	0	0	0	0	0	0	0	0	0	0	0	0	0	0	0	0	0	0	0	0	0	0	0	0	0	2004	0
LFQ	51	0	0	0	0	0	0	0	0	0	0	0	0	0	0	0	0	0	0	0	0	0	0	0	0	0	0	0	0	0	0	2004	0
LFQ	52	0	0	0	0	0	0	0	0	0	0	0	0	0	0	0	0	0	0	0	0	0	0	0	0	0	0	0	0	0	0	2004	0
LFQ	53	0	0	0	0	0	0	0	0	0	0	0	0	0	0	0	0	0	0	0	0	0	0	0	0	0	0	0	0	0	0	2004	0
LFQ	54	0	0	0	0	0	0	0	0	0	0	0	0	0	0	0	0	0	0	0	0	0	0	0	0	0	0	0	0	0	0	2004	0
LFQ	55	0	0	0	0	0	0	0	0	0	0	0	0	0	0	0	0	0	0	0	0	0	0	0	0	0	0	0	0	0	0	2004	0
LFQ	56	0	0	0	0	0	0	0	0	0	0	0	0	0	0	0	0	0	0	0	0	0	0	0	0	0	0	0	0	0	0	2004	0
LFQ	57	0	0	0	0	0	0	0	0	0	0	0	0	0	0	0	0	0	0	0	0	0	0	0	0	0	0	0	0	0	0	2004	0
LFQ	58	0	0	0	0	0	0	0	0	0	0	0	0	0	0	0	0	0	0	0	0	0	0	0	0	0	0	0	0	0	0	2004	0
LFQ	59	0	0	0	0	0	0	0	0	0	0	0	0	0	0	0	0	0	0	0	0	0	0	0	0	0	0	0	0	0	0	2004	0
LFQ	60	0	0	0	0	0	0	0	0	0	0	0	0	0	0	0	0	0	0	0	0	0	0	0	0	0	0	0	0	0	0	2004	0
LFQ	61	0	0	0	0	0	0	0	0	0	0	0	0	0	0	0	0	0	0	0	0	0	0	0	0	0	0	0	0	0	0	2004	0
LFQ	62	0	0	0	0	0	0	0	0	0	0	0	0	0	0	0	0	0	0	0	0	0	0	0	0	0	0	0	0	0	0	2004	0
LFQ	63	0	0	0	0	0	0	0	0	0	0	0	0	0	0	0	0	0	0	0	0	0	0	0	0	0	0	0	0	0	0	2004	0
LFQ	64	0	0	0	0	0	0	0	0	0	0	0	0	0	0	0	0	0	0	0	0	0	0	0	0	0	0	0	0	0	0	2004	0
LFQ	65	0	0	0	0	0	0	0	0	0	0	0	0	0	0	0	0	0	0	0	0	0	0	0	0	0	0	0	0	0	0	2004	0
LFQ	66	0	0	0	0	0	0	0	0	0	0	0	0	0	0	0	0	0	0	0	0	0	0	0	0	0	0	0	0	0	0	2004	0
LFQ	67	0	0	0	0	0	0	0	0	0	0	0	0	0	0	0	0	0	0	0	0	0	0	0	0	0	0	0	0	0	0	2004	0
LFQ	68	0	0	0	0	0	0	0	0	0	0	0	0	0	0	0	0	0	0	0	0	0	0	0	0	0	0	0	0	0	0	2004	0
LFQ	69	0	0	0	0	0	0	0	0	0	0	0	0	0	0	0	0	0	0	0	0	0	0	0	0	0	0	0	0	0	0	2004	0
LFQ	70	0	0	0	0	0	0	0	0	0	0	0	0	0	0	0	0	0	0	0	0	0	0	0	0	0	0	0	0	0	0	2004	0
LFQ	71	0	0	0	0	0	0	0	0	0	0	0	0	0	0	0	0	0	0	0	0	0	0	0	0	0	0	0	0	0	0	2004	0
LFQ	72	0	0	0	0	0	0	0	0	0	0	0	0	0	0	0	0	0	0	0	0	0	0	0	0	0	0	0	0	0	0	2004	0
LFQ	73	0	0	0	0	0	0	0	0	0	0	0	0	0	0	0	0	0	0	0	0	0	0	0	0	0	0	0	0	0	0	2004	0
LFQ	74	0	0	0	0	0	0	0	0	0	0	0	0	0	0	0	0	0	0	0	0	0	0	0	0	0	0	0	0	0	0	2004	0
LFQ	75	0	0	0	0	0	0	0	0	0	0	0	0	0	0	0	0	0	0	0	0	0	0	0	0	0	0	0	0	0	0	2004	0
LFQ	76	0	0	0	0	0	0	0	0	0	0	0	0	0	0	0	0	0	0	0	0	0	0	0	0	0	0	0	0	0	0	2004	0
LFQ	77	0	0	0	0	0	0	0	0	0	0	0	0	0	0	0	0	0	0	0	0	0	0	0	0	0	0	0	0	0	0	2004	0
LFQ	78	0	0	0	0	0	0	0	0	0	0	0	0	0	0	0	0	0	0	0	0	0	0	0	0	0	0	0	0	0	0	2004	0
LFQ	79	0	0	0	0	0	0	0	0	0	0	0	0	0	0	0	0	0	0	0	0	0	0	0	0	0	0	0	0	0	0	2004	0
LFQ	80	0	0	0	0	0	0	0	0	0	0	0	0	0	0	0	0	0	0	0	0	0	0	0	0	0	0	0	0	0	0	2004	0
LFQ	81	0	0	0	0	0	0	0	0	0	0	0	0	0	0	0	0	0	0	0	0	0	0	0	0	0	0	0	0	0	0	2004	0
LFQ	82	0	0	0	0	0	0	0	0	0	0	0	0	0	0	0	0	0	0	0	0	0	0	0	0	0	0	0	0	0	0	2004	0
LFQ	83	0	0	0	0	0	0	0	0	0	0	0	0	0	0	0	0	0	0	0	0	0	0	0	0	0	0	0	0	0	0	2004	0
LFQ	84	0	0	0	0	0	0	0	0	0	0	0	0	0	0	0	0	0	0	0	0	0	0	0	0	0	0	0	0	0	0	2004	0
LFQ	85	0	0	0	0	0	0	0	0	0	0	0	0	0	0	0	0	0	0	0	0	0	0	0	0	0	0	0	0	0	0	2004	0
LFQ	86	0	0	0	0	0	0	0	0	0	0	0	0	0	0	0	0	0	0	0	0	0	0	0	0	0	0	0	0	0	0	2004	0
LFQ	87	0	0	0	0	0	0	0	0	0	0	0	0	0	0	0	0	0	0	0	0	0	0	0	0	0	0	0	0	0	0	2004	0
LFQ	88	0	0	0	0	0	0	0	0	0	0	0	0	0	0	0	0	0	0	0	0	0	0	0	0	0	0	0	0	0	0	2004	0
LFQ	89	0	0	0	0	0	0	0	0	0	0	0	0	0	0	0	0	0	0	0	0	0	0	0	0	0	0	0	0	0	0	2004	0
LFQ	90	0	0	0	0	0	0	0	0	0	0	0	0	0	0	0	0	0	0	0	0	0	0	0	0	0	0	0	0	0	0	2004	0
LFQ	91	0	0	0	0	0	0	0	0	0	0	0	0	0	0	0	0	0	0	0	0	0	0	0	0	0	0	0	0	0	0	2004	0
LFQ	92	0	0	0	0	0	0	0	0	0	0	0	0	0	0	0	0	0	0	0	0	0	0	0	0	0	0	0	0	0	0	2004	0
LFQ	93	0	0	0	0	0	0	0	0	0	0	0	0	0	0	0	0	0	0	0	0	0	0	0	0	0	0	0	0	0	0	2004	0
LFQ	94	0	0	0	0	0	0	0	0	0	0	0	0	0	0	0	0	0	0	0	0	0	0	0	0	0	0	0	0	0	0	2004	0
LFQ	95	0	0	0	0	0	0	0	0	0	0	0	0	0	0	0	0	0	0	0	0	0	0	0	0	0	0	0	0	0	0	2004	0
LFQ	96	0	0	0	0	0	0	0	0	0	0	0	0	0	0	0	0	0	0	0	0	0	0	0	0	0	0	0	0	0	0	2004	0
LFQ	97	0	0	0	0	0	0	0	0	0	0	0	0	0	0	0	0	0	0	0	0	0	0	0	0	0	0	0	0	0	0	2004	0
LFQ	98	0	0	0	0	0	0	0	0	0	0	0	0	0	0	0	0	0	0	0	0	0	0	0	0	0	0	0	0	0	0	2004	0
LFQ	99	0	0	0	0	0	0	0	0	0	0	0	0	0	0	0	0	0	0	0	0	0	0	0	0	0	0	0	0	0	0	2004	0
LFQ	100	0	0	0	0	0	0	0	0	0	0	0	0	0	0	0	0	0	0	0	0	0	0	0	0	0	0	0	0	0	0	2004	0
LFQ	101	0	0	0	0	0	0	0	0	0	0	0	0	0	0	0	0	0	0	0	0	0	0	0	0	0	0	0	0	0	0	2004	0
LFQ	102	0	0	0	0	0	0	0	0	0	0	0	0	0	0	0	0	0	0	0	0	0	0	0	0	0	0	0	0	0	0	2004	0
LFQ	103	0	0	0	0	0	0	0	0	0	0	0	0	0	0	0	0	0	0	0	0	0	0	0	0	0	0	0	0	0	0	2004	0
LFQ	104	0	0	0	0	0	0	0	0	0	0	0	0	0	0	0	0	0	0	0	0	0	0	0	0	0	0	0	0	0	0	2004	0
LFQ	105	0	0	0	0	0	0	0	0	0	0	0	0	0	0	0	0	0	0	0	0	0	0	0	0	0	0	0	0	0	0	2004	0
LFQ	106	0	0	0	0	0	0	0	0	0	0	0	0	0	0	0	0	0	0	0	0	0	0	0	0	0	0	0	0	0	0	2004	0
LFQ	107	0	0	0	0	0	0	0	0	0	0	0	0	0	0	0	0	0	0	0	0	0	0	0	0	0	0	0	0	0	0	2004	0
LFQ	108	0	0	0	0	0	0	0	0	0	0	0	0	0	0	0	0	0	0	0	0	0	0	0	0	0	0	0	0	0	0	2004	0
LFQ	109	0	0	0	0	0	0	0	0	0	0	0	0	0	0	0	0	0	0	0	0	0	0	0	0	0	0	0	0	0	0	2004	0
LFQ	110	0	0	0	0	0	0	0	0	0	0	0	0	0	0	0	0	0	0	0	0	0	0	0	0	0	0	0	0	0	0	2004	0
LFQ	111	0	0	0	0	0	0	0	0	0	0	0	0	0	0	0	0	0	0	0	0	0	0	0	0	0	0	0	0	0	0	2004	0
LFQ	112	0	0	0	0	0	0	0	0	0	0	0	0	0	0	0	0	0	0	0	0	0	0	0	0	0	0	0	0	0	0	2004	0
LFQ	113	0	0	0	0	0	0	0	0	0	0	0	0	0	0	0	0	0	0	0	0	0	0	0	0	0	0	0	0	0	0	2004	0
LFQ	114	0	0	0	0	0	0	0	0	0	0	0	0	0	0	0	0	0	0	0	0	0	0	0	0	0	0	0	0	0	0	2004	0
LFQ	115	0	0	0	0	0	0	0	0	0	0	0	0	0	0	0	0	0	0	0	0	0	0	0	0	0	0	0	0	0	0	2004	0
LFQ	116	0	0	0	0	0	0	0	0	0	0	0	0	0	0	0	0	0	0	0	0	0	0	0	0	0	0	0	0	0	0	2004	0
LFQ	117	0	0	0	0	0	0	0	0	0	0	0	0	0	0	0	0	0	0	0	0	0	0	0	0	0	0	0	0	0	0	2004	0
LFQ	118	0	0	0	0	0	0	0	0	0	0	0	0	0	0	0	0	0	0	0	0	0	0	0	0	0	0	0	0	0	0	2004	0
LFQ	119	0	0	0	0	0	0	0	0	0	0	0	0	0	0	0	0	0	0	0	0	0	0	0	0	0	0	0	0	0	0	2004	0
LFQ	120	0	0	0	0	0	0	0	0	0	0	0	0	0	0	0	0	0	0	0	0	0	0	0	0	0	0	0	0	0	0	2004	0
LFQ	121	0	0	0	0	0	0	0	0	0	0	0	0	0	0	0	0	0	0	0	0	0	0	0	0	0	0	0	0	0	0	2004	0
LFQ	122	0	0	0	0	0	0	0	0	0	0	0	0	0	0	0	0	0	0	0	0	0	0	0	0	0	0	0	0	0	0	2004	0
LFQ	123	0	0	0	0	0	0	0	0	0	0	0	0	0	0	0	0	0	0	0	0	0	0	0	0	0	0	0	0	0	0	2004	0
LFQ	124	0	0	0	0	0	0	0	0	0	0	0	0	0	0	0	0	0	0	0	0	0	0	0	0	0	0	0	0	0	0	2004	0
LFQ	125	0	0	0	0	0	0	0	0	0	0	0	0	0	0	0	0	0	0	0	0	0	0	0	0	0	0	0	0	0	0	2004	0
LFQ	126	0	0	0	0	0	0	0	0	0	0	0	0	0	0	0	0	0	0	0	0	0	0	0	0	0	0	0	0	0	0	2004	0
LFQ	127	0	0	0	0	0	0	0	0	0	0	0	0	0	0	0	0	0	0	0	0	0	0	0	0	0	0	0	0	0	0	2004	0
LFQ	128	0	0	0	0	0	0	0	0	0	0	0	0	0	0	0	0	0	0	0	0	0	0	0	0	0	0	0	0	0	0	2004	0
LFQ	129	0	0	0	0	0	0	0	0	0	0	0	0	0	0	0	0	0	0	0	0	0	0	0	0	0	0	0	0	0	0	2004	0
LFQ	130	0	0	0	0	0	0	0	0	0	0	0	0	0	0	0	0	0	0	0	0	0	0	0	0	0	0	0	0	0	0	2004	0
LFQ	131	0	0	0	0	0	0	0	0	0	0	0	0	0	0	0	0	0	0	0	0	0	0	0	0	0	0	0	0	0	0	2004	0
LFQ	132	0	0	0	0	0	0	0	0	0	0	0	0	0	0	0	0	0	0	0	0	0	0	0	0	0	0	0	0	0	0	2004	0
LFQ	133	0	0	0	0	0	0	0	0	0	0	0	0	0	0	0	0	0	0	0	0	0	0	0	0	0	0	0	0	0	0	2004	0
LFQ	134	0	0	0	0	0	0	0	0	0	0	0	0	0	0	0	0	0	0	0	0	0	0	0	0	0	0	0	0	0	0	2004	0
LFQ	135	0	0	0	0	0	0	0	0	0	0	0	0	0	0	0	0	0	0	0	0	0	0	0	0	0	0	0	0	0	0	2004	0
LFQ	136	0	0	0	0	0	0	0	0	0	0	0	0	0	0	0	0	0	0	0	0	0	0	0	0	0	0	0	0	0	0	2004	0
LFQ	137	0	0	0	0	0	0	0	0	0	0	0	0	0	0	0	0	0	0	0	0	0	0	0	0	0	0	0	0	0	0	2004	0
LFQ	138	0	0	0	0	0	0	0	0	0	0	0	0	0	0	0	0	0	0	0	0	0	0	0	0	0	0	0	0	0	0	2004	0
LFQ	139	0	0	0	0	0	0	0	0	0	0	0	0	0	0	0	0	0	0	0	0	0	0	0	0	0	0	0	0	0	0	2004	0
LFQ	140	0	0	0	0	0	0	0	0	0	0	0	0	0	0	0	0	0	0	0	0	0	0	0	0	0	0	0	0	0	0	2004	0
LFQ	141	0	0	0	0	0	0	0	0	0	0	0	0	0	0	0	0	0	0	0	0	0	0	0	0	0	0	0	0	0	0	2004	0
LFQ	142	0	0	0	0	0	0	0	0	0	0	0	0	0	0	0	0	0	0	0	0	0	0	0	0	0	0	0	0	0	0	2004	0
LFQ	143	0	0	0	0	0	0	0	0	0	0	0	0	0	0	0	0	0	0	0	0	0	0	0	0	0	0	0	0	0	0	2004	0
LFQ	144	0	0	0	0	0	0	0	0	0	0	0	0	0	0	0	0	0	0	0	0	0	0	0	0	0	0	0	0	0	0	2004	0
LFQ	145	0	0	0	0	0	0	0	0	0	0	0	0	0	0	0	0	0	0	0	0	0	0	0	0	0	0	0	0	0	0	2004	0
LFQ	146	0	0	0	0	0	0	0	0	0	0	0	0	0	0	0	0	0	0	0	0	0	0	0	0	0	0	0	0	0	0	2004	0
LFQ	147	0	0	0	0	0	0	0	0	0	0	0	0	0	0	0	0	0	0	0	0	0	0	0	0	0	0	0	0	0	0	2004	0
LFQ	148	0	0	0	0	0	0	0	0	0	0	0	0	0	0	0	0	0	0	0	0	0	0	0	0	0	0	0	0	0	0	2003	0
LFQ	149	0	0	0	0	0	0	0	0	0	0	0	0	0	0	0	0	0	0	0	0	0	0	0	0	0	0	0	0	0	0	2003	0
LFQ	150	0	0	0	0	0	0	0	0	0	0	0	0	0	0	0	0	0	0	0	0	0	0	0	0	0	0	0	0	0	0	2003	0
# GC Content of first fragments. Use `grep ^GCF | cut -f 2-` to extract this part.
GCF	4.52	0
GCF	9.80	1
GCF	11.06	0
GCF	12.06	1
GCF	14.07	0
GCF	16.08	1
GCF	16.83	0
GCF	17.84	1
GCF	18.84	2
GCF	19.35	0
GCF	20.10	4
GCF	21.11	3
GCF	22.11	6
GCF	22.86	1
GCF	23.87	6
GCF	24.87	14
GCF	25.38	10
GCF	26.13	12
GCF	26.88	27
GCF	27.39	22
GCF	28.14	34
GCF	28.89	43
GCF	29.40	39
GCF	30.15	27
GCF	30.90	39
GCF	31.41	61
GCF	32.16	40
GCF	32.91	58
GCF	33.42	59
GCF	33.92	63
GCF	34.67	75
GCF	35.43	93
GCF	35.93	84
GCF	36.68	79
GCF	37.44	76
GCF	37.94	86
GCF	38.69	54
GCF	39.45	64
GCF	39.95	65
GCF	40.70	67
GCF	41.46	58
GCF	41.96	54
GCF	42.71	50
GCF	43.47	51
GCF	43.97	44
GCF	44.72	49
GCF	45.48	38
GCF	45.98	48
GCF	46.73	46
GCF	47.49	38
GCF	47.99	40
GCF	48.74	22
GCF	49.50	19
GCF	50.00	21
GCF	50.75	15
GCF	51.51	5
GCF	52.01	12
GCF	52.76	7
GCF	53.52	8
GCF	54.52	5
GCF	55.53	3
GCF	56.03	7
GCF	56.78	6
GCF	57.54	5
GCF	58.04	4
GCF	59.05	1
GCF	60.05	5
GCF	60.80	0
GCF	61.56	2
GCF	62.56	1
GCF	63.82	0
GCF	64.82	1
GCF	65.58	2
GCF	66.83	0
GCF	68.09	1
GCF	69.10	0
GCF	70.10	1
# GC Content of last fragments. Use `grep ^GCL | cut -f 2-` to extract this part.
GCL	7.54	0
GCL	16.08	1
GCL	17.34	0
GCL	18.09	2
GCL	18.84	0
GCL	19.35	5
GCL	20.10	4
GCL	20.85	3
GCL	21.36	4
GCL	22.11	3
GCL	22.86	6
GCL	23.37	5
GCL	24.12	10
GCL	24.87	6
GCL	25.38	14
GCL	26.13	18
GCL	26.88	19
GCL	27.39	12
GCL	28.14	28
GCL	28.89	29
GCL	29.40	33
GCL	30.15	36
GCL	30.90	26
GCL	31.41	36
GCL	32.16	45
GCL	32.91	50
GCL	33.42	58
GCL	34.42	75
GCL	35.43	84
GCL	35.93	86
GCL	36.68	84
GCL	37.44	90
GCL	37.94	79
GCL	38.69	81
GCL	39.45	61
GCL	39.95	83
GCL	40.70	73
GCL	41.46	51
GCL	41.96	59
GCL	42.71	51
GCL	43.47	61
GCL	44.47	42
GCL	46.23	41
GCL	47.49	47
GCL	47.99	20
GCL	48.74	23
GCL	49.50	18
GCL	50.00	20
GCL	50.75	14
GCL	51.51	10
GCL	52.01	9
GCL	52.76	11
GCL	53.52	12
GCL	54.02	8
GCL	54.77	5
GCL	56.28	7
GCL	57.54	8
GCL	58.04	2
GCL	58.79	3
GCL	59.55	2
GCL	60.80	3
GCL	62.06	0
GCL	62.81	1
GCL	63.57	0
GCL	64.07	2
GCL	64.82	0
GCL	65.58	1
GCL	66.08	2
GCL	66.58	1
# ACGT content per cycle. Use `grep ^GCC | cut -f 2-` to extract this part. The columns are: cycle; A,C,G,T base counts as a percentage of all A/C/G/T bases [%]; and N and O counts as a percentage of all A/C/G/T bases [%]
GCC	1	30.36	19.91	19.41	30.31	0.00	0.00
GCC	2	31.24	19.61	18.61	30.54	0.00	0.00
GCC	3	31.24	19.54	18.76	30.46	0.00	0.00
GCC	4	30.11	20.48	18.49	30.91	0.00	0.00
GCC	5	30.14	20.58	18.36	30.91	0.00	0.00
GCC	6	31.84	18.39	18.86	30.91	0.00	0.00
GCC	7	30.91	20.51	18.49	30.09	0.00	0.00
GCC	8	31.49	19.66	18.61	30.24	0.00	0.00
GCC	9	31.39	20.06	17.61	30.94	0.00	0.00
GCC	10	31.09	18.39	19.06	31.46	0.00	0.00
GCC	11	29.59	20.61	19.56	30.24	0.00	0.00
GCC	12	30.04	20.68	19.99	29.29	0.00	0.00
GCC	13	32.46	19.61	18.56	29.37	0.00	0.00
GCC	14	31.46	20.16	18.71	29.67	0.00	0.00
GCC	15	30.31	21.23	18.94	29.52	0.00	0.00
GCC	16	30.46	19.99	18.91	30.64	0.00	0.00
GCC	17	30.64	19.19	18.41	31.76	0.00	0.00
GCC	18	32.06	19.16	18.16	30.61	0.00	0.00
GCC	19	30.66	20.41	18.36	30.56	0.00	0.00
GCC	20	31.04	20.86	17.76	30.34	0.00	0.00
GCC	21	31.41	19.99	18.11	30.49	0.00	0.00
GCC	22	30.76	20.06	17.47	31.71	0.00	0.00
GCC	23	29.59	19.84	19.21	31.36	0.00	0.00
GCC	24	30.94	19.96	18.56	30.54	0.00	0.00
GCC	25	31.56	19.29	18.94	30.21	0.00	0.00
GCC	26	30.39	20.48	18.59	30.54	0.00	0.00
GCC	27	30.01	20.36	19.11	30.51	0.00	0.00
GCC	28	30.11	19.44	18.61	31.84	0.00	0.00
GCC	29	30.44	18.84	19.84	30.89	0.00	0.00
GCC	30	31.11	18.26	19.14	31.49	0.00	0.00
GCC	31	29.47	20.88	17.89	31.76	0.00	0.00
GCC	32	29.84	20.18	18.74	31.24	0.00	0.00
GCC	33	30.24	19.46	19.14	31.16	0.00	0.00
GCC	34	30.99	20.01	18.09	30.91	0.00	0.00
GCC	35	30.34	19.96	18.99	30.71	0.00	0.00
GCC	36	30.71	18.86	19.24	31.19	0.00	0.00
GCC	37	29.42	19.81	19.21	31.56	0.00	0.00
GCC	38	31.29	19.19	19.34	30.19	0.00	0.00
GCC	39	31.44	19.44	19.91	29.22	0.00	0.00
GCC	40	30.01	19.14	19.06	31.79	0.00	0.00
GCC	41	29.04	21.26	18.59	31.11	0.00	0.00
GCC	42	30.41	19.71	19.14	30.74	0.00	0.00
GCC	43	31.31	19.24	18.34	31.11	0.00	0.00
GCC	44	30.81	20.01	19.26	29.92	0.00	0.00
GCC	45	31.01	19.89	19.44	29.67	0.00	0.00
GCC	46	29.67	20.41	18.54	31.39	0.00	0.00
GCC	47	30.19	19.74	19.84	30.24	0.00	0.00
GCC	48	30.34	19.99	18.24	31.44	0.00	0.00
GCC	49	30.56	19.51	18.31	31.61	0.00	0.00
GCC	50	31.46	20.36	17.24	30.94	0.00	0.00
GCC	51	30.61	19.36	19.06	30.96	0.00	0.00
GCC	52	31.56	20.38	17.64	30.41	0.00	0.00
GCC	53	30.19	20.01	18.79	31.01	0.00	0.00
GCC	54	31.01	20.03	19.06	29.89	0.00	0.00
GCC	55	30.39	20.13	18.19	31.29	0.00	0.00
GCC	56	31.49	19.64	19.16	29.72	0.00	0.00
GCC	57	31.66	19.29	17.84	31.21	0.00	0.00
GCC	58	31.26	18.79	18.39	31.56	0.00	0.00
GCC	59	31.26	18.76	19.14	30.84	0.00	0.00
GCC	60	31.91	19.94	19.11	29.04	0.00	0.00
GCC	61	30.99	19.09	18.54	31.39	0.00	0.00
GCC	62	31.19	19.84	17.71	31.26	0.00	0.00
GCC	63	30.36	19.91	18.99	30.74	0.00	0.00
GCC	64	30.11	19.91	18.99	30.99	0.00	0.00
GCC	65	30.19	19.94	18.46	31.41	0.00	0.00
GCC	66	30.91	19.74	18.21	31.14	0.00	0.00
GCC	67	30.31	20.31	18.31	31.06	0.00	0.00
GCC	68	31.16	19.26	19.01	30.56	0.00	0.00
GCC	69	31.34	19.36	18.19	31.11	0.00	0.00
GCC	70	30.06	21.06	18.66	30.21	0.00	0.00
GCC	71	29.87	19.36	19.14	31.64	0.00	0.00
GCC	72	30.51	20.33	18.31	30.84	0.00	0.00
GCC	73	30.19	20.73	17.34	31.74	0.00	0.00
GCC	74	30.71	19.86	18.54	30.89	0.00	0.00
GCC	75	30.39	20.31	18.86	30.44	0.00	0.00
GCC	76	29.72	19.99	19.71	30.59	0.00	0.00
GCC	77	30.61	19.16	18.09	32.14	0.00	0.00
GCC	78	30.94	19.31	18.89	30.86	0.00	0.00
GCC	79	31.19	19.56	18.61	30.64	0.00	0.00
GCC	80	30.44	20.28	19.04	30.24	0.00	0.00
GCC	81	31.86	19.84	18.29	30.01	0.00	0.00
GCC	82	31.76	19.34	18.74	30.16	0.00	0.00
GCC	83	31.86	20.78	18.06	29.29	0.00	0.00
GCC	84	30.54	19.59	18.24	31.64	0.00	0.00
GCC	85	30.54	19.99	19.01	30.46	0.00	0.00
GCC	86	30.61	19.44	19.66	30.29	0.00	0.00
GCC	87	31.84	19.26	17.84	31.06	0.00	0.00
GCC	88	29.17	18.99	19.34	32.51	0.00	0.00
GCC	89	30.66	19.94	17.61	31.79	0.00	0.00
GCC	90	30.54	19.81	19.36	30.29	0.00	0.00
GCC	91	31.06	19.49	19.71	29.74	0.00	0.00
GCC	92	29.64	20.13	19.84	30.39	0.00	0.00
GCC	93	30.66	19.51	19.79	30.04	0.00	0.00
GCC	94	31.64	18.79	18.69	30.89	0.00	0.00
GCC	95	30.64	19.94	18.56	30.86	0.00	0.00
GCC	96	30.96	19.74	18.01	31.29	0.00	0.00
GCC	97	31.09	19.29	18.44	31.19	0.00	0.00
GCC	98	31.29	18.71	19.69	30.31	0.00	0.00
GCC	99	29.89	19.49	18.84	31.79	0.00	0.00
GCC	100	30.94	19.26	19.61	30.19	0.00	0.00
GCC	101	29.99	19.96	18.11	31.94	0.00	0.00
GCC	102	30.74	19.66	18.14	31.46	0.00	0.00
GCC	103	30.21	19.99	18.09	31.71	0.00	0.00
GCC	104	31.06	20.28	17.47	31.19	0.00	0.00
GCC	105	30.99	20.48	19.09	29.44	0.00	0.00
GCC	106	30.86	19.69	19.39	30.06	0.00	0.00
GCC	107	30.44	20.31	18.44	30.81	0.00	0.00
GCC	108	29.97	19.76	18.94	31.34	0.00	0.00
GCC	109	30.89	19.51	19.49	30.11	0.00	0.00
GCC	110	30.51	19.46	18.49	31.54	0.00	0.00
GCC	111	30.36	20.58	17.64	31.41	0.00	0.00
GCC	112	30.46	19.71	17.71	32.11	0.00	0.00
GCC	113	31.19	20.58	18.44	29.79	0.00	0.00
GCC	114	30.76	20.33	18.56	30.34	0.00	0.00
GCC	115	31.41	18.64	18.04	31.91	0.00	0.00
GCC	116	32.24	19.24	17.51	31.01	0.00	0.00
GCC	117	31.06	19.56	18.09	31.29	0.00	0.00
GCC	118	30.14	19.89	19.31	30.66	0.00	0.00
GCC	119	31.89	19.61	18.04	30.46	0.00	0.00
GCC	120	29.24	21.11	19.24	30.41	0.00	0.00
GCC	121	30.46	19.76	18.14	31.64	0.00	0.00
GCC	122	31.54	18.39	19.41	30.66	0.00	0.00
GCC	123	31.24	20.43	19.06	29.27	0.00	0.00
GCC	124	30.76	19.94	18.04	31.26	0.00	0.00
GCC	125	31.09	20.66	18.31	29.94	0.00	0.00
GCC	126	31.41	19.49	18.46	30.64	0.00	0.00
GCC	127	30.81	19.31	19.71	30.16	0.00	0.00
GCC	128	30.91	20.38	17.91	30.79	0.00	0.00
GCC	129	31.44	19.06	18.86	30.64	0.00	0.00
GCC	130	31.11	19.51	18.69	30.69	0.00	0.00
GCC	131	30.84	21.13	17.34	30.69	0.00	0.00
GCC	132	31.26	20.08	19.84	28.82	0.00	0.00
GCC	133	30.56	20.91	17.79	30.74	0.00	0.00
GCC	134	30.59	19.21	17.64	32.56	0.00	0.00
GCC	135	30.44	19.44	18.81	31.31	0.00	0.00
GCC	136	30.94	19.56	19.19	30.31	0.00	0.00
GCC	137	32.14	19.69	17.89	30.29	0.00	0.00
GCC	138	29.74	19.46	19.24	31.56	0.00	0.00
GCC	139	30.51	20.41	18.49	30.59	0.00	0.00
GCC	140	30.09	20.13	19.54	30.24	0.00	0.00
GCC	141	30.86	19.56	19.24	30.34	0.00	0.00
GCC	142	31.61	19.71	19.14	29.54	0.00	0.00
GCC	143	29.27	19.86	19.31	31.56	0.00	0.00
GCC	144	31.14	20.58	17.79	30.49	0.00	0.00
GCC	145	29.57	20.46	18.71	31.26	0.00	0.00
GCC	146	32.58	18.86	18.51	30.04	0.00	0.00
GCC	147	29.79	19.96	19.26	30.99	0.00	0.00
GCC	148	30.52	19.84	18.84	30.80	0.00	0.00
GCC	149	30.32	19.97	18.74	30.97	0.00	0.00
GCC	150	31.49	19.47	17.99	31.05	0.00	0.00
# ACGT content per cycle, read oriented. Use `grep ^GCT | cut -f 2-` to extract this part. The columns are: cycle; A,C,G,T base counts as a percentage of all A/C/G/T bases [%]
GCT	1	31.24	19.49	19.84	29.44
GCT	2	31.49	19.56	18.66	30.29
GCT	3	30.11	19.31	18.99	31.59
GCT	4	30.54	20.11	18.86	30.49
GCT	5	30.09	20.58	18.36	30.96
GCT	6	31.09	18.49	18.76	31.66
GCT	7	31.36	19.41	19.59	29.64
GCT	8	31.14	17.86	20.41	30.59
GCT	9	31.94	19.11	18.56	30.39
GCT	10	31.96	18.76	18.69	30.59
GCT	11	29.72	19.99	20.18	30.11
GCT	12	29.42	21.36	19.31	29.92
GCT	13	30.64	18.99	19.19	31.19
GCT	14	30.44	19.19	19.69	30.69
GCT	15	29.39	19.96	20.21	30.44
GCT	16	30.26	19.49	19.41	30.84
GCT	17	31.11	19.06	18.54	31.29
GCT	18	32.24	18.74	18.59	30.44
GCT	19	31.14	19.19	19.59	30.09
GCT	20	31.16	19.84	18.79	30.21
GCT	21	29.97	19.64	18.46	31.94
GCT	22	31.51	18.86	18.66	30.96
GCT	23	30.64	19.74	19.31	30.31
GCT	24	30.69	18.76	19.76	30.79
GCT	25	31.21	19.44	18.79	30.56
GCT	26	30.16	19.71	19.36	30.76
GCT	27	30.61	19.61	19.86	29.92
GCT	28	31.06	19.34	18.71	30.89
GCT	29	30.66	18.96	19.71	30.66
GCT	30	32.36	18.56	18.84	30.24
GCT	31	31.14	19.56	19.21	30.09
GCT	32	31.49	19.69	19.24	29.59
GCT	33	31.09	18.41	20.18	30.31
GCT	34	31.41	19.09	19.01	30.49
GCT	35	30.51	19.89	19.06	30.54
GCT	36	29.67	19.26	18.84	32.24
GCT	37	31.46	20.26	18.76	29.52
GCT	38	30.31	18.31	20.21	31.16
GCT	39	29.57	19.91	19.44	31.09
GCT	40	31.64	19.46	18.74	30.16
GCT	41	30.14	19.21	20.63	30.01
GCT	42	31.76	19.31	19.54	29.39
GCT	43	31.79	18.71	18.86	30.64
GCT	44	30.51	19.06	20.21	30.21
GCT	45	29.94	20.31	19.01	30.74
GCT	46	31.59	19.14	19.81	29.47
GCT	47	30.09	19.99	19.59	30.34
GCT	48	31.19	19.14	19.09	30.59
GCT	49	31.61	18.96	18.86	30.56
GCT	50	31.61	18.91	18.69	30.79
GCT	51	30.41	18.76	19.66	31.16
GCT	52	31.24	18.76	19.26	30.74
GCT	53	30.01	19.54	19.26	31.19
GCT	54	29.54	19.86	19.24	31.36
GCT	55	31.11	19.06	19.26	30.56
GCT	56	30.86	19.26	19.54	30.34
GCT	57	31.41	18.24	18.89	31.46
GCT	58	31.49	18.36	18.81	31.34
GCT	59	31.46	17.76	20.13	30.64
GCT	60	29.49	19.21	19.84	31.46
GCT	61	30.61	19.91	17.71	31.76
GCT	62	31.11	18.61	18.94	31.34
GCT	63	30.06	19.26	19.64	31.04
GCT	64	31.46	19.61	19.29	29.64
GCT	65	30.66	20.61	17.79	30.94
GCT	66	31.14	18.66	19.29	30.91
GCT	67	30.96	20.21	18.41	30.41
GCT	68	30.29	19.29	18.99	31.44
GCT	69	30.99	18.96	18.59	31.46
GCT	70	29.32	20.31	19.41	30.96
GCT	71	31.04	19.09	19.41	30.46
GCT	72	31.26	19.89	18.76	30.09
GCT	73	30.26	19.31	18.76	31.66
GCT	74	30.39	19.24	19.16	31.21
GCT	75	30.19	19.66	19.51	30.64
GCT	76	29.79	18.76	20.93	30.51
GCT	77	30.66	18.61	18.64	32.09
GCT	78	30.19	19.46	18.74	31.61
GCT	79	30.36	19.69	18.49	31.46
GCT	80	29.52	20.01	19.31	31.16
GCT	81	31.04	19.26	18.86	30.84
GCT	82	31.46	19.24	18.84	30.46
GCT	83	29.72	19.44	19.41	31.44
GCT	84	32.36	18.96	18.86	29.82
GCT	85	30.24	19.74	19.26	30.76
GCT	86	30.24	19.06	20.03	30.66
GCT	87	31.36	19.19	17.91	31.54
GCT	88	30.16	18.99	19.34	31.51
GCT	89	30.44	18.16	19.39	32.01
GCT	90	30.24	18.61	20.56	30.59
GCT	91	31.36	18.29	20.91	29.44
GCT	92	29.99	20.48	19.49	30.04
GCT	93	30.51	19.81	19.49	30.19
GCT	94	30.14	18.14	19.34	32.39
GCT	95	30.39	19.34	19.16	31.11
GCT	96	31.24	19.06	18.69	31.01
GCT	97	32.01	19.31	18.41	30.26
GCT	98	31.04	19.51	18.89	30.56
GCT	99	32.01	19.61	18.71	29.67
GCT	100	31.39	19.21	19.66	29.74
GCT	101	29.92	18.69	19.39	32.01
GCT	102	31.44	18.61	19.19	30.76
GCT	103	30.44	18.81	19.26	31.49
GCT	104	30.71	18.54	19.21	31.54
GCT	105	29.89	19.24	20.33	30.54
GCT	106	29.14	18.91	20.16	31.79
GCT	107	30.54	19.41	19.34	30.71
GCT	108	30.54	20.08	18.61	30.76
GCT	109	29.39	19.86	19.14	31.61
GCT	110	31.31	19.31	18.64	30.74
GCT	111	30.89	19.46	18.76	30.89
GCT	112	31.54	19.04	18.39	31.04
GCT	113	30.29	19.59	19.44	30.69
GCT	114	30.54	19.36	19.54	30.56
GCT	115	31.24	19.01	17.66	32.09
GCT	116	31.79	17.74	19.01	31.46
GCT	117	30.71	18.31	19.34	31.64
GCT	118	30.31	19.51	19.69	30.49
GCT	119	31.96	18.49	19.16	30.39
GCT	120	28.92	20.83	19.51	30.74
GCT	121	30.84	19.84	18.06	31.26
GCT	122	30.71	19.16	18.64	31.49
GCT	123	30.11	20.41	19.09	30.39
GCT	124	30.54	19.51	18.46	31.49
GCT	125	29.64	19.96	19.01	31.39
GCT	126	30.81	18.79	19.16	31.24
GCT	127	30.61	19.76	19.26	30.36
GCT	128	30.51	20.73	17.56	31.19
GCT	129	30.34	19.06	18.86	31.74
GCT	130	30.66	18.76	19.44	31.14
GCT	131	29.69	19.39	19.09	31.84
GCT	132	30.49	19.71	20.21	29.59
GCT	133	29.59	19.59	19.11	31.71
GCT	134	31.31	18.99	17.86	31.84
GCT	135	31.36	19.21	19.04	30.39
GCT	136	29.47	19.94	18.81	31.79
GCT	137	32.56	18.91	18.66	29.87
GCT	138	30.54	19.06	19.64	30.76
GCT	139	31.29	19.49	19.41	29.82
GCT	140	29.97	20.46	19.21	30.36
GCT	141	31.24	18.94	19.86	29.97
GCT	142	30.56	19.66	19.19	30.59
GCT	143	30.79	19.24	19.94	30.04
GCT	144	31.21	18.51	19.86	30.41
GCT	145	31.64	19.49	19.69	29.19
GCT	146	32.61	18.94	18.44	30.01
GCT	147	30.84	19.21	20.01	29.94
GCT	148	31.35	19.22	19.47	29.97
GCT	149	31.10	20.24	18.47	30.20
GCT	150	31.25	19.17	18.29	31.30
# ACGT content per cycle for first fragments. Use `grep ^FBC | cut -f 2-` to extract this part. The columns are: cycle; A,C,G,T base counts as a percentage of all A/C/G/T bases [%]; and N and O counts as a percentage of all A/C/G/T bases [%]
FBC	1	31.34	19.81	18.11	30.74	0.00	0.00
FBC	2	32.14	19.76	17.47	30.64	0.00	0.00
FBC	3	31.34	18.71	18.91	31.04	0.00	0.00
FBC	4	29.64	20.01	18.66	31.69	0.00	0.00
FBC	5	29.64	20.31	18.41	31.64	0.00	0.00
FBC	6	31.69	18.31	18.76	31.24	0.00	0.00
FBC	7	31.49	20.36	18.71	29.44	0.00	0.00
FBC	8	31.24	20.21	17.66	30.89	0.00	0.00
FBC	9	31.19	19.31	17.17	32.34	0.00	0.00
FBC	10	31.54	18.51	18.86	31.09	0.00	0.00
FBC	11	29.89	20.66	19.66	29.79	0.00	0.00
FBC	12	30.29	19.81	19.51	30.39	0.00	0.00
FBC	13	33.63	19.61	18.66	28.09	0.00	0.00
FBC	14	31.54	21.06	18.06	29.34	0.00	0.00
FBC	15	30.24	21.11	18.66	29.99	0.00	0.00
FBC	16	31.04	20.91	17.37	30.69	0.00	0.00
FBC	17	29.24	19.56	18.06	33.13	0.00	0.00
FBC	18	32.68	18.51	18.11	30.69	0.00	0.00
FBC	19	30.79	20.21	18.41	30.59	0.00	0.00
FBC	20	32.93	21.06	17.86	28.14	0.00	0.00
FBC	21	31.29	20.51	17.12	31.09	0.00	0.00
FBC	22	30.74	20.36	17.76	31.14	0.00	0.00
FBC	23	29.34	19.41	18.91	32.34	0.00	0.00
FBC	24	30.34	19.56	18.81	31.29	0.00	0.00
FBC	25	32.39	19.11	19.16	29.34	0.00	0.00
FBC	26	32.14	19.41	17.91	30.54	0.00	0.00
FBC	27	31.69	19.96	18.96	29.39	0.00	0.00
FBC	28	28.94	20.56	18.96	31.54	0.00	0.00
FBC	29	29.84	19.46	19.81	30.89	0.00	0.00
FBC	30	30.74	18.01	19.21	32.04	0.00	0.00
FBC	31	29.44	20.61	18.01	31.94	0.00	0.00
FBC	32	29.44	19.66	18.26	32.63	0.00	0.00
FBC	33	29.69	19.56	20.41	30.34	0.00	0.00
FBC	34	30.69	19.46	18.31	31.54	0.00	0.00
FBC	35	30.99	20.61	18.86	29.54	0.00	0.00
FBC	36	30.39	18.96	19.56	31.09	0.00	0.00
FBC	37	29.49	19.81	19.16	31.54	0.00	0.00
FBC	38	32.63	19.76	19.46	28.14	0.00	0.00
FBC	39	31.79	18.66	20.76	28.79	0.00	0.00
FBC	40	30.99	19.36	18.31	31.34	0.00	0.00
FBC	41	29.99	19.81	18.81	31.39	0.00	0.00
FBC	42	30.39	20.36	18.91	30.34	0.00	0.00
FBC	43	33.03	18.51	18.21	30.24	0.00	0.00
FBC	44	32.19	18.86	18.21	30.74	0.00	0.00
FBC	45	31.69	18.86	20.46	28.99	0.00	0.00
FBC	46	29.64	18.66	18.91	32.78	0.00	0.00
FBC	47	30.99	19.66	19.86	29.49	0.00	0.00
FBC	48	30.79	19.21	17.76	32.24	0.00	0.00
FBC	49	31.34	18.91	18.11	31.64	0.00	0.00
FBC	50	31.99	20.01	17.07	30.94	0.00	0.00
FBC	51	30.79	20.21	18.61	30.39	0.00	0.00
FBC	52	31.04	19.86	18.06	31.04	0.00	0.00
FBC	53	30.09	19.66	19.01	31.24	0.00	0.00
FBC	54	30.49	19.86	18.91	30.74	0.00	0.00
FBC	55	29.89	20.01	18.06	32.04	0.00	0.00
FBC	56	31.44	19.11	19.56	29.89	0.00	0.00
FBC	57	32.14	19.91	17.12	30.84	0.00	0.00
FBC	58	31.69	19.41	18.06	30.84	0.00	0.00
FBC	59	31.74	18.16	19.71	30.39	0.00	0.00
FBC	60	32.73	19.31	18.31	29.64	0.00	0.00
FBC	61	30.94	18.76	18.66	31.64	0.00	0.00
FBC	62	30.34	19.81	18.51	31.34	0.00	0.00
FBC	63	30.44	21.21	18.81	29.54	0.00	0.00
FBC	64	29.94	19.06	18.66	32.34	0.00	0.00
FBC	65	28.74	20.01	19.36	31.89	0.00	0.00
FBC	66	31.39	19.31	17.56	31.74	0.00	0.00
FBC	67	29.44	20.66	18.96	30.94	0.00	0.00
FBC	68	31.14	19.11	18.61	31.14	0.00	0.00
FBC	69	30.94	19.56	18.06	31.44	0.00	0.00
FBC	70	29.89	20.71	19.51	29.89	0.00	0.00
FBC	71	30.84	18.21	18.86	32.09	0.00	0.00
FBC	72	30.39	20.96	18.21	30.44	0.00	0.00
FBC	73	30.09	19.06	17.56	33.28	0.00	0.00
FBC	74	31.04	19.76	19.51	29.69	0.00	0.00
FBC	75	29.84	20.41	18.61	31.14	0.00	0.00
FBC	76	29.99	19.96	19.91	30.14	0.00	0.00
FBC	77	31.04	18.61	18.16	32.19	0.00	0.00
FBC	78	30.09	19.41	18.96	31.54	0.00	0.00
FBC	79	32.68	18.41	18.81	30.09	0.00	0.00
FBC	80	31.39	18.26	18.96	31.39	0.00	0.00
FBC	81	32.09	18.91	19.56	29.44	0.00	0.00
FBC	82	31.74	18.31	19.56	30.39	0.00	0.00
FBC	83	32.04	19.61	19.01	29.34	0.00	0.00
FBC	84	28.69	19.86	17.81	33.63	0.00	0.00
FBC	85	32.39	19.31	19.71	28.59	0.00	0.00
FBC	86	29.74	20.56	20.11	29.59	0.00	0.00
FBC	87	31.49	18.21	18.16	32.14	0.00	0.00
FBC	88	29.59	19.51	18.56	32.34	0.00	0.00
FBC	89	31.34	20.71	18.06	29.89	0.00	0.00
FBC	90	31.34	19.76	18.56	30.34	0.00	0.00
FBC	91	31.59	19.71	19.01	29.69	0.00	0.00
FBC	92	29.39	20.46	20.36	29.79	0.00	0.00
FBC	93	29.59	19.31	20.31	30.79	0.00	0.00
FBC	94	31.89	18.21	18.91	30.99	0.00	0.00
FBC	95	30.89	19.51	18.41	31.19	0.00	0.00
FBC	96	31.39	19.71	18.31	30.59	0.00	0.00
FBC	97	31.84	18.31	18.81	31.04	0.00	0.00
FBC	98	30.39	18.06	21.26	30.29	0.00	0.00
FBC	99	30.34	18.96	18.61	32.09	0.00	0.00
FBC	100	31.09	19.46	19.76	29.69	0.00	0.00
FBC	101	30.39	19.11	18.11	32.39	0.00	0.00
FBC	102	30.54	19.06	19.56	30.84	0.00	0.00
FBC	103	31.99	19.66	18.06	30.29	0.00	0.00
FBC	104	31.24	19.76	17.56	31.44	0.00	0.00
FBC	105	31.74	20.71	18.26	29.29	0.00	0.00
FBC	106	31.74	19.61	18.81	29.84	0.00	0.00
FBC	107	29.94	21.76	18.91	29.39	0.00	0.00
FBC	108	30.64	19.51	19.26	30.59	0.00	0.00
FBC	109	30.14	19.16	19.56	31.14	0.00	0.00
FBC	110	31.99	18.21	17.66	32.14	0.00	0.00
FBC	111	30.09	20.36	18.46	31.09	0.00	0.00
FBC	112	29.99	19.61	17.51	32.88	0.00	0.00
FBC	113	31.49	21.11	17.66	29.74	0.00	0.00
FBC	114	32.34	19.11	17.56	30.99	0.00	0.00
FBC	115	32.68	18.36	17.22	31.74	0.00	0.00
FBC	116	31.64	19.16	18.51	30.69	0.00	0.00
FBC	117	31.39	19.01	17.71	31.89	0.00	0.00
FBC	118	29.29	20.66	19.41	30.64	0.00	0.00
FBC	119	32.58	19.71	18.56	29.14	0.00	0.00
FBC	120	27.84	21.86	19.56	30.74	0.00	0.00
FBC	121	30.89	19.91	18.66	30.54	0.00	0.00
FBC	122	31.44	18.61	19.06	30.89	0.00	0.00
FBC	123	32.09	20.06	17.61	30.24	0.00	0.00
FBC	124	31.59	20.41	17.71	30.29	0.00	0.00
FBC	125	31.24	21.16	18.61	28.99	0.00	0.00
FBC	126	31.29	20.41	17.81	30.49	0.00	0.00
FBC	127	31.24	19.31	19.31	30.14	0.00	0.00
FBC	128	31.04	20.56	17.61	30.79	0.00	0.00
FBC	129	31.24	18.51	19.06	31.19	0.00	0.00
FBC	130	30.44	20.11	18.36	31.09	0.00	0.00
FBC	131	31.19	21.11	16.62	31.09	0.00	0.00
FBC	132	31.49	20.26	19.96	28.29	0.00	0.00
FBC	133	31.19	20.86	17.91	30.04	0.00	0.00
FBC	134	30.39	18.96	18.46	32.19	0.00	0.00
FBC	135	30.09	19.41	18.51	31.99	0.00	0.00
FBC	136	30.19	19.01	19.36	31.44	0.00	0.00
FBC	137	33.63	18.51	17.66	30.19	0.00	0.00
FBC	138	30.54	18.81	19.16	31.49	0.00	0.00
FBC	139	31.19	20.21	18.36	30.24	0.00	0.00
FBC	140	29.89	20.01	19.26	30.84	0.00	0.00
FBC	141	30.94	19.56	19.31	30.19	0.00	0.00
FBC	142	31.09	20.01	20.36	28.54	0.00	0.00
FBC	143	29.99	19.96	18.36	31.69	0.00	0.00
FBC	144	31.44	20.46	17.47	30.64	0.00	0.00
FBC	145	28.94	20.71	18.81	31.54	0.00	0.00
FBC	146	33.18	18.26	18.21	30.34	0.00	0.00
FBC	147	30.24	20.36	19.71	29.69	0.00	0.00
FBC	148	31.29	19.81	18.61	30.29	0.00	0.00
FBC	149	30.39	19.66	18.31	31.64	0.00	0.00
FBC	150	32.44	19.66	17.81	30.09	0.00	0.00
# ACGT raw counters for first fragments. Use `grep ^FTC | cut -f 2-` to extract this part. The columns are: A,C,G,T,N base counters
FTC	93021	59056	56069	92454	0
# ACGT content per cycle for last fragments. Use `grep ^LBC | cut -f 2-` to extract this part. The columns are: cycle; A,C,G,T base counts as a percentage of all A/C/G/T bases [%]; and N and O counts as a percentage of all A/C/G/T bases [%]
LBC	1	29.39	20.01	20.71	29.89	0.00	0.00
LBC	2	30.34	19.46	19.76	30.44	0.00	0.00
LBC	3	31.14	20.36	18.61	29.89	0.00	0.00
LBC	4	30.59	20.96	18.31	30.14	0.00	0.00
LBC	5	30.64	20.86	18.31	30.19	0.00	0.00
LBC	6	31.99	18.46	18.96	30.59	0.00	0.00
LBC	7	30.34	20.66	18.26	30.74	0.00	0.00
LBC	8	31.74	19.11	19.56	29.59	0.00	0.00
LBC	9	31.59	20.81	18.06	29.54	0.00	0.00
LBC	10	30.64	18.26	19.26	31.84	0.00	0.00
LBC	11	29.29	20.56	19.46	30.69	0.00	0.00
LBC	12	29.79	21.56	20.46	28.19	0.00	0.00
LBC	13	31.29	19.61	18.46	30.64	0.00	0.00
LBC	14	31.39	19.26	19.36	29.99	0.00	0.00
LBC	15	30.39	21.36	19.21	29.04	0.00	0.00
LBC	16	29.89	19.06	20.46	30.59	0.00	0.00
LBC	17	32.04	18.81	18.76	30.39	0.00	0.00
LBC	18	31.44	19.81	18.21	30.54	0.00	0.00
LBC	19	30.54	20.61	18.31	30.54	0.00	0.00
LBC	20	29.14	20.66	17.66	32.53	0.00	0.00
LBC	21	31.54	19.46	19.11	29.89	0.00	0.00
LBC	22	30.79	19.76	17.17	32.29	0.00	0.00
LBC	23	29.84	20.26	19.51	30.39	0.00	0.00
LBC	24	31.54	20.36	18.31	29.79	0.00	0.00
LBC	25	30.74	19.46	18.71	31.09	0.00	0.00
LBC	26	28.64	21.56	19.26	30.54	0.00	0.00
LBC	27	28.34	20.76	19.26	31.64	0.00	0.00
LBC	28	31.29	18.31	18.26	32.14	0.00	0.00
LBC	29	31.04	18.21	19.86	30.89	0.00	0.00
LBC	30	31.49	18.51	19.06	30.94	0.00	0.00
LBC	31	29.49	21.16	17.76	31.59	0.00	0.00
LBC	32	30.24	20.71	19.21	29.84	0.00	0.00
LBC	33	30.79	19.36	17.86	31.99	0.00	0.00
LBC	34	31.29	20.56	17.86	30.29	0.00	0.00
LBC	35	29.69	19.31	19.11	31.89	0.00	0.00
LBC	36	31.04	18.76	18.91	31.29	0.00	0.00
LBC	37	29.34	19.81	19.26	31.59	0.00	0.00
LBC	38	29.94	18.61	19.21	32.24	0.00	0.00
LBC	39	31.09	20.21	19.06	29.64	0.00	0.00
LBC	40	29.04	18.91	19.81	32.24	0.00	0.00
LBC	41	28.09	22.70	18.36	30.84	0.00	0.00
LBC	42	30.44	19.06	19.36	31.14	0.00	0.00
LBC	43	29.59	19.96	18.46	31.99	0.00	0.00
LBC	44	29.44	21.16	20.31	29.09	0.00	0.00
LBC	45	30.34	20.91	18.41	30.34	0.00	0.00
LBC	46	29.69	22.16	18.16	29.99	0.00	0.00
LBC	47	29.39	19.81	19.81	30.99	0.00	0.00
LBC	48	29.89	20.76	18.71	30.64	0.00	0.00
LBC	49	29.79	20.11	18.51	31.59	0.00	0.00
LBC	50	30.94	20.71	17.42	30.94	0.00	0.00
LBC	51	30.44	18.51	19.51	31.54	0.00	0.00
LBC	52	32.09	20.91	17.22	29.79	0.00	0.00
LBC	53	30.29	20.36	18.56	30.79	0.00	0.00
LBC	54	31.54	20.21	19.21	29.04	0.00	0.00
LBC	55	30.89	20.26	18.31	30.54	0.00	0.00
LBC	56	31.54	20.16	18.76	29.54	0.00	0.00
LBC	57	31.19	18.66	18.56	31.59	0.00	0.00
LBC	58	30.84	18.16	18.71	32.29	0.00	0.00
LBC	59	30.79	19.36	18.56	31.29	0.00	0.00
LBC	60	31.09	20.56	19.91	28.44	0.00	0.00
LBC	61	31.04	19.41	18.41	31.14	0.00	0.00
LBC	62	32.04	19.86	16.92	31.19	0.00	0.00
LBC	63	30.29	18.61	19.16	31.94	0.00	0.00
LBC	64	30.29	20.76	19.31	29.64	0.00	0.00
LBC	65	31.64	19.86	17.56	30.94	0.00	0.00
LBC	66	30.44	20.16	18.86	30.54	0.00	0.00
LBC	67	31.19	19.96	17.66	31.19	0.00	0.00
LBC	68	31.19	19.41	19.41	29.99	0.00	0.00
LBC	69	31.74	19.16	18.31	30.79	0.00	0.00
LBC	70	30.24	21.41	17.81	30.54	0.00	0.00
LBC	71	28.89	20.51	19.41	31.19	0.00	0.00
LBC	72	30.64	19.71	18.41	31.24	0.00	0.00
LBC	73	30.29	22.41	17.12	30.19	0.00	0.00
LBC	74	30.39	19.96	17.56	32.09	0.00	0.00
LBC	75	30.94	20.21	19.11	29.74	0.00	0.00
LBC	76	29.44	20.01	19.51	31.04	0.00	0.00
LBC	77	30.19	19.71	18.01	32.09	0.00	0.00
LBC	78	31.79	19.21	18.81	30.19	0.00	0.00
LBC	79	29.69	20.71	18.41	31.19	0.00	0.00
LBC	80	29.49	22.31	19.11	29.09	0.00	0.00
LBC	81	31.64	20.76	17.02	30.59	0.00	0.00
LBC	82	31.79	20.36	17.91	29.94	0.00	0.00
LBC	83	31.69	21.96	17.12	29.24	0.00	0.00
LBC	84	32.39	19.31	18.66	29.64	0.00	0.00
LBC	85	28.69	20.66	18.31	32.34	0.00	0.00
LBC	86	31.49	18.31	19.21	30.99	0.00	0.00
LBC	87	32.19	20.31	17.51	29.99	0.00	0.00
LBC	88	28.74	18.46	20.11	32.68	0.00	0.00
LBC	89	29.99	19.16	17.17	33.68	0.00	0.00
LBC	90	29.74	19.86	20.16	30.24	0.00	0.00
LBC	91	30.54	19.26	20.41	29.79	0.00	0.00
LBC	92	29.89	19.81	19.31	30.99	0.00	0.00
LBC	93	31.74	19.71	19.26	29.29	0.00	0.00
LBC	94	31.39	19.36	18.46	30.79	0.00	0.00
LBC	95	30.39	20.36	18.71	30.54	0.00	0.00
LBC	96	30.54	19.76	17.71	31.99	0.00	0.00
LBC	97	30.34	20.26	18.06	31.34	0.00	0.00
LBC	98	32.19	19.36	18.11	30.34	0.00	0.00
LBC	99	29.44	20.01	19.06	31.49	0.00	0.00
LBC	100	30.79	19.06	19.46	30.69	0.00	0.00
LBC	101	29.59	20.81	18.11	31.49	0.00	0.00
LBC	102	30.94	20.26	16.72	32.09	0.00	0.00
LBC	103	28.44	20.31	18.11	33.13	0.00	0.00
LBC	104	30.89	20.81	17.37	30.94	0.00	0.00
LBC	105	30.24	20.26	19.91	29.59	0.00	0.00
LBC	106	29.99	19.76	19.96	30.29	0.00	0.00
LBC	107	30.94	18.86	17.96	32.24	0.00	0.00
LBC	108	29.29	20.01	18.61	32.09	0.00	0.00
LBC	109	31.64	19.86	19.41	29.09	0.00	0.00
LBC	110	29.04	20.71	19.31	30.94	0.00	0.00
LBC	111	30.64	20.81	16.82	31.74	0.00	0.00
LBC	112	30.94	19.81	17.91	31.34	0.00	0.00
LBC	113	30.89	20.06	19.21	29.84	0.00	0.00
LBC	114	29.19	21.56	19.56	29.69	0.00	0.00
LBC	115	30.14	18.91	18.86	32.09	0.00	0.00
LBC	116	32.83	19.31	16.52	31.34	0.00	0.00
LBC	117	30.74	20.11	18.46	30.69	0.00	0.00
LBC	118	30.99	19.11	19.21	30.69	0.00	0.00
LBC	119	31.19	19.51	17.51	31.79	0.00	0.00
LBC	120	30.64	20.36	18.91	30.09	0.00	0.00
LBC	121	30.04	19.61	17.61	32.73	0.00	0.00
LBC	122	31.64	18.16	19.76	30.44	0.00	0.00
LBC	123	30.39	20.81	20.51	28.29	0.00	0.00
LBC	124	29.94	19.46	18.36	32.24	0.00	0.00
LBC	125	30.94	20.16	18.01	30.89	0.00	0.00
LBC	126	31.54	18.56	19.11	30.79	0.00	0.00
LBC	127	30.39	19.31	20.11	30.19	0.00	0.00
LBC	128	30.79	20.21	18.21	30.79	0.00	0.00
LBC	129	31.64	19.61	18.66	30.09	0.00	0.00
LBC	130	31.79	18.91	19.01	30.29	0.00	0.00
LBC	131	30.49	21.16	18.06	30.29	0.00	0.00
LBC	132	31.04	19.91	19.71	29.34	0.00	0.00
LBC	133	29.94	20.96	17.66	31.44	0.00	0.00
LBC	134	30.79	19.46	16.82	32.93	0.00	0.00
LBC	135	30.79	19.46	19.11	30.64	0.00	0.00
LBC	136	31.69	20.11	19.01	29.19	0.00	0.00
LBC	137	30.64	20.86	18.11	30.39	0.00	0.00
LBC	138	28.94	20.11	19.31	31.64	0.00	0.00
LBC	139	29.84	20.61	18.61	30.94	0.00	0.00
LBC	140	30.29	20.26	19.81	29.64	0.00	0.00
LBC	141	30.79	19.56	19.16	30.49	0.00	0.00
LBC	142	32.14	19.41	17.91	30.54	0.00	0.00
LBC	143	28.54	19.76	20.26	31.44	0.00	0.00
LBC	144	30.84	20.71	18.11	30.34	0.00	0.00
LBC	145	30.19	20.21	18.61	30.99	0.00	0.00
LBC	146	31.99	19.46	18.81	29.74	0.00	0.00
LBC	147	29.34	19.56	18.81	32.29	0.00	0.00
LBC	148	29.76	19.87	19.07	31.30	0.00	0.00
LBC	149	30.25	20.27	19.17	30.30	0.00	0.00
LBC	150	30.55	19.27	18.17	32.00	0.00	0.00
# ACGT raw counters for last fragments. Use `grep ^LTC | cut -f 2-` to extract this part. The columns are: A,C,G,T,N base counters
LTC	91853	60024	56201	92519	0
# Insert sizes. Use `grep ^IS | cut -f 2-` to extract this part. The columns are: insert size, pairs total, inward oriented pairs, outward oriented pairs, other pairs
IS	0	0	0	0	0
IS	1	0	0	0	0
IS	2	0	0	0	0
IS	3	0	0	0	0
IS	4	0	0	0	0
IS	5	0	0	0	0
IS	6	0	0	0	0
IS	7	0	0	0	0
IS	8	0	0	0	0
IS	9	0	0	0	0
IS	10	0	0	0	0
IS	11	0	0	0	0
IS	12	0	0	0	0
IS	13	0	0	0	0
IS	14	0	0	0	0
IS	15	0	0	0	0
IS	16	0	0	0	0
IS	17	0	0	0	0
IS	18	0	0	0	0
IS	19	0	0	0	0
IS	20	0	0	0	0
IS	21	0	0	0	0
IS	22	0	0	0	0
IS	23	0	0	0	0
IS	24	0	0	0	0
IS	25	0	0	0	0
IS	26	0	0	0	0
IS	27	0	0	0	0
IS	28	0	0	0	0
IS	29	0	0	0	0
IS	30	0	0	0	0
IS	31	0	0	0	0
IS	32	0	0	0	0
IS	33	0	0	0	0
IS	34	0	0	0	0
IS	35	0	0	0	0
IS	36	0	0	0	0
IS	37	0	0	0	0
IS	38	0	0	0	0
IS	39	0	0	0	0
IS	40	0	0	0	0
IS	41	0	0	0	0
IS	42	0	0	0	0
IS	43	0	0	0	0
IS	44	0	0	0	0
IS	45	0	0	0	0
IS	46	0	0	0	0
IS	47	0	0	0	0
IS	48	0	0	0	0
IS	49	0	0	0	0
IS	50	0	0	0	0
IS	51	0	0	0	0
IS	52	0	0	0	0
IS	53	0	0	0	0
IS	54	0	0	0	0
IS	55	0	0	0	0
IS	56	0	0	0	0
IS	57	0	0	0	0
IS	58	0	0	0	0
IS	59	0	0	0	0
IS	60	0	0	0	0
IS	61	0	0	0	0
IS	62	0	0	0	0
IS	63	0	0	0	0
IS	64	0	0	0	0
IS	65	0	0	0	0
IS	66	0	0	0	0
IS	67	0	0	0	0
IS	68	0	0	0	0
IS	69	0	0	0	0
IS	70	0	0	0	0
IS	71	0	0	0	0
IS	72	0	0	0	0
IS	73	0	0	0	0
IS	74	0	0	0	0
IS	75	0	0	0	0
IS	76	0	0	0	0
IS	77	0	0	0	0
IS	78	0	0	0	0
IS	79	0	0	0	0
IS	80	0	0	0	0
IS	81	0	0	0	0
IS	82	0	0	0	0
IS	83	0	0	0	0
IS	84	0	0	0	0
IS	85	0	0	0	0
IS	86	0	0	0	0
IS	87	0	0	0	0
IS	88	0	0	0	0
IS	89	0	0	0	0
IS	90	0	0	0	0
IS	91	0	0	0	0
IS	92	0	0	0	0
IS	93	0	0	0	0
IS	94	0	0	0	0
IS	95	0	0	0	0
IS	96	0	0	0	0
IS	97	0	0	0	0
IS	98	0	0	0	0
IS	99	0	0	0	0
IS	100	0	0	0	0
IS	101	0	0	0	0
IS	102	0	0	0	0
IS	103	0	0	0	0
IS	104	0	0	0	0
IS	105	0	0	0	0
IS	106	0	0	0	0
IS	107	0	0	0	0
IS	108	0	0	0	0
IS	109	0	0	0	0
IS	110	0	0	0	0
IS	111	0	0	0	0
IS	112	0	0	0	0
IS	113	0	0	0	0
IS	114	0	0	0	0
IS	115	0	0	0	0
IS	116	0	0	0	0
IS	117	0	0	0	0
IS	118	0	0	0	0
IS	119	0	0	0	0
IS	120	0	0	0	0
IS	121	0	0	0	0
IS	122	0	0	0	0
IS	123	0	0	0	0
IS	124	0	0	0	0
IS	125	0	0	0	0
IS	126	0	0	0	0
IS	127	0	0	0	0
IS	128	0	0	0	0
IS	129	0	0	0	0
IS	130	0	0	0	0
IS	131	0	0	0	0
IS	132	0	0	0	0
IS	133	0	0	0	0
IS	134	0	0	0	0
IS	135	0	0	0	0
IS	136	0	0	0	0
IS	137	0	0	0	0
IS	138	0	0	0	0
IS	139	0	0	0	0
IS	140	0	0	0	0
IS	141	0	0	0	0
IS	142	0	0	0	0
IS	143	0	0	0	0
IS	144	0	0	0	0
IS	145	0	0	0	0
IS	146	0	0	0	0
IS	147	0	0	0	0
IS	148	0	0	0	0
IS	149	0	0	0	0
IS	150	0	0	0	0
IS	151	0	0	0	0
IS	152	0	0	0	0
IS	153	0	0	0	0
IS	154	0	0	0	0
IS	155	0	0	0	0
IS	156	0	0	0	0
IS	157	0	0	0	0
IS	158	0	0	0	0
IS	159	0	0	0	0
IS	160	0	0	0	0
IS	161	0	0	0	0
IS	162	0	0	0	0
IS	163	0	0	0	0
IS	164	0	0	0	0
IS	165	0	0	0	0
IS	166	0	0	0	0
IS	167	0	0	0	0
IS	168	0	0	0	0
IS	169	0	0	0	0
IS	170	0	0	0	0
IS	171	0	0	0	0
IS	172	0	0	0	0
IS	173	0	0	0	0
IS	174	0	0	0	0
IS	175	0	0	0	0
IS	176	0	0	0	0
IS	177	0	0	0	0
IS	178	0	0	0	0
IS	179	0	0	0	0
IS	180	0	0	0	0
IS	181	0	0	0	0
IS	182	0	0	0	0
IS	183	0	0	0	0
IS	184	0	0	0	0
IS	185	0	0	0	0
IS	186	0	0	0	0
IS	187	0	0	0	0
IS	188	0	0	0	0
IS	189	0	0	0	0
IS	190	0	0	0	0
IS	191	0	0	0	0
IS	192	0	0	0	0
IS	193	0	0	0	0
IS	194	0	0	0	0
IS	195	0	0	0	0
IS	196	0	0	0	0
IS	197	0	0	0	0
IS	198	0	0	0	0
IS	199	0	0	0	0
IS	200	0	0	0	0
IS	201	0	0	0	0
IS	202	0	0	0	0
IS	203	0	0	0	0
IS	204	0	0	0	0
IS	205	0	0	0	0
IS	206	0	0	0	0
IS	207	0	0	0	0
IS	208	0	0	0	0
IS	209	0	0	0	0
IS	210	0	0	0	0
IS	211	0	0	0	0
IS	212	0	0	0	0
IS	213	0	0	0	0
IS	214	0	0	0	0
IS	215	0	0	0	0
IS	216	0	0	0	0
IS	217	0	0	0	0
IS	218	0	0	0	0
IS	219	0	0	0	0
IS	220	0	0	0	0
IS	221	0	0	0	0
IS	222	0	0	0	0
IS	223	0	0	0	0
IS	224	0	0	0	0
IS	225	0	0	0	0
IS	226	0	0	0	0
IS	227	0	0	0	0
IS	228	0	0	0	0
IS	229	0	0	0	0
IS	230	0	0	0	0
IS	231	0	0	0	0
IS	232	0	0	0	0
IS	233	0	0	0	0
IS	234	0	0	0	0
IS	235	0	0	0	0
IS	236	0	0	0	0
IS	237	0	0	0	0
IS	238	0	0	0	0
IS	239	0	0	0	0
IS	240	0	0	0	0
IS	241	0	0	0	0
IS	242	0	0	0	0
IS	243	0	0	0	0
IS	244	0	0	0	0
IS	245	0	0	0	0
IS	246	0	0	0	0
IS	247	0	0	0	0
IS	248	0	0	0	0
IS	249	0	0	0	0
IS	250	0	0	0	0
IS	251	0	0	0	0
IS	252	0	0	0	0
IS	253	0	0	0	0
IS	254	0	0	0	0
IS	255	0	0	0	0
IS	256	0	0	0	0
IS	257	0	0	0	0
IS	258	0	0	0	0
IS	259	0	0	0	0
IS	260	0	0	0	0
IS	261	0	0	0	0
IS	262	0	0	0	0
IS	263	0	0	0	0
IS	264	0	0	0	0
IS	265	0	0	0	0
IS	266	0	0	0	0
IS	267	0	0	0	0
IS	268	0	0	0	0
IS	269	0	0	0	0
IS	270	0	0	0	0
IS	271	0	0	0	0
IS	272	0	0	0	0
IS	273	0	0	0	0
IS	274	0	0	0	0
IS	275	0	0	0	0
IS	276	0	0	0	0
IS	277	0	0	0	0
IS	278	0	0	0	0
IS	279	0	0	0	0
IS	280	0	0	0	0
IS	281	0	0	0	0
IS	282	0	0	0	0
IS	283	0	0	0	0
IS	284	0	0	0	0
IS	285	0	0	0	0
IS	286	0	0	0	0
IS	287	0	0	0	0
IS	288	0	0	0	0
IS	289	0	0	0	0
IS	290	0	0	0	0
IS	291	0	0	0	0
IS	292	0	0	0	0
IS	293	0	0	0	0
IS	294	0	0	0	0
IS	295	0	0	0	0
IS	296	0	0	0	0
IS	297	0	0	0	0
IS	298	0	0	0	0
IS	299	0	0	0	0
IS	300	0	0	0	0
IS	301	0	0	0	0
IS	302	0	0	0	0
IS	303	0	0	0	0
IS	304	0	0	0	0
IS	305	0	0	0	0
IS	306	0	0	0	0
IS	307	0	0	0	0
IS	308	0	0	0	0
IS	309	0	0	0	0
IS	310	0	0	0	0
IS	311	0	0	0	0
IS	312	0	0	0	0
IS	313	0	0	0	0
IS	314	0	0	0	0
IS	315	0	0	0	0
IS	316	0	0	0	0
IS	317	0	0	0	0
IS	318	0	0	0	0
IS	319	0	0	0	0
IS	320	0	0	0	0
IS	321	0	0	0	0
IS	322	0	0	0	0
IS	323	0	0	0	0
IS	324	0	0	0	0
IS	325	0	0	0	0
IS	326	0	0	0	0
IS	327	0	0	0	0
IS	328	0	0	0	0
IS	329	1	1	0	0
IS	330	0	0	0	0
IS	331	0	0	0	0
IS	332	0	0	0	0
IS	333	0	0	0	0
IS	334	0	0	0	0
IS	335	0	0	0	0
IS	336	0	0	0	0
IS	337	0	0	0	0
IS	338	0	0	0	0
IS	339	0	0	0	0
IS	340	0	0	0	0
IS	341	0	0	0	0
IS	342	0	0	0	0
IS	343	0	0	0	0
IS	344	0	0	0	0
IS	345	0	0	0	0
IS	346	0	0	0	0
IS	347	0	0	0	0
IS	348	0	0	0	0
IS	349	0	0	0	0
IS	350	0	0	0	0
IS	351	0	0	0	0
IS	352	0	0	0	0
IS	353	0	0	0	0
IS	354	0	0	0	0
IS	355	1	1	0	0
IS	356	0	0	0	0
IS	357	0	0	0	0
IS	358	0	0	0	0
IS	359	0	0	0	0
IS	360	0	0	0	0
IS	361	0	0	0	0
IS	362	0	0	0	0
IS	363	0	0	0	0
IS	364	0	0	0	0
IS	365	1	1	0	0
IS	366	1	1	0	0
IS	367	0	0	0	0
IS	368	1	1	0	0
IS	369	1	1	0	0
IS	370	1	1	0	0
IS	371	0	0	0	0
IS	372	1	1	0	0
IS	373	0	0	0	0
IS	374	0	0	0	0
IS	375	1	1	0	0
IS	376	0	0	0	0
IS	377	1	1	0	0
IS	378	0	0	0	0
IS	379	4	4	0	0
IS	380	1	1	0	0
IS	381	1	1	0	0
IS	382	0	0	0	0
IS	383	0	0	0	0
IS	384	0	0	0	0
IS	385	2	2	0	0
IS	386	1	1	0	0
IS	387	1	1	0	0
IS	388	0	0	0	0
IS	389	2	2	0	0
IS	390	1	1	0	0
IS	391	0	0	0	0
IS	392	1	1	0	0
IS	393	1	1	0	0
IS	394	5	5	0	0
IS	395	1	1	0	0
IS	396	0	0	0	0
IS	397	0	0	0	0
IS	398	3	3	0	0
IS	399	2	2	0	0
IS	400	4	4	0	0
IS	401	3	3	0	0
IS	402	3	3	0	0
IS	403	4	4	0	0
IS	404	2	2	0	0
IS	405	3	3	0	0
IS	406	2	2	0	0
IS	407	2	2	0	0
IS	408	8	8	0	0
IS	409	3	3	0	0
IS	410	0	0	0	0
IS	411	4	4	0	0
IS	412	1	1	0	0
IS	413	2	2	0	0
IS	414	7	7	0	0
IS	415	5	5	0	0
IS	416	4	4	0	0
IS	417	5	5	0	0
IS	418	3	3	0	0
IS	419	3	3	0	0
IS	420	2	2	0	0
IS	421	1	1	0	0
IS	422	2	2	0	0
IS	423	3	3	0	0
IS	424	8	8	0	0
IS	425	10	10	0	0
IS	426	5	5	0	0
IS	427	7	7	0	0
IS	428	4	4	0	0
IS	429	10	10	0	0
IS	430	11	11	0	0
IS	431	3	3	0	0
IS	432	8	8	0	0
IS	433	2	2	0	0
IS	434	11	11	0	0
IS	435	4	4	0	0
IS	436	5	5	0	0
IS	437	9	9	0	0
IS	438	11	11	0	0
IS	439	8	8	0	0
IS	440	9	9	0	0
IS	441	7	7	0	0
IS	442	2	2	0	0
IS	443	7	7	0	0
IS	444	15	15	0	0
IS	445	8	8	0	0
IS	446	8	8	0	0
IS	447	6	6	0	0
IS	448	16	16	0	0
IS	449	19	19	0	0
IS	450	10	10	0	0
IS	451	7	7	0	0
IS	452	8	8	0	0
IS	453	12	12	0	0
IS	454	14	14	0	0
IS	455	11	11	0	0
IS	456	10	10	0	0
IS	457	8	8	0	0
IS	458	20	20	0	0
IS	459	12	12	0	0
IS	460	11	11	0	0
IS	461	15	15	0	0
IS	462	14	14	0	0
IS	463	12	12	0	0
IS	464	15	15	0	0
IS	465	10	10	0	0
IS	466	15	15	0	0
IS	467	11	11	0	0
IS	468	11	11	0	0
IS	469	16	16	0	0
IS	470	17	17	0	0
IS	471	5	5	0	0
IS	472	19	19	0	0
IS	473	17	17	0	0
IS	474	14	14	0	0
IS	475	9	9	0	0
IS	476	10	10	0	0
IS	477	14	14	0	0
IS	478	16	16	0	0
IS	479	15	15	0	0
IS	480	16	16	0	0
IS	481	12	12	0	0
IS	482	21	21	0	0
IS	483	4	4	0	0
IS	484	16	16	0	0
IS	485	13	13	0	0
IS	486	15	15	0	0
IS	487	24	24	0	0
IS	488	20	20	0	0
IS	489	17	17	0	0
IS	490	14	14	0	0
IS	491	12	12	0	0
IS	492	13	13	0	0
IS	493	16	16	0	0
IS	494	10	10	0	0
IS	495	15	15	0	0
IS	496	14	14	0	0
IS	497	10	10	0	0
IS	498	11	11	0	0
IS	499	25	25	0	0
IS	500	15	15	0	0
IS	501	12	12	0	0
IS	502	10	10	0	0
IS	503	22	22	0	0
IS	504	15	15	0	0
IS	505	15	15	0	0
IS	506	20	20	0	0
IS	507	14	14	0	0
IS	508	21	21	0	0
IS	509	12	12	0	0
IS	510	13	13	0	0
IS	511	21	21	0	0
IS	512	14	14	0	0
IS	513	19	19	0	0
IS	514	14	14	0	0
IS	515	14	14	0	0
IS	516	8	8	0	0
IS	517	20	20	0	0
IS	518	19	19	0	0
IS	519	14	14	0	0
IS	520	22	22	0	0
IS	521	10	10	0	0
IS	522	11	11	0	0
IS	523	16	16	0	0
IS	524	9	9	0	0
IS	525	14	14	0	0
IS	526	11	11	0	0
IS	527	17	17	0	0
IS	528	13	13	0	0
IS	529	10	10	0	0
IS	530	8	8	0	0
IS	531	14	14	0	0
IS	532	6	6	0	0
IS	533	8	8	0	0
IS	534	15	15	0	0
IS	535	11	11	0	0
IS	536	17	17	0	0
IS	537	14	14	0	0
IS	538	11	11	0	0
IS	539	16	16	0	0
IS	540	16	16	0	0
IS	541	18	18	0	0
IS	542	19	19	0	0
IS	543	7	7	0	0
IS	544	13	13	0	0
IS	545	19	19	0	0
IS	546	7	7	0	0
IS	547	6	6	0	0
IS	548	17	17	0	0
IS	549	7	7	0	0
IS	550	11	11	0	0
IS	551	10	10	0	0
IS	552	15	15	0	0
IS	553	11	11	0	0
IS	554	4	4	0	0
IS	555	2	2	0	0
IS	556	9	9	0	0
IS	557	5	5	0	0
IS	558	5	5	0	0
IS	559	8	8	0	0
IS	560	10	10	0	0
IS	561	2	2	0	0
IS	562	8	8	0	0
IS	563	5	5	0	0
IS	564	4	4	0	0
IS	565	6	6	0	0
IS	566	9	9	0	0
IS	567	8	8	0	0
IS	568	9	9	0	0
IS	569	4	4	0	0
IS	570	2	2	0	0
IS	571	6	6	0	0
IS	572	8	8	0	0
IS	573	7	7	0	0
IS	574	7	7	0	0
IS	575	4	4	0	0
IS	576	5	5	0	0
IS	577	3	3	0	0
IS	578	3	3	0	0
IS	579	3	3	0	0
IS	580	3	3	0	0
IS	581	4	4	0	0
IS	582	1	1	0	0
IS	583	0	0	0	0
IS	584	4	4	0	0
IS	585	3	3	0	0
IS	586	5	5	0	0
IS	587	2	2	0	0
IS	588	3	3	0	0
IS	589	7	7	0	0
IS	590	4	4	0	0
IS	591	6	6	0	0
IS	592	4	4	0	0
IS	593	3	3	0	0
IS	594	2	2	0	0
IS	595	3	3	0	0
IS	596	1	1	0	0
IS	597	2	2	0	0
IS	598	1	1	0	0
IS	599	1	1	0	0
IS	600	4	4	0	0
IS	601	3	3	0	0
IS	602	1	1	0	0
IS	603	2	2	0	0
IS	604	3	3	0	0
IS	605	3	3	0	0
IS	606	2	2	0	0
IS	607	1	1	0	0
IS	608	0	0	0	0
IS	609	0	0	0	0
IS	610	1	1	0	0
IS	611	2	2	0	0
IS	612	2	2	0	0
IS	613	1	1	0	0
IS	614	3	3	0	0
IS	615	2	2	0	0
IS	616	1	1	0	0
IS	617	1	1	0	0
IS	618	0	0	0	0
IS	619	1	1	0	0
IS	620	1	1	0	0
IS	621	4	4	0	0
# Read lengths. Use `grep ^RL | cut -f 2-` to extract this part. The columns are: read length, count
RL	147	1
RL	150	4007
# Read lengths - first fragments. Use `grep ^FRL | cut -f 2-` to extract this part. The columns are: read length, count
FRL	150	2004
# Read lengths - last fragments. Use `grep ^LRL | cut -f 2-` to extract this part. The columns are: read length, count
LRL	147	1
LRL	150	2003
# Mapping qualities for reads !(UNMAP|SECOND|SUPPL|QCFAIL|DUP). Use `grep ^MAPQ | cut -f 2-` to extract this part. The columns are: mapq, count
MAPQ	0	26
MAPQ	21	1
MAPQ	27	12
MAPQ	39	1
MAPQ	40	21
MAPQ	45	3
MAPQ	48	50
MAPQ	50	1
MAPQ	52	3
MAPQ	57	15
MAPQ	59	2
MAPQ	60	3873
# Indel distribution. Use `grep ^ID | cut -f 2-` to extract this part. The columns are: length, number of insertions, number of deletions
# Indels per cycle. Use `grep ^IC | cut -f 2-` to extract this part. The columns are: cycle, number of insertions (fwd), .. (rev) , number of deletions (fwd), .. (rev)
# Coverage distribution. Use `grep ^COV | cut -f 2-` to extract this part.
COV	[1-1]	1	4403
COV	[2-2]	2	9728
COV	[3-3]	3	14453
COV	[4-4]	4	19559
COV	[5-5]	5	20548
COV	[6-6]	6	17711
COV	[7-7]	7	13488
COV	[8-8]	8	8019
COV	[9-9]	9	4335
COV	[10-10]	10	2519
COV	[11-11]	11	1215
COV	[12-12]	12	562
COV	[13-13]	13	177
COV	[14-14]	14	96
COV	[15-15]	15	14
# GC-depth. Use `grep ^GCD | cut -f 2-` to extract this part. The columns are: GC%, unique sequence percentiles, 10th, 25th, 50th, 75th and 90th depth percentile
GCD	0.0	15.385	0.000	0.000	0.000	0.000	0.000
GCD	37.0	30.769	2.505	2.505	2.505	2.505	2.505
GCD	38.0	61.538	2.505	2.505	2.505	2.505	2.505
GCD	39.0	92.308	2.505	2.505	2.505	2.505	2.505
GCD	46.0	100.000	2.505	2.505	2.505	2.505	2.505
