# This file was produced by samtools stats (1.20+htslib-1.21) and can be plotted using plot-bamstats
# This file contains statistics for all reads.
# The command line was:  stats sample3825.sorted.bam
# CHK, Checksum	[2]Read Names	[3]Sequences	[4]Qualities
# CHK, CRC32 of reads which passed filtering followed by addition (32bit overflow)
CHK	ea75d622	6fde72a1	48363365
# Summary Numbers. Use `grep ^SN | cut -f 2-` to extract this part.
SN	raw total sequences:	4006	# excluding supplementary and secondary reads
SN	filtered sequences:	0
SN	sequences:	4006
SN	is sorted:	1
SN	1st fragments:	2003
SN	last fragments:	2003
SN	reads mapped:	4006
SN	reads mapped and paired:	4006	# paired-end technology bit set + both mates mapped
SN	reads unmapped:	0
SN	reads properly paired:	4006	# proper-pair bit set
SN	reads paired:	4006	# paired-end technology bit set
SN	reads duplicated:	0	# PCR or optical duplicate bit set
SN	reads MQ0:	10	# mapped and MQ=0
SN	reads QC failed:	0
SN	non-primary alignments:	0
SN	supplementary alignments:	0
SN	total length:	600893	# ignores clipping
SN	total first fragment length:	300449	# ignores clipping
SN	total last fragment length:	300444	# ignores clipping
SN	bases mapped:	600893	# ignores clipping
SN	bases mapped (cigar):	600893	# more accurate
SN	bases trimmed:	0
SN	bases duplicated:	0
SN	mismatches:	1100	# from NM fields
SN	error rate:	1.830609e-03	# mismatches / bases mapped (cigar)
SN	average length:	150
SN	average first fragment length:	150
SN	average last fragment length:	150
SN	maximum length:	150
SN	maximum first fragment length:	150
SN	maximum last fragment length:	150
SN	average quality:	30.0
SN	insert size average:	496.4
SN	insert size standard deviation:	48.3
SN	inward oriented pairs:	2003
SN	outward oriented pairs:	0
SN	pairs with other orientation:	0
SN	pairs on different chromosomes:	0
SN	percentage of properly paired reads (%):	100.0
# First Fragment Qualities. Use `grep ^FFQ | cut -f 2-` to extract this part.
# Columns correspond to qualities and rows to cycles. First column is the cycle number.
FFQ	1	0	0	0	0	0	0	0	0	0	0	0	0	0	0	0	0	0	0	0	0	0	0	0	0	0	0	0	0	0	0	2003	0
FFQ	2	0	0	0	0	0	0	0	0	0	0	0	0	0	0	0	0	0	0	0	0	0	0	0	0	0	0	0	0	0	0	2003	0
FFQ	3	0	0	0	0	0	0	0	0	0	0	0	0	0	0	0	0	0	0	0	0	0	0	0	0	0	0	0	0	0	0	2003	0
FFQ	4	0	0	0	0	0	0	0	0	0	0	0	0	0	0	0	0	0	0	0	0	0	0	0	0	0	0	0	0	0	0	2003	0
FFQ	5	0	0	0	0	0	0	0	0	0	0	0	0	0	0	0	0	0	0	0	0	0	0	0	0	0	0	0	0	0	0	2003	0
FFQ	6	0	0	0	0	0	0	0	0	0	0	0	0	0	0	0	0	0	0	0	0	0	0	0	0	0	0	0	0	0	0	2003	0
FFQ	7	0	0	0	0	0	0	0	0	0	0	0	0	0	0	0	0	0	0	0	0	0	0	0	0	0	0	0	0	0	0	2003	0
FFQ	8	0	0	0	0	0	0	0	0	0	0	0	0	0	0	0	0	0	0	0	0	0	0	0	0	0	0	0	0	0	0	2003	0
FFQ	9	0	0	0	0	0	0	0	0	0	0	0	0	0	0	0	0	0	0	0	0	0	0	0	0	0	0	0	0	0	0	2003	0
FFQ	10	0	0	0	0	0	0	0	0	0	0	0	0	0	0	0	0	0	0	0	0	0	0	0	0	0	0	0	0	0	0	2003	0
FFQ	11	0	0	0	0	0	0	0	0	0	0	0	0	0	0	0	0	0	0	0	0	0	0	0	0	0	0	0	0	0	0	2003	0
FFQ	12	0	0	0	0	0	0	0	0	0	0	0	0	0	0	0	0	0	0	0	0	0	0	0	0	0	0	0	0	0	0	2003	0
FFQ	13	0	0	0	0	0	0	0	0	0	0	0	0	0	0	0	0	0	0	0	0	0	0	0	0	0	0	0	0	0	0	2003	0
FFQ	14	0	0	0	0	0	0	0	0	0	0	0	0	0	0	0	0	0	0	0	0	0	0	0	0	0	0	0	0	0	0	2003	0
FFQ	15	0	0	0	0	0	0	0	0	0	0	0	0	0	0	0	0	0	0	0	0	0	0	0	0	0	0	0	0	0	0	2003	0
FFQ	16	0	0	0	0	0	0	0	0	0	0	0	0	0	0	0	0	0	0	0	0	0	0	0	0	0	0	0	0	0	0	2003	0
FFQ	17	0	0	0	0	0	0	0	0	0	0	0	0	0	0	0	0	0	0	0	0	0	0	0	0	0	0	0	0	0	0	2003	0
FFQ	18	0	0	0	0	0	0	0	0	0	0	0	0	0	0	0	0	0	0	0	0	0	0	0	0	0	0	0	0	0	0	2003	0
FFQ	19	0	0	0	0	0	0	0	0	0	0	0	0	0	0	0	0	0	0	0	0	0	0	0	0	0	0	0	0	0	0	2003	0
FFQ	20	0	0	0	0	0	0	0	0	0	0	0	0	0	0	0	0	0	0	0	0	0	0	0	0	0	0	0	0	0	0	2003	0
FFQ	21	0	0	0	0	0	0	0	0	0	0	0	0	0	0	0	0	0	0	0	0	0	0	0	0	0	0	0	0	0	0	2003	0
FFQ	22	0	0	0	0	0	0	0	0	0	0	0	0	0	0	0	0	0	0	0	0	0	0	0	0	0	0	0	0	0	0	2003	0
FFQ	23	0	0	0	0	0	0	0	0	0	0	0	0	0	0	0	0	0	0	0	0	0	0	0	0	0	0	0	0	0	0	2003	0
FFQ	24	0	0	0	0	0	0	0	0	0	0	0	0	0	0	0	0	0	0	0	0	0	0	0	0	0	0	0	0	0	0	2003	0
FFQ	25	0	0	0	0	0	0	0	0	0	0	0	0	0	0	0	0	0	0	0	0	0	0	0	0	0	0	0	0	0	0	2003	0
FFQ	26	0	0	0	0	0	0	0	0	0	0	0	0	0	0	0	0	0	0	0	0	0	0	0	0	0	0	0	0	0	0	2003	0
FFQ	27	0	0	0	0	0	0	0	0	0	0	0	0	0	0	0	0	0	0	0	0	0	0	0	0	0	0	0	0	0	0	2003	0
FFQ	28	0	0	0	0	0	0	0	0	0	0	0	0	0	0	0	0	0	0	0	0	0	0	0	0	0	0	0	0	0	0	2003	0
FFQ	29	0	0	0	0	0	0	0	0	0	0	0	0	0	0	0	0	0	0	0	0	0	0	0	0	0	0	0	0	0	0	2003	0
FFQ	30	0	0	0	0	0	0	0	0	0	0	0	0	0	0	0	0	0	0	0	0	0	0	0	0	0	0	0	0	0	0	2003	0
FFQ	31	0	0	0	0	0	0	0	0	0	0	0	0	0	0	0	0	0	0	0	0	0	0	0	0	0	0	0	0	0	0	2003	0
FFQ	32	0	0	0	0	0	0	0	0	0	0	0	0	0	0	0	0	0	0	0	0	0	0	0	0	0	0	0	0	0	0	2003	0
FFQ	33	0	0	0	0	0	0	0	0	0	0	0	0	0	0	0	0	0	0	0	0	0	0	0	0	0	0	0	0	0	0	2003	0
FFQ	34	0	0	0	0	0	0	0	0	0	0	0	0	0	0	0	0	0	0	0	0	0	0	0	0	0	0	0	0	0	0	2003	0
FFQ	35	0	0	0	0	0	0	0	0	0	0	0	0	0	0	0	0	0	0	0	0	0	0	0	0	0	0	0	0	0	0	2003	0
FFQ	36	0	0	0	0	0	0	0	0	0	0	0	0	0	0	0	0	0	0	0	0	0	0	0	0	0	0	0	0	0	0	2003	0
FFQ	37	0	0	0	0	0	0	0	0	0	0	0	0	0	0	0	0	0	0	0	0	0	0	0	0	0	0	0	0	0	0	2003	0
FFQ	38	0	0	0	0	0	0	0	0	0	0	0	0	0	0	0	0	0	0	0	0	0	0	0	0	0	0	0	0	0	0	2003	0
FFQ	39	0	0	0	0	0	0	0	0	0	0	0	0	0	0	0	0	0	0	0	0	0	0	0	0	0	0	0	0	0	0	2003	0
FFQ	40	0	0	0	0	0	0	0	0	0	0	0	0	0	0	0	0	0	0	0	0	0	0	0	0	0	0	0	0	0	0	2003	0
FFQ	41	0	0	0	0	0	0	0	0	0	0	0	0	0	0	0	0	0	0	0	0	0	0	0	0	0	0	0	0	0	0	2003	0
FFQ	42	0	0	0	0	0	0	0	0	0	0	0	0	0	0	0	0	0	0	0	0	0	0	0	0	0	0	0	0	0	0	2003	0
FFQ	43	0	0	0	0	0	0	0	0	0	0	0	0	0	0	0	0	0	0	0	0	0	0	0	0	0	0	0	0	0	0	2003	0
FFQ	44	0	0	0	0	0	0	0	0	0	0	0	0	0	0	0	0	0	0	0	0	0	0	0	0	0	0	0	0	0	0	2003	0
FFQ	45	0	0	0	0	0	0	0	0	0	0	0	0	0	0	0	0	0	0	0	0	0	0	0	0	0	0	0	0	0	0	2003	0
FFQ	46	0	0	0	0	0	0	0	0	0	0	0	0	0	0	0	0	0	0	0	0	0	0	0	0	0	0	0	0	0	0	2003	0
FFQ	47	0	0	0	0	0	0	0	0	0	0	0	0	0	0	0	0	0	0	0	0	0	0	0	0	0	0	0	0	0	0	2003	0
FFQ	48	0	0	0	0	0	0	0	0	0	0	0	0	0	0	0	0	0	0	0	0	0	0	0	0	0	0	0	0	0	0	2003	0
FFQ	49	0	0	0	0	0	0	0	0	0	0	0	0	0	0	0	0	0	0	0	0	0	0	0	0	0	0	0	0	0	0	2003	0
FFQ	50	0	0	0	0	0	0	0	0	0	0	0	0	0	0	0	0	0	0	0	0	0	0	0	0	0	0	0	0	0	0	2003	0
FFQ	51	0	0	0	0	0	0	0	0	0	0	0	0	0	0	0	0	0	0	0	0	0	0	0	0	0	0	0	0	0	0	2003	0
FFQ	52	0	0	0	0	0	0	0	0	0	0	0	0	0	0	0	0	0	0	0	0	0	0	0	0	0	0	0	0	0	0	2003	0
FFQ	53	0	0	0	0	0	0	0	0	0	0	0	0	0	0	0	0	0	0	0	0	0	0	0	0	0	0	0	0	0	0	2003	0
FFQ	54	0	0	0	0	0	0	0	0	0	0	0	0	0	0	0	0	0	0	0	0	0	0	0	0	0	0	0	0	0	0	2003	0
FFQ	55	0	0	0	0	0	0	0	0	0	0	0	0	0	0	0	0	0	0	0	0	0	0	0	0	0	0	0	0	0	0	2003	0
FFQ	56	0	0	0	0	0	0	0	0	0	0	0	0	0	0	0	0	0	0	0	0	0	0	0	0	0	0	0	0	0	0	2003	0
FFQ	57	0	0	0	0	0	0	0	0	0	0	0	0	0	0	0	0	0	0	0	0	0	0	0	0	0	0	0	0	0	0	2003	0
FFQ	58	0	0	0	0	0	0	0	0	0	0	0	0	0	0	0	0	0	0	0	0	0	0	0	0	0	0	0	0	0	0	2003	0
FFQ	59	0	0	0	0	0	0	0	0	0	0	0	0	0	0	0	0	0	0	0	0	0	0	0	0	0	0	0	0	0	0	2003	0
FFQ	60	0	0	0	0	0	0	0	0	0	0	0	0	0	0	0	0	0	0	0	0	0	0	0	0	0	0	0	0	0	0	2003	0
FFQ	61	0	0	0	0	0	0	0	0	0	0	0	0	0	0	0	0	0	0	0	0	0	0	0	0	0	0	0	0	0	0	2003	0
FFQ	62	0	0	0	0	0	0	0	0	0	0	0	0	0	0	0	0	0	0	0	0	0	0	0	0	0	0	0	0	0	0	2003	0
FFQ	63	0	0	0	0	0	0	0	0	0	0	0	0	0	0	0	0	0	0	0	0	0	0	0	0	0	0	0	0	0	0	2003	0
FFQ	64	0	0	0	0	0	0	0	0	0	0	0	0	0	0	0	0	0	0	0	0	0	0	0	0	0	0	0	0	0	0	2003	0
FFQ	65	0	0	0	0	0	0	0	0	0	0	0	0	0	0	0	0	0	0	0	0	0	0	0	0	0	0	0	0	0	0	2003	0
FFQ	66	0	0	0	0	0	0	0	0	0	0	0	0	0	0	0	0	0	0	0	0	0	0	0	0	0	0	0	0	0	0	2003	0
FFQ	67	0	0	0	0	0	0	0	0	0	0	0	0	0	0	0	0	0	0	0	0	0	0	0	0	0	0	0	0	0	0	2003	0
FFQ	68	0	0	0	0	0	0	0	0	0	0	0	0	0	0	0	0	0	0	0	0	0	0	0	0	0	0	0	0	0	0	2003	0
FFQ	69	0	0	0	0	0	0	0	0	0	0	0	0	0	0	0	0	0	0	0	0	0	0	0	0	0	0	0	0	0	0	2003	0
FFQ	70	0	0	0	0	0	0	0	0	0	0	0	0	0	0	0	0	0	0	0	0	0	0	0	0	0	0	0	0	0	0	2003	0
FFQ	71	0	0	0	0	0	0	0	0	0	0	0	0	0	0	0	0	0	0	0	0	0	0	0	0	0	0	0	0	0	0	2003	0
FFQ	72	0	0	0	0	0	0	0	0	0	0	0	0	0	0	0	0	0	0	0	0	0	0	0	0	0	0	0	0	0	0	2003	0
FFQ	73	0	0	0	0	0	0	0	0	0	0	0	0	0	0	0	0	0	0	0	0	0	0	0	0	0	0	0	0	0	0	2003	0
FFQ	74	0	0	0	0	0	0	0	0	0	0	0	0	0	0	0	0	0	0	0	0	0	0	0	0	0	0	0	0	0	0	2003	0
FFQ	75	0	0	0	0	0	0	0	0	0	0	0	0	0	0	0	0	0	0	0	0	0	0	0	0	0	0	0	0	0	0	2003	0
FFQ	76	0	0	0	0	0	0	0	0	0	0	0	0	0	0	0	0	0	0	0	0	0	0	0	0	0	0	0	0	0	0	2003	0
FFQ	77	0	0	0	0	0	0	0	0	0	0	0	0	0	0	0	0	0	0	0	0	0	0	0	0	0	0	0	0	0	0	2003	0
FFQ	78	0	0	0	0	0	0	0	0	0	0	0	0	0	0	0	0	0	0	0	0	0	0	0	0	0	0	0	0	0	0	2003	0
FFQ	79	0	0	0	0	0	0	0	0	0	0	0	0	0	0	0	0	0	0	0	0	0	0	0	0	0	0	0	0	0	0	2003	0
FFQ	80	0	0	0	0	0	0	0	0	0	0	0	0	0	0	0	0	0	0	0	0	0	0	0	0	0	0	0	0	0	0	2003	0
FFQ	81	0	0	0	0	0	0	0	0	0	0	0	0	0	0	0	0	0	0	0	0	0	0	0	0	0	0	0	0	0	0	2003	0
FFQ	82	0	0	0	0	0	0	0	0	0	0	0	0	0	0	0	0	0	0	0	0	0	0	0	0	0	0	0	0	0	0	2003	0
FFQ	83	0	0	0	0	0	0	0	0	0	0	0	0	0	0	0	0	0	0	0	0	0	0	0	0	0	0	0	0	0	0	2003	0
FFQ	84	0	0	0	0	0	0	0	0	0	0	0	0	0	0	0	0	0	0	0	0	0	0	0	0	0	0	0	0	0	0	2003	0
FFQ	85	0	0	0	0	0	0	0	0	0	0	0	0	0	0	0	0	0	0	0	0	0	0	0	0	0	0	0	0	0	0	2003	0
FFQ	86	0	0	0	0	0	0	0	0	0	0	0	0	0	0	0	0	0	0	0	0	0	0	0	0	0	0	0	0	0	0	2003	0
FFQ	87	0	0	0	0	0	0	0	0	0	0	0	0	0	0	0	0	0	0	0	0	0	0	0	0	0	0	0	0	0	0	2003	0
FFQ	88	0	0	0	0	0	0	0	0	0	0	0	0	0	0	0	0	0	0	0	0	0	0	0	0	0	0	0	0	0	0	2003	0
FFQ	89	0	0	0	0	0	0	0	0	0	0	0	0	0	0	0	0	0	0	0	0	0	0	0	0	0	0	0	0	0	0	2003	0
FFQ	90	0	0	0	0	0	0	0	0	0	0	0	0	0	0	0	0	0	0	0	0	0	0	0	0	0	0	0	0	0	0	2003	0
FFQ	91	0	0	0	0	0	0	0	0	0	0	0	0	0	0	0	0	0	0	0	0	0	0	0	0	0	0	0	0	0	0	2003	0
FFQ	92	0	0	0	0	0	0	0	0	0	0	0	0	0	0	0	0	0	0	0	0	0	0	0	0	0	0	0	0	0	0	2003	0
FFQ	93	0	0	0	0	0	0	0	0	0	0	0	0	0	0	0	0	0	0	0	0	0	0	0	0	0	0	0	0	0	0	2003	0
FFQ	94	0	0	0	0	0	0	0	0	0	0	0	0	0	0	0	0	0	0	0	0	0	0	0	0	0	0	0	0	0	0	2003	0
FFQ	95	0	0	0	0	0	0	0	0	0	0	0	0	0	0	0	0	0	0	0	0	0	0	0	0	0	0	0	0	0	0	2003	0
FFQ	96	0	0	0	0	0	0	0	0	0	0	0	0	0	0	0	0	0	0	0	0	0	0	0	0	0	0	0	0	0	0	2003	0
FFQ	97	0	0	0	0	0	0	0	0	0	0	0	0	0	0	0	0	0	0	0	0	0	0	0	0	0	0	0	0	0	0	2003	0
FFQ	98	0	0	0	0	0	0	0	0	0	0	0	0	0	0	0	0	0	0	0	0	0	0	0	0	0	0	0	0	0	0	2003	0
FFQ	99	0	0	0	0	0	0	0	0	0	0	0	0	0	0	0	0	0	0	0	0	0	0	0	0	0	0	0	0	0	0	2003	0
FFQ	100	0	0	0	0	0	0	0	0	0	0	0	0	0	0	0	0	0	0	0	0	0	0	0	0	0	0	0	0	0	0	2003	0
FFQ	101	0	0	0	0	0	0	0	0	0	0	0	0	0	0	0	0	0	0	0	0	0	0	0	0	0	0	0	0	0	0	2003	0
FFQ	102	0	0	0	0	0	0	0	0	0	0	0	0	0	0	0	0	0	0	0	0	0	0	0	0	0	0	0	0	0	0	2003	0
FFQ	103	0	0	0	0	0	0	0	0	0	0	0	0	0	0	0	0	0	0	0	0	0	0	0	0	0	0	0	0	0	0	2003	0
FFQ	104	0	0	0	0	0	0	0	0	0	0	0	0	0	0	0	0	0	0	0	0	0	0	0	0	0	0	0	0	0	0	2003	0
FFQ	105	0	0	0	0	0	0	0	0	0	0	0	0	0	0	0	0	0	0	0	0	0	0	0	0	0	0	0	0	0	0	2003	0
FFQ	106	0	0	0	0	0	0	0	0	0	0	0	0	0	0	0	0	0	0	0	0	0	0	0	0	0	0	0	0	0	0	2003	0
FFQ	107	0	0	0	0	0	0	0	0	0	0	0	0	0	0	0	0	0	0	0	0	0	0	0	0	0	0	0	0	0	0	2003	0
FFQ	108	0	0	0	0	0	0	0	0	0	0	0	0	0	0	0	0	0	0	0	0	0	0	0	0	0	0	0	0	0	0	2003	0
FFQ	109	0	0	0	0	0	0	0	0	0	0	0	0	0	0	0	0	0	0	0	0	0	0	0	0	0	0	0	0	0	0	2003	0
FFQ	110	0	0	0	0	0	0	0	0	0	0	0	0	0	0	0	0	0	0	0	0	0	0	0	0	0	0	0	0	0	0	2003	0
FFQ	111	0	0	0	0	0	0	0	0	0	0	0	0	0	0	0	0	0	0	0	0	0	0	0	0	0	0	0	0	0	0	2003	0
FFQ	112	0	0	0	0	0	0	0	0	0	0	0	0	0	0	0	0	0	0	0	0	0	0	0	0	0	0	0	0	0	0	2003	0
FFQ	113	0	0	0	0	0	0	0	0	0	0	0	0	0	0	0	0	0	0	0	0	0	0	0	0	0	0	0	0	0	0	2003	0
FFQ	114	0	0	0	0	0	0	0	0	0	0	0	0	0	0	0	0	0	0	0	0	0	0	0	0	0	0	0	0	0	0	2003	0
FFQ	115	0	0	0	0	0	0	0	0	0	0	0	0	0	0	0	0	0	0	0	0	0	0	0	0	0	0	0	0	0	0	2003	0
FFQ	116	0	0	0	0	0	0	0	0	0	0	0	0	0	0	0	0	0	0	0	0	0	0	0	0	0	0	0	0	0	0	2003	0
FFQ	117	0	0	0	0	0	0	0	0	0	0	0	0	0	0	0	0	0	0	0	0	0	0	0	0	0	0	0	0	0	0	2003	0
FFQ	118	0	0	0	0	0	0	0	0	0	0	0	0	0	0	0	0	0	0	0	0	0	0	0	0	0	0	0	0	0	0	2003	0
FFQ	119	0	0	0	0	0	0	0	0	0	0	0	0	0	0	0	0	0	0	0	0	0	0	0	0	0	0	0	0	0	0	2003	0
FFQ	120	0	0	0	0	0	0	0	0	0	0	0	0	0	0	0	0	0	0	0	0	0	0	0	0	0	0	0	0	0	0	2003	0
FFQ	121	0	0	0	0	0	0	0	0	0	0	0	0	0	0	0	0	0	0	0	0	0	0	0	0	0	0	0	0	0	0	2003	0
FFQ	122	0	0	0	0	0	0	0	0	0	0	0	0	0	0	0	0	0	0	0	0	0	0	0	0	0	0	0	0	0	0	2003	0
FFQ	123	0	0	0	0	0	0	0	0	0	0	0	0	0	0	0	0	0	0	0	0	0	0	0	0	0	0	0	0	0	0	2003	0
FFQ	124	0	0	0	0	0	0	0	0	0	0	0	0	0	0	0	0	0	0	0	0	0	0	0	0	0	0	0	0	0	0	2003	0
FFQ	125	0	0	0	0	0	0	0	0	0	0	0	0	0	0	0	0	0	0	0	0	0	0	0	0	0	0	0	0	0	0	2003	0
FFQ	126	0	0	0	0	0	0	0	0	0	0	0	0	0	0	0	0	0	0	0	0	0	0	0	0	0	0	0	0	0	0	2003	0
FFQ	127	0	0	0	0	0	0	0	0	0	0	0	0	0	0	0	0	0	0	0	0	0	0	0	0	0	0	0	0	0	0	2003	0
FFQ	128	0	0	0	0	0	0	0	0	0	0	0	0	0	0	0	0	0	0	0	0	0	0	0	0	0	0	0	0	0	0	2003	0
FFQ	129	0	0	0	0	0	0	0	0	0	0	0	0	0	0	0	0	0	0	0	0	0	0	0	0	0	0	0	0	0	0	2003	0
FFQ	130	0	0	0	0	0	0	0	0	0	0	0	0	0	0	0	0	0	0	0	0	0	0	0	0	0	0	0	0	0	0	2003	0
FFQ	131	0	0	0	0	0	0	0	0	0	0	0	0	0	0	0	0	0	0	0	0	0	0	0	0	0	0	0	0	0	0	2003	0
FFQ	132	0	0	0	0	0	0	0	0	0	0	0	0	0	0	0	0	0	0	0	0	0	0	0	0	0	0	0	0	0	0	2003	0
FFQ	133	0	0	0	0	0	0	0	0	0	0	0	0	0	0	0	0	0	0	0	0	0	0	0	0	0	0	0	0	0	0	2003	0
FFQ	134	0	0	0	0	0	0	0	0	0	0	0	0	0	0	0	0	0	0	0	0	0	0	0	0	0	0	0	0	0	0	2003	0
FFQ	135	0	0	0	0	0	0	0	0	0	0	0	0	0	0	0	0	0	0	0	0	0	0	0	0	0	0	0	0	0	0	2003	0
FFQ	136	0	0	0	0	0	0	0	0	0	0	0	0	0	0	0	0	0	0	0	0	0	0	0	0	0	0	0	0	0	0	2003	0
FFQ	137	0	0	0	0	0	0	0	0	0	0	0	0	0	0	0	0	0	0	0	0	0	0	0	0	0	0	0	0	0	0	2003	0
FFQ	138	0	0	0	0	0	0	0	0	0	0	0	0	0	0	0	0	0	0	0	0	0	0	0	0	0	0	0	0	0	0	2003	0
FFQ	139	0	0	0	0	0	0	0	0	0	0	0	0	0	0	0	0	0	0	0	0	0	0	0	0	0	0	0	0	0	0	2003	0
FFQ	140	0	0	0	0	0	0	0	0	0	0	0	0	0	0	0	0	0	0	0	0	0	0	0	0	0	0	0	0	0	0	2003	0
FFQ	141	0	0	0	0	0	0	0	0	0	0	0	0	0	0	0	0	0	0	0	0	0	0	0	0	0	0	0	0	0	0	2003	0
FFQ	142	0	0	0	0	0	0	0	0	0	0	0	0	0	0	0	0	0	0	0	0	0	0	0	0	0	0	0	0	0	0	2003	0
FFQ	143	0	0	0	0	0	0	0	0	0	0	0	0	0	0	0	0	0	0	0	0	0	0	0	0	0	0	0	0	0	0	2003	0
FFQ	144	0	0	0	0	0	0	0	0	0	0	0	0	0	0	0	0	0	0	0	0	0	0	0	0	0	0	0	0	0	0	2003	0
FFQ	145	0	0	0	0	0	0	0	0	0	0	0	0	0	0	0	0	0	0	0	0	0	0	0	0	0	0	0	0	0	0	2003	0
FFQ	146	0	0	0	0	0	0	0	0	0	0	0	0	0	0	0	0	0	0	0	0	0	0	0	0	0	0	0	0	0	0	2003	0
FFQ	147	0	0	0	0	0	0	0	0	0	0	0	0	0	0	0	0	0	0	0	0	0	0	0	0	0	0	0	0	0	0	2003	0
FFQ	148	0	0	0	0	0	0	0	0	0	0	0	0	0	0	0	0	0	0	0	0	0	0	0	0	0	0	0	0	0	0	2003	0
FFQ	149	0	0	0	0	0	0	0	0	0	0	0	0	0	0	0	0	0	0	0	0	0	0	0	0	0	0	0	0	0	0	2003	0
FFQ	150	0	0	0	0	0	0	0	0	0	0	0	0	0	0	0	0	0	0	0	0	0	0	0	0	0	0	0	0	0	0	2002	0
# Last Fragment Qualities. Use `grep ^LFQ | cut -f 2-` to extract this part.
# Columns correspond to qualities and rows to cycles. First column is the cycle number.
LFQ	1	0	0	0	0	0	0	0	0	0	0	0	0	0	0	0	0	0	0	0	0	0	0	0	0	0	0	0	0	0	0	2003	0
LFQ	2	0	0	0	0	0	0	0	0	0	0	0	0	0	0	0	0	0	0	0	0	0	0	0	0	0	0	0	0	0	0	2003	0
LFQ	3	0	0	0	0	0	0	0	0	0	0	0	0	0	0	0	0	0	0	0	0	0	0	0	0	0	0	0	0	0	0	2003	0
LFQ	4	0	0	0	0	0	0	0	0	0	0	0	0	0	0	0	0	0	0	0	0	0	0	0	0	0	0	0	0	0	0	2003	0
LFQ	5	0	0	0	0	0	0	0	0	0	0	0	0	0	0	0	0	0	0	0	0	0	0	0	0	0	0	0	0	0	0	2003	0
LFQ	6	0	0	0	0	0	0	0	0	0	0	0	0	0	0	0	0	0	0	0	0	0	0	0	0	0	0	0	0	0	0	2003	0
LFQ	7	0	0	0	0	0	0	0	0	0	0	0	0	0	0	0	0	0	0	0	0	0	0	0	0	0	0	0	0	0	0	2003	0
LFQ	8	0	0	0	0	0	0	0	0	0	0	0	0	0	0	0	0	0	0	0	0	0	0	0	0	0	0	0	0	0	0	2003	0
LFQ	9	0	0	0	0	0	0	0	0	0	0	0	0	0	0	0	0	0	0	0	0	0	0	0	0	0	0	0	0	0	0	2003	0
LFQ	10	0	0	0	0	0	0	0	0	0	0	0	0	0	0	0	0	0	0	0	0	0	0	0	0	0	0	0	0	0	0	2003	0
LFQ	11	0	0	0	0	0	0	0	0	0	0	0	0	0	0	0	0	0	0	0	0	0	0	0	0	0	0	0	0	0	0	2003	0
LFQ	12	0	0	0	0	0	0	0	0	0	0	0	0	0	0	0	0	0	0	0	0	0	0	0	0	0	0	0	0	0	0	2003	0
LFQ	13	0	0	0	0	0	0	0	0	0	0	0	0	0	0	0	0	0	0	0	0	0	0	0	0	0	0	0	0	0	0	2003	0
LFQ	14	0	0	0	0	0	0	0	0	0	0	0	0	0	0	0	0	0	0	0	0	0	0	0	0	0	0	0	0	0	0	2003	0
LFQ	15	0	0	0	0	0	0	0	0	0	0	0	0	0	0	0	0	0	0	0	0	0	0	0	0	0	0	0	0	0	0	2003	0
LFQ	16	0	0	0	0	0	0	0	0	0	0	0	0	0	0	0	0	0	0	0	0	0	0	0	0	0	0	0	0	0	0	2003	0
LFQ	17	0	0	0	0	0	0	0	0	0	0	0	0	0	0	0	0	0	0	0	0	0	0	0	0	0	0	0	0	0	0	2003	0
LFQ	18	0	0	0	0	0	0	0	0	0	0	0	0	0	0	0	0	0	0	0	0	0	0	0	0	0	0	0	0	0	0	2003	0
LFQ	19	0	0	0	0	0	0	0	0	0	0	0	0	0	0	0	0	0	0	0	0	0	0	0	0	0	0	0	0	0	0	2003	0
LFQ	20	0	0	0	0	0	0	0	0	0	0	0	0	0	0	0	0	0	0	0	0	0	0	0	0	0	0	0	0	0	0	2003	0
LFQ	21	0	0	0	0	0	0	0	0	0	0	0	0	0	0	0	0	0	0	0	0	0	0	0	0	0	0	0	0	0	0	2003	0
LFQ	22	0	0	0	0	0	0	0	0	0	0	0	0	0	0	0	0	0	0	0	0	0	0	0	0	0	0	0	0	0	0	2003	0
LFQ	23	0	0	0	0	0	0	0	0	0	0	0	0	0	0	0	0	0	0	0	0	0	0	0	0	0	0	0	0	0	0	2003	0
LFQ	24	0	0	0	0	0	0	0	0	0	0	0	0	0	0	0	0	0	0	0	0	0	0	0	0	0	0	0	0	0	0	2003	0
LFQ	25	0	0	0	0	0	0	0	0	0	0	0	0	0	0	0	0	0	0	0	0	0	0	0	0	0	0	0	0	0	0	2003	0
LFQ	26	0	0	0	0	0	0	0	0	0	0	0	0	0	0	0	0	0	0	0	0	0	0	0	0	0	0	0	0	0	0	2003	0
LFQ	27	0	0	0	0	0	0	0	0	0	0	0	0	0	0	0	0	0	0	0	0	0	0	0	0	0	0	0	0	0	0	2003	0
LFQ	28	0	0	0	0	0	0	0	0	0	0	0	0	0	0	0	0	0	0	0	0	0	0	0	0	0	0	0	0	0	0	2003	0
LFQ	29	0	0	0	0	0	0	0	0	0	0	0	0	0	0	0	0	0	0	0	0	0	0	0	0	0	0	0	0	0	0	2003	0
LFQ	30	0	0	0	0	0	0	0	0	0	0	0	0	0	0	0	0	0	0	0	0	0	0	0	0	0	0	0	0	0	0	2003	0
LFQ	31	0	0	0	0	0	0	0	0	0	0	0	0	0	0	0	0	0	0	0	0	0	0	0	0	0	0	0	0	0	0	2003	0
LFQ	32	0	0	0	0	0	0	0	0	0	0	0	0	0	0	0	0	0	0	0	0	0	0	0	0	0	0	0	0	0	0	2003	0
LFQ	33	0	0	0	0	0	0	0	0	0	0	0	0	0	0	0	0	0	0	0	0	0	0	0	0	0	0	0	0	0	0	2003	0
LFQ	34	0	0	0	0	0	0	0	0	0	0	0	0	0	0	0	0	0	0	0	0	0	0	0	0	0	0	0	0	0	0	2003	0
LFQ	35	0	0	0	0	0	0	0	0	0	0	0	0	0	0	0	0	0	0	0	0	0	0	0	0	0	0	0	0	0	0	2003	0
LFQ	36	0	0	0	0	0	0	0	0	0	0	0	0	0	0	0	0	0	0	0	0	0	0	0	0	0	0	0	0	0	0	2003	0
LFQ	37	0	0	0	0	0	0	0	0	0	0	0	0	0	0	0	0	0	0	0	0	0	0	0	0	0	0	0	0	0	0	2003	0
LFQ	38	0	0	0	0	0	0	0	0	0	0	0	0	0	0	0	0	0	0	0	0	0	0	0	0	0	0	0	0	0	0	2003	0
LFQ	39	0	0	0	0	0	0	0	0	0	0	0	0	0	0	0	0	0	0	0	0	0	0	0	0	0	0	0	0	0	0	2003	0
LFQ	40	0	0	0	0	0	0	0	0	0	0	0	0	0	0	0	0	0	0	0	0	0	0	0	0	0	0	0	0	0	0	2003	0
LFQ	41	0	0	0	0	0	0	0	0	0	0	0	0	0	0	0	0	0	0	0	0	0	0	0	0	0	0	0	0	0	0	2003	0
LFQ	42	0	0	0	0	0	0	0	0	0	0	0	0	0	0	0	0	0	0	0	0	0	0	0	0	0	0	0	0	0	0	2003	0
LFQ	43	0	0	0	0	0	0	0	0	0	0	0	0	0	0	0	0	0	0	0	0	0	0	0	0	0	0	0	0	0	0	2003	0
LFQ	44	0	0	0	0	0	0	0	0	0	0	0	0	0	0	0	0	0	0	0	0	0	0	0	0	0	0	0	0	0	0	2003	0
LFQ	45	0	0	0	0	0	0	0	0	0	0	0	0	0	0	0	0	0	0	0	0	0	0	0	0	0	0	0	0	0	0	2003	0
LFQ	46	0	0	0	0	0	0	0	0	0	0	0	0	0	0	0	0	0	0	0	0	0	0	0	0	0	0	0	0	0	0	2003	0
LFQ	47	0	0	0	0	0	0	0	0	0	0	0	0	0	0	0	0	0	0	0	0	0	0	0	0	0	0	0	0	0	0	2003	0
LFQ	48	0	0	0	0	0	0	0	0	0	0	0	0	0	0	0	0	0	0	0	0	0	0	0	0	0	0	0	0	0	0	2003	0
LFQ	49	0	0	0	0	0	0	0	0	0	0	0	0	0	0	0	0	0	0	0	0	0	0	0	0	0	0	0	0	0	0	2003	0
LFQ	50	0	0	0	0	0	0	0	0	0	0	0	0	0	0	0	0	0	0	0	0	0	0	0	0	0	0	0	0	0	0	2003	0
LFQ	51	0	0	0	0	0	0	0	0	0	0	0	0	0	0	0	0	0	0	0	0	0	0	0	0	0	0	0	0	0	0	2003	0
LFQ	52	0	0	0	0	0	0	0	0	0	0	0	0	0	0	0	0	0	0	0	0	0	0	0	0	0	0	0	0	0	0	2003	0
LFQ	53	0	0	0	0	0	0	0	0	0	0	0	0	0	0	0	0	0	0	0	0	0	0	0	0	0	0	0	0	0	0	2003	0
LFQ	54	0	0	0	0	0	0	0	0	0	0	0	0	0	0	0	0	0	0	0	0	0	0	0	0	0	0	0	0	0	0	2003	0
LFQ	55	0	0	0	0	0	0	0	0	0	0	0	0	0	0	0	0	0	0	0	0	0	0	0	0	0	0	0	0	0	0	2003	0
LFQ	56	0	0	0	0	0	0	0	0	0	0	0	0	0	0	0	0	0	0	0	0	0	0	0	0	0	0	0	0	0	0	2003	0
LFQ	57	0	0	0	0	0	0	0	0	0	0	0	0	0	0	0	0	0	0	0	0	0	0	0	0	0	0	0	0	0	0	2003	0
LFQ	58	0	0	0	0	0	0	0	0	0	0	0	0	0	0	0	0	0	0	0	0	0	0	0	0	0	0	0	0	0	0	2003	0
LFQ	59	0	0	0	0	0	0	0	0	0	0	0	0	0	0	0	0	0	0	0	0	0	0	0	0	0	0	0	0	0	0	2003	0
LFQ	60	0	0	0	0	0	0	0	0	0	0	0	0	0	0	0	0	0	0	0	0	0	0	0	0	0	0	0	0	0	0	2003	0
LFQ	61	0	0	0	0	0	0	0	0	0	0	0	0	0	0	0	0	0	0	0	0	0	0	0	0	0	0	0	0	0	0	2003	0
LFQ	62	0	0	0	0	0	0	0	0	0	0	0	0	0	0	0	0	0	0	0	0	0	0	0	0	0	0	0	0	0	0	2003	0
LFQ	63	0	0	0	0	0	0	0	0	0	0	0	0	0	0	0	0	0	0	0	0	0	0	0	0	0	0	0	0	0	0	2003	0
LFQ	64	0	0	0	0	0	0	0	0	0	0	0	0	0	0	0	0	0	0	0	0	0	0	0	0	0	0	0	0	0	0	2003	0
LFQ	65	0	0	0	0	0	0	0	0	0	0	0	0	0	0	0	0	0	0	0	0	0	0	0	0	0	0	0	0	0	0	2003	0
LFQ	66	0	0	0	0	0	0	0	0	0	0	0	0	0	0	0	0	0	0	0	0	0	0	0	0	0	0	0	0	0	0	2003	0
LFQ	67	0	0	0	0	0	0	0	0	0	0	0	0	0	0	0	0	0	0	0	0	0	0	0	0	0	0	0	0	0	0	2003	0
LFQ	68	0	0	0	0	0	0	0	0	0	0	0	0	0	0	0	0	0	0	0	0	0	0	0	0	0	0	0	0	0	0	2003	0
LFQ	69	0	0	0	0	0	0	0	0	0	0	0	0	0	0	0	0	0	0	0	0	0	0	0	0	0	0	0	0	0	0	2003	0
LFQ	70	0	0	0	0	0	0	0	0	0	0	0	0	0	0	0	0	0	0	0	0	0	0	0	0	0	0	0	0	0	0	2003	0
LFQ	71	0	0	0	0	0	0	0	0	0	0	0	0	0	0	0	0	0	0	0	0	0	0	0	0	0	0	0	0	0	0	2003	0
LFQ	72	0	0	0	0	0	0	0	0	0	0	0	0	0	0	0	0	0	0	0	0	0	0	0	0	0	0	0	0	0	0	2003	0
LFQ	73	0	0	0	0	0	0	0	0	0	0	0	0	0	0	0	0	0	0	0	0	0	0	0	0	0	0	0	0	0	0	2003	0
LFQ	74	0	0	0	0	0	0	0	0	0	0	0	0	0	0	0	0	0	0	0	0	0	0	0	0	0	0	0	0	0	0	2003	0
LFQ	75	0	0	0	0	0	0	0	0	0	0	0	0	0	0	0	0	0	0	0	0	0	0	0	0	0	0	0	0	0	0	2003	0
LFQ	76	0	0	0	0	0	0	0	0	0	0	0	0	0	0	0	0	0	0	0	0	0	0	0	0	0	0	0	0	0	0	2003	0
LFQ	77	0	0	0	0	0	0	0	0	0	0	0	0	0	0	0	0	0	0	0	0	0	0	0	0	0	0	0	0	0	0	2003	0
LFQ	78	0	0	0	0	0	0	0	0	0	0	0	0	0	0	0	0	0	0	0	0	0	0	0	0	0	0	0	0	0	0	2003	0
LFQ	79	0	0	0	0	0	0	0	0	0	0	0	0	0	0	0	0	0	0	0	0	0	0	0	0	0	0	0	0	0	0	2003	0
LFQ	80	0	0	0	0	0	0	0	0	0	0	0	0	0	0	0	0	0	0	0	0	0	0	0	0	0	0	0	0	0	0	2003	0
LFQ	81	0	0	0	0	0	0	0	0	0	0	0	0	0	0	0	0	0	0	0	0	0	0	0	0	0	0	0	0	0	0	2003	0
LFQ	82	0	0	0	0	0	0	0	0	0	0	0	0	0	0	0	0	0	0	0	0	0	0	0	0	0	0	0	0	0	0	2003	0
LFQ	83	0	0	0	0	0	0	0	0	0	0	0	0	0	0	0	0	0	0	0	0	0	0	0	0	0	0	0	0	0	0	2003	0
LFQ	84	0	0	0	0	0	0	0	0	0	0	0	0	0	0	0	0	0	0	0	0	0	0	0	0	0	0	0	0	0	0	2003	0
LFQ	85	0	0	0	0	0	0	0	0	0	0	0	0	0	0	0	0	0	0	0	0	0	0	0	0	0	0	0	0	0	0	2003	0
LFQ	86	0	0	0	0	0	0	0	0	0	0	0	0	0	0	0	0	0	0	0	0	0	0	0	0	0	0	0	0	0	0	2003	0
LFQ	87	0	0	0	0	0	0	0	0	0	0	0	0	0	0	0	0	0	0	0	0	0	0	0	0	0	0	0	0	0	0	2003	0
LFQ	88	0	0	0	0	0	0	0	0	0	0	0	0	0	0	0	0	0	0	0	0	0	0	0	0	0	0	0	0	0	0	2003	0
LFQ	89	0	0	0	0	0	0	0	0	0	0	0	0	0	0	0	0	0	0	0	0	0	0	0	0	0	0	0	0	0	0	2003	0
LFQ	90	0	0	0	0	0	0	0	0	0	0	0	0	0	0	0	0	0	0	0	0	0	0	0	0	0	0	0	0	0	0	2003	0
LFQ	91	0	0	0	0	0	0	0	0	0	0	0	0	0	0	0	0	0	0	0	0	0	0	0	0	0	0	0	0	0	0	2003	0
LFQ	92	0	0	0	0	0	0	0	0	0	0	0	0	0	0	0	0	0	0	0	0	0	0	0	0	0	0	0	0	0	0	2003	0
LFQ	93	0	0	0	0	0	0	0	0	0	0	0	0	0	0	0	0	0	0	0	0	0	0	0	0	0	0	0	0	0	0	2003	0
LFQ	94	0	0	0	0	0	0	0	0	0	0	0	0	0	0	0	0	0	0	0	0	0	0	0	0	0	0	0	0	0	0	2003	0
LFQ	95	0	0	0	0	0	0	0	0	0	0	0	0	0	0	0	0	0	0	0	0	0	0	0	0	0	0	0	0	0	0	2003	0
LFQ	96	0	0	0	0	0	0	0	0	0	0	0	0	0	0	0	0	0	0	0	0	0	0	0	0	0	0	0	0	0	0	2003	0
LFQ	97	0	0	0	0	0	0	0	0	0	0	0	0	0	0	0	0	0	0	0	0	0	0	0	0	0	0	0	0	0	0	2003	0
LFQ	98	0	0	0	0	0	0	0	0	0	0	0	0	0	0	0	0	0	0	0	0	0	0	0	0	0	0	0	0	0	0	2003	0
LFQ	99	0	0	0	0	0	0	0	0	0	0	0	0	0	0	0	0	0	0	0	0	0	0	0	0	0	0	0	0	0	0	2003	0
LFQ	100	0	0	0	0	0	0	0	0	0	0	0	0	0	0	0	0	0	0	0	0	0	0	0	0	0	0	0	0	0	0	2003	0
LFQ	101	0	0	0	0	0	0	0	0	0	0	0	0	0	0	0	0	0	0	0	0	0	0	0	0	0	0	0	0	0	0	2003	0
LFQ	102	0	0	0	0	0	0	0	0	0	0	0	0	0	0	0	0	0	0	0	0	0	0	0	0	0	0	0	0	0	0	2003	0
LFQ	103	0	0	0	0	0	0	0	0	0	0	0	0	0	0	0	0	0	0	0	0	0	0	0	0	0	0	0	0	0	0	2003	0
LFQ	104	0	0	0	0	0	0	0	0	0	0	0	0	0	0	0	0	0	0	0	0	0	0	0	0	0	0	0	0	0	0	2003	0
LFQ	105	0	0	0	0	0	0	0	0	0	0	0	0	0	0	0	0	0	0	0	0	0	0	0	0	0	0	0	0	0	0	2003	0
LFQ	106	0	0	0	0	0	0	0	0	0	0	0	0	0	0	0	0	0	0	0	0	0	0	0	0	0	0	0	0	0	0	2003	0
LFQ	107	0	0	0	0	0	0	0	0	0	0	0	0	0	0	0	0	0	0	0	0	0	0	0	0	0	0	0	0	0	0	2003	0
LFQ	108	0	0	0	0	0	0	0	0	0	0	0	0	0	0	0	0	0	0	0	0	0	0	0	0	0	0	0	0	0	0	2003	0
LFQ	109	0	0	0	0	0	0	0	0	0	0	0	0	0	0	0	0	0	0	0	0	0	0	0	0	0	0	0	0	0	0	2003	0
LFQ	110	0	0	0	0	0	0	0	0	0	0	0	0	0	0	0	0	0	0	0	0	0	0	0	0	0	0	0	0	0	0	2003	0
LFQ	111	0	0	0	0	0	0	0	0	0	0	0	0	0	0	0	0	0	0	0	0	0	0	0	0	0	0	0	0	0	0	2003	0
LFQ	112	0	0	0	0	0	0	0	0	0	0	0	0	0	0	0	0	0	0	0	0	0	0	0	0	0	0	0	0	0	0	2003	0
LFQ	113	0	0	0	0	0	0	0	0	0	0	0	0	0	0	0	0	0	0	0	0	0	0	0	0	0	0	0	0	0	0	2003	0
LFQ	114	0	0	0	0	0	0	0	0	0	0	0	0	0	0	0	0	0	0	0	0	0	0	0	0	0	0	0	0	0	0	2003	0
LFQ	115	0	0	0	0	0	0	0	0	0	0	0	0	0	0	0	0	0	0	0	0	0	0	0	0	0	0	0	0	0	0	2003	0
LFQ	116	0	0	0	0	0	0	0	0	0	0	0	0	0	0	0	0	0	0	0	0	0	0	0	0	0	0	0	0	0	0	2003	0
LFQ	117	0	0	0	0	0	0	0	0	0	0	0	0	0	0	0	0	0	0	0	0	0	0	0	0	0	0	0	0	0	0	2003	0
LFQ	118	0	0	0	0	0	0	0	0	0	0	0	0	0	0	0	0	0	0	0	0	0	0	0	0	0	0	0	0	0	0	2003	0
LFQ	119	0	0	0	0	0	0	0	0	0	0	0	0	0	0	0	0	0	0	0	0	0	0	0	0	0	0	0	0	0	0	2003	0
LFQ	120	0	0	0	0	0	0	0	0	0	0	0	0	0	0	0	0	0	0	0	0	0	0	0	0	0	0	0	0	0	0	2003	0
LFQ	121	0	0	0	0	0	0	0	0	0	0	0	0	0	0	0	0	0	0	0	0	0	0	0	0	0	0	0	0	0	0	2003	0
LFQ	122	0	0	0	0	0	0	0	0	0	0	0	0	0	0	0	0	0	0	0	0	0	0	0	0	0	0	0	0	0	0	2003	0
LFQ	123	0	0	0	0	0	0	0	0	0	0	0	0	0	0	0	0	0	0	0	0	0	0	0	0	0	0	0	0	0	0	2003	0
LFQ	124	0	0	0	0	0	0	0	0	0	0	0	0	0	0	0	0	0	0	0	0	0	0	0	0	0	0	0	0	0	0	2003	0
LFQ	125	0	0	0	0	0	0	0	0	0	0	0	0	0	0	0	0	0	0	0	0	0	0	0	0	0	0	0	0	0	0	2003	0
LFQ	126	0	0	0	0	0	0	0	0	0	0	0	0	0	0	0	0	0	0	0	0	0	0	0	0	0	0	0	0	0	0	2003	0
LFQ	127	0	0	0	0	0	0	0	0	0	0	0	0	0	0	0	0	0	0	0	0	0	0	0	0	0	0	0	0	0	0	2003	0
LFQ	128	0	0	0	0	0	0	0	0	0	0	0	0	0	0	0	0	0	0	0	0	0	0	0	0	0	0	0	0	0	0	2003	0
LFQ	129	0	0	0	0	0	0	0	0	0	0	0	0	0	0	0	0	0	0	0	0	0	0	0	0	0	0	0	0	0	0	2003	0
LFQ	130	0	0	0	0	0	0	0	0	0	0	0	0	0	0	0	0	0	0	0	0	0	0	0	0	0	0	0	0	0	0	2003	0
LFQ	131	0	0	0	0	0	0	0	0	0	0	0	0	0	0	0	0	0	0	0	0	0	0	0	0	0	0	0	0	0	0	2003	0
LFQ	132	0	0	0	0	0	0	0	0	0	0	0	0	0	0	0	0	0	0	0	0	0	0	0	0	0	0	0	0	0	0	2003	0
LFQ	133	0	0	0	0	0	0	0	0	0	0	0	0	0	0	0	0	0	0	0	0	0	0	0	0	0	0	0	0	0	0	2003	0
LFQ	134	0	0	0	0	0	0	0	0	0	0	0	0	0	0	0	0	0	0	0	0	0	0	0	0	0	0	0	0	0	0	2003	0
LFQ	135	0	0	0	0	0	0	0	0	0	0	0	0	0	0	0	0	0	0	0	0	0	0	0	0	0	0	0	0	0	0	2003	0
LFQ	136	0	0	0	0	0	0	0	0	0	0	0	0	0	0	0	0	0	0	0	0	0	0	0	0	0	0	0	0	0	0	2003	0
LFQ	137	0	0	0	0	0	0	0	0	0	0	0	0	0	0	0	0	0	0	0	0	0	0	0	0	0	0	0	0	0	0	2003	0
LFQ	138	0	0	0	0	0	0	0	0	0	0	0	0	0	0	0	0	0	0	0	0	0	0	0	0	0	0	0	0	0	0	2003	0
LFQ	139	0	0	0	0	0	0	0	0	0	0	0	0	0	0	0	0	0	0	0	0	0	0	0	0	0	0	0	0	0	0	2003	0
LFQ	140	0	0	0	0	0	0	0	0	0	0	0	0	0	0	0	0	0	0	0	0	0	0	0	0	0	0	0	0	0	0	2003	0
LFQ	141	0	0	0	0	0	0	0	0	0	0	0	0	0	0	0	0	0	0	0	0	0	0	0	0	0	0	0	0	0	0	2003	0
LFQ	142	0	0	0	0	0	0	0	0	0	0	0	0	0	0	0	0	0	0	0	0	0	0	0	0	0	0	0	0	0	0	2003	0
LFQ	143	0	0	0	0	0	0	0	0	0	0	0	0	0	0	0	0	0	0	0	0	0	0	0	0	0	0	0	0	0	0	2003	0
LFQ	144	0	0	0	0	0	0	0	0	0	0	0	0	0	0	0	0	0	0	0	0	0	0	0	0	0	0	0	0	0	0	2003	0
LFQ	145	0	0	0	0	0	0	0	0	0	0	0	0	0	0	0	0	0	0	0	0	0	0	0	0	0	0	0	0	0	0	2002	0
LFQ	146	0	0	0	0	0	0	0	0	0	0	0	0	0	0	0	0	0	0	0	0	0	0	0	0	0	0	0	0	0	0	2002	0
LFQ	147	0	0	0	0	0	0	0	0	0	0	0	0	0	0	0	0	0	0	0	0	0	0	0	0	0	0	0	0	0	0	2002	0
LFQ	148	0	0	0	0	0	0	0	0	0	0	0	0	0	0	0	0	0	0	0	0	0	0	0	0	0	0	0	0	0	0	2002	0
LFQ	149	0	0	0	0	0	0	0	0	0	0	0	0	0	0	0	0	0	0	0	0	0	0	0	0	0	0	0	0	0	0	2002	0
LFQ	150	0	0	0	0	0	0	0	0	0	0	0	0	0	0	0	0	0	0	0	0	0	0	0	0	0	0	0	0	0	0	2002	0
# GC Content of first fragments. Use `grep ^GCF | cut -f 2-` to extract this part.
GCF	3.27	0
GCF	6.78	2
GCF	7.29	1
GCF	12.06	0
GCF	16.83	2
GCF	17.34	0
GCF	18.09	2
GCF	19.85	1
GCF	21.86	2
GCF	22.86	5
GCF	23.37	3
GCF	24.12	17
GCF	24.87	10
GCF	25.88	14
GCF	26.88	16
GCF	28.14	25
GCF	29.40	29
GCF	30.15	32
GCF	30.90	43
GCF	31.41	40
GCF	32.41	46
GCF	33.42	73
GCF	33.92	64
GCF	34.67	75
GCF	35.43	79
GCF	35.93	66
GCF	36.68	80
GCF	37.44	79
GCF	37.94	70
GCF	38.69	76
GCF	39.45	56
GCF	39.95	70
GCF	40.70	65
GCF	41.46	74
GCF	41.96	49
GCF	42.71	51
GCF	43.47	60
GCF	44.47	64
GCF	45.48	46
GCF	45.98	39
GCF	46.73	37
GCF	47.49	46
GCF	47.99	36
GCF	48.74	34
GCF	49.50	20
GCF	50.00	18
GCF	50.75	12
GCF	51.51	15
GCF	52.01	5
GCF	52.76	18
GCF	53.52	3
GCF	54.02	11
GCF	54.77	4
GCF	55.78	5
GCF	56.78	8
GCF	57.79	2
GCF	58.79	3
GCF	59.55	1
GCF	60.05	2
GCF	60.80	3
GCF	61.81	2
GCF	63.82	0
GCF	65.58	2
GCF	66.33	0
GCF	67.34	1
GCF	69.10	0
GCF	70.60	1
# GC Content of last fragments. Use `grep ^GCL | cut -f 2-` to extract this part.
GCL	3.27	0
GCL	6.78	1
GCL	10.80	0
GCL	15.08	1
GCL	17.34	0
GCL	19.35	2
GCL	20.10	4
GCL	20.85	6
GCL	21.36	2
GCL	22.11	1
GCL	22.86	5
GCL	23.37	6
GCL	24.12	12
GCL	24.87	9
GCL	25.38	19
GCL	26.13	20
GCL	27.14	19
GCL	28.14	26
GCL	29.15	38
GCL	30.15	33
GCL	30.90	26
GCL	31.41	45
GCL	31.91	43
GCL	32.41	42
GCL	32.91	55
GCL	33.42	71
GCL	33.92	69
GCL	34.67	58
GCL	35.43	70
GCL	35.93	63
GCL	36.68	61
GCL	37.44	65
GCL	37.94	68
GCL	38.69	69
GCL	39.45	66
GCL	39.95	85
GCL	40.70	71
GCL	41.46	70
GCL	41.96	62
GCL	42.71	57
GCL	43.47	52
GCL	43.97	59
GCL	44.72	47
GCL	45.48	56
GCL	45.98	53
GCL	46.98	39
GCL	47.99	40
GCL	48.74	19
GCL	49.50	15
GCL	50.00	23
GCL	50.75	20
GCL	51.51	11
GCL	52.51	13
GCL	53.52	10
GCL	54.02	4
GCL	54.77	6
GCL	55.53	8
GCL	56.03	3
GCL	56.78	9
GCL	57.54	4
GCL	58.04	6
GCL	58.79	5
GCL	59.80	4
GCL	60.80	1
GCL	61.56	0
GCL	62.06	2
GCL	62.81	0
GCL	63.57	1
GCL	64.82	0
GCL	66.08	1
# ACGT content per cycle. Use `grep ^GCC | cut -f 2-` to extract this part. The columns are: cycle; A,C,G,T base counts as a percentage of all A/C/G/T bases [%]; and N and O counts as a percentage of all A/C/G/T bases [%]
GCC	1	29.83	19.57	19.95	30.65	0.00	0.00
GCC	2	29.73	20.34	18.52	31.40	0.00	0.00
GCC	3	30.83	19.15	19.22	30.80	0.00	0.00
GCC	4	30.18	19.47	18.52	31.83	0.00	0.00
GCC	5	29.96	19.62	18.55	31.88	0.00	0.00
GCC	6	29.73	19.97	19.75	30.55	0.00	0.00
GCC	7	30.35	19.57	19.27	30.80	0.00	0.00
GCC	8	30.53	19.37	19.20	30.90	0.00	0.00
GCC	9	31.80	20.69	17.20	30.30	0.00	0.00
GCC	10	30.83	19.70	20.07	29.41	0.00	0.00
GCC	11	29.43	21.77	18.62	30.18	0.00	0.00
GCC	12	31.10	19.67	18.85	30.38	0.00	0.00
GCC	13	30.08	20.64	18.80	30.48	0.00	0.00
GCC	14	31.15	20.34	18.72	29.78	0.00	0.00
GCC	15	30.30	19.95	19.52	30.23	0.00	0.00
GCC	16	31.03	18.57	19.72	30.68	0.00	0.00
GCC	17	30.25	20.27	18.97	30.50	0.00	0.00
GCC	18	32.05	19.07	18.02	30.85	0.00	0.00
GCC	19	31.35	18.90	18.67	31.08	0.00	0.00
GCC	20	28.26	18.90	20.84	32.00	0.00	0.00
GCC	21	29.51	19.90	19.17	31.43	0.00	0.00
GCC	22	30.73	19.95	20.04	29.28	0.00	0.00
GCC	23	29.81	19.10	18.97	32.13	0.00	0.00
GCC	24	30.73	20.82	18.70	29.76	0.00	0.00
GCC	25	31.55	19.47	18.22	30.75	0.00	0.00
GCC	26	30.20	20.84	18.22	30.73	0.00	0.00
GCC	27	29.28	19.40	20.02	31.30	0.00	0.00
GCC	28	30.43	19.07	19.50	31.00	0.00	0.00
GCC	29	30.93	20.19	18.35	30.53	0.00	0.00
GCC	30	31.40	20.24	18.12	30.23	0.00	0.00
GCC	31	30.83	18.82	19.80	30.55	0.00	0.00
GCC	32	29.43	19.90	18.72	31.95	0.00	0.00
GCC	33	30.35	18.70	19.52	31.43	0.00	0.00
GCC	34	31.05	18.55	19.47	30.93	0.00	0.00
GCC	35	30.95	20.37	18.92	29.76	0.00	0.00
GCC	36	30.13	19.67	19.32	30.88	0.00	0.00
GCC	37	29.43	20.02	19.12	31.43	0.00	0.00
GCC	38	30.10	20.87	18.82	30.20	0.00	0.00
GCC	39	31.08	20.37	18.15	30.40	0.00	0.00
GCC	40	29.81	19.22	18.67	32.30	0.00	0.00
GCC	41	31.30	19.82	18.07	30.80	0.00	0.00
GCC	42	30.88	19.47	19.55	30.10	0.00	0.00
GCC	43	29.03	19.97	20.00	31.00	0.00	0.00
GCC	44	30.98	19.77	18.77	30.48	0.00	0.00
GCC	45	30.40	20.22	20.24	29.13	0.00	0.00
GCC	46	30.38	20.37	19.10	30.15	0.00	0.00
GCC	47	29.63	20.07	18.52	31.78	0.00	0.00
GCC	48	30.33	20.72	18.97	29.98	0.00	0.00
GCC	49	30.58	19.12	19.02	31.28	0.00	0.00
GCC	50	30.25	19.17	18.87	31.70	0.00	0.00
GCC	51	31.93	18.95	17.65	31.48	0.00	0.00
GCC	52	29.61	18.97	19.57	31.85	0.00	0.00
GCC	53	30.18	19.50	19.70	30.63	0.00	0.00
GCC	54	30.15	19.20	19.72	30.93	0.00	0.00
GCC	55	30.50	19.17	18.65	31.68	0.00	0.00
GCC	56	30.53	20.52	19.35	29.61	0.00	0.00
GCC	57	30.93	19.55	18.55	30.98	0.00	0.00
GCC	58	30.23	19.30	18.72	31.75	0.00	0.00
GCC	59	30.85	20.39	18.60	30.15	0.00	0.00
GCC	60	31.85	18.97	18.87	30.30	0.00	0.00
GCC	61	29.63	21.09	18.95	30.33	0.00	0.00
GCC	62	29.71	18.87	19.32	32.10	0.00	0.00
GCC	63	29.63	20.14	19.32	30.90	0.00	0.00
GCC	64	30.23	20.27	18.55	30.95	0.00	0.00
GCC	65	30.38	19.55	19.25	30.83	0.00	0.00
GCC	66	29.96	19.32	19.82	30.90	0.00	0.00
GCC	67	30.80	20.57	19.00	29.63	0.00	0.00
GCC	68	31.60	19.87	18.07	30.45	0.00	0.00
GCC	69	30.18	20.32	19.27	30.23	0.00	0.00
GCC	70	31.38	20.67	17.65	30.30	0.00	0.00
GCC	71	31.48	19.12	19.50	29.91	0.00	0.00
GCC	72	30.83	20.04	19.30	29.83	0.00	0.00
GCC	73	29.03	20.79	18.72	31.45	0.00	0.00
GCC	74	31.48	19.87	18.22	30.43	0.00	0.00
GCC	75	30.68	19.62	19.62	30.08	0.00	0.00
GCC	76	31.98	19.67	18.80	29.56	0.00	0.00
GCC	77	30.25	19.87	19.00	30.88	0.00	0.00
GCC	78	29.61	20.27	19.05	31.08	0.00	0.00
GCC	79	29.61	20.22	19.00	31.18	0.00	0.00
GCC	80	30.90	20.17	18.10	30.83	0.00	0.00
GCC	81	30.80	19.52	19.07	30.60	0.00	0.00
GCC	82	30.40	19.47	19.77	30.35	0.00	0.00
GCC	83	29.91	20.77	18.75	30.58	0.00	0.00
GCC	84	30.83	19.82	18.30	31.05	0.00	0.00
GCC	85	30.98	19.45	19.42	30.15	0.00	0.00
GCC	86	31.70	19.72	18.60	29.98	0.00	0.00
GCC	87	30.58	19.97	18.72	30.73	0.00	0.00
GCC	88	29.78	18.92	19.32	31.98	0.00	0.00
GCC	89	32.05	19.60	18.30	30.05	0.00	0.00
GCC	90	30.03	19.82	19.00	31.15	0.00	0.00
GCC	91	30.00	20.17	18.75	31.08	0.00	0.00
GCC	92	30.13	20.42	18.22	31.23	0.00	0.00
GCC	93	29.36	19.22	19.20	32.23	0.00	0.00
GCC	94	30.08	20.44	18.95	30.53	0.00	0.00
GCC	95	31.23	18.72	19.12	30.93	0.00	0.00
GCC	96	30.88	20.57	18.52	30.03	0.00	0.00
GCC	97	30.33	20.42	18.82	30.43	0.00	0.00
GCC	98	30.90	19.25	17.72	32.13	0.00	0.00
GCC	99	30.30	20.69	18.47	30.53	0.00	0.00
GCC	100	30.65	20.74	19.07	29.53	0.00	0.00
GCC	101	30.63	20.34	18.50	30.53	0.00	0.00
GCC	102	31.08	20.72	18.10	30.10	0.00	0.00
GCC	103	30.73	19.97	19.32	29.98	0.00	0.00
GCC	104	32.08	20.09	17.87	29.96	0.00	0.00
GCC	105	30.55	19.77	18.35	31.33	0.00	0.00
GCC	106	31.03	19.22	18.85	30.90	0.00	0.00
GCC	107	31.28	19.72	18.75	30.25	0.00	0.00
GCC	108	31.40	19.97	18.37	30.25	0.00	0.00
GCC	109	30.50	19.92	18.27	31.30	0.00	0.00
GCC	110	31.50	19.95	18.80	29.76	0.00	0.00
GCC	111	28.83	20.37	20.19	30.60	0.00	0.00
GCC	112	30.78	19.77	19.25	30.20	0.00	0.00
GCC	113	30.75	20.59	17.97	30.68	0.00	0.00
GCC	114	30.63	20.00	19.42	29.96	0.00	0.00
GCC	115	30.70	19.65	19.05	30.60	0.00	0.00
GCC	116	30.48	19.57	18.62	31.33	0.00	0.00
GCC	117	29.81	20.02	19.47	30.70	0.00	0.00
GCC	118	30.70	20.59	19.77	28.93	0.00	0.00
GCC	119	31.03	19.85	18.25	30.88	0.00	0.00
GCC	120	31.70	19.72	18.80	29.78	0.00	0.00
GCC	121	31.15	19.77	19.70	29.38	0.00	0.00
GCC	122	30.18	20.39	20.24	29.18	0.00	0.00
GCC	123	30.28	20.04	19.52	30.15	0.00	0.00
GCC	124	30.30	20.24	18.62	30.83	0.00	0.00
GCC	125	30.73	19.52	19.30	30.45	0.00	0.00
GCC	126	30.18	20.62	18.90	30.30	0.00	0.00
GCC	127	31.10	20.82	18.07	30.00	0.00	0.00
GCC	128	30.15	19.70	18.60	31.55	0.00	0.00
GCC	129	30.70	19.10	19.22	30.98	0.00	0.00
GCC	130	29.91	20.14	20.04	29.91	0.00	0.00
GCC	131	30.88	19.90	18.50	30.73	0.00	0.00
GCC	132	30.48	20.12	18.60	30.80	0.00	0.00
GCC	133	29.98	20.04	17.65	32.33	0.00	0.00
GCC	134	30.30	19.57	18.02	32.10	0.00	0.00
GCC	135	30.78	18.80	19.90	30.53	0.00	0.00
GCC	136	30.78	19.77	19.62	29.83	0.00	0.00
GCC	137	30.93	18.70	19.52	30.85	0.00	0.00
GCC	138	29.88	19.67	19.47	30.98	0.00	0.00
GCC	139	29.13	20.07	19.37	31.43	0.00	0.00
GCC	140	29.33	20.04	19.15	31.48	0.00	0.00
GCC	141	30.45	18.65	19.50	31.40	0.00	0.00
GCC	142	29.41	20.84	18.80	30.95	0.00	0.00
GCC	143	30.95	19.80	17.97	31.28	0.00	0.00
GCC	144	30.83	20.09	19.70	29.38	0.00	0.00
GCC	145	30.21	19.65	18.20	31.94	0.00	0.00
GCC	146	29.26	20.12	19.78	30.84	0.00	0.00
GCC	147	30.94	19.45	18.98	30.64	0.00	0.00
GCC	148	31.59	21.17	18.00	29.24	0.00	0.00
GCC	149	31.34	19.55	18.85	30.26	0.00	0.00
GCC	150	31.12	19.41	18.38	31.09	0.00	0.00
# ACGT content per cycle, read oriented. Use `grep ^GCT | cut -f 2-` to extract this part. The columns are: cycle; A,C,G,T base counts as a percentage of all A/C/G/T bases [%]
GCT	1	29.86	18.52	20.99	30.63
GCT	2	30.93	19.92	18.95	30.20
GCT	3	31.28	18.82	19.55	30.35
GCT	4	32.25	18.67	19.32	29.76
GCT	5	31.13	18.22	19.95	30.70
GCT	6	29.66	19.92	19.80	30.63
GCT	7	31.28	19.42	19.42	29.88
GCT	8	31.05	19.02	19.55	30.38
GCT	9	31.50	19.37	18.52	30.60
GCT	10	30.93	19.67	20.09	29.31
GCT	11	31.00	19.32	21.07	28.61
GCT	12	31.00	19.90	18.62	30.48
GCT	13	29.81	18.70	20.74	30.75
GCT	14	31.13	19.45	19.62	29.81
GCT	15	30.15	19.07	20.39	30.38
GCT	16	31.10	18.87	19.42	30.60
GCT	17	30.63	19.32	19.92	30.13
GCT	18	32.95	18.55	18.55	29.96
GCT	19	30.83	18.70	18.87	31.60
GCT	20	30.40	19.17	20.57	29.86
GCT	21	30.10	20.52	18.55	30.83
GCT	22	29.36	19.55	20.44	30.65
GCT	23	31.70	19.02	19.05	30.23
GCT	24	30.70	19.47	20.04	29.78
GCT	25	32.08	19.27	18.42	30.23
GCT	26	31.03	19.65	19.42	29.91
GCT	27	30.48	19.67	19.75	30.10
GCT	28	30.08	18.35	20.22	31.35
GCT	29	30.38	18.87	19.67	31.08
GCT	30	30.90	19.22	19.15	30.73
GCT	31	31.40	20.12	18.50	29.98
GCT	32	30.85	19.60	19.02	30.53
GCT	33	31.28	19.85	18.37	30.50
GCT	34	30.95	19.67	18.35	31.03
GCT	35	30.40	19.10	20.19	30.30
GCT	36	31.03	19.85	19.15	29.98
GCT	37	29.98	19.20	19.95	30.88
GCT	38	29.71	19.80	19.90	30.60
GCT	39	31.88	18.95	19.57	29.61
GCT	40	30.78	18.77	19.12	31.33
GCT	41	32.10	18.85	19.05	30.00
GCT	42	31.15	19.67	19.35	29.83
GCT	43	29.28	19.95	20.02	30.75
GCT	44	30.80	19.27	19.27	30.65
GCT	45	30.35	20.19	20.27	29.18
GCT	46	29.96	20.42	19.05	30.58
GCT	47	31.30	20.52	18.07	30.10
GCT	48	30.93	19.05	20.64	29.38
GCT	49	29.71	19.22	18.92	32.15
GCT	50	30.00	19.45	18.60	31.95
GCT	51	32.18	18.82	17.77	31.23
GCT	52	30.13	19.27	19.27	31.33
GCT	53	29.56	19.60	19.60	31.25
GCT	54	30.23	20.04	18.87	30.85
GCT	55	31.63	19.47	18.35	30.55
GCT	56	31.18	20.09	19.77	28.96
GCT	57	31.43	18.57	19.52	30.48
GCT	58	31.43	19.57	18.45	30.55
GCT	59	30.10	18.77	20.22	30.90
GCT	60	32.00	18.65	19.20	30.15
GCT	61	29.78	19.97	20.07	30.18
GCT	62	31.35	19.65	18.55	30.45
GCT	63	31.35	19.55	19.92	29.18
GCT	64	31.95	19.27	19.55	29.23
GCT	65	31.63	19.27	19.52	29.58
GCT	66	31.40	18.70	20.44	29.46
GCT	67	31.60	19.75	19.82	28.83
GCT	68	32.15	19.60	18.35	29.91
GCT	69	31.28	19.55	20.04	29.13
GCT	70	31.10	18.92	19.40	30.58
GCT	71	31.60	19.72	18.90	29.78
GCT	72	30.55	19.60	19.75	30.10
GCT	73	30.55	19.95	19.57	29.93
GCT	74	30.70	19.27	18.82	31.20
GCT	75	30.25	19.62	19.62	30.50
GCT	76	31.33	19.75	18.72	30.20
GCT	77	29.81	20.00	18.87	31.33
GCT	78	30.18	19.32	20.00	30.50
GCT	79	30.35	19.70	19.52	30.43
GCT	80	30.85	18.50	19.77	30.88
GCT	81	30.23	19.47	19.12	31.18
GCT	82	29.33	19.12	20.12	31.43
GCT	83	30.50	19.80	19.72	29.98
GCT	84	31.33	18.85	19.27	30.55
GCT	85	31.30	18.65	20.22	29.83
GCT	86	31.55	18.60	19.72	30.13
GCT	87	30.95	18.72	19.97	30.35
GCT	88	31.03	19.20	19.05	30.73
GCT	89	30.45	19.12	18.77	31.65
GCT	90	30.45	19.27	19.55	30.73
GCT	91	29.83	19.92	19.00	31.25
GCT	92	32.43	19.90	18.75	28.93
GCT	93	31.08	18.97	19.45	30.50
GCT	94	30.55	19.25	20.14	30.05
GCT	95	30.93	19.10	18.75	31.23
GCT	96	30.90	19.52	19.57	30.00
GCT	97	30.10	20.12	19.12	30.65
GCT	98	31.93	18.00	18.97	31.10
GCT	99	29.23	20.04	19.12	31.60
GCT	100	30.33	21.29	18.52	29.86
GCT	101	30.43	19.57	19.27	30.73
GCT	102	30.85	19.57	19.25	30.33
GCT	103	29.88	18.65	20.64	30.83
GCT	104	30.73	18.12	19.85	31.30
GCT	105	31.43	18.72	19.40	30.45
GCT	106	30.33	18.35	19.72	31.60
GCT	107	30.63	19.90	18.57	30.90
GCT	108	31.03	19.12	19.22	30.63
GCT	109	30.85	19.25	18.95	30.95
GCT	110	31.28	19.60	19.15	29.98
GCT	111	30.10	20.77	19.80	29.33
GCT	112	31.10	19.57	19.45	29.88
GCT	113	30.53	18.90	19.67	30.90
GCT	114	30.98	19.42	20.00	29.61
GCT	115	30.18	19.75	18.95	31.13
GCT	116	31.50	18.47	19.72	30.30
GCT	117	30.63	19.52	19.97	29.88
GCT	118	30.05	20.32	20.04	29.58
GCT	119	31.28	18.02	20.07	30.63
GCT	120	31.55	18.70	19.82	29.93
GCT	121	29.86	19.35	20.12	30.68
GCT	122	30.00	19.85	20.79	29.36
GCT	123	29.93	20.02	19.55	30.50
GCT	124	30.45	19.32	19.55	30.68
GCT	125	31.63	19.25	19.57	29.56
GCT	126	30.25	19.82	19.70	30.23
GCT	127	30.00	18.50	20.39	31.10
GCT	128	31.48	19.30	19.00	30.23
GCT	129	30.93	19.75	18.57	30.75
GCT	130	30.40	20.17	20.02	29.41
GCT	131	31.30	19.85	18.55	30.30
GCT	132	30.45	19.87	18.85	30.83
GCT	133	30.73	18.87	18.82	31.58
GCT	134	31.63	18.02	19.57	30.78
GCT	135	31.48	19.47	19.22	29.83
GCT	136	31.23	20.09	19.30	29.38
GCT	137	31.53	18.37	19.85	30.25
GCT	138	30.15	19.62	19.52	30.70
GCT	139	30.65	19.22	20.22	29.91
GCT	140	31.20	20.24	18.95	29.61
GCT	141	31.38	19.15	19.00	30.48
GCT	142	30.83	19.65	20.00	29.53
GCT	143	30.70	18.92	18.85	31.53
GCT	144	29.73	20.52	19.27	30.48
GCT	145	31.36	19.18	18.68	30.79
GCT	146	30.61	20.10	19.80	29.49
GCT	147	30.89	19.48	18.95	30.69
GCT	148	30.89	18.85	20.32	29.94
GCT	149	30.89	19.13	19.28	30.71
GCT	150	30.67	18.86	18.93	31.54
# ACGT content per cycle for first fragments. Use `grep ^FBC | cut -f 2-` to extract this part. The columns are: cycle; A,C,G,T base counts as a percentage of all A/C/G/T bases [%]; and N and O counts as a percentage of all A/C/G/T bases [%]
FBC	1	29.76	19.82	19.82	30.60	0.00	0.00
FBC	2	29.91	19.92	18.87	31.30	0.00	0.00
FBC	3	32.20	18.07	19.72	30.00	0.00	0.00
FBC	4	32.05	18.82	18.47	30.65	0.00	0.00
FBC	5	29.71	19.67	18.47	32.15	0.00	0.00
FBC	6	29.96	19.97	19.07	31.00	0.00	0.00
FBC	7	31.85	18.62	19.22	30.30	0.00	0.00
FBC	8	30.00	19.82	19.87	30.30	0.00	0.00
FBC	9	32.30	20.77	17.62	29.31	0.00	0.00
FBC	10	31.25	18.97	19.62	30.15	0.00	0.00
FBC	11	28.81	21.72	19.77	29.71	0.00	0.00
FBC	12	32.00	18.97	17.92	31.10	0.00	0.00
FBC	13	30.05	21.42	18.47	30.05	0.00	0.00
FBC	14	31.55	20.67	18.47	29.31	0.00	0.00
FBC	15	30.05	20.02	18.97	30.95	0.00	0.00
FBC	16	29.26	18.92	20.32	31.50	0.00	0.00
FBC	17	30.15	19.82	18.62	31.40	0.00	0.00
FBC	18	31.70	18.92	18.07	31.30	0.00	0.00
FBC	19	30.95	18.37	18.47	32.20	0.00	0.00
FBC	20	26.81	18.57	22.27	32.35	0.00	0.00
FBC	21	28.96	21.27	19.17	30.60	0.00	0.00
FBC	22	30.05	20.97	19.17	29.81	0.00	0.00
FBC	23	30.10	18.67	18.12	33.10	0.00	0.00
FBC	24	30.70	20.22	18.97	30.10	0.00	0.00
FBC	25	31.80	19.82	18.32	30.05	0.00	0.00
FBC	26	30.70	20.92	18.67	29.71	0.00	0.00
FBC	27	29.26	19.17	20.02	31.55	0.00	0.00
FBC	28	28.66	19.22	19.82	32.30	0.00	0.00
FBC	29	30.25	19.47	19.02	31.25	0.00	0.00
FBC	30	31.10	21.12	17.92	29.86	0.00	0.00
FBC	31	29.81	19.72	20.27	30.20	0.00	0.00
FBC	32	29.96	19.52	19.02	31.50	0.00	0.00
FBC	33	30.45	18.77	18.37	32.40	0.00	0.00
FBC	34	30.40	18.67	19.02	31.90	0.00	0.00
FBC	35	30.35	20.32	18.32	31.00	0.00	0.00
FBC	36	30.60	19.97	18.42	31.00	0.00	0.00
FBC	37	29.91	20.32	18.27	31.50	0.00	0.00
FBC	38	30.25	20.77	19.42	29.56	0.00	0.00
FBC	39	30.85	20.77	17.42	30.95	0.00	0.00
FBC	40	29.51	19.67	19.57	31.25	0.00	0.00
FBC	41	31.20	19.32	18.87	30.60	0.00	0.00
FBC	42	30.25	20.07	19.37	30.30	0.00	0.00
FBC	43	29.51	19.97	20.02	30.50	0.00	0.00
FBC	44	30.30	19.92	19.42	30.35	0.00	0.00
FBC	45	29.86	21.07	19.22	29.86	0.00	0.00
FBC	46	29.71	20.82	19.32	30.15	0.00	0.00
FBC	47	30.05	19.47	18.92	31.55	0.00	0.00
FBC	48	30.15	20.32	20.02	29.51	0.00	0.00
FBC	49	29.76	19.42	19.32	31.50	0.00	0.00
FBC	50	30.05	18.57	18.67	32.70	0.00	0.00
FBC	51	31.20	19.47	18.27	31.05	0.00	0.00
FBC	52	30.10	18.72	18.47	32.70	0.00	0.00
FBC	53	30.50	19.87	18.62	31.00	0.00	0.00
FBC	54	30.05	18.62	19.47	31.85	0.00	0.00
FBC	55	31.25	19.82	19.27	29.66	0.00	0.00
FBC	56	31.45	20.77	18.42	29.36	0.00	0.00
FBC	57	31.90	19.07	17.22	31.80	0.00	0.00
FBC	58	29.71	19.42	17.67	33.20	0.00	0.00
FBC	59	29.41	20.47	19.47	30.65	0.00	0.00
FBC	60	32.40	18.97	18.52	30.10	0.00	0.00
FBC	61	28.61	22.12	17.87	31.40	0.00	0.00
FBC	62	30.15	18.97	19.07	31.80	0.00	0.00
FBC	63	29.86	19.37	18.97	31.80	0.00	0.00
FBC	64	30.75	19.92	18.37	30.95	0.00	0.00
FBC	65	30.65	18.72	19.67	30.95	0.00	0.00
FBC	66	29.26	19.47	20.87	30.40	0.00	0.00
FBC	67	30.20	21.52	18.97	29.31	0.00	0.00
FBC	68	30.95	19.47	17.87	31.70	0.00	0.00
FBC	69	30.90	20.17	19.12	29.81	0.00	0.00
FBC	70	31.25	20.37	17.97	30.40	0.00	0.00
FBC	71	30.90	19.72	19.42	29.96	0.00	0.00
FBC	72	29.71	20.12	19.77	30.40	0.00	0.00
FBC	73	29.66	20.72	18.47	31.15	0.00	0.00
FBC	74	30.00	20.12	17.82	32.05	0.00	0.00
FBC	75	29.51	19.32	20.37	30.80	0.00	0.00
FBC	76	32.30	19.62	18.62	29.46	0.00	0.00
FBC	77	30.25	19.47	19.57	30.70	0.00	0.00
FBC	78	29.91	20.27	19.22	30.60	0.00	0.00
FBC	79	29.61	19.87	18.62	31.90	0.00	0.00
FBC	80	29.61	20.67	18.22	31.50	0.00	0.00
FBC	81	29.61	19.22	19.72	31.45	0.00	0.00
FBC	82	30.80	18.72	19.57	30.90	0.00	0.00
FBC	83	28.96	20.72	18.72	31.60	0.00	0.00
FBC	84	30.15	19.97	18.27	31.60	0.00	0.00
FBC	85	30.50	20.47	19.77	29.26	0.00	0.00
FBC	86	31.00	19.07	19.07	30.85	0.00	0.00
FBC	87	29.71	19.07	20.27	30.95	0.00	0.00
FBC	88	30.00	18.42	18.82	32.75	0.00	0.00
FBC	89	31.25	20.07	17.27	31.40	0.00	0.00
FBC	90	28.96	20.27	19.42	31.35	0.00	0.00
FBC	91	29.26	20.67	18.02	32.05	0.00	0.00
FBC	92	29.71	20.92	17.77	31.60	0.00	0.00
FBC	93	27.71	19.77	19.92	32.60	0.00	0.00
FBC	94	29.61	20.77	18.42	31.20	0.00	0.00
FBC	95	31.35	18.57	19.67	30.40	0.00	0.00
FBC	96	31.75	20.67	16.82	30.75	0.00	0.00
FBC	97	30.80	21.22	18.92	29.06	0.00	0.00
FBC	98	30.45	19.22	17.82	32.50	0.00	0.00
FBC	99	29.86	21.52	18.52	30.10	0.00	0.00
FBC	100	30.15	21.67	18.87	29.31	0.00	0.00
FBC	101	30.70	20.32	16.92	32.05	0.00	0.00
FBC	102	30.50	20.82	16.63	32.05	0.00	0.00
FBC	103	30.80	19.57	19.27	30.35	0.00	0.00
FBC	104	32.10	19.87	17.32	30.70	0.00	0.00
FBC	105	30.65	19.72	18.62	31.00	0.00	0.00
FBC	106	29.51	19.57	19.02	31.90	0.00	0.00
FBC	107	31.10	20.32	18.22	30.35	0.00	0.00
FBC	108	31.30	20.07	18.67	29.96	0.00	0.00
FBC	109	30.55	20.92	17.87	30.65	0.00	0.00
FBC	110	31.50	18.97	19.07	30.45	0.00	0.00
FBC	111	26.01	20.22	22.22	31.55	0.00	0.00
FBC	112	30.45	19.87	19.02	30.65	0.00	0.00
FBC	113	30.80	19.47	17.57	32.15	0.00	0.00
FBC	114	29.76	20.72	18.52	31.00	0.00	0.00
FBC	115	29.86	19.37	18.77	32.00	0.00	0.00
FBC	116	29.66	19.17	18.82	32.35	0.00	0.00
FBC	117	28.76	20.47	20.27	30.50	0.00	0.00
FBC	118	30.20	21.07	19.92	28.81	0.00	0.00
FBC	119	31.05	19.37	17.72	31.85	0.00	0.00
FBC	120	31.45	19.77	18.87	29.91	0.00	0.00
FBC	121	31.70	19.22	19.92	29.16	0.00	0.00
FBC	122	30.75	20.67	19.37	29.21	0.00	0.00
FBC	123	29.56	19.72	18.82	31.90	0.00	0.00
FBC	124	29.31	20.17	18.67	31.85	0.00	0.00
FBC	125	30.40	19.82	19.62	30.15	0.00	0.00
FBC	126	29.51	20.62	18.97	30.90	0.00	0.00
FBC	127	30.65	21.67	17.52	30.15	0.00	0.00
FBC	128	29.01	19.77	18.22	33.00	0.00	0.00
FBC	129	31.25	19.12	19.57	30.05	0.00	0.00
FBC	130	30.60	19.97	20.77	28.66	0.00	0.00
FBC	131	31.75	19.72	18.22	30.30	0.00	0.00
FBC	132	30.40	19.82	18.47	31.30	0.00	0.00
FBC	133	29.16	20.82	17.27	32.75	0.00	0.00
FBC	134	30.20	19.62	18.37	31.80	0.00	0.00
FBC	135	31.35	19.37	20.72	28.56	0.00	0.00
FBC	136	31.00	19.17	19.97	29.86	0.00	0.00
FBC	137	31.95	18.02	19.32	30.70	0.00	0.00
FBC	138	29.76	19.67	19.42	31.15	0.00	0.00
FBC	139	28.91	20.82	20.37	29.91	0.00	0.00
FBC	140	30.05	20.02	18.12	31.80	0.00	0.00
FBC	141	29.96	18.62	20.07	31.35	0.00	0.00
FBC	142	30.35	21.32	18.22	30.10	0.00	0.00
FBC	143	29.76	20.12	17.47	32.65	0.00	0.00
FBC	144	31.40	18.97	19.27	30.35	0.00	0.00
FBC	145	30.45	19.72	17.72	32.10	0.00	0.00
FBC	146	29.91	19.67	20.02	30.40	0.00	0.00
FBC	147	30.80	19.17	18.97	31.05	0.00	0.00
FBC	148	32.00	21.77	17.17	29.06	0.00	0.00
FBC	149	31.90	19.37	19.02	29.71	0.00	0.00
FBC	150	31.02	19.63	18.88	30.47	0.00	0.00
# ACGT raw counters for first fragments. Use `grep ^FTC | cut -f 2-` to extract this part. The columns are: A,C,G,T,N base counters
FTC	91138	59733	56775	92803	0
# ACGT content per cycle for last fragments. Use `grep ^LBC | cut -f 2-` to extract this part. The columns are: cycle; A,C,G,T base counts as a percentage of all A/C/G/T bases [%]; and N and O counts as a percentage of all A/C/G/T bases [%]
LBC	1	29.91	19.32	20.07	30.70	0.00	0.00
LBC	2	29.56	20.77	18.17	31.50	0.00	0.00
LBC	3	29.46	20.22	18.72	31.60	0.00	0.00
LBC	4	28.31	20.12	18.57	33.00	0.00	0.00
LBC	5	30.20	19.57	18.62	31.60	0.00	0.00
LBC	6	29.51	19.97	20.42	30.10	0.00	0.00
LBC	7	28.86	20.52	19.32	31.30	0.00	0.00
LBC	8	31.05	18.92	18.52	31.50	0.00	0.00
LBC	9	31.30	20.62	16.77	31.30	0.00	0.00
LBC	10	30.40	20.42	20.52	28.66	0.00	0.00
LBC	11	30.05	21.82	17.47	30.65	0.00	0.00
LBC	12	30.20	20.37	19.77	29.66	0.00	0.00
LBC	13	30.10	19.87	19.12	30.90	0.00	0.00
LBC	14	30.75	20.02	18.97	30.25	0.00	0.00
LBC	15	30.55	19.87	20.07	29.51	0.00	0.00
LBC	16	32.80	18.22	19.12	29.86	0.00	0.00
LBC	17	30.35	20.72	19.32	29.61	0.00	0.00
LBC	18	32.40	19.22	17.97	30.40	0.00	0.00
LBC	19	31.75	19.42	18.87	29.96	0.00	0.00
LBC	20	29.71	19.22	19.42	31.65	0.00	0.00
LBC	21	30.05	18.52	19.17	32.25	0.00	0.00
LBC	22	31.40	18.92	20.92	28.76	0.00	0.00
LBC	23	29.51	19.52	19.82	31.15	0.00	0.00
LBC	24	30.75	21.42	18.42	29.41	0.00	0.00
LBC	25	31.30	19.12	18.12	31.45	0.00	0.00
LBC	26	29.71	20.77	17.77	31.75	0.00	0.00
LBC	27	29.31	19.62	20.02	31.05	0.00	0.00
LBC	28	32.20	18.92	19.17	29.71	0.00	0.00
LBC	29	31.60	20.92	17.67	29.81	0.00	0.00
LBC	30	31.70	19.37	18.32	30.60	0.00	0.00
LBC	31	31.85	17.92	19.32	30.90	0.00	0.00
LBC	32	28.91	20.27	18.42	32.40	0.00	0.00
LBC	33	30.25	18.62	20.67	30.45	0.00	0.00
LBC	34	31.70	18.42	19.92	29.96	0.00	0.00
LBC	35	31.55	20.42	19.52	28.51	0.00	0.00
LBC	36	29.66	19.37	20.22	30.75	0.00	0.00
LBC	37	28.96	19.72	19.97	31.35	0.00	0.00
LBC	38	29.96	20.97	18.22	30.85	0.00	0.00
LBC	39	31.30	19.97	18.87	29.86	0.00	0.00
LBC	40	30.10	18.77	17.77	33.35	0.00	0.00
LBC	41	31.40	20.32	17.27	31.00	0.00	0.00
LBC	42	31.50	18.87	19.72	29.91	0.00	0.00
LBC	43	28.56	19.97	19.97	31.50	0.00	0.00
LBC	44	31.65	19.62	18.12	30.60	0.00	0.00
LBC	45	30.95	19.37	21.27	28.41	0.00	0.00
LBC	46	31.05	19.92	18.87	30.15	0.00	0.00
LBC	47	29.21	20.67	18.12	32.00	0.00	0.00
LBC	48	30.50	21.12	17.92	30.45	0.00	0.00
LBC	49	31.40	18.82	18.72	31.05	0.00	0.00
LBC	50	30.45	19.77	19.07	30.70	0.00	0.00
LBC	51	32.65	18.42	17.02	31.90	0.00	0.00
LBC	52	29.11	19.22	20.67	31.00	0.00	0.00
LBC	53	29.86	19.12	20.77	30.25	0.00	0.00
LBC	54	30.25	19.77	19.97	30.00	0.00	0.00
LBC	55	29.76	18.52	18.02	33.70	0.00	0.00
LBC	56	29.61	20.27	20.27	29.86	0.00	0.00
LBC	57	29.96	20.02	19.87	30.15	0.00	0.00
LBC	58	30.75	19.17	19.77	30.30	0.00	0.00
LBC	59	32.30	20.32	17.72	29.66	0.00	0.00
LBC	60	31.30	18.97	19.22	30.50	0.00	0.00
LBC	61	30.65	20.07	20.02	29.26	0.00	0.00
LBC	62	29.26	18.77	19.57	32.40	0.00	0.00
LBC	63	29.41	20.92	19.67	30.00	0.00	0.00
LBC	64	29.71	20.62	18.72	30.95	0.00	0.00
LBC	65	30.10	20.37	18.82	30.70	0.00	0.00
LBC	66	30.65	19.17	18.77	31.40	0.00	0.00
LBC	67	31.40	19.62	19.02	29.96	0.00	0.00
LBC	68	32.25	20.27	18.27	29.21	0.00	0.00
LBC	69	29.46	20.47	19.42	30.65	0.00	0.00
LBC	70	31.50	20.97	17.32	30.20	0.00	0.00
LBC	71	32.05	18.52	19.57	29.86	0.00	0.00
LBC	72	31.95	19.97	18.82	29.26	0.00	0.00
LBC	73	28.41	20.87	18.97	31.75	0.00	0.00
LBC	74	32.95	19.62	18.62	28.81	0.00	0.00
LBC	75	31.85	19.92	18.87	29.36	0.00	0.00
LBC	76	31.65	19.72	18.97	29.66	0.00	0.00
LBC	77	30.25	20.27	18.42	31.05	0.00	0.00
LBC	78	29.31	20.27	18.87	31.55	0.00	0.00
LBC	79	29.61	20.57	19.37	30.45	0.00	0.00
LBC	80	32.20	19.67	17.97	30.15	0.00	0.00
LBC	81	32.00	19.82	18.42	29.76	0.00	0.00
LBC	82	30.00	20.22	19.97	29.81	0.00	0.00
LBC	83	30.85	20.82	18.77	29.56	0.00	0.00
LBC	84	31.50	19.67	18.32	30.50	0.00	0.00
LBC	85	31.45	18.42	19.07	31.05	0.00	0.00
LBC	86	32.40	20.37	18.12	29.11	0.00	0.00
LBC	87	31.45	20.87	17.17	30.50	0.00	0.00
LBC	88	29.56	19.42	19.82	31.20	0.00	0.00
LBC	89	32.85	19.12	19.32	28.71	0.00	0.00
LBC	90	31.10	19.37	18.57	30.95	0.00	0.00
LBC	91	30.75	19.67	19.47	30.10	0.00	0.00
LBC	92	30.55	19.92	18.67	30.85	0.00	0.00
LBC	93	31.00	18.67	18.47	31.85	0.00	0.00
LBC	94	30.55	20.12	19.47	29.86	0.00	0.00
LBC	95	31.10	18.87	18.57	31.45	0.00	0.00
LBC	96	30.00	20.47	20.22	29.31	0.00	0.00
LBC	97	29.86	19.62	18.72	31.80	0.00	0.00
LBC	98	31.35	19.27	17.62	31.75	0.00	0.00
LBC	99	30.75	19.87	18.42	30.95	0.00	0.00
LBC	100	31.15	19.82	19.27	29.76	0.00	0.00
LBC	101	30.55	20.37	20.07	29.01	0.00	0.00
LBC	102	31.65	20.62	19.57	28.16	0.00	0.00
LBC	103	30.65	20.37	19.37	29.61	0.00	0.00
LBC	104	32.05	20.32	18.42	29.21	0.00	0.00
LBC	105	30.45	19.82	18.07	31.65	0.00	0.00
LBC	106	32.55	18.87	18.67	29.91	0.00	0.00
LBC	107	31.45	19.12	19.27	30.15	0.00	0.00
LBC	108	31.50	19.87	18.07	30.55	0.00	0.00
LBC	109	30.45	18.92	18.67	31.95	0.00	0.00
LBC	110	31.50	20.92	18.52	29.06	0.00	0.00
LBC	111	31.65	20.52	18.17	29.66	0.00	0.00
LBC	112	31.10	19.67	19.47	29.76	0.00	0.00
LBC	113	30.70	21.72	18.37	29.21	0.00	0.00
LBC	114	31.50	19.27	20.32	28.91	0.00	0.00
LBC	115	31.55	19.92	19.32	29.21	0.00	0.00
LBC	116	31.30	19.97	18.42	30.30	0.00	0.00
LBC	117	30.85	19.57	18.67	30.90	0.00	0.00
LBC	118	31.20	20.12	19.62	29.06	0.00	0.00
LBC	119	31.00	20.32	18.77	29.91	0.00	0.00
LBC	120	31.95	19.67	18.72	29.66	0.00	0.00
LBC	121	30.60	20.32	19.47	29.61	0.00	0.00
LBC	122	29.61	20.12	21.12	29.16	0.00	0.00
LBC	123	31.00	20.37	20.22	28.41	0.00	0.00
LBC	124	31.30	20.32	18.57	29.81	0.00	0.00
LBC	125	31.05	19.22	18.97	30.75	0.00	0.00
LBC	126	30.85	20.62	18.82	29.71	0.00	0.00
LBC	127	31.55	19.97	18.62	29.86	0.00	0.00
LBC	128	31.30	19.62	18.97	30.10	0.00	0.00
LBC	129	30.15	19.07	18.87	31.90	0.00	0.00
LBC	130	29.21	20.32	19.32	31.15	0.00	0.00
LBC	131	30.00	20.07	18.77	31.15	0.00	0.00
LBC	132	30.55	20.42	18.72	30.30	0.00	0.00
LBC	133	30.80	19.27	18.02	31.90	0.00	0.00
LBC	134	30.40	19.52	17.67	32.40	0.00	0.00
LBC	135	30.20	18.22	19.07	32.50	0.00	0.00
LBC	136	30.55	20.37	19.27	29.81	0.00	0.00
LBC	137	29.91	19.37	19.72	31.00	0.00	0.00
LBC	138	30.00	19.67	19.52	30.80	0.00	0.00
LBC	139	29.36	19.32	18.37	32.95	0.00	0.00
LBC	140	28.61	20.07	20.17	31.15	0.00	0.00
LBC	141	30.95	18.67	18.92	31.45	0.00	0.00
LBC	142	28.46	20.37	19.37	31.80	0.00	0.00
LBC	143	32.15	19.47	18.47	29.91	0.00	0.00
LBC	144	30.25	21.22	20.12	28.41	0.00	0.00
LBC	145	29.97	19.58	18.68	31.77	0.00	0.00
LBC	146	28.62	20.58	19.53	31.27	0.00	0.00
LBC	147	31.07	19.73	18.98	30.22	0.00	0.00
LBC	148	31.17	20.58	18.83	29.42	0.00	0.00
LBC	149	30.77	19.73	18.68	30.82	0.00	0.00
LBC	150	31.22	19.18	17.88	31.72	0.00	0.00
# ACGT raw counters for last fragments. Use `grep ^LTC | cut -f 2-` to extract this part. The columns are: A,C,G,T,N base counters
LTC	92206	59556	57073	91609	0
# Insert sizes. Use `grep ^IS | cut -f 2-` to extract this part. The columns are: insert size, pairs total, inward oriented pairs, outward oriented pairs, other pairs
IS	0	0	0	0	0
IS	1	0	0	0	0
IS	2	0	0	0	0
IS	3	0	0	0	0
IS	4	0	0	0	0
IS	5	0	0	0	0
IS	6	0	0	0	0
IS	7	0	0	0	0
IS	8	0	0	0	0
IS	9	0	0	0	0
IS	10	0	0	0	0
IS	11	0	0	0	0
IS	12	0	0	0	0
IS	13	0	0	0	0
IS	14	0	0	0	0
IS	15	0	0	0	0
IS	16	0	0	0	0
IS	17	0	0	0	0
IS	18	0	0	0	0
IS	19	0	0	0	0
IS	20	0	0	0	0
IS	21	0	0	0	0
IS	22	0	0	0	0
IS	23	0	0	0	0
IS	24	0	0	0	0
IS	25	0	0	0	0
IS	26	0	0	0	0
IS	27	0	0	0	0
IS	28	0	0	0	0
IS	29	0	0	0	0
IS	30	0	0	0	0
IS	31	0	0	0	0
IS	32	0	0	0	0
IS	33	0	0	0	0
IS	34	0	0	0	0
IS	35	0	0	0	0
IS	36	0	0	0	0
IS	37	0	0	0	0
IS	38	0	0	0	0
IS	39	0	0	0	0
IS	40	0	0	0	0
IS	41	0	0	0	0
IS	42	0	0	0	0
IS	43	0	0	0	0
IS	44	0	0	0	0
IS	45	0	0	0	0
IS	46	0	0	0	0
IS	47	0	0	0	0
IS	48	0	0	0	0
IS	49	0	0	0	0
IS	50	0	0	0	0
IS	51	0	0	0	0
IS	52	0	0	0	0
IS	53	0	0	0	0
IS	54	0	0	0	0
IS	55	0	0	0	0
IS	56	0	0	0	0
IS	57	0	0	0	0
IS	58	0	0	0	0
IS	59	0	0	0	0
IS	60	0	0	0	0
IS	61	0	0	0	0
IS	62	0	0	0	0
IS	63	0	0	0	0
IS	64	0	0	0	0
IS	65	0	0	0	0
IS	66	0	0	0	0
IS	67	0	0	0	0
IS	68	0	0	0	0
IS	69	0	0	0	0
IS	70	0	0	0	0
IS	71	0	0	0	0
IS	72	0	0	0	0
IS	73	0	0	0	0
IS	74	0	0	0	0
IS	75	0	0	0	0
IS	76	0	0	0	0
IS	77	0	0	0	0
IS	78	0	0	0	0
IS	79	0	0	0	0
IS	80	0	0	0	0
IS	81	0	0	0	0
IS	82	0	0	0	0
IS	83	0	0	0	0
IS	84	0	0	0	0
IS	85	0	0	0	0
IS	86	0	0	0	0
IS	87	0	0	0	0
IS	88	0	0	0	0
IS	89	0	0	0	0
IS	90	0	0	0	0
IS	91	0	0	0	0
IS	92	0	0	0	0
IS	93	0	0	0	0
IS	94	0	0	0	0
IS	95	0	0	0	0
IS	96	0	0	0	0
IS	97	0	0	0	0
IS	98	0	0	0	0
IS	99	0	0	0	0
IS	100	0	0	0	0
IS	101	0	0	0	0
IS	102	0	0	0	0
IS	103	0	0	0	0
IS	104	0	0	0	0
IS	105	0	0	0	0
IS	106	0	0	0	0
IS	107	0	0	0	0
IS	108	0	0	0	0
IS	109	0	0	0	0
IS	110	0	0	0	0
IS	111	0	0	0	0
IS	112	0	0	0	0
IS	113	0	0	0	0
IS	114	0	0	0	0
IS	115	0	0	0	0
IS	116	0	0	0	0
IS	117	0	0	0	0
IS	118	0	0	0	0
IS	119	0	0	0	0
IS	120	0	0	0	0
IS	121	0	0	0	0
IS	122	0	0	0	0
IS	123	0	0	0	0
IS	124	0	0	0	0
IS	125	0	0	0	0
IS	126	0	0	0	0
IS	127	0	0	0	0
IS	128	0	0	0	0
IS	129	0	0	0	0
IS	130	0	0	0	0
IS	131	0	0	0	0
IS	132	0	0	0	0
IS	133	0	0	0	0
IS	134	0	0	0	0
IS	135	0	0	0	0
IS	136	0	0	0	0
IS	137	0	0	0	0
IS	138	0	0	0	0
IS	139	0	0	0	0
IS	140	0	0	0	0
IS	141	0	0	0	0
IS	142	0	0	0	0
IS	143	0	0	0	0
IS	144	0	0	0	0
IS	145	0	0	0	0
IS	146	0	0	0	0
IS	147	0	0	0	0
IS	148	0	0	0	0
IS	149	0	0	0	0
IS	150	0	0	0	0
IS	151	0	0	0	0
IS	152	0	0	0	0
IS	153	0	0	0	0
IS	154	0	0	0	0
IS	155	0	0	0	0
IS	156	0	0	0	0
IS	157	0	0	0	0
IS	158	0	0	0	0
IS	159	0	0	0	0
IS	160	0	0	0	0
IS	161	0	0	0	0
IS	162	0	0	0	0
IS	163	0	0	0	0
IS	164	0	0	0	0
IS	165	0	0	0	0
IS	166	0	0	0	0
IS	167	0	0	0	0
IS	168	0	0	0	0
IS	169	0	0	0	0
IS	170	0	0	0	0
IS	171	0	0	0	0
IS	172	0	0	0	0
IS	173	0	0	0	0
IS	174	0	0	0	0
IS	175	0	0	0	0
IS	176	0	0	0	0
IS	177	0	0	0	0
IS	178	0	0	0	0
IS	179	0	0	0	0
IS	180	0	0	0	0
IS	181	0	0	0	0
IS	182	0	0	0	0
IS	183	0	0	0	0
IS	184	0	0	0	0
IS	185	0	0	0	0
IS	186	0	0	0	0
IS	187	0	0	0	0
IS	188	0	0	0	0
IS	189	0	0	0	0
IS	190	0	0	0	0
IS	191	0	0	0	0
IS	192	0	0	0	0
IS	193	0	0	0	0
IS	194	0	0	0	0
IS	195	0	0	0	0
IS	196	0	0	0	0
IS	197	0	0	0	0
IS	198	0	0	0	0
IS	199	0	0	0	0
IS	200	0	0	0	0
IS	201	0	0	0	0
IS	202	0	0	0	0
IS	203	0	0	0	0
IS	204	0	0	0	0
IS	205	0	0	0	0
IS	206	0	0	0	0
IS	207	0	0	0	0
IS	208	0	0	0	0
IS	209	0	0	0	0
IS	210	0	0	0	0
IS	211	0	0	0	0
IS	212	0	0	0	0
IS	213	0	0	0	0
IS	214	0	0	0	0
IS	215	0	0	0	0
IS	216	0	0	0	0
IS	217	0	0	0	0
IS	218	0	0	0	0
IS	219	0	0	0	0
IS	220	0	0	0	0
IS	221	0	0	0	0
IS	222	0	0	0	0
IS	223	0	0	0	0
IS	224	0	0	0	0
IS	225	0	0	0	0
IS	226	0	0	0	0
IS	227	0	0	0	0
IS	228	0	0	0	0
IS	229	0	0	0	0
IS	230	0	0	0	0
IS	231	0	0	0	0
IS	232	0	0	0	0
IS	233	0	0	0	0
IS	234	0	0	0	0
IS	235	0	0	0	0
IS	236	0	0	0	0
IS	237	0	0	0	0
IS	238	0	0	0	0
IS	239	0	0	0	0
IS	240	0	0	0	0
IS	241	0	0	0	0
IS	242	0	0	0	0
IS	243	0	0	0	0
IS	244	0	0	0	0
IS	245	0	0	0	0
IS	246	0	0	0	0
IS	247	0	0	0	0
IS	248	0	0	0	0
IS	249	0	0	0	0
IS	250	0	0	0	0
IS	251	0	0	0	0
IS	252	0	0	0	0
IS	253	0	0	0	0
IS	254	0	0	0	0
IS	255	0	0	0	0
IS	256	0	0	0	0
IS	257	0	0	0	0
IS	258	0	0	0	0
IS	259	0	0	0	0
IS	260	0	0	0	0
IS	261	0	0	0	0
IS	262	0	0	0	0
IS	263	0	0	0	0
IS	264	0	0	0	0
IS	265	0	0	0	0
IS	266	0	0	0	0
IS	267	0	0	0	0
IS	268	0	0	0	0
IS	269	0	0	0	0
IS	270	0	0	0	0
IS	271	0	0	0	0
IS	272	0	0	0	0
IS	273	0	0	0	0
IS	274	0	0	0	0
IS	275	0	0	0	0
IS	276	0	0	0	0
IS	277	0	0	0	0
IS	278	0	0	0	0
IS	279	0	0	0	0
IS	280	0	0	0	0
IS	281	0	0	0	0
IS	282	0	0	0	0
IS	283	0	0	0	0
IS	284	0	0	0	0
IS	285	0	0	0	0
IS	286	0	0	0	0
IS	287	0	0	0	0
IS	288	0	0	0	0
IS	289	0	0	0	0
IS	290	0	0	0	0
IS	291	0	0	0	0
IS	292	0	0	0	0
IS	293	0	0	0	0
IS	294	0	0	0	0
IS	295	0	0	0	0
IS	296	0	0	0	0
IS	297	0	0	0	0
IS	298	0	0	0	0
IS	299	0	0	0	0
IS	300	0	0	0	0
IS	301	0	0	0	0
IS	302	0	0	0	0
IS	303	0	0	0	0
IS	304	0	0	0	0
IS	305	0	0	0	0
IS	306	0	0	0	0
IS	307	0	0	0	0
IS	308	1	1	0	0
IS	309	0	0	0	0
IS	310	0	0	0	0
IS	311	0	0	0	0
IS	312	0	0	0	0
IS	313	0	0	0	0
IS	314	0	0	0	0
IS	315	0	0	0	0
IS	316	0	0	0	0
IS	317	0	0	0	0
IS	318	0	0	0	0
IS	319	0	0	0	0
IS	320	0	0	0	0
IS	321	0	0	0	0
IS	322	0	0	0	0
IS	323	0	0	0	0
IS	324	0	0	0	0
IS	325	0	0	0	0
IS	326	0	0	0	0
IS	327	0	0	0	0
IS	328	0	0	0	0
IS	329	0	0	0	0
IS	330	0	0	0	0
IS	331	0	0	0	0
IS	332	1	1	0	0
IS	333	0	0	0	0
IS	334	0	0	0	0
IS	335	1	1	0	0
IS	336	0	0	0	0
IS	337	0	0	0	0
IS	338	0	0	0	0
IS	339	0	0	0	0
IS	340	0	0	0	0
IS	341	0	0	0	0
IS	342	0	0	0	0
IS	343	1	1	0	0
IS	344	0	0	0	0
IS	345	0	0	0	0
IS	346	0	0	0	0
IS	347	0	0	0	0
IS	348	0	0	0	0
IS	349	0	0	0	0
IS	350	0	0	0	0
IS	351	0	0	0	0
IS	352	0	0	0	0
IS	353	0	0	0	0
IS	354	1	1	0	0
IS	355	1	1	0	0
IS	356	0	0	0	0
IS	357	0	0	0	0
IS	358	0	0	0	0
IS	359	0	0	0	0
IS	360	0	0	0	0
IS	361	0	0	0	0
IS	362	0	0	0	0
IS	363	0	0	0	0
IS	364	2	2	0	0
IS	365	0	0	0	0
IS	366	0	0	0	0
IS	367	0	0	0	0
IS	368	2	2	0	0
IS	369	1	1	0	0
IS	370	2	2	0	0
IS	371	0	0	0	0
IS	372	0	0	0	0
IS	373	0	0	0	0
IS	374	0	0	0	0
IS	375	0	0	0	0
IS	376	2	2	0	0
IS	377	0	0	0	0
IS	378	2	2	0	0
IS	379	0	0	0	0
IS	380	5	5	0	0
IS	381	2	2	0	0
IS	382	2	2	0	0
IS	383	0	0	0	0
IS	384	0	0	0	0
IS	385	2	2	0	0
IS	386	2	2	0	0
IS	387	2	2	0	0
IS	388	3	3	0	0
IS	389	1	1	0	0
IS	390	1	1	0	0
IS	391	2	2	0	0
IS	392	0	0	0	0
IS	393	3	3	0	0
IS	394	2	2	0	0
IS	395	2	2	0	0
IS	396	3	3	0	0
IS	397	1	1	0	0
IS	398	0	0	0	0
IS	399	0	0	0	0
IS	400	0	0	0	0
IS	401	0	0	0	0
IS	402	6	6	0	0
IS	403	1	1	0	0
IS	404	3	3	0	0
IS	405	3	3	0	0
IS	406	6	6	0	0
IS	407	4	4	0	0
IS	408	3	3	0	0
IS	409	2	2	0	0
IS	410	3	3	0	0
IS	411	3	3	0	0
IS	412	6	6	0	0
IS	413	5	5	0	0
IS	414	1	1	0	0
IS	415	6	6	0	0
IS	416	3	3	0	0
IS	417	6	6	0	0
IS	418	4	4	0	0
IS	419	5	5	0	0
IS	420	5	5	0	0
IS	421	9	9	0	0
IS	422	6	6	0	0
IS	423	5	5	0	0
IS	424	11	11	0	0
IS	425	5	5	0	0
IS	426	8	8	0	0
IS	427	5	5	0	0
IS	428	9	9	0	0
IS	429	5	5	0	0
IS	430	5	5	0	0
IS	431	6	6	0	0
IS	432	8	8	0	0
IS	433	7	7	0	0
IS	434	7	7	0	0
IS	435	7	7	0	0
IS	436	4	4	0	0
IS	437	3	3	0	0
IS	438	6	6	0	0
IS	439	3	3	0	0
IS	440	8	8	0	0
IS	441	11	11	0	0
IS	442	5	5	0	0
IS	443	10	10	0	0
IS	444	13	13	0	0
IS	445	7	7	0	0
IS	446	10	10	0	0
IS	447	8	8	0	0
IS	448	14	14	0	0
IS	449	8	8	0	0
IS	450	9	9	0	0
IS	451	11	11	0	0
IS	452	8	8	0	0
IS	453	10	10	0	0
IS	454	10	10	0	0
IS	455	7	7	0	0
IS	456	8	8	0	0
IS	457	8	8	0	0
IS	458	13	13	0	0
IS	459	10	10	0	0
IS	460	14	14	0	0
IS	461	13	13	0	0
IS	462	13	13	0	0
IS	463	12	12	0	0
IS	464	9	9	0	0
IS	465	15	15	0	0
IS	466	9	9	0	0
IS	467	11	11	0	0
IS	468	10	10	0	0
IS	469	15	15	0	0
IS	470	10	10	0	0
IS	471	12	12	0	0
IS	472	16	16	0	0
IS	473	13	13	0	0
IS	474	19	19	0	0
IS	475	19	19	0	0
IS	476	18	18	0	0
IS	477	16	16	0	0
IS	478	16	16	0	0
IS	479	16	16	0	0
IS	480	10	10	0	0
IS	481	13	13	0	0
IS	482	15	15	0	0
IS	483	21	21	0	0
IS	484	17	17	0	0
IS	485	17	17	0	0
IS	486	25	25	0	0
IS	487	11	11	0	0
IS	488	12	12	0	0
IS	489	11	11	0	0
IS	490	16	16	0	0
IS	491	15	15	0	0
IS	492	11	11	0	0
IS	493	14	14	0	0
IS	494	14	14	0	0
IS	495	15	15	0	0
IS	496	19	19	0	0
IS	497	20	20	0	0
IS	498	11	11	0	0
IS	499	17	17	0	0
IS	500	20	20	0	0
IS	501	14	14	0	0
IS	502	15	15	0	0
IS	503	17	17	0	0
IS	504	12	12	0	0
IS	505	17	17	0	0
IS	506	23	23	0	0
IS	507	10	10	0	0
IS	508	14	14	0	0
IS	509	18	18	0	0
IS	510	15	15	0	0
IS	511	20	20	0	0
IS	512	15	15	0	0
IS	513	16	16	0	0
IS	514	17	17	0	0
IS	515	19	19	0	0
IS	516	17	17	0	0
IS	517	13	13	0	0
IS	518	18	18	0	0
IS	519	17	17	0	0
IS	520	15	15	0	0
IS	521	19	19	0	0
IS	522	16	16	0	0
IS	523	15	15	0	0
IS	524	15	15	0	0
IS	525	15	15	0	0
IS	526	17	17	0	0
IS	527	13	13	0	0
IS	528	13	13	0	0
IS	529	12	12	0	0
IS	530	18	18	0	0
IS	531	10	10	0	0
IS	532	19	19	0	0
IS	533	12	12	0	0
IS	534	11	11	0	0
IS	535	10	10	0	0
IS	536	9	9	0	0
IS	537	9	9	0	0
IS	538	13	13	0	0
IS	539	10	10	0	0
IS	540	16	16	0	0
IS	541	8	8	0	0
IS	542	6	6	0	0
IS	543	12	12	0	0
IS	544	10	10	0	0
IS	545	12	12	0	0
IS	546	14	14	0	0
IS	547	13	13	0	0
IS	548	8	8	0	0
IS	549	5	5	0	0
IS	550	8	8	0	0
IS	551	9	9	0	0
IS	552	12	12	0	0
IS	553	5	5	0	0
IS	554	8	8	0	0
IS	555	8	8	0	0
IS	556	7	7	0	0
IS	557	3	3	0	0
IS	558	12	12	0	0
IS	559	10	10	0	0
IS	560	5	5	0	0
IS	561	5	5	0	0
IS	562	6	6	0	0
IS	563	7	7	0	0
IS	564	4	4	0	0
IS	565	5	5	0	0
IS	566	3	3	0	0
IS	567	5	5	0	0
IS	568	4	4	0	0
IS	569	5	5	0	0
IS	570	3	3	0	0
IS	571	10	10	0	0
IS	572	9	9	0	0
IS	573	12	12	0	0
IS	574	3	3	0	0
IS	575	2	2	0	0
IS	576	3	3	0	0
IS	577	1	1	0	0
IS	578	4	4	0	0
IS	579	4	4	0	0
IS	580	7	7	0	0
IS	581	7	7	0	0
IS	582	5	5	0	0
IS	583	5	5	0	0
IS	584	3	3	0	0
IS	585	4	4	0	0
IS	586	2	2	0	0
IS	587	4	4	0	0
IS	588	2	2	0	0
IS	589	6	6	0	0
IS	590	1	1	0	0
IS	591	1	1	0	0
IS	592	4	4	0	0
IS	593	4	4	0	0
IS	594	3	3	0	0
IS	595	2	2	0	0
IS	596	5	5	0	0
IS	597	2	2	0	0
IS	598	4	4	0	0
IS	599	1	1	0	0
IS	600	1	1	0	0
IS	601	2	2	0	0
IS	602	0	0	0	0
IS	603	3	3	0	0
IS	604	0	0	0	0
IS	605	0	0	0	0
IS	606	1	1	0	0
IS	607	2	2	0	0
IS	608	1	1	0	0
IS	609	1	1	0	0
IS	610	3	3	0	0
IS	611	0	0	0	0
IS	612	1	1	0	0
# Read lengths. Use `grep ^RL | cut -f 2-` to extract this part. The columns are: read length, count
RL	144	1
RL	149	1
RL	150	4004
# Read lengths - first fragments. Use `grep ^FRL | cut -f 2-` to extract this part. The columns are: read length, count
FRL	149	1
FRL	150	2002
# Read lengths - last fragments. Use `grep ^LRL | cut -f 2-` to extract this part. The columns are: read length, count
LRL	144	1
LRL	150	2002
# Mapping qualities for reads !(UNMAP|SECOND|SUPPL|QCFAIL|DUP). Use `grep ^MAPQ | cut -f 2-` to extract this part. The columns are: mapq, count
MAPQ	0	10
MAPQ	3	2
MAPQ	27	16
MAPQ	39	2
MAPQ	40	25
MAPQ	43	4
MAPQ	45	1
MAPQ	46	1
MAPQ	48	35
MAPQ	50	3
MAPQ	52	4
MAPQ	57	9
MAPQ	59	1
MAPQ	60	3893
# Indel distribution. Use `grep ^ID | cut -f 2-` to extract this part. The columns are: length, number of insertions, number of deletions
# Indels per cycle. Use `grep ^IC | cut -f 2-` to extract this part. The columns are: cycle, number of insertions (fwd), .. (rev) , number of deletions (fwd), .. (rev)
# Coverage distribution. Use `grep ^COV | cut -f 2-` to extract this part.
COV	[1-1]	1	4671
COV	[2-2]	2	9976
COV	[3-3]	3	16229
COV	[4-4]	4	19196
COV	[5-5]	5	19096
COV	[6-6]	6	17176
COV	[7-7]	7	13984
COV	[8-8]	8	8283
COV	[9-9]	9	4425
COV	[10-10]	10	2200
COV	[11-11]	11	1187
COV	[12-12]	12	531
COV	[13-13]	13	326
COV	[14-14]	14	93
COV	[15-15]	15	59
COV	[16-16]	16	27
# GC-depth. Use `grep ^GCD | cut -f 2-` to extract this part. The columns are: GC%, unique sequence percentiles, 10th, 25th, 50th, 75th and 90th depth percentile
GCD	0.0	15.385	0.000	0.000	0.000	0.000	0.000
GCD	37.0	30.769	2.505	2.505	2.505	2.505	2.505
GCD	38.0	53.846	2.490	2.490	2.505	2.505	2.505
GCD	39.0	84.615	2.505	2.505	2.505	2.505	2.505
GCD	40.0	92.308	2.505	2.505	2.505	2.505	2.505
GCD	45.0	100.000	2.505	2.505	2.505	2.505	2.505
