# This file was produced by samtools stats (1.20+htslib-1.21) and can be plotted using plot-bamstats
# This file contains statistics for all reads.
# The command line was:  stats sample3822.sorted.group.rmdup.bam
# CHK, Checksum	[2]Read Names	[3]Sequences	[4]Qualities
# CHK, CRC32 of reads which passed filtering followed by addition (32bit overflow)
CHK	6e26807a	4e202e63	93be98f0
# Summary Numbers. Use `grep ^SN | cut -f 2-` to extract this part.
SN	raw total sequences:	4008	# excluding supplementary and secondary reads
SN	filtered sequences:	0
SN	sequences:	4008
SN	is sorted:	1
SN	1st fragments:	2004
SN	last fragments:	2004
SN	reads mapped:	4008
SN	reads mapped and paired:	4008	# paired-end technology bit set + both mates mapped
SN	reads unmapped:	0
SN	reads properly paired:	4008	# proper-pair bit set
SN	reads paired:	4008	# paired-end technology bit set
SN	reads duplicated:	0	# PCR or optical duplicate bit set
SN	reads MQ0:	10	# mapped and MQ=0
SN	reads QC failed:	0
SN	non-primary alignments:	0
SN	supplementary alignments:	0
SN	total length:	601199	# ignores clipping
SN	total first fragment length:	300599	# ignores clipping
SN	total last fragment length:	300600	# ignores clipping
SN	bases mapped:	601199	# ignores clipping
SN	bases mapped (cigar):	601199	# more accurate
SN	bases trimmed:	0
SN	bases duplicated:	0
SN	mismatches:	1072	# from NM fields
SN	error rate:	1.783103e-03	# mismatches / bases mapped (cigar)
SN	average length:	150
SN	average first fragment length:	150
SN	average last fragment length:	150
SN	maximum length:	150
SN	maximum first fragment length:	150
SN	maximum last fragment length:	150
SN	average quality:	30.0
SN	insert size average:	500.4
SN	insert size standard deviation:	47.1
SN	inward oriented pairs:	2004
SN	outward oriented pairs:	0
SN	pairs with other orientation:	0
SN	pairs on different chromosomes:	0
SN	percentage of properly paired reads (%):	100.0
# First Fragment Qualities. Use `grep ^FFQ | cut -f 2-` to extract this part.
# Columns correspond to qualities and rows to cycles. First column is the cycle number.
FFQ	1	0	0	0	0	0	0	0	0	0	0	0	0	0	0	0	0	0	0	0	0	0	0	0	0	0	0	0	0	0	0	2004	0
FFQ	2	0	0	0	0	0	0	0	0	0	0	0	0	0	0	0	0	0	0	0	0	0	0	0	0	0	0	0	0	0	0	2004	0
FFQ	3	0	0	0	0	0	0	0	0	0	0	0	0	0	0	0	0	0	0	0	0	0	0	0	0	0	0	0	0	0	0	2004	0
FFQ	4	0	0	0	0	0	0	0	0	0	0	0	0	0	0	0	0	0	0	0	0	0	0	0	0	0	0	0	0	0	0	2004	0
FFQ	5	0	0	0	0	0	0	0	0	0	0	0	0	0	0	0	0	0	0	0	0	0	0	0	0	0	0	0	0	0	0	2004	0
FFQ	6	0	0	0	0	0	0	0	0	0	0	0	0	0	0	0	0	0	0	0	0	0	0	0	0	0	0	0	0	0	0	2004	0
FFQ	7	0	0	0	0	0	0	0	0	0	0	0	0	0	0	0	0	0	0	0	0	0	0	0	0	0	0	0	0	0	0	2004	0
FFQ	8	0	0	0	0	0	0	0	0	0	0	0	0	0	0	0	0	0	0	0	0	0	0	0	0	0	0	0	0	0	0	2004	0
FFQ	9	0	0	0	0	0	0	0	0	0	0	0	0	0	0	0	0	0	0	0	0	0	0	0	0	0	0	0	0	0	0	2004	0
FFQ	10	0	0	0	0	0	0	0	0	0	0	0	0	0	0	0	0	0	0	0	0	0	0	0	0	0	0	0	0	0	0	2004	0
FFQ	11	0	0	0	0	0	0	0	0	0	0	0	0	0	0	0	0	0	0	0	0	0	0	0	0	0	0	0	0	0	0	2004	0
FFQ	12	0	0	0	0	0	0	0	0	0	0	0	0	0	0	0	0	0	0	0	0	0	0	0	0	0	0	0	0	0	0	2004	0
FFQ	13	0	0	0	0	0	0	0	0	0	0	0	0	0	0	0	0	0	0	0	0	0	0	0	0	0	0	0	0	0	0	2004	0
FFQ	14	0	0	0	0	0	0	0	0	0	0	0	0	0	0	0	0	0	0	0	0	0	0	0	0	0	0	0	0	0	0	2004	0
FFQ	15	0	0	0	0	0	0	0	0	0	0	0	0	0	0	0	0	0	0	0	0	0	0	0	0	0	0	0	0	0	0	2004	0
FFQ	16	0	0	0	0	0	0	0	0	0	0	0	0	0	0	0	0	0	0	0	0	0	0	0	0	0	0	0	0	0	0	2004	0
FFQ	17	0	0	0	0	0	0	0	0	0	0	0	0	0	0	0	0	0	0	0	0	0	0	0	0	0	0	0	0	0	0	2004	0
FFQ	18	0	0	0	0	0	0	0	0	0	0	0	0	0	0	0	0	0	0	0	0	0	0	0	0	0	0	0	0	0	0	2004	0
FFQ	19	0	0	0	0	0	0	0	0	0	0	0	0	0	0	0	0	0	0	0	0	0	0	0	0	0	0	0	0	0	0	2004	0
FFQ	20	0	0	0	0	0	0	0	0	0	0	0	0	0	0	0	0	0	0	0	0	0	0	0	0	0	0	0	0	0	0	2004	0
FFQ	21	0	0	0	0	0	0	0	0	0	0	0	0	0	0	0	0	0	0	0	0	0	0	0	0	0	0	0	0	0	0	2004	0
FFQ	22	0	0	0	0	0	0	0	0	0	0	0	0	0	0	0	0	0	0	0	0	0	0	0	0	0	0	0	0	0	0	2004	0
FFQ	23	0	0	0	0	0	0	0	0	0	0	0	0	0	0	0	0	0	0	0	0	0	0	0	0	0	0	0	0	0	0	2004	0
FFQ	24	0	0	0	0	0	0	0	0	0	0	0	0	0	0	0	0	0	0	0	0	0	0	0	0	0	0	0	0	0	0	2004	0
FFQ	25	0	0	0	0	0	0	0	0	0	0	0	0	0	0	0	0	0	0	0	0	0	0	0	0	0	0	0	0	0	0	2004	0
FFQ	26	0	0	0	0	0	0	0	0	0	0	0	0	0	0	0	0	0	0	0	0	0	0	0	0	0	0	0	0	0	0	2004	0
FFQ	27	0	0	0	0	0	0	0	0	0	0	0	0	0	0	0	0	0	0	0	0	0	0	0	0	0	0	0	0	0	0	2004	0
FFQ	28	0	0	0	0	0	0	0	0	0	0	0	0	0	0	0	0	0	0	0	0	0	0	0	0	0	0	0	0	0	0	2004	0
FFQ	29	0	0	0	0	0	0	0	0	0	0	0	0	0	0	0	0	0	0	0	0	0	0	0	0	0	0	0	0	0	0	2004	0
FFQ	30	0	0	0	0	0	0	0	0	0	0	0	0	0	0	0	0	0	0	0	0	0	0	0	0	0	0	0	0	0	0	2004	0
FFQ	31	0	0	0	0	0	0	0	0	0	0	0	0	0	0	0	0	0	0	0	0	0	0	0	0	0	0	0	0	0	0	2004	0
FFQ	32	0	0	0	0	0	0	0	0	0	0	0	0	0	0	0	0	0	0	0	0	0	0	0	0	0	0	0	0	0	0	2004	0
FFQ	33	0	0	0	0	0	0	0	0	0	0	0	0	0	0	0	0	0	0	0	0	0	0	0	0	0	0	0	0	0	0	2004	0
FFQ	34	0	0	0	0	0	0	0	0	0	0	0	0	0	0	0	0	0	0	0	0	0	0	0	0	0	0	0	0	0	0	2004	0
FFQ	35	0	0	0	0	0	0	0	0	0	0	0	0	0	0	0	0	0	0	0	0	0	0	0	0	0	0	0	0	0	0	2004	0
FFQ	36	0	0	0	0	0	0	0	0	0	0	0	0	0	0	0	0	0	0	0	0	0	0	0	0	0	0	0	0	0	0	2004	0
FFQ	37	0	0	0	0	0	0	0	0	0	0	0	0	0	0	0	0	0	0	0	0	0	0	0	0	0	0	0	0	0	0	2004	0
FFQ	38	0	0	0	0	0	0	0	0	0	0	0	0	0	0	0	0	0	0	0	0	0	0	0	0	0	0	0	0	0	0	2004	0
FFQ	39	0	0	0	0	0	0	0	0	0	0	0	0	0	0	0	0	0	0	0	0	0	0	0	0	0	0	0	0	0	0	2004	0
FFQ	40	0	0	0	0	0	0	0	0	0	0	0	0	0	0	0	0	0	0	0	0	0	0	0	0	0	0	0	0	0	0	2004	0
FFQ	41	0	0	0	0	0	0	0	0	0	0	0	0	0	0	0	0	0	0	0	0	0	0	0	0	0	0	0	0	0	0	2004	0
FFQ	42	0	0	0	0	0	0	0	0	0	0	0	0	0	0	0	0	0	0	0	0	0	0	0	0	0	0	0	0	0	0	2004	0
FFQ	43	0	0	0	0	0	0	0	0	0	0	0	0	0	0	0	0	0	0	0	0	0	0	0	0	0	0	0	0	0	0	2004	0
FFQ	44	0	0	0	0	0	0	0	0	0	0	0	0	0	0	0	0	0	0	0	0	0	0	0	0	0	0	0	0	0	0	2004	0
FFQ	45	0	0	0	0	0	0	0	0	0	0	0	0	0	0	0	0	0	0	0	0	0	0	0	0	0	0	0	0	0	0	2004	0
FFQ	46	0	0	0	0	0	0	0	0	0	0	0	0	0	0	0	0	0	0	0	0	0	0	0	0	0	0	0	0	0	0	2004	0
FFQ	47	0	0	0	0	0	0	0	0	0	0	0	0	0	0	0	0	0	0	0	0	0	0	0	0	0	0	0	0	0	0	2004	0
FFQ	48	0	0	0	0	0	0	0	0	0	0	0	0	0	0	0	0	0	0	0	0	0	0	0	0	0	0	0	0	0	0	2004	0
FFQ	49	0	0	0	0	0	0	0	0	0	0	0	0	0	0	0	0	0	0	0	0	0	0	0	0	0	0	0	0	0	0	2004	0
FFQ	50	0	0	0	0	0	0	0	0	0	0	0	0	0	0	0	0	0	0	0	0	0	0	0	0	0	0	0	0	0	0	2004	0
FFQ	51	0	0	0	0	0	0	0	0	0	0	0	0	0	0	0	0	0	0	0	0	0	0	0	0	0	0	0	0	0	0	2004	0
FFQ	52	0	0	0	0	0	0	0	0	0	0	0	0	0	0	0	0	0	0	0	0	0	0	0	0	0	0	0	0	0	0	2004	0
FFQ	53	0	0	0	0	0	0	0	0	0	0	0	0	0	0	0	0	0	0	0	0	0	0	0	0	0	0	0	0	0	0	2004	0
FFQ	54	0	0	0	0	0	0	0	0	0	0	0	0	0	0	0	0	0	0	0	0	0	0	0	0	0	0	0	0	0	0	2004	0
FFQ	55	0	0	0	0	0	0	0	0	0	0	0	0	0	0	0	0	0	0	0	0	0	0	0	0	0	0	0	0	0	0	2004	0
FFQ	56	0	0	0	0	0	0	0	0	0	0	0	0	0	0	0	0	0	0	0	0	0	0	0	0	0	0	0	0	0	0	2004	0
FFQ	57	0	0	0	0	0	0	0	0	0	0	0	0	0	0	0	0	0	0	0	0	0	0	0	0	0	0	0	0	0	0	2004	0
FFQ	58	0	0	0	0	0	0	0	0	0	0	0	0	0	0	0	0	0	0	0	0	0	0	0	0	0	0	0	0	0	0	2004	0
FFQ	59	0	0	0	0	0	0	0	0	0	0	0	0	0	0	0	0	0	0	0	0	0	0	0	0	0	0	0	0	0	0	2004	0
FFQ	60	0	0	0	0	0	0	0	0	0	0	0	0	0	0	0	0	0	0	0	0	0	0	0	0	0	0	0	0	0	0	2004	0
FFQ	61	0	0	0	0	0	0	0	0	0	0	0	0	0	0	0	0	0	0	0	0	0	0	0	0	0	0	0	0	0	0	2004	0
FFQ	62	0	0	0	0	0	0	0	0	0	0	0	0	0	0	0	0	0	0	0	0	0	0	0	0	0	0	0	0	0	0	2004	0
FFQ	63	0	0	0	0	0	0	0	0	0	0	0	0	0	0	0	0	0	0	0	0	0	0	0	0	0	0	0	0	0	0	2004	0
FFQ	64	0	0	0	0	0	0	0	0	0	0	0	0	0	0	0	0	0	0	0	0	0	0	0	0	0	0	0	0	0	0	2004	0
FFQ	65	0	0	0	0	0	0	0	0	0	0	0	0	0	0	0	0	0	0	0	0	0	0	0	0	0	0	0	0	0	0	2004	0
FFQ	66	0	0	0	0	0	0	0	0	0	0	0	0	0	0	0	0	0	0	0	0	0	0	0	0	0	0	0	0	0	0	2004	0
FFQ	67	0	0	0	0	0	0	0	0	0	0	0	0	0	0	0	0	0	0	0	0	0	0	0	0	0	0	0	0	0	0	2004	0
FFQ	68	0	0	0	0	0	0	0	0	0	0	0	0	0	0	0	0	0	0	0	0	0	0	0	0	0	0	0	0	0	0	2004	0
FFQ	69	0	0	0	0	0	0	0	0	0	0	0	0	0	0	0	0	0	0	0	0	0	0	0	0	0	0	0	0	0	0	2004	0
FFQ	70	0	0	0	0	0	0	0	0	0	0	0	0	0	0	0	0	0	0	0	0	0	0	0	0	0	0	0	0	0	0	2004	0
FFQ	71	0	0	0	0	0	0	0	0	0	0	0	0	0	0	0	0	0	0	0	0	0	0	0	0	0	0	0	0	0	0	2004	0
FFQ	72	0	0	0	0	0	0	0	0	0	0	0	0	0	0	0	0	0	0	0	0	0	0	0	0	0	0	0	0	0	0	2004	0
FFQ	73	0	0	0	0	0	0	0	0	0	0	0	0	0	0	0	0	0	0	0	0	0	0	0	0	0	0	0	0	0	0	2004	0
FFQ	74	0	0	0	0	0	0	0	0	0	0	0	0	0	0	0	0	0	0	0	0	0	0	0	0	0	0	0	0	0	0	2004	0
FFQ	75	0	0	0	0	0	0	0	0	0	0	0	0	0	0	0	0	0	0	0	0	0	0	0	0	0	0	0	0	0	0	2004	0
FFQ	76	0	0	0	0	0	0	0	0	0	0	0	0	0	0	0	0	0	0	0	0	0	0	0	0	0	0	0	0	0	0	2004	0
FFQ	77	0	0	0	0	0	0	0	0	0	0	0	0	0	0	0	0	0	0	0	0	0	0	0	0	0	0	0	0	0	0	2004	0
FFQ	78	0	0	0	0	0	0	0	0	0	0	0	0	0	0	0	0	0	0	0	0	0	0	0	0	0	0	0	0	0	0	2004	0
FFQ	79	0	0	0	0	0	0	0	0	0	0	0	0	0	0	0	0	0	0	0	0	0	0	0	0	0	0	0	0	0	0	2004	0
FFQ	80	0	0	0	0	0	0	0	0	0	0	0	0	0	0	0	0	0	0	0	0	0	0	0	0	0	0	0	0	0	0	2004	0
FFQ	81	0	0	0	0	0	0	0	0	0	0	0	0	0	0	0	0	0	0	0	0	0	0	0	0	0	0	0	0	0	0	2004	0
FFQ	82	0	0	0	0	0	0	0	0	0	0	0	0	0	0	0	0	0	0	0	0	0	0	0	0	0	0	0	0	0	0	2004	0
FFQ	83	0	0	0	0	0	0	0	0	0	0	0	0	0	0	0	0	0	0	0	0	0	0	0	0	0	0	0	0	0	0	2004	0
FFQ	84	0	0	0	0	0	0	0	0	0	0	0	0	0	0	0	0	0	0	0	0	0	0	0	0	0	0	0	0	0	0	2004	0
FFQ	85	0	0	0	0	0	0	0	0	0	0	0	0	0	0	0	0	0	0	0	0	0	0	0	0	0	0	0	0	0	0	2004	0
FFQ	86	0	0	0	0	0	0	0	0	0	0	0	0	0	0	0	0	0	0	0	0	0	0	0	0	0	0	0	0	0	0	2004	0
FFQ	87	0	0	0	0	0	0	0	0	0	0	0	0	0	0	0	0	0	0	0	0	0	0	0	0	0	0	0	0	0	0	2004	0
FFQ	88	0	0	0	0	0	0	0	0	0	0	0	0	0	0	0	0	0	0	0	0	0	0	0	0	0	0	0	0	0	0	2004	0
FFQ	89	0	0	0	0	0	0	0	0	0	0	0	0	0	0	0	0	0	0	0	0	0	0	0	0	0	0	0	0	0	0	2004	0
FFQ	90	0	0	0	0	0	0	0	0	0	0	0	0	0	0	0	0	0	0	0	0	0	0	0	0	0	0	0	0	0	0	2004	0
FFQ	91	0	0	0	0	0	0	0	0	0	0	0	0	0	0	0	0	0	0	0	0	0	0	0	0	0	0	0	0	0	0	2004	0
FFQ	92	0	0	0	0	0	0	0	0	0	0	0	0	0	0	0	0	0	0	0	0	0	0	0	0	0	0	0	0	0	0	2004	0
FFQ	93	0	0	0	0	0	0	0	0	0	0	0	0	0	0	0	0	0	0	0	0	0	0	0	0	0	0	0	0	0	0	2004	0
FFQ	94	0	0	0	0	0	0	0	0	0	0	0	0	0	0	0	0	0	0	0	0	0	0	0	0	0	0	0	0	0	0	2004	0
FFQ	95	0	0	0	0	0	0	0	0	0	0	0	0	0	0	0	0	0	0	0	0	0	0	0	0	0	0	0	0	0	0	2004	0
FFQ	96	0	0	0	0	0	0	0	0	0	0	0	0	0	0	0	0	0	0	0	0	0	0	0	0	0	0	0	0	0	0	2004	0
FFQ	97	0	0	0	0	0	0	0	0	0	0	0	0	0	0	0	0	0	0	0	0	0	0	0	0	0	0	0	0	0	0	2004	0
FFQ	98	0	0	0	0	0	0	0	0	0	0	0	0	0	0	0	0	0	0	0	0	0	0	0	0	0	0	0	0	0	0	2004	0
FFQ	99	0	0	0	0	0	0	0	0	0	0	0	0	0	0	0	0	0	0	0	0	0	0	0	0	0	0	0	0	0	0	2004	0
FFQ	100	0	0	0	0	0	0	0	0	0	0	0	0	0	0	0	0	0	0	0	0	0	0	0	0	0	0	0	0	0	0	2004	0
FFQ	101	0	0	0	0	0	0	0	0	0	0	0	0	0	0	0	0	0	0	0	0	0	0	0	0	0	0	0	0	0	0	2004	0
FFQ	102	0	0	0	0	0	0	0	0	0	0	0	0	0	0	0	0	0	0	0	0	0	0	0	0	0	0	0	0	0	0	2004	0
FFQ	103	0	0	0	0	0	0	0	0	0	0	0	0	0	0	0	0	0	0	0	0	0	0	0	0	0	0	0	0	0	0	2004	0
FFQ	104	0	0	0	0	0	0	0	0	0	0	0	0	0	0	0	0	0	0	0	0	0	0	0	0	0	0	0	0	0	0	2004	0
FFQ	105	0	0	0	0	0	0	0	0	0	0	0	0	0	0	0	0	0	0	0	0	0	0	0	0	0	0	0	0	0	0	2004	0
FFQ	106	0	0	0	0	0	0	0	0	0	0	0	0	0	0	0	0	0	0	0	0	0	0	0	0	0	0	0	0	0	0	2004	0
FFQ	107	0	0	0	0	0	0	0	0	0	0	0	0	0	0	0	0	0	0	0	0	0	0	0	0	0	0	0	0	0	0	2004	0
FFQ	108	0	0	0	0	0	0	0	0	0	0	0	0	0	0	0	0	0	0	0	0	0	0	0	0	0	0	0	0	0	0	2004	0
FFQ	109	0	0	0	0	0	0	0	0	0	0	0	0	0	0	0	0	0	0	0	0	0	0	0	0	0	0	0	0	0	0	2004	0
FFQ	110	0	0	0	0	0	0	0	0	0	0	0	0	0	0	0	0	0	0	0	0	0	0	0	0	0	0	0	0	0	0	2004	0
FFQ	111	0	0	0	0	0	0	0	0	0	0	0	0	0	0	0	0	0	0	0	0	0	0	0	0	0	0	0	0	0	0	2004	0
FFQ	112	0	0	0	0	0	0	0	0	0	0	0	0	0	0	0	0	0	0	0	0	0	0	0	0	0	0	0	0	0	0	2004	0
FFQ	113	0	0	0	0	0	0	0	0	0	0	0	0	0	0	0	0	0	0	0	0	0	0	0	0	0	0	0	0	0	0	2004	0
FFQ	114	0	0	0	0	0	0	0	0	0	0	0	0	0	0	0	0	0	0	0	0	0	0	0	0	0	0	0	0	0	0	2004	0
FFQ	115	0	0	0	0	0	0	0	0	0	0	0	0	0	0	0	0	0	0	0	0	0	0	0	0	0	0	0	0	0	0	2004	0
FFQ	116	0	0	0	0	0	0	0	0	0	0	0	0	0	0	0	0	0	0	0	0	0	0	0	0	0	0	0	0	0	0	2004	0
FFQ	117	0	0	0	0	0	0	0	0	0	0	0	0	0	0	0	0	0	0	0	0	0	0	0	0	0	0	0	0	0	0	2004	0
FFQ	118	0	0	0	0	0	0	0	0	0	0	0	0	0	0	0	0	0	0	0	0	0	0	0	0	0	0	0	0	0	0	2004	0
FFQ	119	0	0	0	0	0	0	0	0	0	0	0	0	0	0	0	0	0	0	0	0	0	0	0	0	0	0	0	0	0	0	2004	0
FFQ	120	0	0	0	0	0	0	0	0	0	0	0	0	0	0	0	0	0	0	0	0	0	0	0	0	0	0	0	0	0	0	2004	0
FFQ	121	0	0	0	0	0	0	0	0	0	0	0	0	0	0	0	0	0	0	0	0	0	0	0	0	0	0	0	0	0	0	2004	0
FFQ	122	0	0	0	0	0	0	0	0	0	0	0	0	0	0	0	0	0	0	0	0	0	0	0	0	0	0	0	0	0	0	2004	0
FFQ	123	0	0	0	0	0	0	0	0	0	0	0	0	0	0	0	0	0	0	0	0	0	0	0	0	0	0	0	0	0	0	2004	0
FFQ	124	0	0	0	0	0	0	0	0	0	0	0	0	0	0	0	0	0	0	0	0	0	0	0	0	0	0	0	0	0	0	2004	0
FFQ	125	0	0	0	0	0	0	0	0	0	0	0	0	0	0	0	0	0	0	0	0	0	0	0	0	0	0	0	0	0	0	2004	0
FFQ	126	0	0	0	0	0	0	0	0	0	0	0	0	0	0	0	0	0	0	0	0	0	0	0	0	0	0	0	0	0	0	2004	0
FFQ	127	0	0	0	0	0	0	0	0	0	0	0	0	0	0	0	0	0	0	0	0	0	0	0	0	0	0	0	0	0	0	2004	0
FFQ	128	0	0	0	0	0	0	0	0	0	0	0	0	0	0	0	0	0	0	0	0	0	0	0	0	0	0	0	0	0	0	2004	0
FFQ	129	0	0	0	0	0	0	0	0	0	0	0	0	0	0	0	0	0	0	0	0	0	0	0	0	0	0	0	0	0	0	2004	0
FFQ	130	0	0	0	0	0	0	0	0	0	0	0	0	0	0	0	0	0	0	0	0	0	0	0	0	0	0	0	0	0	0	2004	0
FFQ	131	0	0	0	0	0	0	0	0	0	0	0	0	0	0	0	0	0	0	0	0	0	0	0	0	0	0	0	0	0	0	2004	0
FFQ	132	0	0	0	0	0	0	0	0	0	0	0	0	0	0	0	0	0	0	0	0	0	0	0	0	0	0	0	0	0	0	2004	0
FFQ	133	0	0	0	0	0	0	0	0	0	0	0	0	0	0	0	0	0	0	0	0	0	0	0	0	0	0	0	0	0	0	2004	0
FFQ	134	0	0	0	0	0	0	0	0	0	0	0	0	0	0	0	0	0	0	0	0	0	0	0	0	0	0	0	0	0	0	2004	0
FFQ	135	0	0	0	0	0	0	0	0	0	0	0	0	0	0	0	0	0	0	0	0	0	0	0	0	0	0	0	0	0	0	2004	0
FFQ	136	0	0	0	0	0	0	0	0	0	0	0	0	0	0	0	0	0	0	0	0	0	0	0	0	0	0	0	0	0	0	2004	0
FFQ	137	0	0	0	0	0	0	0	0	0	0	0	0	0	0	0	0	0	0	0	0	0	0	0	0	0	0	0	0	0	0	2004	0
FFQ	138	0	0	0	0	0	0	0	0	0	0	0	0	0	0	0	0	0	0	0	0	0	0	0	0	0	0	0	0	0	0	2004	0
FFQ	139	0	0	0	0	0	0	0	0	0	0	0	0	0	0	0	0	0	0	0	0	0	0	0	0	0	0	0	0	0	0	2004	0
FFQ	140	0	0	0	0	0	0	0	0	0	0	0	0	0	0	0	0	0	0	0	0	0	0	0	0	0	0	0	0	0	0	2004	0
FFQ	141	0	0	0	0	0	0	0	0	0	0	0	0	0	0	0	0	0	0	0	0	0	0	0	0	0	0	0	0	0	0	2004	0
FFQ	142	0	0	0	0	0	0	0	0	0	0	0	0	0	0	0	0	0	0	0	0	0	0	0	0	0	0	0	0	0	0	2004	0
FFQ	143	0	0	0	0	0	0	0	0	0	0	0	0	0	0	0	0	0	0	0	0	0	0	0	0	0	0	0	0	0	0	2004	0
FFQ	144	0	0	0	0	0	0	0	0	0	0	0	0	0	0	0	0	0	0	0	0	0	0	0	0	0	0	0	0	0	0	2004	0
FFQ	145	0	0	0	0	0	0	0	0	0	0	0	0	0	0	0	0	0	0	0	0	0	0	0	0	0	0	0	0	0	0	2004	0
FFQ	146	0	0	0	0	0	0	0	0	0	0	0	0	0	0	0	0	0	0	0	0	0	0	0	0	0	0	0	0	0	0	2004	0
FFQ	147	0	0	0	0	0	0	0	0	0	0	0	0	0	0	0	0	0	0	0	0	0	0	0	0	0	0	0	0	0	0	2004	0
FFQ	148	0	0	0	0	0	0	0	0	0	0	0	0	0	0	0	0	0	0	0	0	0	0	0	0	0	0	0	0	0	0	2004	0
FFQ	149	0	0	0	0	0	0	0	0	0	0	0	0	0	0	0	0	0	0	0	0	0	0	0	0	0	0	0	0	0	0	2004	0
FFQ	150	0	0	0	0	0	0	0	0	0	0	0	0	0	0	0	0	0	0	0	0	0	0	0	0	0	0	0	0	0	0	2003	0
# Last Fragment Qualities. Use `grep ^LFQ | cut -f 2-` to extract this part.
# Columns correspond to qualities and rows to cycles. First column is the cycle number.
LFQ	1	0	0	0	0	0	0	0	0	0	0	0	0	0	0	0	0	0	0	0	0	0	0	0	0	0	0	0	0	0	0	2004	0
LFQ	2	0	0	0	0	0	0	0	0	0	0	0	0	0	0	0	0	0	0	0	0	0	0	0	0	0	0	0	0	0	0	2004	0
LFQ	3	0	0	0	0	0	0	0	0	0	0	0	0	0	0	0	0	0	0	0	0	0	0	0	0	0	0	0	0	0	0	2004	0
LFQ	4	0	0	0	0	0	0	0	0	0	0	0	0	0	0	0	0	0	0	0	0	0	0	0	0	0	0	0	0	0	0	2004	0
LFQ	5	0	0	0	0	0	0	0	0	0	0	0	0	0	0	0	0	0	0	0	0	0	0	0	0	0	0	0	0	0	0	2004	0
LFQ	6	0	0	0	0	0	0	0	0	0	0	0	0	0	0	0	0	0	0	0	0	0	0	0	0	0	0	0	0	0	0	2004	0
LFQ	7	0	0	0	0	0	0	0	0	0	0	0	0	0	0	0	0	0	0	0	0	0	0	0	0	0	0	0	0	0	0	2004	0
LFQ	8	0	0	0	0	0	0	0	0	0	0	0	0	0	0	0	0	0	0	0	0	0	0	0	0	0	0	0	0	0	0	2004	0
LFQ	9	0	0	0	0	0	0	0	0	0	0	0	0	0	0	0	0	0	0	0	0	0	0	0	0	0	0	0	0	0	0	2004	0
LFQ	10	0	0	0	0	0	0	0	0	0	0	0	0	0	0	0	0	0	0	0	0	0	0	0	0	0	0	0	0	0	0	2004	0
LFQ	11	0	0	0	0	0	0	0	0	0	0	0	0	0	0	0	0	0	0	0	0	0	0	0	0	0	0	0	0	0	0	2004	0
LFQ	12	0	0	0	0	0	0	0	0	0	0	0	0	0	0	0	0	0	0	0	0	0	0	0	0	0	0	0	0	0	0	2004	0
LFQ	13	0	0	0	0	0	0	0	0	0	0	0	0	0	0	0	0	0	0	0	0	0	0	0	0	0	0	0	0	0	0	2004	0
LFQ	14	0	0	0	0	0	0	0	0	0	0	0	0	0	0	0	0	0	0	0	0	0	0	0	0	0	0	0	0	0	0	2004	0
LFQ	15	0	0	0	0	0	0	0	0	0	0	0	0	0	0	0	0	0	0	0	0	0	0	0	0	0	0	0	0	0	0	2004	0
LFQ	16	0	0	0	0	0	0	0	0	0	0	0	0	0	0	0	0	0	0	0	0	0	0	0	0	0	0	0	0	0	0	2004	0
LFQ	17	0	0	0	0	0	0	0	0	0	0	0	0	0	0	0	0	0	0	0	0	0	0	0	0	0	0	0	0	0	0	2004	0
LFQ	18	0	0	0	0	0	0	0	0	0	0	0	0	0	0	0	0	0	0	0	0	0	0	0	0	0	0	0	0	0	0	2004	0
LFQ	19	0	0	0	0	0	0	0	0	0	0	0	0	0	0	0	0	0	0	0	0	0	0	0	0	0	0	0	0	0	0	2004	0
LFQ	20	0	0	0	0	0	0	0	0	0	0	0	0	0	0	0	0	0	0	0	0	0	0	0	0	0	0	0	0	0	0	2004	0
LFQ	21	0	0	0	0	0	0	0	0	0	0	0	0	0	0	0	0	0	0	0	0	0	0	0	0	0	0	0	0	0	0	2004	0
LFQ	22	0	0	0	0	0	0	0	0	0	0	0	0	0	0	0	0	0	0	0	0	0	0	0	0	0	0	0	0	0	0	2004	0
LFQ	23	0	0	0	0	0	0	0	0	0	0	0	0	0	0	0	0	0	0	0	0	0	0	0	0	0	0	0	0	0	0	2004	0
LFQ	24	0	0	0	0	0	0	0	0	0	0	0	0	0	0	0	0	0	0	0	0	0	0	0	0	0	0	0	0	0	0	2004	0
LFQ	25	0	0	0	0	0	0	0	0	0	0	0	0	0	0	0	0	0	0	0	0	0	0	0	0	0	0	0	0	0	0	2004	0
LFQ	26	0	0	0	0	0	0	0	0	0	0	0	0	0	0	0	0	0	0	0	0	0	0	0	0	0	0	0	0	0	0	2004	0
LFQ	27	0	0	0	0	0	0	0	0	0	0	0	0	0	0	0	0	0	0	0	0	0	0	0	0	0	0	0	0	0	0	2004	0
LFQ	28	0	0	0	0	0	0	0	0	0	0	0	0	0	0	0	0	0	0	0	0	0	0	0	0	0	0	0	0	0	0	2004	0
LFQ	29	0	0	0	0	0	0	0	0	0	0	0	0	0	0	0	0	0	0	0	0	0	0	0	0	0	0	0	0	0	0	2004	0
LFQ	30	0	0	0	0	0	0	0	0	0	0	0	0	0	0	0	0	0	0	0	0	0	0	0	0	0	0	0	0	0	0	2004	0
LFQ	31	0	0	0	0	0	0	0	0	0	0	0	0	0	0	0	0	0	0	0	0	0	0	0	0	0	0	0	0	0	0	2004	0
LFQ	32	0	0	0	0	0	0	0	0	0	0	0	0	0	0	0	0	0	0	0	0	0	0	0	0	0	0	0	0	0	0	2004	0
LFQ	33	0	0	0	0	0	0	0	0	0	0	0	0	0	0	0	0	0	0	0	0	0	0	0	0	0	0	0	0	0	0	2004	0
LFQ	34	0	0	0	0	0	0	0	0	0	0	0	0	0	0	0	0	0	0	0	0	0	0	0	0	0	0	0	0	0	0	2004	0
LFQ	35	0	0	0	0	0	0	0	0	0	0	0	0	0	0	0	0	0	0	0	0	0	0	0	0	0	0	0	0	0	0	2004	0
LFQ	36	0	0	0	0	0	0	0	0	0	0	0	0	0	0	0	0	0	0	0	0	0	0	0	0	0	0	0	0	0	0	2004	0
LFQ	37	0	0	0	0	0	0	0	0	0	0	0	0	0	0	0	0	0	0	0	0	0	0	0	0	0	0	0	0	0	0	2004	0
LFQ	38	0	0	0	0	0	0	0	0	0	0	0	0	0	0	0	0	0	0	0	0	0	0	0	0	0	0	0	0	0	0	2004	0
LFQ	39	0	0	0	0	0	0	0	0	0	0	0	0	0	0	0	0	0	0	0	0	0	0	0	0	0	0	0	0	0	0	2004	0
LFQ	40	0	0	0	0	0	0	0	0	0	0	0	0	0	0	0	0	0	0	0	0	0	0	0	0	0	0	0	0	0	0	2004	0
LFQ	41	0	0	0	0	0	0	0	0	0	0	0	0	0	0	0	0	0	0	0	0	0	0	0	0	0	0	0	0	0	0	2004	0
LFQ	42	0	0	0	0	0	0	0	0	0	0	0	0	0	0	0	0	0	0	0	0	0	0	0	0	0	0	0	0	0	0	2004	0
LFQ	43	0	0	0	0	0	0	0	0	0	0	0	0	0	0	0	0	0	0	0	0	0	0	0	0	0	0	0	0	0	0	2004	0
LFQ	44	0	0	0	0	0	0	0	0	0	0	0	0	0	0	0	0	0	0	0	0	0	0	0	0	0	0	0	0	0	0	2004	0
LFQ	45	0	0	0	0	0	0	0	0	0	0	0	0	0	0	0	0	0	0	0	0	0	0	0	0	0	0	0	0	0	0	2004	0
LFQ	46	0	0	0	0	0	0	0	0	0	0	0	0	0	0	0	0	0	0	0	0	0	0	0	0	0	0	0	0	0	0	2004	0
LFQ	47	0	0	0	0	0	0	0	0	0	0	0	0	0	0	0	0	0	0	0	0	0	0	0	0	0	0	0	0	0	0	2004	0
LFQ	48	0	0	0	0	0	0	0	0	0	0	0	0	0	0	0	0	0	0	0	0	0	0	0	0	0	0	0	0	0	0	2004	0
LFQ	49	0	0	0	0	0	0	0	0	0	0	0	0	0	0	0	0	0	0	0	0	0	0	0	0	0	0	0	0	0	0	2004	0
LFQ	50	0	0	0	0	0	0	0	0	0	0	0	0	0	0	0	0	0	0	0	0	0	0	0	0	0	0	0	0	0	0	2004	0
LFQ	51	0	0	0	0	0	0	0	0	0	0	0	0	0	0	0	0	0	0	0	0	0	0	0	0	0	0	0	0	0	0	2004	0
LFQ	52	0	0	0	0	0	0	0	0	0	0	0	0	0	0	0	0	0	0	0	0	0	0	0	0	0	0	0	0	0	0	2004	0
LFQ	53	0	0	0	0	0	0	0	0	0	0	0	0	0	0	0	0	0	0	0	0	0	0	0	0	0	0	0	0	0	0	2004	0
LFQ	54	0	0	0	0	0	0	0	0	0	0	0	0	0	0	0	0	0	0	0	0	0	0	0	0	0	0	0	0	0	0	2004	0
LFQ	55	0	0	0	0	0	0	0	0	0	0	0	0	0	0	0	0	0	0	0	0	0	0	0	0	0	0	0	0	0	0	2004	0
LFQ	56	0	0	0	0	0	0	0	0	0	0	0	0	0	0	0	0	0	0	0	0	0	0	0	0	0	0	0	0	0	0	2004	0
LFQ	57	0	0	0	0	0	0	0	0	0	0	0	0	0	0	0	0	0	0	0	0	0	0	0	0	0	0	0	0	0	0	2004	0
LFQ	58	0	0	0	0	0	0	0	0	0	0	0	0	0	0	0	0	0	0	0	0	0	0	0	0	0	0	0	0	0	0	2004	0
LFQ	59	0	0	0	0	0	0	0	0	0	0	0	0	0	0	0	0	0	0	0	0	0	0	0	0	0	0	0	0	0	0	2004	0
LFQ	60	0	0	0	0	0	0	0	0	0	0	0	0	0	0	0	0	0	0	0	0	0	0	0	0	0	0	0	0	0	0	2004	0
LFQ	61	0	0	0	0	0	0	0	0	0	0	0	0	0	0	0	0	0	0	0	0	0	0	0	0	0	0	0	0	0	0	2004	0
LFQ	62	0	0	0	0	0	0	0	0	0	0	0	0	0	0	0	0	0	0	0	0	0	0	0	0	0	0	0	0	0	0	2004	0
LFQ	63	0	0	0	0	0	0	0	0	0	0	0	0	0	0	0	0	0	0	0	0	0	0	0	0	0	0	0	0	0	0	2004	0
LFQ	64	0	0	0	0	0	0	0	0	0	0	0	0	0	0	0	0	0	0	0	0	0	0	0	0	0	0	0	0	0	0	2004	0
LFQ	65	0	0	0	0	0	0	0	0	0	0	0	0	0	0	0	0	0	0	0	0	0	0	0	0	0	0	0	0	0	0	2004	0
LFQ	66	0	0	0	0	0	0	0	0	0	0	0	0	0	0	0	0	0	0	0	0	0	0	0	0	0	0	0	0	0	0	2004	0
LFQ	67	0	0	0	0	0	0	0	0	0	0	0	0	0	0	0	0	0	0	0	0	0	0	0	0	0	0	0	0	0	0	2004	0
LFQ	68	0	0	0	0	0	0	0	0	0	0	0	0	0	0	0	0	0	0	0	0	0	0	0	0	0	0	0	0	0	0	2004	0
LFQ	69	0	0	0	0	0	0	0	0	0	0	0	0	0	0	0	0	0	0	0	0	0	0	0	0	0	0	0	0	0	0	2004	0
LFQ	70	0	0	0	0	0	0	0	0	0	0	0	0	0	0	0	0	0	0	0	0	0	0	0	0	0	0	0	0	0	0	2004	0
LFQ	71	0	0	0	0	0	0	0	0	0	0	0	0	0	0	0	0	0	0	0	0	0	0	0	0	0	0	0	0	0	0	2004	0
LFQ	72	0	0	0	0	0	0	0	0	0	0	0	0	0	0	0	0	0	0	0	0	0	0	0	0	0	0	0	0	0	0	2004	0
LFQ	73	0	0	0	0	0	0	0	0	0	0	0	0	0	0	0	0	0	0	0	0	0	0	0	0	0	0	0	0	0	0	2004	0
LFQ	74	0	0	0	0	0	0	0	0	0	0	0	0	0	0	0	0	0	0	0	0	0	0	0	0	0	0	0	0	0	0	2004	0
LFQ	75	0	0	0	0	0	0	0	0	0	0	0	0	0	0	0	0	0	0	0	0	0	0	0	0	0	0	0	0	0	0	2004	0
LFQ	76	0	0	0	0	0	0	0	0	0	0	0	0	0	0	0	0	0	0	0	0	0	0	0	0	0	0	0	0	0	0	2004	0
LFQ	77	0	0	0	0	0	0	0	0	0	0	0	0	0	0	0	0	0	0	0	0	0	0	0	0	0	0	0	0	0	0	2004	0
LFQ	78	0	0	0	0	0	0	0	0	0	0	0	0	0	0	0	0	0	0	0	0	0	0	0	0	0	0	0	0	0	0	2004	0
LFQ	79	0	0	0	0	0	0	0	0	0	0	0	0	0	0	0	0	0	0	0	0	0	0	0	0	0	0	0	0	0	0	2004	0
LFQ	80	0	0	0	0	0	0	0	0	0	0	0	0	0	0	0	0	0	0	0	0	0	0	0	0	0	0	0	0	0	0	2004	0
LFQ	81	0	0	0	0	0	0	0	0	0	0	0	0	0	0	0	0	0	0	0	0	0	0	0	0	0	0	0	0	0	0	2004	0
LFQ	82	0	0	0	0	0	0	0	0	0	0	0	0	0	0	0	0	0	0	0	0	0	0	0	0	0	0	0	0	0	0	2004	0
LFQ	83	0	0	0	0	0	0	0	0	0	0	0	0	0	0	0	0	0	0	0	0	0	0	0	0	0	0	0	0	0	0	2004	0
LFQ	84	0	0	0	0	0	0	0	0	0	0	0	0	0	0	0	0	0	0	0	0	0	0	0	0	0	0	0	0	0	0	2004	0
LFQ	85	0	0	0	0	0	0	0	0	0	0	0	0	0	0	0	0	0	0	0	0	0	0	0	0	0	0	0	0	0	0	2004	0
LFQ	86	0	0	0	0	0	0	0	0	0	0	0	0	0	0	0	0	0	0	0	0	0	0	0	0	0	0	0	0	0	0	2004	0
LFQ	87	0	0	0	0	0	0	0	0	0	0	0	0	0	0	0	0	0	0	0	0	0	0	0	0	0	0	0	0	0	0	2004	0
LFQ	88	0	0	0	0	0	0	0	0	0	0	0	0	0	0	0	0	0	0	0	0	0	0	0	0	0	0	0	0	0	0	2004	0
LFQ	89	0	0	0	0	0	0	0	0	0	0	0	0	0	0	0	0	0	0	0	0	0	0	0	0	0	0	0	0	0	0	2004	0
LFQ	90	0	0	0	0	0	0	0	0	0	0	0	0	0	0	0	0	0	0	0	0	0	0	0	0	0	0	0	0	0	0	2004	0
LFQ	91	0	0	0	0	0	0	0	0	0	0	0	0	0	0	0	0	0	0	0	0	0	0	0	0	0	0	0	0	0	0	2004	0
LFQ	92	0	0	0	0	0	0	0	0	0	0	0	0	0	0	0	0	0	0	0	0	0	0	0	0	0	0	0	0	0	0	2004	0
LFQ	93	0	0	0	0	0	0	0	0	0	0	0	0	0	0	0	0	0	0	0	0	0	0	0	0	0	0	0	0	0	0	2004	0
LFQ	94	0	0	0	0	0	0	0	0	0	0	0	0	0	0	0	0	0	0	0	0	0	0	0	0	0	0	0	0	0	0	2004	0
LFQ	95	0	0	0	0	0	0	0	0	0	0	0	0	0	0	0	0	0	0	0	0	0	0	0	0	0	0	0	0	0	0	2004	0
LFQ	96	0	0	0	0	0	0	0	0	0	0	0	0	0	0	0	0	0	0	0	0	0	0	0	0	0	0	0	0	0	0	2004	0
LFQ	97	0	0	0	0	0	0	0	0	0	0	0	0	0	0	0	0	0	0	0	0	0	0	0	0	0	0	0	0	0	0	2004	0
LFQ	98	0	0	0	0	0	0	0	0	0	0	0	0	0	0	0	0	0	0	0	0	0	0	0	0	0	0	0	0	0	0	2004	0
LFQ	99	0	0	0	0	0	0	0	0	0	0	0	0	0	0	0	0	0	0	0	0	0	0	0	0	0	0	0	0	0	0	2004	0
LFQ	100	0	0	0	0	0	0	0	0	0	0	0	0	0	0	0	0	0	0	0	0	0	0	0	0	0	0	0	0	0	0	2004	0
LFQ	101	0	0	0	0	0	0	0	0	0	0	0	0	0	0	0	0	0	0	0	0	0	0	0	0	0	0	0	0	0	0	2004	0
LFQ	102	0	0	0	0	0	0	0	0	0	0	0	0	0	0	0	0	0	0	0	0	0	0	0	0	0	0	0	0	0	0	2004	0
LFQ	103	0	0	0	0	0	0	0	0	0	0	0	0	0	0	0	0	0	0	0	0	0	0	0	0	0	0	0	0	0	0	2004	0
LFQ	104	0	0	0	0	0	0	0	0	0	0	0	0	0	0	0	0	0	0	0	0	0	0	0	0	0	0	0	0	0	0	2004	0
LFQ	105	0	0	0	0	0	0	0	0	0	0	0	0	0	0	0	0	0	0	0	0	0	0	0	0	0	0	0	0	0	0	2004	0
LFQ	106	0	0	0	0	0	0	0	0	0	0	0	0	0	0	0	0	0	0	0	0	0	0	0	0	0	0	0	0	0	0	2004	0
LFQ	107	0	0	0	0	0	0	0	0	0	0	0	0	0	0	0	0	0	0	0	0	0	0	0	0	0	0	0	0	0	0	2004	0
LFQ	108	0	0	0	0	0	0	0	0	0	0	0	0	0	0	0	0	0	0	0	0	0	0	0	0	0	0	0	0	0	0	2004	0
LFQ	109	0	0	0	0	0	0	0	0	0	0	0	0	0	0	0	0	0	0	0	0	0	0	0	0	0	0	0	0	0	0	2004	0
LFQ	110	0	0	0	0	0	0	0	0	0	0	0	0	0	0	0	0	0	0	0	0	0	0	0	0	0	0	0	0	0	0	2004	0
LFQ	111	0	0	0	0	0	0	0	0	0	0	0	0	0	0	0	0	0	0	0	0	0	0	0	0	0	0	0	0	0	0	2004	0
LFQ	112	0	0	0	0	0	0	0	0	0	0	0	0	0	0	0	0	0	0	0	0	0	0	0	0	0	0	0	0	0	0	2004	0
LFQ	113	0	0	0	0	0	0	0	0	0	0	0	0	0	0	0	0	0	0	0	0	0	0	0	0	0	0	0	0	0	0	2004	0
LFQ	114	0	0	0	0	0	0	0	0	0	0	0	0	0	0	0	0	0	0	0	0	0	0	0	0	0	0	0	0	0	0	2004	0
LFQ	115	0	0	0	0	0	0	0	0	0	0	0	0	0	0	0	0	0	0	0	0	0	0	0	0	0	0	0	0	0	0	2004	0
LFQ	116	0	0	0	0	0	0	0	0	0	0	0	0	0	0	0	0	0	0	0	0	0	0	0	0	0	0	0	0	0	0	2004	0
LFQ	117	0	0	0	0	0	0	0	0	0	0	0	0	0	0	0	0	0	0	0	0	0	0	0	0	0	0	0	0	0	0	2004	0
LFQ	118	0	0	0	0	0	0	0	0	0	0	0	0	0	0	0	0	0	0	0	0	0	0	0	0	0	0	0	0	0	0	2004	0
LFQ	119	0	0	0	0	0	0	0	0	0	0	0	0	0	0	0	0	0	0	0	0	0	0	0	0	0	0	0	0	0	0	2004	0
LFQ	120	0	0	0	0	0	0	0	0	0	0	0	0	0	0	0	0	0	0	0	0	0	0	0	0	0	0	0	0	0	0	2004	0
LFQ	121	0	0	0	0	0	0	0	0	0	0	0	0	0	0	0	0	0	0	0	0	0	0	0	0	0	0	0	0	0	0	2004	0
LFQ	122	0	0	0	0	0	0	0	0	0	0	0	0	0	0	0	0	0	0	0	0	0	0	0	0	0	0	0	0	0	0	2004	0
LFQ	123	0	0	0	0	0	0	0	0	0	0	0	0	0	0	0	0	0	0	0	0	0	0	0	0	0	0	0	0	0	0	2004	0
LFQ	124	0	0	0	0	0	0	0	0	0	0	0	0	0	0	0	0	0	0	0	0	0	0	0	0	0	0	0	0	0	0	2004	0
LFQ	125	0	0	0	0	0	0	0	0	0	0	0	0	0	0	0	0	0	0	0	0	0	0	0	0	0	0	0	0	0	0	2004	0
LFQ	126	0	0	0	0	0	0	0	0	0	0	0	0	0	0	0	0	0	0	0	0	0	0	0	0	0	0	0	0	0	0	2004	0
LFQ	127	0	0	0	0	0	0	0	0	0	0	0	0	0	0	0	0	0	0	0	0	0	0	0	0	0	0	0	0	0	0	2004	0
LFQ	128	0	0	0	0	0	0	0	0	0	0	0	0	0	0	0	0	0	0	0	0	0	0	0	0	0	0	0	0	0	0	2004	0
LFQ	129	0	0	0	0	0	0	0	0	0	0	0	0	0	0	0	0	0	0	0	0	0	0	0	0	0	0	0	0	0	0	2004	0
LFQ	130	0	0	0	0	0	0	0	0	0	0	0	0	0	0	0	0	0	0	0	0	0	0	0	0	0	0	0	0	0	0	2004	0
LFQ	131	0	0	0	0	0	0	0	0	0	0	0	0	0	0	0	0	0	0	0	0	0	0	0	0	0	0	0	0	0	0	2004	0
LFQ	132	0	0	0	0	0	0	0	0	0	0	0	0	0	0	0	0	0	0	0	0	0	0	0	0	0	0	0	0	0	0	2004	0
LFQ	133	0	0	0	0	0	0	0	0	0	0	0	0	0	0	0	0	0	0	0	0	0	0	0	0	0	0	0	0	0	0	2004	0
LFQ	134	0	0	0	0	0	0	0	0	0	0	0	0	0	0	0	0	0	0	0	0	0	0	0	0	0	0	0	0	0	0	2004	0
LFQ	135	0	0	0	0	0	0	0	0	0	0	0	0	0	0	0	0	0	0	0	0	0	0	0	0	0	0	0	0	0	0	2004	0
LFQ	136	0	0	0	0	0	0	0	0	0	0	0	0	0	0	0	0	0	0	0	0	0	0	0	0	0	0	0	0	0	0	2004	0
LFQ	137	0	0	0	0	0	0	0	0	0	0	0	0	0	0	0	0	0	0	0	0	0	0	0	0	0	0	0	0	0	0	2004	0
LFQ	138	0	0	0	0	0	0	0	0	0	0	0	0	0	0	0	0	0	0	0	0	0	0	0	0	0	0	0	0	0	0	2004	0
LFQ	139	0	0	0	0	0	0	0	0	0	0	0	0	0	0	0	0	0	0	0	0	0	0	0	0	0	0	0	0	0	0	2004	0
LFQ	140	0	0	0	0	0	0	0	0	0	0	0	0	0	0	0	0	0	0	0	0	0	0	0	0	0	0	0	0	0	0	2004	0
LFQ	141	0	0	0	0	0	0	0	0	0	0	0	0	0	0	0	0	0	0	0	0	0	0	0	0	0	0	0	0	0	0	2004	0
LFQ	142	0	0	0	0	0	0	0	0	0	0	0	0	0	0	0	0	0	0	0	0	0	0	0	0	0	0	0	0	0	0	2004	0
LFQ	143	0	0	0	0	0	0	0	0	0	0	0	0	0	0	0	0	0	0	0	0	0	0	0	0	0	0	0	0	0	0	2004	0
LFQ	144	0	0	0	0	0	0	0	0	0	0	0	0	0	0	0	0	0	0	0	0	0	0	0	0	0	0	0	0	0	0	2004	0
LFQ	145	0	0	0	0	0	0	0	0	0	0	0	0	0	0	0	0	0	0	0	0	0	0	0	0	0	0	0	0	0	0	2004	0
LFQ	146	0	0	0	0	0	0	0	0	0	0	0	0	0	0	0	0	0	0	0	0	0	0	0	0	0	0	0	0	0	0	2004	0
LFQ	147	0	0	0	0	0	0	0	0	0	0	0	0	0	0	0	0	0	0	0	0	0	0	0	0	0	0	0	0	0	0	2004	0
LFQ	148	0	0	0	0	0	0	0	0	0	0	0	0	0	0	0	0	0	0	0	0	0	0	0	0	0	0	0	0	0	0	2004	0
LFQ	149	0	0	0	0	0	0	0	0	0	0	0	0	0	0	0	0	0	0	0	0	0	0	0	0	0	0	0	0	0	0	2004	0
LFQ	150	0	0	0	0	0	0	0	0	0	0	0	0	0	0	0	0	0	0	0	0	0	0	0	0	0	0	0	0	0	0	2004	0
# GC Content of first fragments. Use `grep ^GCF | cut -f 2-` to extract this part.
GCF	3.27	0
GCF	6.78	1
GCF	7.79	0
GCF	8.79	1
GCF	9.30	0
GCF	10.05	1
GCF	10.80	0
GCF	11.31	1
GCF	13.07	0
GCF	14.82	1
GCF	16.83	0
GCF	18.84	2
GCF	19.35	0
GCF	20.10	3
GCF	20.85	2
GCF	21.36	3
GCF	22.11	2
GCF	22.86	6
GCF	23.37	8
GCF	24.12	6
GCF	24.87	12
GCF	25.88	15
GCF	26.88	22
GCF	27.39	25
GCF	28.14	23
GCF	28.89	36
GCF	29.40	37
GCF	30.15	42
GCF	31.16	41
GCF	32.16	48
GCF	32.91	50
GCF	33.67	63
GCF	34.67	70
GCF	35.43	65
GCF	35.93	69
GCF	36.93	70
GCF	37.94	65
GCF	38.69	77
GCF	39.45	61
GCF	39.95	70
GCF	40.70	80
GCF	41.46	70
GCF	41.96	66
GCF	42.71	61
GCF	43.47	54
GCF	43.97	45
GCF	44.72	51
GCF	45.48	52
GCF	45.98	45
GCF	46.73	37
GCF	47.49	38
GCF	47.99	43
GCF	48.74	24
GCF	49.50	28
GCF	50.00	27
GCF	50.75	15
GCF	51.51	16
GCF	52.01	8
GCF	52.76	7
GCF	53.52	9
GCF	54.02	6
GCF	54.77	5
GCF	55.53	0
GCF	56.03	3
GCF	56.78	5
GCF	57.54	4
GCF	58.54	2
GCF	59.55	4
GCF	60.80	2
GCF	62.06	0
GCF	62.81	1
GCF	63.57	2
GCF	67.09	0
GCF	70.60	1
# GC Content of last fragments. Use `grep ^GCL | cut -f 2-` to extract this part.
GCL	3.52	0
GCL	7.29	1
GCL	9.55	0
GCL	12.06	1
GCL	14.07	0
GCL	16.08	1
GCL	17.59	0
GCL	18.84	2
GCL	19.35	0
GCL	20.10	1
GCL	20.85	3
GCL	21.36	5
GCL	22.11	3
GCL	22.86	10
GCL	23.37	7
GCL	24.12	10
GCL	24.87	17
GCL	25.38	15
GCL	26.13	11
GCL	26.88	12
GCL	27.39	17
GCL	28.14	22
GCL	28.89	25
GCL	29.40	43
GCL	30.15	38
GCL	30.90	29
GCL	31.41	35
GCL	32.16	53
GCL	32.91	63
GCL	33.42	59
GCL	33.92	66
GCL	34.67	71
GCL	35.43	83
GCL	35.93	66
GCL	36.68	80
GCL	37.44	82
GCL	37.94	72
GCL	38.69	66
GCL	39.45	57
GCL	40.45	77
GCL	41.46	55
GCL	41.96	53
GCL	42.71	48
GCL	43.47	58
GCL	43.97	48
GCL	44.72	53
GCL	45.48	52
GCL	45.98	59
GCL	46.73	47
GCL	47.49	41
GCL	47.99	31
GCL	48.74	24
GCL	49.50	22
GCL	50.00	21
GCL	50.75	17
GCL	51.76	9
GCL	52.76	5
GCL	53.77	8
GCL	54.77	2
GCL	55.53	9
GCL	56.03	3
GCL	56.78	8
GCL	57.79	5
GCL	59.05	1
GCL	60.05	3
GCL	61.06	5
GCL	62.06	0
GCL	62.81	2
GCL	63.82	1
GCL	65.08	0
GCL	66.08	2
GCL	67.09	0
GCL	68.09	1
GCL	69.35	0
GCL	70.60	2
# ACGT content per cycle. Use `grep ^GCC | cut -f 2-` to extract this part. The columns are: cycle; A,C,G,T base counts as a percentage of all A/C/G/T bases [%]; and N and O counts as a percentage of all A/C/G/T bases [%]
GCC	1	30.44	19.74	19.64	30.19	0.00	0.00
GCC	2	31.06	19.84	18.26	30.84	0.00	0.00
GCC	3	31.16	20.21	18.46	30.16	0.00	0.00
GCC	4	30.81	19.86	18.21	31.11	0.00	0.00
GCC	5	31.36	19.29	18.49	30.86	0.00	0.00
GCC	6	31.61	19.26	19.29	29.84	0.00	0.00
GCC	7	30.89	20.31	19.21	29.59	0.00	0.00
GCC	8	29.57	21.48	19.14	29.82	0.00	0.00
GCC	9	31.84	19.26	18.66	30.24	0.00	0.00
GCC	10	29.99	20.01	19.09	30.91	0.00	0.00
GCC	11	31.44	20.26	18.56	29.74	0.00	0.00
GCC	12	30.24	19.39	19.34	31.04	0.00	0.00
GCC	13	29.39	20.28	18.91	31.41	0.00	0.00
GCC	14	30.39	19.29	19.34	30.99	0.00	0.00
GCC	15	31.51	18.69	19.81	29.99	0.00	0.00
GCC	16	29.89	20.33	18.54	31.24	0.00	0.00
GCC	17	30.69	19.19	19.09	31.04	0.00	0.00
GCC	18	31.49	18.99	18.41	31.11	0.00	0.00
GCC	19	31.29	20.23	18.96	29.52	0.00	0.00
GCC	20	30.74	19.54	18.14	31.59	0.00	0.00
GCC	21	30.56	19.34	17.69	32.41	0.00	0.00
GCC	22	30.04	20.08	20.21	29.67	0.00	0.00
GCC	23	31.14	19.66	18.76	30.44	0.00	0.00
GCC	24	31.49	19.26	18.86	30.39	0.00	0.00
GCC	25	30.76	21.16	18.91	29.17	0.00	0.00
GCC	26	31.69	19.86	17.71	30.74	0.00	0.00
GCC	27	31.09	19.01	19.41	30.49	0.00	0.00
GCC	28	31.06	20.21	19.69	29.04	0.00	0.00
GCC	29	30.61	19.96	19.19	30.24	0.00	0.00
GCC	30	30.36	19.04	18.19	32.41	0.00	0.00
GCC	31	30.79	18.66	19.86	30.69	0.00	0.00
GCC	32	31.04	20.71	18.86	29.39	0.00	0.00
GCC	33	30.66	18.39	19.51	31.44	0.00	0.00
GCC	34	31.11	19.61	19.61	29.67	0.00	0.00
GCC	35	31.81	18.99	19.46	29.74	0.00	0.00
GCC	36	29.94	19.96	19.36	30.74	0.00	0.00
GCC	37	30.86	19.21	19.64	30.29	0.00	0.00
GCC	38	30.91	19.51	19.79	29.79	0.00	0.00
GCC	39	31.36	18.41	19.06	31.16	0.00	0.00
GCC	40	30.19	19.66	18.81	31.34	0.00	0.00
GCC	41	30.29	20.86	18.09	30.76	0.00	0.00
GCC	42	31.76	19.54	19.59	29.12	0.00	0.00
GCC	43	29.49	19.66	20.16	30.69	0.00	0.00
GCC	44	31.21	19.64	18.96	30.19	0.00	0.00
GCC	45	31.44	20.28	18.04	30.24	0.00	0.00
GCC	46	30.49	20.03	18.76	30.71	0.00	0.00
GCC	47	31.46	20.71	18.14	29.69	0.00	0.00
GCC	48	31.49	20.91	17.29	30.31	0.00	0.00
GCC	49	29.94	19.54	18.09	32.44	0.00	0.00
GCC	50	31.66	19.61	17.51	31.21	0.00	0.00
GCC	51	31.56	19.79	19.01	29.64	0.00	0.00
GCC	52	32.26	18.96	18.29	30.49	0.00	0.00
GCC	53	30.14	19.79	17.61	32.46	0.00	0.00
GCC	54	30.56	20.13	19.41	29.89	0.00	0.00
GCC	55	30.21	19.46	20.23	30.09	0.00	0.00
GCC	56	30.11	18.69	19.59	31.61	0.00	0.00
GCC	57	31.24	19.19	18.26	31.31	0.00	0.00
GCC	58	30.01	19.71	18.79	31.49	0.00	0.00
GCC	59	30.69	18.99	19.46	30.86	0.00	0.00
GCC	60	31.34	19.74	19.26	29.67	0.00	0.00
GCC	61	31.41	20.86	18.71	29.02	0.00	0.00
GCC	62	29.89	20.86	19.01	30.24	0.00	0.00
GCC	63	29.59	19.51	19.69	31.21	0.00	0.00
GCC	64	29.49	20.58	18.89	31.04	0.00	0.00
GCC	65	29.72	19.84	18.34	32.11	0.00	0.00
GCC	66	31.59	19.44	18.26	30.71	0.00	0.00
GCC	67	31.14	19.34	19.11	30.41	0.00	0.00
GCC	68	30.11	20.11	19.59	30.19	0.00	0.00
GCC	69	30.66	20.21	19.19	29.94	0.00	0.00
GCC	70	30.94	20.81	19.21	29.04	0.00	0.00
GCC	71	31.04	18.79	19.91	30.26	0.00	0.00
GCC	72	29.29	20.16	19.36	31.19	0.00	0.00
GCC	73	32.49	19.31	18.39	29.82	0.00	0.00
GCC	74	32.26	20.13	17.71	29.89	0.00	0.00
GCC	75	30.41	19.64	18.61	31.34	0.00	0.00
GCC	76	30.54	19.74	18.81	30.91	0.00	0.00
GCC	77	30.64	20.28	18.86	30.21	0.00	0.00
GCC	78	30.14	19.26	18.91	31.69	0.00	0.00
GCC	79	30.46	18.29	19.36	31.89	0.00	0.00
GCC	80	29.92	19.61	20.13	30.34	0.00	0.00
GCC	81	30.56	19.54	18.89	31.01	0.00	0.00
GCC	82	30.54	20.31	19.09	30.06	0.00	0.00
GCC	83	29.82	20.06	19.11	31.01	0.00	0.00
GCC	84	32.09	18.49	18.71	30.71	0.00	0.00
GCC	85	30.79	19.79	19.59	29.84	0.00	0.00
GCC	86	30.94	18.69	19.31	31.06	0.00	0.00
GCC	87	30.09	19.51	20.13	30.26	0.00	0.00
GCC	88	32.34	19.36	18.39	29.92	0.00	0.00
GCC	89	29.34	19.76	18.66	32.24	0.00	0.00
GCC	90	31.14	19.79	18.29	30.79	0.00	0.00
GCC	91	29.54	20.23	18.11	32.11	0.00	0.00
GCC	92	30.71	19.26	18.96	31.06	0.00	0.00
GCC	93	30.34	19.19	19.86	30.61	0.00	0.00
GCC	94	30.61	20.16	19.24	29.99	0.00	0.00
GCC	95	31.21	19.59	18.34	30.86	0.00	0.00
GCC	96	31.81	19.19	18.96	30.04	0.00	0.00
GCC	97	30.39	20.08	19.09	30.44	0.00	0.00
GCC	98	30.09	19.44	18.29	32.19	0.00	0.00
GCC	99	30.21	19.96	18.36	31.46	0.00	0.00
GCC	100	30.44	20.38	18.09	31.09	0.00	0.00
GCC	101	30.44	19.29	19.74	30.54	0.00	0.00
GCC	102	30.81	19.36	19.01	30.81	0.00	0.00
GCC	103	30.41	20.73	17.94	30.91	0.00	0.00
GCC	104	30.41	19.56	18.79	31.24	0.00	0.00
GCC	105	30.79	20.28	18.46	30.46	0.00	0.00
GCC	106	29.69	19.79	19.56	30.96	0.00	0.00
GCC	107	30.64	20.16	19.14	30.06	0.00	0.00
GCC	108	30.59	18.79	19.16	31.46	0.00	0.00
GCC	109	30.06	19.39	18.91	31.64	0.00	0.00
GCC	110	30.54	19.71	19.36	30.39	0.00	0.00
GCC	111	30.89	19.04	19.09	30.99	0.00	0.00
GCC	112	30.19	19.76	19.21	30.84	0.00	0.00
GCC	113	29.22	20.06	19.84	30.89	0.00	0.00
GCC	114	30.31	19.79	19.76	30.14	0.00	0.00
GCC	115	30.14	19.21	20.43	30.21	0.00	0.00
GCC	116	29.69	19.11	19.74	31.46	0.00	0.00
GCC	117	31.16	18.51	19.54	30.79	0.00	0.00
GCC	118	31.14	20.01	18.96	29.89	0.00	0.00
GCC	119	29.57	21.31	19.74	29.39	0.00	0.00
GCC	120	28.84	19.71	20.03	31.41	0.00	0.00
GCC	121	31.21	20.26	18.59	29.94	0.00	0.00
GCC	122	31.54	19.01	18.44	31.01	0.00	0.00
GCC	123	30.69	19.76	18.36	31.19	0.00	0.00
GCC	124	31.19	19.14	19.79	29.89	0.00	0.00
GCC	125	29.72	19.76	19.31	31.21	0.00	0.00
GCC	126	31.94	18.89	19.31	29.87	0.00	0.00
GCC	127	30.86	20.03	19.04	30.06	0.00	0.00
GCC	128	30.11	21.26	18.56	30.06	0.00	0.00
GCC	129	30.66	19.39	18.61	31.34	0.00	0.00
GCC	130	30.46	18.91	19.66	30.96	0.00	0.00
GCC	131	30.44	19.84	18.59	31.14	0.00	0.00
GCC	132	30.16	19.81	19.01	31.01	0.00	0.00
GCC	133	31.16	19.04	18.21	31.59	0.00	0.00
GCC	134	30.06	20.16	18.26	31.51	0.00	0.00
GCC	135	29.74	19.76	18.61	31.89	0.00	0.00
GCC	136	31.11	19.11	19.01	30.76	0.00	0.00
GCC	137	30.16	19.89	20.18	29.77	0.00	0.00
GCC	138	29.39	20.01	19.11	31.49	0.00	0.00
GCC	139	29.72	20.53	19.99	29.77	0.00	0.00
GCC	140	30.99	19.56	19.69	29.77	0.00	0.00
GCC	141	30.39	20.16	19.81	29.64	0.00	0.00
GCC	142	31.39	19.54	18.91	30.16	0.00	0.00
GCC	143	31.29	19.61	17.94	31.16	0.00	0.00
GCC	144	30.34	20.06	18.86	30.74	0.00	0.00
GCC	145	31.06	19.06	20.01	29.87	0.00	0.00
GCC	146	31.46	19.31	19.29	29.94	0.00	0.00
GCC	147	30.81	19.84	19.81	29.54	0.00	0.00
GCC	148	30.66	19.34	18.89	31.11	0.00	0.00
GCC	149	29.42	19.24	20.36	30.99	0.00	0.00
GCC	150	29.80	19.52	19.07	31.62	0.00	0.00
# ACGT content per cycle, read oriented. Use `grep ^GCT | cut -f 2-` to extract this part. The columns are: cycle; A,C,G,T base counts as a percentage of all A/C/G/T bases [%]
GCT	1	31.21	19.91	19.46	29.42
GCT	2	31.84	19.06	19.04	30.06
GCT	3	31.86	18.66	20.01	29.47
GCT	4	31.74	17.99	20.08	30.19
GCT	5	32.29	18.86	18.91	29.94
GCT	6	30.69	18.74	19.81	30.76
GCT	7	29.94	19.66	19.86	30.54
GCT	8	29.39	20.61	20.01	29.99
GCT	9	32.44	18.86	19.06	29.64
GCT	10	30.46	19.54	19.56	30.44
GCT	11	30.19	19.86	18.96	30.99
GCT	12	30.14	20.38	18.34	31.14
GCT	13	29.89	20.03	19.16	30.91
GCT	14	31.41	20.01	18.61	29.97
GCT	15	31.64	20.11	18.39	29.87
GCT	16	30.81	19.71	19.16	30.31
GCT	17	29.87	19.66	18.61	31.86
GCT	18	30.31	18.66	18.74	32.29
GCT	19	30.69	18.79	20.41	30.11
GCT	20	31.79	18.74	18.94	30.54
GCT	21	30.76	18.99	18.04	32.21
GCT	22	30.01	20.96	19.34	29.69
GCT	23	30.16	19.19	19.24	31.41
GCT	24	31.56	19.39	18.74	30.31
GCT	25	30.29	18.94	21.13	29.64
GCT	26	31.06	19.74	17.84	31.36
GCT	27	30.46	19.84	18.59	31.11
GCT	28	30.81	20.26	19.64	29.29
GCT	29	30.36	20.26	18.89	30.49
GCT	30	31.64	18.81	18.41	31.14
GCT	31	31.36	19.14	19.39	30.11
GCT	32	29.44	19.56	20.01	30.99
GCT	33	30.54	18.96	18.94	31.56
GCT	34	31.31	19.06	20.16	29.47
GCT	35	30.59	19.06	19.39	30.96
GCT	36	31.24	19.71	19.61	29.44
GCT	37	31.71	18.66	20.18	29.44
GCT	38	30.59	19.89	19.41	30.11
GCT	39	32.11	17.12	20.36	30.41
GCT	40	30.61	19.94	18.54	30.91
GCT	41	31.16	19.74	19.21	29.89
GCT	42	30.29	19.86	19.26	30.59
GCT	43	30.81	20.03	19.79	29.37
GCT	44	31.19	19.26	19.34	30.21
GCT	45	31.24	19.39	18.94	30.44
GCT	46	30.81	20.51	18.29	30.39
GCT	47	30.06	18.96	19.89	31.09
GCT	48	31.71	19.14	19.06	30.09
GCT	49	30.41	18.26	19.36	31.96
GCT	50	30.04	17.64	19.49	32.83
GCT	51	30.84	20.06	18.74	30.36
GCT	52	31.41	19.16	18.09	31.34
GCT	53	31.84	18.49	18.91	30.76
GCT	54	29.64	20.91	18.64	30.81
GCT	55	30.69	19.79	19.91	29.62
GCT	56	30.44	18.51	19.76	31.29
GCT	57	31.74	18.39	19.06	30.81
GCT	58	30.51	19.31	19.19	30.99
GCT	59	31.79	18.69	19.76	29.77
GCT	60	30.51	19.11	19.89	30.49
GCT	61	29.69	20.08	19.49	30.74
GCT	62	30.81	20.08	19.79	29.32
GCT	63	31.24	19.51	19.69	29.57
GCT	64	30.61	19.36	20.11	29.92
GCT	65	31.86	17.69	20.48	29.97
GCT	66	31.89	19.49	18.21	30.41
GCT	67	30.59	19.99	18.46	30.96
GCT	68	29.72	20.31	19.39	30.59
GCT	69	29.74	18.74	20.66	30.86
GCT	70	30.14	19.66	20.36	29.84
GCT	71	29.82	20.36	18.34	31.49
GCT	72	29.07	20.03	19.49	31.41
GCT	73	30.66	19.19	18.51	31.64
GCT	74	31.64	19.26	18.59	30.51
GCT	75	30.54	19.21	19.04	31.21
GCT	76	31.74	19.44	19.11	29.72
GCT	77	31.54	18.99	20.16	29.32
GCT	78	30.14	19.26	18.91	31.69
GCT	79	31.74	19.31	18.34	30.61
GCT	80	30.99	19.59	20.16	29.27
GCT	81	30.46	19.24	19.19	31.11
GCT	82	31.39	19.11	20.28	29.22
GCT	83	30.26	19.76	19.41	30.56
GCT	84	30.66	18.96	18.24	32.14
GCT	85	31.14	19.64	19.74	29.49
GCT	86	30.29	19.49	18.51	31.71
GCT	87	30.16	20.23	19.41	30.19
GCT	88	31.34	18.31	19.44	30.91
GCT	89	31.41	18.94	19.49	30.16
GCT	90	30.81	18.31	19.76	31.11
GCT	91	31.29	20.03	18.31	30.36
GCT	92	31.49	18.64	19.59	30.29
GCT	93	30.84	19.49	19.56	30.11
GCT	94	30.99	19.74	19.66	29.62
GCT	95	31.39	18.66	19.26	30.69
GCT	96	29.87	19.69	18.46	31.99
GCT	97	31.01	19.76	19.41	29.82
GCT	98	30.41	18.96	18.76	31.86
GCT	99	29.79	20.48	17.84	31.89
GCT	100	30.51	19.61	18.86	31.01
GCT	101	30.36	20.21	18.81	30.61
GCT	102	30.69	19.69	18.69	30.94
GCT	103	30.89	18.86	19.81	30.44
GCT	104	31.34	19.74	18.61	30.31
GCT	105	30.96	19.11	19.64	30.29
GCT	106	29.22	20.01	19.34	31.44
GCT	107	30.19	20.01	19.29	30.51
GCT	108	31.29	19.89	18.06	30.76
GCT	109	31.14	18.36	19.94	30.56
GCT	110	29.79	19.51	19.56	31.14
GCT	111	31.69	19.74	18.39	30.19
GCT	112	30.04	19.16	19.81	30.99
GCT	113	30.06	20.21	19.69	30.04
GCT	114	30.06	20.83	18.71	30.39
GCT	115	30.09	19.21	20.43	30.26
GCT	116	30.46	18.84	20.01	30.69
GCT	117	31.81	19.46	18.59	30.14
GCT	118	31.44	19.56	19.41	29.59
GCT	119	29.12	20.36	20.68	29.84
GCT	120	29.82	19.89	19.86	30.44
GCT	121	30.86	19.86	18.99	30.29
GCT	122	31.24	18.86	18.59	31.31
GCT	123	31.29	19.06	19.06	30.59
GCT	124	30.59	19.49	19.44	30.49
GCT	125	31.71	19.76	19.31	29.22
GCT	126	31.39	18.59	19.61	30.41
GCT	127	30.69	20.26	18.81	30.24
GCT	128	29.97	20.21	19.61	30.21
GCT	129	31.69	20.21	17.79	30.31
GCT	130	31.29	18.49	20.08	30.14
GCT	131	30.46	18.61	19.81	31.11
GCT	132	30.51	19.31	19.51	30.66
GCT	133	30.71	19.24	18.01	32.04
GCT	134	30.41	18.61	19.81	31.16
GCT	135	30.74	19.16	19.21	30.89
GCT	136	31.59	18.89	19.24	30.29
GCT	137	29.42	19.64	20.43	30.51
GCT	138	29.22	19.89	19.24	31.66
GCT	139	28.62	19.69	20.83	30.86
GCT	140	30.59	19.41	19.84	30.16
GCT	141	30.06	20.83	19.14	29.97
GCT	142	31.14	19.89	18.56	30.41
GCT	143	30.64	18.41	19.14	31.81
GCT	144	30.99	19.46	19.46	30.09
GCT	145	29.87	19.31	19.76	31.06
GCT	146	30.71	19.91	18.69	30.69
GCT	147	31.21	19.74	19.91	29.14
GCT	148	31.49	18.86	19.36	30.29
GCT	149	30.59	19.06	20.53	29.82
GCT	150	30.55	19.42	19.17	30.87
# ACGT content per cycle for first fragments. Use `grep ^FBC | cut -f 2-` to extract this part. The columns are: cycle; A,C,G,T base counts as a percentage of all A/C/G/T bases [%]; and N and O counts as a percentage of all A/C/G/T bases [%]
FBC	1	30.44	19.66	19.56	30.34	0.00	0.00
FBC	2	31.54	18.56	18.11	31.79	0.00	0.00
FBC	3	31.09	20.06	18.81	30.04	0.00	0.00
FBC	4	32.04	18.96	18.91	30.09	0.00	0.00
FBC	5	31.69	19.06	18.81	30.44	0.00	0.00
FBC	6	32.34	19.91	19.01	28.74	0.00	0.00
FBC	7	30.69	20.96	18.81	29.54	0.00	0.00
FBC	8	28.84	21.81	19.16	30.19	0.00	0.00
FBC	9	32.14	18.46	18.96	30.44	0.00	0.00
FBC	10	30.79	18.91	19.41	30.89	0.00	0.00
FBC	11	32.04	19.31	18.61	30.04	0.00	0.00
FBC	12	30.44	19.01	19.61	30.94	0.00	0.00
FBC	13	29.74	20.01	19.81	30.44	0.00	0.00
FBC	14	31.94	18.11	19.81	30.14	0.00	0.00
FBC	15	30.09	19.71	20.26	29.94	0.00	0.00
FBC	16	31.14	19.51	17.56	31.79	0.00	0.00
FBC	17	30.89	19.56	19.51	30.04	0.00	0.00
FBC	18	30.54	18.91	19.16	31.39	0.00	0.00
FBC	19	32.24	19.26	19.66	28.84	0.00	0.00
FBC	20	30.74	19.16	19.86	30.24	0.00	0.00
FBC	21	30.44	20.01	18.21	31.34	0.00	0.00
FBC	22	30.44	19.86	19.56	30.14	0.00	0.00
FBC	23	30.69	19.46	18.81	31.04	0.00	0.00
FBC	24	30.99	20.46	18.66	29.89	0.00	0.00
FBC	25	31.49	20.71	18.41	29.39	0.00	0.00
FBC	26	30.29	19.41	18.31	31.99	0.00	0.00
FBC	27	30.34	19.11	19.06	31.49	0.00	0.00
FBC	28	30.49	20.31	20.41	28.79	0.00	0.00
FBC	29	29.94	20.11	19.46	30.49	0.00	0.00
FBC	30	29.04	19.16	18.06	33.73	0.00	0.00
FBC	31	30.34	18.76	20.11	30.79	0.00	0.00
FBC	32	31.04	20.61	19.01	29.34	0.00	0.00
FBC	33	32.09	17.37	18.76	31.79	0.00	0.00
FBC	34	31.24	19.41	20.11	29.24	0.00	0.00
FBC	35	32.49	18.91	18.86	29.74	0.00	0.00
FBC	36	29.29	20.21	19.31	31.19	0.00	0.00
FBC	37	32.58	19.26	19.61	28.54	0.00	0.00
FBC	38	30.19	19.71	19.96	30.14	0.00	0.00
FBC	39	32.19	17.91	19.41	30.49	0.00	0.00
FBC	40	31.09	19.86	17.81	31.24	0.00	0.00
FBC	41	29.34	20.86	18.56	31.24	0.00	0.00
FBC	42	31.09	19.41	20.76	28.74	0.00	0.00
FBC	43	28.69	19.46	20.01	31.84	0.00	0.00
FBC	44	31.79	19.96	18.61	29.64	0.00	0.00
FBC	45	31.59	20.46	17.42	30.54	0.00	0.00
FBC	46	31.89	19.01	18.11	30.99	0.00	0.00
FBC	47	32.83	19.96	17.61	29.59	0.00	0.00
FBC	48	31.19	20.56	17.37	30.89	0.00	0.00
FBC	49	30.19	18.86	17.91	33.03	0.00	0.00
FBC	50	31.24	19.41	18.11	31.24	0.00	0.00
FBC	51	32.29	19.81	18.21	29.69	0.00	0.00
FBC	52	32.83	17.76	17.81	31.59	0.00	0.00
FBC	53	30.29	20.41	16.37	32.93	0.00	0.00
FBC	54	30.04	20.16	19.71	30.09	0.00	0.00
FBC	55	30.59	19.46	19.21	30.74	0.00	0.00
FBC	56	30.64	17.86	19.71	31.79	0.00	0.00
FBC	57	30.54	18.76	18.06	32.63	0.00	0.00
FBC	58	30.54	20.01	18.31	31.14	0.00	0.00
FBC	59	30.04	19.56	18.76	31.64	0.00	0.00
FBC	60	31.04	19.21	19.61	30.14	0.00	0.00
FBC	61	31.94	21.06	17.76	29.24	0.00	0.00
FBC	62	29.69	20.66	19.21	30.44	0.00	0.00
FBC	63	29.89	21.01	20.31	28.79	0.00	0.00
FBC	64	29.19	20.56	19.71	30.54	0.00	0.00
FBC	65	29.14	20.01	19.61	31.24	0.00	0.00
FBC	66	32.58	18.86	17.66	30.89	0.00	0.00
FBC	67	30.69	18.86	19.61	30.84	0.00	0.00
FBC	68	31.39	19.71	19.36	29.54	0.00	0.00
FBC	69	31.79	19.41	17.81	30.99	0.00	0.00
FBC	70	30.89	20.71	19.01	29.39	0.00	0.00
FBC	71	30.64	18.76	19.96	30.64	0.00	0.00
FBC	72	30.44	19.11	20.66	29.79	0.00	0.00
FBC	73	32.24	18.26	19.16	30.34	0.00	0.00
FBC	74	31.74	19.71	18.71	29.84	0.00	0.00
FBC	75	30.29	19.81	18.56	31.34	0.00	0.00
FBC	76	31.44	19.36	18.16	31.04	0.00	0.00
FBC	77	30.94	21.06	17.81	30.19	0.00	0.00
FBC	78	29.74	19.06	19.01	32.19	0.00	0.00
FBC	79	30.69	17.51	19.86	31.94	0.00	0.00
FBC	80	30.44	19.81	20.21	29.54	0.00	0.00
FBC	81	30.44	20.41	18.51	30.64	0.00	0.00
FBC	82	31.74	20.26	17.27	30.74	0.00	0.00
FBC	83	30.34	20.46	18.66	30.54	0.00	0.00
FBC	84	32.24	19.36	18.01	30.39	0.00	0.00
FBC	85	30.74	18.31	19.71	31.24	0.00	0.00
FBC	86	31.39	17.76	19.86	30.99	0.00	0.00
FBC	87	29.94	18.51	21.41	30.14	0.00	0.00
FBC	88	33.13	18.31	17.96	30.59	0.00	0.00
FBC	89	30.79	19.36	19.01	30.84	0.00	0.00
FBC	90	30.59	20.61	18.61	30.19	0.00	0.00
FBC	91	29.84	20.11	18.06	31.99	0.00	0.00
FBC	92	30.04	19.86	19.36	30.74	0.00	0.00
FBC	93	28.64	19.26	20.71	31.39	0.00	0.00
FBC	94	28.14	21.11	19.26	31.49	0.00	0.00
FBC	95	30.64	20.01	18.06	31.29	0.00	0.00
FBC	96	32.78	19.51	17.61	30.09	0.00	0.00
FBC	97	30.14	20.21	19.26	30.39	0.00	0.00
FBC	98	30.79	18.91	19.11	31.19	0.00	0.00
FBC	99	30.29	19.76	18.81	31.14	0.00	0.00
FBC	100	30.74	19.51	17.02	32.73	0.00	0.00
FBC	101	31.29	19.61	19.51	29.59	0.00	0.00
FBC	102	30.34	20.31	19.36	29.99	0.00	0.00
FBC	103	29.54	20.46	19.11	30.89	0.00	0.00
FBC	104	31.54	19.86	18.01	30.59	0.00	0.00
FBC	105	30.89	20.21	19.56	29.34	0.00	0.00
FBC	106	29.69	20.11	19.76	30.44	0.00	0.00
FBC	107	31.34	19.56	19.41	29.69	0.00	0.00
FBC	108	31.74	17.32	18.81	32.14	0.00	0.00
FBC	109	30.99	18.66	19.01	31.34	0.00	0.00
FBC	110	30.54	19.61	19.41	30.44	0.00	0.00
FBC	111	30.94	19.66	18.41	30.99	0.00	0.00
FBC	112	31.34	20.21	17.91	30.54	0.00	0.00
FBC	113	28.64	20.56	19.66	31.14	0.00	0.00
FBC	114	30.94	20.51	20.06	28.49	0.00	0.00
FBC	115	30.44	19.51	19.71	30.34	0.00	0.00
FBC	116	28.99	19.76	18.86	32.39	0.00	0.00
FBC	117	30.99	18.81	19.41	30.79	0.00	0.00
FBC	118	31.14	20.11	18.51	30.24	0.00	0.00
FBC	119	29.74	21.46	19.01	29.79	0.00	0.00
FBC	120	29.84	19.21	21.51	29.44	0.00	0.00
FBC	121	32.73	19.56	18.36	29.34	0.00	0.00
FBC	122	32.09	18.46	17.96	31.49	0.00	0.00
FBC	123	30.64	19.96	17.42	31.99	0.00	0.00
FBC	124	30.69	20.01	19.36	29.94	0.00	0.00
FBC	125	29.59	19.06	20.31	31.04	0.00	0.00
FBC	126	31.84	18.56	20.06	29.54	0.00	0.00
FBC	127	30.29	20.21	19.21	30.29	0.00	0.00
FBC	128	29.04	20.96	20.21	29.79	0.00	0.00
FBC	129	30.69	19.31	18.51	31.49	0.00	0.00
FBC	130	31.29	19.01	19.31	30.39	0.00	0.00
FBC	131	30.69	19.96	18.21	31.14	0.00	0.00
FBC	132	31.24	19.61	18.56	30.59	0.00	0.00
FBC	133	31.49	18.61	19.11	30.79	0.00	0.00
FBC	134	30.14	19.31	18.21	32.34	0.00	0.00
FBC	135	29.54	20.86	18.06	31.54	0.00	0.00
FBC	136	31.34	18.21	19.31	31.14	0.00	0.00
FBC	137	30.64	19.41	20.76	29.19	0.00	0.00
FBC	138	29.79	19.26	20.06	30.89	0.00	0.00
FBC	139	29.94	20.31	19.91	29.84	0.00	0.00
FBC	140	31.34	19.06	19.31	30.29	0.00	0.00
FBC	141	31.44	19.36	18.91	30.29	0.00	0.00
FBC	142	31.64	19.16	17.91	31.29	0.00	0.00
FBC	143	31.54	19.61	18.76	30.09	0.00	0.00
FBC	144	29.89	20.01	18.41	31.69	0.00	0.00
FBC	145	31.79	18.86	19.61	29.74	0.00	0.00
FBC	146	30.59	19.61	20.86	28.94	0.00	0.00
FBC	147	29.84	20.51	19.66	29.99	0.00	0.00
FBC	148	29.04	19.61	19.36	31.99	0.00	0.00
FBC	149	29.54	19.96	19.91	30.59	0.00	0.00
FBC	150	29.61	19.72	18.82	31.85	0.00	0.00
# ACGT raw counters for first fragments. Use `grep ^FTC | cut -f 2-` to extract this part. The columns are: A,C,G,T,N base counters
FTC	92517	58859	57186	92037	0
# ACGT content per cycle for last fragments. Use `grep ^LBC | cut -f 2-` to extract this part. The columns are: cycle; A,C,G,T base counts as a percentage of all A/C/G/T bases [%]; and N and O counts as a percentage of all A/C/G/T bases [%]
LBC	1	30.44	19.81	19.71	30.04	0.00	0.00
LBC	2	30.59	21.11	18.41	29.89	0.00	0.00
LBC	3	31.24	20.36	18.11	30.29	0.00	0.00
LBC	4	29.59	20.76	17.51	32.14	0.00	0.00
LBC	5	31.04	19.51	18.16	31.29	0.00	0.00
LBC	6	30.89	18.61	19.56	30.94	0.00	0.00
LBC	7	31.09	19.66	19.61	29.64	0.00	0.00
LBC	8	30.29	21.16	19.11	29.44	0.00	0.00
LBC	9	31.54	20.06	18.36	30.04	0.00	0.00
LBC	10	29.19	21.11	18.76	30.94	0.00	0.00
LBC	11	30.84	21.21	18.51	29.44	0.00	0.00
LBC	12	30.04	19.76	19.06	31.14	0.00	0.00
LBC	13	29.04	20.56	18.01	32.39	0.00	0.00
LBC	14	28.84	20.46	18.86	31.84	0.00	0.00
LBC	15	32.93	17.66	19.36	30.04	0.00	0.00
LBC	16	28.64	21.16	19.51	30.69	0.00	0.00
LBC	17	30.49	18.81	18.66	32.04	0.00	0.00
LBC	18	32.44	19.06	17.66	30.84	0.00	0.00
LBC	19	30.34	21.21	18.26	30.19	0.00	0.00
LBC	20	30.74	19.91	16.42	32.93	0.00	0.00
LBC	21	30.69	18.66	17.17	33.48	0.00	0.00
LBC	22	29.64	20.31	20.86	29.19	0.00	0.00
LBC	23	31.59	19.86	18.71	29.84	0.00	0.00
LBC	24	31.99	18.06	19.06	30.89	0.00	0.00
LBC	25	30.04	21.61	19.41	28.94	0.00	0.00
LBC	26	33.08	20.31	17.12	29.49	0.00	0.00
LBC	27	31.84	18.91	19.76	29.49	0.00	0.00
LBC	28	31.64	20.11	18.96	29.29	0.00	0.00
LBC	29	31.29	19.81	18.91	29.99	0.00	0.00
LBC	30	31.69	18.91	18.31	31.09	0.00	0.00
LBC	31	31.24	18.56	19.61	30.59	0.00	0.00
LBC	32	31.04	20.81	18.71	29.44	0.00	0.00
LBC	33	29.24	19.41	20.26	31.09	0.00	0.00
LBC	34	30.99	19.81	19.11	30.09	0.00	0.00
LBC	35	31.14	19.06	20.06	29.74	0.00	0.00
LBC	36	30.59	19.71	19.41	30.29	0.00	0.00
LBC	37	29.14	19.16	19.66	32.04	0.00	0.00
LBC	38	31.64	19.31	19.61	29.44	0.00	0.00
LBC	39	30.54	18.91	18.71	31.84	0.00	0.00
LBC	40	29.29	19.46	19.81	31.44	0.00	0.00
LBC	41	31.24	20.86	17.61	30.29	0.00	0.00
LBC	42	32.44	19.66	18.41	29.49	0.00	0.00
LBC	43	30.29	19.86	20.31	29.54	0.00	0.00
LBC	44	30.64	19.31	19.31	30.74	0.00	0.00
LBC	45	31.29	20.11	18.66	29.94	0.00	0.00
LBC	46	29.09	21.06	19.41	30.44	0.00	0.00
LBC	47	30.09	21.46	18.66	29.79	0.00	0.00
LBC	48	31.79	21.26	17.22	29.74	0.00	0.00
LBC	49	29.69	20.21	18.26	31.84	0.00	0.00
LBC	50	32.09	19.81	16.92	31.19	0.00	0.00
LBC	51	30.84	19.76	19.81	29.59	0.00	0.00
LBC	52	31.69	20.16	18.76	29.39	0.00	0.00
LBC	53	29.99	19.16	18.86	31.99	0.00	0.00
LBC	54	31.09	20.11	19.11	29.69	0.00	0.00
LBC	55	29.84	19.46	21.26	29.44	0.00	0.00
LBC	56	29.59	19.51	19.46	31.44	0.00	0.00
LBC	57	31.94	19.61	18.46	29.99	0.00	0.00
LBC	58	29.49	19.41	19.26	31.84	0.00	0.00
LBC	59	31.34	18.41	20.16	30.09	0.00	0.00
LBC	60	31.64	20.26	18.91	29.19	0.00	0.00
LBC	61	30.89	20.66	19.66	28.79	0.00	0.00
LBC	62	30.09	21.06	18.81	30.04	0.00	0.00
LBC	63	29.29	18.01	19.06	33.63	0.00	0.00
LBC	64	29.79	20.61	18.06	31.54	0.00	0.00
LBC	65	30.29	19.66	17.07	32.98	0.00	0.00
LBC	66	30.59	20.01	18.86	30.54	0.00	0.00
LBC	67	31.59	19.81	18.61	29.99	0.00	0.00
LBC	68	28.84	20.51	19.81	30.84	0.00	0.00
LBC	69	29.54	21.01	20.56	28.89	0.00	0.00
LBC	70	30.99	20.91	19.41	28.69	0.00	0.00
LBC	71	31.44	18.81	19.86	29.89	0.00	0.00
LBC	72	28.14	21.21	18.06	32.58	0.00	0.00
LBC	73	32.73	20.36	17.61	29.29	0.00	0.00
LBC	74	32.78	20.56	16.72	29.94	0.00	0.00
LBC	75	30.54	19.46	18.66	31.34	0.00	0.00
LBC	76	29.64	20.11	19.46	30.79	0.00	0.00
LBC	77	30.34	19.51	19.91	30.24	0.00	0.00
LBC	78	30.54	19.46	18.81	31.19	0.00	0.00
LBC	79	30.24	19.06	18.86	31.84	0.00	0.00
LBC	80	29.39	19.41	20.06	31.14	0.00	0.00
LBC	81	30.69	18.66	19.26	31.39	0.00	0.00
LBC	82	29.34	20.36	20.91	29.39	0.00	0.00
LBC	83	29.29	19.66	19.56	31.49	0.00	0.00
LBC	84	31.94	17.61	19.41	31.04	0.00	0.00
LBC	85	30.84	21.26	19.46	28.44	0.00	0.00
LBC	86	30.49	19.61	18.76	31.14	0.00	0.00
LBC	87	30.24	20.51	18.86	30.39	0.00	0.00
LBC	88	31.54	20.41	18.81	29.24	0.00	0.00
LBC	89	27.89	20.16	18.31	33.63	0.00	0.00
LBC	90	31.69	18.96	17.96	31.39	0.00	0.00
LBC	91	29.24	20.36	18.16	32.24	0.00	0.00
LBC	92	31.39	18.66	18.56	31.39	0.00	0.00
LBC	93	32.04	19.11	19.01	29.84	0.00	0.00
LBC	94	33.08	19.21	19.21	28.49	0.00	0.00
LBC	95	31.79	19.16	18.61	30.44	0.00	0.00
LBC	96	30.84	18.86	20.31	29.99	0.00	0.00
LBC	97	30.64	19.96	18.91	30.49	0.00	0.00
LBC	98	29.39	19.96	17.47	33.18	0.00	0.00
LBC	99	30.14	20.16	17.91	31.79	0.00	0.00
LBC	100	30.14	21.26	19.16	29.44	0.00	0.00
LBC	101	29.59	18.96	19.96	31.49	0.00	0.00
LBC	102	31.29	18.41	18.66	31.64	0.00	0.00
LBC	103	31.29	21.01	16.77	30.94	0.00	0.00
LBC	104	29.29	19.26	19.56	31.89	0.00	0.00
LBC	105	30.69	20.36	17.37	31.59	0.00	0.00
LBC	106	29.69	19.46	19.36	31.49	0.00	0.00
LBC	107	29.94	20.76	18.86	30.44	0.00	0.00
LBC	108	29.44	20.26	19.51	30.79	0.00	0.00
LBC	109	29.14	20.11	18.81	31.94	0.00	0.00
LBC	110	30.54	19.81	19.31	30.34	0.00	0.00
LBC	111	30.84	18.41	19.76	30.99	0.00	0.00
LBC	112	29.04	19.31	20.51	31.14	0.00	0.00
LBC	113	29.79	19.56	20.01	30.64	0.00	0.00
LBC	114	29.69	19.06	19.46	31.79	0.00	0.00
LBC	115	29.84	18.91	21.16	30.09	0.00	0.00
LBC	116	30.39	18.46	20.61	30.54	0.00	0.00
LBC	117	31.34	18.21	19.66	30.79	0.00	0.00
LBC	118	31.14	19.91	19.41	29.54	0.00	0.00
LBC	119	29.39	21.16	20.46	28.99	0.00	0.00
LBC	120	27.84	20.21	18.56	33.38	0.00	0.00
LBC	121	29.69	20.96	18.81	30.54	0.00	0.00
LBC	122	30.99	19.56	18.91	30.54	0.00	0.00
LBC	123	30.74	19.56	19.31	30.39	0.00	0.00
LBC	124	31.69	18.26	20.21	29.84	0.00	0.00
LBC	125	29.84	20.46	18.31	31.39	0.00	0.00
LBC	126	32.04	19.21	18.56	30.19	0.00	0.00
LBC	127	31.44	19.86	18.86	29.84	0.00	0.00
LBC	128	31.19	21.56	16.92	30.34	0.00	0.00
LBC	129	30.64	19.46	18.71	31.19	0.00	0.00
LBC	130	29.64	18.81	20.01	31.54	0.00	0.00
LBC	131	30.19	19.71	18.96	31.14	0.00	0.00
LBC	132	29.09	20.01	19.46	31.44	0.00	0.00
LBC	133	30.84	19.46	17.32	32.39	0.00	0.00
LBC	134	29.99	21.01	18.31	30.69	0.00	0.00
LBC	135	29.94	18.66	19.16	32.24	0.00	0.00
LBC	136	30.89	20.01	18.71	30.39	0.00	0.00
LBC	137	29.69	20.36	19.61	30.34	0.00	0.00
LBC	138	28.99	20.76	18.16	32.09	0.00	0.00
LBC	139	29.49	20.76	20.06	29.69	0.00	0.00
LBC	140	30.64	20.06	20.06	29.24	0.00	0.00
LBC	141	29.34	20.96	20.71	28.99	0.00	0.00
LBC	142	31.14	19.91	19.91	29.04	0.00	0.00
LBC	143	31.04	19.61	17.12	32.24	0.00	0.00
LBC	144	30.79	20.11	19.31	29.79	0.00	0.00
LBC	145	30.34	19.26	20.41	29.99	0.00	0.00
LBC	146	32.34	19.01	17.71	30.94	0.00	0.00
LBC	147	31.79	19.16	19.96	29.09	0.00	0.00
LBC	148	32.29	19.06	18.41	30.24	0.00	0.00
LBC	149	29.29	18.51	20.81	31.39	0.00	0.00
LBC	150	29.99	19.31	19.31	31.39	0.00	0.00
# ACGT raw counters for last fragments. Use `grep ^LTC | cut -f 2-` to extract this part. The columns are: A,C,G,T,N base counters
LTC	91805	59545	57118	92132	0
# Insert sizes. Use `grep ^IS | cut -f 2-` to extract this part. The columns are: insert size, pairs total, inward oriented pairs, outward oriented pairs, other pairs
IS	0	0	0	0	0
IS	1	0	0	0	0
IS	2	0	0	0	0
IS	3	0	0	0	0
IS	4	0	0	0	0
IS	5	0	0	0	0
IS	6	0	0	0	0
IS	7	0	0	0	0
IS	8	0	0	0	0
IS	9	0	0	0	0
IS	10	0	0	0	0
IS	11	0	0	0	0
IS	12	0	0	0	0
IS	13	0	0	0	0
IS	14	0	0	0	0
IS	15	0	0	0	0
IS	16	0	0	0	0
IS	17	0	0	0	0
IS	18	0	0	0	0
IS	19	0	0	0	0
IS	20	0	0	0	0
IS	21	0	0	0	0
IS	22	0	0	0	0
IS	23	0	0	0	0
IS	24	0	0	0	0
IS	25	0	0	0	0
IS	26	0	0	0	0
IS	27	0	0	0	0
IS	28	0	0	0	0
IS	29	0	0	0	0
IS	30	0	0	0	0
IS	31	0	0	0	0
IS	32	0	0	0	0
IS	33	0	0	0	0
IS	34	0	0	0	0
IS	35	0	0	0	0
IS	36	0	0	0	0
IS	37	0	0	0	0
IS	38	0	0	0	0
IS	39	0	0	0	0
IS	40	0	0	0	0
IS	41	0	0	0	0
IS	42	0	0	0	0
IS	43	0	0	0	0
IS	44	0	0	0	0
IS	45	0	0	0	0
IS	46	0	0	0	0
IS	47	0	0	0	0
IS	48	0	0	0	0
IS	49	0	0	0	0
IS	50	0	0	0	0
IS	51	0	0	0	0
IS	52	0	0	0	0
IS	53	0	0	0	0
IS	54	0	0	0	0
IS	55	0	0	0	0
IS	56	0	0	0	0
IS	57	0	0	0	0
IS	58	0	0	0	0
IS	59	0	0	0	0
IS	60	0	0	0	0
IS	61	0	0	0	0
IS	62	0	0	0	0
IS	63	0	0	0	0
IS	64	0	0	0	0
IS	65	0	0	0	0
IS	66	0	0	0	0
IS	67	0	0	0	0
IS	68	0	0	0	0
IS	69	0	0	0	0
IS	70	0	0	0	0
IS	71	0	0	0	0
IS	72	0	0	0	0
IS	73	0	0	0	0
IS	74	0	0	0	0
IS	75	0	0	0	0
IS	76	0	0	0	0
IS	77	0	0	0	0
IS	78	0	0	0	0
IS	79	0	0	0	0
IS	80	0	0	0	0
IS	81	0	0	0	0
IS	82	0	0	0	0
IS	83	0	0	0	0
IS	84	0	0	0	0
IS	85	0	0	0	0
IS	86	0	0	0	0
IS	87	0	0	0	0
IS	88	0	0	0	0
IS	89	0	0	0	0
IS	90	0	0	0	0
IS	91	0	0	0	0
IS	92	0	0	0	0
IS	93	0	0	0	0
IS	94	0	0	0	0
IS	95	0	0	0	0
IS	96	0	0	0	0
IS	97	0	0	0	0
IS	98	0	0	0	0
IS	99	0	0	0	0
IS	100	0	0	0	0
IS	101	0	0	0	0
IS	102	0	0	0	0
IS	103	0	0	0	0
IS	104	0	0	0	0
IS	105	0	0	0	0
IS	106	0	0	0	0
IS	107	0	0	0	0
IS	108	0	0	0	0
IS	109	0	0	0	0
IS	110	0	0	0	0
IS	111	0	0	0	0
IS	112	0	0	0	0
IS	113	0	0	0	0
IS	114	0	0	0	0
IS	115	0	0	0	0
IS	116	0	0	0	0
IS	117	0	0	0	0
IS	118	0	0	0	0
IS	119	0	0	0	0
IS	120	0	0	0	0
IS	121	0	0	0	0
IS	122	0	0	0	0
IS	123	0	0	0	0
IS	124	0	0	0	0
IS	125	0	0	0	0
IS	126	0	0	0	0
IS	127	0	0	0	0
IS	128	0	0	0	0
IS	129	0	0	0	0
IS	130	0	0	0	0
IS	131	0	0	0	0
IS	132	0	0	0	0
IS	133	0	0	0	0
IS	134	0	0	0	0
IS	135	0	0	0	0
IS	136	0	0	0	0
IS	137	0	0	0	0
IS	138	0	0	0	0
IS	139	0	0	0	0
IS	140	0	0	0	0
IS	141	0	0	0	0
IS	142	0	0	0	0
IS	143	0	0	0	0
IS	144	0	0	0	0
IS	145	0	0	0	0
IS	146	0	0	0	0
IS	147	0	0	0	0
IS	148	0	0	0	0
IS	149	0	0	0	0
IS	150	0	0	0	0
IS	151	0	0	0	0
IS	152	0	0	0	0
IS	153	0	0	0	0
IS	154	0	0	0	0
IS	155	0	0	0	0
IS	156	0	0	0	0
IS	157	0	0	0	0
IS	158	0	0	0	0
IS	159	0	0	0	0
IS	160	0	0	0	0
IS	161	0	0	0	0
IS	162	0	0	0	0
IS	163	0	0	0	0
IS	164	0	0	0	0
IS	165	0	0	0	0
IS	166	0	0	0	0
IS	167	0	0	0	0
IS	168	0	0	0	0
IS	169	0	0	0	0
IS	170	0	0	0	0
IS	171	0	0	0	0
IS	172	0	0	0	0
IS	173	0	0	0	0
IS	174	0	0	0	0
IS	175	0	0	0	0
IS	176	0	0	0	0
IS	177	0	0	0	0
IS	178	0	0	0	0
IS	179	0	0	0	0
IS	180	0	0	0	0
IS	181	0	0	0	0
IS	182	0	0	0	0
IS	183	0	0	0	0
IS	184	0	0	0	0
IS	185	0	0	0	0
IS	186	0	0	0	0
IS	187	0	0	0	0
IS	188	0	0	0	0
IS	189	0	0	0	0
IS	190	0	0	0	0
IS	191	0	0	0	0
IS	192	0	0	0	0
IS	193	0	0	0	0
IS	194	0	0	0	0
IS	195	0	0	0	0
IS	196	0	0	0	0
IS	197	0	0	0	0
IS	198	0	0	0	0
IS	199	0	0	0	0
IS	200	0	0	0	0
IS	201	0	0	0	0
IS	202	0	0	0	0
IS	203	0	0	0	0
IS	204	0	0	0	0
IS	205	0	0	0	0
IS	206	0	0	0	0
IS	207	0	0	0	0
IS	208	0	0	0	0
IS	209	0	0	0	0
IS	210	0	0	0	0
IS	211	0	0	0	0
IS	212	0	0	0	0
IS	213	0	0	0	0
IS	214	0	0	0	0
IS	215	0	0	0	0
IS	216	0	0	0	0
IS	217	0	0	0	0
IS	218	0	0	0	0
IS	219	0	0	0	0
IS	220	0	0	0	0
IS	221	0	0	0	0
IS	222	0	0	0	0
IS	223	0	0	0	0
IS	224	0	0	0	0
IS	225	0	0	0	0
IS	226	0	0	0	0
IS	227	0	0	0	0
IS	228	0	0	0	0
IS	229	0	0	0	0
IS	230	0	0	0	0
IS	231	0	0	0	0
IS	232	0	0	0	0
IS	233	0	0	0	0
IS	234	0	0	0	0
IS	235	0	0	0	0
IS	236	0	0	0	0
IS	237	0	0	0	0
IS	238	0	0	0	0
IS	239	0	0	0	0
IS	240	0	0	0	0
IS	241	0	0	0	0
IS	242	0	0	0	0
IS	243	0	0	0	0
IS	244	0	0	0	0
IS	245	0	0	0	0
IS	246	0	0	0	0
IS	247	0	0	0	0
IS	248	0	0	0	0
IS	249	0	0	0	0
IS	250	0	0	0	0
IS	251	0	0	0	0
IS	252	0	0	0	0
IS	253	0	0	0	0
IS	254	0	0	0	0
IS	255	0	0	0	0
IS	256	0	0	0	0
IS	257	0	0	0	0
IS	258	0	0	0	0
IS	259	0	0	0	0
IS	260	0	0	0	0
IS	261	0	0	0	0
IS	262	0	0	0	0
IS	263	0	0	0	0
IS	264	0	0	0	0
IS	265	0	0	0	0
IS	266	0	0	0	0
IS	267	0	0	0	0
IS	268	0	0	0	0
IS	269	0	0	0	0
IS	270	0	0	0	0
IS	271	0	0	0	0
IS	272	0	0	0	0
IS	273	0	0	0	0
IS	274	0	0	0	0
IS	275	0	0	0	0
IS	276	0	0	0	0
IS	277	0	0	0	0
IS	278	0	0	0	0
IS	279	0	0	0	0
IS	280	0	0	0	0
IS	281	0	0	0	0
IS	282	0	0	0	0
IS	283	0	0	0	0
IS	284	0	0	0	0
IS	285	0	0	0	0
IS	286	0	0	0	0
IS	287	0	0	0	0
IS	288	0	0	0	0
IS	289	0	0	0	0
IS	290	0	0	0	0
IS	291	0	0	0	0
IS	292	0	0	0	0
IS	293	0	0	0	0
IS	294	0	0	0	0
IS	295	0	0	0	0
IS	296	0	0	0	0
IS	297	0	0	0	0
IS	298	0	0	0	0
IS	299	0	0	0	0
IS	300	0	0	0	0
IS	301	0	0	0	0
IS	302	0	0	0	0
IS	303	0	0	0	0
IS	304	0	0	0	0
IS	305	0	0	0	0
IS	306	0	0	0	0
IS	307	0	0	0	0
IS	308	0	0	0	0
IS	309	0	0	0	0
IS	310	0	0	0	0
IS	311	0	0	0	0
IS	312	0	0	0	0
IS	313	0	0	0	0
IS	314	0	0	0	0
IS	315	0	0	0	0
IS	316	0	0	0	0
IS	317	0	0	0	0
IS	318	0	0	0	0
IS	319	0	0	0	0
IS	320	0	0	0	0
IS	321	0	0	0	0
IS	322	0	0	0	0
IS	323	0	0	0	0
IS	324	0	0	0	0
IS	325	0	0	0	0
IS	326	0	0	0	0
IS	327	0	0	0	0
IS	328	0	0	0	0
IS	329	0	0	0	0
IS	330	0	0	0	0
IS	331	0	0	0	0
IS	332	0	0	0	0
IS	333	0	0	0	0
IS	334	0	0	0	0
IS	335	0	0	0	0
IS	336	0	0	0	0
IS	337	0	0	0	0
IS	338	0	0	0	0
IS	339	0	0	0	0
IS	340	0	0	0	0
IS	341	0	0	0	0
IS	342	0	0	0	0
IS	343	0	0	0	0
IS	344	0	0	0	0
IS	345	0	0	0	0
IS	346	0	0	0	0
IS	347	0	0	0	0
IS	348	0	0	0	0
IS	349	0	0	0	0
IS	350	0	0	0	0
IS	351	0	0	0	0
IS	352	0	0	0	0
IS	353	0	0	0	0
IS	354	0	0	0	0
IS	355	0	0	0	0
IS	356	1	1	0	0
IS	357	1	1	0	0
IS	358	1	1	0	0
IS	359	0	0	0	0
IS	360	0	0	0	0
IS	361	0	0	0	0
IS	362	0	0	0	0
IS	363	1	1	0	0
IS	364	0	0	0	0
IS	365	0	0	0	0
IS	366	0	0	0	0
IS	367	0	0	0	0
IS	368	0	0	0	0
IS	369	0	0	0	0
IS	370	1	1	0	0
IS	371	1	1	0	0
IS	372	2	2	0	0
IS	373	0	0	0	0
IS	374	1	1	0	0
IS	375	1	1	0	0
IS	376	0	0	0	0
IS	377	1	1	0	0
IS	378	1	1	0	0
IS	379	2	2	0	0
IS	380	0	0	0	0
IS	381	2	2	0	0
IS	382	1	1	0	0
IS	383	2	2	0	0
IS	384	3	3	0	0
IS	385	2	2	0	0
IS	386	1	1	0	0
IS	387	0	0	0	0
IS	388	1	1	0	0
IS	389	2	2	0	0
IS	390	2	2	0	0
IS	391	3	3	0	0
IS	392	2	2	0	0
IS	393	1	1	0	0
IS	394	3	3	0	0
IS	395	0	0	0	0
IS	396	2	2	0	0
IS	397	1	1	0	0
IS	398	2	2	0	0
IS	399	1	1	0	0
IS	400	1	1	0	0
IS	401	6	6	0	0
IS	402	2	2	0	0
IS	403	2	2	0	0
IS	404	4	4	0	0
IS	405	1	1	0	0
IS	406	2	2	0	0
IS	407	2	2	0	0
IS	408	3	3	0	0
IS	409	2	2	0	0
IS	410	7	7	0	0
IS	411	2	2	0	0
IS	412	1	1	0	0
IS	413	2	2	0	0
IS	414	2	2	0	0
IS	415	2	2	0	0
IS	416	4	4	0	0
IS	417	0	0	0	0
IS	418	6	6	0	0
IS	419	3	3	0	0
IS	420	1	1	0	0
IS	421	6	6	0	0
IS	422	2	2	0	0
IS	423	6	6	0	0
IS	424	7	7	0	0
IS	425	4	4	0	0
IS	426	4	4	0	0
IS	427	4	4	0	0
IS	428	1	1	0	0
IS	429	3	3	0	0
IS	430	5	5	0	0
IS	431	0	0	0	0
IS	432	9	9	0	0
IS	433	8	8	0	0
IS	434	4	4	0	0
IS	435	7	7	0	0
IS	436	6	6	0	0
IS	437	8	8	0	0
IS	438	7	7	0	0
IS	439	9	9	0	0
IS	440	8	8	0	0
IS	441	7	7	0	0
IS	442	6	6	0	0
IS	443	8	8	0	0
IS	444	5	5	0	0
IS	445	10	10	0	0
IS	446	9	9	0	0
IS	447	8	8	0	0
IS	448	13	13	0	0
IS	449	15	15	0	0
IS	450	9	9	0	0
IS	451	10	10	0	0
IS	452	6	6	0	0
IS	453	14	14	0	0
IS	454	7	7	0	0
IS	455	12	12	0	0
IS	456	6	6	0	0
IS	457	10	10	0	0
IS	458	10	10	0	0
IS	459	14	14	0	0
IS	460	8	8	0	0
IS	461	15	15	0	0
IS	462	9	9	0	0
IS	463	11	11	0	0
IS	464	10	10	0	0
IS	465	13	13	0	0
IS	466	17	17	0	0
IS	467	7	7	0	0
IS	468	7	7	0	0
IS	469	14	14	0	0
IS	470	16	16	0	0
IS	471	11	11	0	0
IS	472	18	18	0	0
IS	473	21	21	0	0
IS	474	19	19	0	0
IS	475	8	8	0	0
IS	476	8	8	0	0
IS	477	20	20	0	0
IS	478	7	7	0	0
IS	479	12	12	0	0
IS	480	15	15	0	0
IS	481	14	14	0	0
IS	482	14	14	0	0
IS	483	11	11	0	0
IS	484	13	13	0	0
IS	485	14	14	0	0
IS	486	16	16	0	0
IS	487	13	13	0	0
IS	488	12	12	0	0
IS	489	13	13	0	0
IS	490	15	15	0	0
IS	491	23	23	0	0
IS	492	10	10	0	0
IS	493	13	13	0	0
IS	494	19	19	0	0
IS	495	14	14	0	0
IS	496	17	17	0	0
IS	497	16	16	0	0
IS	498	26	26	0	0
IS	499	19	19	0	0
IS	500	18	18	0	0
IS	501	19	19	0	0
IS	502	11	11	0	0
IS	503	22	22	0	0
IS	504	21	21	0	0
IS	505	19	19	0	0
IS	506	17	17	0	0
IS	507	19	19	0	0
IS	508	16	16	0	0
IS	509	19	19	0	0
IS	510	16	16	0	0
IS	511	8	8	0	0
IS	512	22	22	0	0
IS	513	16	16	0	0
IS	514	18	18	0	0
IS	515	20	20	0	0
IS	516	16	16	0	0
IS	517	18	18	0	0
IS	518	18	18	0	0
IS	519	16	16	0	0
IS	520	12	12	0	0
IS	521	17	17	0	0
IS	522	13	13	0	0
IS	523	15	15	0	0
IS	524	15	15	0	0
IS	525	11	11	0	0
IS	526	13	13	0	0
IS	527	21	21	0	0
IS	528	21	21	0	0
IS	529	17	17	0	0
IS	530	18	18	0	0
IS	531	10	10	0	0
IS	532	8	8	0	0
IS	533	5	5	0	0
IS	534	15	15	0	0
IS	535	14	14	0	0
IS	536	12	12	0	0
IS	537	15	15	0	0
IS	538	16	16	0	0
IS	539	13	13	0	0
IS	540	18	18	0	0
IS	541	11	11	0	0
IS	542	10	10	0	0
IS	543	21	21	0	0
IS	544	9	9	0	0
IS	545	10	10	0	0
IS	546	9	9	0	0
IS	547	11	11	0	0
IS	548	9	9	0	0
IS	549	15	15	0	0
IS	550	11	11	0	0
IS	551	13	13	0	0
IS	552	7	7	0	0
IS	553	9	9	0	0
IS	554	12	12	0	0
IS	555	13	13	0	0
IS	556	13	13	0	0
IS	557	4	4	0	0
IS	558	3	3	0	0
IS	559	7	7	0	0
IS	560	5	5	0	0
IS	561	5	5	0	0
IS	562	2	2	0	0
IS	563	4	4	0	0
IS	564	6	6	0	0
IS	565	5	5	0	0
IS	566	10	10	0	0
IS	567	7	7	0	0
IS	568	5	5	0	0
IS	569	7	7	0	0
IS	570	4	4	0	0
IS	571	4	4	0	0
IS	572	9	9	0	0
IS	573	5	5	0	0
IS	574	6	6	0	0
IS	575	3	3	0	0
IS	576	4	4	0	0
IS	577	3	3	0	0
IS	578	7	7	0	0
IS	579	8	8	0	0
IS	580	2	2	0	0
IS	581	2	2	0	0
IS	582	5	5	0	0
IS	583	2	2	0	0
IS	584	3	3	0	0
IS	585	5	5	0	0
IS	586	7	7	0	0
IS	587	2	2	0	0
IS	588	7	7	0	0
IS	589	5	5	0	0
IS	590	0	0	0	0
IS	591	2	2	0	0
IS	592	3	3	0	0
IS	593	3	3	0	0
IS	594	3	3	0	0
IS	595	2	2	0	0
IS	596	1	1	0	0
IS	597	4	4	0	0
IS	598	4	4	0	0
IS	599	0	0	0	0
IS	600	2	2	0	0
IS	601	1	1	0	0
IS	602	2	2	0	0
IS	603	3	3	0	0
IS	604	0	0	0	0
IS	605	1	1	0	0
IS	606	2	2	0	0
IS	607	3	3	0	0
IS	608	2	2	0	0
IS	609	2	2	0	0
IS	610	0	0	0	0
IS	611	3	3	0	0
IS	612	0	0	0	0
IS	613	1	1	0	0
IS	614	3	3	0	0
# Read lengths. Use `grep ^RL | cut -f 2-` to extract this part. The columns are: read length, count
RL	149	1
RL	150	4007
# Read lengths - first fragments. Use `grep ^FRL | cut -f 2-` to extract this part. The columns are: read length, count
FRL	149	1
FRL	150	2003
# Read lengths - last fragments. Use `grep ^LRL | cut -f 2-` to extract this part. The columns are: read length, count
LRL	150	2004
# Mapping qualities for reads !(UNMAP|SECOND|SUPPL|QCFAIL|DUP). Use `grep ^MAPQ | cut -f 2-` to extract this part. The columns are: mapq, count
MAPQ	0	10
MAPQ	27	6
MAPQ	39	1
MAPQ	40	26
MAPQ	43	1
MAPQ	47	3
MAPQ	48	48
MAPQ	50	2
MAPQ	52	3
MAPQ	57	16
MAPQ	59	2
MAPQ	60	3890
# Indel distribution. Use `grep ^ID | cut -f 2-` to extract this part. The columns are: length, number of insertions, number of deletions
# Indels per cycle. Use `grep ^IC | cut -f 2-` to extract this part. The columns are: cycle, number of insertions (fwd), .. (rev) , number of deletions (fwd), .. (rev)
# Coverage distribution. Use `grep ^COV | cut -f 2-` to extract this part.
COV	[1-1]	1	4712
COV	[2-2]	2	9617
COV	[3-3]	3	14175
COV	[4-4]	4	19290
COV	[5-5]	5	19922
COV	[6-6]	6	18392
COV	[7-7]	7	13109
COV	[8-8]	8	8412
COV	[9-9]	9	4426
COV	[10-10]	10	2393
COV	[11-11]	11	1136
COV	[12-12]	12	582
COV	[13-13]	13	242
COV	[14-14]	14	111
COV	[15-15]	15	37
COV	[16-16]	16	3
# GC-depth. Use `grep ^GCD | cut -f 2-` to extract this part. The columns are: GC%, unique sequence percentiles, 10th, 25th, 50th, 75th and 90th depth percentile
GCD	0.0	15.385	0.000	0.000	0.000	0.000	0.000
GCD	37.0	30.769	2.505	2.505	2.505	2.505	2.505
GCD	38.0	46.154	2.505	2.505	2.505	2.505	2.505
GCD	39.0	84.615	2.505	2.505	2.505	2.505	2.505
GCD	40.0	92.308	2.505	2.505	2.505	2.505	2.505
GCD	45.0	100.000	2.505	2.505	2.505	2.505	2.505
