# This file was produced by samtools stats (1.20+htslib-1.21) and can be plotted using plot-bamstats
# This file contains statistics for all reads.
# The command line was:  stats sample3818.sorted.bam
# CHK, Checksum	[2]Read Names	[3]Sequences	[4]Qualities
# CHK, CRC32 of reads which passed filtering followed by addition (32bit overflow)
CHK	66abb62a	ca0d2221	669790d6
# Summary Numbers. Use `grep ^SN | cut -f 2-` to extract this part.
SN	raw total sequences:	4006	# excluding supplementary and secondary reads
SN	filtered sequences:	0
SN	sequences:	4006
SN	is sorted:	1
SN	1st fragments:	2003
SN	last fragments:	2003
SN	reads mapped:	4006
SN	reads mapped and paired:	4006	# paired-end technology bit set + both mates mapped
SN	reads unmapped:	0
SN	reads properly paired:	4006	# proper-pair bit set
SN	reads paired:	4006	# paired-end technology bit set
SN	reads duplicated:	0	# PCR or optical duplicate bit set
SN	reads MQ0:	16	# mapped and MQ=0
SN	reads QC failed:	0
SN	non-primary alignments:	0
SN	supplementary alignments:	0
SN	total length:	600893	# ignores clipping
SN	total first fragment length:	300447	# ignores clipping
SN	total last fragment length:	300446	# ignores clipping
SN	bases mapped:	600893	# ignores clipping
SN	bases mapped (cigar):	600893	# more accurate
SN	bases trimmed:	0
SN	bases duplicated:	0
SN	mismatches:	1011	# from NM fields
SN	error rate:	1.682496e-03	# mismatches / bases mapped (cigar)
SN	average length:	150
SN	average first fragment length:	150
SN	average last fragment length:	150
SN	maximum length:	150
SN	maximum first fragment length:	150
SN	maximum last fragment length:	150
SN	average quality:	30.0
SN	insert size average:	499.0
SN	insert size standard deviation:	48.0
SN	inward oriented pairs:	2003
SN	outward oriented pairs:	0
SN	pairs with other orientation:	0
SN	pairs on different chromosomes:	0
SN	percentage of properly paired reads (%):	100.0
# First Fragment Qualities. Use `grep ^FFQ | cut -f 2-` to extract this part.
# Columns correspond to qualities and rows to cycles. First column is the cycle number.
FFQ	1	0	0	0	0	0	0	0	0	0	0	0	0	0	0	0	0	0	0	0	0	0	0	0	0	0	0	0	0	0	0	2003	0
FFQ	2	0	0	0	0	0	0	0	0	0	0	0	0	0	0	0	0	0	0	0	0	0	0	0	0	0	0	0	0	0	0	2003	0
FFQ	3	0	0	0	0	0	0	0	0	0	0	0	0	0	0	0	0	0	0	0	0	0	0	0	0	0	0	0	0	0	0	2003	0
FFQ	4	0	0	0	0	0	0	0	0	0	0	0	0	0	0	0	0	0	0	0	0	0	0	0	0	0	0	0	0	0	0	2003	0
FFQ	5	0	0	0	0	0	0	0	0	0	0	0	0	0	0	0	0	0	0	0	0	0	0	0	0	0	0	0	0	0	0	2003	0
FFQ	6	0	0	0	0	0	0	0	0	0	0	0	0	0	0	0	0	0	0	0	0	0	0	0	0	0	0	0	0	0	0	2003	0
FFQ	7	0	0	0	0	0	0	0	0	0	0	0	0	0	0	0	0	0	0	0	0	0	0	0	0	0	0	0	0	0	0	2003	0
FFQ	8	0	0	0	0	0	0	0	0	0	0	0	0	0	0	0	0	0	0	0	0	0	0	0	0	0	0	0	0	0	0	2003	0
FFQ	9	0	0	0	0	0	0	0	0	0	0	0	0	0	0	0	0	0	0	0	0	0	0	0	0	0	0	0	0	0	0	2003	0
FFQ	10	0	0	0	0	0	0	0	0	0	0	0	0	0	0	0	0	0	0	0	0	0	0	0	0	0	0	0	0	0	0	2003	0
FFQ	11	0	0	0	0	0	0	0	0	0	0	0	0	0	0	0	0	0	0	0	0	0	0	0	0	0	0	0	0	0	0	2003	0
FFQ	12	0	0	0	0	0	0	0	0	0	0	0	0	0	0	0	0	0	0	0	0	0	0	0	0	0	0	0	0	0	0	2003	0
FFQ	13	0	0	0	0	0	0	0	0	0	0	0	0	0	0	0	0	0	0	0	0	0	0	0	0	0	0	0	0	0	0	2003	0
FFQ	14	0	0	0	0	0	0	0	0	0	0	0	0	0	0	0	0	0	0	0	0	0	0	0	0	0	0	0	0	0	0	2003	0
FFQ	15	0	0	0	0	0	0	0	0	0	0	0	0	0	0	0	0	0	0	0	0	0	0	0	0	0	0	0	0	0	0	2003	0
FFQ	16	0	0	0	0	0	0	0	0	0	0	0	0	0	0	0	0	0	0	0	0	0	0	0	0	0	0	0	0	0	0	2003	0
FFQ	17	0	0	0	0	0	0	0	0	0	0	0	0	0	0	0	0	0	0	0	0	0	0	0	0	0	0	0	0	0	0	2003	0
FFQ	18	0	0	0	0	0	0	0	0	0	0	0	0	0	0	0	0	0	0	0	0	0	0	0	0	0	0	0	0	0	0	2003	0
FFQ	19	0	0	0	0	0	0	0	0	0	0	0	0	0	0	0	0	0	0	0	0	0	0	0	0	0	0	0	0	0	0	2003	0
FFQ	20	0	0	0	0	0	0	0	0	0	0	0	0	0	0	0	0	0	0	0	0	0	0	0	0	0	0	0	0	0	0	2003	0
FFQ	21	0	0	0	0	0	0	0	0	0	0	0	0	0	0	0	0	0	0	0	0	0	0	0	0	0	0	0	0	0	0	2003	0
FFQ	22	0	0	0	0	0	0	0	0	0	0	0	0	0	0	0	0	0	0	0	0	0	0	0	0	0	0	0	0	0	0	2003	0
FFQ	23	0	0	0	0	0	0	0	0	0	0	0	0	0	0	0	0	0	0	0	0	0	0	0	0	0	0	0	0	0	0	2003	0
FFQ	24	0	0	0	0	0	0	0	0	0	0	0	0	0	0	0	0	0	0	0	0	0	0	0	0	0	0	0	0	0	0	2003	0
FFQ	25	0	0	0	0	0	0	0	0	0	0	0	0	0	0	0	0	0	0	0	0	0	0	0	0	0	0	0	0	0	0	2003	0
FFQ	26	0	0	0	0	0	0	0	0	0	0	0	0	0	0	0	0	0	0	0	0	0	0	0	0	0	0	0	0	0	0	2003	0
FFQ	27	0	0	0	0	0	0	0	0	0	0	0	0	0	0	0	0	0	0	0	0	0	0	0	0	0	0	0	0	0	0	2003	0
FFQ	28	0	0	0	0	0	0	0	0	0	0	0	0	0	0	0	0	0	0	0	0	0	0	0	0	0	0	0	0	0	0	2003	0
FFQ	29	0	0	0	0	0	0	0	0	0	0	0	0	0	0	0	0	0	0	0	0	0	0	0	0	0	0	0	0	0	0	2003	0
FFQ	30	0	0	0	0	0	0	0	0	0	0	0	0	0	0	0	0	0	0	0	0	0	0	0	0	0	0	0	0	0	0	2003	0
FFQ	31	0	0	0	0	0	0	0	0	0	0	0	0	0	0	0	0	0	0	0	0	0	0	0	0	0	0	0	0	0	0	2003	0
FFQ	32	0	0	0	0	0	0	0	0	0	0	0	0	0	0	0	0	0	0	0	0	0	0	0	0	0	0	0	0	0	0	2003	0
FFQ	33	0	0	0	0	0	0	0	0	0	0	0	0	0	0	0	0	0	0	0	0	0	0	0	0	0	0	0	0	0	0	2003	0
FFQ	34	0	0	0	0	0	0	0	0	0	0	0	0	0	0	0	0	0	0	0	0	0	0	0	0	0	0	0	0	0	0	2003	0
FFQ	35	0	0	0	0	0	0	0	0	0	0	0	0	0	0	0	0	0	0	0	0	0	0	0	0	0	0	0	0	0	0	2003	0
FFQ	36	0	0	0	0	0	0	0	0	0	0	0	0	0	0	0	0	0	0	0	0	0	0	0	0	0	0	0	0	0	0	2003	0
FFQ	37	0	0	0	0	0	0	0	0	0	0	0	0	0	0	0	0	0	0	0	0	0	0	0	0	0	0	0	0	0	0	2003	0
FFQ	38	0	0	0	0	0	0	0	0	0	0	0	0	0	0	0	0	0	0	0	0	0	0	0	0	0	0	0	0	0	0	2003	0
FFQ	39	0	0	0	0	0	0	0	0	0	0	0	0	0	0	0	0	0	0	0	0	0	0	0	0	0	0	0	0	0	0	2003	0
FFQ	40	0	0	0	0	0	0	0	0	0	0	0	0	0	0	0	0	0	0	0	0	0	0	0	0	0	0	0	0	0	0	2003	0
FFQ	41	0	0	0	0	0	0	0	0	0	0	0	0	0	0	0	0	0	0	0	0	0	0	0	0	0	0	0	0	0	0	2003	0
FFQ	42	0	0	0	0	0	0	0	0	0	0	0	0	0	0	0	0	0	0	0	0	0	0	0	0	0	0	0	0	0	0	2003	0
FFQ	43	0	0	0	0	0	0	0	0	0	0	0	0	0	0	0	0	0	0	0	0	0	0	0	0	0	0	0	0	0	0	2003	0
FFQ	44	0	0	0	0	0	0	0	0	0	0	0	0	0	0	0	0	0	0	0	0	0	0	0	0	0	0	0	0	0	0	2003	0
FFQ	45	0	0	0	0	0	0	0	0	0	0	0	0	0	0	0	0	0	0	0	0	0	0	0	0	0	0	0	0	0	0	2003	0
FFQ	46	0	0	0	0	0	0	0	0	0	0	0	0	0	0	0	0	0	0	0	0	0	0	0	0	0	0	0	0	0	0	2003	0
FFQ	47	0	0	0	0	0	0	0	0	0	0	0	0	0	0	0	0	0	0	0	0	0	0	0	0	0	0	0	0	0	0	2003	0
FFQ	48	0	0	0	0	0	0	0	0	0	0	0	0	0	0	0	0	0	0	0	0	0	0	0	0	0	0	0	0	0	0	2003	0
FFQ	49	0	0	0	0	0	0	0	0	0	0	0	0	0	0	0	0	0	0	0	0	0	0	0	0	0	0	0	0	0	0	2003	0
FFQ	50	0	0	0	0	0	0	0	0	0	0	0	0	0	0	0	0	0	0	0	0	0	0	0	0	0	0	0	0	0	0	2003	0
FFQ	51	0	0	0	0	0	0	0	0	0	0	0	0	0	0	0	0	0	0	0	0	0	0	0	0	0	0	0	0	0	0	2003	0
FFQ	52	0	0	0	0	0	0	0	0	0	0	0	0	0	0	0	0	0	0	0	0	0	0	0	0	0	0	0	0	0	0	2003	0
FFQ	53	0	0	0	0	0	0	0	0	0	0	0	0	0	0	0	0	0	0	0	0	0	0	0	0	0	0	0	0	0	0	2003	0
FFQ	54	0	0	0	0	0	0	0	0	0	0	0	0	0	0	0	0	0	0	0	0	0	0	0	0	0	0	0	0	0	0	2003	0
FFQ	55	0	0	0	0	0	0	0	0	0	0	0	0	0	0	0	0	0	0	0	0	0	0	0	0	0	0	0	0	0	0	2003	0
FFQ	56	0	0	0	0	0	0	0	0	0	0	0	0	0	0	0	0	0	0	0	0	0	0	0	0	0	0	0	0	0	0	2003	0
FFQ	57	0	0	0	0	0	0	0	0	0	0	0	0	0	0	0	0	0	0	0	0	0	0	0	0	0	0	0	0	0	0	2003	0
FFQ	58	0	0	0	0	0	0	0	0	0	0	0	0	0	0	0	0	0	0	0	0	0	0	0	0	0	0	0	0	0	0	2003	0
FFQ	59	0	0	0	0	0	0	0	0	0	0	0	0	0	0	0	0	0	0	0	0	0	0	0	0	0	0	0	0	0	0	2003	0
FFQ	60	0	0	0	0	0	0	0	0	0	0	0	0	0	0	0	0	0	0	0	0	0	0	0	0	0	0	0	0	0	0	2003	0
FFQ	61	0	0	0	0	0	0	0	0	0	0	0	0	0	0	0	0	0	0	0	0	0	0	0	0	0	0	0	0	0	0	2003	0
FFQ	62	0	0	0	0	0	0	0	0	0	0	0	0	0	0	0	0	0	0	0	0	0	0	0	0	0	0	0	0	0	0	2003	0
FFQ	63	0	0	0	0	0	0	0	0	0	0	0	0	0	0	0	0	0	0	0	0	0	0	0	0	0	0	0	0	0	0	2003	0
FFQ	64	0	0	0	0	0	0	0	0	0	0	0	0	0	0	0	0	0	0	0	0	0	0	0	0	0	0	0	0	0	0	2003	0
FFQ	65	0	0	0	0	0	0	0	0	0	0	0	0	0	0	0	0	0	0	0	0	0	0	0	0	0	0	0	0	0	0	2003	0
FFQ	66	0	0	0	0	0	0	0	0	0	0	0	0	0	0	0	0	0	0	0	0	0	0	0	0	0	0	0	0	0	0	2003	0
FFQ	67	0	0	0	0	0	0	0	0	0	0	0	0	0	0	0	0	0	0	0	0	0	0	0	0	0	0	0	0	0	0	2003	0
FFQ	68	0	0	0	0	0	0	0	0	0	0	0	0	0	0	0	0	0	0	0	0	0	0	0	0	0	0	0	0	0	0	2003	0
FFQ	69	0	0	0	0	0	0	0	0	0	0	0	0	0	0	0	0	0	0	0	0	0	0	0	0	0	0	0	0	0	0	2003	0
FFQ	70	0	0	0	0	0	0	0	0	0	0	0	0	0	0	0	0	0	0	0	0	0	0	0	0	0	0	0	0	0	0	2003	0
FFQ	71	0	0	0	0	0	0	0	0	0	0	0	0	0	0	0	0	0	0	0	0	0	0	0	0	0	0	0	0	0	0	2003	0
FFQ	72	0	0	0	0	0	0	0	0	0	0	0	0	0	0	0	0	0	0	0	0	0	0	0	0	0	0	0	0	0	0	2003	0
FFQ	73	0	0	0	0	0	0	0	0	0	0	0	0	0	0	0	0	0	0	0	0	0	0	0	0	0	0	0	0	0	0	2003	0
FFQ	74	0	0	0	0	0	0	0	0	0	0	0	0	0	0	0	0	0	0	0	0	0	0	0	0	0	0	0	0	0	0	2003	0
FFQ	75	0	0	0	0	0	0	0	0	0	0	0	0	0	0	0	0	0	0	0	0	0	0	0	0	0	0	0	0	0	0	2003	0
FFQ	76	0	0	0	0	0	0	0	0	0	0	0	0	0	0	0	0	0	0	0	0	0	0	0	0	0	0	0	0	0	0	2003	0
FFQ	77	0	0	0	0	0	0	0	0	0	0	0	0	0	0	0	0	0	0	0	0	0	0	0	0	0	0	0	0	0	0	2003	0
FFQ	78	0	0	0	0	0	0	0	0	0	0	0	0	0	0	0	0	0	0	0	0	0	0	0	0	0	0	0	0	0	0	2003	0
FFQ	79	0	0	0	0	0	0	0	0	0	0	0	0	0	0	0	0	0	0	0	0	0	0	0	0	0	0	0	0	0	0	2003	0
FFQ	80	0	0	0	0	0	0	0	0	0	0	0	0	0	0	0	0	0	0	0	0	0	0	0	0	0	0	0	0	0	0	2003	0
FFQ	81	0	0	0	0	0	0	0	0	0	0	0	0	0	0	0	0	0	0	0	0	0	0	0	0	0	0	0	0	0	0	2003	0
FFQ	82	0	0	0	0	0	0	0	0	0	0	0	0	0	0	0	0	0	0	0	0	0	0	0	0	0	0	0	0	0	0	2003	0
FFQ	83	0	0	0	0	0	0	0	0	0	0	0	0	0	0	0	0	0	0	0	0	0	0	0	0	0	0	0	0	0	0	2003	0
FFQ	84	0	0	0	0	0	0	0	0	0	0	0	0	0	0	0	0	0	0	0	0	0	0	0	0	0	0	0	0	0	0	2003	0
FFQ	85	0	0	0	0	0	0	0	0	0	0	0	0	0	0	0	0	0	0	0	0	0	0	0	0	0	0	0	0	0	0	2003	0
FFQ	86	0	0	0	0	0	0	0	0	0	0	0	0	0	0	0	0	0	0	0	0	0	0	0	0	0	0	0	0	0	0	2003	0
FFQ	87	0	0	0	0	0	0	0	0	0	0	0	0	0	0	0	0	0	0	0	0	0	0	0	0	0	0	0	0	0	0	2003	0
FFQ	88	0	0	0	0	0	0	0	0	0	0	0	0	0	0	0	0	0	0	0	0	0	0	0	0	0	0	0	0	0	0	2003	0
FFQ	89	0	0	0	0	0	0	0	0	0	0	0	0	0	0	0	0	0	0	0	0	0	0	0	0	0	0	0	0	0	0	2003	0
FFQ	90	0	0	0	0	0	0	0	0	0	0	0	0	0	0	0	0	0	0	0	0	0	0	0	0	0	0	0	0	0	0	2003	0
FFQ	91	0	0	0	0	0	0	0	0	0	0	0	0	0	0	0	0	0	0	0	0	0	0	0	0	0	0	0	0	0	0	2003	0
FFQ	92	0	0	0	0	0	0	0	0	0	0	0	0	0	0	0	0	0	0	0	0	0	0	0	0	0	0	0	0	0	0	2003	0
FFQ	93	0	0	0	0	0	0	0	0	0	0	0	0	0	0	0	0	0	0	0	0	0	0	0	0	0	0	0	0	0	0	2003	0
FFQ	94	0	0	0	0	0	0	0	0	0	0	0	0	0	0	0	0	0	0	0	0	0	0	0	0	0	0	0	0	0	0	2003	0
FFQ	95	0	0	0	0	0	0	0	0	0	0	0	0	0	0	0	0	0	0	0	0	0	0	0	0	0	0	0	0	0	0	2003	0
FFQ	96	0	0	0	0	0	0	0	0	0	0	0	0	0	0	0	0	0	0	0	0	0	0	0	0	0	0	0	0	0	0	2003	0
FFQ	97	0	0	0	0	0	0	0	0	0	0	0	0	0	0	0	0	0	0	0	0	0	0	0	0	0	0	0	0	0	0	2003	0
FFQ	98	0	0	0	0	0	0	0	0	0	0	0	0	0	0	0	0	0	0	0	0	0	0	0	0	0	0	0	0	0	0	2003	0
FFQ	99	0	0	0	0	0	0	0	0	0	0	0	0	0	0	0	0	0	0	0	0	0	0	0	0	0	0	0	0	0	0	2003	0
FFQ	100	0	0	0	0	0	0	0	0	0	0	0	0	0	0	0	0	0	0	0	0	0	0	0	0	0	0	0	0	0	0	2003	0
FFQ	101	0	0	0	0	0	0	0	0	0	0	0	0	0	0	0	0	0	0	0	0	0	0	0	0	0	0	0	0	0	0	2003	0
FFQ	102	0	0	0	0	0	0	0	0	0	0	0	0	0	0	0	0	0	0	0	0	0	0	0	0	0	0	0	0	0	0	2003	0
FFQ	103	0	0	0	0	0	0	0	0	0	0	0	0	0	0	0	0	0	0	0	0	0	0	0	0	0	0	0	0	0	0	2003	0
FFQ	104	0	0	0	0	0	0	0	0	0	0	0	0	0	0	0	0	0	0	0	0	0	0	0	0	0	0	0	0	0	0	2003	0
FFQ	105	0	0	0	0	0	0	0	0	0	0	0	0	0	0	0	0	0	0	0	0	0	0	0	0	0	0	0	0	0	0	2003	0
FFQ	106	0	0	0	0	0	0	0	0	0	0	0	0	0	0	0	0	0	0	0	0	0	0	0	0	0	0	0	0	0	0	2003	0
FFQ	107	0	0	0	0	0	0	0	0	0	0	0	0	0	0	0	0	0	0	0	0	0	0	0	0	0	0	0	0	0	0	2003	0
FFQ	108	0	0	0	0	0	0	0	0	0	0	0	0	0	0	0	0	0	0	0	0	0	0	0	0	0	0	0	0	0	0	2003	0
FFQ	109	0	0	0	0	0	0	0	0	0	0	0	0	0	0	0	0	0	0	0	0	0	0	0	0	0	0	0	0	0	0	2003	0
FFQ	110	0	0	0	0	0	0	0	0	0	0	0	0	0	0	0	0	0	0	0	0	0	0	0	0	0	0	0	0	0	0	2003	0
FFQ	111	0	0	0	0	0	0	0	0	0	0	0	0	0	0	0	0	0	0	0	0	0	0	0	0	0	0	0	0	0	0	2003	0
FFQ	112	0	0	0	0	0	0	0	0	0	0	0	0	0	0	0	0	0	0	0	0	0	0	0	0	0	0	0	0	0	0	2003	0
FFQ	113	0	0	0	0	0	0	0	0	0	0	0	0	0	0	0	0	0	0	0	0	0	0	0	0	0	0	0	0	0	0	2003	0
FFQ	114	0	0	0	0	0	0	0	0	0	0	0	0	0	0	0	0	0	0	0	0	0	0	0	0	0	0	0	0	0	0	2003	0
FFQ	115	0	0	0	0	0	0	0	0	0	0	0	0	0	0	0	0	0	0	0	0	0	0	0	0	0	0	0	0	0	0	2003	0
FFQ	116	0	0	0	0	0	0	0	0	0	0	0	0	0	0	0	0	0	0	0	0	0	0	0	0	0	0	0	0	0	0	2003	0
FFQ	117	0	0	0	0	0	0	0	0	0	0	0	0	0	0	0	0	0	0	0	0	0	0	0	0	0	0	0	0	0	0	2003	0
FFQ	118	0	0	0	0	0	0	0	0	0	0	0	0	0	0	0	0	0	0	0	0	0	0	0	0	0	0	0	0	0	0	2003	0
FFQ	119	0	0	0	0	0	0	0	0	0	0	0	0	0	0	0	0	0	0	0	0	0	0	0	0	0	0	0	0	0	0	2003	0
FFQ	120	0	0	0	0	0	0	0	0	0	0	0	0	0	0	0	0	0	0	0	0	0	0	0	0	0	0	0	0	0	0	2003	0
FFQ	121	0	0	0	0	0	0	0	0	0	0	0	0	0	0	0	0	0	0	0	0	0	0	0	0	0	0	0	0	0	0	2003	0
FFQ	122	0	0	0	0	0	0	0	0	0	0	0	0	0	0	0	0	0	0	0	0	0	0	0	0	0	0	0	0	0	0	2003	0
FFQ	123	0	0	0	0	0	0	0	0	0	0	0	0	0	0	0	0	0	0	0	0	0	0	0	0	0	0	0	0	0	0	2003	0
FFQ	124	0	0	0	0	0	0	0	0	0	0	0	0	0	0	0	0	0	0	0	0	0	0	0	0	0	0	0	0	0	0	2003	0
FFQ	125	0	0	0	0	0	0	0	0	0	0	0	0	0	0	0	0	0	0	0	0	0	0	0	0	0	0	0	0	0	0	2003	0
FFQ	126	0	0	0	0	0	0	0	0	0	0	0	0	0	0	0	0	0	0	0	0	0	0	0	0	0	0	0	0	0	0	2003	0
FFQ	127	0	0	0	0	0	0	0	0	0	0	0	0	0	0	0	0	0	0	0	0	0	0	0	0	0	0	0	0	0	0	2003	0
FFQ	128	0	0	0	0	0	0	0	0	0	0	0	0	0	0	0	0	0	0	0	0	0	0	0	0	0	0	0	0	0	0	2003	0
FFQ	129	0	0	0	0	0	0	0	0	0	0	0	0	0	0	0	0	0	0	0	0	0	0	0	0	0	0	0	0	0	0	2003	0
FFQ	130	0	0	0	0	0	0	0	0	0	0	0	0	0	0	0	0	0	0	0	0	0	0	0	0	0	0	0	0	0	0	2003	0
FFQ	131	0	0	0	0	0	0	0	0	0	0	0	0	0	0	0	0	0	0	0	0	0	0	0	0	0	0	0	0	0	0	2003	0
FFQ	132	0	0	0	0	0	0	0	0	0	0	0	0	0	0	0	0	0	0	0	0	0	0	0	0	0	0	0	0	0	0	2003	0
FFQ	133	0	0	0	0	0	0	0	0	0	0	0	0	0	0	0	0	0	0	0	0	0	0	0	0	0	0	0	0	0	0	2003	0
FFQ	134	0	0	0	0	0	0	0	0	0	0	0	0	0	0	0	0	0	0	0	0	0	0	0	0	0	0	0	0	0	0	2003	0
FFQ	135	0	0	0	0	0	0	0	0	0	0	0	0	0	0	0	0	0	0	0	0	0	0	0	0	0	0	0	0	0	0	2003	0
FFQ	136	0	0	0	0	0	0	0	0	0	0	0	0	0	0	0	0	0	0	0	0	0	0	0	0	0	0	0	0	0	0	2003	0
FFQ	137	0	0	0	0	0	0	0	0	0	0	0	0	0	0	0	0	0	0	0	0	0	0	0	0	0	0	0	0	0	0	2003	0
FFQ	138	0	0	0	0	0	0	0	0	0	0	0	0	0	0	0	0	0	0	0	0	0	0	0	0	0	0	0	0	0	0	2003	0
FFQ	139	0	0	0	0	0	0	0	0	0	0	0	0	0	0	0	0	0	0	0	0	0	0	0	0	0	0	0	0	0	0	2003	0
FFQ	140	0	0	0	0	0	0	0	0	0	0	0	0	0	0	0	0	0	0	0	0	0	0	0	0	0	0	0	0	0	0	2003	0
FFQ	141	0	0	0	0	0	0	0	0	0	0	0	0	0	0	0	0	0	0	0	0	0	0	0	0	0	0	0	0	0	0	2003	0
FFQ	142	0	0	0	0	0	0	0	0	0	0	0	0	0	0	0	0	0	0	0	0	0	0	0	0	0	0	0	0	0	0	2003	0
FFQ	143	0	0	0	0	0	0	0	0	0	0	0	0	0	0	0	0	0	0	0	0	0	0	0	0	0	0	0	0	0	0	2003	0
FFQ	144	0	0	0	0	0	0	0	0	0	0	0	0	0	0	0	0	0	0	0	0	0	0	0	0	0	0	0	0	0	0	2003	0
FFQ	145	0	0	0	0	0	0	0	0	0	0	0	0	0	0	0	0	0	0	0	0	0	0	0	0	0	0	0	0	0	0	2003	0
FFQ	146	0	0	0	0	0	0	0	0	0	0	0	0	0	0	0	0	0	0	0	0	0	0	0	0	0	0	0	0	0	0	2003	0
FFQ	147	0	0	0	0	0	0	0	0	0	0	0	0	0	0	0	0	0	0	0	0	0	0	0	0	0	0	0	0	0	0	2003	0
FFQ	148	0	0	0	0	0	0	0	0	0	0	0	0	0	0	0	0	0	0	0	0	0	0	0	0	0	0	0	0	0	0	2002	0
FFQ	149	0	0	0	0	0	0	0	0	0	0	0	0	0	0	0	0	0	0	0	0	0	0	0	0	0	0	0	0	0	0	2002	0
FFQ	150	0	0	0	0	0	0	0	0	0	0	0	0	0	0	0	0	0	0	0	0	0	0	0	0	0	0	0	0	0	0	2002	0
# Last Fragment Qualities. Use `grep ^LFQ | cut -f 2-` to extract this part.
# Columns correspond to qualities and rows to cycles. First column is the cycle number.
LFQ	1	0	0	0	0	0	0	0	0	0	0	0	0	0	0	0	0	0	0	0	0	0	0	0	0	0	0	0	0	0	0	2003	0
LFQ	2	0	0	0	0	0	0	0	0	0	0	0	0	0	0	0	0	0	0	0	0	0	0	0	0	0	0	0	0	0	0	2003	0
LFQ	3	0	0	0	0	0	0	0	0	0	0	0	0	0	0	0	0	0	0	0	0	0	0	0	0	0	0	0	0	0	0	2003	0
LFQ	4	0	0	0	0	0	0	0	0	0	0	0	0	0	0	0	0	0	0	0	0	0	0	0	0	0	0	0	0	0	0	2003	0
LFQ	5	0	0	0	0	0	0	0	0	0	0	0	0	0	0	0	0	0	0	0	0	0	0	0	0	0	0	0	0	0	0	2003	0
LFQ	6	0	0	0	0	0	0	0	0	0	0	0	0	0	0	0	0	0	0	0	0	0	0	0	0	0	0	0	0	0	0	2003	0
LFQ	7	0	0	0	0	0	0	0	0	0	0	0	0	0	0	0	0	0	0	0	0	0	0	0	0	0	0	0	0	0	0	2003	0
LFQ	8	0	0	0	0	0	0	0	0	0	0	0	0	0	0	0	0	0	0	0	0	0	0	0	0	0	0	0	0	0	0	2003	0
LFQ	9	0	0	0	0	0	0	0	0	0	0	0	0	0	0	0	0	0	0	0	0	0	0	0	0	0	0	0	0	0	0	2003	0
LFQ	10	0	0	0	0	0	0	0	0	0	0	0	0	0	0	0	0	0	0	0	0	0	0	0	0	0	0	0	0	0	0	2003	0
LFQ	11	0	0	0	0	0	0	0	0	0	0	0	0	0	0	0	0	0	0	0	0	0	0	0	0	0	0	0	0	0	0	2003	0
LFQ	12	0	0	0	0	0	0	0	0	0	0	0	0	0	0	0	0	0	0	0	0	0	0	0	0	0	0	0	0	0	0	2003	0
LFQ	13	0	0	0	0	0	0	0	0	0	0	0	0	0	0	0	0	0	0	0	0	0	0	0	0	0	0	0	0	0	0	2003	0
LFQ	14	0	0	0	0	0	0	0	0	0	0	0	0	0	0	0	0	0	0	0	0	0	0	0	0	0	0	0	0	0	0	2003	0
LFQ	15	0	0	0	0	0	0	0	0	0	0	0	0	0	0	0	0	0	0	0	0	0	0	0	0	0	0	0	0	0	0	2003	0
LFQ	16	0	0	0	0	0	0	0	0	0	0	0	0	0	0	0	0	0	0	0	0	0	0	0	0	0	0	0	0	0	0	2003	0
LFQ	17	0	0	0	0	0	0	0	0	0	0	0	0	0	0	0	0	0	0	0	0	0	0	0	0	0	0	0	0	0	0	2003	0
LFQ	18	0	0	0	0	0	0	0	0	0	0	0	0	0	0	0	0	0	0	0	0	0	0	0	0	0	0	0	0	0	0	2003	0
LFQ	19	0	0	0	0	0	0	0	0	0	0	0	0	0	0	0	0	0	0	0	0	0	0	0	0	0	0	0	0	0	0	2003	0
LFQ	20	0	0	0	0	0	0	0	0	0	0	0	0	0	0	0	0	0	0	0	0	0	0	0	0	0	0	0	0	0	0	2003	0
LFQ	21	0	0	0	0	0	0	0	0	0	0	0	0	0	0	0	0	0	0	0	0	0	0	0	0	0	0	0	0	0	0	2003	0
LFQ	22	0	0	0	0	0	0	0	0	0	0	0	0	0	0	0	0	0	0	0	0	0	0	0	0	0	0	0	0	0	0	2003	0
LFQ	23	0	0	0	0	0	0	0	0	0	0	0	0	0	0	0	0	0	0	0	0	0	0	0	0	0	0	0	0	0	0	2003	0
LFQ	24	0	0	0	0	0	0	0	0	0	0	0	0	0	0	0	0	0	0	0	0	0	0	0	0	0	0	0	0	0	0	2003	0
LFQ	25	0	0	0	0	0	0	0	0	0	0	0	0	0	0	0	0	0	0	0	0	0	0	0	0	0	0	0	0	0	0	2003	0
LFQ	26	0	0	0	0	0	0	0	0	0	0	0	0	0	0	0	0	0	0	0	0	0	0	0	0	0	0	0	0	0	0	2003	0
LFQ	27	0	0	0	0	0	0	0	0	0	0	0	0	0	0	0	0	0	0	0	0	0	0	0	0	0	0	0	0	0	0	2003	0
LFQ	28	0	0	0	0	0	0	0	0	0	0	0	0	0	0	0	0	0	0	0	0	0	0	0	0	0	0	0	0	0	0	2003	0
LFQ	29	0	0	0	0	0	0	0	0	0	0	0	0	0	0	0	0	0	0	0	0	0	0	0	0	0	0	0	0	0	0	2003	0
LFQ	30	0	0	0	0	0	0	0	0	0	0	0	0	0	0	0	0	0	0	0	0	0	0	0	0	0	0	0	0	0	0	2003	0
LFQ	31	0	0	0	0	0	0	0	0	0	0	0	0	0	0	0	0	0	0	0	0	0	0	0	0	0	0	0	0	0	0	2003	0
LFQ	32	0	0	0	0	0	0	0	0	0	0	0	0	0	0	0	0	0	0	0	0	0	0	0	0	0	0	0	0	0	0	2003	0
LFQ	33	0	0	0	0	0	0	0	0	0	0	0	0	0	0	0	0	0	0	0	0	0	0	0	0	0	0	0	0	0	0	2003	0
LFQ	34	0	0	0	0	0	0	0	0	0	0	0	0	0	0	0	0	0	0	0	0	0	0	0	0	0	0	0	0	0	0	2003	0
LFQ	35	0	0	0	0	0	0	0	0	0	0	0	0	0	0	0	0	0	0	0	0	0	0	0	0	0	0	0	0	0	0	2003	0
LFQ	36	0	0	0	0	0	0	0	0	0	0	0	0	0	0	0	0	0	0	0	0	0	0	0	0	0	0	0	0	0	0	2003	0
LFQ	37	0	0	0	0	0	0	0	0	0	0	0	0	0	0	0	0	0	0	0	0	0	0	0	0	0	0	0	0	0	0	2003	0
LFQ	38	0	0	0	0	0	0	0	0	0	0	0	0	0	0	0	0	0	0	0	0	0	0	0	0	0	0	0	0	0	0	2003	0
LFQ	39	0	0	0	0	0	0	0	0	0	0	0	0	0	0	0	0	0	0	0	0	0	0	0	0	0	0	0	0	0	0	2003	0
LFQ	40	0	0	0	0	0	0	0	0	0	0	0	0	0	0	0	0	0	0	0	0	0	0	0	0	0	0	0	0	0	0	2003	0
LFQ	41	0	0	0	0	0	0	0	0	0	0	0	0	0	0	0	0	0	0	0	0	0	0	0	0	0	0	0	0	0	0	2003	0
LFQ	42	0	0	0	0	0	0	0	0	0	0	0	0	0	0	0	0	0	0	0	0	0	0	0	0	0	0	0	0	0	0	2003	0
LFQ	43	0	0	0	0	0	0	0	0	0	0	0	0	0	0	0	0	0	0	0	0	0	0	0	0	0	0	0	0	0	0	2003	0
LFQ	44	0	0	0	0	0	0	0	0	0	0	0	0	0	0	0	0	0	0	0	0	0	0	0	0	0	0	0	0	0	0	2003	0
LFQ	45	0	0	0	0	0	0	0	0	0	0	0	0	0	0	0	0	0	0	0	0	0	0	0	0	0	0	0	0	0	0	2003	0
LFQ	46	0	0	0	0	0	0	0	0	0	0	0	0	0	0	0	0	0	0	0	0	0	0	0	0	0	0	0	0	0	0	2003	0
LFQ	47	0	0	0	0	0	0	0	0	0	0	0	0	0	0	0	0	0	0	0	0	0	0	0	0	0	0	0	0	0	0	2003	0
LFQ	48	0	0	0	0	0	0	0	0	0	0	0	0	0	0	0	0	0	0	0	0	0	0	0	0	0	0	0	0	0	0	2003	0
LFQ	49	0	0	0	0	0	0	0	0	0	0	0	0	0	0	0	0	0	0	0	0	0	0	0	0	0	0	0	0	0	0	2003	0
LFQ	50	0	0	0	0	0	0	0	0	0	0	0	0	0	0	0	0	0	0	0	0	0	0	0	0	0	0	0	0	0	0	2003	0
LFQ	51	0	0	0	0	0	0	0	0	0	0	0	0	0	0	0	0	0	0	0	0	0	0	0	0	0	0	0	0	0	0	2003	0
LFQ	52	0	0	0	0	0	0	0	0	0	0	0	0	0	0	0	0	0	0	0	0	0	0	0	0	0	0	0	0	0	0	2003	0
LFQ	53	0	0	0	0	0	0	0	0	0	0	0	0	0	0	0	0	0	0	0	0	0	0	0	0	0	0	0	0	0	0	2003	0
LFQ	54	0	0	0	0	0	0	0	0	0	0	0	0	0	0	0	0	0	0	0	0	0	0	0	0	0	0	0	0	0	0	2003	0
LFQ	55	0	0	0	0	0	0	0	0	0	0	0	0	0	0	0	0	0	0	0	0	0	0	0	0	0	0	0	0	0	0	2003	0
LFQ	56	0	0	0	0	0	0	0	0	0	0	0	0	0	0	0	0	0	0	0	0	0	0	0	0	0	0	0	0	0	0	2003	0
LFQ	57	0	0	0	0	0	0	0	0	0	0	0	0	0	0	0	0	0	0	0	0	0	0	0	0	0	0	0	0	0	0	2003	0
LFQ	58	0	0	0	0	0	0	0	0	0	0	0	0	0	0	0	0	0	0	0	0	0	0	0	0	0	0	0	0	0	0	2003	0
LFQ	59	0	0	0	0	0	0	0	0	0	0	0	0	0	0	0	0	0	0	0	0	0	0	0	0	0	0	0	0	0	0	2003	0
LFQ	60	0	0	0	0	0	0	0	0	0	0	0	0	0	0	0	0	0	0	0	0	0	0	0	0	0	0	0	0	0	0	2003	0
LFQ	61	0	0	0	0	0	0	0	0	0	0	0	0	0	0	0	0	0	0	0	0	0	0	0	0	0	0	0	0	0	0	2003	0
LFQ	62	0	0	0	0	0	0	0	0	0	0	0	0	0	0	0	0	0	0	0	0	0	0	0	0	0	0	0	0	0	0	2003	0
LFQ	63	0	0	0	0	0	0	0	0	0	0	0	0	0	0	0	0	0	0	0	0	0	0	0	0	0	0	0	0	0	0	2003	0
LFQ	64	0	0	0	0	0	0	0	0	0	0	0	0	0	0	0	0	0	0	0	0	0	0	0	0	0	0	0	0	0	0	2003	0
LFQ	65	0	0	0	0	0	0	0	0	0	0	0	0	0	0	0	0	0	0	0	0	0	0	0	0	0	0	0	0	0	0	2003	0
LFQ	66	0	0	0	0	0	0	0	0	0	0	0	0	0	0	0	0	0	0	0	0	0	0	0	0	0	0	0	0	0	0	2003	0
LFQ	67	0	0	0	0	0	0	0	0	0	0	0	0	0	0	0	0	0	0	0	0	0	0	0	0	0	0	0	0	0	0	2003	0
LFQ	68	0	0	0	0	0	0	0	0	0	0	0	0	0	0	0	0	0	0	0	0	0	0	0	0	0	0	0	0	0	0	2003	0
LFQ	69	0	0	0	0	0	0	0	0	0	0	0	0	0	0	0	0	0	0	0	0	0	0	0	0	0	0	0	0	0	0	2003	0
LFQ	70	0	0	0	0	0	0	0	0	0	0	0	0	0	0	0	0	0	0	0	0	0	0	0	0	0	0	0	0	0	0	2003	0
LFQ	71	0	0	0	0	0	0	0	0	0	0	0	0	0	0	0	0	0	0	0	0	0	0	0	0	0	0	0	0	0	0	2003	0
LFQ	72	0	0	0	0	0	0	0	0	0	0	0	0	0	0	0	0	0	0	0	0	0	0	0	0	0	0	0	0	0	0	2003	0
LFQ	73	0	0	0	0	0	0	0	0	0	0	0	0	0	0	0	0	0	0	0	0	0	0	0	0	0	0	0	0	0	0	2003	0
LFQ	74	0	0	0	0	0	0	0	0	0	0	0	0	0	0	0	0	0	0	0	0	0	0	0	0	0	0	0	0	0	0	2003	0
LFQ	75	0	0	0	0	0	0	0	0	0	0	0	0	0	0	0	0	0	0	0	0	0	0	0	0	0	0	0	0	0	0	2003	0
LFQ	76	0	0	0	0	0	0	0	0	0	0	0	0	0	0	0	0	0	0	0	0	0	0	0	0	0	0	0	0	0	0	2003	0
LFQ	77	0	0	0	0	0	0	0	0	0	0	0	0	0	0	0	0	0	0	0	0	0	0	0	0	0	0	0	0	0	0	2003	0
LFQ	78	0	0	0	0	0	0	0	0	0	0	0	0	0	0	0	0	0	0	0	0	0	0	0	0	0	0	0	0	0	0	2003	0
LFQ	79	0	0	0	0	0	0	0	0	0	0	0	0	0	0	0	0	0	0	0	0	0	0	0	0	0	0	0	0	0	0	2003	0
LFQ	80	0	0	0	0	0	0	0	0	0	0	0	0	0	0	0	0	0	0	0	0	0	0	0	0	0	0	0	0	0	0	2003	0
LFQ	81	0	0	0	0	0	0	0	0	0	0	0	0	0	0	0	0	0	0	0	0	0	0	0	0	0	0	0	0	0	0	2003	0
LFQ	82	0	0	0	0	0	0	0	0	0	0	0	0	0	0	0	0	0	0	0	0	0	0	0	0	0	0	0	0	0	0	2003	0
LFQ	83	0	0	0	0	0	0	0	0	0	0	0	0	0	0	0	0	0	0	0	0	0	0	0	0	0	0	0	0	0	0	2003	0
LFQ	84	0	0	0	0	0	0	0	0	0	0	0	0	0	0	0	0	0	0	0	0	0	0	0	0	0	0	0	0	0	0	2003	0
LFQ	85	0	0	0	0	0	0	0	0	0	0	0	0	0	0	0	0	0	0	0	0	0	0	0	0	0	0	0	0	0	0	2003	0
LFQ	86	0	0	0	0	0	0	0	0	0	0	0	0	0	0	0	0	0	0	0	0	0	0	0	0	0	0	0	0	0	0	2003	0
LFQ	87	0	0	0	0	0	0	0	0	0	0	0	0	0	0	0	0	0	0	0	0	0	0	0	0	0	0	0	0	0	0	2003	0
LFQ	88	0	0	0	0	0	0	0	0	0	0	0	0	0	0	0	0	0	0	0	0	0	0	0	0	0	0	0	0	0	0	2003	0
LFQ	89	0	0	0	0	0	0	0	0	0	0	0	0	0	0	0	0	0	0	0	0	0	0	0	0	0	0	0	0	0	0	2003	0
LFQ	90	0	0	0	0	0	0	0	0	0	0	0	0	0	0	0	0	0	0	0	0	0	0	0	0	0	0	0	0	0	0	2003	0
LFQ	91	0	0	0	0	0	0	0	0	0	0	0	0	0	0	0	0	0	0	0	0	0	0	0	0	0	0	0	0	0	0	2003	0
LFQ	92	0	0	0	0	0	0	0	0	0	0	0	0	0	0	0	0	0	0	0	0	0	0	0	0	0	0	0	0	0	0	2003	0
LFQ	93	0	0	0	0	0	0	0	0	0	0	0	0	0	0	0	0	0	0	0	0	0	0	0	0	0	0	0	0	0	0	2003	0
LFQ	94	0	0	0	0	0	0	0	0	0	0	0	0	0	0	0	0	0	0	0	0	0	0	0	0	0	0	0	0	0	0	2003	0
LFQ	95	0	0	0	0	0	0	0	0	0	0	0	0	0	0	0	0	0	0	0	0	0	0	0	0	0	0	0	0	0	0	2003	0
LFQ	96	0	0	0	0	0	0	0	0	0	0	0	0	0	0	0	0	0	0	0	0	0	0	0	0	0	0	0	0	0	0	2003	0
LFQ	97	0	0	0	0	0	0	0	0	0	0	0	0	0	0	0	0	0	0	0	0	0	0	0	0	0	0	0	0	0	0	2003	0
LFQ	98	0	0	0	0	0	0	0	0	0	0	0	0	0	0	0	0	0	0	0	0	0	0	0	0	0	0	0	0	0	0	2003	0
LFQ	99	0	0	0	0	0	0	0	0	0	0	0	0	0	0	0	0	0	0	0	0	0	0	0	0	0	0	0	0	0	0	2003	0
LFQ	100	0	0	0	0	0	0	0	0	0	0	0	0	0	0	0	0	0	0	0	0	0	0	0	0	0	0	0	0	0	0	2003	0
LFQ	101	0	0	0	0	0	0	0	0	0	0	0	0	0	0	0	0	0	0	0	0	0	0	0	0	0	0	0	0	0	0	2003	0
LFQ	102	0	0	0	0	0	0	0	0	0	0	0	0	0	0	0	0	0	0	0	0	0	0	0	0	0	0	0	0	0	0	2003	0
LFQ	103	0	0	0	0	0	0	0	0	0	0	0	0	0	0	0	0	0	0	0	0	0	0	0	0	0	0	0	0	0	0	2003	0
LFQ	104	0	0	0	0	0	0	0	0	0	0	0	0	0	0	0	0	0	0	0	0	0	0	0	0	0	0	0	0	0	0	2003	0
LFQ	105	0	0	0	0	0	0	0	0	0	0	0	0	0	0	0	0	0	0	0	0	0	0	0	0	0	0	0	0	0	0	2003	0
LFQ	106	0	0	0	0	0	0	0	0	0	0	0	0	0	0	0	0	0	0	0	0	0	0	0	0	0	0	0	0	0	0	2003	0
LFQ	107	0	0	0	0	0	0	0	0	0	0	0	0	0	0	0	0	0	0	0	0	0	0	0	0	0	0	0	0	0	0	2003	0
LFQ	108	0	0	0	0	0	0	0	0	0	0	0	0	0	0	0	0	0	0	0	0	0	0	0	0	0	0	0	0	0	0	2003	0
LFQ	109	0	0	0	0	0	0	0	0	0	0	0	0	0	0	0	0	0	0	0	0	0	0	0	0	0	0	0	0	0	0	2003	0
LFQ	110	0	0	0	0	0	0	0	0	0	0	0	0	0	0	0	0	0	0	0	0	0	0	0	0	0	0	0	0	0	0	2003	0
LFQ	111	0	0	0	0	0	0	0	0	0	0	0	0	0	0	0	0	0	0	0	0	0	0	0	0	0	0	0	0	0	0	2003	0
LFQ	112	0	0	0	0	0	0	0	0	0	0	0	0	0	0	0	0	0	0	0	0	0	0	0	0	0	0	0	0	0	0	2003	0
LFQ	113	0	0	0	0	0	0	0	0	0	0	0	0	0	0	0	0	0	0	0	0	0	0	0	0	0	0	0	0	0	0	2003	0
LFQ	114	0	0	0	0	0	0	0	0	0	0	0	0	0	0	0	0	0	0	0	0	0	0	0	0	0	0	0	0	0	0	2003	0
LFQ	115	0	0	0	0	0	0	0	0	0	0	0	0	0	0	0	0	0	0	0	0	0	0	0	0	0	0	0	0	0	0	2003	0
LFQ	116	0	0	0	0	0	0	0	0	0	0	0	0	0	0	0	0	0	0	0	0	0	0	0	0	0	0	0	0	0	0	2003	0
LFQ	117	0	0	0	0	0	0	0	0	0	0	0	0	0	0	0	0	0	0	0	0	0	0	0	0	0	0	0	0	0	0	2003	0
LFQ	118	0	0	0	0	0	0	0	0	0	0	0	0	0	0	0	0	0	0	0	0	0	0	0	0	0	0	0	0	0	0	2003	0
LFQ	119	0	0	0	0	0	0	0	0	0	0	0	0	0	0	0	0	0	0	0	0	0	0	0	0	0	0	0	0	0	0	2003	0
LFQ	120	0	0	0	0	0	0	0	0	0	0	0	0	0	0	0	0	0	0	0	0	0	0	0	0	0	0	0	0	0	0	2003	0
LFQ	121	0	0	0	0	0	0	0	0	0	0	0	0	0	0	0	0	0	0	0	0	0	0	0	0	0	0	0	0	0	0	2003	0
LFQ	122	0	0	0	0	0	0	0	0	0	0	0	0	0	0	0	0	0	0	0	0	0	0	0	0	0	0	0	0	0	0	2003	0
LFQ	123	0	0	0	0	0	0	0	0	0	0	0	0	0	0	0	0	0	0	0	0	0	0	0	0	0	0	0	0	0	0	2003	0
LFQ	124	0	0	0	0	0	0	0	0	0	0	0	0	0	0	0	0	0	0	0	0	0	0	0	0	0	0	0	0	0	0	2003	0
LFQ	125	0	0	0	0	0	0	0	0	0	0	0	0	0	0	0	0	0	0	0	0	0	0	0	0	0	0	0	0	0	0	2003	0
LFQ	126	0	0	0	0	0	0	0	0	0	0	0	0	0	0	0	0	0	0	0	0	0	0	0	0	0	0	0	0	0	0	2003	0
LFQ	127	0	0	0	0	0	0	0	0	0	0	0	0	0	0	0	0	0	0	0	0	0	0	0	0	0	0	0	0	0	0	2003	0
LFQ	128	0	0	0	0	0	0	0	0	0	0	0	0	0	0	0	0	0	0	0	0	0	0	0	0	0	0	0	0	0	0	2003	0
LFQ	129	0	0	0	0	0	0	0	0	0	0	0	0	0	0	0	0	0	0	0	0	0	0	0	0	0	0	0	0	0	0	2003	0
LFQ	130	0	0	0	0	0	0	0	0	0	0	0	0	0	0	0	0	0	0	0	0	0	0	0	0	0	0	0	0	0	0	2003	0
LFQ	131	0	0	0	0	0	0	0	0	0	0	0	0	0	0	0	0	0	0	0	0	0	0	0	0	0	0	0	0	0	0	2003	0
LFQ	132	0	0	0	0	0	0	0	0	0	0	0	0	0	0	0	0	0	0	0	0	0	0	0	0	0	0	0	0	0	0	2003	0
LFQ	133	0	0	0	0	0	0	0	0	0	0	0	0	0	0	0	0	0	0	0	0	0	0	0	0	0	0	0	0	0	0	2003	0
LFQ	134	0	0	0	0	0	0	0	0	0	0	0	0	0	0	0	0	0	0	0	0	0	0	0	0	0	0	0	0	0	0	2003	0
LFQ	135	0	0	0	0	0	0	0	0	0	0	0	0	0	0	0	0	0	0	0	0	0	0	0	0	0	0	0	0	0	0	2003	0
LFQ	136	0	0	0	0	0	0	0	0	0	0	0	0	0	0	0	0	0	0	0	0	0	0	0	0	0	0	0	0	0	0	2003	0
LFQ	137	0	0	0	0	0	0	0	0	0	0	0	0	0	0	0	0	0	0	0	0	0	0	0	0	0	0	0	0	0	0	2003	0
LFQ	138	0	0	0	0	0	0	0	0	0	0	0	0	0	0	0	0	0	0	0	0	0	0	0	0	0	0	0	0	0	0	2003	0
LFQ	139	0	0	0	0	0	0	0	0	0	0	0	0	0	0	0	0	0	0	0	0	0	0	0	0	0	0	0	0	0	0	2003	0
LFQ	140	0	0	0	0	0	0	0	0	0	0	0	0	0	0	0	0	0	0	0	0	0	0	0	0	0	0	0	0	0	0	2003	0
LFQ	141	0	0	0	0	0	0	0	0	0	0	0	0	0	0	0	0	0	0	0	0	0	0	0	0	0	0	0	0	0	0	2003	0
LFQ	142	0	0	0	0	0	0	0	0	0	0	0	0	0	0	0	0	0	0	0	0	0	0	0	0	0	0	0	0	0	0	2003	0
LFQ	143	0	0	0	0	0	0	0	0	0	0	0	0	0	0	0	0	0	0	0	0	0	0	0	0	0	0	0	0	0	0	2003	0
LFQ	144	0	0	0	0	0	0	0	0	0	0	0	0	0	0	0	0	0	0	0	0	0	0	0	0	0	0	0	0	0	0	2003	0
LFQ	145	0	0	0	0	0	0	0	0	0	0	0	0	0	0	0	0	0	0	0	0	0	0	0	0	0	0	0	0	0	0	2003	0
LFQ	146	0	0	0	0	0	0	0	0	0	0	0	0	0	0	0	0	0	0	0	0	0	0	0	0	0	0	0	0	0	0	2003	0
LFQ	147	0	0	0	0	0	0	0	0	0	0	0	0	0	0	0	0	0	0	0	0	0	0	0	0	0	0	0	0	0	0	2002	0
LFQ	148	0	0	0	0	0	0	0	0	0	0	0	0	0	0	0	0	0	0	0	0	0	0	0	0	0	0	0	0	0	0	2002	0
LFQ	149	0	0	0	0	0	0	0	0	0	0	0	0	0	0	0	0	0	0	0	0	0	0	0	0	0	0	0	0	0	0	2002	0
LFQ	150	0	0	0	0	0	0	0	0	0	0	0	0	0	0	0	0	0	0	0	0	0	0	0	0	0	0	0	0	0	0	2002	0
# GC Content of first fragments. Use `grep ^GCF | cut -f 2-` to extract this part.
GCF	7.79	0
GCF	16.08	1
GCF	16.83	0
GCF	17.34	1
GCF	18.09	0
GCF	18.84	1
GCF	19.35	5
GCF	20.10	3
GCF	20.85	2
GCF	22.11	3
GCF	23.37	4
GCF	24.12	5
GCF	24.87	9
GCF	25.38	13
GCF	26.13	17
GCF	26.88	22
GCF	27.39	25
GCF	28.14	29
GCF	28.89	24
GCF	29.40	39
GCF	30.15	48
GCF	30.90	31
GCF	31.41	54
GCF	31.91	57
GCF	32.41	58
GCF	32.91	53
GCF	33.42	75
GCF	33.92	53
GCF	34.67	73
GCF	35.43	82
GCF	35.93	66
GCF	36.68	54
GCF	38.19	68
GCF	39.45	63
GCF	39.95	69
GCF	40.70	78
GCF	41.46	81
GCF	41.96	45
GCF	42.71	64
GCF	43.47	63
GCF	43.97	38
GCF	44.72	46
GCF	45.48	52
GCF	45.98	44
GCF	46.73	39
GCF	47.74	37
GCF	48.74	20
GCF	49.50	27
GCF	50.00	21
GCF	51.01	15
GCF	52.01	12
GCF	52.76	17
GCF	53.52	7
GCF	54.02	5
GCF	54.77	4
GCF	55.53	7
GCF	56.03	3
GCF	56.78	7
GCF	57.54	3
GCF	58.04	5
GCF	59.05	4
GCF	60.05	5
GCF	60.80	1
GCF	61.56	2
GCF	62.06	1
GCF	63.82	0
GCF	65.58	1
GCF	67.09	0
GCF	68.59	1
GCF	69.60	0
GCF	70.60	1
# GC Content of last fragments. Use `grep ^GCL | cut -f 2-` to extract this part.
GCL	3.27	0
GCL	7.04	1
GCL	11.56	0
GCL	16.33	1
GCL	17.34	0
GCL	18.09	1
GCL	18.84	0
GCL	19.35	4
GCL	20.10	1
GCL	20.85	2
GCL	21.36	3
GCL	22.11	2
GCL	22.86	5
GCL	23.37	7
GCL	24.12	15
GCL	24.87	9
GCL	25.38	17
GCL	26.13	15
GCL	26.88	21
GCL	27.39	19
GCL	28.14	35
GCL	28.89	31
GCL	29.40	27
GCL	30.15	37
GCL	30.90	42
GCL	31.41	40
GCL	32.16	35
GCL	32.91	51
GCL	33.42	64
GCL	33.92	50
GCL	34.67	77
GCL	35.43	78
GCL	35.93	62
GCL	36.68	81
GCL	37.44	75
GCL	37.94	68
GCL	38.69	74
GCL	39.45	70
GCL	39.95	79
GCL	40.70	76
GCL	41.46	63
GCL	41.96	68
GCL	42.71	59
GCL	43.47	58
GCL	43.97	50
GCL	44.72	36
GCL	45.48	45
GCL	45.98	55
GCL	46.73	36
GCL	47.49	48
GCL	47.99	26
GCL	48.74	22
GCL	49.50	16
GCL	50.00	19
GCL	50.75	16
GCL	51.51	12
GCL	52.01	10
GCL	52.76	11
GCL	53.77	10
GCL	54.77	8
GCL	55.53	10
GCL	56.03	6
GCL	56.78	4
GCL	57.54	5
GCL	58.04	4
GCL	59.05	2
GCL	60.05	3
GCL	60.80	5
GCL	61.81	1
GCL	63.82	0
GCL	65.58	1
GCL	66.08	0
GCL	67.09	1
GCL	68.84	0
GCL	70.35	1
# ACGT content per cycle. Use `grep ^GCC | cut -f 2-` to extract this part. The columns are: cycle; A,C,G,T base counts as a percentage of all A/C/G/T bases [%]; and N and O counts as a percentage of all A/C/G/T bases [%]
GCC	1	30.28	20.04	18.87	30.80	0.00	0.00
GCC	2	29.11	20.22	19.65	31.03	0.00	0.00
GCC	3	30.05	19.62	20.77	29.56	0.00	0.00
GCC	4	30.73	19.10	18.97	31.20	0.00	0.00
GCC	5	29.31	19.90	19.37	31.43	0.00	0.00
GCC	6	30.85	19.87	19.40	29.88	0.00	0.00
GCC	7	30.98	20.27	18.20	30.55	0.00	0.00
GCC	8	31.08	20.47	18.77	29.68	0.00	0.00
GCC	9	30.23	19.07	19.90	30.80	0.00	0.00
GCC	10	29.66	19.95	19.45	30.95	0.00	0.00
GCC	11	30.73	19.40	18.77	31.10	0.00	0.00
GCC	12	31.68	18.47	19.50	30.35	0.00	0.00
GCC	13	29.03	20.57	19.12	31.28	0.00	0.00
GCC	14	31.03	20.59	18.50	29.88	0.00	0.00
GCC	15	30.33	20.14	18.87	30.65	0.00	0.00
GCC	16	31.08	20.22	19.32	29.38	0.00	0.00
GCC	17	30.48	18.95	20.27	30.30	0.00	0.00
GCC	18	30.90	19.52	19.37	30.20	0.00	0.00
GCC	19	30.25	19.05	19.12	31.58	0.00	0.00
GCC	20	31.13	19.45	18.45	30.98	0.00	0.00
GCC	21	29.81	21.37	19.97	28.86	0.00	0.00
GCC	22	30.23	21.67	18.87	29.23	0.00	0.00
GCC	23	29.53	21.29	18.97	30.20	0.00	0.00
GCC	24	30.30	20.17	18.85	30.68	0.00	0.00
GCC	25	31.00	19.67	19.22	30.10	0.00	0.00
GCC	26	31.65	19.55	18.50	30.30	0.00	0.00
GCC	27	31.05	19.00	19.45	30.50	0.00	0.00
GCC	28	31.10	20.27	18.52	30.10	0.00	0.00
GCC	29	31.13	19.75	18.95	30.18	0.00	0.00
GCC	30	29.78	19.60	19.15	31.48	0.00	0.00
GCC	31	29.91	19.82	19.82	30.45	0.00	0.00
GCC	32	31.05	19.82	19.20	29.93	0.00	0.00
GCC	33	30.48	20.74	18.15	30.63	0.00	0.00
GCC	34	30.43	19.82	19.57	30.18	0.00	0.00
GCC	35	31.00	19.32	19.42	30.25	0.00	0.00
GCC	36	29.78	19.90	19.00	31.33	0.00	0.00
GCC	37	31.68	19.20	20.04	29.08	0.00	0.00
GCC	38	32.10	19.60	18.80	29.51	0.00	0.00
GCC	39	30.55	19.52	18.90	31.03	0.00	0.00
GCC	40	31.15	19.30	18.45	31.10	0.00	0.00
GCC	41	30.50	20.27	19.12	30.10	0.00	0.00
GCC	42	32.00	20.47	18.07	29.46	0.00	0.00
GCC	43	32.03	17.92	18.82	31.23	0.00	0.00
GCC	44	31.30	19.92	18.82	29.96	0.00	0.00
GCC	45	30.90	19.95	18.37	30.78	0.00	0.00
GCC	46	30.30	19.62	20.29	29.78	0.00	0.00
GCC	47	30.90	19.95	18.42	30.73	0.00	0.00
GCC	48	30.85	19.65	18.97	30.53	0.00	0.00
GCC	49	30.68	20.14	19.75	29.43	0.00	0.00
GCC	50	30.95	20.29	19.05	29.71	0.00	0.00
GCC	51	29.81	20.97	20.24	28.98	0.00	0.00
GCC	52	30.58	20.09	18.30	31.03	0.00	0.00
GCC	53	31.40	18.62	18.52	31.45	0.00	0.00
GCC	54	31.10	19.62	19.12	30.15	0.00	0.00
GCC	55	31.03	20.49	17.77	30.70	0.00	0.00
GCC	56	29.91	21.12	19.50	29.48	0.00	0.00
GCC	57	29.68	20.64	18.80	30.88	0.00	0.00
GCC	58	31.10	19.52	18.22	31.15	0.00	0.00
GCC	59	31.85	20.52	18.62	29.01	0.00	0.00
GCC	60	31.03	20.02	18.50	30.45	0.00	0.00
GCC	61	31.13	19.75	18.57	30.55	0.00	0.00
GCC	62	30.25	20.00	19.32	30.43	0.00	0.00
GCC	63	31.50	18.45	18.72	31.33	0.00	0.00
GCC	64	30.18	19.80	20.24	29.78	0.00	0.00
GCC	65	30.18	19.90	19.55	30.38	0.00	0.00
GCC	66	30.55	20.14	19.22	30.08	0.00	0.00
GCC	67	30.45	20.27	18.52	30.75	0.00	0.00
GCC	68	28.76	21.09	19.62	30.53	0.00	0.00
GCC	69	29.63	20.39	18.17	31.80	0.00	0.00
GCC	70	31.38	19.70	18.75	30.18	0.00	0.00
GCC	71	31.18	20.14	18.60	30.08	0.00	0.00
GCC	72	30.90	19.32	18.85	30.93	0.00	0.00
GCC	73	30.40	19.60	17.52	32.48	0.00	0.00
GCC	74	28.83	19.70	19.40	32.08	0.00	0.00
GCC	75	29.91	19.90	18.50	31.70	0.00	0.00
GCC	76	30.10	20.27	19.10	30.53	0.00	0.00
GCC	77	31.93	20.12	18.30	29.66	0.00	0.00
GCC	78	31.10	19.40	19.22	30.28	0.00	0.00
GCC	79	30.28	19.45	18.75	31.53	0.00	0.00
GCC	80	30.70	19.92	18.87	30.50	0.00	0.00
GCC	81	29.48	20.37	18.55	31.60	0.00	0.00
GCC	82	31.40	18.42	18.90	31.28	0.00	0.00
GCC	83	30.20	20.94	18.85	30.00	0.00	0.00
GCC	84	29.51	18.92	19.52	32.05	0.00	0.00
GCC	85	29.26	19.60	18.90	32.25	0.00	0.00
GCC	86	30.35	19.10	19.42	31.13	0.00	0.00
GCC	87	29.96	19.07	17.90	33.08	0.00	0.00
GCC	88	29.01	20.12	19.37	31.50	0.00	0.00
GCC	89	30.63	18.87	19.12	31.38	0.00	0.00
GCC	90	30.55	19.80	18.80	30.85	0.00	0.00
GCC	91	29.91	19.50	19.02	31.58	0.00	0.00
GCC	92	29.68	20.44	17.82	32.05	0.00	0.00
GCC	93	29.88	19.27	19.60	31.25	0.00	0.00
GCC	94	30.63	19.42	18.80	31.15	0.00	0.00
GCC	95	30.68	20.09	18.67	30.55	0.00	0.00
GCC	96	29.46	19.80	18.77	31.98	0.00	0.00
GCC	97	30.08	20.17	17.60	32.15	0.00	0.00
GCC	98	31.80	20.07	18.35	29.78	0.00	0.00
GCC	99	31.05	18.80	19.05	31.10	0.00	0.00
GCC	100	30.13	18.82	20.22	30.83	0.00	0.00
GCC	101	31.05	19.82	17.65	31.48	0.00	0.00
GCC	102	30.95	18.90	19.00	31.15	0.00	0.00
GCC	103	31.58	19.97	18.12	30.33	0.00	0.00
GCC	104	29.83	19.62	19.57	30.98	0.00	0.00
GCC	105	31.88	19.40	18.22	30.50	0.00	0.00
GCC	106	30.88	19.97	19.92	29.23	0.00	0.00
GCC	107	28.63	20.39	19.95	31.03	0.00	0.00
GCC	108	30.43	20.42	18.22	30.93	0.00	0.00
GCC	109	30.40	19.52	19.45	30.63	0.00	0.00
GCC	110	31.63	20.34	18.47	29.56	0.00	0.00
GCC	111	29.68	20.52	18.35	31.45	0.00	0.00
GCC	112	29.58	20.02	18.90	31.50	0.00	0.00
GCC	113	31.15	19.35	18.72	30.78	0.00	0.00
GCC	114	31.95	20.17	17.92	29.96	0.00	0.00
GCC	115	30.85	20.09	17.95	31.10	0.00	0.00
GCC	116	29.83	19.52	19.02	31.63	0.00	0.00
GCC	117	31.20	19.05	19.12	30.63	0.00	0.00
GCC	118	31.00	19.72	19.35	29.93	0.00	0.00
GCC	119	31.83	19.92	17.40	30.85	0.00	0.00
GCC	120	30.83	19.32	18.55	31.30	0.00	0.00
GCC	121	30.93	18.92	19.60	30.55	0.00	0.00
GCC	122	30.93	18.75	18.82	31.50	0.00	0.00
GCC	123	30.13	20.29	19.10	30.48	0.00	0.00
GCC	124	30.63	19.87	18.97	30.53	0.00	0.00
GCC	125	30.85	20.07	18.47	30.60	0.00	0.00
GCC	126	31.75	18.52	17.10	32.63	0.00	0.00
GCC	127	29.01	20.24	19.80	30.95	0.00	0.00
GCC	128	29.26	20.87	18.97	30.90	0.00	0.00
GCC	129	31.75	18.60	18.10	31.55	0.00	0.00
GCC	130	31.43	19.65	18.60	30.33	0.00	0.00
GCC	131	31.10	19.67	18.70	30.53	0.00	0.00
GCC	132	30.75	19.37	19.85	30.03	0.00	0.00
GCC	133	30.90	19.90	19.17	30.03	0.00	0.00
GCC	134	29.53	20.54	18.90	31.03	0.00	0.00
GCC	135	29.83	18.97	18.65	32.55	0.00	0.00
GCC	136	30.55	20.12	18.25	31.08	0.00	0.00
GCC	137	29.71	19.92	19.17	31.20	0.00	0.00
GCC	138	30.58	18.82	18.52	32.08	0.00	0.00
GCC	139	31.18	20.14	19.07	29.61	0.00	0.00
GCC	140	30.45	19.30	18.97	31.28	0.00	0.00
GCC	141	30.50	18.77	19.57	31.15	0.00	0.00
GCC	142	29.88	19.85	19.45	30.83	0.00	0.00
GCC	143	29.56	20.52	18.82	31.10	0.00	0.00
GCC	144	30.58	19.92	18.42	31.08	0.00	0.00
GCC	145	31.88	18.52	19.50	30.10	0.00	0.00
GCC	146	30.73	19.85	18.60	30.83	0.00	0.00
GCC	147	30.54	20.12	19.18	30.16	0.00	0.00
GCC	148	30.04	19.51	19.08	31.37	0.00	0.00
GCC	149	30.44	20.38	18.63	30.54	0.00	0.00
GCC	150	30.37	19.31	19.68	30.64	0.00	0.00
# ACGT content per cycle, read oriented. Use `grep ^GCT | cut -f 2-` to extract this part. The columns are: cycle; A,C,G,T base counts as a percentage of all A/C/G/T bases [%]
GCT	1	30.95	19.05	19.87	30.13
GCT	2	29.83	20.62	19.25	30.30
GCT	3	30.23	21.07	19.32	29.38
GCT	4	31.20	19.50	18.57	30.73
GCT	5	30.15	20.12	19.15	30.58
GCT	6	30.08	19.17	20.09	30.65
GCT	7	30.35	19.72	18.75	31.18
GCT	8	29.48	19.35	19.90	31.28
GCT	9	30.75	20.42	18.55	30.28
GCT	10	30.43	19.90	19.50	30.18
GCT	11	31.20	19.00	19.17	30.63
GCT	12	30.75	20.07	17.90	31.28
GCT	13	29.61	19.67	20.02	30.70
GCT	14	30.20	20.14	18.95	30.70
GCT	15	30.85	19.90	19.12	30.13
GCT	16	29.86	19.57	19.97	30.60
GCT	17	30.65	18.95	20.27	30.13
GCT	18	29.73	19.67	19.22	31.38
GCT	19	30.30	18.52	19.65	31.53
GCT	20	30.70	19.00	18.90	31.40
GCT	21	29.23	19.37	21.97	29.43
GCT	22	30.58	20.84	19.70	28.88
GCT	23	30.58	20.17	20.09	29.16
GCT	24	29.76	19.85	19.17	31.23
GCT	25	29.58	19.42	19.47	31.53
GCT	26	30.88	18.85	19.20	31.08
GCT	27	30.73	18.95	19.50	30.83
GCT	28	29.21	19.40	19.40	32.00
GCT	29	31.00	18.75	19.95	30.30
GCT	30	30.75	20.24	18.50	30.50
GCT	31	29.48	20.62	19.02	30.88
GCT	32	30.78	19.52	19.50	30.20
GCT	33	29.91	20.14	18.75	31.20
GCT	34	30.05	18.67	20.72	30.55
GCT	35	30.53	18.97	19.77	30.73
GCT	36	30.38	19.57	19.32	30.73
GCT	37	30.80	18.80	20.44	29.96
GCT	38	31.28	18.85	19.55	30.33
GCT	39	30.95	18.70	19.72	30.63
GCT	40	31.63	18.40	19.35	30.63
GCT	41	29.23	19.92	19.47	31.38
GCT	42	30.05	19.20	19.35	31.40
GCT	43	31.08	17.65	19.10	32.18
GCT	44	30.23	19.37	19.37	31.03
GCT	45	31.15	19.32	19.00	30.53
GCT	46	29.53	20.27	19.65	30.55
GCT	47	31.13	19.50	18.87	30.50
GCT	48	29.91	19.32	19.30	31.48
GCT	49	30.00	19.10	20.79	30.10
GCT	50	30.03	19.80	19.55	30.63
GCT	51	28.46	20.74	20.47	30.33
GCT	52	31.55	19.15	19.25	30.05
GCT	53	30.55	19.00	18.15	32.30
GCT	54	31.10	19.35	19.40	30.15
GCT	55	30.38	19.62	18.65	31.35
GCT	56	30.00	20.94	19.67	29.38
GCT	57	30.45	20.34	19.10	30.10
GCT	58	30.35	18.70	19.05	31.90
GCT	59	29.98	19.22	19.92	30.88
GCT	60	29.51	19.02	19.50	31.98
GCT	61	30.18	19.67	18.65	31.50
GCT	62	30.88	19.25	20.07	29.81
GCT	63	30.45	18.87	18.30	32.38
GCT	64	29.71	20.19	19.85	30.25
GCT	65	29.43	19.87	19.57	31.13
GCT	66	30.60	19.07	20.29	30.03
GCT	67	30.00	20.00	18.80	31.20
GCT	68	28.31	20.37	20.34	30.98
GCT	69	30.30	19.45	19.12	31.13
GCT	70	30.40	18.80	19.65	31.15
GCT	71	30.45	19.65	19.10	30.80
GCT	72	31.90	18.95	19.22	29.93
GCT	73	31.45	19.67	17.45	31.43
GCT	74	30.10	18.70	20.39	30.80
GCT	75	31.20	18.97	19.42	30.40
GCT	76	30.60	19.20	20.17	30.03
GCT	77	31.28	19.65	18.77	30.30
GCT	78	30.88	19.95	18.67	30.50
GCT	79	30.13	19.97	18.22	31.68
GCT	80	30.73	18.92	19.87	30.48
GCT	81	31.08	18.85	20.07	30.00
GCT	82	31.38	18.97	18.35	31.30
GCT	83	30.50	20.17	19.62	29.71
GCT	84	31.10	18.30	20.14	30.45
GCT	85	31.23	18.25	20.24	30.28
GCT	86	30.75	19.17	19.35	30.73
GCT	87	30.98	18.47	18.50	32.05
GCT	88	30.18	19.52	19.97	30.33
GCT	89	31.23	18.70	19.30	30.78
GCT	90	29.73	18.50	20.09	31.68
GCT	91	31.00	19.12	19.40	30.48
GCT	92	30.58	19.72	18.55	31.15
GCT	93	29.63	18.90	19.97	31.50
GCT	94	31.40	19.32	18.90	30.38
GCT	95	30.70	19.45	19.32	30.53
GCT	96	30.43	19.75	18.82	31.00
GCT	97	30.53	19.10	18.67	31.70
GCT	98	29.78	19.62	18.80	31.80
GCT	99	30.20	19.17	18.67	31.95
GCT	100	29.73	19.65	19.40	31.23
GCT	101	31.90	18.85	18.62	30.63
GCT	102	29.88	18.60	19.30	32.23
GCT	103	29.96	18.47	19.62	31.95
GCT	104	31.53	20.59	18.60	29.28
GCT	105	32.00	18.45	19.17	30.38
GCT	106	29.16	20.37	19.52	30.95
GCT	107	29.98	20.07	20.27	29.68
GCT	108	30.58	20.24	18.40	30.78
GCT	109	29.91	19.20	19.77	31.13
GCT	110	30.48	19.22	19.60	30.70
GCT	111	29.98	20.29	18.57	31.15
GCT	112	31.25	19.17	19.75	29.83
GCT	113	31.43	19.35	18.72	30.50
GCT	114	30.48	18.72	19.37	31.43
GCT	115	31.35	18.47	19.57	30.60
GCT	116	31.30	18.67	19.87	30.15
GCT	117	30.70	18.72	19.45	31.13
GCT	118	30.88	18.97	20.09	30.05
GCT	119	30.60	19.27	18.05	32.08
GCT	120	29.71	19.22	18.65	32.43
GCT	121	30.45	19.52	19.00	31.03
GCT	122	29.93	18.97	18.60	32.50
GCT	123	28.93	20.72	18.67	31.68
GCT	124	30.38	19.40	19.45	30.78
GCT	125	29.88	18.97	19.57	31.58
GCT	126	31.93	17.07	18.55	32.45
GCT	127	30.35	20.17	19.87	29.61
GCT	128	30.78	20.07	19.77	29.38
GCT	129	32.10	18.67	18.02	31.20
GCT	130	30.70	18.65	19.60	31.05
GCT	131	30.30	18.60	19.77	31.33
GCT	132	29.53	20.12	19.10	31.25
GCT	133	31.48	19.95	19.12	29.46
GCT	134	30.58	20.27	19.17	29.98
GCT	135	31.10	19.32	18.30	31.28
GCT	136	30.28	19.47	18.90	31.35
GCT	137	31.43	19.72	19.37	29.48
GCT	138	32.08	17.95	19.40	30.58
GCT	139	29.81	18.65	20.57	30.98
GCT	140	29.83	19.35	18.92	31.90
GCT	141	31.73	19.02	19.32	29.93
GCT	142	30.05	19.35	19.95	30.65
GCT	143	31.48	19.62	19.72	29.18
GCT	144	31.35	19.57	18.77	30.30
GCT	145	31.65	19.67	18.35	30.33
GCT	146	30.70	20.04	18.40	30.85
GCT	147	30.44	19.55	19.75	30.26
GCT	148	31.89	19.11	19.48	29.52
GCT	149	30.19	19.13	19.88	30.79
GCT	150	30.02	19.11	19.88	30.99
# ACGT content per cycle for first fragments. Use `grep ^FBC | cut -f 2-` to extract this part. The columns are: cycle; A,C,G,T base counts as a percentage of all A/C/G/T bases [%]; and N and O counts as a percentage of all A/C/G/T bases [%]
FBC	1	30.20	20.12	19.77	29.91	0.00	0.00
FBC	2	28.26	19.72	19.87	32.15	0.00	0.00
FBC	3	30.10	19.62	20.42	29.86	0.00	0.00
FBC	4	31.20	18.32	19.97	30.50	0.00	0.00
FBC	5	29.96	19.32	18.37	32.35	0.00	0.00
FBC	6	31.00	19.32	20.02	29.66	0.00	0.00
FBC	7	30.80	18.67	18.92	31.60	0.00	0.00
FBC	8	32.55	21.07	17.82	28.56	0.00	0.00
FBC	9	31.90	18.62	19.82	29.66	0.00	0.00
FBC	10	28.06	20.12	20.62	31.20	0.00	0.00
FBC	11	32.05	18.62	18.52	30.80	0.00	0.00
FBC	12	31.15	19.72	19.12	30.00	0.00	0.00
FBC	13	28.06	20.62	20.52	30.80	0.00	0.00
FBC	14	31.60	20.57	18.22	29.61	0.00	0.00
FBC	15	31.65	19.92	17.97	30.45	0.00	0.00
FBC	16	31.25	20.42	18.82	29.51	0.00	0.00
FBC	17	30.05	18.62	20.12	31.20	0.00	0.00
FBC	18	31.05	18.42	18.87	31.65	0.00	0.00
FBC	19	30.75	20.37	17.42	31.45	0.00	0.00
FBC	20	30.75	20.42	18.27	30.55	0.00	0.00
FBC	21	30.95	22.02	18.77	28.26	0.00	0.00
FBC	22	29.76	23.32	18.82	28.11	0.00	0.00
FBC	23	30.15	21.27	19.27	29.31	0.00	0.00
FBC	24	30.75	20.57	17.57	31.10	0.00	0.00
FBC	25	30.55	19.62	19.17	30.65	0.00	0.00
FBC	26	32.15	19.47	18.52	29.86	0.00	0.00
FBC	27	31.70	19.17	18.87	30.25	0.00	0.00
FBC	28	32.35	21.07	17.82	28.76	0.00	0.00
FBC	29	30.35	19.12	19.82	30.70	0.00	0.00
FBC	30	30.05	19.87	19.07	31.00	0.00	0.00
FBC	31	27.96	20.62	19.72	31.70	0.00	0.00
FBC	32	29.61	20.17	19.77	30.45	0.00	0.00
FBC	33	30.35	21.47	17.42	30.75	0.00	0.00
FBC	34	30.20	20.82	19.17	29.81	0.00	0.00
FBC	35	30.20	19.82	19.72	30.25	0.00	0.00
FBC	36	30.60	19.22	18.92	31.25	0.00	0.00
FBC	37	30.75	19.12	20.72	29.41	0.00	0.00
FBC	38	33.40	19.12	18.02	29.46	0.00	0.00
FBC	39	31.10	19.42	17.47	32.00	0.00	0.00
FBC	40	31.75	18.67	18.92	30.65	0.00	0.00
FBC	41	31.20	21.02	18.62	29.16	0.00	0.00
FBC	42	32.75	20.62	17.37	29.26	0.00	0.00
FBC	43	32.55	17.62	18.32	31.50	0.00	0.00
FBC	44	31.25	21.32	19.07	28.36	0.00	0.00
FBC	45	30.85	19.77	18.12	31.25	0.00	0.00
FBC	46	31.00	20.22	19.72	29.06	0.00	0.00
FBC	47	31.10	21.47	18.07	29.36	0.00	0.00
FBC	48	30.85	18.77	19.12	31.25	0.00	0.00
FBC	49	32.20	19.97	19.62	28.21	0.00	0.00
FBC	50	32.35	20.57	18.37	28.71	0.00	0.00
FBC	51	29.56	21.67	20.12	28.66	0.00	0.00
FBC	52	31.60	19.07	17.77	31.55	0.00	0.00
FBC	53	32.55	17.37	19.12	30.95	0.00	0.00
FBC	54	32.80	19.02	18.57	29.61	0.00	0.00
FBC	55	31.35	20.02	18.17	30.45	0.00	0.00
FBC	56	29.36	22.22	19.02	29.41	0.00	0.00
FBC	57	29.46	20.82	17.87	31.85	0.00	0.00
FBC	58	30.95	18.62	18.22	32.20	0.00	0.00
FBC	59	31.00	20.47	19.57	28.96	0.00	0.00
FBC	60	29.91	20.52	19.27	30.30	0.00	0.00
FBC	61	30.30	19.97	18.32	31.40	0.00	0.00
FBC	62	30.55	20.62	18.32	30.50	0.00	0.00
FBC	63	31.45	17.87	19.47	31.20	0.00	0.00
FBC	64	30.15	20.47	20.57	28.81	0.00	0.00
FBC	65	29.41	20.52	19.37	30.70	0.00	0.00
FBC	66	31.50	20.47	19.17	28.86	0.00	0.00
FBC	67	29.86	21.67	17.67	30.80	0.00	0.00
FBC	68	29.56	21.12	17.82	31.50	0.00	0.00
FBC	69	30.50	20.52	17.67	31.30	0.00	0.00
FBC	70	31.50	19.17	18.02	31.30	0.00	0.00
FBC	71	31.80	20.67	18.22	29.31	0.00	0.00
FBC	72	30.90	19.72	18.67	30.70	0.00	0.00
FBC	73	30.10	20.87	17.67	31.35	0.00	0.00
FBC	74	29.86	20.12	18.47	31.55	0.00	0.00
FBC	75	30.65	19.62	17.27	32.45	0.00	0.00
FBC	76	30.55	20.52	19.52	29.41	0.00	0.00
FBC	77	31.60	19.72	17.67	31.00	0.00	0.00
FBC	78	30.35	19.72	20.27	29.66	0.00	0.00
FBC	79	30.10	19.82	18.47	31.60	0.00	0.00
FBC	80	31.20	19.82	19.07	29.91	0.00	0.00
FBC	81	29.51	21.12	18.57	30.80	0.00	0.00
FBC	82	30.90	17.42	19.77	31.90	0.00	0.00
FBC	83	29.46	21.27	18.72	30.55	0.00	0.00
FBC	84	29.71	19.57	20.32	30.40	0.00	0.00
FBC	85	29.11	19.42	18.77	32.70	0.00	0.00
FBC	86	31.00	19.02	18.72	31.25	0.00	0.00
FBC	87	30.35	18.27	17.02	34.35	0.00	0.00
FBC	88	28.46	20.37	19.67	31.50	0.00	0.00
FBC	89	30.15	19.22	18.92	31.70	0.00	0.00
FBC	90	29.51	19.52	18.27	32.70	0.00	0.00
FBC	91	29.81	18.82	19.42	31.95	0.00	0.00
FBC	92	29.56	20.02	18.27	32.15	0.00	0.00
FBC	93	29.11	19.97	19.47	31.45	0.00	0.00
FBC	94	30.15	18.97	18.82	32.05	0.00	0.00
FBC	95	30.90	18.82	19.27	31.00	0.00	0.00
FBC	96	28.96	19.52	19.07	32.45	0.00	0.00
FBC	97	29.56	20.67	16.92	32.85	0.00	0.00
FBC	98	31.25	19.77	17.62	31.35	0.00	0.00
FBC	99	31.10	19.57	18.82	30.50	0.00	0.00
FBC	100	30.25	18.27	20.62	30.85	0.00	0.00
FBC	101	31.15	20.12	16.77	31.95	0.00	0.00
FBC	102	30.40	19.12	18.62	31.85	0.00	0.00
FBC	103	31.60	20.77	17.77	29.86	0.00	0.00
FBC	104	28.61	20.22	20.22	30.95	0.00	0.00
FBC	105	31.80	20.02	17.82	30.35	0.00	0.00
FBC	106	30.70	20.52	20.47	28.31	0.00	0.00
FBC	107	28.26	20.97	18.42	32.35	0.00	0.00
FBC	108	31.10	20.62	18.92	29.36	0.00	0.00
FBC	109	30.10	19.17	20.42	30.30	0.00	0.00
FBC	110	31.40	20.82	18.47	29.31	0.00	0.00
FBC	111	30.35	20.47	18.82	30.35	0.00	0.00
FBC	112	28.86	19.72	19.07	32.35	0.00	0.00
FBC	113	30.65	20.32	19.67	29.36	0.00	0.00
FBC	114	31.40	18.57	18.87	31.15	0.00	0.00
FBC	115	31.90	19.87	17.37	30.85	0.00	0.00
FBC	116	29.41	19.47	18.27	32.85	0.00	0.00
FBC	117	31.20	19.32	18.82	30.65	0.00	0.00
FBC	118	30.85	19.72	20.07	29.36	0.00	0.00
FBC	119	31.60	19.97	17.47	30.95	0.00	0.00
FBC	120	30.40	20.72	18.02	30.85	0.00	0.00
FBC	121	29.56	19.12	20.57	30.75	0.00	0.00
FBC	122	31.20	19.47	18.57	30.75	0.00	0.00
FBC	123	30.50	20.72	18.37	30.40	0.00	0.00
FBC	124	30.80	19.92	19.27	30.00	0.00	0.00
FBC	125	31.35	20.72	17.57	30.35	0.00	0.00
FBC	126	31.50	18.87	17.27	32.35	0.00	0.00
FBC	127	30.45	19.27	19.77	30.50	0.00	0.00
FBC	128	27.91	20.17	20.42	31.50	0.00	0.00
FBC	129	31.20	19.07	18.27	31.45	0.00	0.00
FBC	130	32.20	18.47	17.77	31.55	0.00	0.00
FBC	131	32.10	19.47	18.17	30.25	0.00	0.00
FBC	132	30.50	19.92	20.37	29.21	0.00	0.00
FBC	133	29.46	20.42	18.32	31.80	0.00	0.00
FBC	134	28.91	20.42	19.37	31.30	0.00	0.00
FBC	135	30.90	19.67	17.52	31.90	0.00	0.00
FBC	136	31.75	20.17	18.27	29.81	0.00	0.00
FBC	137	29.21	20.47	18.82	31.50	0.00	0.00
FBC	138	30.35	19.07	17.92	32.65	0.00	0.00
FBC	139	31.95	19.47	19.07	29.51	0.00	0.00
FBC	140	30.95	19.17	19.27	30.60	0.00	0.00
FBC	141	31.75	16.63	20.42	31.20	0.00	0.00
FBC	142	29.91	19.17	20.12	30.80	0.00	0.00
FBC	143	28.56	20.22	19.57	31.65	0.00	0.00
FBC	144	30.80	20.52	17.07	31.60	0.00	0.00
FBC	145	32.15	19.02	19.77	29.06	0.00	0.00
FBC	146	30.75	20.12	19.02	30.10	0.00	0.00
FBC	147	30.60	20.67	18.82	29.91	0.00	0.00
FBC	148	30.57	19.23	17.98	32.22	0.00	0.00
FBC	149	30.77	20.43	18.48	30.32	0.00	0.00
FBC	150	31.02	18.68	20.43	29.87	0.00	0.00
# ACGT raw counters for first fragments. Use `grep ^FTC | cut -f 2-` to extract this part. The columns are: A,C,G,T,N base counters
FTC	92017	59680	56586	92164	0
# ACGT content per cycle for last fragments. Use `grep ^LBC | cut -f 2-` to extract this part. The columns are: cycle; A,C,G,T base counts as a percentage of all A/C/G/T bases [%]; and N and O counts as a percentage of all A/C/G/T bases [%]
LBC	1	30.35	19.97	17.97	31.70	0.00	0.00
LBC	2	29.96	20.72	19.42	29.91	0.00	0.00
LBC	3	30.00	19.62	21.12	29.26	0.00	0.00
LBC	4	30.25	19.87	17.97	31.90	0.00	0.00
LBC	5	28.66	20.47	20.37	30.50	0.00	0.00
LBC	6	30.70	20.42	18.77	30.10	0.00	0.00
LBC	7	31.15	21.87	17.47	29.51	0.00	0.00
LBC	8	29.61	19.87	19.72	30.80	0.00	0.00
LBC	9	28.56	19.52	19.97	31.95	0.00	0.00
LBC	10	31.25	19.77	18.27	30.70	0.00	0.00
LBC	11	29.41	20.17	19.02	31.40	0.00	0.00
LBC	12	32.20	17.22	19.87	30.70	0.00	0.00
LBC	13	30.00	20.52	17.72	31.75	0.00	0.00
LBC	14	30.45	20.62	18.77	30.15	0.00	0.00
LBC	15	29.01	20.37	19.77	30.85	0.00	0.00
LBC	16	30.90	20.02	19.82	29.26	0.00	0.00
LBC	17	30.90	19.27	20.42	29.41	0.00	0.00
LBC	18	30.75	20.62	19.87	28.76	0.00	0.00
LBC	19	29.76	17.72	20.82	31.70	0.00	0.00
LBC	20	31.50	18.47	18.62	31.40	0.00	0.00
LBC	21	28.66	20.72	21.17	29.46	0.00	0.00
LBC	22	30.70	20.02	18.92	30.35	0.00	0.00
LBC	23	28.91	21.32	18.67	31.10	0.00	0.00
LBC	24	29.86	19.77	20.12	30.25	0.00	0.00
LBC	25	31.45	19.72	19.27	29.56	0.00	0.00
LBC	26	31.15	19.62	18.47	30.75	0.00	0.00
LBC	27	30.40	18.82	20.02	30.75	0.00	0.00
LBC	28	29.86	19.47	19.22	31.45	0.00	0.00
LBC	29	31.90	20.37	18.07	29.66	0.00	0.00
LBC	30	29.51	19.32	19.22	31.95	0.00	0.00
LBC	31	31.85	19.02	19.92	29.21	0.00	0.00
LBC	32	32.50	19.47	18.62	29.41	0.00	0.00
LBC	33	30.60	20.02	18.87	30.50	0.00	0.00
LBC	34	30.65	18.82	19.97	30.55	0.00	0.00
LBC	35	31.80	18.82	19.12	30.25	0.00	0.00
LBC	36	28.96	20.57	19.07	31.40	0.00	0.00
LBC	37	32.60	19.27	19.37	28.76	0.00	0.00
LBC	38	30.80	20.07	19.57	29.56	0.00	0.00
LBC	39	30.00	19.62	20.32	30.05	0.00	0.00
LBC	40	30.55	19.92	17.97	31.55	0.00	0.00
LBC	41	29.81	19.52	19.62	31.05	0.00	0.00
LBC	42	31.25	20.32	18.77	29.66	0.00	0.00
LBC	43	31.50	18.22	19.32	30.95	0.00	0.00
LBC	44	31.35	18.52	18.57	31.55	0.00	0.00
LBC	45	30.95	20.12	18.62	30.30	0.00	0.00
LBC	46	29.61	19.02	20.87	30.50	0.00	0.00
LBC	47	30.70	18.42	18.77	32.10	0.00	0.00
LBC	48	30.85	20.52	18.82	29.81	0.00	0.00
LBC	49	29.16	20.32	19.87	30.65	0.00	0.00
LBC	50	29.56	20.02	19.72	30.70	0.00	0.00
LBC	51	30.05	20.27	20.37	29.31	0.00	0.00
LBC	52	29.56	21.12	18.82	30.50	0.00	0.00
LBC	53	30.25	19.87	17.92	31.95	0.00	0.00
LBC	54	29.41	20.22	19.67	30.70	0.00	0.00
LBC	55	30.70	20.97	17.37	30.95	0.00	0.00
LBC	56	30.45	20.02	19.97	29.56	0.00	0.00
LBC	57	29.91	20.47	19.72	29.91	0.00	0.00
LBC	58	31.25	20.42	18.22	30.10	0.00	0.00
LBC	59	32.70	20.57	17.67	29.06	0.00	0.00
LBC	60	32.15	19.52	17.72	30.60	0.00	0.00
LBC	61	31.95	19.52	18.82	29.71	0.00	0.00
LBC	62	29.96	19.37	20.32	30.35	0.00	0.00
LBC	63	31.55	19.02	17.97	31.45	0.00	0.00
LBC	64	30.20	19.12	19.92	30.75	0.00	0.00
LBC	65	30.95	19.27	19.72	30.05	0.00	0.00
LBC	66	29.61	19.82	19.27	31.30	0.00	0.00
LBC	67	31.05	18.87	19.37	30.70	0.00	0.00
LBC	68	27.96	21.07	21.42	29.56	0.00	0.00
LBC	69	28.76	20.27	18.67	32.30	0.00	0.00
LBC	70	31.25	20.22	19.47	29.06	0.00	0.00
LBC	71	30.55	19.62	18.97	30.85	0.00	0.00
LBC	72	30.90	18.92	19.02	31.15	0.00	0.00
LBC	73	30.70	18.32	17.37	33.60	0.00	0.00
LBC	74	27.81	19.27	20.32	32.60	0.00	0.00
LBC	75	29.16	20.17	19.72	30.95	0.00	0.00
LBC	76	29.66	20.02	18.67	31.65	0.00	0.00
LBC	77	32.25	20.52	18.92	28.31	0.00	0.00
LBC	78	31.85	19.07	18.17	30.90	0.00	0.00
LBC	79	30.45	19.07	19.02	31.45	0.00	0.00
LBC	80	30.20	20.02	18.67	31.10	0.00	0.00
LBC	81	29.46	19.62	18.52	32.40	0.00	0.00
LBC	82	31.90	19.42	18.02	30.65	0.00	0.00
LBC	83	30.95	20.62	18.97	29.46	0.00	0.00
LBC	84	29.31	18.27	18.72	33.70	0.00	0.00
LBC	85	29.41	19.77	19.02	31.80	0.00	0.00
LBC	86	29.71	19.17	20.12	31.00	0.00	0.00
LBC	87	29.56	19.87	18.77	31.80	0.00	0.00
LBC	88	29.56	19.87	19.07	31.50	0.00	0.00
LBC	89	31.10	18.52	19.32	31.05	0.00	0.00
LBC	90	31.60	20.07	19.32	29.01	0.00	0.00
LBC	91	30.00	20.17	18.62	31.20	0.00	0.00
LBC	92	29.81	20.87	17.37	31.95	0.00	0.00
LBC	93	30.65	18.57	19.72	31.05	0.00	0.00
LBC	94	31.10	19.87	18.77	30.25	0.00	0.00
LBC	95	30.45	21.37	18.07	30.10	0.00	0.00
LBC	96	29.96	20.07	18.47	31.50	0.00	0.00
LBC	97	30.60	19.67	18.27	31.45	0.00	0.00
LBC	98	32.35	20.37	19.07	28.21	0.00	0.00
LBC	99	31.00	18.02	19.27	31.70	0.00	0.00
LBC	100	30.00	19.37	19.82	30.80	0.00	0.00
LBC	101	30.95	19.52	18.52	31.00	0.00	0.00
LBC	102	31.50	18.67	19.37	30.45	0.00	0.00
LBC	103	31.55	19.17	18.47	30.80	0.00	0.00
LBC	104	31.05	19.02	18.92	31.00	0.00	0.00
LBC	105	31.95	18.77	18.62	30.65	0.00	0.00
LBC	106	31.05	19.42	19.37	30.15	0.00	0.00
LBC	107	29.01	19.82	21.47	29.71	0.00	0.00
LBC	108	29.76	20.22	17.52	32.50	0.00	0.00
LBC	109	30.70	19.87	18.47	30.95	0.00	0.00
LBC	110	31.85	19.87	18.47	29.81	0.00	0.00
LBC	111	29.01	20.57	17.87	32.55	0.00	0.00
LBC	112	30.30	20.32	18.72	30.65	0.00	0.00
LBC	113	31.65	18.37	17.77	32.20	0.00	0.00
LBC	114	32.50	21.77	16.97	28.76	0.00	0.00
LBC	115	29.81	20.32	18.52	31.35	0.00	0.00
LBC	116	30.25	19.57	19.77	30.40	0.00	0.00
LBC	117	31.20	18.77	19.42	30.60	0.00	0.00
LBC	118	31.15	19.72	18.62	30.50	0.00	0.00
LBC	119	32.05	19.87	17.32	30.75	0.00	0.00
LBC	120	31.25	17.92	19.07	31.75	0.00	0.00
LBC	121	32.30	18.72	18.62	30.35	0.00	0.00
LBC	122	30.65	18.02	19.07	32.25	0.00	0.00
LBC	123	29.76	19.87	19.82	30.55	0.00	0.00
LBC	124	30.45	19.82	18.67	31.05	0.00	0.00
LBC	125	30.35	19.42	19.37	30.85	0.00	0.00
LBC	126	32.00	18.17	16.92	32.90	0.00	0.00
LBC	127	27.56	21.22	19.82	31.40	0.00	0.00
LBC	128	30.60	21.57	17.52	30.30	0.00	0.00
LBC	129	32.30	18.12	17.92	31.65	0.00	0.00
LBC	130	30.65	20.82	19.42	29.11	0.00	0.00
LBC	131	30.10	19.87	19.22	30.80	0.00	0.00
LBC	132	31.00	18.82	19.32	30.85	0.00	0.00
LBC	133	32.35	19.37	20.02	28.26	0.00	0.00
LBC	134	30.15	20.67	18.42	30.75	0.00	0.00
LBC	135	28.76	18.27	19.77	33.20	0.00	0.00
LBC	136	29.36	20.07	18.22	32.35	0.00	0.00
LBC	137	30.20	19.37	19.52	30.90	0.00	0.00
LBC	138	30.80	18.57	19.12	31.50	0.00	0.00
LBC	139	30.40	20.82	19.07	29.71	0.00	0.00
LBC	140	29.96	19.42	18.67	31.95	0.00	0.00
LBC	141	29.26	20.92	18.72	31.10	0.00	0.00
LBC	142	29.86	20.52	18.77	30.85	0.00	0.00
LBC	143	30.55	20.82	18.07	30.55	0.00	0.00
LBC	144	30.35	19.32	19.77	30.55	0.00	0.00
LBC	145	31.60	18.02	19.22	31.15	0.00	0.00
LBC	146	30.70	19.57	18.17	31.55	0.00	0.00
LBC	147	30.47	19.58	19.53	30.42	0.00	0.00
LBC	148	29.52	19.78	20.18	30.52	0.00	0.00
LBC	149	30.12	20.33	18.78	30.77	0.00	0.00
LBC	150	29.72	19.93	18.93	31.42	0.00	0.00
# ACGT raw counters for last fragments. Use `grep ^LTC | cut -f 2-` to extract this part. The columns are: A,C,G,T,N base counters
LTC	91637	59224	57191	92394	0
# Insert sizes. Use `grep ^IS | cut -f 2-` to extract this part. The columns are: insert size, pairs total, inward oriented pairs, outward oriented pairs, other pairs
IS	0	0	0	0	0
IS	1	0	0	0	0
IS	2	0	0	0	0
IS	3	0	0	0	0
IS	4	0	0	0	0
IS	5	0	0	0	0
IS	6	0	0	0	0
IS	7	0	0	0	0
IS	8	0	0	0	0
IS	9	0	0	0	0
IS	10	0	0	0	0
IS	11	0	0	0	0
IS	12	0	0	0	0
IS	13	0	0	0	0
IS	14	0	0	0	0
IS	15	0	0	0	0
IS	16	0	0	0	0
IS	17	0	0	0	0
IS	18	0	0	0	0
IS	19	0	0	0	0
IS	20	0	0	0	0
IS	21	0	0	0	0
IS	22	0	0	0	0
IS	23	0	0	0	0
IS	24	0	0	0	0
IS	25	0	0	0	0
IS	26	0	0	0	0
IS	27	0	0	0	0
IS	28	0	0	0	0
IS	29	0	0	0	0
IS	30	0	0	0	0
IS	31	0	0	0	0
IS	32	0	0	0	0
IS	33	0	0	0	0
IS	34	0	0	0	0
IS	35	0	0	0	0
IS	36	0	0	0	0
IS	37	0	0	0	0
IS	38	0	0	0	0
IS	39	0	0	0	0
IS	40	0	0	0	0
IS	41	0	0	0	0
IS	42	0	0	0	0
IS	43	0	0	0	0
IS	44	0	0	0	0
IS	45	0	0	0	0
IS	46	0	0	0	0
IS	47	0	0	0	0
IS	48	0	0	0	0
IS	49	0	0	0	0
IS	50	0	0	0	0
IS	51	0	0	0	0
IS	52	0	0	0	0
IS	53	0	0	0	0
IS	54	0	0	0	0
IS	55	0	0	0	0
IS	56	0	0	0	0
IS	57	0	0	0	0
IS	58	0	0	0	0
IS	59	0	0	0	0
IS	60	0	0	0	0
IS	61	0	0	0	0
IS	62	0	0	0	0
IS	63	0	0	0	0
IS	64	0	0	0	0
IS	65	0	0	0	0
IS	66	0	0	0	0
IS	67	0	0	0	0
IS	68	0	0	0	0
IS	69	0	0	0	0
IS	70	0	0	0	0
IS	71	0	0	0	0
IS	72	0	0	0	0
IS	73	0	0	0	0
IS	74	0	0	0	0
IS	75	0	0	0	0
IS	76	0	0	0	0
IS	77	0	0	0	0
IS	78	0	0	0	0
IS	79	0	0	0	0
IS	80	0	0	0	0
IS	81	0	0	0	0
IS	82	0	0	0	0
IS	83	0	0	0	0
IS	84	0	0	0	0
IS	85	0	0	0	0
IS	86	0	0	0	0
IS	87	0	0	0	0
IS	88	0	0	0	0
IS	89	0	0	0	0
IS	90	0	0	0	0
IS	91	0	0	0	0
IS	92	0	0	0	0
IS	93	0	0	0	0
IS	94	0	0	0	0
IS	95	0	0	0	0
IS	96	0	0	0	0
IS	97	0	0	0	0
IS	98	0	0	0	0
IS	99	0	0	0	0
IS	100	0	0	0	0
IS	101	0	0	0	0
IS	102	0	0	0	0
IS	103	0	0	0	0
IS	104	0	0	0	0
IS	105	0	0	0	0
IS	106	0	0	0	0
IS	107	0	0	0	0
IS	108	0	0	0	0
IS	109	0	0	0	0
IS	110	0	0	0	0
IS	111	0	0	0	0
IS	112	0	0	0	0
IS	113	0	0	0	0
IS	114	0	0	0	0
IS	115	0	0	0	0
IS	116	0	0	0	0
IS	117	0	0	0	0
IS	118	0	0	0	0
IS	119	0	0	0	0
IS	120	0	0	0	0
IS	121	0	0	0	0
IS	122	0	0	0	0
IS	123	0	0	0	0
IS	124	0	0	0	0
IS	125	0	0	0	0
IS	126	0	0	0	0
IS	127	0	0	0	0
IS	128	0	0	0	0
IS	129	0	0	0	0
IS	130	0	0	0	0
IS	131	0	0	0	0
IS	132	0	0	0	0
IS	133	0	0	0	0
IS	134	0	0	0	0
IS	135	0	0	0	0
IS	136	0	0	0	0
IS	137	0	0	0	0
IS	138	0	0	0	0
IS	139	0	0	0	0
IS	140	0	0	0	0
IS	141	0	0	0	0
IS	142	0	0	0	0
IS	143	0	0	0	0
IS	144	0	0	0	0
IS	145	0	0	0	0
IS	146	0	0	0	0
IS	147	0	0	0	0
IS	148	0	0	0	0
IS	149	0	0	0	0
IS	150	0	0	0	0
IS	151	0	0	0	0
IS	152	0	0	0	0
IS	153	0	0	0	0
IS	154	0	0	0	0
IS	155	0	0	0	0
IS	156	0	0	0	0
IS	157	0	0	0	0
IS	158	0	0	0	0
IS	159	0	0	0	0
IS	160	0	0	0	0
IS	161	0	0	0	0
IS	162	0	0	0	0
IS	163	0	0	0	0
IS	164	0	0	0	0
IS	165	0	0	0	0
IS	166	0	0	0	0
IS	167	0	0	0	0
IS	168	0	0	0	0
IS	169	0	0	0	0
IS	170	0	0	0	0
IS	171	0	0	0	0
IS	172	0	0	0	0
IS	173	0	0	0	0
IS	174	0	0	0	0
IS	175	0	0	0	0
IS	176	0	0	0	0
IS	177	0	0	0	0
IS	178	0	0	0	0
IS	179	0	0	0	0
IS	180	0	0	0	0
IS	181	0	0	0	0
IS	182	0	0	0	0
IS	183	0	0	0	0
IS	184	0	0	0	0
IS	185	0	0	0	0
IS	186	0	0	0	0
IS	187	0	0	0	0
IS	188	0	0	0	0
IS	189	0	0	0	0
IS	190	0	0	0	0
IS	191	0	0	0	0
IS	192	0	0	0	0
IS	193	0	0	0	0
IS	194	0	0	0	0
IS	195	0	0	0	0
IS	196	0	0	0	0
IS	197	0	0	0	0
IS	198	0	0	0	0
IS	199	0	0	0	0
IS	200	0	0	0	0
IS	201	0	0	0	0
IS	202	0	0	0	0
IS	203	0	0	0	0
IS	204	0	0	0	0
IS	205	0	0	0	0
IS	206	0	0	0	0
IS	207	0	0	0	0
IS	208	0	0	0	0
IS	209	0	0	0	0
IS	210	0	0	0	0
IS	211	0	0	0	0
IS	212	0	0	0	0
IS	213	0	0	0	0
IS	214	0	0	0	0
IS	215	0	0	0	0
IS	216	0	0	0	0
IS	217	0	0	0	0
IS	218	0	0	0	0
IS	219	0	0	0	0
IS	220	0	0	0	0
IS	221	0	0	0	0
IS	222	0	0	0	0
IS	223	0	0	0	0
IS	224	0	0	0	0
IS	225	0	0	0	0
IS	226	0	0	0	0
IS	227	0	0	0	0
IS	228	0	0	0	0
IS	229	0	0	0	0
IS	230	0	0	0	0
IS	231	0	0	0	0
IS	232	0	0	0	0
IS	233	0	0	0	0
IS	234	0	0	0	0
IS	235	0	0	0	0
IS	236	0	0	0	0
IS	237	0	0	0	0
IS	238	0	0	0	0
IS	239	0	0	0	0
IS	240	0	0	0	0
IS	241	0	0	0	0
IS	242	0	0	0	0
IS	243	0	0	0	0
IS	244	0	0	0	0
IS	245	0	0	0	0
IS	246	0	0	0	0
IS	247	0	0	0	0
IS	248	0	0	0	0
IS	249	0	0	0	0
IS	250	0	0	0	0
IS	251	0	0	0	0
IS	252	0	0	0	0
IS	253	0	0	0	0
IS	254	0	0	0	0
IS	255	0	0	0	0
IS	256	0	0	0	0
IS	257	0	0	0	0
IS	258	0	0	0	0
IS	259	0	0	0	0
IS	260	0	0	0	0
IS	261	0	0	0	0
IS	262	0	0	0	0
IS	263	0	0	0	0
IS	264	0	0	0	0
IS	265	0	0	0	0
IS	266	0	0	0	0
IS	267	0	0	0	0
IS	268	0	0	0	0
IS	269	0	0	0	0
IS	270	0	0	0	0
IS	271	0	0	0	0
IS	272	0	0	0	0
IS	273	0	0	0	0
IS	274	0	0	0	0
IS	275	0	0	0	0
IS	276	0	0	0	0
IS	277	0	0	0	0
IS	278	0	0	0	0
IS	279	0	0	0	0
IS	280	0	0	0	0
IS	281	0	0	0	0
IS	282	0	0	0	0
IS	283	0	0	0	0
IS	284	0	0	0	0
IS	285	0	0	0	0
IS	286	0	0	0	0
IS	287	0	0	0	0
IS	288	0	0	0	0
IS	289	0	0	0	0
IS	290	0	0	0	0
IS	291	0	0	0	0
IS	292	0	0	0	0
IS	293	0	0	0	0
IS	294	0	0	0	0
IS	295	0	0	0	0
IS	296	0	0	0	0
IS	297	0	0	0	0
IS	298	0	0	0	0
IS	299	0	0	0	0
IS	300	0	0	0	0
IS	301	0	0	0	0
IS	302	0	0	0	0
IS	303	0	0	0	0
IS	304	0	0	0	0
IS	305	0	0	0	0
IS	306	0	0	0	0
IS	307	0	0	0	0
IS	308	0	0	0	0
IS	309	0	0	0	0
IS	310	0	0	0	0
IS	311	0	0	0	0
IS	312	0	0	0	0
IS	313	0	0	0	0
IS	314	0	0	0	0
IS	315	0	0	0	0
IS	316	0	0	0	0
IS	317	0	0	0	0
IS	318	0	0	0	0
IS	319	0	0	0	0
IS	320	0	0	0	0
IS	321	0	0	0	0
IS	322	0	0	0	0
IS	323	0	0	0	0
IS	324	0	0	0	0
IS	325	0	0	0	0
IS	326	0	0	0	0
IS	327	0	0	0	0
IS	328	0	0	0	0
IS	329	0	0	0	0
IS	330	0	0	0	0
IS	331	0	0	0	0
IS	332	0	0	0	0
IS	333	0	0	0	0
IS	334	0	0	0	0
IS	335	0	0	0	0
IS	336	0	0	0	0
IS	337	0	0	0	0
IS	338	0	0	0	0
IS	339	0	0	0	0
IS	340	0	0	0	0
IS	341	0	0	0	0
IS	342	0	0	0	0
IS	343	1	1	0	0
IS	344	2	2	0	0
IS	345	0	0	0	0
IS	346	1	1	0	0
IS	347	0	0	0	0
IS	348	0	0	0	0
IS	349	0	0	0	0
IS	350	0	0	0	0
IS	351	0	0	0	0
IS	352	1	1	0	0
IS	353	0	0	0	0
IS	354	0	0	0	0
IS	355	1	1	0	0
IS	356	0	0	0	0
IS	357	0	0	0	0
IS	358	0	0	0	0
IS	359	0	0	0	0
IS	360	0	0	0	0
IS	361	1	1	0	0
IS	362	1	1	0	0
IS	363	2	2	0	0
IS	364	0	0	0	0
IS	365	0	0	0	0
IS	366	0	0	0	0
IS	367	0	0	0	0
IS	368	1	1	0	0
IS	369	0	0	0	0
IS	370	0	0	0	0
IS	371	0	0	0	0
IS	372	0	0	0	0
IS	373	2	2	0	0
IS	374	0	0	0	0
IS	375	2	2	0	0
IS	376	1	1	0	0
IS	377	0	0	0	0
IS	378	0	0	0	0
IS	379	1	1	0	0
IS	380	0	0	0	0
IS	381	0	0	0	0
IS	382	1	1	0	0
IS	383	0	0	0	0
IS	384	3	3	0	0
IS	385	1	1	0	0
IS	386	3	3	0	0
IS	387	0	0	0	0
IS	388	2	2	0	0
IS	389	1	1	0	0
IS	390	2	2	0	0
IS	391	2	2	0	0
IS	392	2	2	0	0
IS	393	0	0	0	0
IS	394	0	0	0	0
IS	395	1	1	0	0
IS	396	1	1	0	0
IS	397	4	4	0	0
IS	398	1	1	0	0
IS	399	2	2	0	0
IS	400	1	1	0	0
IS	401	4	4	0	0
IS	402	0	0	0	0
IS	403	2	2	0	0
IS	404	4	4	0	0
IS	405	2	2	0	0
IS	406	4	4	0	0
IS	407	2	2	0	0
IS	408	2	2	0	0
IS	409	8	8	0	0
IS	410	2	2	0	0
IS	411	3	3	0	0
IS	412	2	2	0	0
IS	413	0	0	0	0
IS	414	3	3	0	0
IS	415	1	1	0	0
IS	416	3	3	0	0
IS	417	4	4	0	0
IS	418	3	3	0	0
IS	419	5	5	0	0
IS	420	6	6	0	0
IS	421	7	7	0	0
IS	422	6	6	0	0
IS	423	7	7	0	0
IS	424	8	8	0	0
IS	425	3	3	0	0
IS	426	5	5	0	0
IS	427	6	6	0	0
IS	428	7	7	0	0
IS	429	7	7	0	0
IS	430	6	6	0	0
IS	431	6	6	0	0
IS	432	6	6	0	0
IS	433	7	7	0	0
IS	434	3	3	0	0
IS	435	9	9	0	0
IS	436	8	8	0	0
IS	437	6	6	0	0
IS	438	6	6	0	0
IS	439	4	4	0	0
IS	440	4	4	0	0
IS	441	9	9	0	0
IS	442	10	10	0	0
IS	443	4	4	0	0
IS	444	3	3	0	0
IS	445	10	10	0	0
IS	446	6	6	0	0
IS	447	8	8	0	0
IS	448	13	13	0	0
IS	449	9	9	0	0
IS	450	15	15	0	0
IS	451	8	8	0	0
IS	452	13	13	0	0
IS	453	9	9	0	0
IS	454	10	10	0	0
IS	455	11	11	0	0
IS	456	10	10	0	0
IS	457	11	11	0	0
IS	458	8	8	0	0
IS	459	12	12	0	0
IS	460	13	13	0	0
IS	461	9	9	0	0
IS	462	11	11	0	0
IS	463	8	8	0	0
IS	464	13	13	0	0
IS	465	10	10	0	0
IS	466	18	18	0	0
IS	467	12	12	0	0
IS	468	12	12	0	0
IS	469	11	11	0	0
IS	470	14	14	0	0
IS	471	9	9	0	0
IS	472	14	14	0	0
IS	473	14	14	0	0
IS	474	23	23	0	0
IS	475	16	16	0	0
IS	476	12	12	0	0
IS	477	13	13	0	0
IS	478	14	14	0	0
IS	479	17	17	0	0
IS	480	17	17	0	0
IS	481	17	17	0	0
IS	482	21	21	0	0
IS	483	16	16	0	0
IS	484	15	15	0	0
IS	485	12	12	0	0
IS	486	14	14	0	0
IS	487	21	21	0	0
IS	488	20	20	0	0
IS	489	19	19	0	0
IS	490	15	15	0	0
IS	491	13	13	0	0
IS	492	10	10	0	0
IS	493	18	18	0	0
IS	494	21	21	0	0
IS	495	20	20	0	0
IS	496	14	14	0	0
IS	497	11	11	0	0
IS	498	15	15	0	0
IS	499	17	17	0	0
IS	500	9	9	0	0
IS	501	19	19	0	0
IS	502	14	14	0	0
IS	503	15	15	0	0
IS	504	13	13	0	0
IS	505	17	17	0	0
IS	506	15	15	0	0
IS	507	18	18	0	0
IS	508	15	15	0	0
IS	509	26	26	0	0
IS	510	11	11	0	0
IS	511	21	21	0	0
IS	512	13	13	0	0
IS	513	17	17	0	0
IS	514	24	24	0	0
IS	515	10	10	0	0
IS	516	15	15	0	0
IS	517	11	11	0	0
IS	518	17	17	0	0
IS	519	13	13	0	0
IS	520	15	15	0	0
IS	521	21	21	0	0
IS	522	13	13	0	0
IS	523	15	15	0	0
IS	524	14	14	0	0
IS	525	20	20	0	0
IS	526	12	12	0	0
IS	527	9	9	0	0
IS	528	17	17	0	0
IS	529	8	8	0	0
IS	530	12	12	0	0
IS	531	12	12	0	0
IS	532	10	10	0	0
IS	533	10	10	0	0
IS	534	15	15	0	0
IS	535	15	15	0	0
IS	536	11	11	0	0
IS	537	15	15	0	0
IS	538	11	11	0	0
IS	539	9	9	0	0
IS	540	12	12	0	0
IS	541	14	14	0	0
IS	542	11	11	0	0
IS	543	10	10	0	0
IS	544	6	6	0	0
IS	545	7	7	0	0
IS	546	10	10	0	0
IS	547	7	7	0	0
IS	548	13	13	0	0
IS	549	14	14	0	0
IS	550	15	15	0	0
IS	551	12	12	0	0
IS	552	13	13	0	0
IS	553	12	12	0	0
IS	554	13	13	0	0
IS	555	8	8	0	0
IS	556	8	8	0	0
IS	557	13	13	0	0
IS	558	5	5	0	0
IS	559	12	12	0	0
IS	560	7	7	0	0
IS	561	9	9	0	0
IS	562	4	4	0	0
IS	563	6	6	0	0
IS	564	9	9	0	0
IS	565	9	9	0	0
IS	566	8	8	0	0
IS	567	2	2	0	0
IS	568	3	3	0	0
IS	569	7	7	0	0
IS	570	3	3	0	0
IS	571	7	7	0	0
IS	572	4	4	0	0
IS	573	7	7	0	0
IS	574	4	4	0	0
IS	575	2	2	0	0
IS	576	4	4	0	0
IS	577	6	6	0	0
IS	578	8	8	0	0
IS	579	5	5	0	0
IS	580	5	5	0	0
IS	581	2	2	0	0
IS	582	3	3	0	0
IS	583	5	5	0	0
IS	584	4	4	0	0
IS	585	3	3	0	0
IS	586	4	4	0	0
IS	587	3	3	0	0
IS	588	0	0	0	0
IS	589	1	1	0	0
IS	590	3	3	0	0
IS	591	4	4	0	0
IS	592	1	1	0	0
IS	593	3	3	0	0
IS	594	0	0	0	0
IS	595	4	4	0	0
IS	596	1	1	0	0
IS	597	3	3	0	0
IS	598	3	3	0	0
IS	599	3	3	0	0
IS	600	1	1	0	0
IS	601	4	4	0	0
IS	602	0	0	0	0
IS	603	2	2	0	0
IS	604	1	1	0	0
IS	605	3	3	0	0
IS	606	2	2	0	0
IS	607	0	0	0	0
IS	608	1	1	0	0
IS	609	1	1	0	0
IS	610	2	2	0	0
IS	611	3	3	0	0
IS	612	0	0	0	0
IS	613	1	1	0	0
IS	614	0	0	0	0
IS	615	2	2	0	0
IS	616	2	2	0	0
IS	617	1	1	0	0
IS	618	0	0	0	0
IS	619	0	0	0	0
IS	620	0	0	0	0
IS	621	4	4	0	0
# Read lengths. Use `grep ^RL | cut -f 2-` to extract this part. The columns are: read length, count
RL	146	1
RL	147	1
RL	150	4004
# Read lengths - first fragments. Use `grep ^FRL | cut -f 2-` to extract this part. The columns are: read length, count
FRL	147	1
FRL	150	2002
# Read lengths - last fragments. Use `grep ^LRL | cut -f 2-` to extract this part. The columns are: read length, count
LRL	146	1
LRL	150	2002
# Mapping qualities for reads !(UNMAP|SECOND|SUPPL|QCFAIL|DUP). Use `grep ^MAPQ | cut -f 2-` to extract this part. The columns are: mapq, count
MAPQ	0	16
MAPQ	27	8
MAPQ	33	1
MAPQ	39	3
MAPQ	40	28
MAPQ	46	2
MAPQ	48	45
MAPQ	50	2
MAPQ	52	1
MAPQ	57	10
MAPQ	59	1
MAPQ	60	3889
# Indel distribution. Use `grep ^ID | cut -f 2-` to extract this part. The columns are: length, number of insertions, number of deletions
# Indels per cycle. Use `grep ^IC | cut -f 2-` to extract this part. The columns are: cycle, number of insertions (fwd), .. (rev) , number of deletions (fwd), .. (rev)
# Coverage distribution. Use `grep ^COV | cut -f 2-` to extract this part.
COV	[1-1]	1	5639
COV	[2-2]	2	10621
COV	[3-3]	3	14742
COV	[4-4]	4	17719
COV	[5-5]	5	18605
COV	[6-6]	6	16150
COV	[7-7]	7	12588
COV	[8-8]	8	8810
COV	[9-9]	9	4852
COV	[10-10]	10	3018
COV	[11-11]	11	1671
COV	[12-12]	12	890
COV	[13-13]	13	403
COV	[14-14]	14	119
COV	[15-15]	15	33
COV	[16-16]	16	5
# GC-depth. Use `grep ^GCD | cut -f 2-` to extract this part. The columns are: GC%, unique sequence percentiles, 10th, 25th, 50th, 75th and 90th depth percentile
GCD	0.0	15.385	0.000	0.000	0.000	0.000	0.000
GCD	37.0	30.769	2.490	2.490	2.497	2.505	2.505
GCD	38.0	53.846	2.505	2.505	2.505	2.505	2.505
GCD	39.0	76.923	2.505	2.505	2.505	2.505	2.505
GCD	40.0	92.308	2.505	2.505	2.505	2.505	2.505
GCD	45.0	100.000	2.505	2.505	2.505	2.505	2.505
