# This file was produced by samtools stats (1.20+htslib-1.21) and can be plotted using plot-bamstats
# This file contains statistics for all reads.
# The command line was:  stats sample3808.sorted.group.rmdup.bam
# CHK, Checksum	[2]Read Names	[3]Sequences	[4]Qualities
# CHK, CRC32 of reads which passed filtering followed by addition (32bit overflow)
CHK	3bef177a	1430743a	93be98f0
# Summary Numbers. Use `grep ^SN | cut -f 2-` to extract this part.
SN	raw total sequences:	4008	# excluding supplementary and secondary reads
SN	filtered sequences:	0
SN	sequences:	4008
SN	is sorted:	1
SN	1st fragments:	2004
SN	last fragments:	2004
SN	reads mapped:	4008
SN	reads mapped and paired:	4008	# paired-end technology bit set + both mates mapped
SN	reads unmapped:	0
SN	reads properly paired:	4008	# proper-pair bit set
SN	reads paired:	4008	# paired-end technology bit set
SN	reads duplicated:	0	# PCR or optical duplicate bit set
SN	reads MQ0:	10	# mapped and MQ=0
SN	reads QC failed:	0
SN	non-primary alignments:	0
SN	supplementary alignments:	0
SN	total length:	601200	# ignores clipping
SN	total first fragment length:	300600	# ignores clipping
SN	total last fragment length:	300600	# ignores clipping
SN	bases mapped:	601200	# ignores clipping
SN	bases mapped (cigar):	601200	# more accurate
SN	bases trimmed:	0
SN	bases duplicated:	0
SN	mismatches:	988	# from NM fields
SN	error rate:	1.643380e-03	# mismatches / bases mapped (cigar)
SN	average length:	150
SN	average first fragment length:	150
SN	average last fragment length:	150
SN	maximum length:	150
SN	maximum first fragment length:	150
SN	maximum last fragment length:	150
SN	average quality:	30.0
SN	insert size average:	500.7
SN	insert size standard deviation:	46.7
SN	inward oriented pairs:	2004
SN	outward oriented pairs:	0
SN	pairs with other orientation:	0
SN	pairs on different chromosomes:	0
SN	percentage of properly paired reads (%):	100.0
# First Fragment Qualities. Use `grep ^FFQ | cut -f 2-` to extract this part.
# Columns correspond to qualities and rows to cycles. First column is the cycle number.
FFQ	1	0	0	0	0	0	0	0	0	0	0	0	0	0	0	0	0	0	0	0	0	0	0	0	0	0	0	0	0	0	0	2004	0
FFQ	2	0	0	0	0	0	0	0	0	0	0	0	0	0	0	0	0	0	0	0	0	0	0	0	0	0	0	0	0	0	0	2004	0
FFQ	3	0	0	0	0	0	0	0	0	0	0	0	0	0	0	0	0	0	0	0	0	0	0	0	0	0	0	0	0	0	0	2004	0
FFQ	4	0	0	0	0	0	0	0	0	0	0	0	0	0	0	0	0	0	0	0	0	0	0	0	0	0	0	0	0	0	0	2004	0
FFQ	5	0	0	0	0	0	0	0	0	0	0	0	0	0	0	0	0	0	0	0	0	0	0	0	0	0	0	0	0	0	0	2004	0
FFQ	6	0	0	0	0	0	0	0	0	0	0	0	0	0	0	0	0	0	0	0	0	0	0	0	0	0	0	0	0	0	0	2004	0
FFQ	7	0	0	0	0	0	0	0	0	0	0	0	0	0	0	0	0	0	0	0	0	0	0	0	0	0	0	0	0	0	0	2004	0
FFQ	8	0	0	0	0	0	0	0	0	0	0	0	0	0	0	0	0	0	0	0	0	0	0	0	0	0	0	0	0	0	0	2004	0
FFQ	9	0	0	0	0	0	0	0	0	0	0	0	0	0	0	0	0	0	0	0	0	0	0	0	0	0	0	0	0	0	0	2004	0
FFQ	10	0	0	0	0	0	0	0	0	0	0	0	0	0	0	0	0	0	0	0	0	0	0	0	0	0	0	0	0	0	0	2004	0
FFQ	11	0	0	0	0	0	0	0	0	0	0	0	0	0	0	0	0	0	0	0	0	0	0	0	0	0	0	0	0	0	0	2004	0
FFQ	12	0	0	0	0	0	0	0	0	0	0	0	0	0	0	0	0	0	0	0	0	0	0	0	0	0	0	0	0	0	0	2004	0
FFQ	13	0	0	0	0	0	0	0	0	0	0	0	0	0	0	0	0	0	0	0	0	0	0	0	0	0	0	0	0	0	0	2004	0
FFQ	14	0	0	0	0	0	0	0	0	0	0	0	0	0	0	0	0	0	0	0	0	0	0	0	0	0	0	0	0	0	0	2004	0
FFQ	15	0	0	0	0	0	0	0	0	0	0	0	0	0	0	0	0	0	0	0	0	0	0	0	0	0	0	0	0	0	0	2004	0
FFQ	16	0	0	0	0	0	0	0	0	0	0	0	0	0	0	0	0	0	0	0	0	0	0	0	0	0	0	0	0	0	0	2004	0
FFQ	17	0	0	0	0	0	0	0	0	0	0	0	0	0	0	0	0	0	0	0	0	0	0	0	0	0	0	0	0	0	0	2004	0
FFQ	18	0	0	0	0	0	0	0	0	0	0	0	0	0	0	0	0	0	0	0	0	0	0	0	0	0	0	0	0	0	0	2004	0
FFQ	19	0	0	0	0	0	0	0	0	0	0	0	0	0	0	0	0	0	0	0	0	0	0	0	0	0	0	0	0	0	0	2004	0
FFQ	20	0	0	0	0	0	0	0	0	0	0	0	0	0	0	0	0	0	0	0	0	0	0	0	0	0	0	0	0	0	0	2004	0
FFQ	21	0	0	0	0	0	0	0	0	0	0	0	0	0	0	0	0	0	0	0	0	0	0	0	0	0	0	0	0	0	0	2004	0
FFQ	22	0	0	0	0	0	0	0	0	0	0	0	0	0	0	0	0	0	0	0	0	0	0	0	0	0	0	0	0	0	0	2004	0
FFQ	23	0	0	0	0	0	0	0	0	0	0	0	0	0	0	0	0	0	0	0	0	0	0	0	0	0	0	0	0	0	0	2004	0
FFQ	24	0	0	0	0	0	0	0	0	0	0	0	0	0	0	0	0	0	0	0	0	0	0	0	0	0	0	0	0	0	0	2004	0
FFQ	25	0	0	0	0	0	0	0	0	0	0	0	0	0	0	0	0	0	0	0	0	0	0	0	0	0	0	0	0	0	0	2004	0
FFQ	26	0	0	0	0	0	0	0	0	0	0	0	0	0	0	0	0	0	0	0	0	0	0	0	0	0	0	0	0	0	0	2004	0
FFQ	27	0	0	0	0	0	0	0	0	0	0	0	0	0	0	0	0	0	0	0	0	0	0	0	0	0	0	0	0	0	0	2004	0
FFQ	28	0	0	0	0	0	0	0	0	0	0	0	0	0	0	0	0	0	0	0	0	0	0	0	0	0	0	0	0	0	0	2004	0
FFQ	29	0	0	0	0	0	0	0	0	0	0	0	0	0	0	0	0	0	0	0	0	0	0	0	0	0	0	0	0	0	0	2004	0
FFQ	30	0	0	0	0	0	0	0	0	0	0	0	0	0	0	0	0	0	0	0	0	0	0	0	0	0	0	0	0	0	0	2004	0
FFQ	31	0	0	0	0	0	0	0	0	0	0	0	0	0	0	0	0	0	0	0	0	0	0	0	0	0	0	0	0	0	0	2004	0
FFQ	32	0	0	0	0	0	0	0	0	0	0	0	0	0	0	0	0	0	0	0	0	0	0	0	0	0	0	0	0	0	0	2004	0
FFQ	33	0	0	0	0	0	0	0	0	0	0	0	0	0	0	0	0	0	0	0	0	0	0	0	0	0	0	0	0	0	0	2004	0
FFQ	34	0	0	0	0	0	0	0	0	0	0	0	0	0	0	0	0	0	0	0	0	0	0	0	0	0	0	0	0	0	0	2004	0
FFQ	35	0	0	0	0	0	0	0	0	0	0	0	0	0	0	0	0	0	0	0	0	0	0	0	0	0	0	0	0	0	0	2004	0
FFQ	36	0	0	0	0	0	0	0	0	0	0	0	0	0	0	0	0	0	0	0	0	0	0	0	0	0	0	0	0	0	0	2004	0
FFQ	37	0	0	0	0	0	0	0	0	0	0	0	0	0	0	0	0	0	0	0	0	0	0	0	0	0	0	0	0	0	0	2004	0
FFQ	38	0	0	0	0	0	0	0	0	0	0	0	0	0	0	0	0	0	0	0	0	0	0	0	0	0	0	0	0	0	0	2004	0
FFQ	39	0	0	0	0	0	0	0	0	0	0	0	0	0	0	0	0	0	0	0	0	0	0	0	0	0	0	0	0	0	0	2004	0
FFQ	40	0	0	0	0	0	0	0	0	0	0	0	0	0	0	0	0	0	0	0	0	0	0	0	0	0	0	0	0	0	0	2004	0
FFQ	41	0	0	0	0	0	0	0	0	0	0	0	0	0	0	0	0	0	0	0	0	0	0	0	0	0	0	0	0	0	0	2004	0
FFQ	42	0	0	0	0	0	0	0	0	0	0	0	0	0	0	0	0	0	0	0	0	0	0	0	0	0	0	0	0	0	0	2004	0
FFQ	43	0	0	0	0	0	0	0	0	0	0	0	0	0	0	0	0	0	0	0	0	0	0	0	0	0	0	0	0	0	0	2004	0
FFQ	44	0	0	0	0	0	0	0	0	0	0	0	0	0	0	0	0	0	0	0	0	0	0	0	0	0	0	0	0	0	0	2004	0
FFQ	45	0	0	0	0	0	0	0	0	0	0	0	0	0	0	0	0	0	0	0	0	0	0	0	0	0	0	0	0	0	0	2004	0
FFQ	46	0	0	0	0	0	0	0	0	0	0	0	0	0	0	0	0	0	0	0	0	0	0	0	0	0	0	0	0	0	0	2004	0
FFQ	47	0	0	0	0	0	0	0	0	0	0	0	0	0	0	0	0	0	0	0	0	0	0	0	0	0	0	0	0	0	0	2004	0
FFQ	48	0	0	0	0	0	0	0	0	0	0	0	0	0	0	0	0	0	0	0	0	0	0	0	0	0	0	0	0	0	0	2004	0
FFQ	49	0	0	0	0	0	0	0	0	0	0	0	0	0	0	0	0	0	0	0	0	0	0	0	0	0	0	0	0	0	0	2004	0
FFQ	50	0	0	0	0	0	0	0	0	0	0	0	0	0	0	0	0	0	0	0	0	0	0	0	0	0	0	0	0	0	0	2004	0
FFQ	51	0	0	0	0	0	0	0	0	0	0	0	0	0	0	0	0	0	0	0	0	0	0	0	0	0	0	0	0	0	0	2004	0
FFQ	52	0	0	0	0	0	0	0	0	0	0	0	0	0	0	0	0	0	0	0	0	0	0	0	0	0	0	0	0	0	0	2004	0
FFQ	53	0	0	0	0	0	0	0	0	0	0	0	0	0	0	0	0	0	0	0	0	0	0	0	0	0	0	0	0	0	0	2004	0
FFQ	54	0	0	0	0	0	0	0	0	0	0	0	0	0	0	0	0	0	0	0	0	0	0	0	0	0	0	0	0	0	0	2004	0
FFQ	55	0	0	0	0	0	0	0	0	0	0	0	0	0	0	0	0	0	0	0	0	0	0	0	0	0	0	0	0	0	0	2004	0
FFQ	56	0	0	0	0	0	0	0	0	0	0	0	0	0	0	0	0	0	0	0	0	0	0	0	0	0	0	0	0	0	0	2004	0
FFQ	57	0	0	0	0	0	0	0	0	0	0	0	0	0	0	0	0	0	0	0	0	0	0	0	0	0	0	0	0	0	0	2004	0
FFQ	58	0	0	0	0	0	0	0	0	0	0	0	0	0	0	0	0	0	0	0	0	0	0	0	0	0	0	0	0	0	0	2004	0
FFQ	59	0	0	0	0	0	0	0	0	0	0	0	0	0	0	0	0	0	0	0	0	0	0	0	0	0	0	0	0	0	0	2004	0
FFQ	60	0	0	0	0	0	0	0	0	0	0	0	0	0	0	0	0	0	0	0	0	0	0	0	0	0	0	0	0	0	0	2004	0
FFQ	61	0	0	0	0	0	0	0	0	0	0	0	0	0	0	0	0	0	0	0	0	0	0	0	0	0	0	0	0	0	0	2004	0
FFQ	62	0	0	0	0	0	0	0	0	0	0	0	0	0	0	0	0	0	0	0	0	0	0	0	0	0	0	0	0	0	0	2004	0
FFQ	63	0	0	0	0	0	0	0	0	0	0	0	0	0	0	0	0	0	0	0	0	0	0	0	0	0	0	0	0	0	0	2004	0
FFQ	64	0	0	0	0	0	0	0	0	0	0	0	0	0	0	0	0	0	0	0	0	0	0	0	0	0	0	0	0	0	0	2004	0
FFQ	65	0	0	0	0	0	0	0	0	0	0	0	0	0	0	0	0	0	0	0	0	0	0	0	0	0	0	0	0	0	0	2004	0
FFQ	66	0	0	0	0	0	0	0	0	0	0	0	0	0	0	0	0	0	0	0	0	0	0	0	0	0	0	0	0	0	0	2004	0
FFQ	67	0	0	0	0	0	0	0	0	0	0	0	0	0	0	0	0	0	0	0	0	0	0	0	0	0	0	0	0	0	0	2004	0
FFQ	68	0	0	0	0	0	0	0	0	0	0	0	0	0	0	0	0	0	0	0	0	0	0	0	0	0	0	0	0	0	0	2004	0
FFQ	69	0	0	0	0	0	0	0	0	0	0	0	0	0	0	0	0	0	0	0	0	0	0	0	0	0	0	0	0	0	0	2004	0
FFQ	70	0	0	0	0	0	0	0	0	0	0	0	0	0	0	0	0	0	0	0	0	0	0	0	0	0	0	0	0	0	0	2004	0
FFQ	71	0	0	0	0	0	0	0	0	0	0	0	0	0	0	0	0	0	0	0	0	0	0	0	0	0	0	0	0	0	0	2004	0
FFQ	72	0	0	0	0	0	0	0	0	0	0	0	0	0	0	0	0	0	0	0	0	0	0	0	0	0	0	0	0	0	0	2004	0
FFQ	73	0	0	0	0	0	0	0	0	0	0	0	0	0	0	0	0	0	0	0	0	0	0	0	0	0	0	0	0	0	0	2004	0
FFQ	74	0	0	0	0	0	0	0	0	0	0	0	0	0	0	0	0	0	0	0	0	0	0	0	0	0	0	0	0	0	0	2004	0
FFQ	75	0	0	0	0	0	0	0	0	0	0	0	0	0	0	0	0	0	0	0	0	0	0	0	0	0	0	0	0	0	0	2004	0
FFQ	76	0	0	0	0	0	0	0	0	0	0	0	0	0	0	0	0	0	0	0	0	0	0	0	0	0	0	0	0	0	0	2004	0
FFQ	77	0	0	0	0	0	0	0	0	0	0	0	0	0	0	0	0	0	0	0	0	0	0	0	0	0	0	0	0	0	0	2004	0
FFQ	78	0	0	0	0	0	0	0	0	0	0	0	0	0	0	0	0	0	0	0	0	0	0	0	0	0	0	0	0	0	0	2004	0
FFQ	79	0	0	0	0	0	0	0	0	0	0	0	0	0	0	0	0	0	0	0	0	0	0	0	0	0	0	0	0	0	0	2004	0
FFQ	80	0	0	0	0	0	0	0	0	0	0	0	0	0	0	0	0	0	0	0	0	0	0	0	0	0	0	0	0	0	0	2004	0
FFQ	81	0	0	0	0	0	0	0	0	0	0	0	0	0	0	0	0	0	0	0	0	0	0	0	0	0	0	0	0	0	0	2004	0
FFQ	82	0	0	0	0	0	0	0	0	0	0	0	0	0	0	0	0	0	0	0	0	0	0	0	0	0	0	0	0	0	0	2004	0
FFQ	83	0	0	0	0	0	0	0	0	0	0	0	0	0	0	0	0	0	0	0	0	0	0	0	0	0	0	0	0	0	0	2004	0
FFQ	84	0	0	0	0	0	0	0	0	0	0	0	0	0	0	0	0	0	0	0	0	0	0	0	0	0	0	0	0	0	0	2004	0
FFQ	85	0	0	0	0	0	0	0	0	0	0	0	0	0	0	0	0	0	0	0	0	0	0	0	0	0	0	0	0	0	0	2004	0
FFQ	86	0	0	0	0	0	0	0	0	0	0	0	0	0	0	0	0	0	0	0	0	0	0	0	0	0	0	0	0	0	0	2004	0
FFQ	87	0	0	0	0	0	0	0	0	0	0	0	0	0	0	0	0	0	0	0	0	0	0	0	0	0	0	0	0	0	0	2004	0
FFQ	88	0	0	0	0	0	0	0	0	0	0	0	0	0	0	0	0	0	0	0	0	0	0	0	0	0	0	0	0	0	0	2004	0
FFQ	89	0	0	0	0	0	0	0	0	0	0	0	0	0	0	0	0	0	0	0	0	0	0	0	0	0	0	0	0	0	0	2004	0
FFQ	90	0	0	0	0	0	0	0	0	0	0	0	0	0	0	0	0	0	0	0	0	0	0	0	0	0	0	0	0	0	0	2004	0
FFQ	91	0	0	0	0	0	0	0	0	0	0	0	0	0	0	0	0	0	0	0	0	0	0	0	0	0	0	0	0	0	0	2004	0
FFQ	92	0	0	0	0	0	0	0	0	0	0	0	0	0	0	0	0	0	0	0	0	0	0	0	0	0	0	0	0	0	0	2004	0
FFQ	93	0	0	0	0	0	0	0	0	0	0	0	0	0	0	0	0	0	0	0	0	0	0	0	0	0	0	0	0	0	0	2004	0
FFQ	94	0	0	0	0	0	0	0	0	0	0	0	0	0	0	0	0	0	0	0	0	0	0	0	0	0	0	0	0	0	0	2004	0
FFQ	95	0	0	0	0	0	0	0	0	0	0	0	0	0	0	0	0	0	0	0	0	0	0	0	0	0	0	0	0	0	0	2004	0
FFQ	96	0	0	0	0	0	0	0	0	0	0	0	0	0	0	0	0	0	0	0	0	0	0	0	0	0	0	0	0	0	0	2004	0
FFQ	97	0	0	0	0	0	0	0	0	0	0	0	0	0	0	0	0	0	0	0	0	0	0	0	0	0	0	0	0	0	0	2004	0
FFQ	98	0	0	0	0	0	0	0	0	0	0	0	0	0	0	0	0	0	0	0	0	0	0	0	0	0	0	0	0	0	0	2004	0
FFQ	99	0	0	0	0	0	0	0	0	0	0	0	0	0	0	0	0	0	0	0	0	0	0	0	0	0	0	0	0	0	0	2004	0
FFQ	100	0	0	0	0	0	0	0	0	0	0	0	0	0	0	0	0	0	0	0	0	0	0	0	0	0	0	0	0	0	0	2004	0
FFQ	101	0	0	0	0	0	0	0	0	0	0	0	0	0	0	0	0	0	0	0	0	0	0	0	0	0	0	0	0	0	0	2004	0
FFQ	102	0	0	0	0	0	0	0	0	0	0	0	0	0	0	0	0	0	0	0	0	0	0	0	0	0	0	0	0	0	0	2004	0
FFQ	103	0	0	0	0	0	0	0	0	0	0	0	0	0	0	0	0	0	0	0	0	0	0	0	0	0	0	0	0	0	0	2004	0
FFQ	104	0	0	0	0	0	0	0	0	0	0	0	0	0	0	0	0	0	0	0	0	0	0	0	0	0	0	0	0	0	0	2004	0
FFQ	105	0	0	0	0	0	0	0	0	0	0	0	0	0	0	0	0	0	0	0	0	0	0	0	0	0	0	0	0	0	0	2004	0
FFQ	106	0	0	0	0	0	0	0	0	0	0	0	0	0	0	0	0	0	0	0	0	0	0	0	0	0	0	0	0	0	0	2004	0
FFQ	107	0	0	0	0	0	0	0	0	0	0	0	0	0	0	0	0	0	0	0	0	0	0	0	0	0	0	0	0	0	0	2004	0
FFQ	108	0	0	0	0	0	0	0	0	0	0	0	0	0	0	0	0	0	0	0	0	0	0	0	0	0	0	0	0	0	0	2004	0
FFQ	109	0	0	0	0	0	0	0	0	0	0	0	0	0	0	0	0	0	0	0	0	0	0	0	0	0	0	0	0	0	0	2004	0
FFQ	110	0	0	0	0	0	0	0	0	0	0	0	0	0	0	0	0	0	0	0	0	0	0	0	0	0	0	0	0	0	0	2004	0
FFQ	111	0	0	0	0	0	0	0	0	0	0	0	0	0	0	0	0	0	0	0	0	0	0	0	0	0	0	0	0	0	0	2004	0
FFQ	112	0	0	0	0	0	0	0	0	0	0	0	0	0	0	0	0	0	0	0	0	0	0	0	0	0	0	0	0	0	0	2004	0
FFQ	113	0	0	0	0	0	0	0	0	0	0	0	0	0	0	0	0	0	0	0	0	0	0	0	0	0	0	0	0	0	0	2004	0
FFQ	114	0	0	0	0	0	0	0	0	0	0	0	0	0	0	0	0	0	0	0	0	0	0	0	0	0	0	0	0	0	0	2004	0
FFQ	115	0	0	0	0	0	0	0	0	0	0	0	0	0	0	0	0	0	0	0	0	0	0	0	0	0	0	0	0	0	0	2004	0
FFQ	116	0	0	0	0	0	0	0	0	0	0	0	0	0	0	0	0	0	0	0	0	0	0	0	0	0	0	0	0	0	0	2004	0
FFQ	117	0	0	0	0	0	0	0	0	0	0	0	0	0	0	0	0	0	0	0	0	0	0	0	0	0	0	0	0	0	0	2004	0
FFQ	118	0	0	0	0	0	0	0	0	0	0	0	0	0	0	0	0	0	0	0	0	0	0	0	0	0	0	0	0	0	0	2004	0
FFQ	119	0	0	0	0	0	0	0	0	0	0	0	0	0	0	0	0	0	0	0	0	0	0	0	0	0	0	0	0	0	0	2004	0
FFQ	120	0	0	0	0	0	0	0	0	0	0	0	0	0	0	0	0	0	0	0	0	0	0	0	0	0	0	0	0	0	0	2004	0
FFQ	121	0	0	0	0	0	0	0	0	0	0	0	0	0	0	0	0	0	0	0	0	0	0	0	0	0	0	0	0	0	0	2004	0
FFQ	122	0	0	0	0	0	0	0	0	0	0	0	0	0	0	0	0	0	0	0	0	0	0	0	0	0	0	0	0	0	0	2004	0
FFQ	123	0	0	0	0	0	0	0	0	0	0	0	0	0	0	0	0	0	0	0	0	0	0	0	0	0	0	0	0	0	0	2004	0
FFQ	124	0	0	0	0	0	0	0	0	0	0	0	0	0	0	0	0	0	0	0	0	0	0	0	0	0	0	0	0	0	0	2004	0
FFQ	125	0	0	0	0	0	0	0	0	0	0	0	0	0	0	0	0	0	0	0	0	0	0	0	0	0	0	0	0	0	0	2004	0
FFQ	126	0	0	0	0	0	0	0	0	0	0	0	0	0	0	0	0	0	0	0	0	0	0	0	0	0	0	0	0	0	0	2004	0
FFQ	127	0	0	0	0	0	0	0	0	0	0	0	0	0	0	0	0	0	0	0	0	0	0	0	0	0	0	0	0	0	0	2004	0
FFQ	128	0	0	0	0	0	0	0	0	0	0	0	0	0	0	0	0	0	0	0	0	0	0	0	0	0	0	0	0	0	0	2004	0
FFQ	129	0	0	0	0	0	0	0	0	0	0	0	0	0	0	0	0	0	0	0	0	0	0	0	0	0	0	0	0	0	0	2004	0
FFQ	130	0	0	0	0	0	0	0	0	0	0	0	0	0	0	0	0	0	0	0	0	0	0	0	0	0	0	0	0	0	0	2004	0
FFQ	131	0	0	0	0	0	0	0	0	0	0	0	0	0	0	0	0	0	0	0	0	0	0	0	0	0	0	0	0	0	0	2004	0
FFQ	132	0	0	0	0	0	0	0	0	0	0	0	0	0	0	0	0	0	0	0	0	0	0	0	0	0	0	0	0	0	0	2004	0
FFQ	133	0	0	0	0	0	0	0	0	0	0	0	0	0	0	0	0	0	0	0	0	0	0	0	0	0	0	0	0	0	0	2004	0
FFQ	134	0	0	0	0	0	0	0	0	0	0	0	0	0	0	0	0	0	0	0	0	0	0	0	0	0	0	0	0	0	0	2004	0
FFQ	135	0	0	0	0	0	0	0	0	0	0	0	0	0	0	0	0	0	0	0	0	0	0	0	0	0	0	0	0	0	0	2004	0
FFQ	136	0	0	0	0	0	0	0	0	0	0	0	0	0	0	0	0	0	0	0	0	0	0	0	0	0	0	0	0	0	0	2004	0
FFQ	137	0	0	0	0	0	0	0	0	0	0	0	0	0	0	0	0	0	0	0	0	0	0	0	0	0	0	0	0	0	0	2004	0
FFQ	138	0	0	0	0	0	0	0	0	0	0	0	0	0	0	0	0	0	0	0	0	0	0	0	0	0	0	0	0	0	0	2004	0
FFQ	139	0	0	0	0	0	0	0	0	0	0	0	0	0	0	0	0	0	0	0	0	0	0	0	0	0	0	0	0	0	0	2004	0
FFQ	140	0	0	0	0	0	0	0	0	0	0	0	0	0	0	0	0	0	0	0	0	0	0	0	0	0	0	0	0	0	0	2004	0
FFQ	141	0	0	0	0	0	0	0	0	0	0	0	0	0	0	0	0	0	0	0	0	0	0	0	0	0	0	0	0	0	0	2004	0
FFQ	142	0	0	0	0	0	0	0	0	0	0	0	0	0	0	0	0	0	0	0	0	0	0	0	0	0	0	0	0	0	0	2004	0
FFQ	143	0	0	0	0	0	0	0	0	0	0	0	0	0	0	0	0	0	0	0	0	0	0	0	0	0	0	0	0	0	0	2004	0
FFQ	144	0	0	0	0	0	0	0	0	0	0	0	0	0	0	0	0	0	0	0	0	0	0	0	0	0	0	0	0	0	0	2004	0
FFQ	145	0	0	0	0	0	0	0	0	0	0	0	0	0	0	0	0	0	0	0	0	0	0	0	0	0	0	0	0	0	0	2004	0
FFQ	146	0	0	0	0	0	0	0	0	0	0	0	0	0	0	0	0	0	0	0	0	0	0	0	0	0	0	0	0	0	0	2004	0
FFQ	147	0	0	0	0	0	0	0	0	0	0	0	0	0	0	0	0	0	0	0	0	0	0	0	0	0	0	0	0	0	0	2004	0
FFQ	148	0	0	0	0	0	0	0	0	0	0	0	0	0	0	0	0	0	0	0	0	0	0	0	0	0	0	0	0	0	0	2004	0
FFQ	149	0	0	0	0	0	0	0	0	0	0	0	0	0	0	0	0	0	0	0	0	0	0	0	0	0	0	0	0	0	0	2004	0
FFQ	150	0	0	0	0	0	0	0	0	0	0	0	0	0	0	0	0	0	0	0	0	0	0	0	0	0	0	0	0	0	0	2004	0
# Last Fragment Qualities. Use `grep ^LFQ | cut -f 2-` to extract this part.
# Columns correspond to qualities and rows to cycles. First column is the cycle number.
LFQ	1	0	0	0	0	0	0	0	0	0	0	0	0	0	0	0	0	0	0	0	0	0	0	0	0	0	0	0	0	0	0	2004	0
LFQ	2	0	0	0	0	0	0	0	0	0	0	0	0	0	0	0	0	0	0	0	0	0	0	0	0	0	0	0	0	0	0	2004	0
LFQ	3	0	0	0	0	0	0	0	0	0	0	0	0	0	0	0	0	0	0	0	0	0	0	0	0	0	0	0	0	0	0	2004	0
LFQ	4	0	0	0	0	0	0	0	0	0	0	0	0	0	0	0	0	0	0	0	0	0	0	0	0	0	0	0	0	0	0	2004	0
LFQ	5	0	0	0	0	0	0	0	0	0	0	0	0	0	0	0	0	0	0	0	0	0	0	0	0	0	0	0	0	0	0	2004	0
LFQ	6	0	0	0	0	0	0	0	0	0	0	0	0	0	0	0	0	0	0	0	0	0	0	0	0	0	0	0	0	0	0	2004	0
LFQ	7	0	0	0	0	0	0	0	0	0	0	0	0	0	0	0	0	0	0	0	0	0	0	0	0	0	0	0	0	0	0	2004	0
LFQ	8	0	0	0	0	0	0	0	0	0	0	0	0	0	0	0	0	0	0	0	0	0	0	0	0	0	0	0	0	0	0	2004	0
LFQ	9	0	0	0	0	0	0	0	0	0	0	0	0	0	0	0	0	0	0	0	0	0	0	0	0	0	0	0	0	0	0	2004	0
LFQ	10	0	0	0	0	0	0	0	0	0	0	0	0	0	0	0	0	0	0	0	0	0	0	0	0	0	0	0	0	0	0	2004	0
LFQ	11	0	0	0	0	0	0	0	0	0	0	0	0	0	0	0	0	0	0	0	0	0	0	0	0	0	0	0	0	0	0	2004	0
LFQ	12	0	0	0	0	0	0	0	0	0	0	0	0	0	0	0	0	0	0	0	0	0	0	0	0	0	0	0	0	0	0	2004	0
LFQ	13	0	0	0	0	0	0	0	0	0	0	0	0	0	0	0	0	0	0	0	0	0	0	0	0	0	0	0	0	0	0	2004	0
LFQ	14	0	0	0	0	0	0	0	0	0	0	0	0	0	0	0	0	0	0	0	0	0	0	0	0	0	0	0	0	0	0	2004	0
LFQ	15	0	0	0	0	0	0	0	0	0	0	0	0	0	0	0	0	0	0	0	0	0	0	0	0	0	0	0	0	0	0	2004	0
LFQ	16	0	0	0	0	0	0	0	0	0	0	0	0	0	0	0	0	0	0	0	0	0	0	0	0	0	0	0	0	0	0	2004	0
LFQ	17	0	0	0	0	0	0	0	0	0	0	0	0	0	0	0	0	0	0	0	0	0	0	0	0	0	0	0	0	0	0	2004	0
LFQ	18	0	0	0	0	0	0	0	0	0	0	0	0	0	0	0	0	0	0	0	0	0	0	0	0	0	0	0	0	0	0	2004	0
LFQ	19	0	0	0	0	0	0	0	0	0	0	0	0	0	0	0	0	0	0	0	0	0	0	0	0	0	0	0	0	0	0	2004	0
LFQ	20	0	0	0	0	0	0	0	0	0	0	0	0	0	0	0	0	0	0	0	0	0	0	0	0	0	0	0	0	0	0	2004	0
LFQ	21	0	0	0	0	0	0	0	0	0	0	0	0	0	0	0	0	0	0	0	0	0	0	0	0	0	0	0	0	0	0	2004	0
LFQ	22	0	0	0	0	0	0	0	0	0	0	0	0	0	0	0	0	0	0	0	0	0	0	0	0	0	0	0	0	0	0	2004	0
LFQ	23	0	0	0	0	0	0	0	0	0	0	0	0	0	0	0	0	0	0	0	0	0	0	0	0	0	0	0	0	0	0	2004	0
LFQ	24	0	0	0	0	0	0	0	0	0	0	0	0	0	0	0	0	0	0	0	0	0	0	0	0	0	0	0	0	0	0	2004	0
LFQ	25	0	0	0	0	0	0	0	0	0	0	0	0	0	0	0	0	0	0	0	0	0	0	0	0	0	0	0	0	0	0	2004	0
LFQ	26	0	0	0	0	0	0	0	0	0	0	0	0	0	0	0	0	0	0	0	0	0	0	0	0	0	0	0	0	0	0	2004	0
LFQ	27	0	0	0	0	0	0	0	0	0	0	0	0	0	0	0	0	0	0	0	0	0	0	0	0	0	0	0	0	0	0	2004	0
LFQ	28	0	0	0	0	0	0	0	0	0	0	0	0	0	0	0	0	0	0	0	0	0	0	0	0	0	0	0	0	0	0	2004	0
LFQ	29	0	0	0	0	0	0	0	0	0	0	0	0	0	0	0	0	0	0	0	0	0	0	0	0	0	0	0	0	0	0	2004	0
LFQ	30	0	0	0	0	0	0	0	0	0	0	0	0	0	0	0	0	0	0	0	0	0	0	0	0	0	0	0	0	0	0	2004	0
LFQ	31	0	0	0	0	0	0	0	0	0	0	0	0	0	0	0	0	0	0	0	0	0	0	0	0	0	0	0	0	0	0	2004	0
LFQ	32	0	0	0	0	0	0	0	0	0	0	0	0	0	0	0	0	0	0	0	0	0	0	0	0	0	0	0	0	0	0	2004	0
LFQ	33	0	0	0	0	0	0	0	0	0	0	0	0	0	0	0	0	0	0	0	0	0	0	0	0	0	0	0	0	0	0	2004	0
LFQ	34	0	0	0	0	0	0	0	0	0	0	0	0	0	0	0	0	0	0	0	0	0	0	0	0	0	0	0	0	0	0	2004	0
LFQ	35	0	0	0	0	0	0	0	0	0	0	0	0	0	0	0	0	0	0	0	0	0	0	0	0	0	0	0	0	0	0	2004	0
LFQ	36	0	0	0	0	0	0	0	0	0	0	0	0	0	0	0	0	0	0	0	0	0	0	0	0	0	0	0	0	0	0	2004	0
LFQ	37	0	0	0	0	0	0	0	0	0	0	0	0	0	0	0	0	0	0	0	0	0	0	0	0	0	0	0	0	0	0	2004	0
LFQ	38	0	0	0	0	0	0	0	0	0	0	0	0	0	0	0	0	0	0	0	0	0	0	0	0	0	0	0	0	0	0	2004	0
LFQ	39	0	0	0	0	0	0	0	0	0	0	0	0	0	0	0	0	0	0	0	0	0	0	0	0	0	0	0	0	0	0	2004	0
LFQ	40	0	0	0	0	0	0	0	0	0	0	0	0	0	0	0	0	0	0	0	0	0	0	0	0	0	0	0	0	0	0	2004	0
LFQ	41	0	0	0	0	0	0	0	0	0	0	0	0	0	0	0	0	0	0	0	0	0	0	0	0	0	0	0	0	0	0	2004	0
LFQ	42	0	0	0	0	0	0	0	0	0	0	0	0	0	0	0	0	0	0	0	0	0	0	0	0	0	0	0	0	0	0	2004	0
LFQ	43	0	0	0	0	0	0	0	0	0	0	0	0	0	0	0	0	0	0	0	0	0	0	0	0	0	0	0	0	0	0	2004	0
LFQ	44	0	0	0	0	0	0	0	0	0	0	0	0	0	0	0	0	0	0	0	0	0	0	0	0	0	0	0	0	0	0	2004	0
LFQ	45	0	0	0	0	0	0	0	0	0	0	0	0	0	0	0	0	0	0	0	0	0	0	0	0	0	0	0	0	0	0	2004	0
LFQ	46	0	0	0	0	0	0	0	0	0	0	0	0	0	0	0	0	0	0	0	0	0	0	0	0	0	0	0	0	0	0	2004	0
LFQ	47	0	0	0	0	0	0	0	0	0	0	0	0	0	0	0	0	0	0	0	0	0	0	0	0	0	0	0	0	0	0	2004	0
LFQ	48	0	0	0	0	0	0	0	0	0	0	0	0	0	0	0	0	0	0	0	0	0	0	0	0	0	0	0	0	0	0	2004	0
LFQ	49	0	0	0	0	0	0	0	0	0	0	0	0	0	0	0	0	0	0	0	0	0	0	0	0	0	0	0	0	0	0	2004	0
LFQ	50	0	0	0	0	0	0	0	0	0	0	0	0	0	0	0	0	0	0	0	0	0	0	0	0	0	0	0	0	0	0	2004	0
LFQ	51	0	0	0	0	0	0	0	0	0	0	0	0	0	0	0	0	0	0	0	0	0	0	0	0	0	0	0	0	0	0	2004	0
LFQ	52	0	0	0	0	0	0	0	0	0	0	0	0	0	0	0	0	0	0	0	0	0	0	0	0	0	0	0	0	0	0	2004	0
LFQ	53	0	0	0	0	0	0	0	0	0	0	0	0	0	0	0	0	0	0	0	0	0	0	0	0	0	0	0	0	0	0	2004	0
LFQ	54	0	0	0	0	0	0	0	0	0	0	0	0	0	0	0	0	0	0	0	0	0	0	0	0	0	0	0	0	0	0	2004	0
LFQ	55	0	0	0	0	0	0	0	0	0	0	0	0	0	0	0	0	0	0	0	0	0	0	0	0	0	0	0	0	0	0	2004	0
LFQ	56	0	0	0	0	0	0	0	0	0	0	0	0	0	0	0	0	0	0	0	0	0	0	0	0	0	0	0	0	0	0	2004	0
LFQ	57	0	0	0	0	0	0	0	0	0	0	0	0	0	0	0	0	0	0	0	0	0	0	0	0	0	0	0	0	0	0	2004	0
LFQ	58	0	0	0	0	0	0	0	0	0	0	0	0	0	0	0	0	0	0	0	0	0	0	0	0	0	0	0	0	0	0	2004	0
LFQ	59	0	0	0	0	0	0	0	0	0	0	0	0	0	0	0	0	0	0	0	0	0	0	0	0	0	0	0	0	0	0	2004	0
LFQ	60	0	0	0	0	0	0	0	0	0	0	0	0	0	0	0	0	0	0	0	0	0	0	0	0	0	0	0	0	0	0	2004	0
LFQ	61	0	0	0	0	0	0	0	0	0	0	0	0	0	0	0	0	0	0	0	0	0	0	0	0	0	0	0	0	0	0	2004	0
LFQ	62	0	0	0	0	0	0	0	0	0	0	0	0	0	0	0	0	0	0	0	0	0	0	0	0	0	0	0	0	0	0	2004	0
LFQ	63	0	0	0	0	0	0	0	0	0	0	0	0	0	0	0	0	0	0	0	0	0	0	0	0	0	0	0	0	0	0	2004	0
LFQ	64	0	0	0	0	0	0	0	0	0	0	0	0	0	0	0	0	0	0	0	0	0	0	0	0	0	0	0	0	0	0	2004	0
LFQ	65	0	0	0	0	0	0	0	0	0	0	0	0	0	0	0	0	0	0	0	0	0	0	0	0	0	0	0	0	0	0	2004	0
LFQ	66	0	0	0	0	0	0	0	0	0	0	0	0	0	0	0	0	0	0	0	0	0	0	0	0	0	0	0	0	0	0	2004	0
LFQ	67	0	0	0	0	0	0	0	0	0	0	0	0	0	0	0	0	0	0	0	0	0	0	0	0	0	0	0	0	0	0	2004	0
LFQ	68	0	0	0	0	0	0	0	0	0	0	0	0	0	0	0	0	0	0	0	0	0	0	0	0	0	0	0	0	0	0	2004	0
LFQ	69	0	0	0	0	0	0	0	0	0	0	0	0	0	0	0	0	0	0	0	0	0	0	0	0	0	0	0	0	0	0	2004	0
LFQ	70	0	0	0	0	0	0	0	0	0	0	0	0	0	0	0	0	0	0	0	0	0	0	0	0	0	0	0	0	0	0	2004	0
LFQ	71	0	0	0	0	0	0	0	0	0	0	0	0	0	0	0	0	0	0	0	0	0	0	0	0	0	0	0	0	0	0	2004	0
LFQ	72	0	0	0	0	0	0	0	0	0	0	0	0	0	0	0	0	0	0	0	0	0	0	0	0	0	0	0	0	0	0	2004	0
LFQ	73	0	0	0	0	0	0	0	0	0	0	0	0	0	0	0	0	0	0	0	0	0	0	0	0	0	0	0	0	0	0	2004	0
LFQ	74	0	0	0	0	0	0	0	0	0	0	0	0	0	0	0	0	0	0	0	0	0	0	0	0	0	0	0	0	0	0	2004	0
LFQ	75	0	0	0	0	0	0	0	0	0	0	0	0	0	0	0	0	0	0	0	0	0	0	0	0	0	0	0	0	0	0	2004	0
LFQ	76	0	0	0	0	0	0	0	0	0	0	0	0	0	0	0	0	0	0	0	0	0	0	0	0	0	0	0	0	0	0	2004	0
LFQ	77	0	0	0	0	0	0	0	0	0	0	0	0	0	0	0	0	0	0	0	0	0	0	0	0	0	0	0	0	0	0	2004	0
LFQ	78	0	0	0	0	0	0	0	0	0	0	0	0	0	0	0	0	0	0	0	0	0	0	0	0	0	0	0	0	0	0	2004	0
LFQ	79	0	0	0	0	0	0	0	0	0	0	0	0	0	0	0	0	0	0	0	0	0	0	0	0	0	0	0	0	0	0	2004	0
LFQ	80	0	0	0	0	0	0	0	0	0	0	0	0	0	0	0	0	0	0	0	0	0	0	0	0	0	0	0	0	0	0	2004	0
LFQ	81	0	0	0	0	0	0	0	0	0	0	0	0	0	0	0	0	0	0	0	0	0	0	0	0	0	0	0	0	0	0	2004	0
LFQ	82	0	0	0	0	0	0	0	0	0	0	0	0	0	0	0	0	0	0	0	0	0	0	0	0	0	0	0	0	0	0	2004	0
LFQ	83	0	0	0	0	0	0	0	0	0	0	0	0	0	0	0	0	0	0	0	0	0	0	0	0	0	0	0	0	0	0	2004	0
LFQ	84	0	0	0	0	0	0	0	0	0	0	0	0	0	0	0	0	0	0	0	0	0	0	0	0	0	0	0	0	0	0	2004	0
LFQ	85	0	0	0	0	0	0	0	0	0	0	0	0	0	0	0	0	0	0	0	0	0	0	0	0	0	0	0	0	0	0	2004	0
LFQ	86	0	0	0	0	0	0	0	0	0	0	0	0	0	0	0	0	0	0	0	0	0	0	0	0	0	0	0	0	0	0	2004	0
LFQ	87	0	0	0	0	0	0	0	0	0	0	0	0	0	0	0	0	0	0	0	0	0	0	0	0	0	0	0	0	0	0	2004	0
LFQ	88	0	0	0	0	0	0	0	0	0	0	0	0	0	0	0	0	0	0	0	0	0	0	0	0	0	0	0	0	0	0	2004	0
LFQ	89	0	0	0	0	0	0	0	0	0	0	0	0	0	0	0	0	0	0	0	0	0	0	0	0	0	0	0	0	0	0	2004	0
LFQ	90	0	0	0	0	0	0	0	0	0	0	0	0	0	0	0	0	0	0	0	0	0	0	0	0	0	0	0	0	0	0	2004	0
LFQ	91	0	0	0	0	0	0	0	0	0	0	0	0	0	0	0	0	0	0	0	0	0	0	0	0	0	0	0	0	0	0	2004	0
LFQ	92	0	0	0	0	0	0	0	0	0	0	0	0	0	0	0	0	0	0	0	0	0	0	0	0	0	0	0	0	0	0	2004	0
LFQ	93	0	0	0	0	0	0	0	0	0	0	0	0	0	0	0	0	0	0	0	0	0	0	0	0	0	0	0	0	0	0	2004	0
LFQ	94	0	0	0	0	0	0	0	0	0	0	0	0	0	0	0	0	0	0	0	0	0	0	0	0	0	0	0	0	0	0	2004	0
LFQ	95	0	0	0	0	0	0	0	0	0	0	0	0	0	0	0	0	0	0	0	0	0	0	0	0	0	0	0	0	0	0	2004	0
LFQ	96	0	0	0	0	0	0	0	0	0	0	0	0	0	0	0	0	0	0	0	0	0	0	0	0	0	0	0	0	0	0	2004	0
LFQ	97	0	0	0	0	0	0	0	0	0	0	0	0	0	0	0	0	0	0	0	0	0	0	0	0	0	0	0	0	0	0	2004	0
LFQ	98	0	0	0	0	0	0	0	0	0	0	0	0	0	0	0	0	0	0	0	0	0	0	0	0	0	0	0	0	0	0	2004	0
LFQ	99	0	0	0	0	0	0	0	0	0	0	0	0	0	0	0	0	0	0	0	0	0	0	0	0	0	0	0	0	0	0	2004	0
LFQ	100	0	0	0	0	0	0	0	0	0	0	0	0	0	0	0	0	0	0	0	0	0	0	0	0	0	0	0	0	0	0	2004	0
LFQ	101	0	0	0	0	0	0	0	0	0	0	0	0	0	0	0	0	0	0	0	0	0	0	0	0	0	0	0	0	0	0	2004	0
LFQ	102	0	0	0	0	0	0	0	0	0	0	0	0	0	0	0	0	0	0	0	0	0	0	0	0	0	0	0	0	0	0	2004	0
LFQ	103	0	0	0	0	0	0	0	0	0	0	0	0	0	0	0	0	0	0	0	0	0	0	0	0	0	0	0	0	0	0	2004	0
LFQ	104	0	0	0	0	0	0	0	0	0	0	0	0	0	0	0	0	0	0	0	0	0	0	0	0	0	0	0	0	0	0	2004	0
LFQ	105	0	0	0	0	0	0	0	0	0	0	0	0	0	0	0	0	0	0	0	0	0	0	0	0	0	0	0	0	0	0	2004	0
LFQ	106	0	0	0	0	0	0	0	0	0	0	0	0	0	0	0	0	0	0	0	0	0	0	0	0	0	0	0	0	0	0	2004	0
LFQ	107	0	0	0	0	0	0	0	0	0	0	0	0	0	0	0	0	0	0	0	0	0	0	0	0	0	0	0	0	0	0	2004	0
LFQ	108	0	0	0	0	0	0	0	0	0	0	0	0	0	0	0	0	0	0	0	0	0	0	0	0	0	0	0	0	0	0	2004	0
LFQ	109	0	0	0	0	0	0	0	0	0	0	0	0	0	0	0	0	0	0	0	0	0	0	0	0	0	0	0	0	0	0	2004	0
LFQ	110	0	0	0	0	0	0	0	0	0	0	0	0	0	0	0	0	0	0	0	0	0	0	0	0	0	0	0	0	0	0	2004	0
LFQ	111	0	0	0	0	0	0	0	0	0	0	0	0	0	0	0	0	0	0	0	0	0	0	0	0	0	0	0	0	0	0	2004	0
LFQ	112	0	0	0	0	0	0	0	0	0	0	0	0	0	0	0	0	0	0	0	0	0	0	0	0	0	0	0	0	0	0	2004	0
LFQ	113	0	0	0	0	0	0	0	0	0	0	0	0	0	0	0	0	0	0	0	0	0	0	0	0	0	0	0	0	0	0	2004	0
LFQ	114	0	0	0	0	0	0	0	0	0	0	0	0	0	0	0	0	0	0	0	0	0	0	0	0	0	0	0	0	0	0	2004	0
LFQ	115	0	0	0	0	0	0	0	0	0	0	0	0	0	0	0	0	0	0	0	0	0	0	0	0	0	0	0	0	0	0	2004	0
LFQ	116	0	0	0	0	0	0	0	0	0	0	0	0	0	0	0	0	0	0	0	0	0	0	0	0	0	0	0	0	0	0	2004	0
LFQ	117	0	0	0	0	0	0	0	0	0	0	0	0	0	0	0	0	0	0	0	0	0	0	0	0	0	0	0	0	0	0	2004	0
LFQ	118	0	0	0	0	0	0	0	0	0	0	0	0	0	0	0	0	0	0	0	0	0	0	0	0	0	0	0	0	0	0	2004	0
LFQ	119	0	0	0	0	0	0	0	0	0	0	0	0	0	0	0	0	0	0	0	0	0	0	0	0	0	0	0	0	0	0	2004	0
LFQ	120	0	0	0	0	0	0	0	0	0	0	0	0	0	0	0	0	0	0	0	0	0	0	0	0	0	0	0	0	0	0	2004	0
LFQ	121	0	0	0	0	0	0	0	0	0	0	0	0	0	0	0	0	0	0	0	0	0	0	0	0	0	0	0	0	0	0	2004	0
LFQ	122	0	0	0	0	0	0	0	0	0	0	0	0	0	0	0	0	0	0	0	0	0	0	0	0	0	0	0	0	0	0	2004	0
LFQ	123	0	0	0	0	0	0	0	0	0	0	0	0	0	0	0	0	0	0	0	0	0	0	0	0	0	0	0	0	0	0	2004	0
LFQ	124	0	0	0	0	0	0	0	0	0	0	0	0	0	0	0	0	0	0	0	0	0	0	0	0	0	0	0	0	0	0	2004	0
LFQ	125	0	0	0	0	0	0	0	0	0	0	0	0	0	0	0	0	0	0	0	0	0	0	0	0	0	0	0	0	0	0	2004	0
LFQ	126	0	0	0	0	0	0	0	0	0	0	0	0	0	0	0	0	0	0	0	0	0	0	0	0	0	0	0	0	0	0	2004	0
LFQ	127	0	0	0	0	0	0	0	0	0	0	0	0	0	0	0	0	0	0	0	0	0	0	0	0	0	0	0	0	0	0	2004	0
LFQ	128	0	0	0	0	0	0	0	0	0	0	0	0	0	0	0	0	0	0	0	0	0	0	0	0	0	0	0	0	0	0	2004	0
LFQ	129	0	0	0	0	0	0	0	0	0	0	0	0	0	0	0	0	0	0	0	0	0	0	0	0	0	0	0	0	0	0	2004	0
LFQ	130	0	0	0	0	0	0	0	0	0	0	0	0	0	0	0	0	0	0	0	0	0	0	0	0	0	0	0	0	0	0	2004	0
LFQ	131	0	0	0	0	0	0	0	0	0	0	0	0	0	0	0	0	0	0	0	0	0	0	0	0	0	0	0	0	0	0	2004	0
LFQ	132	0	0	0	0	0	0	0	0	0	0	0	0	0	0	0	0	0	0	0	0	0	0	0	0	0	0	0	0	0	0	2004	0
LFQ	133	0	0	0	0	0	0	0	0	0	0	0	0	0	0	0	0	0	0	0	0	0	0	0	0	0	0	0	0	0	0	2004	0
LFQ	134	0	0	0	0	0	0	0	0	0	0	0	0	0	0	0	0	0	0	0	0	0	0	0	0	0	0	0	0	0	0	2004	0
LFQ	135	0	0	0	0	0	0	0	0	0	0	0	0	0	0	0	0	0	0	0	0	0	0	0	0	0	0	0	0	0	0	2004	0
LFQ	136	0	0	0	0	0	0	0	0	0	0	0	0	0	0	0	0	0	0	0	0	0	0	0	0	0	0	0	0	0	0	2004	0
LFQ	137	0	0	0	0	0	0	0	0	0	0	0	0	0	0	0	0	0	0	0	0	0	0	0	0	0	0	0	0	0	0	2004	0
LFQ	138	0	0	0	0	0	0	0	0	0	0	0	0	0	0	0	0	0	0	0	0	0	0	0	0	0	0	0	0	0	0	2004	0
LFQ	139	0	0	0	0	0	0	0	0	0	0	0	0	0	0	0	0	0	0	0	0	0	0	0	0	0	0	0	0	0	0	2004	0
LFQ	140	0	0	0	0	0	0	0	0	0	0	0	0	0	0	0	0	0	0	0	0	0	0	0	0	0	0	0	0	0	0	2004	0
LFQ	141	0	0	0	0	0	0	0	0	0	0	0	0	0	0	0	0	0	0	0	0	0	0	0	0	0	0	0	0	0	0	2004	0
LFQ	142	0	0	0	0	0	0	0	0	0	0	0	0	0	0	0	0	0	0	0	0	0	0	0	0	0	0	0	0	0	0	2004	0
LFQ	143	0	0	0	0	0	0	0	0	0	0	0	0	0	0	0	0	0	0	0	0	0	0	0	0	0	0	0	0	0	0	2004	0
LFQ	144	0	0	0	0	0	0	0	0	0	0	0	0	0	0	0	0	0	0	0	0	0	0	0	0	0	0	0	0	0	0	2004	0
LFQ	145	0	0	0	0	0	0	0	0	0	0	0	0	0	0	0	0	0	0	0	0	0	0	0	0	0	0	0	0	0	0	2004	0
LFQ	146	0	0	0	0	0	0	0	0	0	0	0	0	0	0	0	0	0	0	0	0	0	0	0	0	0	0	0	0	0	0	2004	0
LFQ	147	0	0	0	0	0	0	0	0	0	0	0	0	0	0	0	0	0	0	0	0	0	0	0	0	0	0	0	0	0	0	2004	0
LFQ	148	0	0	0	0	0	0	0	0	0	0	0	0	0	0	0	0	0	0	0	0	0	0	0	0	0	0	0	0	0	0	2004	0
LFQ	149	0	0	0	0	0	0	0	0	0	0	0	0	0	0	0	0	0	0	0	0	0	0	0	0	0	0	0	0	0	0	2004	0
LFQ	150	0	0	0	0	0	0	0	0	0	0	0	0	0	0	0	0	0	0	0	0	0	0	0	0	0	0	0	0	0	0	2004	0
# GC Content of first fragments. Use `grep ^GCF | cut -f 2-` to extract this part.
GCF	7.54	0
GCF	15.33	1
GCF	16.33	0
GCF	18.09	1
GCF	19.35	2
GCF	20.35	1
GCF	21.36	2
GCF	22.11	3
GCF	22.86	2
GCF	23.37	3
GCF	24.12	7
GCF	24.87	20
GCF	25.38	16
GCF	26.13	17
GCF	26.88	16
GCF	27.39	23
GCF	28.14	36
GCF	28.89	16
GCF	29.40	49
GCF	30.15	34
GCF	30.90	33
GCF	31.41	45
GCF	32.16	50
GCF	32.91	46
GCF	33.42	59
GCF	33.92	58
GCF	34.67	61
GCF	35.43	62
GCF	35.93	99
GCF	36.68	82
GCF	37.44	81
GCF	37.94	82
GCF	38.69	57
GCF	39.45	77
GCF	39.95	69
GCF	40.70	63
GCF	41.46	68
GCF	41.96	48
GCF	42.96	58
GCF	43.97	69
GCF	44.72	37
GCF	45.48	59
GCF	45.98	51
GCF	46.73	35
GCF	47.49	29
GCF	47.99	41
GCF	48.74	22
GCF	49.50	24
GCF	50.00	18
GCF	50.75	16
GCF	51.51	15
GCF	52.01	6
GCF	52.76	13
GCF	53.52	8
GCF	54.02	4
GCF	54.77	3
GCF	55.53	5
GCF	56.03	7
GCF	57.04	8
GCF	58.04	5
GCF	58.79	3
GCF	59.55	1
GCF	60.05	3
GCF	60.80	1
GCF	61.56	2
GCF	62.56	1
GCF	63.57	0
GCF	64.07	1
# GC Content of last fragments. Use `grep ^GCL | cut -f 2-` to extract this part.
GCL	3.77	0
GCL	8.04	1
GCL	10.05	0
GCL	12.06	1
GCL	13.57	0
GCL	14.82	1
GCL	15.33	2
GCL	16.08	0
GCL	16.83	1
GCL	17.34	0
GCL	18.09	1
GCL	18.84	3
GCL	20.10	0
GCL	21.36	3
GCL	22.11	6
GCL	22.86	4
GCL	23.37	5
GCL	24.12	9
GCL	24.87	17
GCL	25.38	13
GCL	26.13	17
GCL	26.88	27
GCL	27.39	32
GCL	28.14	22
GCL	28.89	26
GCL	29.40	36
GCL	30.15	40
GCL	30.90	43
GCL	31.41	47
GCL	32.16	45
GCL	32.91	49
GCL	33.42	67
GCL	33.92	72
GCL	34.67	69
GCL	35.43	74
GCL	35.93	89
GCL	36.68	76
GCL	37.44	75
GCL	37.94	63
GCL	38.69	71
GCL	39.45	61
GCL	39.95	74
GCL	40.70	70
GCL	41.46	58
GCL	41.96	57
GCL	42.71	62
GCL	43.47	49
GCL	43.97	52
GCL	44.72	51
GCL	45.48	34
GCL	45.98	42
GCL	46.73	54
GCL	47.49	44
GCL	47.99	25
GCL	48.74	24
GCL	49.50	21
GCL	50.00	20
GCL	50.75	14
GCL	51.51	10
GCL	52.01	11
GCL	52.76	10
GCL	53.52	4
GCL	54.02	6
GCL	54.77	5
GCL	55.53	2
GCL	56.03	6
GCL	56.78	8
GCL	57.54	3
GCL	58.04	5
GCL	58.79	1
GCL	59.80	3
GCL	60.80	2
GCL	61.81	0
GCL	62.81	1
GCL	63.57	2
GCL	66.33	0
GCL	69.35	1
GCL	70.10	2
# ACGT content per cycle. Use `grep ^GCC | cut -f 2-` to extract this part. The columns are: cycle; A,C,G,T base counts as a percentage of all A/C/G/T bases [%]; and N and O counts as a percentage of all A/C/G/T bases [%]
GCC	1	30.29	19.06	20.68	29.97	0.00	0.00
GCC	2	31.66	18.54	18.71	31.09	0.00	0.00
GCC	3	30.41	19.29	18.61	31.69	0.00	0.00
GCC	4	31.39	20.58	18.74	29.29	0.00	0.00
GCC	5	30.54	19.49	19.34	30.64	0.00	0.00
GCC	6	30.24	20.66	18.09	31.01	0.00	0.00
GCC	7	30.84	19.91	19.19	30.06	0.00	0.00
GCC	8	31.44	19.26	19.19	30.11	0.00	0.00
GCC	9	31.16	20.63	18.21	29.99	0.00	0.00
GCC	10	30.24	20.28	17.56	31.91	0.00	0.00
GCC	11	30.06	20.63	19.19	30.11	0.00	0.00
GCC	12	30.86	19.64	18.09	31.41	0.00	0.00
GCC	13	30.59	18.96	19.71	30.74	0.00	0.00
GCC	14	31.84	19.16	18.74	30.26	0.00	0.00
GCC	15	31.81	18.99	18.49	30.71	0.00	0.00
GCC	16	30.91	19.59	19.31	30.19	0.00	0.00
GCC	17	29.09	20.06	18.64	32.21	0.00	0.00
GCC	18	29.94	19.41	19.01	31.64	0.00	0.00
GCC	19	31.59	18.96	18.76	30.69	0.00	0.00
GCC	20	29.84	19.96	19.41	30.79	0.00	0.00
GCC	21	30.14	19.89	18.64	31.34	0.00	0.00
GCC	22	30.54	19.66	19.21	30.59	0.00	0.00
GCC	23	29.79	20.93	19.06	30.21	0.00	0.00
GCC	24	30.24	18.49	20.48	30.79	0.00	0.00
GCC	25	30.39	20.36	18.59	30.66	0.00	0.00
GCC	26	31.21	19.16	19.39	30.24	0.00	0.00
GCC	27	31.54	18.44	19.06	30.96	0.00	0.00
GCC	28	30.96	20.73	17.96	30.34	0.00	0.00
GCC	29	30.46	19.66	18.74	31.14	0.00	0.00
GCC	30	31.56	20.13	17.86	30.44	0.00	0.00
GCC	31	31.51	18.84	18.71	30.94	0.00	0.00
GCC	32	30.86	19.56	18.06	31.51	0.00	0.00
GCC	33	30.09	20.51	19.14	30.26	0.00	0.00
GCC	34	30.71	20.13	18.61	30.54	0.00	0.00
GCC	35	31.66	19.56	17.74	31.04	0.00	0.00
GCC	36	30.71	19.76	18.16	31.36	0.00	0.00
GCC	37	31.59	18.84	18.64	30.94	0.00	0.00
GCC	38	30.96	18.94	18.64	31.46	0.00	0.00
GCC	39	30.64	20.03	18.49	30.84	0.00	0.00
GCC	40	30.19	19.74	19.24	30.84	0.00	0.00
GCC	41	30.89	20.26	18.51	30.34	0.00	0.00
GCC	42	29.59	20.23	19.84	30.34	0.00	0.00
GCC	43	31.76	18.76	19.09	30.39	0.00	0.00
GCC	44	29.74	20.26	18.49	31.51	0.00	0.00
GCC	45	29.47	20.53	19.31	30.69	0.00	0.00
GCC	46	30.69	19.79	18.29	31.24	0.00	0.00
GCC	47	31.36	19.76	18.04	30.84	0.00	0.00
GCC	48	29.89	19.34	19.51	31.26	0.00	0.00
GCC	49	30.49	19.34	18.61	31.56	0.00	0.00
GCC	50	30.36	20.68	18.04	30.91	0.00	0.00
GCC	51	30.64	20.21	18.71	30.44	0.00	0.00
GCC	52	32.61	19.24	17.29	30.86	0.00	0.00
GCC	53	30.49	19.41	19.89	30.21	0.00	0.00
GCC	54	29.39	20.73	18.46	31.41	0.00	0.00
GCC	55	31.39	18.64	19.44	30.54	0.00	0.00
GCC	56	31.69	18.99	18.91	30.41	0.00	0.00
GCC	57	31.06	19.19	19.26	30.49	0.00	0.00
GCC	58	29.47	19.64	19.29	31.61	0.00	0.00
GCC	59	32.41	18.79	18.76	30.04	0.00	0.00
GCC	60	30.96	18.94	19.96	30.14	0.00	0.00
GCC	61	30.64	19.54	19.51	30.31	0.00	0.00
GCC	62	29.19	19.69	19.96	31.16	0.00	0.00
GCC	63	30.71	20.68	18.44	30.16	0.00	0.00
GCC	64	30.29	20.31	19.29	30.11	0.00	0.00
GCC	65	30.51	20.03	18.06	31.39	0.00	0.00
GCC	66	29.52	20.58	18.99	30.91	0.00	0.00
GCC	67	31.31	18.51	19.04	31.14	0.00	0.00
GCC	68	31.09	18.74	18.41	31.76	0.00	0.00
GCC	69	30.76	19.89	18.99	30.36	0.00	0.00
GCC	70	30.89	19.84	18.71	30.56	0.00	0.00
GCC	71	30.79	19.39	19.04	30.79	0.00	0.00
GCC	72	29.77	21.11	18.44	30.69	0.00	0.00
GCC	73	30.81	19.89	19.26	30.04	0.00	0.00
GCC	74	30.51	20.31	18.44	30.74	0.00	0.00
GCC	75	30.69	18.61	19.54	31.16	0.00	0.00
GCC	76	29.32	18.94	20.16	31.59	0.00	0.00
GCC	77	30.96	19.71	19.31	30.01	0.00	0.00
GCC	78	29.49	20.36	18.09	32.06	0.00	0.00
GCC	79	30.96	19.71	19.11	30.21	0.00	0.00
GCC	80	30.36	19.24	19.01	31.39	0.00	0.00
GCC	81	30.56	19.79	19.01	30.64	0.00	0.00
GCC	82	30.41	20.46	18.49	30.64	0.00	0.00
GCC	83	30.26	18.81	19.36	31.56	0.00	0.00
GCC	84	31.09	19.19	19.41	30.31	0.00	0.00
GCC	85	30.94	19.46	18.26	31.34	0.00	0.00
GCC	86	30.66	19.99	19.21	30.14	0.00	0.00
GCC	87	30.54	18.89	19.01	31.56	0.00	0.00
GCC	88	29.49	21.08	19.64	29.79	0.00	0.00
GCC	89	30.84	19.76	18.89	30.51	0.00	0.00
GCC	90	31.29	20.03	17.34	31.34	0.00	0.00
GCC	91	31.64	19.46	18.34	30.56	0.00	0.00
GCC	92	30.56	18.54	19.54	31.36	0.00	0.00
GCC	93	30.56	19.99	19.09	30.36	0.00	0.00
GCC	94	29.67	20.56	18.89	30.89	0.00	0.00
GCC	95	29.42	20.18	18.81	31.59	0.00	0.00
GCC	96	31.11	19.84	18.94	30.11	0.00	0.00
GCC	97	31.41	19.36	19.61	29.62	0.00	0.00
GCC	98	29.74	18.96	19.91	31.39	0.00	0.00
GCC	99	29.62	19.49	19.34	31.56	0.00	0.00
GCC	100	31.34	18.54	18.96	31.16	0.00	0.00
GCC	101	29.72	20.73	18.19	31.36	0.00	0.00
GCC	102	30.34	18.59	19.44	31.64	0.00	0.00
GCC	103	29.74	21.01	18.96	30.29	0.00	0.00
GCC	104	30.89	19.49	18.31	31.31	0.00	0.00
GCC	105	29.69	20.86	18.39	31.06	0.00	0.00
GCC	106	29.92	20.58	18.51	30.99	0.00	0.00
GCC	107	31.01	20.26	18.16	30.56	0.00	0.00
GCC	108	30.11	19.39	20.16	30.34	0.00	0.00
GCC	109	30.39	19.79	19.14	30.69	0.00	0.00
GCC	110	28.97	20.03	19.39	31.61	0.00	0.00
GCC	111	29.67	20.31	19.49	30.54	0.00	0.00
GCC	112	30.04	20.78	19.04	30.14	0.00	0.00
GCC	113	30.46	18.51	19.01	32.01	0.00	0.00
GCC	114	30.44	20.31	19.56	29.69	0.00	0.00
GCC	115	29.54	20.78	19.36	30.31	0.00	0.00
GCC	116	31.89	18.44	19.36	30.31	0.00	0.00
GCC	117	31.44	18.96	18.14	31.46	0.00	0.00
GCC	118	30.71	19.26	18.56	31.46	0.00	0.00
GCC	119	29.79	19.74	18.71	31.76	0.00	0.00
GCC	120	30.71	20.38	18.81	30.09	0.00	0.00
GCC	121	30.89	19.94	18.14	31.04	0.00	0.00
GCC	122	31.69	18.94	18.81	30.56	0.00	0.00
GCC	123	31.56	19.36	17.99	31.09	0.00	0.00
GCC	124	31.29	20.46	18.04	30.21	0.00	0.00
GCC	125	30.01	19.64	18.79	31.56	0.00	0.00
GCC	126	30.91	20.48	16.89	31.71	0.00	0.00
GCC	127	31.41	19.61	18.54	30.44	0.00	0.00
GCC	128	29.64	20.33	18.74	31.29	0.00	0.00
GCC	129	30.71	20.33	17.91	31.04	0.00	0.00
GCC	130	29.72	20.56	18.46	31.26	0.00	0.00
GCC	131	32.34	20.03	17.69	29.94	0.00	0.00
GCC	132	30.96	19.54	18.56	30.94	0.00	0.00
GCC	133	31.59	20.78	17.37	30.26	0.00	0.00
GCC	134	30.49	20.83	18.36	30.31	0.00	0.00
GCC	135	31.24	19.69	18.16	30.91	0.00	0.00
GCC	136	29.67	19.86	20.03	30.44	0.00	0.00
GCC	137	31.34	20.26	18.51	29.89	0.00	0.00
GCC	138	31.99	19.71	18.01	30.29	0.00	0.00
GCC	139	30.89	20.93	17.94	30.24	0.00	0.00
GCC	140	29.59	19.04	19.26	32.11	0.00	0.00
GCC	141	30.74	19.24	19.21	30.81	0.00	0.00
GCC	142	31.14	20.51	18.29	30.06	0.00	0.00
GCC	143	31.14	19.71	17.04	32.11	0.00	0.00
GCC	144	31.59	19.14	18.56	30.71	0.00	0.00
GCC	145	31.01	19.21	18.19	31.59	0.00	0.00
GCC	146	30.14	18.34	19.86	31.66	0.00	0.00
GCC	147	30.71	19.64	19.19	30.46	0.00	0.00
GCC	148	30.89	19.59	18.54	30.99	0.00	0.00
GCC	149	30.76	20.58	18.24	30.41	0.00	0.00
GCC	150	31.19	19.51	18.49	30.81	0.00	0.00
# ACGT content per cycle, read oriented. Use `grep ^GCT | cut -f 2-` to extract this part. The columns are: cycle; A,C,G,T base counts as a percentage of all A/C/G/T bases [%]
GCT	1	31.16	20.23	19.51	29.09
GCT	2	32.21	18.34	18.91	30.54
GCT	3	31.61	19.14	18.76	30.49
GCT	4	30.99	19.94	19.39	29.69
GCT	5	31.49	19.49	19.34	29.69
GCT	6	30.91	19.69	19.06	30.34
GCT	7	31.41	18.39	20.71	29.49
GCT	8	32.26	18.99	19.46	29.29
GCT	9	31.31	19.39	19.46	29.84
GCT	10	30.96	18.01	19.84	31.19
GCT	11	30.81	19.74	20.08	29.37
GCT	12	32.09	19.01	18.71	30.19
GCT	13	30.54	19.71	18.96	30.79
GCT	14	30.89	18.96	18.94	31.21
GCT	15	31.86	19.04	18.44	30.66
GCT	16	29.67	19.59	19.31	31.44
GCT	17	31.09	19.41	19.29	30.21
GCT	18	30.19	18.61	19.81	31.39
GCT	19	31.49	18.36	19.36	30.79
GCT	20	30.76	20.03	19.34	29.87
GCT	21	31.46	19.86	18.66	30.01
GCT	22	31.59	19.56	19.31	29.54
GCT	23	30.36	20.21	19.79	29.64
GCT	24	29.89	19.09	19.89	31.14
GCT	25	30.96	19.64	19.31	30.09
GCT	26	30.36	18.91	19.64	31.09
GCT	27	31.29	19.64	17.86	31.21
GCT	28	31.04	19.41	19.29	30.26
GCT	29	31.34	19.19	19.21	30.26
GCT	30	30.46	18.44	19.56	31.54
GCT	31	30.41	18.29	19.26	32.04
GCT	32	31.91	19.16	18.46	30.46
GCT	33	28.67	20.23	19.41	31.69
GCT	34	31.36	19.84	18.91	29.89
GCT	35	30.86	18.21	19.09	31.84
GCT	36	33.21	18.66	19.26	28.87
GCT	37	30.01	18.76	18.71	32.51
GCT	38	32.04	18.06	19.51	30.39
GCT	39	32.04	19.89	18.64	29.44
GCT	40	30.31	19.51	19.46	30.71
GCT	41	30.46	19.94	18.84	30.76
GCT	42	28.69	20.08	19.99	31.24
GCT	43	30.89	18.14	19.71	31.26
GCT	44	30.69	19.76	18.99	30.56
GCT	45	29.62	20.13	19.71	30.54
GCT	46	30.56	19.16	18.91	31.36
GCT	47	30.89	18.54	19.26	31.31
GCT	48	30.51	18.86	19.99	30.64
GCT	49	31.59	18.89	19.06	30.46
GCT	50	30.59	20.11	18.61	30.69
GCT	51	31.16	19.74	19.19	29.92
GCT	52	31.76	18.19	18.34	31.71
GCT	53	30.31	19.24	20.06	30.39
GCT	54	31.21	19.36	19.84	29.59
GCT	55	30.69	19.29	18.79	31.24
GCT	56	31.26	19.11	18.79	30.84
GCT	57	30.56	19.14	19.31	30.99
GCT	58	29.92	19.49	19.44	31.16
GCT	59	30.94	18.51	19.04	31.51
GCT	60	30.59	19.71	19.19	30.51
GCT	61	29.79	19.14	19.91	31.16
GCT	62	29.97	19.81	19.84	30.39
GCT	63	29.44	19.86	19.26	31.44
GCT	64	30.69	19.61	19.99	29.72
GCT	65	31.09	19.46	18.64	30.81
GCT	66	29.67	19.99	19.59	30.76
GCT	67	31.46	18.96	18.59	30.99
GCT	68	32.06	17.47	19.69	30.79
GCT	69	30.44	19.16	19.71	30.69
GCT	70	31.54	19.19	19.36	29.92
GCT	71	30.76	19.31	19.11	30.81
GCT	72	29.37	19.51	20.03	31.09
GCT	73	29.52	19.49	19.66	31.34
GCT	74	30.96	18.21	20.53	30.29
GCT	75	31.29	18.96	19.19	30.56
GCT	76	30.34	19.16	19.94	30.56
GCT	77	30.21	19.11	19.91	30.76
GCT	78	30.64	19.26	19.19	30.91
GCT	79	30.09	18.99	19.84	31.09
GCT	80	31.59	19.76	18.49	30.16
GCT	81	29.94	19.26	19.54	31.26
GCT	82	30.44	18.74	20.21	30.61
GCT	83	29.97	18.96	19.21	31.86
GCT	84	30.16	19.56	19.04	31.24
GCT	85	31.16	19.24	18.49	31.11
GCT	86	29.64	19.11	20.08	31.16
GCT	87	30.89	19.79	18.11	31.21
GCT	88	29.44	20.68	20.03	29.84
GCT	89	30.54	18.36	20.28	30.81
GCT	90	31.04	18.29	19.09	31.59
GCT	91	31.74	17.61	20.18	30.46
GCT	92	31.34	18.66	19.41	30.59
GCT	93	30.81	18.94	20.13	30.11
GCT	94	30.49	19.59	19.86	30.06
GCT	95	30.29	19.61	19.39	30.71
GCT	96	30.84	19.46	19.31	30.39
GCT	97	29.59	19.69	19.29	31.44
GCT	98	30.11	18.99	19.89	31.01
GCT	99	29.47	19.19	19.64	31.71
GCT	100	32.39	18.89	18.61	30.11
GCT	101	31.06	17.99	20.93	30.01
GCT	102	30.61	18.26	19.76	31.36
GCT	103	29.64	20.71	19.26	30.39
GCT	104	31.31	18.21	19.59	30.89
GCT	105	29.44	19.96	19.29	31.31
GCT	106	30.71	19.29	19.81	30.19
GCT	107	28.67	19.41	19.01	32.91
GCT	108	29.42	19.69	19.86	31.04
GCT	109	30.11	20.06	18.86	30.96
GCT	110	30.19	19.51	19.91	30.39
GCT	111	30.34	19.49	20.31	29.87
GCT	112	31.41	19.91	19.91	28.77
GCT	113	32.24	18.59	18.94	30.24
GCT	114	29.72	19.79	20.08	30.41
GCT	115	30.24	20.08	20.06	29.62
GCT	116	30.89	18.94	18.86	31.31
GCT	117	30.26	18.09	19.01	32.63
GCT	118	30.06	18.11	19.71	32.11
GCT	119	30.94	18.69	19.76	30.61
GCT	120	31.04	20.26	18.94	29.77
GCT	121	30.59	19.09	18.99	31.34
GCT	122	30.84	18.79	18.96	31.41
GCT	123	29.84	18.84	18.51	32.81
GCT	124	30.09	20.01	18.49	31.41
GCT	125	31.59	19.36	19.06	29.99
GCT	126	31.21	18.99	18.39	31.41
GCT	127	30.56	18.11	20.03	31.29
GCT	128	31.49	19.39	19.69	29.44
GCT	129	29.89	19.31	18.94	31.86
GCT	130	29.44	19.09	19.94	31.54
GCT	131	31.41	18.91	18.81	30.86
GCT	132	31.04	19.51	18.59	30.86
GCT	133	30.79	19.29	18.86	31.06
GCT	134	29.74	19.64	19.56	31.06
GCT	135	31.41	18.46	19.39	30.74
GCT	136	31.04	19.49	20.41	29.07
GCT	137	31.51	18.64	20.13	29.72
GCT	138	31.96	19.19	18.54	30.31
GCT	139	30.51	20.76	18.11	30.61
GCT	140	31.61	18.46	19.84	30.09
GCT	141	30.61	18.81	19.64	30.94
GCT	142	31.06	19.29	19.51	30.14
GCT	143	31.49	18.76	17.99	31.76
GCT	144	31.49	19.14	18.56	30.81
GCT	145	30.64	18.39	19.01	31.96
GCT	146	30.99	19.69	18.51	30.81
GCT	147	30.76	19.44	19.39	30.41
GCT	148	31.94	18.94	19.19	29.94
GCT	149	30.81	19.89	18.94	30.36
GCT	150	29.77	19.74	18.26	32.24
# ACGT content per cycle for first fragments. Use `grep ^FBC | cut -f 2-` to extract this part. The columns are: cycle; A,C,G,T base counts as a percentage of all A/C/G/T bases [%]; and N and O counts as a percentage of all A/C/G/T bases [%]
FBC	1	30.39	19.26	20.61	29.74	0.00	0.00
FBC	2	30.24	18.11	19.16	32.49	0.00	0.00
FBC	3	30.69	19.16	17.96	32.19	0.00	0.00
FBC	4	30.34	21.21	19.01	29.44	0.00	0.00
FBC	5	31.09	19.56	19.91	29.44	0.00	0.00
FBC	6	29.84	21.01	18.51	30.64	0.00	0.00
FBC	7	30.99	19.61	19.41	29.99	0.00	0.00
FBC	8	31.04	19.66	19.41	29.89	0.00	0.00
FBC	9	29.84	21.41	18.66	30.09	0.00	0.00
FBC	10	28.64	20.51	18.31	32.53	0.00	0.00
FBC	11	29.44	20.06	19.31	31.19	0.00	0.00
FBC	12	31.09	19.61	18.31	30.99	0.00	0.00
FBC	13	29.79	19.96	19.11	31.14	0.00	0.00
FBC	14	31.79	19.06	18.56	30.59	0.00	0.00
FBC	15	32.39	19.61	18.26	29.74	0.00	0.00
FBC	16	30.69	19.61	19.61	30.09	0.00	0.00
FBC	17	30.14	20.61	17.91	31.34	0.00	0.00
FBC	18	29.89	19.91	19.11	31.09	0.00	0.00
FBC	19	31.79	19.96	17.91	30.34	0.00	0.00
FBC	20	30.54	19.91	19.36	30.19	0.00	0.00
FBC	21	29.59	20.26	19.21	30.94	0.00	0.00
FBC	22	30.64	18.51	18.46	32.39	0.00	0.00
FBC	23	30.14	21.71	18.91	29.24	0.00	0.00
FBC	24	29.24	18.16	20.36	32.24	0.00	0.00
FBC	25	29.94	20.91	19.21	29.94	0.00	0.00
FBC	26	30.69	20.11	19.51	29.69	0.00	0.00
FBC	27	32.14	19.41	18.36	30.09	0.00	0.00
FBC	28	30.74	20.71	17.76	30.79	0.00	0.00
FBC	29	30.49	19.16	18.26	32.09	0.00	0.00
FBC	30	31.19	20.11	17.71	30.99	0.00	0.00
FBC	31	30.59	18.51	17.91	32.98	0.00	0.00
FBC	32	31.04	19.51	17.61	31.84	0.00	0.00
FBC	33	31.34	20.81	19.36	28.49	0.00	0.00
FBC	34	30.14	20.71	17.61	31.54	0.00	0.00
FBC	35	32.68	18.01	18.76	30.54	0.00	0.00
FBC	36	30.99	19.61	18.71	30.69	0.00	0.00
FBC	37	31.34	19.16	18.36	31.14	0.00	0.00
FBC	38	31.44	17.66	19.46	31.44	0.00	0.00
FBC	39	30.84	20.11	17.61	31.44	0.00	0.00
FBC	40	31.44	20.01	18.41	30.14	0.00	0.00
FBC	41	31.09	20.31	18.21	30.39	0.00	0.00
FBC	42	29.44	20.96	19.31	30.29	0.00	0.00
FBC	43	32.78	18.71	18.61	29.89	0.00	0.00
FBC	44	30.99	20.06	17.61	31.34	0.00	0.00
FBC	45	29.69	20.66	20.01	29.64	0.00	0.00
FBC	46	31.44	19.81	18.21	30.54	0.00	0.00
FBC	47	32.39	20.06	17.51	30.04	0.00	0.00
FBC	48	29.14	19.81	20.36	30.69	0.00	0.00
FBC	49	30.84	19.91	18.56	30.69	0.00	0.00
FBC	50	30.89	21.16	17.66	30.29	0.00	0.00
FBC	51	30.04	20.61	19.51	29.84	0.00	0.00
FBC	52	32.53	18.86	16.97	31.64	0.00	0.00
FBC	53	30.24	19.21	20.31	30.24	0.00	0.00
FBC	54	30.34	20.81	18.36	30.49	0.00	0.00
FBC	55	33.33	19.41	17.86	29.39	0.00	0.00
FBC	56	31.59	19.16	19.46	29.79	0.00	0.00
FBC	57	32.39	18.41	18.76	30.44	0.00	0.00
FBC	58	31.09	19.56	19.61	29.74	0.00	0.00
FBC	59	33.53	18.01	18.06	30.39	0.00	0.00
FBC	60	32.09	17.96	19.41	30.54	0.00	0.00
FBC	61	30.39	19.76	19.91	29.94	0.00	0.00
FBC	62	30.44	18.11	20.71	30.74	0.00	0.00
FBC	63	29.39	20.56	18.96	31.09	0.00	0.00
FBC	64	28.94	20.31	20.11	30.64	0.00	0.00
FBC	65	30.59	20.21	18.91	30.29	0.00	0.00
FBC	66	29.09	20.56	19.46	30.89	0.00	0.00
FBC	67	30.94	18.81	18.96	31.29	0.00	0.00
FBC	68	32.04	18.01	18.71	31.24	0.00	0.00
FBC	69	30.69	19.71	19.36	30.24	0.00	0.00
FBC	70	31.84	20.21	17.86	30.09	0.00	0.00
FBC	71	30.34	20.11	19.16	30.39	0.00	0.00
FBC	72	30.39	21.06	18.51	30.04	0.00	0.00
FBC	73	30.34	20.01	21.41	28.24	0.00	0.00
FBC	74	30.84	19.56	19.36	30.24	0.00	0.00
FBC	75	30.54	19.51	19.01	30.94	0.00	0.00
FBC	76	28.64	19.91	21.06	30.39	0.00	0.00
FBC	77	30.89	19.46	19.81	29.84	0.00	0.00
FBC	78	28.54	20.81	18.71	31.94	0.00	0.00
FBC	79	30.44	20.26	19.71	29.59	0.00	0.00
FBC	80	30.84	18.91	20.01	30.24	0.00	0.00
FBC	81	29.69	20.66	19.31	30.34	0.00	0.00
FBC	82	31.39	19.46	19.41	29.74	0.00	0.00
FBC	83	29.94	18.96	19.41	31.69	0.00	0.00
FBC	84	29.74	19.71	19.96	30.59	0.00	0.00
FBC	85	30.49	20.36	17.71	31.44	0.00	0.00
FBC	86	31.29	19.41	18.21	31.09	0.00	0.00
FBC	87	30.84	19.46	17.86	31.84	0.00	0.00
FBC	88	28.69	22.01	20.11	29.19	0.00	0.00
FBC	89	31.24	19.91	18.31	30.54	0.00	0.00
FBC	90	31.19	21.16	16.87	30.79	0.00	0.00
FBC	91	31.24	20.21	18.51	30.04	0.00	0.00
FBC	92	30.69	18.76	19.76	30.79	0.00	0.00
FBC	93	30.94	20.66	19.91	28.49	0.00	0.00
FBC	94	30.04	20.21	19.46	30.29	0.00	0.00
FBC	95	31.04	19.71	19.06	30.19	0.00	0.00
FBC	96	30.14	19.91	19.86	30.09	0.00	0.00
FBC	97	31.19	18.81	19.86	30.14	0.00	0.00
FBC	98	28.54	19.36	19.91	32.19	0.00	0.00
FBC	99	30.29	19.01	20.61	30.09	0.00	0.00
FBC	100	30.29	18.21	19.61	31.89	0.00	0.00
FBC	101	28.19	21.71	18.86	31.24	0.00	0.00
FBC	102	29.94	18.21	19.46	32.39	0.00	0.00
FBC	103	30.29	20.11	19.61	29.99	0.00	0.00
FBC	104	31.04	18.81	19.51	30.64	0.00	0.00
FBC	105	28.89	21.46	19.01	30.64	0.00	0.00
FBC	106	29.34	20.61	19.56	30.49	0.00	0.00
FBC	107	30.39	20.86	17.96	30.79	0.00	0.00
FBC	108	30.04	19.31	20.16	30.49	0.00	0.00
FBC	109	29.54	20.41	19.46	30.59	0.00	0.00
FBC	110	29.04	19.46	20.46	31.04	0.00	0.00
FBC	111	28.54	21.11	18.46	31.89	0.00	0.00
FBC	112	29.89	20.76	19.31	30.04	0.00	0.00
FBC	113	30.64	18.61	19.16	31.59	0.00	0.00
FBC	114	30.49	20.06	19.91	29.54	0.00	0.00
FBC	115	29.69	20.96	19.56	29.79	0.00	0.00
FBC	116	31.19	17.71	20.41	30.69	0.00	0.00
FBC	117	33.08	19.46	17.56	29.89	0.00	0.00
FBC	118	30.89	19.46	18.06	31.59	0.00	0.00
FBC	119	29.29	20.01	19.06	31.64	0.00	0.00
FBC	120	31.09	20.06	19.16	29.69	0.00	0.00
FBC	121	30.74	19.11	19.26	30.89	0.00	0.00
FBC	122	32.34	19.16	19.86	28.64	0.00	0.00
FBC	123	30.89	18.81	18.46	31.84	0.00	0.00
FBC	124	29.84	21.81	17.32	31.04	0.00	0.00
FBC	125	30.79	18.86	18.86	31.49	0.00	0.00
FBC	126	30.09	20.16	17.12	32.63	0.00	0.00
FBC	127	31.09	18.61	19.41	30.89	0.00	0.00
FBC	128	28.49	20.81	19.31	31.39	0.00	0.00
FBC	129	30.34	19.91	18.01	31.74	0.00	0.00
FBC	130	30.34	20.36	17.86	31.44	0.00	0.00
FBC	131	33.18	19.86	17.66	29.29	0.00	0.00
FBC	132	32.19	19.41	17.37	31.04	0.00	0.00
FBC	133	30.79	21.86	17.22	30.14	0.00	0.00
FBC	134	30.34	20.76	17.51	31.39	0.00	0.00
FBC	135	30.69	20.81	17.61	30.89	0.00	0.00
FBC	136	29.29	20.31	20.21	30.19	0.00	0.00
FBC	137	32.14	19.36	18.86	29.64	0.00	0.00
FBC	138	32.63	20.16	17.76	29.44	0.00	0.00
FBC	139	30.19	21.06	18.51	30.24	0.00	0.00
FBC	140	31.94	18.56	18.76	30.74	0.00	0.00
FBC	141	31.59	19.06	19.06	30.29	0.00	0.00
FBC	142	31.69	20.21	18.71	29.39	0.00	0.00
FBC	143	31.59	19.46	16.67	32.29	0.00	0.00
FBC	144	31.39	18.91	18.96	30.74	0.00	0.00
FBC	145	31.09	19.16	18.51	31.24	0.00	0.00
FBC	146	31.29	19.06	20.11	29.54	0.00	0.00
FBC	147	30.29	21.21	18.81	29.69	0.00	0.00
FBC	148	30.44	20.06	18.16	31.34	0.00	0.00
FBC	149	30.64	20.56	18.76	30.04	0.00	0.00
FBC	150	31.54	19.91	17.47	31.09	0.00	0.00
# ACGT raw counters for first fragments. Use `grep ^FTC | cut -f 2-` to extract this part. The columns are: A,C,G,T,N base counters
FTC	92173	59574	56810	92043	0
# ACGT content per cycle for last fragments. Use `grep ^LBC | cut -f 2-` to extract this part. The columns are: cycle; A,C,G,T base counts as a percentage of all A/C/G/T bases [%]; and N and O counts as a percentage of all A/C/G/T bases [%]
LBC	1	30.19	18.86	20.76	30.19	0.00	0.00
LBC	2	33.08	18.96	18.26	29.69	0.00	0.00
LBC	3	30.14	19.41	19.26	31.19	0.00	0.00
LBC	4	32.44	19.96	18.46	29.14	0.00	0.00
LBC	5	29.99	19.41	18.76	31.84	0.00	0.00
LBC	6	30.64	20.31	17.66	31.39	0.00	0.00
LBC	7	30.69	20.21	18.96	30.14	0.00	0.00
LBC	8	31.84	18.86	18.96	30.34	0.00	0.00
LBC	9	32.49	19.86	17.76	29.89	0.00	0.00
LBC	10	31.84	20.06	16.82	31.29	0.00	0.00
LBC	11	30.69	21.21	19.06	29.04	0.00	0.00
LBC	12	30.64	19.66	17.86	31.84	0.00	0.00
LBC	13	31.39	17.96	20.31	30.34	0.00	0.00
LBC	14	31.89	19.26	18.91	29.94	0.00	0.00
LBC	15	31.24	18.36	18.71	31.69	0.00	0.00
LBC	16	31.14	19.56	19.01	30.29	0.00	0.00
LBC	17	28.04	19.51	19.36	33.08	0.00	0.00
LBC	18	29.99	18.91	18.91	32.19	0.00	0.00
LBC	19	31.39	17.96	19.61	31.04	0.00	0.00
LBC	20	29.14	20.01	19.46	31.39	0.00	0.00
LBC	21	30.69	19.51	18.06	31.74	0.00	0.00
LBC	22	30.44	20.81	19.96	28.79	0.00	0.00
LBC	23	29.44	20.16	19.21	31.19	0.00	0.00
LBC	24	31.24	18.81	20.61	29.34	0.00	0.00
LBC	25	30.84	19.81	17.96	31.39	0.00	0.00
LBC	26	31.74	18.21	19.26	30.79	0.00	0.00
LBC	27	30.94	17.47	19.76	31.84	0.00	0.00
LBC	28	31.19	20.76	18.16	29.89	0.00	0.00
LBC	29	30.44	20.16	19.21	30.19	0.00	0.00
LBC	30	31.94	20.16	18.01	29.89	0.00	0.00
LBC	31	32.44	19.16	19.51	28.89	0.00	0.00
LBC	32	30.69	19.61	18.51	31.19	0.00	0.00
LBC	33	28.84	20.21	18.91	32.04	0.00	0.00
LBC	34	31.29	19.56	19.61	29.54	0.00	0.00
LBC	35	30.64	21.11	16.72	31.54	0.00	0.00
LBC	36	30.44	19.91	17.61	32.04	0.00	0.00
LBC	37	31.84	18.51	18.91	30.74	0.00	0.00
LBC	38	30.49	20.21	17.81	31.49	0.00	0.00
LBC	39	30.44	19.96	19.36	30.24	0.00	0.00
LBC	40	28.94	19.46	20.06	31.54	0.00	0.00
LBC	41	30.69	20.21	18.81	30.29	0.00	0.00
LBC	42	29.74	19.51	20.36	30.39	0.00	0.00
LBC	43	30.74	18.81	19.56	30.89	0.00	0.00
LBC	44	28.49	20.46	19.36	31.69	0.00	0.00
LBC	45	29.24	20.41	18.61	31.74	0.00	0.00
LBC	46	29.94	19.76	18.36	31.94	0.00	0.00
LBC	47	30.34	19.46	18.56	31.64	0.00	0.00
LBC	48	30.64	18.86	18.66	31.84	0.00	0.00
LBC	49	30.14	18.76	18.66	32.44	0.00	0.00
LBC	50	29.84	20.21	18.41	31.54	0.00	0.00
LBC	51	31.24	19.81	17.91	31.04	0.00	0.00
LBC	52	32.68	19.61	17.61	30.09	0.00	0.00
LBC	53	30.74	19.61	19.46	30.19	0.00	0.00
LBC	54	28.44	20.66	18.56	32.34	0.00	0.00
LBC	55	29.44	17.86	21.01	31.69	0.00	0.00
LBC	56	31.79	18.81	18.36	31.04	0.00	0.00
LBC	57	29.74	19.96	19.76	30.54	0.00	0.00
LBC	58	27.84	19.71	18.96	33.48	0.00	0.00
LBC	59	31.29	19.56	19.46	29.69	0.00	0.00
LBC	60	29.84	19.91	20.51	29.74	0.00	0.00
LBC	61	30.89	19.31	19.11	30.69	0.00	0.00
LBC	62	27.94	21.26	19.21	31.59	0.00	0.00
LBC	63	32.04	20.81	17.91	29.24	0.00	0.00
LBC	64	31.64	20.31	18.46	29.59	0.00	0.00
LBC	65	30.44	19.86	17.22	32.49	0.00	0.00
LBC	66	29.94	20.61	18.51	30.94	0.00	0.00
LBC	67	31.69	18.21	19.11	30.99	0.00	0.00
LBC	68	30.14	19.46	18.11	32.29	0.00	0.00
LBC	69	30.84	20.06	18.61	30.49	0.00	0.00
LBC	70	29.94	19.46	19.56	31.04	0.00	0.00
LBC	71	31.24	18.66	18.91	31.19	0.00	0.00
LBC	72	29.14	21.16	18.36	31.34	0.00	0.00
LBC	73	31.29	19.76	17.12	31.84	0.00	0.00
LBC	74	30.19	21.06	17.51	31.24	0.00	0.00
LBC	75	30.84	17.71	20.06	31.39	0.00	0.00
LBC	76	29.99	17.96	19.26	32.78	0.00	0.00
LBC	77	31.04	19.96	18.81	30.19	0.00	0.00
LBC	78	30.44	19.91	17.47	32.19	0.00	0.00
LBC	79	31.49	19.16	18.51	30.84	0.00	0.00
LBC	80	29.89	19.56	18.01	32.53	0.00	0.00
LBC	81	31.44	18.91	18.71	30.94	0.00	0.00
LBC	82	29.44	21.46	17.56	31.54	0.00	0.00
LBC	83	30.59	18.66	19.31	31.44	0.00	0.00
LBC	84	32.44	18.66	18.86	30.04	0.00	0.00
LBC	85	31.39	18.56	18.81	31.24	0.00	0.00
LBC	86	30.04	20.56	20.21	29.19	0.00	0.00
LBC	87	30.24	18.31	20.16	31.29	0.00	0.00
LBC	88	30.29	20.16	19.16	30.39	0.00	0.00
LBC	89	30.44	19.61	19.46	30.49	0.00	0.00
LBC	90	31.39	18.91	17.81	31.89	0.00	0.00
LBC	91	32.04	18.71	18.16	31.09	0.00	0.00
LBC	92	30.44	18.31	19.31	31.94	0.00	0.00
LBC	93	30.19	19.31	18.26	32.24	0.00	0.00
LBC	94	29.29	20.91	18.31	31.49	0.00	0.00
LBC	95	27.79	20.66	18.56	32.98	0.00	0.00
LBC	96	32.09	19.76	18.01	30.14	0.00	0.00
LBC	97	31.64	19.91	19.36	29.09	0.00	0.00
LBC	98	30.94	18.56	19.91	30.59	0.00	0.00
LBC	99	28.94	19.96	18.06	33.03	0.00	0.00
LBC	100	32.39	18.86	18.31	30.44	0.00	0.00
LBC	101	31.24	19.76	17.51	31.49	0.00	0.00
LBC	102	30.74	18.96	19.41	30.89	0.00	0.00
LBC	103	29.19	21.91	18.31	30.59	0.00	0.00
LBC	104	30.74	20.16	17.12	31.99	0.00	0.00
LBC	105	30.49	20.26	17.76	31.49	0.00	0.00
LBC	106	30.49	20.56	17.47	31.49	0.00	0.00
LBC	107	31.64	19.66	18.36	30.34	0.00	0.00
LBC	108	30.19	19.46	20.16	30.19	0.00	0.00
LBC	109	31.24	19.16	18.81	30.79	0.00	0.00
LBC	110	28.89	20.61	18.31	32.19	0.00	0.00
LBC	111	30.79	19.51	20.51	29.19	0.00	0.00
LBC	112	30.19	20.81	18.76	30.24	0.00	0.00
LBC	113	30.29	18.41	18.86	32.44	0.00	0.00
LBC	114	30.39	20.56	19.21	29.84	0.00	0.00
LBC	115	29.39	20.61	19.16	30.84	0.00	0.00
LBC	116	32.58	19.16	18.31	29.94	0.00	0.00
LBC	117	29.79	18.46	18.71	33.03	0.00	0.00
LBC	118	30.54	19.06	19.06	31.34	0.00	0.00
LBC	119	30.29	19.46	18.36	31.89	0.00	0.00
LBC	120	30.34	20.71	18.46	30.49	0.00	0.00
LBC	121	31.04	20.76	17.02	31.19	0.00	0.00
LBC	122	31.04	18.71	17.76	32.49	0.00	0.00
LBC	123	32.24	19.91	17.51	30.34	0.00	0.00
LBC	124	32.73	19.11	18.76	29.39	0.00	0.00
LBC	125	29.24	20.41	18.71	31.64	0.00	0.00
LBC	126	31.74	20.81	16.67	30.79	0.00	0.00
LBC	127	31.74	20.61	17.66	29.99	0.00	0.00
LBC	128	30.79	19.86	18.16	31.19	0.00	0.00
LBC	129	31.09	20.76	17.81	30.34	0.00	0.00
LBC	130	29.09	20.76	19.06	31.09	0.00	0.00
LBC	131	31.49	20.21	17.71	30.59	0.00	0.00
LBC	132	29.74	19.66	19.76	30.84	0.00	0.00
LBC	133	32.39	19.71	17.51	30.39	0.00	0.00
LBC	134	30.64	20.91	19.21	29.24	0.00	0.00
LBC	135	31.79	18.56	18.71	30.94	0.00	0.00
LBC	136	30.04	19.41	19.86	30.69	0.00	0.00
LBC	137	30.54	21.16	18.16	30.14	0.00	0.00
LBC	138	31.34	19.26	18.26	31.14	0.00	0.00
LBC	139	31.59	20.81	17.37	30.24	0.00	0.00
LBC	140	27.25	19.51	19.76	33.48	0.00	0.00
LBC	141	29.89	19.41	19.36	31.34	0.00	0.00
LBC	142	30.59	20.81	17.86	30.74	0.00	0.00
LBC	143	30.69	19.96	17.42	31.94	0.00	0.00
LBC	144	31.79	19.36	18.16	30.69	0.00	0.00
LBC	145	30.94	19.26	17.86	31.94	0.00	0.00
LBC	146	28.99	17.61	19.61	33.78	0.00	0.00
LBC	147	31.14	18.06	19.56	31.24	0.00	0.00
LBC	148	31.34	19.11	18.91	30.64	0.00	0.00
LBC	149	30.89	20.61	17.71	30.79	0.00	0.00
LBC	150	30.84	19.11	19.51	30.54	0.00	0.00
# ACGT raw counters for last fragments. Use `grep ^LTC | cut -f 2-` to extract this part. The columns are: A,C,G,T,N base counters
LTC	92086	59085	56221	93208	0
# Insert sizes. Use `grep ^IS | cut -f 2-` to extract this part. The columns are: insert size, pairs total, inward oriented pairs, outward oriented pairs, other pairs
IS	0	0	0	0	0
IS	1	0	0	0	0
IS	2	0	0	0	0
IS	3	0	0	0	0
IS	4	0	0	0	0
IS	5	0	0	0	0
IS	6	0	0	0	0
IS	7	0	0	0	0
IS	8	0	0	0	0
IS	9	0	0	0	0
IS	10	0	0	0	0
IS	11	0	0	0	0
IS	12	0	0	0	0
IS	13	0	0	0	0
IS	14	0	0	0	0
IS	15	0	0	0	0
IS	16	0	0	0	0
IS	17	0	0	0	0
IS	18	0	0	0	0
IS	19	0	0	0	0
IS	20	0	0	0	0
IS	21	0	0	0	0
IS	22	0	0	0	0
IS	23	0	0	0	0
IS	24	0	0	0	0
IS	25	0	0	0	0
IS	26	0	0	0	0
IS	27	0	0	0	0
IS	28	0	0	0	0
IS	29	0	0	0	0
IS	30	0	0	0	0
IS	31	0	0	0	0
IS	32	0	0	0	0
IS	33	0	0	0	0
IS	34	0	0	0	0
IS	35	0	0	0	0
IS	36	0	0	0	0
IS	37	0	0	0	0
IS	38	0	0	0	0
IS	39	0	0	0	0
IS	40	0	0	0	0
IS	41	0	0	0	0
IS	42	0	0	0	0
IS	43	0	0	0	0
IS	44	0	0	0	0
IS	45	0	0	0	0
IS	46	0	0	0	0
IS	47	0	0	0	0
IS	48	0	0	0	0
IS	49	0	0	0	0
IS	50	0	0	0	0
IS	51	0	0	0	0
IS	52	0	0	0	0
IS	53	0	0	0	0
IS	54	0	0	0	0
IS	55	0	0	0	0
IS	56	0	0	0	0
IS	57	0	0	0	0
IS	58	0	0	0	0
IS	59	0	0	0	0
IS	60	0	0	0	0
IS	61	0	0	0	0
IS	62	0	0	0	0
IS	63	0	0	0	0
IS	64	0	0	0	0
IS	65	0	0	0	0
IS	66	0	0	0	0
IS	67	0	0	0	0
IS	68	0	0	0	0
IS	69	0	0	0	0
IS	70	0	0	0	0
IS	71	0	0	0	0
IS	72	0	0	0	0
IS	73	0	0	0	0
IS	74	0	0	0	0
IS	75	0	0	0	0
IS	76	0	0	0	0
IS	77	0	0	0	0
IS	78	0	0	0	0
IS	79	0	0	0	0
IS	80	0	0	0	0
IS	81	0	0	0	0
IS	82	0	0	0	0
IS	83	0	0	0	0
IS	84	0	0	0	0
IS	85	0	0	0	0
IS	86	0	0	0	0
IS	87	0	0	0	0
IS	88	0	0	0	0
IS	89	0	0	0	0
IS	90	0	0	0	0
IS	91	0	0	0	0
IS	92	0	0	0	0
IS	93	0	0	0	0
IS	94	0	0	0	0
IS	95	0	0	0	0
IS	96	0	0	0	0
IS	97	0	0	0	0
IS	98	0	0	0	0
IS	99	0	0	0	0
IS	100	0	0	0	0
IS	101	0	0	0	0
IS	102	0	0	0	0
IS	103	0	0	0	0
IS	104	0	0	0	0
IS	105	0	0	0	0
IS	106	0	0	0	0
IS	107	0	0	0	0
IS	108	0	0	0	0
IS	109	0	0	0	0
IS	110	0	0	0	0
IS	111	0	0	0	0
IS	112	0	0	0	0
IS	113	0	0	0	0
IS	114	0	0	0	0
IS	115	0	0	0	0
IS	116	0	0	0	0
IS	117	0	0	0	0
IS	118	0	0	0	0
IS	119	0	0	0	0
IS	120	0	0	0	0
IS	121	0	0	0	0
IS	122	0	0	0	0
IS	123	0	0	0	0
IS	124	0	0	0	0
IS	125	0	0	0	0
IS	126	0	0	0	0
IS	127	0	0	0	0
IS	128	0	0	0	0
IS	129	0	0	0	0
IS	130	0	0	0	0
IS	131	0	0	0	0
IS	132	0	0	0	0
IS	133	0	0	0	0
IS	134	0	0	0	0
IS	135	0	0	0	0
IS	136	0	0	0	0
IS	137	0	0	0	0
IS	138	0	0	0	0
IS	139	0	0	0	0
IS	140	0	0	0	0
IS	141	0	0	0	0
IS	142	0	0	0	0
IS	143	0	0	0	0
IS	144	0	0	0	0
IS	145	0	0	0	0
IS	146	0	0	0	0
IS	147	0	0	0	0
IS	148	0	0	0	0
IS	149	0	0	0	0
IS	150	0	0	0	0
IS	151	0	0	0	0
IS	152	0	0	0	0
IS	153	0	0	0	0
IS	154	0	0	0	0
IS	155	0	0	0	0
IS	156	0	0	0	0
IS	157	0	0	0	0
IS	158	0	0	0	0
IS	159	0	0	0	0
IS	160	0	0	0	0
IS	161	0	0	0	0
IS	162	0	0	0	0
IS	163	0	0	0	0
IS	164	0	0	0	0
IS	165	0	0	0	0
IS	166	0	0	0	0
IS	167	0	0	0	0
IS	168	0	0	0	0
IS	169	0	0	0	0
IS	170	0	0	0	0
IS	171	0	0	0	0
IS	172	0	0	0	0
IS	173	0	0	0	0
IS	174	0	0	0	0
IS	175	0	0	0	0
IS	176	0	0	0	0
IS	177	0	0	0	0
IS	178	0	0	0	0
IS	179	0	0	0	0
IS	180	0	0	0	0
IS	181	0	0	0	0
IS	182	0	0	0	0
IS	183	0	0	0	0
IS	184	0	0	0	0
IS	185	0	0	0	0
IS	186	0	0	0	0
IS	187	0	0	0	0
IS	188	0	0	0	0
IS	189	0	0	0	0
IS	190	0	0	0	0
IS	191	0	0	0	0
IS	192	0	0	0	0
IS	193	0	0	0	0
IS	194	0	0	0	0
IS	195	0	0	0	0
IS	196	0	0	0	0
IS	197	0	0	0	0
IS	198	0	0	0	0
IS	199	0	0	0	0
IS	200	0	0	0	0
IS	201	0	0	0	0
IS	202	0	0	0	0
IS	203	0	0	0	0
IS	204	0	0	0	0
IS	205	0	0	0	0
IS	206	0	0	0	0
IS	207	0	0	0	0
IS	208	0	0	0	0
IS	209	0	0	0	0
IS	210	0	0	0	0
IS	211	0	0	0	0
IS	212	0	0	0	0
IS	213	0	0	0	0
IS	214	0	0	0	0
IS	215	0	0	0	0
IS	216	0	0	0	0
IS	217	0	0	0	0
IS	218	0	0	0	0
IS	219	0	0	0	0
IS	220	0	0	0	0
IS	221	0	0	0	0
IS	222	0	0	0	0
IS	223	0	0	0	0
IS	224	0	0	0	0
IS	225	0	0	0	0
IS	226	0	0	0	0
IS	227	0	0	0	0
IS	228	0	0	0	0
IS	229	0	0	0	0
IS	230	0	0	0	0
IS	231	0	0	0	0
IS	232	0	0	0	0
IS	233	0	0	0	0
IS	234	0	0	0	0
IS	235	0	0	0	0
IS	236	0	0	0	0
IS	237	0	0	0	0
IS	238	0	0	0	0
IS	239	0	0	0	0
IS	240	0	0	0	0
IS	241	0	0	0	0
IS	242	0	0	0	0
IS	243	0	0	0	0
IS	244	0	0	0	0
IS	245	0	0	0	0
IS	246	0	0	0	0
IS	247	0	0	0	0
IS	248	0	0	0	0
IS	249	0	0	0	0
IS	250	0	0	0	0
IS	251	0	0	0	0
IS	252	0	0	0	0
IS	253	0	0	0	0
IS	254	0	0	0	0
IS	255	0	0	0	0
IS	256	0	0	0	0
IS	257	0	0	0	0
IS	258	0	0	0	0
IS	259	0	0	0	0
IS	260	0	0	0	0
IS	261	0	0	0	0
IS	262	0	0	0	0
IS	263	0	0	0	0
IS	264	0	0	0	0
IS	265	0	0	0	0
IS	266	0	0	0	0
IS	267	0	0	0	0
IS	268	0	0	0	0
IS	269	0	0	0	0
IS	270	0	0	0	0
IS	271	0	0	0	0
IS	272	0	0	0	0
IS	273	0	0	0	0
IS	274	0	0	0	0
IS	275	0	0	0	0
IS	276	0	0	0	0
IS	277	0	0	0	0
IS	278	0	0	0	0
IS	279	0	0	0	0
IS	280	0	0	0	0
IS	281	0	0	0	0
IS	282	0	0	0	0
IS	283	0	0	0	0
IS	284	0	0	0	0
IS	285	0	0	0	0
IS	286	0	0	0	0
IS	287	0	0	0	0
IS	288	0	0	0	0
IS	289	0	0	0	0
IS	290	0	0	0	0
IS	291	0	0	0	0
IS	292	0	0	0	0
IS	293	0	0	0	0
IS	294	0	0	0	0
IS	295	0	0	0	0
IS	296	0	0	0	0
IS	297	0	0	0	0
IS	298	0	0	0	0
IS	299	0	0	0	0
IS	300	0	0	0	0
IS	301	0	0	0	0
IS	302	0	0	0	0
IS	303	0	0	0	0
IS	304	0	0	0	0
IS	305	0	0	0	0
IS	306	0	0	0	0
IS	307	0	0	0	0
IS	308	0	0	0	0
IS	309	0	0	0	0
IS	310	0	0	0	0
IS	311	0	0	0	0
IS	312	0	0	0	0
IS	313	0	0	0	0
IS	314	0	0	0	0
IS	315	0	0	0	0
IS	316	0	0	0	0
IS	317	0	0	0	0
IS	318	0	0	0	0
IS	319	0	0	0	0
IS	320	0	0	0	0
IS	321	0	0	0	0
IS	322	0	0	0	0
IS	323	0	0	0	0
IS	324	0	0	0	0
IS	325	0	0	0	0
IS	326	0	0	0	0
IS	327	0	0	0	0
IS	328	0	0	0	0
IS	329	0	0	0	0
IS	330	0	0	0	0
IS	331	0	0	0	0
IS	332	0	0	0	0
IS	333	0	0	0	0
IS	334	0	0	0	0
IS	335	0	0	0	0
IS	336	0	0	0	0
IS	337	0	0	0	0
IS	338	0	0	0	0
IS	339	0	0	0	0
IS	340	0	0	0	0
IS	341	0	0	0	0
IS	342	0	0	0	0
IS	343	1	1	0	0
IS	344	0	0	0	0
IS	345	0	0	0	0
IS	346	0	0	0	0
IS	347	0	0	0	0
IS	348	0	0	0	0
IS	349	0	0	0	0
IS	350	0	0	0	0
IS	351	0	0	0	0
IS	352	1	1	0	0
IS	353	0	0	0	0
IS	354	1	1	0	0
IS	355	0	0	0	0
IS	356	1	1	0	0
IS	357	0	0	0	0
IS	358	0	0	0	0
IS	359	1	1	0	0
IS	360	1	1	0	0
IS	361	1	1	0	0
IS	362	0	0	0	0
IS	363	0	0	0	0
IS	364	0	0	0	0
IS	365	0	0	0	0
IS	366	2	2	0	0
IS	367	0	0	0	0
IS	368	1	1	0	0
IS	369	0	0	0	0
IS	370	0	0	0	0
IS	371	0	0	0	0
IS	372	0	0	0	0
IS	373	1	1	0	0
IS	374	0	0	0	0
IS	375	2	2	0	0
IS	376	0	0	0	0
IS	377	0	0	0	0
IS	378	0	0	0	0
IS	379	0	0	0	0
IS	380	0	0	0	0
IS	381	1	1	0	0
IS	382	1	1	0	0
IS	383	0	0	0	0
IS	384	0	0	0	0
IS	385	0	0	0	0
IS	386	2	2	0	0
IS	387	0	0	0	0
IS	388	2	2	0	0
IS	389	1	1	0	0
IS	390	1	1	0	0
IS	391	1	1	0	0
IS	392	1	1	0	0
IS	393	4	4	0	0
IS	394	0	0	0	0
IS	395	1	1	0	0
IS	396	2	2	0	0
IS	397	1	1	0	0
IS	398	1	1	0	0
IS	399	0	0	0	0
IS	400	1	1	0	0
IS	401	1	1	0	0
IS	402	2	2	0	0
IS	403	2	2	0	0
IS	404	3	3	0	0
IS	405	1	1	0	0
IS	406	3	3	0	0
IS	407	2	2	0	0
IS	408	2	2	0	0
IS	409	4	4	0	0
IS	410	3	3	0	0
IS	411	1	1	0	0
IS	412	2	2	0	0
IS	413	0	0	0	0
IS	414	2	2	0	0
IS	415	8	8	0	0
IS	416	3	3	0	0
IS	417	4	4	0	0
IS	418	2	2	0	0
IS	419	5	5	0	0
IS	420	2	2	0	0
IS	421	6	6	0	0
IS	422	3	3	0	0
IS	423	5	5	0	0
IS	424	5	5	0	0
IS	425	4	4	0	0
IS	426	3	3	0	0
IS	427	4	4	0	0
IS	428	7	7	0	0
IS	429	6	6	0	0
IS	430	5	5	0	0
IS	431	4	4	0	0
IS	432	7	7	0	0
IS	433	8	8	0	0
IS	434	3	3	0	0
IS	435	6	6	0	0
IS	436	6	6	0	0
IS	437	5	5	0	0
IS	438	11	11	0	0
IS	439	8	8	0	0
IS	440	8	8	0	0
IS	441	10	10	0	0
IS	442	8	8	0	0
IS	443	10	10	0	0
IS	444	13	13	0	0
IS	445	3	3	0	0
IS	446	8	8	0	0
IS	447	10	10	0	0
IS	448	7	7	0	0
IS	449	13	13	0	0
IS	450	8	8	0	0
IS	451	11	11	0	0
IS	452	11	11	0	0
IS	453	14	14	0	0
IS	454	7	7	0	0
IS	455	13	13	0	0
IS	456	10	10	0	0
IS	457	13	13	0	0
IS	458	10	10	0	0
IS	459	16	16	0	0
IS	460	12	12	0	0
IS	461	10	10	0	0
IS	462	16	16	0	0
IS	463	10	10	0	0
IS	464	10	10	0	0
IS	465	10	10	0	0
IS	466	14	14	0	0
IS	467	11	11	0	0
IS	468	11	11	0	0
IS	469	12	12	0	0
IS	470	10	10	0	0
IS	471	16	16	0	0
IS	472	9	9	0	0
IS	473	19	19	0	0
IS	474	8	8	0	0
IS	475	15	15	0	0
IS	476	13	13	0	0
IS	477	13	13	0	0
IS	478	14	14	0	0
IS	479	17	17	0	0
IS	480	12	12	0	0
IS	481	12	12	0	0
IS	482	9	9	0	0
IS	483	12	12	0	0
IS	484	15	15	0	0
IS	485	8	8	0	0
IS	486	20	20	0	0
IS	487	12	12	0	0
IS	488	17	17	0	0
IS	489	25	25	0	0
IS	490	17	17	0	0
IS	491	21	21	0	0
IS	492	19	19	0	0
IS	493	13	13	0	0
IS	494	14	14	0	0
IS	495	16	16	0	0
IS	496	12	12	0	0
IS	497	11	11	0	0
IS	498	17	17	0	0
IS	499	21	21	0	0
IS	500	17	17	0	0
IS	501	21	21	0	0
IS	502	23	23	0	0
IS	503	17	17	0	0
IS	504	23	23	0	0
IS	505	11	11	0	0
IS	506	14	14	0	0
IS	507	18	18	0	0
IS	508	15	15	0	0
IS	509	19	19	0	0
IS	510	22	22	0	0
IS	511	27	27	0	0
IS	512	12	12	0	0
IS	513	14	14	0	0
IS	514	12	12	0	0
IS	515	13	13	0	0
IS	516	11	11	0	0
IS	517	18	18	0	0
IS	518	22	22	0	0
IS	519	17	17	0	0
IS	520	16	16	0	0
IS	521	16	16	0	0
IS	522	18	18	0	0
IS	523	19	19	0	0
IS	524	16	16	0	0
IS	525	14	14	0	0
IS	526	16	16	0	0
IS	527	19	19	0	0
IS	528	19	19	0	0
IS	529	13	13	0	0
IS	530	18	18	0	0
IS	531	18	18	0	0
IS	532	18	18	0	0
IS	533	12	12	0	0
IS	534	9	9	0	0
IS	535	11	11	0	0
IS	536	11	11	0	0
IS	537	17	17	0	0
IS	538	11	11	0	0
IS	539	8	8	0	0
IS	540	12	12	0	0
IS	541	6	6	0	0
IS	542	13	13	0	0
IS	543	9	9	0	0
IS	544	8	8	0	0
IS	545	8	8	0	0
IS	546	5	5	0	0
IS	547	12	12	0	0
IS	548	10	10	0	0
IS	549	6	6	0	0
IS	550	7	7	0	0
IS	551	8	8	0	0
IS	552	10	10	0	0
IS	553	7	7	0	0
IS	554	12	12	0	0
IS	555	8	8	0	0
IS	556	10	10	0	0
IS	557	5	5	0	0
IS	558	13	13	0	0
IS	559	10	10	0	0
IS	560	6	6	0	0
IS	561	9	9	0	0
IS	562	4	4	0	0
IS	563	8	8	0	0
IS	564	6	6	0	0
IS	565	6	6	0	0
IS	566	8	8	0	0
IS	567	7	7	0	0
IS	568	6	6	0	0
IS	569	7	7	0	0
IS	570	3	3	0	0
IS	571	4	4	0	0
IS	572	7	7	0	0
IS	573	4	4	0	0
IS	574	7	7	0	0
IS	575	6	6	0	0
IS	576	5	5	0	0
IS	577	4	4	0	0
IS	578	5	5	0	0
IS	579	3	3	0	0
IS	580	4	4	0	0
IS	581	5	5	0	0
IS	582	9	9	0	0
IS	583	3	3	0	0
IS	584	2	2	0	0
IS	585	1	1	0	0
IS	586	4	4	0	0
IS	587	3	3	0	0
IS	588	5	5	0	0
IS	589	6	6	0	0
IS	590	2	2	0	0
IS	591	5	5	0	0
IS	592	6	6	0	0
IS	593	3	3	0	0
IS	594	3	3	0	0
IS	595	4	4	0	0
IS	596	4	4	0	0
IS	597	3	3	0	0
IS	598	4	4	0	0
IS	599	1	1	0	0
IS	600	4	4	0	0
IS	601	1	1	0	0
IS	602	0	0	0	0
IS	603	4	4	0	0
IS	604	3	3	0	0
IS	605	0	0	0	0
IS	606	2	2	0	0
IS	607	0	0	0	0
IS	608	3	3	0	0
IS	609	0	0	0	0
IS	610	0	0	0	0
IS	611	1	1	0	0
IS	612	2	2	0	0
IS	613	0	0	0	0
IS	614	3	3	0	0
# Read lengths. Use `grep ^RL | cut -f 2-` to extract this part. The columns are: read length, count
RL	150	4008
# Read lengths - first fragments. Use `grep ^FRL | cut -f 2-` to extract this part. The columns are: read length, count
FRL	150	2004
# Read lengths - last fragments. Use `grep ^LRL | cut -f 2-` to extract this part. The columns are: read length, count
LRL	150	2004
# Mapping qualities for reads !(UNMAP|SECOND|SUPPL|QCFAIL|DUP). Use `grep ^MAPQ | cut -f 2-` to extract this part. The columns are: mapq, count
MAPQ	0	10
MAPQ	27	12
MAPQ	33	2
MAPQ	39	2
MAPQ	40	27
MAPQ	41	1
MAPQ	45	1
MAPQ	46	1
MAPQ	48	38
MAPQ	50	4
MAPQ	52	3
MAPQ	56	1
MAPQ	57	13
MAPQ	59	2
MAPQ	60	3891
# Indel distribution. Use `grep ^ID | cut -f 2-` to extract this part. The columns are: length, number of insertions, number of deletions
# Indels per cycle. Use `grep ^IC | cut -f 2-` to extract this part. The columns are: cycle, number of insertions (fwd), .. (rev) , number of deletions (fwd), .. (rev)
# Coverage distribution. Use `grep ^COV | cut -f 2-` to extract this part.
COV	[1-1]	1	4728
COV	[2-2]	2	9560
COV	[3-3]	3	14972
COV	[4-4]	4	20061
COV	[5-5]	5	19886
COV	[6-6]	6	16866
COV	[7-7]	7	12321
COV	[8-8]	8	9261
COV	[9-9]	9	5098
COV	[10-10]	10	2582
COV	[11-11]	11	1057
COV	[12-12]	12	400
COV	[13-13]	13	216
COV	[14-14]	14	21
# GC-depth. Use `grep ^GCD | cut -f 2-` to extract this part. The columns are: GC%, unique sequence percentiles, 10th, 25th, 50th, 75th and 90th depth percentile
GCD	0.0	15.385	0.000	0.000	0.000	0.000	0.000
GCD	37.0	30.769	2.505	2.505	2.505	2.505	2.505
GCD	38.0	61.538	2.505	2.505	2.505	2.505	2.505
GCD	39.0	92.308	2.505	2.505	2.505	2.505	2.505
GCD	45.0	100.000	2.505	2.505	2.505	2.505	2.505
