# This file was produced by samtools stats (1.20+htslib-1.21) and can be plotted using plot-bamstats
# This file contains statistics for all reads.
# The command line was:  stats sample3816.sorted.bam
# CHK, Checksum	[2]Read Names	[3]Sequences	[4]Qualities
# CHK, CRC32 of reads which passed filtering followed by addition (32bit overflow)
CHK	c18db678	bbf12f55	0863eca2
# Summary Numbers. Use `grep ^SN | cut -f 2-` to extract this part.
SN	raw total sequences:	4008	# excluding supplementary and secondary reads
SN	filtered sequences:	0
SN	sequences:	4008
SN	is sorted:	1
SN	1st fragments:	2004
SN	last fragments:	2004
SN	reads mapped:	4008
SN	reads mapped and paired:	4008	# paired-end technology bit set + both mates mapped
SN	reads unmapped:	0
SN	reads properly paired:	4008	# proper-pair bit set
SN	reads paired:	4008	# paired-end technology bit set
SN	reads duplicated:	0	# PCR or optical duplicate bit set
SN	reads MQ0:	14	# mapped and MQ=0
SN	reads QC failed:	0
SN	non-primary alignments:	0
SN	supplementary alignments:	0
SN	total length:	601192	# ignores clipping
SN	total first fragment length:	300600	# ignores clipping
SN	total last fragment length:	300592	# ignores clipping
SN	bases mapped:	601192	# ignores clipping
SN	bases mapped (cigar):	601192	# more accurate
SN	bases trimmed:	0
SN	bases duplicated:	0
SN	mismatches:	932	# from NM fields
SN	error rate:	1.550253e-03	# mismatches / bases mapped (cigar)
SN	average length:	150
SN	average first fragment length:	150
SN	average last fragment length:	150
SN	maximum length:	150
SN	maximum first fragment length:	150
SN	maximum last fragment length:	150
SN	average quality:	30.0
SN	insert size average:	498.2
SN	insert size standard deviation:	49.3
SN	inward oriented pairs:	2004
SN	outward oriented pairs:	0
SN	pairs with other orientation:	0
SN	pairs on different chromosomes:	0
SN	percentage of properly paired reads (%):	100.0
# First Fragment Qualities. Use `grep ^FFQ | cut -f 2-` to extract this part.
# Columns correspond to qualities and rows to cycles. First column is the cycle number.
FFQ	1	0	0	0	0	0	0	0	0	0	0	0	0	0	0	0	0	0	0	0	0	0	0	0	0	0	0	0	0	0	0	2004	0
FFQ	2	0	0	0	0	0	0	0	0	0	0	0	0	0	0	0	0	0	0	0	0	0	0	0	0	0	0	0	0	0	0	2004	0
FFQ	3	0	0	0	0	0	0	0	0	0	0	0	0	0	0	0	0	0	0	0	0	0	0	0	0	0	0	0	0	0	0	2004	0
FFQ	4	0	0	0	0	0	0	0	0	0	0	0	0	0	0	0	0	0	0	0	0	0	0	0	0	0	0	0	0	0	0	2004	0
FFQ	5	0	0	0	0	0	0	0	0	0	0	0	0	0	0	0	0	0	0	0	0	0	0	0	0	0	0	0	0	0	0	2004	0
FFQ	6	0	0	0	0	0	0	0	0	0	0	0	0	0	0	0	0	0	0	0	0	0	0	0	0	0	0	0	0	0	0	2004	0
FFQ	7	0	0	0	0	0	0	0	0	0	0	0	0	0	0	0	0	0	0	0	0	0	0	0	0	0	0	0	0	0	0	2004	0
FFQ	8	0	0	0	0	0	0	0	0	0	0	0	0	0	0	0	0	0	0	0	0	0	0	0	0	0	0	0	0	0	0	2004	0
FFQ	9	0	0	0	0	0	0	0	0	0	0	0	0	0	0	0	0	0	0	0	0	0	0	0	0	0	0	0	0	0	0	2004	0
FFQ	10	0	0	0	0	0	0	0	0	0	0	0	0	0	0	0	0	0	0	0	0	0	0	0	0	0	0	0	0	0	0	2004	0
FFQ	11	0	0	0	0	0	0	0	0	0	0	0	0	0	0	0	0	0	0	0	0	0	0	0	0	0	0	0	0	0	0	2004	0
FFQ	12	0	0	0	0	0	0	0	0	0	0	0	0	0	0	0	0	0	0	0	0	0	0	0	0	0	0	0	0	0	0	2004	0
FFQ	13	0	0	0	0	0	0	0	0	0	0	0	0	0	0	0	0	0	0	0	0	0	0	0	0	0	0	0	0	0	0	2004	0
FFQ	14	0	0	0	0	0	0	0	0	0	0	0	0	0	0	0	0	0	0	0	0	0	0	0	0	0	0	0	0	0	0	2004	0
FFQ	15	0	0	0	0	0	0	0	0	0	0	0	0	0	0	0	0	0	0	0	0	0	0	0	0	0	0	0	0	0	0	2004	0
FFQ	16	0	0	0	0	0	0	0	0	0	0	0	0	0	0	0	0	0	0	0	0	0	0	0	0	0	0	0	0	0	0	2004	0
FFQ	17	0	0	0	0	0	0	0	0	0	0	0	0	0	0	0	0	0	0	0	0	0	0	0	0	0	0	0	0	0	0	2004	0
FFQ	18	0	0	0	0	0	0	0	0	0	0	0	0	0	0	0	0	0	0	0	0	0	0	0	0	0	0	0	0	0	0	2004	0
FFQ	19	0	0	0	0	0	0	0	0	0	0	0	0	0	0	0	0	0	0	0	0	0	0	0	0	0	0	0	0	0	0	2004	0
FFQ	20	0	0	0	0	0	0	0	0	0	0	0	0	0	0	0	0	0	0	0	0	0	0	0	0	0	0	0	0	0	0	2004	0
FFQ	21	0	0	0	0	0	0	0	0	0	0	0	0	0	0	0	0	0	0	0	0	0	0	0	0	0	0	0	0	0	0	2004	0
FFQ	22	0	0	0	0	0	0	0	0	0	0	0	0	0	0	0	0	0	0	0	0	0	0	0	0	0	0	0	0	0	0	2004	0
FFQ	23	0	0	0	0	0	0	0	0	0	0	0	0	0	0	0	0	0	0	0	0	0	0	0	0	0	0	0	0	0	0	2004	0
FFQ	24	0	0	0	0	0	0	0	0	0	0	0	0	0	0	0	0	0	0	0	0	0	0	0	0	0	0	0	0	0	0	2004	0
FFQ	25	0	0	0	0	0	0	0	0	0	0	0	0	0	0	0	0	0	0	0	0	0	0	0	0	0	0	0	0	0	0	2004	0
FFQ	26	0	0	0	0	0	0	0	0	0	0	0	0	0	0	0	0	0	0	0	0	0	0	0	0	0	0	0	0	0	0	2004	0
FFQ	27	0	0	0	0	0	0	0	0	0	0	0	0	0	0	0	0	0	0	0	0	0	0	0	0	0	0	0	0	0	0	2004	0
FFQ	28	0	0	0	0	0	0	0	0	0	0	0	0	0	0	0	0	0	0	0	0	0	0	0	0	0	0	0	0	0	0	2004	0
FFQ	29	0	0	0	0	0	0	0	0	0	0	0	0	0	0	0	0	0	0	0	0	0	0	0	0	0	0	0	0	0	0	2004	0
FFQ	30	0	0	0	0	0	0	0	0	0	0	0	0	0	0	0	0	0	0	0	0	0	0	0	0	0	0	0	0	0	0	2004	0
FFQ	31	0	0	0	0	0	0	0	0	0	0	0	0	0	0	0	0	0	0	0	0	0	0	0	0	0	0	0	0	0	0	2004	0
FFQ	32	0	0	0	0	0	0	0	0	0	0	0	0	0	0	0	0	0	0	0	0	0	0	0	0	0	0	0	0	0	0	2004	0
FFQ	33	0	0	0	0	0	0	0	0	0	0	0	0	0	0	0	0	0	0	0	0	0	0	0	0	0	0	0	0	0	0	2004	0
FFQ	34	0	0	0	0	0	0	0	0	0	0	0	0	0	0	0	0	0	0	0	0	0	0	0	0	0	0	0	0	0	0	2004	0
FFQ	35	0	0	0	0	0	0	0	0	0	0	0	0	0	0	0	0	0	0	0	0	0	0	0	0	0	0	0	0	0	0	2004	0
FFQ	36	0	0	0	0	0	0	0	0	0	0	0	0	0	0	0	0	0	0	0	0	0	0	0	0	0	0	0	0	0	0	2004	0
FFQ	37	0	0	0	0	0	0	0	0	0	0	0	0	0	0	0	0	0	0	0	0	0	0	0	0	0	0	0	0	0	0	2004	0
FFQ	38	0	0	0	0	0	0	0	0	0	0	0	0	0	0	0	0	0	0	0	0	0	0	0	0	0	0	0	0	0	0	2004	0
FFQ	39	0	0	0	0	0	0	0	0	0	0	0	0	0	0	0	0	0	0	0	0	0	0	0	0	0	0	0	0	0	0	2004	0
FFQ	40	0	0	0	0	0	0	0	0	0	0	0	0	0	0	0	0	0	0	0	0	0	0	0	0	0	0	0	0	0	0	2004	0
FFQ	41	0	0	0	0	0	0	0	0	0	0	0	0	0	0	0	0	0	0	0	0	0	0	0	0	0	0	0	0	0	0	2004	0
FFQ	42	0	0	0	0	0	0	0	0	0	0	0	0	0	0	0	0	0	0	0	0	0	0	0	0	0	0	0	0	0	0	2004	0
FFQ	43	0	0	0	0	0	0	0	0	0	0	0	0	0	0	0	0	0	0	0	0	0	0	0	0	0	0	0	0	0	0	2004	0
FFQ	44	0	0	0	0	0	0	0	0	0	0	0	0	0	0	0	0	0	0	0	0	0	0	0	0	0	0	0	0	0	0	2004	0
FFQ	45	0	0	0	0	0	0	0	0	0	0	0	0	0	0	0	0	0	0	0	0	0	0	0	0	0	0	0	0	0	0	2004	0
FFQ	46	0	0	0	0	0	0	0	0	0	0	0	0	0	0	0	0	0	0	0	0	0	0	0	0	0	0	0	0	0	0	2004	0
FFQ	47	0	0	0	0	0	0	0	0	0	0	0	0	0	0	0	0	0	0	0	0	0	0	0	0	0	0	0	0	0	0	2004	0
FFQ	48	0	0	0	0	0	0	0	0	0	0	0	0	0	0	0	0	0	0	0	0	0	0	0	0	0	0	0	0	0	0	2004	0
FFQ	49	0	0	0	0	0	0	0	0	0	0	0	0	0	0	0	0	0	0	0	0	0	0	0	0	0	0	0	0	0	0	2004	0
FFQ	50	0	0	0	0	0	0	0	0	0	0	0	0	0	0	0	0	0	0	0	0	0	0	0	0	0	0	0	0	0	0	2004	0
FFQ	51	0	0	0	0	0	0	0	0	0	0	0	0	0	0	0	0	0	0	0	0	0	0	0	0	0	0	0	0	0	0	2004	0
FFQ	52	0	0	0	0	0	0	0	0	0	0	0	0	0	0	0	0	0	0	0	0	0	0	0	0	0	0	0	0	0	0	2004	0
FFQ	53	0	0	0	0	0	0	0	0	0	0	0	0	0	0	0	0	0	0	0	0	0	0	0	0	0	0	0	0	0	0	2004	0
FFQ	54	0	0	0	0	0	0	0	0	0	0	0	0	0	0	0	0	0	0	0	0	0	0	0	0	0	0	0	0	0	0	2004	0
FFQ	55	0	0	0	0	0	0	0	0	0	0	0	0	0	0	0	0	0	0	0	0	0	0	0	0	0	0	0	0	0	0	2004	0
FFQ	56	0	0	0	0	0	0	0	0	0	0	0	0	0	0	0	0	0	0	0	0	0	0	0	0	0	0	0	0	0	0	2004	0
FFQ	57	0	0	0	0	0	0	0	0	0	0	0	0	0	0	0	0	0	0	0	0	0	0	0	0	0	0	0	0	0	0	2004	0
FFQ	58	0	0	0	0	0	0	0	0	0	0	0	0	0	0	0	0	0	0	0	0	0	0	0	0	0	0	0	0	0	0	2004	0
FFQ	59	0	0	0	0	0	0	0	0	0	0	0	0	0	0	0	0	0	0	0	0	0	0	0	0	0	0	0	0	0	0	2004	0
FFQ	60	0	0	0	0	0	0	0	0	0	0	0	0	0	0	0	0	0	0	0	0	0	0	0	0	0	0	0	0	0	0	2004	0
FFQ	61	0	0	0	0	0	0	0	0	0	0	0	0	0	0	0	0	0	0	0	0	0	0	0	0	0	0	0	0	0	0	2004	0
FFQ	62	0	0	0	0	0	0	0	0	0	0	0	0	0	0	0	0	0	0	0	0	0	0	0	0	0	0	0	0	0	0	2004	0
FFQ	63	0	0	0	0	0	0	0	0	0	0	0	0	0	0	0	0	0	0	0	0	0	0	0	0	0	0	0	0	0	0	2004	0
FFQ	64	0	0	0	0	0	0	0	0	0	0	0	0	0	0	0	0	0	0	0	0	0	0	0	0	0	0	0	0	0	0	2004	0
FFQ	65	0	0	0	0	0	0	0	0	0	0	0	0	0	0	0	0	0	0	0	0	0	0	0	0	0	0	0	0	0	0	2004	0
FFQ	66	0	0	0	0	0	0	0	0	0	0	0	0	0	0	0	0	0	0	0	0	0	0	0	0	0	0	0	0	0	0	2004	0
FFQ	67	0	0	0	0	0	0	0	0	0	0	0	0	0	0	0	0	0	0	0	0	0	0	0	0	0	0	0	0	0	0	2004	0
FFQ	68	0	0	0	0	0	0	0	0	0	0	0	0	0	0	0	0	0	0	0	0	0	0	0	0	0	0	0	0	0	0	2004	0
FFQ	69	0	0	0	0	0	0	0	0	0	0	0	0	0	0	0	0	0	0	0	0	0	0	0	0	0	0	0	0	0	0	2004	0
FFQ	70	0	0	0	0	0	0	0	0	0	0	0	0	0	0	0	0	0	0	0	0	0	0	0	0	0	0	0	0	0	0	2004	0
FFQ	71	0	0	0	0	0	0	0	0	0	0	0	0	0	0	0	0	0	0	0	0	0	0	0	0	0	0	0	0	0	0	2004	0
FFQ	72	0	0	0	0	0	0	0	0	0	0	0	0	0	0	0	0	0	0	0	0	0	0	0	0	0	0	0	0	0	0	2004	0
FFQ	73	0	0	0	0	0	0	0	0	0	0	0	0	0	0	0	0	0	0	0	0	0	0	0	0	0	0	0	0	0	0	2004	0
FFQ	74	0	0	0	0	0	0	0	0	0	0	0	0	0	0	0	0	0	0	0	0	0	0	0	0	0	0	0	0	0	0	2004	0
FFQ	75	0	0	0	0	0	0	0	0	0	0	0	0	0	0	0	0	0	0	0	0	0	0	0	0	0	0	0	0	0	0	2004	0
FFQ	76	0	0	0	0	0	0	0	0	0	0	0	0	0	0	0	0	0	0	0	0	0	0	0	0	0	0	0	0	0	0	2004	0
FFQ	77	0	0	0	0	0	0	0	0	0	0	0	0	0	0	0	0	0	0	0	0	0	0	0	0	0	0	0	0	0	0	2004	0
FFQ	78	0	0	0	0	0	0	0	0	0	0	0	0	0	0	0	0	0	0	0	0	0	0	0	0	0	0	0	0	0	0	2004	0
FFQ	79	0	0	0	0	0	0	0	0	0	0	0	0	0	0	0	0	0	0	0	0	0	0	0	0	0	0	0	0	0	0	2004	0
FFQ	80	0	0	0	0	0	0	0	0	0	0	0	0	0	0	0	0	0	0	0	0	0	0	0	0	0	0	0	0	0	0	2004	0
FFQ	81	0	0	0	0	0	0	0	0	0	0	0	0	0	0	0	0	0	0	0	0	0	0	0	0	0	0	0	0	0	0	2004	0
FFQ	82	0	0	0	0	0	0	0	0	0	0	0	0	0	0	0	0	0	0	0	0	0	0	0	0	0	0	0	0	0	0	2004	0
FFQ	83	0	0	0	0	0	0	0	0	0	0	0	0	0	0	0	0	0	0	0	0	0	0	0	0	0	0	0	0	0	0	2004	0
FFQ	84	0	0	0	0	0	0	0	0	0	0	0	0	0	0	0	0	0	0	0	0	0	0	0	0	0	0	0	0	0	0	2004	0
FFQ	85	0	0	0	0	0	0	0	0	0	0	0	0	0	0	0	0	0	0	0	0	0	0	0	0	0	0	0	0	0	0	2004	0
FFQ	86	0	0	0	0	0	0	0	0	0	0	0	0	0	0	0	0	0	0	0	0	0	0	0	0	0	0	0	0	0	0	2004	0
FFQ	87	0	0	0	0	0	0	0	0	0	0	0	0	0	0	0	0	0	0	0	0	0	0	0	0	0	0	0	0	0	0	2004	0
FFQ	88	0	0	0	0	0	0	0	0	0	0	0	0	0	0	0	0	0	0	0	0	0	0	0	0	0	0	0	0	0	0	2004	0
FFQ	89	0	0	0	0	0	0	0	0	0	0	0	0	0	0	0	0	0	0	0	0	0	0	0	0	0	0	0	0	0	0	2004	0
FFQ	90	0	0	0	0	0	0	0	0	0	0	0	0	0	0	0	0	0	0	0	0	0	0	0	0	0	0	0	0	0	0	2004	0
FFQ	91	0	0	0	0	0	0	0	0	0	0	0	0	0	0	0	0	0	0	0	0	0	0	0	0	0	0	0	0	0	0	2004	0
FFQ	92	0	0	0	0	0	0	0	0	0	0	0	0	0	0	0	0	0	0	0	0	0	0	0	0	0	0	0	0	0	0	2004	0
FFQ	93	0	0	0	0	0	0	0	0	0	0	0	0	0	0	0	0	0	0	0	0	0	0	0	0	0	0	0	0	0	0	2004	0
FFQ	94	0	0	0	0	0	0	0	0	0	0	0	0	0	0	0	0	0	0	0	0	0	0	0	0	0	0	0	0	0	0	2004	0
FFQ	95	0	0	0	0	0	0	0	0	0	0	0	0	0	0	0	0	0	0	0	0	0	0	0	0	0	0	0	0	0	0	2004	0
FFQ	96	0	0	0	0	0	0	0	0	0	0	0	0	0	0	0	0	0	0	0	0	0	0	0	0	0	0	0	0	0	0	2004	0
FFQ	97	0	0	0	0	0	0	0	0	0	0	0	0	0	0	0	0	0	0	0	0	0	0	0	0	0	0	0	0	0	0	2004	0
FFQ	98	0	0	0	0	0	0	0	0	0	0	0	0	0	0	0	0	0	0	0	0	0	0	0	0	0	0	0	0	0	0	2004	0
FFQ	99	0	0	0	0	0	0	0	0	0	0	0	0	0	0	0	0	0	0	0	0	0	0	0	0	0	0	0	0	0	0	2004	0
FFQ	100	0	0	0	0	0	0	0	0	0	0	0	0	0	0	0	0	0	0	0	0	0	0	0	0	0	0	0	0	0	0	2004	0
FFQ	101	0	0	0	0	0	0	0	0	0	0	0	0	0	0	0	0	0	0	0	0	0	0	0	0	0	0	0	0	0	0	2004	0
FFQ	102	0	0	0	0	0	0	0	0	0	0	0	0	0	0	0	0	0	0	0	0	0	0	0	0	0	0	0	0	0	0	2004	0
FFQ	103	0	0	0	0	0	0	0	0	0	0	0	0	0	0	0	0	0	0	0	0	0	0	0	0	0	0	0	0	0	0	2004	0
FFQ	104	0	0	0	0	0	0	0	0	0	0	0	0	0	0	0	0	0	0	0	0	0	0	0	0	0	0	0	0	0	0	2004	0
FFQ	105	0	0	0	0	0	0	0	0	0	0	0	0	0	0	0	0	0	0	0	0	0	0	0	0	0	0	0	0	0	0	2004	0
FFQ	106	0	0	0	0	0	0	0	0	0	0	0	0	0	0	0	0	0	0	0	0	0	0	0	0	0	0	0	0	0	0	2004	0
FFQ	107	0	0	0	0	0	0	0	0	0	0	0	0	0	0	0	0	0	0	0	0	0	0	0	0	0	0	0	0	0	0	2004	0
FFQ	108	0	0	0	0	0	0	0	0	0	0	0	0	0	0	0	0	0	0	0	0	0	0	0	0	0	0	0	0	0	0	2004	0
FFQ	109	0	0	0	0	0	0	0	0	0	0	0	0	0	0	0	0	0	0	0	0	0	0	0	0	0	0	0	0	0	0	2004	0
FFQ	110	0	0	0	0	0	0	0	0	0	0	0	0	0	0	0	0	0	0	0	0	0	0	0	0	0	0	0	0	0	0	2004	0
FFQ	111	0	0	0	0	0	0	0	0	0	0	0	0	0	0	0	0	0	0	0	0	0	0	0	0	0	0	0	0	0	0	2004	0
FFQ	112	0	0	0	0	0	0	0	0	0	0	0	0	0	0	0	0	0	0	0	0	0	0	0	0	0	0	0	0	0	0	2004	0
FFQ	113	0	0	0	0	0	0	0	0	0	0	0	0	0	0	0	0	0	0	0	0	0	0	0	0	0	0	0	0	0	0	2004	0
FFQ	114	0	0	0	0	0	0	0	0	0	0	0	0	0	0	0	0	0	0	0	0	0	0	0	0	0	0	0	0	0	0	2004	0
FFQ	115	0	0	0	0	0	0	0	0	0	0	0	0	0	0	0	0	0	0	0	0	0	0	0	0	0	0	0	0	0	0	2004	0
FFQ	116	0	0	0	0	0	0	0	0	0	0	0	0	0	0	0	0	0	0	0	0	0	0	0	0	0	0	0	0	0	0	2004	0
FFQ	117	0	0	0	0	0	0	0	0	0	0	0	0	0	0	0	0	0	0	0	0	0	0	0	0	0	0	0	0	0	0	2004	0
FFQ	118	0	0	0	0	0	0	0	0	0	0	0	0	0	0	0	0	0	0	0	0	0	0	0	0	0	0	0	0	0	0	2004	0
FFQ	119	0	0	0	0	0	0	0	0	0	0	0	0	0	0	0	0	0	0	0	0	0	0	0	0	0	0	0	0	0	0	2004	0
FFQ	120	0	0	0	0	0	0	0	0	0	0	0	0	0	0	0	0	0	0	0	0	0	0	0	0	0	0	0	0	0	0	2004	0
FFQ	121	0	0	0	0	0	0	0	0	0	0	0	0	0	0	0	0	0	0	0	0	0	0	0	0	0	0	0	0	0	0	2004	0
FFQ	122	0	0	0	0	0	0	0	0	0	0	0	0	0	0	0	0	0	0	0	0	0	0	0	0	0	0	0	0	0	0	2004	0
FFQ	123	0	0	0	0	0	0	0	0	0	0	0	0	0	0	0	0	0	0	0	0	0	0	0	0	0	0	0	0	0	0	2004	0
FFQ	124	0	0	0	0	0	0	0	0	0	0	0	0	0	0	0	0	0	0	0	0	0	0	0	0	0	0	0	0	0	0	2004	0
FFQ	125	0	0	0	0	0	0	0	0	0	0	0	0	0	0	0	0	0	0	0	0	0	0	0	0	0	0	0	0	0	0	2004	0
FFQ	126	0	0	0	0	0	0	0	0	0	0	0	0	0	0	0	0	0	0	0	0	0	0	0	0	0	0	0	0	0	0	2004	0
FFQ	127	0	0	0	0	0	0	0	0	0	0	0	0	0	0	0	0	0	0	0	0	0	0	0	0	0	0	0	0	0	0	2004	0
FFQ	128	0	0	0	0	0	0	0	0	0	0	0	0	0	0	0	0	0	0	0	0	0	0	0	0	0	0	0	0	0	0	2004	0
FFQ	129	0	0	0	0	0	0	0	0	0	0	0	0	0	0	0	0	0	0	0	0	0	0	0	0	0	0	0	0	0	0	2004	0
FFQ	130	0	0	0	0	0	0	0	0	0	0	0	0	0	0	0	0	0	0	0	0	0	0	0	0	0	0	0	0	0	0	2004	0
FFQ	131	0	0	0	0	0	0	0	0	0	0	0	0	0	0	0	0	0	0	0	0	0	0	0	0	0	0	0	0	0	0	2004	0
FFQ	132	0	0	0	0	0	0	0	0	0	0	0	0	0	0	0	0	0	0	0	0	0	0	0	0	0	0	0	0	0	0	2004	0
FFQ	133	0	0	0	0	0	0	0	0	0	0	0	0	0	0	0	0	0	0	0	0	0	0	0	0	0	0	0	0	0	0	2004	0
FFQ	134	0	0	0	0	0	0	0	0	0	0	0	0	0	0	0	0	0	0	0	0	0	0	0	0	0	0	0	0	0	0	2004	0
FFQ	135	0	0	0	0	0	0	0	0	0	0	0	0	0	0	0	0	0	0	0	0	0	0	0	0	0	0	0	0	0	0	2004	0
FFQ	136	0	0	0	0	0	0	0	0	0	0	0	0	0	0	0	0	0	0	0	0	0	0	0	0	0	0	0	0	0	0	2004	0
FFQ	137	0	0	0	0	0	0	0	0	0	0	0	0	0	0	0	0	0	0	0	0	0	0	0	0	0	0	0	0	0	0	2004	0
FFQ	138	0	0	0	0	0	0	0	0	0	0	0	0	0	0	0	0	0	0	0	0	0	0	0	0	0	0	0	0	0	0	2004	0
FFQ	139	0	0	0	0	0	0	0	0	0	0	0	0	0	0	0	0	0	0	0	0	0	0	0	0	0	0	0	0	0	0	2004	0
FFQ	140	0	0	0	0	0	0	0	0	0	0	0	0	0	0	0	0	0	0	0	0	0	0	0	0	0	0	0	0	0	0	2004	0
FFQ	141	0	0	0	0	0	0	0	0	0	0	0	0	0	0	0	0	0	0	0	0	0	0	0	0	0	0	0	0	0	0	2004	0
FFQ	142	0	0	0	0	0	0	0	0	0	0	0	0	0	0	0	0	0	0	0	0	0	0	0	0	0	0	0	0	0	0	2004	0
FFQ	143	0	0	0	0	0	0	0	0	0	0	0	0	0	0	0	0	0	0	0	0	0	0	0	0	0	0	0	0	0	0	2004	0
FFQ	144	0	0	0	0	0	0	0	0	0	0	0	0	0	0	0	0	0	0	0	0	0	0	0	0	0	0	0	0	0	0	2004	0
FFQ	145	0	0	0	0	0	0	0	0	0	0	0	0	0	0	0	0	0	0	0	0	0	0	0	0	0	0	0	0	0	0	2004	0
FFQ	146	0	0	0	0	0	0	0	0	0	0	0	0	0	0	0	0	0	0	0	0	0	0	0	0	0	0	0	0	0	0	2004	0
FFQ	147	0	0	0	0	0	0	0	0	0	0	0	0	0	0	0	0	0	0	0	0	0	0	0	0	0	0	0	0	0	0	2004	0
FFQ	148	0	0	0	0	0	0	0	0	0	0	0	0	0	0	0	0	0	0	0	0	0	0	0	0	0	0	0	0	0	0	2004	0
FFQ	149	0	0	0	0	0	0	0	0	0	0	0	0	0	0	0	0	0	0	0	0	0	0	0	0	0	0	0	0	0	0	2004	0
FFQ	150	0	0	0	0	0	0	0	0	0	0	0	0	0	0	0	0	0	0	0	0	0	0	0	0	0	0	0	0	0	0	2004	0
# Last Fragment Qualities. Use `grep ^LFQ | cut -f 2-` to extract this part.
# Columns correspond to qualities and rows to cycles. First column is the cycle number.
LFQ	1	0	0	0	0	0	0	0	0	0	0	0	0	0	0	0	0	0	0	0	0	0	0	0	0	0	0	0	0	0	0	2004	0
LFQ	2	0	0	0	0	0	0	0	0	0	0	0	0	0	0	0	0	0	0	0	0	0	0	0	0	0	0	0	0	0	0	2004	0
LFQ	3	0	0	0	0	0	0	0	0	0	0	0	0	0	0	0	0	0	0	0	0	0	0	0	0	0	0	0	0	0	0	2004	0
LFQ	4	0	0	0	0	0	0	0	0	0	0	0	0	0	0	0	0	0	0	0	0	0	0	0	0	0	0	0	0	0	0	2004	0
LFQ	5	0	0	0	0	0	0	0	0	0	0	0	0	0	0	0	0	0	0	0	0	0	0	0	0	0	0	0	0	0	0	2004	0
LFQ	6	0	0	0	0	0	0	0	0	0	0	0	0	0	0	0	0	0	0	0	0	0	0	0	0	0	0	0	0	0	0	2004	0
LFQ	7	0	0	0	0	0	0	0	0	0	0	0	0	0	0	0	0	0	0	0	0	0	0	0	0	0	0	0	0	0	0	2004	0
LFQ	8	0	0	0	0	0	0	0	0	0	0	0	0	0	0	0	0	0	0	0	0	0	0	0	0	0	0	0	0	0	0	2004	0
LFQ	9	0	0	0	0	0	0	0	0	0	0	0	0	0	0	0	0	0	0	0	0	0	0	0	0	0	0	0	0	0	0	2004	0
LFQ	10	0	0	0	0	0	0	0	0	0	0	0	0	0	0	0	0	0	0	0	0	0	0	0	0	0	0	0	0	0	0	2004	0
LFQ	11	0	0	0	0	0	0	0	0	0	0	0	0	0	0	0	0	0	0	0	0	0	0	0	0	0	0	0	0	0	0	2004	0
LFQ	12	0	0	0	0	0	0	0	0	0	0	0	0	0	0	0	0	0	0	0	0	0	0	0	0	0	0	0	0	0	0	2004	0
LFQ	13	0	0	0	0	0	0	0	0	0	0	0	0	0	0	0	0	0	0	0	0	0	0	0	0	0	0	0	0	0	0	2004	0
LFQ	14	0	0	0	0	0	0	0	0	0	0	0	0	0	0	0	0	0	0	0	0	0	0	0	0	0	0	0	0	0	0	2004	0
LFQ	15	0	0	0	0	0	0	0	0	0	0	0	0	0	0	0	0	0	0	0	0	0	0	0	0	0	0	0	0	0	0	2004	0
LFQ	16	0	0	0	0	0	0	0	0	0	0	0	0	0	0	0	0	0	0	0	0	0	0	0	0	0	0	0	0	0	0	2004	0
LFQ	17	0	0	0	0	0	0	0	0	0	0	0	0	0	0	0	0	0	0	0	0	0	0	0	0	0	0	0	0	0	0	2004	0
LFQ	18	0	0	0	0	0	0	0	0	0	0	0	0	0	0	0	0	0	0	0	0	0	0	0	0	0	0	0	0	0	0	2004	0
LFQ	19	0	0	0	0	0	0	0	0	0	0	0	0	0	0	0	0	0	0	0	0	0	0	0	0	0	0	0	0	0	0	2004	0
LFQ	20	0	0	0	0	0	0	0	0	0	0	0	0	0	0	0	0	0	0	0	0	0	0	0	0	0	0	0	0	0	0	2004	0
LFQ	21	0	0	0	0	0	0	0	0	0	0	0	0	0	0	0	0	0	0	0	0	0	0	0	0	0	0	0	0	0	0	2004	0
LFQ	22	0	0	0	0	0	0	0	0	0	0	0	0	0	0	0	0	0	0	0	0	0	0	0	0	0	0	0	0	0	0	2004	0
LFQ	23	0	0	0	0	0	0	0	0	0	0	0	0	0	0	0	0	0	0	0	0	0	0	0	0	0	0	0	0	0	0	2004	0
LFQ	24	0	0	0	0	0	0	0	0	0	0	0	0	0	0	0	0	0	0	0	0	0	0	0	0	0	0	0	0	0	0	2004	0
LFQ	25	0	0	0	0	0	0	0	0	0	0	0	0	0	0	0	0	0	0	0	0	0	0	0	0	0	0	0	0	0	0	2004	0
LFQ	26	0	0	0	0	0	0	0	0	0	0	0	0	0	0	0	0	0	0	0	0	0	0	0	0	0	0	0	0	0	0	2004	0
LFQ	27	0	0	0	0	0	0	0	0	0	0	0	0	0	0	0	0	0	0	0	0	0	0	0	0	0	0	0	0	0	0	2004	0
LFQ	28	0	0	0	0	0	0	0	0	0	0	0	0	0	0	0	0	0	0	0	0	0	0	0	0	0	0	0	0	0	0	2004	0
LFQ	29	0	0	0	0	0	0	0	0	0	0	0	0	0	0	0	0	0	0	0	0	0	0	0	0	0	0	0	0	0	0	2004	0
LFQ	30	0	0	0	0	0	0	0	0	0	0	0	0	0	0	0	0	0	0	0	0	0	0	0	0	0	0	0	0	0	0	2004	0
LFQ	31	0	0	0	0	0	0	0	0	0	0	0	0	0	0	0	0	0	0	0	0	0	0	0	0	0	0	0	0	0	0	2004	0
LFQ	32	0	0	0	0	0	0	0	0	0	0	0	0	0	0	0	0	0	0	0	0	0	0	0	0	0	0	0	0	0	0	2004	0
LFQ	33	0	0	0	0	0	0	0	0	0	0	0	0	0	0	0	0	0	0	0	0	0	0	0	0	0	0	0	0	0	0	2004	0
LFQ	34	0	0	0	0	0	0	0	0	0	0	0	0	0	0	0	0	0	0	0	0	0	0	0	0	0	0	0	0	0	0	2004	0
LFQ	35	0	0	0	0	0	0	0	0	0	0	0	0	0	0	0	0	0	0	0	0	0	0	0	0	0	0	0	0	0	0	2004	0
LFQ	36	0	0	0	0	0	0	0	0	0	0	0	0	0	0	0	0	0	0	0	0	0	0	0	0	0	0	0	0	0	0	2004	0
LFQ	37	0	0	0	0	0	0	0	0	0	0	0	0	0	0	0	0	0	0	0	0	0	0	0	0	0	0	0	0	0	0	2004	0
LFQ	38	0	0	0	0	0	0	0	0	0	0	0	0	0	0	0	0	0	0	0	0	0	0	0	0	0	0	0	0	0	0	2004	0
LFQ	39	0	0	0	0	0	0	0	0	0	0	0	0	0	0	0	0	0	0	0	0	0	0	0	0	0	0	0	0	0	0	2004	0
LFQ	40	0	0	0	0	0	0	0	0	0	0	0	0	0	0	0	0	0	0	0	0	0	0	0	0	0	0	0	0	0	0	2004	0
LFQ	41	0	0	0	0	0	0	0	0	0	0	0	0	0	0	0	0	0	0	0	0	0	0	0	0	0	0	0	0	0	0	2004	0
LFQ	42	0	0	0	0	0	0	0	0	0	0	0	0	0	0	0	0	0	0	0	0	0	0	0	0	0	0	0	0	0	0	2004	0
LFQ	43	0	0	0	0	0	0	0	0	0	0	0	0	0	0	0	0	0	0	0	0	0	0	0	0	0	0	0	0	0	0	2004	0
LFQ	44	0	0	0	0	0	0	0	0	0	0	0	0	0	0	0	0	0	0	0	0	0	0	0	0	0	0	0	0	0	0	2004	0
LFQ	45	0	0	0	0	0	0	0	0	0	0	0	0	0	0	0	0	0	0	0	0	0	0	0	0	0	0	0	0	0	0	2004	0
LFQ	46	0	0	0	0	0	0	0	0	0	0	0	0	0	0	0	0	0	0	0	0	0	0	0	0	0	0	0	0	0	0	2004	0
LFQ	47	0	0	0	0	0	0	0	0	0	0	0	0	0	0	0	0	0	0	0	0	0	0	0	0	0	0	0	0	0	0	2004	0
LFQ	48	0	0	0	0	0	0	0	0	0	0	0	0	0	0	0	0	0	0	0	0	0	0	0	0	0	0	0	0	0	0	2004	0
LFQ	49	0	0	0	0	0	0	0	0	0	0	0	0	0	0	0	0	0	0	0	0	0	0	0	0	0	0	0	0	0	0	2004	0
LFQ	50	0	0	0	0	0	0	0	0	0	0	0	0	0	0	0	0	0	0	0	0	0	0	0	0	0	0	0	0	0	0	2004	0
LFQ	51	0	0	0	0	0	0	0	0	0	0	0	0	0	0	0	0	0	0	0	0	0	0	0	0	0	0	0	0	0	0	2004	0
LFQ	52	0	0	0	0	0	0	0	0	0	0	0	0	0	0	0	0	0	0	0	0	0	0	0	0	0	0	0	0	0	0	2004	0
LFQ	53	0	0	0	0	0	0	0	0	0	0	0	0	0	0	0	0	0	0	0	0	0	0	0	0	0	0	0	0	0	0	2004	0
LFQ	54	0	0	0	0	0	0	0	0	0	0	0	0	0	0	0	0	0	0	0	0	0	0	0	0	0	0	0	0	0	0	2004	0
LFQ	55	0	0	0	0	0	0	0	0	0	0	0	0	0	0	0	0	0	0	0	0	0	0	0	0	0	0	0	0	0	0	2004	0
LFQ	56	0	0	0	0	0	0	0	0	0	0	0	0	0	0	0	0	0	0	0	0	0	0	0	0	0	0	0	0	0	0	2004	0
LFQ	57	0	0	0	0	0	0	0	0	0	0	0	0	0	0	0	0	0	0	0	0	0	0	0	0	0	0	0	0	0	0	2004	0
LFQ	58	0	0	0	0	0	0	0	0	0	0	0	0	0	0	0	0	0	0	0	0	0	0	0	0	0	0	0	0	0	0	2004	0
LFQ	59	0	0	0	0	0	0	0	0	0	0	0	0	0	0	0	0	0	0	0	0	0	0	0	0	0	0	0	0	0	0	2004	0
LFQ	60	0	0	0	0	0	0	0	0	0	0	0	0	0	0	0	0	0	0	0	0	0	0	0	0	0	0	0	0	0	0	2004	0
LFQ	61	0	0	0	0	0	0	0	0	0	0	0	0	0	0	0	0	0	0	0	0	0	0	0	0	0	0	0	0	0	0	2004	0
LFQ	62	0	0	0	0	0	0	0	0	0	0	0	0	0	0	0	0	0	0	0	0	0	0	0	0	0	0	0	0	0	0	2004	0
LFQ	63	0	0	0	0	0	0	0	0	0	0	0	0	0	0	0	0	0	0	0	0	0	0	0	0	0	0	0	0	0	0	2004	0
LFQ	64	0	0	0	0	0	0	0	0	0	0	0	0	0	0	0	0	0	0	0	0	0	0	0	0	0	0	0	0	0	0	2004	0
LFQ	65	0	0	0	0	0	0	0	0	0	0	0	0	0	0	0	0	0	0	0	0	0	0	0	0	0	0	0	0	0	0	2004	0
LFQ	66	0	0	0	0	0	0	0	0	0	0	0	0	0	0	0	0	0	0	0	0	0	0	0	0	0	0	0	0	0	0	2004	0
LFQ	67	0	0	0	0	0	0	0	0	0	0	0	0	0	0	0	0	0	0	0	0	0	0	0	0	0	0	0	0	0	0	2004	0
LFQ	68	0	0	0	0	0	0	0	0	0	0	0	0	0	0	0	0	0	0	0	0	0	0	0	0	0	0	0	0	0	0	2004	0
LFQ	69	0	0	0	0	0	0	0	0	0	0	0	0	0	0	0	0	0	0	0	0	0	0	0	0	0	0	0	0	0	0	2004	0
LFQ	70	0	0	0	0	0	0	0	0	0	0	0	0	0	0	0	0	0	0	0	0	0	0	0	0	0	0	0	0	0	0	2004	0
LFQ	71	0	0	0	0	0	0	0	0	0	0	0	0	0	0	0	0	0	0	0	0	0	0	0	0	0	0	0	0	0	0	2004	0
LFQ	72	0	0	0	0	0	0	0	0	0	0	0	0	0	0	0	0	0	0	0	0	0	0	0	0	0	0	0	0	0	0	2004	0
LFQ	73	0	0	0	0	0	0	0	0	0	0	0	0	0	0	0	0	0	0	0	0	0	0	0	0	0	0	0	0	0	0	2004	0
LFQ	74	0	0	0	0	0	0	0	0	0	0	0	0	0	0	0	0	0	0	0	0	0	0	0	0	0	0	0	0	0	0	2004	0
LFQ	75	0	0	0	0	0	0	0	0	0	0	0	0	0	0	0	0	0	0	0	0	0	0	0	0	0	0	0	0	0	0	2004	0
LFQ	76	0	0	0	0	0	0	0	0	0	0	0	0	0	0	0	0	0	0	0	0	0	0	0	0	0	0	0	0	0	0	2004	0
LFQ	77	0	0	0	0	0	0	0	0	0	0	0	0	0	0	0	0	0	0	0	0	0	0	0	0	0	0	0	0	0	0	2004	0
LFQ	78	0	0	0	0	0	0	0	0	0	0	0	0	0	0	0	0	0	0	0	0	0	0	0	0	0	0	0	0	0	0	2004	0
LFQ	79	0	0	0	0	0	0	0	0	0	0	0	0	0	0	0	0	0	0	0	0	0	0	0	0	0	0	0	0	0	0	2004	0
LFQ	80	0	0	0	0	0	0	0	0	0	0	0	0	0	0	0	0	0	0	0	0	0	0	0	0	0	0	0	0	0	0	2004	0
LFQ	81	0	0	0	0	0	0	0	0	0	0	0	0	0	0	0	0	0	0	0	0	0	0	0	0	0	0	0	0	0	0	2004	0
LFQ	82	0	0	0	0	0	0	0	0	0	0	0	0	0	0	0	0	0	0	0	0	0	0	0	0	0	0	0	0	0	0	2004	0
LFQ	83	0	0	0	0	0	0	0	0	0	0	0	0	0	0	0	0	0	0	0	0	0	0	0	0	0	0	0	0	0	0	2004	0
LFQ	84	0	0	0	0	0	0	0	0	0	0	0	0	0	0	0	0	0	0	0	0	0	0	0	0	0	0	0	0	0	0	2004	0
LFQ	85	0	0	0	0	0	0	0	0	0	0	0	0	0	0	0	0	0	0	0	0	0	0	0	0	0	0	0	0	0	0	2004	0
LFQ	86	0	0	0	0	0	0	0	0	0	0	0	0	0	0	0	0	0	0	0	0	0	0	0	0	0	0	0	0	0	0	2004	0
LFQ	87	0	0	0	0	0	0	0	0	0	0	0	0	0	0	0	0	0	0	0	0	0	0	0	0	0	0	0	0	0	0	2004	0
LFQ	88	0	0	0	0	0	0	0	0	0	0	0	0	0	0	0	0	0	0	0	0	0	0	0	0	0	0	0	0	0	0	2004	0
LFQ	89	0	0	0	0	0	0	0	0	0	0	0	0	0	0	0	0	0	0	0	0	0	0	0	0	0	0	0	0	0	0	2004	0
LFQ	90	0	0	0	0	0	0	0	0	0	0	0	0	0	0	0	0	0	0	0	0	0	0	0	0	0	0	0	0	0	0	2004	0
LFQ	91	0	0	0	0	0	0	0	0	0	0	0	0	0	0	0	0	0	0	0	0	0	0	0	0	0	0	0	0	0	0	2004	0
LFQ	92	0	0	0	0	0	0	0	0	0	0	0	0	0	0	0	0	0	0	0	0	0	0	0	0	0	0	0	0	0	0	2004	0
LFQ	93	0	0	0	0	0	0	0	0	0	0	0	0	0	0	0	0	0	0	0	0	0	0	0	0	0	0	0	0	0	0	2004	0
LFQ	94	0	0	0	0	0	0	0	0	0	0	0	0	0	0	0	0	0	0	0	0	0	0	0	0	0	0	0	0	0	0	2004	0
LFQ	95	0	0	0	0	0	0	0	0	0	0	0	0	0	0	0	0	0	0	0	0	0	0	0	0	0	0	0	0	0	0	2004	0
LFQ	96	0	0	0	0	0	0	0	0	0	0	0	0	0	0	0	0	0	0	0	0	0	0	0	0	0	0	0	0	0	0	2004	0
LFQ	97	0	0	0	0	0	0	0	0	0	0	0	0	0	0	0	0	0	0	0	0	0	0	0	0	0	0	0	0	0	0	2004	0
LFQ	98	0	0	0	0	0	0	0	0	0	0	0	0	0	0	0	0	0	0	0	0	0	0	0	0	0	0	0	0	0	0	2004	0
LFQ	99	0	0	0	0	0	0	0	0	0	0	0	0	0	0	0	0	0	0	0	0	0	0	0	0	0	0	0	0	0	0	2004	0
LFQ	100	0	0	0	0	0	0	0	0	0	0	0	0	0	0	0	0	0	0	0	0	0	0	0	0	0	0	0	0	0	0	2004	0
LFQ	101	0	0	0	0	0	0	0	0	0	0	0	0	0	0	0	0	0	0	0	0	0	0	0	0	0	0	0	0	0	0	2004	0
LFQ	102	0	0	0	0	0	0	0	0	0	0	0	0	0	0	0	0	0	0	0	0	0	0	0	0	0	0	0	0	0	0	2004	0
LFQ	103	0	0	0	0	0	0	0	0	0	0	0	0	0	0	0	0	0	0	0	0	0	0	0	0	0	0	0	0	0	0	2004	0
LFQ	104	0	0	0	0	0	0	0	0	0	0	0	0	0	0	0	0	0	0	0	0	0	0	0	0	0	0	0	0	0	0	2004	0
LFQ	105	0	0	0	0	0	0	0	0	0	0	0	0	0	0	0	0	0	0	0	0	0	0	0	0	0	0	0	0	0	0	2004	0
LFQ	106	0	0	0	0	0	0	0	0	0	0	0	0	0	0	0	0	0	0	0	0	0	0	0	0	0	0	0	0	0	0	2004	0
LFQ	107	0	0	0	0	0	0	0	0	0	0	0	0	0	0	0	0	0	0	0	0	0	0	0	0	0	0	0	0	0	0	2004	0
LFQ	108	0	0	0	0	0	0	0	0	0	0	0	0	0	0	0	0	0	0	0	0	0	0	0	0	0	0	0	0	0	0	2004	0
LFQ	109	0	0	0	0	0	0	0	0	0	0	0	0	0	0	0	0	0	0	0	0	0	0	0	0	0	0	0	0	0	0	2004	0
LFQ	110	0	0	0	0	0	0	0	0	0	0	0	0	0	0	0	0	0	0	0	0	0	0	0	0	0	0	0	0	0	0	2004	0
LFQ	111	0	0	0	0	0	0	0	0	0	0	0	0	0	0	0	0	0	0	0	0	0	0	0	0	0	0	0	0	0	0	2004	0
LFQ	112	0	0	0	0	0	0	0	0	0	0	0	0	0	0	0	0	0	0	0	0	0	0	0	0	0	0	0	0	0	0	2004	0
LFQ	113	0	0	0	0	0	0	0	0	0	0	0	0	0	0	0	0	0	0	0	0	0	0	0	0	0	0	0	0	0	0	2004	0
LFQ	114	0	0	0	0	0	0	0	0	0	0	0	0	0	0	0	0	0	0	0	0	0	0	0	0	0	0	0	0	0	0	2004	0
LFQ	115	0	0	0	0	0	0	0	0	0	0	0	0	0	0	0	0	0	0	0	0	0	0	0	0	0	0	0	0	0	0	2004	0
LFQ	116	0	0	0	0	0	0	0	0	0	0	0	0	0	0	0	0	0	0	0	0	0	0	0	0	0	0	0	0	0	0	2004	0
LFQ	117	0	0	0	0	0	0	0	0	0	0	0	0	0	0	0	0	0	0	0	0	0	0	0	0	0	0	0	0	0	0	2004	0
LFQ	118	0	0	0	0	0	0	0	0	0	0	0	0	0	0	0	0	0	0	0	0	0	0	0	0	0	0	0	0	0	0	2004	0
LFQ	119	0	0	0	0	0	0	0	0	0	0	0	0	0	0	0	0	0	0	0	0	0	0	0	0	0	0	0	0	0	0	2004	0
LFQ	120	0	0	0	0	0	0	0	0	0	0	0	0	0	0	0	0	0	0	0	0	0	0	0	0	0	0	0	0	0	0	2004	0
LFQ	121	0	0	0	0	0	0	0	0	0	0	0	0	0	0	0	0	0	0	0	0	0	0	0	0	0	0	0	0	0	0	2004	0
LFQ	122	0	0	0	0	0	0	0	0	0	0	0	0	0	0	0	0	0	0	0	0	0	0	0	0	0	0	0	0	0	0	2004	0
LFQ	123	0	0	0	0	0	0	0	0	0	0	0	0	0	0	0	0	0	0	0	0	0	0	0	0	0	0	0	0	0	0	2004	0
LFQ	124	0	0	0	0	0	0	0	0	0	0	0	0	0	0	0	0	0	0	0	0	0	0	0	0	0	0	0	0	0	0	2004	0
LFQ	125	0	0	0	0	0	0	0	0	0	0	0	0	0	0	0	0	0	0	0	0	0	0	0	0	0	0	0	0	0	0	2004	0
LFQ	126	0	0	0	0	0	0	0	0	0	0	0	0	0	0	0	0	0	0	0	0	0	0	0	0	0	0	0	0	0	0	2004	0
LFQ	127	0	0	0	0	0	0	0	0	0	0	0	0	0	0	0	0	0	0	0	0	0	0	0	0	0	0	0	0	0	0	2004	0
LFQ	128	0	0	0	0	0	0	0	0	0	0	0	0	0	0	0	0	0	0	0	0	0	0	0	0	0	0	0	0	0	0	2004	0
LFQ	129	0	0	0	0	0	0	0	0	0	0	0	0	0	0	0	0	0	0	0	0	0	0	0	0	0	0	0	0	0	0	2004	0
LFQ	130	0	0	0	0	0	0	0	0	0	0	0	0	0	0	0	0	0	0	0	0	0	0	0	0	0	0	0	0	0	0	2004	0
LFQ	131	0	0	0	0	0	0	0	0	0	0	0	0	0	0	0	0	0	0	0	0	0	0	0	0	0	0	0	0	0	0	2004	0
LFQ	132	0	0	0	0	0	0	0	0	0	0	0	0	0	0	0	0	0	0	0	0	0	0	0	0	0	0	0	0	0	0	2004	0
LFQ	133	0	0	0	0	0	0	0	0	0	0	0	0	0	0	0	0	0	0	0	0	0	0	0	0	0	0	0	0	0	0	2004	0
LFQ	134	0	0	0	0	0	0	0	0	0	0	0	0	0	0	0	0	0	0	0	0	0	0	0	0	0	0	0	0	0	0	2004	0
LFQ	135	0	0	0	0	0	0	0	0	0	0	0	0	0	0	0	0	0	0	0	0	0	0	0	0	0	0	0	0	0	0	2004	0
LFQ	136	0	0	0	0	0	0	0	0	0	0	0	0	0	0	0	0	0	0	0	0	0	0	0	0	0	0	0	0	0	0	2004	0
LFQ	137	0	0	0	0	0	0	0	0	0	0	0	0	0	0	0	0	0	0	0	0	0	0	0	0	0	0	0	0	0	0	2004	0
LFQ	138	0	0	0	0	0	0	0	0	0	0	0	0	0	0	0	0	0	0	0	0	0	0	0	0	0	0	0	0	0	0	2004	0
LFQ	139	0	0	0	0	0	0	0	0	0	0	0	0	0	0	0	0	0	0	0	0	0	0	0	0	0	0	0	0	0	0	2004	0
LFQ	140	0	0	0	0	0	0	0	0	0	0	0	0	0	0	0	0	0	0	0	0	0	0	0	0	0	0	0	0	0	0	2004	0
LFQ	141	0	0	0	0	0	0	0	0	0	0	0	0	0	0	0	0	0	0	0	0	0	0	0	0	0	0	0	0	0	0	2004	0
LFQ	142	0	0	0	0	0	0	0	0	0	0	0	0	0	0	0	0	0	0	0	0	0	0	0	0	0	0	0	0	0	0	2004	0
LFQ	143	0	0	0	0	0	0	0	0	0	0	0	0	0	0	0	0	0	0	0	0	0	0	0	0	0	0	0	0	0	0	2004	0
LFQ	144	0	0	0	0	0	0	0	0	0	0	0	0	0	0	0	0	0	0	0	0	0	0	0	0	0	0	0	0	0	0	2004	0
LFQ	145	0	0	0	0	0	0	0	0	0	0	0	0	0	0	0	0	0	0	0	0	0	0	0	0	0	0	0	0	0	0	2004	0
LFQ	146	0	0	0	0	0	0	0	0	0	0	0	0	0	0	0	0	0	0	0	0	0	0	0	0	0	0	0	0	0	0	2003	0
LFQ	147	0	0	0	0	0	0	0	0	0	0	0	0	0	0	0	0	0	0	0	0	0	0	0	0	0	0	0	0	0	0	2003	0
LFQ	148	0	0	0	0	0	0	0	0	0	0	0	0	0	0	0	0	0	0	0	0	0	0	0	0	0	0	0	0	0	0	2002	0
LFQ	149	0	0	0	0	0	0	0	0	0	0	0	0	0	0	0	0	0	0	0	0	0	0	0	0	0	0	0	0	0	0	2002	0
LFQ	150	0	0	0	0	0	0	0	0	0	0	0	0	0	0	0	0	0	0	0	0	0	0	0	0	0	0	0	0	0	0	2002	0
# GC Content of first fragments. Use `grep ^GCF | cut -f 2-` to extract this part.
GCF	4.27	0
GCF	8.79	1
GCF	10.30	0
GCF	12.06	1
GCF	14.07	0
GCF	16.08	2
GCF	16.83	1
GCF	17.34	0
GCF	18.09	1
GCF	18.84	2
GCF	19.35	1
GCF	20.35	4
GCF	21.36	1
GCF	22.11	2
GCF	22.86	4
GCF	23.37	6
GCF	24.12	12
GCF	24.87	14
GCF	25.88	9
GCF	26.88	22
GCF	27.39	19
GCF	28.14	36
GCF	28.89	23
GCF	29.40	24
GCF	30.15	45
GCF	30.90	30
GCF	31.41	37
GCF	32.16	39
GCF	32.91	63
GCF	33.42	60
GCF	33.92	68
GCF	34.67	77
GCF	35.43	71
GCF	35.93	79
GCF	36.68	75
GCF	37.44	80
GCF	37.94	73
GCF	38.69	67
GCF	39.45	70
GCF	39.95	71
GCF	40.70	62
GCF	41.46	70
GCF	41.96	64
GCF	42.96	51
GCF	43.97	52
GCF	44.72	62
GCF	45.48	44
GCF	45.98	50
GCF	46.73	46
GCF	47.49	38
GCF	47.99	33
GCF	48.74	27
GCF	49.50	20
GCF	50.00	26
GCF	51.01	18
GCF	52.01	12
GCF	52.76	7
GCF	53.77	3
GCF	54.77	2
GCF	55.53	8
GCF	56.03	3
GCF	56.78	1
GCF	57.54	9
GCF	58.54	3
GCF	59.55	4
GCF	60.05	1
GCF	61.06	0
GCF	62.56	1
GCF	63.57	2
GCF	64.07	0
GCF	65.08	1
GCF	67.34	0
GCF	70.35	1
# GC Content of last fragments. Use `grep ^GCL | cut -f 2-` to extract this part.
GCL	3.52	0
GCL	7.29	1
GCL	8.54	0
GCL	10.05	1
GCL	13.57	0
GCL	16.83	2
GCL	17.34	1
GCL	18.34	0
GCL	19.35	1
GCL	20.10	2
GCL	20.85	1
GCL	21.86	3
GCL	22.86	4
GCL	23.37	8
GCL	23.87	12
GCL	24.37	13
GCL	24.87	10
GCL	25.38	18
GCL	26.13	15
GCL	26.88	20
GCL	27.39	13
GCL	28.14	28
GCL	28.89	24
GCL	29.40	34
GCL	30.15	29
GCL	30.90	42
GCL	31.41	47
GCL	31.91	42
GCL	32.41	41
GCL	32.91	65
GCL	33.42	73
GCL	33.92	72
GCL	34.67	67
GCL	35.43	75
GCL	35.93	64
GCL	36.68	70
GCL	37.44	66
GCL	37.94	78
GCL	38.69	72
GCL	39.45	67
GCL	39.95	64
GCL	40.70	74
GCL	41.46	60
GCL	41.96	61
GCL	42.71	52
GCL	43.47	67
GCL	43.97	54
GCL	44.72	44
GCL	45.48	34
GCL	45.98	50
GCL	46.73	46
GCL	47.49	32
GCL	47.99	44
GCL	48.74	33
GCL	49.50	26
GCL	50.00	20
GCL	50.75	19
GCL	51.51	18
GCL	52.01	8
GCL	52.76	12
GCL	53.52	8
GCL	54.02	9
GCL	54.77	6
GCL	55.53	7
GCL	56.03	4
GCL	56.78	2
GCL	57.54	6
GCL	58.54	2
GCL	59.55	4
GCL	60.05	1
GCL	62.31	0
GCL	65.08	1
GCL	66.33	0
GCL	67.59	1
GCL	68.59	0
GCL	69.35	1
# ACGT content per cycle. Use `grep ^GCC | cut -f 2-` to extract this part. The columns are: cycle; A,C,G,T base counts as a percentage of all A/C/G/T bases [%]; and N and O counts as a percentage of all A/C/G/T bases [%]
GCC	1	30.99	18.96	19.69	30.36	0.00	0.00
GCC	2	30.51	20.21	19.69	29.59	0.00	0.00
GCC	3	30.69	21.01	18.46	29.84	0.00	0.00
GCC	4	30.26	20.13	18.96	30.64	0.00	0.00
GCC	5	30.76	20.41	18.11	30.71	0.00	0.00
GCC	6	31.84	19.84	18.09	30.24	0.00	0.00
GCC	7	30.36	19.51	18.94	31.19	0.00	0.00
GCC	8	30.54	19.99	17.99	31.49	0.00	0.00
GCC	9	31.94	19.39	19.16	29.52	0.00	0.00
GCC	10	32.01	20.33	18.66	28.99	0.00	0.00
GCC	11	29.72	19.69	19.34	31.26	0.00	0.00
GCC	12	31.34	20.26	18.66	29.74	0.00	0.00
GCC	13	31.56	20.66	18.36	29.42	0.00	0.00
GCC	14	30.69	19.39	19.91	30.01	0.00	0.00
GCC	15	29.72	19.94	19.14	31.21	0.00	0.00
GCC	16	31.61	18.69	18.41	31.29	0.00	0.00
GCC	17	31.69	18.91	19.39	30.01	0.00	0.00
GCC	18	30.84	19.34	18.21	31.61	0.00	0.00
GCC	19	32.68	18.34	19.26	29.72	0.00	0.00
GCC	20	29.79	19.24	18.91	32.06	0.00	0.00
GCC	21	30.89	19.84	19.34	29.94	0.00	0.00
GCC	22	30.71	20.61	18.04	30.64	0.00	0.00
GCC	23	31.34	19.54	20.16	28.97	0.00	0.00
GCC	24	30.51	19.56	19.44	30.49	0.00	0.00
GCC	25	30.11	20.16	17.96	31.76	0.00	0.00
GCC	26	31.16	19.29	19.04	30.51	0.00	0.00
GCC	27	31.56	20.11	16.39	31.94	0.00	0.00
GCC	28	29.82	20.96	19.49	29.74	0.00	0.00
GCC	29	30.39	20.01	19.24	30.36	0.00	0.00
GCC	30	31.44	19.51	18.21	30.84	0.00	0.00
GCC	31	30.31	20.73	18.79	30.16	0.00	0.00
GCC	32	31.06	19.39	18.81	30.74	0.00	0.00
GCC	33	31.71	19.69	18.26	30.34	0.00	0.00
GCC	34	30.64	20.56	19.11	29.69	0.00	0.00
GCC	35	29.89	19.89	19.29	30.94	0.00	0.00
GCC	36	31.66	20.36	18.16	29.82	0.00	0.00
GCC	37	32.16	18.84	18.71	30.29	0.00	0.00
GCC	38	31.79	18.91	18.41	30.89	0.00	0.00
GCC	39	31.54	18.94	18.86	30.66	0.00	0.00
GCC	40	30.71	19.11	19.84	30.34	0.00	0.00
GCC	41	30.86	19.24	19.91	29.99	0.00	0.00
GCC	42	30.09	20.43	19.49	29.99	0.00	0.00
GCC	43	30.09	20.46	19.46	29.99	0.00	0.00
GCC	44	32.41	19.34	18.24	30.01	0.00	0.00
GCC	45	30.94	20.26	19.36	29.44	0.00	0.00
GCC	46	32.56	18.54	18.46	30.44	0.00	0.00
GCC	47	29.57	20.21	19.34	30.89	0.00	0.00
GCC	48	29.74	19.49	19.44	31.34	0.00	0.00
GCC	49	29.49	19.64	19.26	31.61	0.00	0.00
GCC	50	30.39	19.59	20.13	29.89	0.00	0.00
GCC	51	29.84	18.94	18.74	32.49	0.00	0.00
GCC	52	30.61	20.43	19.59	29.37	0.00	0.00
GCC	53	30.44	19.86	18.24	31.46	0.00	0.00
GCC	54	30.44	19.59	18.26	31.71	0.00	0.00
GCC	55	31.31	19.34	18.14	31.21	0.00	0.00
GCC	56	30.86	19.54	18.41	31.19	0.00	0.00
GCC	57	30.46	20.98	18.66	29.89	0.00	0.00
GCC	58	30.76	19.71	19.31	30.21	0.00	0.00
GCC	59	30.16	19.76	19.46	30.61	0.00	0.00
GCC	60	30.66	19.04	19.36	30.94	0.00	0.00
GCC	61	30.76	20.41	19.09	29.74	0.00	0.00
GCC	62	29.64	20.46	18.84	31.06	0.00	0.00
GCC	63	30.81	19.81	18.54	30.84	0.00	0.00
GCC	64	30.01	19.79	18.26	31.94	0.00	0.00
GCC	65	31.14	19.56	18.74	30.56	0.00	0.00
GCC	66	30.01	19.24	18.79	31.96	0.00	0.00
GCC	67	29.79	18.84	19.81	31.56	0.00	0.00
GCC	68	31.49	19.41	19.09	30.01	0.00	0.00
GCC	69	30.79	20.21	19.41	29.59	0.00	0.00
GCC	70	30.04	20.01	19.39	30.56	0.00	0.00
GCC	71	30.61	20.16	19.41	29.82	0.00	0.00
GCC	72	30.36	19.89	18.06	31.69	0.00	0.00
GCC	73	29.72	20.53	18.94	30.81	0.00	0.00
GCC	74	30.54	18.51	18.81	32.14	0.00	0.00
GCC	75	29.92	19.56	19.29	31.24	0.00	0.00
GCC	76	30.29	20.71	18.54	30.46	0.00	0.00
GCC	77	30.91	19.56	19.06	30.46	0.00	0.00
GCC	78	30.54	20.46	18.79	30.21	0.00	0.00
GCC	79	30.24	19.86	18.99	30.91	0.00	0.00
GCC	80	30.51	20.41	19.14	29.94	0.00	0.00
GCC	81	29.84	19.61	18.81	31.74	0.00	0.00
GCC	82	30.24	19.29	19.34	31.14	0.00	0.00
GCC	83	30.79	20.46	18.79	29.97	0.00	0.00
GCC	84	30.54	19.61	18.41	31.44	0.00	0.00
GCC	85	31.36	20.48	19.49	28.67	0.00	0.00
GCC	86	30.59	21.01	17.69	30.71	0.00	0.00
GCC	87	30.44	18.99	19.86	30.71	0.00	0.00
GCC	88	30.11	19.16	19.51	31.21	0.00	0.00
GCC	89	31.69	19.46	19.46	29.39	0.00	0.00
GCC	90	31.89	19.71	17.99	30.41	0.00	0.00
GCC	91	29.89	19.86	19.91	30.34	0.00	0.00
GCC	92	31.04	19.64	18.44	30.89	0.00	0.00
GCC	93	30.54	19.19	19.26	31.01	0.00	0.00
GCC	94	30.59	19.89	19.21	30.31	0.00	0.00
GCC	95	31.41	19.16	18.99	30.44	0.00	0.00
GCC	96	32.24	18.61	18.91	30.24	0.00	0.00
GCC	97	31.26	21.88	17.61	29.24	0.00	0.00
GCC	98	30.61	20.73	18.06	30.59	0.00	0.00
GCC	99	30.89	19.59	18.26	31.26	0.00	0.00
GCC	100	31.04	19.39	20.13	29.44	0.00	0.00
GCC	101	28.47	20.13	18.91	32.49	0.00	0.00
GCC	102	29.87	19.56	20.56	30.01	0.00	0.00
GCC	103	29.19	20.16	20.16	30.49	0.00	0.00
GCC	104	30.91	20.31	18.41	30.36	0.00	0.00
GCC	105	30.04	19.59	17.76	32.61	0.00	0.00
GCC	106	30.91	20.56	18.39	30.14	0.00	0.00
GCC	107	30.29	19.86	18.54	31.31	0.00	0.00
GCC	108	30.16	19.19	18.76	31.89	0.00	0.00
GCC	109	29.57	20.41	18.76	31.26	0.00	0.00
GCC	110	30.96	19.09	18.56	31.39	0.00	0.00
GCC	111	29.69	19.04	20.46	30.81	0.00	0.00
GCC	112	31.29	19.76	18.21	30.74	0.00	0.00
GCC	113	31.46	19.34	17.84	31.36	0.00	0.00
GCC	114	30.79	18.66	18.91	31.64	0.00	0.00
GCC	115	30.06	19.99	18.39	31.56	0.00	0.00
GCC	116	29.87	20.21	19.24	30.69	0.00	0.00
GCC	117	30.31	19.96	19.84	29.89	0.00	0.00
GCC	118	30.11	19.86	19.39	30.64	0.00	0.00
GCC	119	30.79	19.61	18.79	30.81	0.00	0.00
GCC	120	31.04	19.94	18.81	30.21	0.00	0.00
GCC	121	30.94	20.11	19.24	29.72	0.00	0.00
GCC	122	32.19	19.94	17.89	29.99	0.00	0.00
GCC	123	30.11	19.19	18.29	32.41	0.00	0.00
GCC	124	31.49	18.99	19.66	29.87	0.00	0.00
GCC	125	29.12	19.11	19.71	32.06	0.00	0.00
GCC	126	30.24	20.01	19.69	30.06	0.00	0.00
GCC	127	29.32	20.76	19.69	30.24	0.00	0.00
GCC	128	31.56	20.31	18.44	29.69	0.00	0.00
GCC	129	30.91	19.31	18.31	31.46	0.00	0.00
GCC	130	28.92	20.81	18.99	31.29	0.00	0.00
GCC	131	30.69	19.49	19.51	30.31	0.00	0.00
GCC	132	30.09	20.01	18.94	30.96	0.00	0.00
GCC	133	29.97	20.31	18.84	30.89	0.00	0.00
GCC	134	30.76	20.21	19.39	29.64	0.00	0.00
GCC	135	31.01	19.06	19.16	30.76	0.00	0.00
GCC	136	30.09	20.28	19.24	30.39	0.00	0.00
GCC	137	30.14	20.31	19.49	30.06	0.00	0.00
GCC	138	31.51	19.61	18.94	29.94	0.00	0.00
GCC	139	29.97	20.96	19.29	29.79	0.00	0.00
GCC	140	30.36	20.43	18.04	31.16	0.00	0.00
GCC	141	29.62	19.21	19.76	31.41	0.00	0.00
GCC	142	31.26	20.11	18.56	30.06	0.00	0.00
GCC	143	29.09	20.03	20.26	30.61	0.00	0.00
GCC	144	30.49	20.08	18.49	30.94	0.00	0.00
GCC	145	30.46	20.56	18.04	30.94	0.00	0.00
GCC	146	29.37	19.99	19.14	31.49	0.00	0.00
GCC	147	30.30	20.26	18.27	31.17	0.00	0.00
GCC	148	29.31	20.42	19.32	30.95	0.00	0.00
GCC	149	30.63	18.95	19.25	31.18	0.00	0.00
GCC	150	31.13	19.70	19.55	29.63	0.00	0.00
# ACGT content per cycle, read oriented. Use `grep ^GCT | cut -f 2-` to extract this part. The columns are: cycle; A,C,G,T base counts as a percentage of all A/C/G/T bases [%]
GCT	1	29.69	19.66	18.99	31.66
GCT	2	29.42	20.61	19.29	30.69
GCT	3	30.79	19.76	19.71	29.74
GCT	4	30.69	20.11	18.99	30.21
GCT	5	31.66	19.06	19.46	29.82
GCT	6	32.21	18.76	19.16	29.87
GCT	7	30.11	18.81	19.64	31.44
GCT	8	31.64	19.14	18.84	30.39
GCT	9	30.54	19.09	19.46	30.91
GCT	10	31.34	19.56	19.44	29.67
GCT	11	31.26	19.79	19.24	29.72
GCT	12	30.24	20.16	18.76	30.84
GCT	13	31.39	19.89	19.14	29.59
GCT	14	29.69	19.94	19.36	31.01
GCT	15	31.96	19.64	19.44	28.97
GCT	16	32.88	18.61	18.49	30.01
GCT	17	32.06	18.59	19.71	29.64
GCT	18	31.46	19.46	18.09	30.99
GCT	19	32.06	18.31	19.29	30.34
GCT	20	31.96	19.61	18.54	29.89
GCT	21	30.21	19.96	19.21	30.61
GCT	22	30.14	19.49	19.16	31.21
GCT	23	30.31	19.36	20.33	29.99
GCT	24	30.31	18.91	20.08	30.69
GCT	25	30.61	19.01	19.11	31.26
GCT	26	30.09	19.66	18.66	31.59
GCT	27	32.58	18.49	18.01	30.91
GCT	28	29.74	20.63	19.81	29.82
GCT	29	31.46	19.09	20.16	29.29
GCT	30	30.76	19.19	18.54	31.51
GCT	31	31.14	18.91	20.61	29.34
GCT	32	30.56	19.04	19.16	31.24
GCT	33	30.29	18.61	19.34	31.76
GCT	34	30.09	19.76	19.91	30.24
GCT	35	30.86	19.06	20.11	29.97
GCT	36	30.14	18.54	19.99	31.34
GCT	37	31.04	18.26	19.29	31.41
GCT	38	31.14	18.51	18.81	31.54
GCT	39	31.36	19.21	18.59	30.84
GCT	40	29.99	18.84	20.11	31.06
GCT	41	30.71	19.19	19.96	30.14
GCT	42	31.41	20.56	19.36	28.67
GCT	43	30.29	19.81	20.11	29.79
GCT	44	31.29	18.26	19.31	31.14
GCT	45	29.92	20.28	19.34	30.46
GCT	46	31.44	18.81	18.19	31.56
GCT	47	29.39	19.79	19.76	31.06
GCT	48	31.56	19.26	19.66	29.52
GCT	49	30.44	19.54	19.36	30.66
GCT	50	30.49	19.69	20.03	29.79
GCT	51	30.59	18.84	18.84	31.74
GCT	52	30.89	19.91	20.11	29.09
GCT	53	30.61	18.79	19.31	31.29
GCT	54	32.01	19.01	18.84	30.14
GCT	55	31.96	19.44	18.04	30.56
GCT	56	31.79	18.96	18.99	30.26
GCT	57	30.11	20.18	19.46	30.24
GCT	58	31.89	19.44	19.59	29.09
GCT	59	30.81	19.46	19.76	29.97
GCT	60	31.71	19.89	18.51	29.89
GCT	61	30.54	18.94	20.56	29.97
GCT	62	30.24	19.91	19.39	30.46
GCT	63	30.56	18.81	19.54	31.09
GCT	64	29.97	18.49	19.56	31.99
GCT	65	29.97	19.49	18.81	31.74
GCT	66	30.51	18.79	19.24	31.46
GCT	67	31.11	19.56	19.09	30.24
GCT	68	30.64	19.51	18.99	30.86
GCT	69	30.21	19.84	19.79	30.16
GCT	70	30.64	19.76	19.64	29.97
GCT	71	31.06	18.46	21.11	29.37
GCT	72	30.16	18.74	19.21	31.89
GCT	73	30.19	19.96	19.51	30.34
GCT	74	31.99	18.61	18.71	30.69
GCT	75	31.79	18.99	19.86	29.37
GCT	76	30.44	19.91	19.34	30.31
GCT	77	31.09	19.34	19.29	30.29
GCT	78	30.56	19.74	19.51	30.19
GCT	79	30.29	20.11	18.74	30.86
GCT	80	30.74	19.24	20.31	29.72
GCT	81	31.31	18.54	19.89	30.26
GCT	82	29.49	19.54	19.09	31.89
GCT	83	30.49	19.81	19.44	30.26
GCT	84	31.09	18.41	19.61	30.89
GCT	85	30.39	19.81	20.16	29.64
GCT	86	29.84	19.16	19.54	31.46
GCT	87	30.31	19.66	19.19	30.84
GCT	88	29.92	18.91	19.76	31.41
GCT	89	31.66	18.29	20.63	29.42
GCT	90	30.46	18.89	18.81	31.84
GCT	91	30.29	19.76	20.01	29.94
GCT	92	31.61	19.66	18.41	30.31
GCT	93	31.96	19.26	19.19	29.59
GCT	94	30.59	19.09	20.01	30.31
GCT	95	31.59	19.19	18.96	30.26
GCT	96	31.49	17.71	19.81	30.99
GCT	97	29.79	19.56	19.94	30.71
GCT	98	29.82	19.64	19.16	31.39
GCT	99	30.74	18.79	19.06	31.41
GCT	100	30.14	20.18	19.34	30.34
GCT	101	30.81	18.44	20.61	30.14
GCT	102	30.99	19.19	20.93	28.89
GCT	103	30.84	20.81	19.51	28.84
GCT	104	31.39	19.39	19.34	29.89
GCT	105	32.04	18.19	19.16	30.61
GCT	106	30.76	18.76	20.18	30.29
GCT	107	30.76	20.33	18.06	30.84
GCT	108	31.24	18.61	19.34	30.81
GCT	109	29.12	20.21	18.96	31.71
GCT	110	31.21	18.84	18.81	31.14
GCT	111	30.06	19.16	20.33	30.44
GCT	112	29.89	19.06	18.91	32.14
GCT	113	32.63	18.31	18.86	30.19
GCT	114	31.54	18.51	19.06	30.89
GCT	115	31.39	19.81	18.56	30.24
GCT	116	31.59	20.78	18.66	28.97
GCT	117	31.14	19.84	19.96	29.07
GCT	118	30.86	19.21	20.03	29.89
GCT	119	30.86	19.24	19.16	30.74
GCT	120	30.61	18.91	19.84	30.64
GCT	121	31.46	19.94	19.41	29.19
GCT	122	30.89	19.54	18.29	31.29
GCT	123	32.19	19.66	17.81	30.34
GCT	124	30.31	19.71	18.94	31.04
GCT	125	30.91	19.01	19.81	30.26
GCT	126	28.99	19.86	19.84	31.31
GCT	127	28.64	20.18	20.26	30.91
GCT	128	31.11	19.56	19.19	30.14
GCT	129	31.41	17.81	19.81	30.96
GCT	130	30.26	19.66	20.13	29.94
GCT	131	30.11	18.86	20.13	30.89
GCT	132	30.46	19.19	19.76	30.59
GCT	133	29.74	19.69	19.46	31.11
GCT	134	29.57	20.56	19.04	30.84
GCT	135	30.94	19.64	18.59	30.84
GCT	136	29.22	20.71	18.81	31.26
GCT	137	29.59	19.51	20.28	30.61
GCT	138	30.24	18.24	20.31	31.21
GCT	139	30.06	20.46	19.79	29.69
GCT	140	31.81	19.69	18.79	29.72
GCT	141	31.09	18.99	19.99	29.94
GCT	142	30.99	20.13	18.54	30.34
GCT	143	30.06	20.26	20.03	29.64
GCT	144	30.96	19.16	19.41	30.46
GCT	145	31.61	19.51	19.09	29.79
GCT	146	31.37	19.54	19.59	29.50
GCT	147	31.12	18.99	19.54	30.35
GCT	148	30.23	20.22	19.52	30.03
GCT	149	32.15	18.50	19.70	29.66
GCT	150	30.28	18.87	20.37	30.48
# ACGT content per cycle for first fragments. Use `grep ^FBC | cut -f 2-` to extract this part. The columns are: cycle; A,C,G,T base counts as a percentage of all A/C/G/T bases [%]; and N and O counts as a percentage of all A/C/G/T bases [%]
FBC	1	31.19	19.36	19.16	30.29	0.00	0.00
FBC	2	29.64	19.46	20.36	30.54	0.00	0.00
FBC	3	30.94	20.46	18.01	30.59	0.00	0.00
FBC	4	29.89	20.76	19.06	30.29	0.00	0.00
FBC	5	29.69	21.46	17.56	31.29	0.00	0.00
FBC	6	31.59	19.86	17.91	30.64	0.00	0.00
FBC	7	30.59	19.61	18.76	31.04	0.00	0.00
FBC	8	30.84	20.36	18.26	30.54	0.00	0.00
FBC	9	32.58	19.81	18.31	29.29	0.00	0.00
FBC	10	31.89	19.91	19.71	28.49	0.00	0.00
FBC	11	29.84	19.36	19.01	31.79	0.00	0.00
FBC	12	31.59	21.16	17.91	29.34	0.00	0.00
FBC	13	31.19	20.21	20.06	28.54	0.00	0.00
FBC	14	30.84	21.26	18.06	29.84	0.00	0.00
FBC	15	30.64	21.11	18.71	29.54	0.00	0.00
FBC	16	30.94	18.81	18.71	31.54	0.00	0.00
FBC	17	30.74	19.06	19.26	30.94	0.00	0.00
FBC	18	31.44	19.36	18.66	30.54	0.00	0.00
FBC	19	32.98	18.71	19.36	28.94	0.00	0.00
FBC	20	28.99	19.26	19.51	32.24	0.00	0.00
FBC	21	30.29	19.51	19.81	30.39	0.00	0.00
FBC	22	30.99	19.41	17.47	32.14	0.00	0.00
FBC	23	32.83	18.96	20.51	27.69	0.00	0.00
FBC	24	31.69	18.91	19.26	30.14	0.00	0.00
FBC	25	30.84	19.61	18.46	31.09	0.00	0.00
FBC	26	31.24	19.51	19.41	29.84	0.00	0.00
FBC	27	32.14	19.86	16.92	31.09	0.00	0.00
FBC	28	29.69	21.71	19.81	28.79	0.00	0.00
FBC	29	31.44	19.41	19.31	29.84	0.00	0.00
FBC	30	31.64	20.36	18.31	29.69	0.00	0.00
FBC	31	29.84	19.96	19.46	30.74	0.00	0.00
FBC	32	30.44	19.71	18.26	31.59	0.00	0.00
FBC	33	31.29	19.61	19.61	29.49	0.00	0.00
FBC	34	29.74	21.21	18.66	30.39	0.00	0.00
FBC	35	29.24	20.06	19.66	31.04	0.00	0.00
FBC	36	33.13	20.16	17.71	28.99	0.00	0.00
FBC	37	32.78	18.31	18.91	29.99	0.00	0.00
FBC	38	32.83	20.26	17.17	29.74	0.00	0.00
FBC	39	31.44	19.71	18.71	30.14	0.00	0.00
FBC	40	30.09	20.51	19.36	30.04	0.00	0.00
FBC	41	31.39	19.91	20.31	28.39	0.00	0.00
FBC	42	30.14	21.61	18.56	29.69	0.00	0.00
FBC	43	29.84	20.41	19.51	30.24	0.00	0.00
FBC	44	32.63	18.81	18.31	30.24	0.00	0.00
FBC	45	30.49	20.46	19.81	29.24	0.00	0.00
FBC	46	32.68	18.86	18.41	30.04	0.00	0.00
FBC	47	30.04	19.86	19.61	30.49	0.00	0.00
FBC	48	29.84	18.76	20.76	30.64	0.00	0.00
FBC	49	29.14	20.11	19.11	31.64	0.00	0.00
FBC	50	30.14	20.01	20.06	29.79	0.00	0.00
FBC	51	30.39	19.91	19.21	30.49	0.00	0.00
FBC	52	31.44	19.81	19.61	29.14	0.00	0.00
FBC	53	30.44	19.76	17.96	31.84	0.00	0.00
FBC	54	31.19	19.56	17.81	31.44	0.00	0.00
FBC	55	31.49	19.56	17.12	31.84	0.00	0.00
FBC	56	31.19	18.86	18.36	31.59	0.00	0.00
FBC	57	30.14	20.11	19.51	30.24	0.00	0.00
FBC	58	29.34	20.16	19.21	31.29	0.00	0.00
FBC	59	30.19	19.91	19.46	30.44	0.00	0.00
FBC	60	30.44	18.71	19.26	31.59	0.00	0.00
FBC	61	31.44	20.11	18.61	29.84	0.00	0.00
FBC	62	29.69	20.76	18.41	31.14	0.00	0.00
FBC	63	30.94	19.91	18.76	30.39	0.00	0.00
FBC	64	30.49	19.11	17.56	32.83	0.00	0.00
FBC	65	30.94	19.96	18.36	30.74	0.00	0.00
FBC	66	29.54	20.21	18.71	31.54	0.00	0.00
FBC	67	29.89	18.86	21.01	30.24	0.00	0.00
FBC	68	33.28	19.81	18.01	28.89	0.00	0.00
FBC	69	30.94	20.31	19.61	29.14	0.00	0.00
FBC	70	29.99	19.86	20.06	30.09	0.00	0.00
FBC	71	32.34	19.66	18.56	29.44	0.00	0.00
FBC	72	29.49	19.86	18.61	32.04	0.00	0.00
FBC	73	28.89	20.51	18.56	32.04	0.00	0.00
FBC	74	30.34	19.01	17.47	33.18	0.00	0.00
FBC	75	28.94	19.66	20.11	31.29	0.00	0.00
FBC	76	30.49	20.86	18.41	30.24	0.00	0.00
FBC	77	31.59	20.56	17.81	30.04	0.00	0.00
FBC	78	29.49	21.81	18.46	30.24	0.00	0.00
FBC	79	31.99	19.06	18.76	30.19	0.00	0.00
FBC	80	31.39	19.91	20.06	28.64	0.00	0.00
FBC	81	30.69	19.36	18.16	31.79	0.00	0.00
FBC	82	30.54	19.16	19.36	30.94	0.00	0.00
FBC	83	32.68	19.91	17.66	29.74	0.00	0.00
FBC	84	30.74	20.16	17.61	31.49	0.00	0.00
FBC	85	30.94	20.11	20.51	28.44	0.00	0.00
FBC	86	31.14	21.36	17.56	29.94	0.00	0.00
FBC	87	29.39	19.96	19.41	31.24	0.00	0.00
FBC	88	30.74	19.51	19.56	30.19	0.00	0.00
FBC	89	31.69	18.11	19.91	30.29	0.00	0.00
FBC	90	32.49	18.96	18.01	30.54	0.00	0.00
FBC	91	30.29	20.26	20.16	29.29	0.00	0.00
FBC	92	32.24	20.36	18.26	29.14	0.00	0.00
FBC	93	30.34	19.26	19.01	31.39	0.00	0.00
FBC	94	29.79	19.01	20.11	31.09	0.00	0.00
FBC	95	30.64	18.71	19.46	31.19	0.00	0.00
FBC	96	32.39	18.21	19.81	29.59	0.00	0.00
FBC	97	32.44	21.26	16.77	29.54	0.00	0.00
FBC	98	31.04	20.46	16.92	31.59	0.00	0.00
FBC	99	31.19	19.56	18.81	30.44	0.00	0.00
FBC	100	31.34	19.76	19.96	28.94	0.00	0.00
FBC	101	28.99	18.46	18.96	33.58	0.00	0.00
FBC	102	30.64	18.51	20.61	30.24	0.00	0.00
FBC	103	29.14	19.61	21.16	30.09	0.00	0.00
FBC	104	30.09	20.41	19.11	30.39	0.00	0.00
FBC	105	30.29	19.51	17.47	32.73	0.00	0.00
FBC	106	30.89	20.26	18.51	30.34	0.00	0.00
FBC	107	30.04	20.31	18.76	30.89	0.00	0.00
FBC	108	29.74	18.76	19.31	32.19	0.00	0.00
FBC	109	30.94	19.66	18.06	31.34	0.00	0.00
FBC	110	31.69	18.61	17.81	31.89	0.00	0.00
FBC	111	30.54	18.91	20.56	29.99	0.00	0.00
FBC	112	31.04	19.31	18.86	30.79	0.00	0.00
FBC	113	30.09	19.11	18.76	32.04	0.00	0.00
FBC	114	32.73	17.86	18.76	30.64	0.00	0.00
FBC	115	29.94	20.31	18.51	31.24	0.00	0.00
FBC	116	29.79	20.51	20.11	29.59	0.00	0.00
FBC	117	29.99	19.41	19.96	30.64	0.00	0.00
FBC	118	30.19	20.21	18.66	30.94	0.00	0.00
FBC	119	31.64	19.36	18.46	30.54	0.00	0.00
FBC	120	32.04	20.31	17.86	29.79	0.00	0.00
FBC	121	31.39	19.56	19.16	29.89	0.00	0.00
FBC	122	32.83	20.21	17.42	29.54	0.00	0.00
FBC	123	29.99	19.91	17.91	32.19	0.00	0.00
FBC	124	31.99	18.31	19.91	29.79	0.00	0.00
FBC	125	28.29	19.11	20.71	31.89	0.00	0.00
FBC	126	31.09	19.81	18.86	30.24	0.00	0.00
FBC	127	27.59	21.16	20.96	30.29	0.00	0.00
FBC	128	31.69	21.21	17.66	29.44	0.00	0.00
FBC	129	30.69	19.41	18.56	31.34	0.00	0.00
FBC	130	29.29	21.71	19.16	29.84	0.00	0.00
FBC	131	29.94	20.01	19.96	30.09	0.00	0.00
FBC	132	28.49	21.16	19.46	30.89	0.00	0.00
FBC	133	29.69	20.51	19.16	30.64	0.00	0.00
FBC	134	31.39	19.46	18.71	30.44	0.00	0.00
FBC	135	31.34	17.47	19.01	32.19	0.00	0.00
FBC	136	30.84	20.06	18.96	30.14	0.00	0.00
FBC	137	29.89	20.21	19.46	30.44	0.00	0.00
FBC	138	32.39	18.51	18.91	30.19	0.00	0.00
FBC	139	29.09	21.31	18.41	31.19	0.00	0.00
FBC	140	29.44	19.91	18.56	32.09	0.00	0.00
FBC	141	29.14	19.51	20.31	31.04	0.00	0.00
FBC	142	31.94	19.56	17.96	30.54	0.00	0.00
FBC	143	29.99	19.56	20.56	29.89	0.00	0.00
FBC	144	29.34	21.56	17.91	31.19	0.00	0.00
FBC	145	30.09	21.21	17.86	30.84	0.00	0.00
FBC	146	28.29	20.31	18.46	32.93	0.00	0.00
FBC	147	29.14	20.06	18.31	32.49	0.00	0.00
FBC	148	28.94	21.16	19.46	30.44	0.00	0.00
FBC	149	30.39	19.06	19.36	31.19	0.00	0.00
FBC	150	31.09	19.56	19.01	30.34	0.00	0.00
# ACGT raw counters for first fragments. Use `grep ^FTC | cut -f 2-` to extract this part. The columns are: A,C,G,T,N base counters
FTC	92286	59609	56886	91819	0
# ACGT content per cycle for last fragments. Use `grep ^LBC | cut -f 2-` to extract this part. The columns are: cycle; A,C,G,T base counts as a percentage of all A/C/G/T bases [%]; and N and O counts as a percentage of all A/C/G/T bases [%]
LBC	1	30.79	18.56	20.21	30.44	0.00	0.00
LBC	2	31.39	20.96	19.01	28.64	0.00	0.00
LBC	3	30.44	21.56	18.91	29.09	0.00	0.00
LBC	4	30.64	19.51	18.86	30.99	0.00	0.00
LBC	5	31.84	19.36	18.66	30.14	0.00	0.00
LBC	6	32.09	19.81	18.26	29.84	0.00	0.00
LBC	7	30.14	19.41	19.11	31.34	0.00	0.00
LBC	8	30.24	19.61	17.71	32.44	0.00	0.00
LBC	9	31.29	18.96	20.01	29.74	0.00	0.00
LBC	10	32.14	20.76	17.61	29.49	0.00	0.00
LBC	11	29.59	20.01	19.66	30.74	0.00	0.00
LBC	12	31.09	19.36	19.41	30.14	0.00	0.00
LBC	13	31.94	21.11	16.67	30.29	0.00	0.00
LBC	14	30.54	17.51	21.76	30.19	0.00	0.00
LBC	15	28.79	18.76	19.56	32.88	0.00	0.00
LBC	16	32.29	18.56	18.11	31.04	0.00	0.00
LBC	17	32.63	18.76	19.51	29.09	0.00	0.00
LBC	18	30.24	19.31	17.76	32.68	0.00	0.00
LBC	19	32.39	17.96	19.16	30.49	0.00	0.00
LBC	20	30.59	19.21	18.31	31.89	0.00	0.00
LBC	21	31.49	20.16	18.86	29.49	0.00	0.00
LBC	22	30.44	21.81	18.61	29.14	0.00	0.00
LBC	23	29.84	20.11	19.81	30.24	0.00	0.00
LBC	24	29.34	20.21	19.61	30.84	0.00	0.00
LBC	25	29.39	20.71	17.47	32.44	0.00	0.00
LBC	26	31.09	19.06	18.66	31.19	0.00	0.00
LBC	27	30.99	20.36	15.87	32.78	0.00	0.00
LBC	28	29.94	20.21	19.16	30.69	0.00	0.00
LBC	29	29.34	20.61	19.16	30.89	0.00	0.00
LBC	30	31.24	18.66	18.11	31.99	0.00	0.00
LBC	31	30.79	21.51	18.11	29.59	0.00	0.00
LBC	32	31.69	19.06	19.36	29.89	0.00	0.00
LBC	33	32.14	19.76	16.92	31.19	0.00	0.00
LBC	34	31.54	19.91	19.56	28.99	0.00	0.00
LBC	35	30.54	19.71	18.91	30.84	0.00	0.00
LBC	36	30.19	20.56	18.61	30.64	0.00	0.00
LBC	37	31.54	19.36	18.51	30.59	0.00	0.00
LBC	38	30.74	17.56	19.66	32.04	0.00	0.00
LBC	39	31.64	18.16	19.01	31.19	0.00	0.00
LBC	40	31.34	17.71	20.31	30.64	0.00	0.00
LBC	41	30.34	18.56	19.51	31.59	0.00	0.00
LBC	42	30.04	19.26	20.41	30.29	0.00	0.00
LBC	43	30.34	20.51	19.41	29.74	0.00	0.00
LBC	44	32.19	19.86	18.16	29.79	0.00	0.00
LBC	45	31.39	20.06	18.91	29.64	0.00	0.00
LBC	46	32.44	18.21	18.51	30.84	0.00	0.00
LBC	47	29.09	20.56	19.06	31.29	0.00	0.00
LBC	48	29.64	20.21	18.11	32.04	0.00	0.00
LBC	49	29.84	19.16	19.41	31.59	0.00	0.00
LBC	50	30.64	19.16	20.21	29.99	0.00	0.00
LBC	51	29.29	17.96	18.26	34.48	0.00	0.00
LBC	52	29.79	21.06	19.56	29.59	0.00	0.00
LBC	53	30.44	19.96	18.51	31.09	0.00	0.00
LBC	54	29.69	19.61	18.71	31.99	0.00	0.00
LBC	55	31.14	19.11	19.16	30.59	0.00	0.00
LBC	56	30.54	20.21	18.46	30.79	0.00	0.00
LBC	57	30.79	21.86	17.81	29.54	0.00	0.00
LBC	58	32.19	19.26	19.41	29.14	0.00	0.00
LBC	59	30.14	19.61	19.46	30.79	0.00	0.00
LBC	60	30.89	19.36	19.46	30.29	0.00	0.00
LBC	61	30.09	20.71	19.56	29.64	0.00	0.00
LBC	62	29.59	20.16	19.26	30.99	0.00	0.00
LBC	63	30.69	19.71	18.31	31.29	0.00	0.00
LBC	64	29.54	20.46	18.96	31.04	0.00	0.00
LBC	65	31.34	19.16	19.11	30.39	0.00	0.00
LBC	66	30.49	18.26	18.86	32.39	0.00	0.00
LBC	67	29.69	18.81	18.61	32.88	0.00	0.00
LBC	68	29.69	19.01	20.16	31.14	0.00	0.00
LBC	69	30.64	20.11	19.21	30.04	0.00	0.00
LBC	70	30.09	20.16	18.71	31.04	0.00	0.00
LBC	71	28.89	20.66	20.26	30.19	0.00	0.00
LBC	72	31.24	19.91	17.51	31.34	0.00	0.00
LBC	73	30.54	20.56	19.31	29.59	0.00	0.00
LBC	74	30.74	18.01	20.16	31.09	0.00	0.00
LBC	75	30.89	19.46	18.46	31.19	0.00	0.00
LBC	76	30.09	20.56	18.66	30.69	0.00	0.00
LBC	77	30.24	18.56	20.31	30.89	0.00	0.00
LBC	78	31.59	19.11	19.11	30.19	0.00	0.00
LBC	79	28.49	20.66	19.21	31.64	0.00	0.00
LBC	80	29.64	20.91	18.21	31.24	0.00	0.00
LBC	81	28.99	19.86	19.46	31.69	0.00	0.00
LBC	82	29.94	19.41	19.31	31.34	0.00	0.00
LBC	83	28.89	21.01	19.91	30.19	0.00	0.00
LBC	84	30.34	19.06	19.21	31.39	0.00	0.00
LBC	85	31.79	20.86	18.46	28.89	0.00	0.00
LBC	86	30.04	20.66	17.81	31.49	0.00	0.00
LBC	87	31.49	18.01	20.31	30.19	0.00	0.00
LBC	88	29.49	18.81	19.46	32.24	0.00	0.00
LBC	89	31.69	20.81	19.01	28.49	0.00	0.00
LBC	90	31.29	20.46	17.96	30.29	0.00	0.00
LBC	91	29.49	19.46	19.66	31.39	0.00	0.00
LBC	92	29.84	18.91	18.61	32.63	0.00	0.00
LBC	93	30.74	19.11	19.51	30.64	0.00	0.00
LBC	94	31.39	20.76	18.31	29.54	0.00	0.00
LBC	95	32.19	19.61	18.51	29.69	0.00	0.00
LBC	96	32.09	19.01	18.01	30.89	0.00	0.00
LBC	97	30.09	22.50	18.46	28.94	0.00	0.00
LBC	98	30.19	21.01	19.21	29.59	0.00	0.00
LBC	99	30.59	19.61	17.71	32.09	0.00	0.00
LBC	100	30.74	19.01	20.31	29.94	0.00	0.00
LBC	101	27.94	21.81	18.86	31.39	0.00	0.00
LBC	102	29.09	20.61	20.51	29.79	0.00	0.00
LBC	103	29.24	20.71	19.16	30.89	0.00	0.00
LBC	104	31.74	20.21	17.71	30.34	0.00	0.00
LBC	105	29.79	19.66	18.06	32.49	0.00	0.00
LBC	106	30.94	20.86	18.26	29.94	0.00	0.00
LBC	107	30.54	19.41	18.31	31.74	0.00	0.00
LBC	108	30.59	19.61	18.21	31.59	0.00	0.00
LBC	109	28.19	21.16	19.46	31.19	0.00	0.00
LBC	110	30.24	19.56	19.31	30.89	0.00	0.00
LBC	111	28.84	19.16	20.36	31.64	0.00	0.00
LBC	112	31.54	20.21	17.56	30.69	0.00	0.00
LBC	113	32.83	19.56	16.92	30.69	0.00	0.00
LBC	114	28.84	19.46	19.06	32.63	0.00	0.00
LBC	115	30.19	19.66	18.26	31.89	0.00	0.00
LBC	116	29.94	19.91	18.36	31.79	0.00	0.00
LBC	117	30.64	20.51	19.71	29.14	0.00	0.00
LBC	118	30.04	19.51	20.11	30.34	0.00	0.00
LBC	119	29.94	19.86	19.11	31.09	0.00	0.00
LBC	120	30.04	19.56	19.76	30.64	0.00	0.00
LBC	121	30.49	20.66	19.31	29.54	0.00	0.00
LBC	122	31.54	19.66	18.36	30.44	0.00	0.00
LBC	123	30.24	18.46	18.66	32.63	0.00	0.00
LBC	124	30.99	19.66	19.41	29.94	0.00	0.00
LBC	125	29.94	19.11	18.71	32.24	0.00	0.00
LBC	126	29.39	20.21	20.51	29.89	0.00	0.00
LBC	127	31.04	20.36	18.41	30.19	0.00	0.00
LBC	128	31.44	19.41	19.21	29.94	0.00	0.00
LBC	129	31.14	19.21	18.06	31.59	0.00	0.00
LBC	130	28.54	19.91	18.81	32.73	0.00	0.00
LBC	131	31.44	18.96	19.06	30.54	0.00	0.00
LBC	132	31.69	18.86	18.41	31.04	0.00	0.00
LBC	133	30.24	20.11	18.51	31.14	0.00	0.00
LBC	134	30.14	20.96	20.06	28.84	0.00	0.00
LBC	135	30.69	20.66	19.31	29.34	0.00	0.00
LBC	136	29.34	20.51	19.51	30.64	0.00	0.00
LBC	137	30.39	20.41	19.51	29.69	0.00	0.00
LBC	138	30.64	20.71	18.96	29.69	0.00	0.00
LBC	139	30.84	20.61	20.16	28.39	0.00	0.00
LBC	140	31.29	20.96	17.51	30.24	0.00	0.00
LBC	141	30.09	18.91	19.21	31.79	0.00	0.00
LBC	142	30.59	20.66	19.16	29.59	0.00	0.00
LBC	143	28.19	20.51	19.96	31.34	0.00	0.00
LBC	144	31.64	18.61	19.06	30.69	0.00	0.00
LBC	145	30.84	19.91	18.21	31.04	0.00	0.00
LBC	146	30.45	19.67	19.82	30.05	0.00	0.00
LBC	147	31.45	20.47	18.22	29.86	0.00	0.00
LBC	148	29.67	19.68	19.18	31.47	0.00	0.00
LBC	149	30.87	18.83	19.13	31.17	0.00	0.00
LBC	150	31.17	19.83	20.08	28.92	0.00	0.00
# ACGT raw counters for last fragments. Use `grep ^LTC | cut -f 2-` to extract this part. The columns are: A,C,G,T,N base counters
LTC	91783	59482	56992	92335	0
# Insert sizes. Use `grep ^IS | cut -f 2-` to extract this part. The columns are: insert size, pairs total, inward oriented pairs, outward oriented pairs, other pairs
IS	0	0	0	0	0
IS	1	0	0	0	0
IS	2	0	0	0	0
IS	3	0	0	0	0
IS	4	0	0	0	0
IS	5	0	0	0	0
IS	6	0	0	0	0
IS	7	0	0	0	0
IS	8	0	0	0	0
IS	9	0	0	0	0
IS	10	0	0	0	0
IS	11	0	0	0	0
IS	12	0	0	0	0
IS	13	0	0	0	0
IS	14	0	0	0	0
IS	15	0	0	0	0
IS	16	0	0	0	0
IS	17	0	0	0	0
IS	18	0	0	0	0
IS	19	0	0	0	0
IS	20	0	0	0	0
IS	21	0	0	0	0
IS	22	0	0	0	0
IS	23	0	0	0	0
IS	24	0	0	0	0
IS	25	0	0	0	0
IS	26	0	0	0	0
IS	27	0	0	0	0
IS	28	0	0	0	0
IS	29	0	0	0	0
IS	30	0	0	0	0
IS	31	0	0	0	0
IS	32	0	0	0	0
IS	33	0	0	0	0
IS	34	0	0	0	0
IS	35	0	0	0	0
IS	36	0	0	0	0
IS	37	0	0	0	0
IS	38	0	0	0	0
IS	39	0	0	0	0
IS	40	0	0	0	0
IS	41	0	0	0	0
IS	42	0	0	0	0
IS	43	0	0	0	0
IS	44	0	0	0	0
IS	45	0	0	0	0
IS	46	0	0	0	0
IS	47	0	0	0	0
IS	48	0	0	0	0
IS	49	0	0	0	0
IS	50	0	0	0	0
IS	51	0	0	0	0
IS	52	0	0	0	0
IS	53	0	0	0	0
IS	54	0	0	0	0
IS	55	0	0	0	0
IS	56	0	0	0	0
IS	57	0	0	0	0
IS	58	0	0	0	0
IS	59	0	0	0	0
IS	60	0	0	0	0
IS	61	0	0	0	0
IS	62	0	0	0	0
IS	63	0	0	0	0
IS	64	0	0	0	0
IS	65	0	0	0	0
IS	66	0	0	0	0
IS	67	0	0	0	0
IS	68	0	0	0	0
IS	69	0	0	0	0
IS	70	0	0	0	0
IS	71	0	0	0	0
IS	72	0	0	0	0
IS	73	0	0	0	0
IS	74	0	0	0	0
IS	75	0	0	0	0
IS	76	0	0	0	0
IS	77	0	0	0	0
IS	78	0	0	0	0
IS	79	0	0	0	0
IS	80	0	0	0	0
IS	81	0	0	0	0
IS	82	0	0	0	0
IS	83	0	0	0	0
IS	84	0	0	0	0
IS	85	0	0	0	0
IS	86	0	0	0	0
IS	87	0	0	0	0
IS	88	0	0	0	0
IS	89	0	0	0	0
IS	90	0	0	0	0
IS	91	0	0	0	0
IS	92	0	0	0	0
IS	93	0	0	0	0
IS	94	0	0	0	0
IS	95	0	0	0	0
IS	96	0	0	0	0
IS	97	0	0	0	0
IS	98	0	0	0	0
IS	99	0	0	0	0
IS	100	0	0	0	0
IS	101	0	0	0	0
IS	102	0	0	0	0
IS	103	0	0	0	0
IS	104	0	0	0	0
IS	105	0	0	0	0
IS	106	0	0	0	0
IS	107	0	0	0	0
IS	108	0	0	0	0
IS	109	0	0	0	0
IS	110	0	0	0	0
IS	111	0	0	0	0
IS	112	0	0	0	0
IS	113	0	0	0	0
IS	114	0	0	0	0
IS	115	0	0	0	0
IS	116	0	0	0	0
IS	117	0	0	0	0
IS	118	0	0	0	0
IS	119	0	0	0	0
IS	120	0	0	0	0
IS	121	0	0	0	0
IS	122	0	0	0	0
IS	123	0	0	0	0
IS	124	0	0	0	0
IS	125	0	0	0	0
IS	126	0	0	0	0
IS	127	0	0	0	0
IS	128	0	0	0	0
IS	129	0	0	0	0
IS	130	0	0	0	0
IS	131	0	0	0	0
IS	132	0	0	0	0
IS	133	0	0	0	0
IS	134	0	0	0	0
IS	135	0	0	0	0
IS	136	0	0	0	0
IS	137	0	0	0	0
IS	138	0	0	0	0
IS	139	0	0	0	0
IS	140	0	0	0	0
IS	141	0	0	0	0
IS	142	0	0	0	0
IS	143	0	0	0	0
IS	144	0	0	0	0
IS	145	0	0	0	0
IS	146	0	0	0	0
IS	147	0	0	0	0
IS	148	0	0	0	0
IS	149	0	0	0	0
IS	150	0	0	0	0
IS	151	0	0	0	0
IS	152	0	0	0	0
IS	153	0	0	0	0
IS	154	0	0	0	0
IS	155	0	0	0	0
IS	156	0	0	0	0
IS	157	0	0	0	0
IS	158	0	0	0	0
IS	159	0	0	0	0
IS	160	0	0	0	0
IS	161	0	0	0	0
IS	162	0	0	0	0
IS	163	0	0	0	0
IS	164	0	0	0	0
IS	165	0	0	0	0
IS	166	0	0	0	0
IS	167	0	0	0	0
IS	168	0	0	0	0
IS	169	0	0	0	0
IS	170	0	0	0	0
IS	171	0	0	0	0
IS	172	0	0	0	0
IS	173	0	0	0	0
IS	174	0	0	0	0
IS	175	0	0	0	0
IS	176	0	0	0	0
IS	177	0	0	0	0
IS	178	0	0	0	0
IS	179	0	0	0	0
IS	180	0	0	0	0
IS	181	0	0	0	0
IS	182	0	0	0	0
IS	183	0	0	0	0
IS	184	0	0	0	0
IS	185	0	0	0	0
IS	186	0	0	0	0
IS	187	0	0	0	0
IS	188	0	0	0	0
IS	189	0	0	0	0
IS	190	0	0	0	0
IS	191	0	0	0	0
IS	192	0	0	0	0
IS	193	0	0	0	0
IS	194	0	0	0	0
IS	195	0	0	0	0
IS	196	0	0	0	0
IS	197	0	0	0	0
IS	198	0	0	0	0
IS	199	0	0	0	0
IS	200	0	0	0	0
IS	201	0	0	0	0
IS	202	0	0	0	0
IS	203	0	0	0	0
IS	204	0	0	0	0
IS	205	0	0	0	0
IS	206	0	0	0	0
IS	207	0	0	0	0
IS	208	0	0	0	0
IS	209	0	0	0	0
IS	210	0	0	0	0
IS	211	0	0	0	0
IS	212	0	0	0	0
IS	213	0	0	0	0
IS	214	0	0	0	0
IS	215	0	0	0	0
IS	216	0	0	0	0
IS	217	0	0	0	0
IS	218	0	0	0	0
IS	219	0	0	0	0
IS	220	0	0	0	0
IS	221	0	0	0	0
IS	222	0	0	0	0
IS	223	0	0	0	0
IS	224	0	0	0	0
IS	225	0	0	0	0
IS	226	0	0	0	0
IS	227	0	0	0	0
IS	228	0	0	0	0
IS	229	0	0	0	0
IS	230	0	0	0	0
IS	231	0	0	0	0
IS	232	0	0	0	0
IS	233	0	0	0	0
IS	234	0	0	0	0
IS	235	0	0	0	0
IS	236	0	0	0	0
IS	237	0	0	0	0
IS	238	0	0	0	0
IS	239	0	0	0	0
IS	240	0	0	0	0
IS	241	0	0	0	0
IS	242	0	0	0	0
IS	243	0	0	0	0
IS	244	0	0	0	0
IS	245	0	0	0	0
IS	246	0	0	0	0
IS	247	0	0	0	0
IS	248	0	0	0	0
IS	249	0	0	0	0
IS	250	0	0	0	0
IS	251	0	0	0	0
IS	252	0	0	0	0
IS	253	0	0	0	0
IS	254	0	0	0	0
IS	255	0	0	0	0
IS	256	0	0	0	0
IS	257	0	0	0	0
IS	258	0	0	0	0
IS	259	0	0	0	0
IS	260	0	0	0	0
IS	261	0	0	0	0
IS	262	0	0	0	0
IS	263	0	0	0	0
IS	264	0	0	0	0
IS	265	0	0	0	0
IS	266	0	0	0	0
IS	267	0	0	0	0
IS	268	0	0	0	0
IS	269	0	0	0	0
IS	270	0	0	0	0
IS	271	0	0	0	0
IS	272	0	0	0	0
IS	273	0	0	0	0
IS	274	0	0	0	0
IS	275	0	0	0	0
IS	276	0	0	0	0
IS	277	0	0	0	0
IS	278	0	0	0	0
IS	279	0	0	0	0
IS	280	0	0	0	0
IS	281	0	0	0	0
IS	282	0	0	0	0
IS	283	0	0	0	0
IS	284	0	0	0	0
IS	285	0	0	0	0
IS	286	0	0	0	0
IS	287	0	0	0	0
IS	288	0	0	0	0
IS	289	0	0	0	0
IS	290	0	0	0	0
IS	291	0	0	0	0
IS	292	0	0	0	0
IS	293	0	0	0	0
IS	294	0	0	0	0
IS	295	0	0	0	0
IS	296	0	0	0	0
IS	297	0	0	0	0
IS	298	0	0	0	0
IS	299	0	0	0	0
IS	300	0	0	0	0
IS	301	0	0	0	0
IS	302	0	0	0	0
IS	303	0	0	0	0
IS	304	0	0	0	0
IS	305	0	0	0	0
IS	306	0	0	0	0
IS	307	0	0	0	0
IS	308	0	0	0	0
IS	309	0	0	0	0
IS	310	0	0	0	0
IS	311	0	0	0	0
IS	312	0	0	0	0
IS	313	0	0	0	0
IS	314	0	0	0	0
IS	315	0	0	0	0
IS	316	0	0	0	0
IS	317	0	0	0	0
IS	318	0	0	0	0
IS	319	0	0	0	0
IS	320	0	0	0	0
IS	321	0	0	0	0
IS	322	0	0	0	0
IS	323	0	0	0	0
IS	324	0	0	0	0
IS	325	0	0	0	0
IS	326	0	0	0	0
IS	327	0	0	0	0
IS	328	0	0	0	0
IS	329	0	0	0	0
IS	330	0	0	0	0
IS	331	0	0	0	0
IS	332	0	0	0	0
IS	333	0	0	0	0
IS	334	0	0	0	0
IS	335	0	0	0	0
IS	336	0	0	0	0
IS	337	1	1	0	0
IS	338	0	0	0	0
IS	339	0	0	0	0
IS	340	0	0	0	0
IS	341	0	0	0	0
IS	342	0	0	0	0
IS	343	0	0	0	0
IS	344	0	0	0	0
IS	345	0	0	0	0
IS	346	0	0	0	0
IS	347	0	0	0	0
IS	348	0	0	0	0
IS	349	1	1	0	0
IS	350	1	1	0	0
IS	351	0	0	0	0
IS	352	0	0	0	0
IS	353	0	0	0	0
IS	354	0	0	0	0
IS	355	0	0	0	0
IS	356	0	0	0	0
IS	357	2	2	0	0
IS	358	1	1	0	0
IS	359	0	0	0	0
IS	360	0	0	0	0
IS	361	1	1	0	0
IS	362	1	1	0	0
IS	363	0	0	0	0
IS	364	0	0	0	0
IS	365	0	0	0	0
IS	366	1	1	0	0
IS	367	0	0	0	0
IS	368	3	3	0	0
IS	369	0	0	0	0
IS	370	1	1	0	0
IS	371	0	0	0	0
IS	372	2	2	0	0
IS	373	0	0	0	0
IS	374	1	1	0	0
IS	375	1	1	0	0
IS	376	2	2	0	0
IS	377	3	3	0	0
IS	378	0	0	0	0
IS	379	0	0	0	0
IS	380	2	2	0	0
IS	381	0	0	0	0
IS	382	2	2	0	0
IS	383	3	3	0	0
IS	384	1	1	0	0
IS	385	1	1	0	0
IS	386	2	2	0	0
IS	387	0	0	0	0
IS	388	1	1	0	0
IS	389	0	0	0	0
IS	390	5	5	0	0
IS	391	1	1	0	0
IS	392	2	2	0	0
IS	393	1	1	0	0
IS	394	1	1	0	0
IS	395	2	2	0	0
IS	396	2	2	0	0
IS	397	4	4	0	0
IS	398	1	1	0	0
IS	399	2	2	0	0
IS	400	2	2	0	0
IS	401	2	2	0	0
IS	402	2	2	0	0
IS	403	0	0	0	0
IS	404	5	5	0	0
IS	405	4	4	0	0
IS	406	2	2	0	0
IS	407	0	0	0	0
IS	408	1	1	0	0
IS	409	5	5	0	0
IS	410	3	3	0	0
IS	411	4	4	0	0
IS	412	2	2	0	0
IS	413	3	3	0	0
IS	414	4	4	0	0
IS	415	3	3	0	0
IS	416	4	4	0	0
IS	417	3	3	0	0
IS	418	1	1	0	0
IS	419	2	2	0	0
IS	420	4	4	0	0
IS	421	7	7	0	0
IS	422	4	4	0	0
IS	423	3	3	0	0
IS	424	6	6	0	0
IS	425	3	3	0	0
IS	426	5	5	0	0
IS	427	5	5	0	0
IS	428	2	2	0	0
IS	429	10	10	0	0
IS	430	9	9	0	0
IS	431	8	8	0	0
IS	432	11	11	0	0
IS	433	7	7	0	0
IS	434	9	9	0	0
IS	435	10	10	0	0
IS	436	10	10	0	0
IS	437	6	6	0	0
IS	438	10	10	0	0
IS	439	6	6	0	0
IS	440	10	10	0	0
IS	441	9	9	0	0
IS	442	5	5	0	0
IS	443	6	6	0	0
IS	444	7	7	0	0
IS	445	9	9	0	0
IS	446	9	9	0	0
IS	447	8	8	0	0
IS	448	11	11	0	0
IS	449	7	7	0	0
IS	450	9	9	0	0
IS	451	24	24	0	0
IS	452	8	8	0	0
IS	453	9	9	0	0
IS	454	8	8	0	0
IS	455	8	8	0	0
IS	456	14	14	0	0
IS	457	11	11	0	0
IS	458	9	9	0	0
IS	459	10	10	0	0
IS	460	8	8	0	0
IS	461	7	7	0	0
IS	462	14	14	0	0
IS	463	15	15	0	0
IS	464	13	13	0	0
IS	465	10	10	0	0
IS	466	11	11	0	0
IS	467	15	15	0	0
IS	468	15	15	0	0
IS	469	8	8	0	0
IS	470	15	15	0	0
IS	471	17	17	0	0
IS	472	14	14	0	0
IS	473	18	18	0	0
IS	474	13	13	0	0
IS	475	11	11	0	0
IS	476	18	18	0	0
IS	477	15	15	0	0
IS	478	12	12	0	0
IS	479	16	16	0	0
IS	480	17	17	0	0
IS	481	9	9	0	0
IS	482	18	18	0	0
IS	483	11	11	0	0
IS	484	15	15	0	0
IS	485	16	16	0	0
IS	486	12	12	0	0
IS	487	17	17	0	0
IS	488	19	19	0	0
IS	489	10	10	0	0
IS	490	19	19	0	0
IS	491	24	24	0	0
IS	492	11	11	0	0
IS	493	16	16	0	0
IS	494	17	17	0	0
IS	495	14	14	0	0
IS	496	19	19	0	0
IS	497	13	13	0	0
IS	498	17	17	0	0
IS	499	17	17	0	0
IS	500	13	13	0	0
IS	501	15	15	0	0
IS	502	13	13	0	0
IS	503	15	15	0	0
IS	504	27	27	0	0
IS	505	20	20	0	0
IS	506	14	14	0	0
IS	507	14	14	0	0
IS	508	12	12	0	0
IS	509	12	12	0	0
IS	510	8	8	0	0
IS	511	15	15	0	0
IS	512	20	20	0	0
IS	513	16	16	0	0
IS	514	13	13	0	0
IS	515	11	11	0	0
IS	516	18	18	0	0
IS	517	13	13	0	0
IS	518	9	9	0	0
IS	519	9	9	0	0
IS	520	18	18	0	0
IS	521	14	14	0	0
IS	522	13	13	0	0
IS	523	14	14	0	0
IS	524	13	13	0	0
IS	525	9	9	0	0
IS	526	12	12	0	0
IS	527	17	17	0	0
IS	528	16	16	0	0
IS	529	16	16	0	0
IS	530	13	13	0	0
IS	531	15	15	0	0
IS	532	13	13	0	0
IS	533	12	12	0	0
IS	534	12	12	0	0
IS	535	13	13	0	0
IS	536	16	16	0	0
IS	537	13	13	0	0
IS	538	14	14	0	0
IS	539	15	15	0	0
IS	540	9	9	0	0
IS	541	11	11	0	0
IS	542	11	11	0	0
IS	543	10	10	0	0
IS	544	7	7	0	0
IS	545	8	8	0	0
IS	546	10	10	0	0
IS	547	12	12	0	0
IS	548	8	8	0	0
IS	549	9	9	0	0
IS	550	17	17	0	0
IS	551	7	7	0	0
IS	552	12	12	0	0
IS	553	6	6	0	0
IS	554	12	12	0	0
IS	555	7	7	0	0
IS	556	6	6	0	0
IS	557	7	7	0	0
IS	558	9	9	0	0
IS	559	8	8	0	0
IS	560	8	8	0	0
IS	561	8	8	0	0
IS	562	10	10	0	0
IS	563	7	7	0	0
IS	564	6	6	0	0
IS	565	6	6	0	0
IS	566	6	6	0	0
IS	567	7	7	0	0
IS	568	9	9	0	0
IS	569	3	3	0	0
IS	570	10	10	0	0
IS	571	5	5	0	0
IS	572	6	6	0	0
IS	573	5	5	0	0
IS	574	5	5	0	0
IS	575	7	7	0	0
IS	576	8	8	0	0
IS	577	3	3	0	0
IS	578	6	6	0	0
IS	579	4	4	0	0
IS	580	8	8	0	0
IS	581	4	4	0	0
IS	582	4	4	0	0
IS	583	7	7	0	0
IS	584	3	3	0	0
IS	585	3	3	0	0
IS	586	2	2	0	0
IS	587	3	3	0	0
IS	588	1	1	0	0
IS	589	2	2	0	0
IS	590	3	3	0	0
IS	591	2	2	0	0
IS	592	3	3	0	0
IS	593	4	4	0	0
IS	594	5	5	0	0
IS	595	3	3	0	0
IS	596	2	2	0	0
IS	597	2	2	0	0
IS	598	6	6	0	0
IS	599	2	2	0	0
IS	600	1	1	0	0
IS	601	2	2	0	0
IS	602	4	4	0	0
IS	603	2	2	0	0
IS	604	2	2	0	0
IS	605	6	6	0	0
IS	606	2	2	0	0
IS	607	0	0	0	0
IS	608	1	1	0	0
IS	609	2	2	0	0
IS	610	1	1	0	0
IS	611	1	1	0	0
IS	612	1	1	0	0
IS	613	2	2	0	0
# Read lengths. Use `grep ^RL | cut -f 2-` to extract this part. The columns are: read length, count
RL	145	1
RL	147	1
RL	150	4006
# Read lengths - first fragments. Use `grep ^FRL | cut -f 2-` to extract this part. The columns are: read length, count
FRL	150	2004
# Read lengths - last fragments. Use `grep ^LRL | cut -f 2-` to extract this part. The columns are: read length, count
LRL	145	1
LRL	147	1
LRL	150	2002
# Mapping qualities for reads !(UNMAP|SECOND|SUPPL|QCFAIL|DUP). Use `grep ^MAPQ | cut -f 2-` to extract this part. The columns are: mapq, count
MAPQ	0	14
MAPQ	15	2
MAPQ	27	4
MAPQ	39	2
MAPQ	40	31
MAPQ	41	1
MAPQ	43	2
MAPQ	47	1
MAPQ	48	50
MAPQ	50	4
MAPQ	52	2
MAPQ	57	16
MAPQ	59	3
MAPQ	60	3876
# Indel distribution. Use `grep ^ID | cut -f 2-` to extract this part. The columns are: length, number of insertions, number of deletions
# Indels per cycle. Use `grep ^IC | cut -f 2-` to extract this part. The columns are: cycle, number of insertions (fwd), .. (rev) , number of deletions (fwd), .. (rev)
# Coverage distribution. Use `grep ^COV | cut -f 2-` to extract this part.
COV	[1-1]	1	6096
COV	[2-2]	2	9997
COV	[3-3]	3	15336
COV	[4-4]	4	17780
COV	[5-5]	5	17983
COV	[6-6]	6	16987
COV	[7-7]	7	13919
COV	[8-8]	8	8661
COV	[9-9]	9	5164
COV	[10-10]	10	2874
COV	[11-11]	11	1128
COV	[12-12]	12	591
COV	[13-13]	13	244
COV	[14-14]	14	77
COV	[15-15]	15	30
# GC-depth. Use `grep ^GCD | cut -f 2-` to extract this part. The columns are: GC%, unique sequence percentiles, 10th, 25th, 50th, 75th and 90th depth percentile
GCD	0.0	15.385	0.000	0.000	0.000	0.000	0.000
GCD	37.0	30.769	2.505	2.505	2.505	2.505	2.505
GCD	38.0	53.846	2.505	2.505	2.505	2.505	2.505
GCD	39.0	84.615	2.505	2.505	2.505	2.505	2.505
GCD	41.0	92.308	2.505	2.505	2.505	2.505	2.505
GCD	45.0	100.000	2.505	2.505	2.505	2.505	2.505
