# This file was produced by samtools stats (1.20+htslib-1.21) and can be plotted using plot-bamstats
# This file contains statistics for all reads.
# The command line was:  stats sample3797.sorted.group.rmdup.bam
# CHK, Checksum	[2]Read Names	[3]Sequences	[4]Qualities
# CHK, CRC32 of reads which passed filtering followed by addition (32bit overflow)
CHK	36cefa0c	a57e3d84	f1f23d24
# Summary Numbers. Use `grep ^SN | cut -f 2-` to extract this part.
SN	raw total sequences:	4006	# excluding supplementary and secondary reads
SN	filtered sequences:	0
SN	sequences:	4006
SN	is sorted:	1
SN	1st fragments:	2003
SN	last fragments:	2003
SN	reads mapped:	4006
SN	reads mapped and paired:	4006	# paired-end technology bit set + both mates mapped
SN	reads unmapped:	0
SN	reads properly paired:	4006	# proper-pair bit set
SN	reads paired:	4006	# paired-end technology bit set
SN	reads duplicated:	0	# PCR or optical duplicate bit set
SN	reads MQ0:	18	# mapped and MQ=0
SN	reads QC failed:	0
SN	non-primary alignments:	0
SN	supplementary alignments:	0
SN	total length:	600900	# ignores clipping
SN	total first fragment length:	300450	# ignores clipping
SN	total last fragment length:	300450	# ignores clipping
SN	bases mapped:	600900	# ignores clipping
SN	bases mapped (cigar):	600897	# more accurate
SN	bases trimmed:	0
SN	bases duplicated:	0
SN	mismatches:	1024	# from NM fields
SN	error rate:	1.704119e-03	# mismatches / bases mapped (cigar)
SN	average length:	150
SN	average first fragment length:	150
SN	average last fragment length:	150
SN	maximum length:	150
SN	maximum first fragment length:	150
SN	maximum last fragment length:	150
SN	average quality:	30.0
SN	insert size average:	498.2
SN	insert size standard deviation:	49.0
SN	inward oriented pairs:	2003
SN	outward oriented pairs:	0
SN	pairs with other orientation:	0
SN	pairs on different chromosomes:	0
SN	percentage of properly paired reads (%):	100.0
# First Fragment Qualities. Use `grep ^FFQ | cut -f 2-` to extract this part.
# Columns correspond to qualities and rows to cycles. First column is the cycle number.
FFQ	1	0	0	0	0	0	0	0	0	0	0	0	0	0	0	0	0	0	0	0	0	0	0	0	0	0	0	0	0	0	0	2003	0
FFQ	2	0	0	0	0	0	0	0	0	0	0	0	0	0	0	0	0	0	0	0	0	0	0	0	0	0	0	0	0	0	0	2003	0
FFQ	3	0	0	0	0	0	0	0	0	0	0	0	0	0	0	0	0	0	0	0	0	0	0	0	0	0	0	0	0	0	0	2003	0
FFQ	4	0	0	0	0	0	0	0	0	0	0	0	0	0	0	0	0	0	0	0	0	0	0	0	0	0	0	0	0	0	0	2003	0
FFQ	5	0	0	0	0	0	0	0	0	0	0	0	0	0	0	0	0	0	0	0	0	0	0	0	0	0	0	0	0	0	0	2003	0
FFQ	6	0	0	0	0	0	0	0	0	0	0	0	0	0	0	0	0	0	0	0	0	0	0	0	0	0	0	0	0	0	0	2003	0
FFQ	7	0	0	0	0	0	0	0	0	0	0	0	0	0	0	0	0	0	0	0	0	0	0	0	0	0	0	0	0	0	0	2003	0
FFQ	8	0	0	0	0	0	0	0	0	0	0	0	0	0	0	0	0	0	0	0	0	0	0	0	0	0	0	0	0	0	0	2003	0
FFQ	9	0	0	0	0	0	0	0	0	0	0	0	0	0	0	0	0	0	0	0	0	0	0	0	0	0	0	0	0	0	0	2003	0
FFQ	10	0	0	0	0	0	0	0	0	0	0	0	0	0	0	0	0	0	0	0	0	0	0	0	0	0	0	0	0	0	0	2003	0
FFQ	11	0	0	0	0	0	0	0	0	0	0	0	0	0	0	0	0	0	0	0	0	0	0	0	0	0	0	0	0	0	0	2003	0
FFQ	12	0	0	0	0	0	0	0	0	0	0	0	0	0	0	0	0	0	0	0	0	0	0	0	0	0	0	0	0	0	0	2003	0
FFQ	13	0	0	0	0	0	0	0	0	0	0	0	0	0	0	0	0	0	0	0	0	0	0	0	0	0	0	0	0	0	0	2003	0
FFQ	14	0	0	0	0	0	0	0	0	0	0	0	0	0	0	0	0	0	0	0	0	0	0	0	0	0	0	0	0	0	0	2003	0
FFQ	15	0	0	0	0	0	0	0	0	0	0	0	0	0	0	0	0	0	0	0	0	0	0	0	0	0	0	0	0	0	0	2003	0
FFQ	16	0	0	0	0	0	0	0	0	0	0	0	0	0	0	0	0	0	0	0	0	0	0	0	0	0	0	0	0	0	0	2003	0
FFQ	17	0	0	0	0	0	0	0	0	0	0	0	0	0	0	0	0	0	0	0	0	0	0	0	0	0	0	0	0	0	0	2003	0
FFQ	18	0	0	0	0	0	0	0	0	0	0	0	0	0	0	0	0	0	0	0	0	0	0	0	0	0	0	0	0	0	0	2003	0
FFQ	19	0	0	0	0	0	0	0	0	0	0	0	0	0	0	0	0	0	0	0	0	0	0	0	0	0	0	0	0	0	0	2003	0
FFQ	20	0	0	0	0	0	0	0	0	0	0	0	0	0	0	0	0	0	0	0	0	0	0	0	0	0	0	0	0	0	0	2003	0
FFQ	21	0	0	0	0	0	0	0	0	0	0	0	0	0	0	0	0	0	0	0	0	0	0	0	0	0	0	0	0	0	0	2003	0
FFQ	22	0	0	0	0	0	0	0	0	0	0	0	0	0	0	0	0	0	0	0	0	0	0	0	0	0	0	0	0	0	0	2003	0
FFQ	23	0	0	0	0	0	0	0	0	0	0	0	0	0	0	0	0	0	0	0	0	0	0	0	0	0	0	0	0	0	0	2003	0
FFQ	24	0	0	0	0	0	0	0	0	0	0	0	0	0	0	0	0	0	0	0	0	0	0	0	0	0	0	0	0	0	0	2003	0
FFQ	25	0	0	0	0	0	0	0	0	0	0	0	0	0	0	0	0	0	0	0	0	0	0	0	0	0	0	0	0	0	0	2003	0
FFQ	26	0	0	0	0	0	0	0	0	0	0	0	0	0	0	0	0	0	0	0	0	0	0	0	0	0	0	0	0	0	0	2003	0
FFQ	27	0	0	0	0	0	0	0	0	0	0	0	0	0	0	0	0	0	0	0	0	0	0	0	0	0	0	0	0	0	0	2003	0
FFQ	28	0	0	0	0	0	0	0	0	0	0	0	0	0	0	0	0	0	0	0	0	0	0	0	0	0	0	0	0	0	0	2003	0
FFQ	29	0	0	0	0	0	0	0	0	0	0	0	0	0	0	0	0	0	0	0	0	0	0	0	0	0	0	0	0	0	0	2003	0
FFQ	30	0	0	0	0	0	0	0	0	0	0	0	0	0	0	0	0	0	0	0	0	0	0	0	0	0	0	0	0	0	0	2003	0
FFQ	31	0	0	0	0	0	0	0	0	0	0	0	0	0	0	0	0	0	0	0	0	0	0	0	0	0	0	0	0	0	0	2003	0
FFQ	32	0	0	0	0	0	0	0	0	0	0	0	0	0	0	0	0	0	0	0	0	0	0	0	0	0	0	0	0	0	0	2003	0
FFQ	33	0	0	0	0	0	0	0	0	0	0	0	0	0	0	0	0	0	0	0	0	0	0	0	0	0	0	0	0	0	0	2003	0
FFQ	34	0	0	0	0	0	0	0	0	0	0	0	0	0	0	0	0	0	0	0	0	0	0	0	0	0	0	0	0	0	0	2003	0
FFQ	35	0	0	0	0	0	0	0	0	0	0	0	0	0	0	0	0	0	0	0	0	0	0	0	0	0	0	0	0	0	0	2003	0
FFQ	36	0	0	0	0	0	0	0	0	0	0	0	0	0	0	0	0	0	0	0	0	0	0	0	0	0	0	0	0	0	0	2003	0
FFQ	37	0	0	0	0	0	0	0	0	0	0	0	0	0	0	0	0	0	0	0	0	0	0	0	0	0	0	0	0	0	0	2003	0
FFQ	38	0	0	0	0	0	0	0	0	0	0	0	0	0	0	0	0	0	0	0	0	0	0	0	0	0	0	0	0	0	0	2003	0
FFQ	39	0	0	0	0	0	0	0	0	0	0	0	0	0	0	0	0	0	0	0	0	0	0	0	0	0	0	0	0	0	0	2003	0
FFQ	40	0	0	0	0	0	0	0	0	0	0	0	0	0	0	0	0	0	0	0	0	0	0	0	0	0	0	0	0	0	0	2003	0
FFQ	41	0	0	0	0	0	0	0	0	0	0	0	0	0	0	0	0	0	0	0	0	0	0	0	0	0	0	0	0	0	0	2003	0
FFQ	42	0	0	0	0	0	0	0	0	0	0	0	0	0	0	0	0	0	0	0	0	0	0	0	0	0	0	0	0	0	0	2003	0
FFQ	43	0	0	0	0	0	0	0	0	0	0	0	0	0	0	0	0	0	0	0	0	0	0	0	0	0	0	0	0	0	0	2003	0
FFQ	44	0	0	0	0	0	0	0	0	0	0	0	0	0	0	0	0	0	0	0	0	0	0	0	0	0	0	0	0	0	0	2003	0
FFQ	45	0	0	0	0	0	0	0	0	0	0	0	0	0	0	0	0	0	0	0	0	0	0	0	0	0	0	0	0	0	0	2003	0
FFQ	46	0	0	0	0	0	0	0	0	0	0	0	0	0	0	0	0	0	0	0	0	0	0	0	0	0	0	0	0	0	0	2003	0
FFQ	47	0	0	0	0	0	0	0	0	0	0	0	0	0	0	0	0	0	0	0	0	0	0	0	0	0	0	0	0	0	0	2003	0
FFQ	48	0	0	0	0	0	0	0	0	0	0	0	0	0	0	0	0	0	0	0	0	0	0	0	0	0	0	0	0	0	0	2003	0
FFQ	49	0	0	0	0	0	0	0	0	0	0	0	0	0	0	0	0	0	0	0	0	0	0	0	0	0	0	0	0	0	0	2003	0
FFQ	50	0	0	0	0	0	0	0	0	0	0	0	0	0	0	0	0	0	0	0	0	0	0	0	0	0	0	0	0	0	0	2003	0
FFQ	51	0	0	0	0	0	0	0	0	0	0	0	0	0	0	0	0	0	0	0	0	0	0	0	0	0	0	0	0	0	0	2003	0
FFQ	52	0	0	0	0	0	0	0	0	0	0	0	0	0	0	0	0	0	0	0	0	0	0	0	0	0	0	0	0	0	0	2003	0
FFQ	53	0	0	0	0	0	0	0	0	0	0	0	0	0	0	0	0	0	0	0	0	0	0	0	0	0	0	0	0	0	0	2003	0
FFQ	54	0	0	0	0	0	0	0	0	0	0	0	0	0	0	0	0	0	0	0	0	0	0	0	0	0	0	0	0	0	0	2003	0
FFQ	55	0	0	0	0	0	0	0	0	0	0	0	0	0	0	0	0	0	0	0	0	0	0	0	0	0	0	0	0	0	0	2003	0
FFQ	56	0	0	0	0	0	0	0	0	0	0	0	0	0	0	0	0	0	0	0	0	0	0	0	0	0	0	0	0	0	0	2003	0
FFQ	57	0	0	0	0	0	0	0	0	0	0	0	0	0	0	0	0	0	0	0	0	0	0	0	0	0	0	0	0	0	0	2003	0
FFQ	58	0	0	0	0	0	0	0	0	0	0	0	0	0	0	0	0	0	0	0	0	0	0	0	0	0	0	0	0	0	0	2003	0
FFQ	59	0	0	0	0	0	0	0	0	0	0	0	0	0	0	0	0	0	0	0	0	0	0	0	0	0	0	0	0	0	0	2003	0
FFQ	60	0	0	0	0	0	0	0	0	0	0	0	0	0	0	0	0	0	0	0	0	0	0	0	0	0	0	0	0	0	0	2003	0
FFQ	61	0	0	0	0	0	0	0	0	0	0	0	0	0	0	0	0	0	0	0	0	0	0	0	0	0	0	0	0	0	0	2003	0
FFQ	62	0	0	0	0	0	0	0	0	0	0	0	0	0	0	0	0	0	0	0	0	0	0	0	0	0	0	0	0	0	0	2003	0
FFQ	63	0	0	0	0	0	0	0	0	0	0	0	0	0	0	0	0	0	0	0	0	0	0	0	0	0	0	0	0	0	0	2003	0
FFQ	64	0	0	0	0	0	0	0	0	0	0	0	0	0	0	0	0	0	0	0	0	0	0	0	0	0	0	0	0	0	0	2003	0
FFQ	65	0	0	0	0	0	0	0	0	0	0	0	0	0	0	0	0	0	0	0	0	0	0	0	0	0	0	0	0	0	0	2003	0
FFQ	66	0	0	0	0	0	0	0	0	0	0	0	0	0	0	0	0	0	0	0	0	0	0	0	0	0	0	0	0	0	0	2003	0
FFQ	67	0	0	0	0	0	0	0	0	0	0	0	0	0	0	0	0	0	0	0	0	0	0	0	0	0	0	0	0	0	0	2003	0
FFQ	68	0	0	0	0	0	0	0	0	0	0	0	0	0	0	0	0	0	0	0	0	0	0	0	0	0	0	0	0	0	0	2003	0
FFQ	69	0	0	0	0	0	0	0	0	0	0	0	0	0	0	0	0	0	0	0	0	0	0	0	0	0	0	0	0	0	0	2003	0
FFQ	70	0	0	0	0	0	0	0	0	0	0	0	0	0	0	0	0	0	0	0	0	0	0	0	0	0	0	0	0	0	0	2003	0
FFQ	71	0	0	0	0	0	0	0	0	0	0	0	0	0	0	0	0	0	0	0	0	0	0	0	0	0	0	0	0	0	0	2003	0
FFQ	72	0	0	0	0	0	0	0	0	0	0	0	0	0	0	0	0	0	0	0	0	0	0	0	0	0	0	0	0	0	0	2003	0
FFQ	73	0	0	0	0	0	0	0	0	0	0	0	0	0	0	0	0	0	0	0	0	0	0	0	0	0	0	0	0	0	0	2003	0
FFQ	74	0	0	0	0	0	0	0	0	0	0	0	0	0	0	0	0	0	0	0	0	0	0	0	0	0	0	0	0	0	0	2003	0
FFQ	75	0	0	0	0	0	0	0	0	0	0	0	0	0	0	0	0	0	0	0	0	0	0	0	0	0	0	0	0	0	0	2003	0
FFQ	76	0	0	0	0	0	0	0	0	0	0	0	0	0	0	0	0	0	0	0	0	0	0	0	0	0	0	0	0	0	0	2003	0
FFQ	77	0	0	0	0	0	0	0	0	0	0	0	0	0	0	0	0	0	0	0	0	0	0	0	0	0	0	0	0	0	0	2003	0
FFQ	78	0	0	0	0	0	0	0	0	0	0	0	0	0	0	0	0	0	0	0	0	0	0	0	0	0	0	0	0	0	0	2003	0
FFQ	79	0	0	0	0	0	0	0	0	0	0	0	0	0	0	0	0	0	0	0	0	0	0	0	0	0	0	0	0	0	0	2003	0
FFQ	80	0	0	0	0	0	0	0	0	0	0	0	0	0	0	0	0	0	0	0	0	0	0	0	0	0	0	0	0	0	0	2003	0
FFQ	81	0	0	0	0	0	0	0	0	0	0	0	0	0	0	0	0	0	0	0	0	0	0	0	0	0	0	0	0	0	0	2003	0
FFQ	82	0	0	0	0	0	0	0	0	0	0	0	0	0	0	0	0	0	0	0	0	0	0	0	0	0	0	0	0	0	0	2003	0
FFQ	83	0	0	0	0	0	0	0	0	0	0	0	0	0	0	0	0	0	0	0	0	0	0	0	0	0	0	0	0	0	0	2003	0
FFQ	84	0	0	0	0	0	0	0	0	0	0	0	0	0	0	0	0	0	0	0	0	0	0	0	0	0	0	0	0	0	0	2003	0
FFQ	85	0	0	0	0	0	0	0	0	0	0	0	0	0	0	0	0	0	0	0	0	0	0	0	0	0	0	0	0	0	0	2003	0
FFQ	86	0	0	0	0	0	0	0	0	0	0	0	0	0	0	0	0	0	0	0	0	0	0	0	0	0	0	0	0	0	0	2003	0
FFQ	87	0	0	0	0	0	0	0	0	0	0	0	0	0	0	0	0	0	0	0	0	0	0	0	0	0	0	0	0	0	0	2003	0
FFQ	88	0	0	0	0	0	0	0	0	0	0	0	0	0	0	0	0	0	0	0	0	0	0	0	0	0	0	0	0	0	0	2003	0
FFQ	89	0	0	0	0	0	0	0	0	0	0	0	0	0	0	0	0	0	0	0	0	0	0	0	0	0	0	0	0	0	0	2003	0
FFQ	90	0	0	0	0	0	0	0	0	0	0	0	0	0	0	0	0	0	0	0	0	0	0	0	0	0	0	0	0	0	0	2003	0
FFQ	91	0	0	0	0	0	0	0	0	0	0	0	0	0	0	0	0	0	0	0	0	0	0	0	0	0	0	0	0	0	0	2003	0
FFQ	92	0	0	0	0	0	0	0	0	0	0	0	0	0	0	0	0	0	0	0	0	0	0	0	0	0	0	0	0	0	0	2003	0
FFQ	93	0	0	0	0	0	0	0	0	0	0	0	0	0	0	0	0	0	0	0	0	0	0	0	0	0	0	0	0	0	0	2003	0
FFQ	94	0	0	0	0	0	0	0	0	0	0	0	0	0	0	0	0	0	0	0	0	0	0	0	0	0	0	0	0	0	0	2003	0
FFQ	95	0	0	0	0	0	0	0	0	0	0	0	0	0	0	0	0	0	0	0	0	0	0	0	0	0	0	0	0	0	0	2003	0
FFQ	96	0	0	0	0	0	0	0	0	0	0	0	0	0	0	0	0	0	0	0	0	0	0	0	0	0	0	0	0	0	0	2003	0
FFQ	97	0	0	0	0	0	0	0	0	0	0	0	0	0	0	0	0	0	0	0	0	0	0	0	0	0	0	0	0	0	0	2003	0
FFQ	98	0	0	0	0	0	0	0	0	0	0	0	0	0	0	0	0	0	0	0	0	0	0	0	0	0	0	0	0	0	0	2003	0
FFQ	99	0	0	0	0	0	0	0	0	0	0	0	0	0	0	0	0	0	0	0	0	0	0	0	0	0	0	0	0	0	0	2003	0
FFQ	100	0	0	0	0	0	0	0	0	0	0	0	0	0	0	0	0	0	0	0	0	0	0	0	0	0	0	0	0	0	0	2003	0
FFQ	101	0	0	0	0	0	0	0	0	0	0	0	0	0	0	0	0	0	0	0	0	0	0	0	0	0	0	0	0	0	0	2003	0
FFQ	102	0	0	0	0	0	0	0	0	0	0	0	0	0	0	0	0	0	0	0	0	0	0	0	0	0	0	0	0	0	0	2003	0
FFQ	103	0	0	0	0	0	0	0	0	0	0	0	0	0	0	0	0	0	0	0	0	0	0	0	0	0	0	0	0	0	0	2003	0
FFQ	104	0	0	0	0	0	0	0	0	0	0	0	0	0	0	0	0	0	0	0	0	0	0	0	0	0	0	0	0	0	0	2003	0
FFQ	105	0	0	0	0	0	0	0	0	0	0	0	0	0	0	0	0	0	0	0	0	0	0	0	0	0	0	0	0	0	0	2003	0
FFQ	106	0	0	0	0	0	0	0	0	0	0	0	0	0	0	0	0	0	0	0	0	0	0	0	0	0	0	0	0	0	0	2003	0
FFQ	107	0	0	0	0	0	0	0	0	0	0	0	0	0	0	0	0	0	0	0	0	0	0	0	0	0	0	0	0	0	0	2003	0
FFQ	108	0	0	0	0	0	0	0	0	0	0	0	0	0	0	0	0	0	0	0	0	0	0	0	0	0	0	0	0	0	0	2003	0
FFQ	109	0	0	0	0	0	0	0	0	0	0	0	0	0	0	0	0	0	0	0	0	0	0	0	0	0	0	0	0	0	0	2003	0
FFQ	110	0	0	0	0	0	0	0	0	0	0	0	0	0	0	0	0	0	0	0	0	0	0	0	0	0	0	0	0	0	0	2003	0
FFQ	111	0	0	0	0	0	0	0	0	0	0	0	0	0	0	0	0	0	0	0	0	0	0	0	0	0	0	0	0	0	0	2003	0
FFQ	112	0	0	0	0	0	0	0	0	0	0	0	0	0	0	0	0	0	0	0	0	0	0	0	0	0	0	0	0	0	0	2003	0
FFQ	113	0	0	0	0	0	0	0	0	0	0	0	0	0	0	0	0	0	0	0	0	0	0	0	0	0	0	0	0	0	0	2003	0
FFQ	114	0	0	0	0	0	0	0	0	0	0	0	0	0	0	0	0	0	0	0	0	0	0	0	0	0	0	0	0	0	0	2003	0
FFQ	115	0	0	0	0	0	0	0	0	0	0	0	0	0	0	0	0	0	0	0	0	0	0	0	0	0	0	0	0	0	0	2003	0
FFQ	116	0	0	0	0	0	0	0	0	0	0	0	0	0	0	0	0	0	0	0	0	0	0	0	0	0	0	0	0	0	0	2003	0
FFQ	117	0	0	0	0	0	0	0	0	0	0	0	0	0	0	0	0	0	0	0	0	0	0	0	0	0	0	0	0	0	0	2003	0
FFQ	118	0	0	0	0	0	0	0	0	0	0	0	0	0	0	0	0	0	0	0	0	0	0	0	0	0	0	0	0	0	0	2003	0
FFQ	119	0	0	0	0	0	0	0	0	0	0	0	0	0	0	0	0	0	0	0	0	0	0	0	0	0	0	0	0	0	0	2003	0
FFQ	120	0	0	0	0	0	0	0	0	0	0	0	0	0	0	0	0	0	0	0	0	0	0	0	0	0	0	0	0	0	0	2003	0
FFQ	121	0	0	0	0	0	0	0	0	0	0	0	0	0	0	0	0	0	0	0	0	0	0	0	0	0	0	0	0	0	0	2003	0
FFQ	122	0	0	0	0	0	0	0	0	0	0	0	0	0	0	0	0	0	0	0	0	0	0	0	0	0	0	0	0	0	0	2003	0
FFQ	123	0	0	0	0	0	0	0	0	0	0	0	0	0	0	0	0	0	0	0	0	0	0	0	0	0	0	0	0	0	0	2003	0
FFQ	124	0	0	0	0	0	0	0	0	0	0	0	0	0	0	0	0	0	0	0	0	0	0	0	0	0	0	0	0	0	0	2003	0
FFQ	125	0	0	0	0	0	0	0	0	0	0	0	0	0	0	0	0	0	0	0	0	0	0	0	0	0	0	0	0	0	0	2003	0
FFQ	126	0	0	0	0	0	0	0	0	0	0	0	0	0	0	0	0	0	0	0	0	0	0	0	0	0	0	0	0	0	0	2003	0
FFQ	127	0	0	0	0	0	0	0	0	0	0	0	0	0	0	0	0	0	0	0	0	0	0	0	0	0	0	0	0	0	0	2003	0
FFQ	128	0	0	0	0	0	0	0	0	0	0	0	0	0	0	0	0	0	0	0	0	0	0	0	0	0	0	0	0	0	0	2003	0
FFQ	129	0	0	0	0	0	0	0	0	0	0	0	0	0	0	0	0	0	0	0	0	0	0	0	0	0	0	0	0	0	0	2003	0
FFQ	130	0	0	0	0	0	0	0	0	0	0	0	0	0	0	0	0	0	0	0	0	0	0	0	0	0	0	0	0	0	0	2003	0
FFQ	131	0	0	0	0	0	0	0	0	0	0	0	0	0	0	0	0	0	0	0	0	0	0	0	0	0	0	0	0	0	0	2003	0
FFQ	132	0	0	0	0	0	0	0	0	0	0	0	0	0	0	0	0	0	0	0	0	0	0	0	0	0	0	0	0	0	0	2003	0
FFQ	133	0	0	0	0	0	0	0	0	0	0	0	0	0	0	0	0	0	0	0	0	0	0	0	0	0	0	0	0	0	0	2003	0
FFQ	134	0	0	0	0	0	0	0	0	0	0	0	0	0	0	0	0	0	0	0	0	0	0	0	0	0	0	0	0	0	0	2003	0
FFQ	135	0	0	0	0	0	0	0	0	0	0	0	0	0	0	0	0	0	0	0	0	0	0	0	0	0	0	0	0	0	0	2003	0
FFQ	136	0	0	0	0	0	0	0	0	0	0	0	0	0	0	0	0	0	0	0	0	0	0	0	0	0	0	0	0	0	0	2003	0
FFQ	137	0	0	0	0	0	0	0	0	0	0	0	0	0	0	0	0	0	0	0	0	0	0	0	0	0	0	0	0	0	0	2003	0
FFQ	138	0	0	0	0	0	0	0	0	0	0	0	0	0	0	0	0	0	0	0	0	0	0	0	0	0	0	0	0	0	0	2003	0
FFQ	139	0	0	0	0	0	0	0	0	0	0	0	0	0	0	0	0	0	0	0	0	0	0	0	0	0	0	0	0	0	0	2003	0
FFQ	140	0	0	0	0	0	0	0	0	0	0	0	0	0	0	0	0	0	0	0	0	0	0	0	0	0	0	0	0	0	0	2003	0
FFQ	141	0	0	0	0	0	0	0	0	0	0	0	0	0	0	0	0	0	0	0	0	0	0	0	0	0	0	0	0	0	0	2003	0
FFQ	142	0	0	0	0	0	0	0	0	0	0	0	0	0	0	0	0	0	0	0	0	0	0	0	0	0	0	0	0	0	0	2003	0
FFQ	143	0	0	0	0	0	0	0	0	0	0	0	0	0	0	0	0	0	0	0	0	0	0	0	0	0	0	0	0	0	0	2003	0
FFQ	144	0	0	0	0	0	0	0	0	0	0	0	0	0	0	0	0	0	0	0	0	0	0	0	0	0	0	0	0	0	0	2003	0
FFQ	145	0	0	0	0	0	0	0	0	0	0	0	0	0	0	0	0	0	0	0	0	0	0	0	0	0	0	0	0	0	0	2003	0
FFQ	146	0	0	0	0	0	0	0	0	0	0	0	0	0	0	0	0	0	0	0	0	0	0	0	0	0	0	0	0	0	0	2003	0
FFQ	147	0	0	0	0	0	0	0	0	0	0	0	0	0	0	0	0	0	0	0	0	0	0	0	0	0	0	0	0	0	0	2003	0
FFQ	148	0	0	0	0	0	0	0	0	0	0	0	0	0	0	0	0	0	0	0	0	0	0	0	0	0	0	0	0	0	0	2003	0
FFQ	149	0	0	0	0	0	0	0	0	0	0	0	0	0	0	0	0	0	0	0	0	0	0	0	0	0	0	0	0	0	0	2003	0
FFQ	150	0	0	0	0	0	0	0	0	0	0	0	0	0	0	0	0	0	0	0	0	0	0	0	0	0	0	0	0	0	0	2003	0
# Last Fragment Qualities. Use `grep ^LFQ | cut -f 2-` to extract this part.
# Columns correspond to qualities and rows to cycles. First column is the cycle number.
LFQ	1	0	0	0	0	0	0	0	0	0	0	0	0	0	0	0	0	0	0	0	0	0	0	0	0	0	0	0	0	0	0	2003	0
LFQ	2	0	0	0	0	0	0	0	0	0	0	0	0	0	0	0	0	0	0	0	0	0	0	0	0	0	0	0	0	0	0	2003	0
LFQ	3	0	0	0	0	0	0	0	0	0	0	0	0	0	0	0	0	0	0	0	0	0	0	0	0	0	0	0	0	0	0	2003	0
LFQ	4	0	0	0	0	0	0	0	0	0	0	0	0	0	0	0	0	0	0	0	0	0	0	0	0	0	0	0	0	0	0	2003	0
LFQ	5	0	0	0	0	0	0	0	0	0	0	0	0	0	0	0	0	0	0	0	0	0	0	0	0	0	0	0	0	0	0	2003	0
LFQ	6	0	0	0	0	0	0	0	0	0	0	0	0	0	0	0	0	0	0	0	0	0	0	0	0	0	0	0	0	0	0	2003	0
LFQ	7	0	0	0	0	0	0	0	0	0	0	0	0	0	0	0	0	0	0	0	0	0	0	0	0	0	0	0	0	0	0	2003	0
LFQ	8	0	0	0	0	0	0	0	0	0	0	0	0	0	0	0	0	0	0	0	0	0	0	0	0	0	0	0	0	0	0	2003	0
LFQ	9	0	0	0	0	0	0	0	0	0	0	0	0	0	0	0	0	0	0	0	0	0	0	0	0	0	0	0	0	0	0	2003	0
LFQ	10	0	0	0	0	0	0	0	0	0	0	0	0	0	0	0	0	0	0	0	0	0	0	0	0	0	0	0	0	0	0	2003	0
LFQ	11	0	0	0	0	0	0	0	0	0	0	0	0	0	0	0	0	0	0	0	0	0	0	0	0	0	0	0	0	0	0	2003	0
LFQ	12	0	0	0	0	0	0	0	0	0	0	0	0	0	0	0	0	0	0	0	0	0	0	0	0	0	0	0	0	0	0	2003	0
LFQ	13	0	0	0	0	0	0	0	0	0	0	0	0	0	0	0	0	0	0	0	0	0	0	0	0	0	0	0	0	0	0	2003	0
LFQ	14	0	0	0	0	0	0	0	0	0	0	0	0	0	0	0	0	0	0	0	0	0	0	0	0	0	0	0	0	0	0	2003	0
LFQ	15	0	0	0	0	0	0	0	0	0	0	0	0	0	0	0	0	0	0	0	0	0	0	0	0	0	0	0	0	0	0	2003	0
LFQ	16	0	0	0	0	0	0	0	0	0	0	0	0	0	0	0	0	0	0	0	0	0	0	0	0	0	0	0	0	0	0	2003	0
LFQ	17	0	0	0	0	0	0	0	0	0	0	0	0	0	0	0	0	0	0	0	0	0	0	0	0	0	0	0	0	0	0	2003	0
LFQ	18	0	0	0	0	0	0	0	0	0	0	0	0	0	0	0	0	0	0	0	0	0	0	0	0	0	0	0	0	0	0	2003	0
LFQ	19	0	0	0	0	0	0	0	0	0	0	0	0	0	0	0	0	0	0	0	0	0	0	0	0	0	0	0	0	0	0	2003	0
LFQ	20	0	0	0	0	0	0	0	0	0	0	0	0	0	0	0	0	0	0	0	0	0	0	0	0	0	0	0	0	0	0	2003	0
LFQ	21	0	0	0	0	0	0	0	0	0	0	0	0	0	0	0	0	0	0	0	0	0	0	0	0	0	0	0	0	0	0	2003	0
LFQ	22	0	0	0	0	0	0	0	0	0	0	0	0	0	0	0	0	0	0	0	0	0	0	0	0	0	0	0	0	0	0	2003	0
LFQ	23	0	0	0	0	0	0	0	0	0	0	0	0	0	0	0	0	0	0	0	0	0	0	0	0	0	0	0	0	0	0	2003	0
LFQ	24	0	0	0	0	0	0	0	0	0	0	0	0	0	0	0	0	0	0	0	0	0	0	0	0	0	0	0	0	0	0	2003	0
LFQ	25	0	0	0	0	0	0	0	0	0	0	0	0	0	0	0	0	0	0	0	0	0	0	0	0	0	0	0	0	0	0	2003	0
LFQ	26	0	0	0	0	0	0	0	0	0	0	0	0	0	0	0	0	0	0	0	0	0	0	0	0	0	0	0	0	0	0	2003	0
LFQ	27	0	0	0	0	0	0	0	0	0	0	0	0	0	0	0	0	0	0	0	0	0	0	0	0	0	0	0	0	0	0	2003	0
LFQ	28	0	0	0	0	0	0	0	0	0	0	0	0	0	0	0	0	0	0	0	0	0	0	0	0	0	0	0	0	0	0	2003	0
LFQ	29	0	0	0	0	0	0	0	0	0	0	0	0	0	0	0	0	0	0	0	0	0	0	0	0	0	0	0	0	0	0	2003	0
LFQ	30	0	0	0	0	0	0	0	0	0	0	0	0	0	0	0	0	0	0	0	0	0	0	0	0	0	0	0	0	0	0	2003	0
LFQ	31	0	0	0	0	0	0	0	0	0	0	0	0	0	0	0	0	0	0	0	0	0	0	0	0	0	0	0	0	0	0	2003	0
LFQ	32	0	0	0	0	0	0	0	0	0	0	0	0	0	0	0	0	0	0	0	0	0	0	0	0	0	0	0	0	0	0	2003	0
LFQ	33	0	0	0	0	0	0	0	0	0	0	0	0	0	0	0	0	0	0	0	0	0	0	0	0	0	0	0	0	0	0	2003	0
LFQ	34	0	0	0	0	0	0	0	0	0	0	0	0	0	0	0	0	0	0	0	0	0	0	0	0	0	0	0	0	0	0	2003	0
LFQ	35	0	0	0	0	0	0	0	0	0	0	0	0	0	0	0	0	0	0	0	0	0	0	0	0	0	0	0	0	0	0	2003	0
LFQ	36	0	0	0	0	0	0	0	0	0	0	0	0	0	0	0	0	0	0	0	0	0	0	0	0	0	0	0	0	0	0	2003	0
LFQ	37	0	0	0	0	0	0	0	0	0	0	0	0	0	0	0	0	0	0	0	0	0	0	0	0	0	0	0	0	0	0	2003	0
LFQ	38	0	0	0	0	0	0	0	0	0	0	0	0	0	0	0	0	0	0	0	0	0	0	0	0	0	0	0	0	0	0	2003	0
LFQ	39	0	0	0	0	0	0	0	0	0	0	0	0	0	0	0	0	0	0	0	0	0	0	0	0	0	0	0	0	0	0	2003	0
LFQ	40	0	0	0	0	0	0	0	0	0	0	0	0	0	0	0	0	0	0	0	0	0	0	0	0	0	0	0	0	0	0	2003	0
LFQ	41	0	0	0	0	0	0	0	0	0	0	0	0	0	0	0	0	0	0	0	0	0	0	0	0	0	0	0	0	0	0	2003	0
LFQ	42	0	0	0	0	0	0	0	0	0	0	0	0	0	0	0	0	0	0	0	0	0	0	0	0	0	0	0	0	0	0	2003	0
LFQ	43	0	0	0	0	0	0	0	0	0	0	0	0	0	0	0	0	0	0	0	0	0	0	0	0	0	0	0	0	0	0	2003	0
LFQ	44	0	0	0	0	0	0	0	0	0	0	0	0	0	0	0	0	0	0	0	0	0	0	0	0	0	0	0	0	0	0	2003	0
LFQ	45	0	0	0	0	0	0	0	0	0	0	0	0	0	0	0	0	0	0	0	0	0	0	0	0	0	0	0	0	0	0	2003	0
LFQ	46	0	0	0	0	0	0	0	0	0	0	0	0	0	0	0	0	0	0	0	0	0	0	0	0	0	0	0	0	0	0	2003	0
LFQ	47	0	0	0	0	0	0	0	0	0	0	0	0	0	0	0	0	0	0	0	0	0	0	0	0	0	0	0	0	0	0	2003	0
LFQ	48	0	0	0	0	0	0	0	0	0	0	0	0	0	0	0	0	0	0	0	0	0	0	0	0	0	0	0	0	0	0	2003	0
LFQ	49	0	0	0	0	0	0	0	0	0	0	0	0	0	0	0	0	0	0	0	0	0	0	0	0	0	0	0	0	0	0	2003	0
LFQ	50	0	0	0	0	0	0	0	0	0	0	0	0	0	0	0	0	0	0	0	0	0	0	0	0	0	0	0	0	0	0	2003	0
LFQ	51	0	0	0	0	0	0	0	0	0	0	0	0	0	0	0	0	0	0	0	0	0	0	0	0	0	0	0	0	0	0	2003	0
LFQ	52	0	0	0	0	0	0	0	0	0	0	0	0	0	0	0	0	0	0	0	0	0	0	0	0	0	0	0	0	0	0	2003	0
LFQ	53	0	0	0	0	0	0	0	0	0	0	0	0	0	0	0	0	0	0	0	0	0	0	0	0	0	0	0	0	0	0	2003	0
LFQ	54	0	0	0	0	0	0	0	0	0	0	0	0	0	0	0	0	0	0	0	0	0	0	0	0	0	0	0	0	0	0	2003	0
LFQ	55	0	0	0	0	0	0	0	0	0	0	0	0	0	0	0	0	0	0	0	0	0	0	0	0	0	0	0	0	0	0	2003	0
LFQ	56	0	0	0	0	0	0	0	0	0	0	0	0	0	0	0	0	0	0	0	0	0	0	0	0	0	0	0	0	0	0	2003	0
LFQ	57	0	0	0	0	0	0	0	0	0	0	0	0	0	0	0	0	0	0	0	0	0	0	0	0	0	0	0	0	0	0	2003	0
LFQ	58	0	0	0	0	0	0	0	0	0	0	0	0	0	0	0	0	0	0	0	0	0	0	0	0	0	0	0	0	0	0	2003	0
LFQ	59	0	0	0	0	0	0	0	0	0	0	0	0	0	0	0	0	0	0	0	0	0	0	0	0	0	0	0	0	0	0	2003	0
LFQ	60	0	0	0	0	0	0	0	0	0	0	0	0	0	0	0	0	0	0	0	0	0	0	0	0	0	0	0	0	0	0	2003	0
LFQ	61	0	0	0	0	0	0	0	0	0	0	0	0	0	0	0	0	0	0	0	0	0	0	0	0	0	0	0	0	0	0	2003	0
LFQ	62	0	0	0	0	0	0	0	0	0	0	0	0	0	0	0	0	0	0	0	0	0	0	0	0	0	0	0	0	0	0	2003	0
LFQ	63	0	0	0	0	0	0	0	0	0	0	0	0	0	0	0	0	0	0	0	0	0	0	0	0	0	0	0	0	0	0	2003	0
LFQ	64	0	0	0	0	0	0	0	0	0	0	0	0	0	0	0	0	0	0	0	0	0	0	0	0	0	0	0	0	0	0	2003	0
LFQ	65	0	0	0	0	0	0	0	0	0	0	0	0	0	0	0	0	0	0	0	0	0	0	0	0	0	0	0	0	0	0	2003	0
LFQ	66	0	0	0	0	0	0	0	0	0	0	0	0	0	0	0	0	0	0	0	0	0	0	0	0	0	0	0	0	0	0	2003	0
LFQ	67	0	0	0	0	0	0	0	0	0	0	0	0	0	0	0	0	0	0	0	0	0	0	0	0	0	0	0	0	0	0	2003	0
LFQ	68	0	0	0	0	0	0	0	0	0	0	0	0	0	0	0	0	0	0	0	0	0	0	0	0	0	0	0	0	0	0	2003	0
LFQ	69	0	0	0	0	0	0	0	0	0	0	0	0	0	0	0	0	0	0	0	0	0	0	0	0	0	0	0	0	0	0	2003	0
LFQ	70	0	0	0	0	0	0	0	0	0	0	0	0	0	0	0	0	0	0	0	0	0	0	0	0	0	0	0	0	0	0	2003	0
LFQ	71	0	0	0	0	0	0	0	0	0	0	0	0	0	0	0	0	0	0	0	0	0	0	0	0	0	0	0	0	0	0	2003	0
LFQ	72	0	0	0	0	0	0	0	0	0	0	0	0	0	0	0	0	0	0	0	0	0	0	0	0	0	0	0	0	0	0	2003	0
LFQ	73	0	0	0	0	0	0	0	0	0	0	0	0	0	0	0	0	0	0	0	0	0	0	0	0	0	0	0	0	0	0	2003	0
LFQ	74	0	0	0	0	0	0	0	0	0	0	0	0	0	0	0	0	0	0	0	0	0	0	0	0	0	0	0	0	0	0	2003	0
LFQ	75	0	0	0	0	0	0	0	0	0	0	0	0	0	0	0	0	0	0	0	0	0	0	0	0	0	0	0	0	0	0	2003	0
LFQ	76	0	0	0	0	0	0	0	0	0	0	0	0	0	0	0	0	0	0	0	0	0	0	0	0	0	0	0	0	0	0	2003	0
LFQ	77	0	0	0	0	0	0	0	0	0	0	0	0	0	0	0	0	0	0	0	0	0	0	0	0	0	0	0	0	0	0	2003	0
LFQ	78	0	0	0	0	0	0	0	0	0	0	0	0	0	0	0	0	0	0	0	0	0	0	0	0	0	0	0	0	0	0	2003	0
LFQ	79	0	0	0	0	0	0	0	0	0	0	0	0	0	0	0	0	0	0	0	0	0	0	0	0	0	0	0	0	0	0	2003	0
LFQ	80	0	0	0	0	0	0	0	0	0	0	0	0	0	0	0	0	0	0	0	0	0	0	0	0	0	0	0	0	0	0	2003	0
LFQ	81	0	0	0	0	0	0	0	0	0	0	0	0	0	0	0	0	0	0	0	0	0	0	0	0	0	0	0	0	0	0	2003	0
LFQ	82	0	0	0	0	0	0	0	0	0	0	0	0	0	0	0	0	0	0	0	0	0	0	0	0	0	0	0	0	0	0	2003	0
LFQ	83	0	0	0	0	0	0	0	0	0	0	0	0	0	0	0	0	0	0	0	0	0	0	0	0	0	0	0	0	0	0	2003	0
LFQ	84	0	0	0	0	0	0	0	0	0	0	0	0	0	0	0	0	0	0	0	0	0	0	0	0	0	0	0	0	0	0	2003	0
LFQ	85	0	0	0	0	0	0	0	0	0	0	0	0	0	0	0	0	0	0	0	0	0	0	0	0	0	0	0	0	0	0	2003	0
LFQ	86	0	0	0	0	0	0	0	0	0	0	0	0	0	0	0	0	0	0	0	0	0	0	0	0	0	0	0	0	0	0	2003	0
LFQ	87	0	0	0	0	0	0	0	0	0	0	0	0	0	0	0	0	0	0	0	0	0	0	0	0	0	0	0	0	0	0	2003	0
LFQ	88	0	0	0	0	0	0	0	0	0	0	0	0	0	0	0	0	0	0	0	0	0	0	0	0	0	0	0	0	0	0	2003	0
LFQ	89	0	0	0	0	0	0	0	0	0	0	0	0	0	0	0	0	0	0	0	0	0	0	0	0	0	0	0	0	0	0	2003	0
LFQ	90	0	0	0	0	0	0	0	0	0	0	0	0	0	0	0	0	0	0	0	0	0	0	0	0	0	0	0	0	0	0	2003	0
LFQ	91	0	0	0	0	0	0	0	0	0	0	0	0	0	0	0	0	0	0	0	0	0	0	0	0	0	0	0	0	0	0	2003	0
LFQ	92	0	0	0	0	0	0	0	0	0	0	0	0	0	0	0	0	0	0	0	0	0	0	0	0	0	0	0	0	0	0	2003	0
LFQ	93	0	0	0	0	0	0	0	0	0	0	0	0	0	0	0	0	0	0	0	0	0	0	0	0	0	0	0	0	0	0	2003	0
LFQ	94	0	0	0	0	0	0	0	0	0	0	0	0	0	0	0	0	0	0	0	0	0	0	0	0	0	0	0	0	0	0	2003	0
LFQ	95	0	0	0	0	0	0	0	0	0	0	0	0	0	0	0	0	0	0	0	0	0	0	0	0	0	0	0	0	0	0	2003	0
LFQ	96	0	0	0	0	0	0	0	0	0	0	0	0	0	0	0	0	0	0	0	0	0	0	0	0	0	0	0	0	0	0	2003	0
LFQ	97	0	0	0	0	0	0	0	0	0	0	0	0	0	0	0	0	0	0	0	0	0	0	0	0	0	0	0	0	0	0	2003	0
LFQ	98	0	0	0	0	0	0	0	0	0	0	0	0	0	0	0	0	0	0	0	0	0	0	0	0	0	0	0	0	0	0	2003	0
LFQ	99	0	0	0	0	0	0	0	0	0	0	0	0	0	0	0	0	0	0	0	0	0	0	0	0	0	0	0	0	0	0	2003	0
LFQ	100	0	0	0	0	0	0	0	0	0	0	0	0	0	0	0	0	0	0	0	0	0	0	0	0	0	0	0	0	0	0	2003	0
LFQ	101	0	0	0	0	0	0	0	0	0	0	0	0	0	0	0	0	0	0	0	0	0	0	0	0	0	0	0	0	0	0	2003	0
LFQ	102	0	0	0	0	0	0	0	0	0	0	0	0	0	0	0	0	0	0	0	0	0	0	0	0	0	0	0	0	0	0	2003	0
LFQ	103	0	0	0	0	0	0	0	0	0	0	0	0	0	0	0	0	0	0	0	0	0	0	0	0	0	0	0	0	0	0	2003	0
LFQ	104	0	0	0	0	0	0	0	0	0	0	0	0	0	0	0	0	0	0	0	0	0	0	0	0	0	0	0	0	0	0	2003	0
LFQ	105	0	0	0	0	0	0	0	0	0	0	0	0	0	0	0	0	0	0	0	0	0	0	0	0	0	0	0	0	0	0	2003	0
LFQ	106	0	0	0	0	0	0	0	0	0	0	0	0	0	0	0	0	0	0	0	0	0	0	0	0	0	0	0	0	0	0	2003	0
LFQ	107	0	0	0	0	0	0	0	0	0	0	0	0	0	0	0	0	0	0	0	0	0	0	0	0	0	0	0	0	0	0	2003	0
LFQ	108	0	0	0	0	0	0	0	0	0	0	0	0	0	0	0	0	0	0	0	0	0	0	0	0	0	0	0	0	0	0	2003	0
LFQ	109	0	0	0	0	0	0	0	0	0	0	0	0	0	0	0	0	0	0	0	0	0	0	0	0	0	0	0	0	0	0	2003	0
LFQ	110	0	0	0	0	0	0	0	0	0	0	0	0	0	0	0	0	0	0	0	0	0	0	0	0	0	0	0	0	0	0	2003	0
LFQ	111	0	0	0	0	0	0	0	0	0	0	0	0	0	0	0	0	0	0	0	0	0	0	0	0	0	0	0	0	0	0	2003	0
LFQ	112	0	0	0	0	0	0	0	0	0	0	0	0	0	0	0	0	0	0	0	0	0	0	0	0	0	0	0	0	0	0	2003	0
LFQ	113	0	0	0	0	0	0	0	0	0	0	0	0	0	0	0	0	0	0	0	0	0	0	0	0	0	0	0	0	0	0	2003	0
LFQ	114	0	0	0	0	0	0	0	0	0	0	0	0	0	0	0	0	0	0	0	0	0	0	0	0	0	0	0	0	0	0	2003	0
LFQ	115	0	0	0	0	0	0	0	0	0	0	0	0	0	0	0	0	0	0	0	0	0	0	0	0	0	0	0	0	0	0	2003	0
LFQ	116	0	0	0	0	0	0	0	0	0	0	0	0	0	0	0	0	0	0	0	0	0	0	0	0	0	0	0	0	0	0	2003	0
LFQ	117	0	0	0	0	0	0	0	0	0	0	0	0	0	0	0	0	0	0	0	0	0	0	0	0	0	0	0	0	0	0	2003	0
LFQ	118	0	0	0	0	0	0	0	0	0	0	0	0	0	0	0	0	0	0	0	0	0	0	0	0	0	0	0	0	0	0	2003	0
LFQ	119	0	0	0	0	0	0	0	0	0	0	0	0	0	0	0	0	0	0	0	0	0	0	0	0	0	0	0	0	0	0	2003	0
LFQ	120	0	0	0	0	0	0	0	0	0	0	0	0	0	0	0	0	0	0	0	0	0	0	0	0	0	0	0	0	0	0	2003	0
LFQ	121	0	0	0	0	0	0	0	0	0	0	0	0	0	0	0	0	0	0	0	0	0	0	0	0	0	0	0	0	0	0	2003	0
LFQ	122	0	0	0	0	0	0	0	0	0	0	0	0	0	0	0	0	0	0	0	0	0	0	0	0	0	0	0	0	0	0	2003	0
LFQ	123	0	0	0	0	0	0	0	0	0	0	0	0	0	0	0	0	0	0	0	0	0	0	0	0	0	0	0	0	0	0	2003	0
LFQ	124	0	0	0	0	0	0	0	0	0	0	0	0	0	0	0	0	0	0	0	0	0	0	0	0	0	0	0	0	0	0	2003	0
LFQ	125	0	0	0	0	0	0	0	0	0	0	0	0	0	0	0	0	0	0	0	0	0	0	0	0	0	0	0	0	0	0	2003	0
LFQ	126	0	0	0	0	0	0	0	0	0	0	0	0	0	0	0	0	0	0	0	0	0	0	0	0	0	0	0	0	0	0	2003	0
LFQ	127	0	0	0	0	0	0	0	0	0	0	0	0	0	0	0	0	0	0	0	0	0	0	0	0	0	0	0	0	0	0	2003	0
LFQ	128	0	0	0	0	0	0	0	0	0	0	0	0	0	0	0	0	0	0	0	0	0	0	0	0	0	0	0	0	0	0	2003	0
LFQ	129	0	0	0	0	0	0	0	0	0	0	0	0	0	0	0	0	0	0	0	0	0	0	0	0	0	0	0	0	0	0	2003	0
LFQ	130	0	0	0	0	0	0	0	0	0	0	0	0	0	0	0	0	0	0	0	0	0	0	0	0	0	0	0	0	0	0	2003	0
LFQ	131	0	0	0	0	0	0	0	0	0	0	0	0	0	0	0	0	0	0	0	0	0	0	0	0	0	0	0	0	0	0	2003	0
LFQ	132	0	0	0	0	0	0	0	0	0	0	0	0	0	0	0	0	0	0	0	0	0	0	0	0	0	0	0	0	0	0	2003	0
LFQ	133	0	0	0	0	0	0	0	0	0	0	0	0	0	0	0	0	0	0	0	0	0	0	0	0	0	0	0	0	0	0	2003	0
LFQ	134	0	0	0	0	0	0	0	0	0	0	0	0	0	0	0	0	0	0	0	0	0	0	0	0	0	0	0	0	0	0	2003	0
LFQ	135	0	0	0	0	0	0	0	0	0	0	0	0	0	0	0	0	0	0	0	0	0	0	0	0	0	0	0	0	0	0	2003	0
LFQ	136	0	0	0	0	0	0	0	0	0	0	0	0	0	0	0	0	0	0	0	0	0	0	0	0	0	0	0	0	0	0	2003	0
LFQ	137	0	0	0	0	0	0	0	0	0	0	0	0	0	0	0	0	0	0	0	0	0	0	0	0	0	0	0	0	0	0	2003	0
LFQ	138	0	0	0	0	0	0	0	0	0	0	0	0	0	0	0	0	0	0	0	0	0	0	0	0	0	0	0	0	0	0	2003	0
LFQ	139	0	0	0	0	0	0	0	0	0	0	0	0	0	0	0	0	0	0	0	0	0	0	0	0	0	0	0	0	0	0	2003	0
LFQ	140	0	0	0	0	0	0	0	0	0	0	0	0	0	0	0	0	0	0	0	0	0	0	0	0	0	0	0	0	0	0	2003	0
LFQ	141	0	0	0	0	0	0	0	0	0	0	0	0	0	0	0	0	0	0	0	0	0	0	0	0	0	0	0	0	0	0	2003	0
LFQ	142	0	0	0	0	0	0	0	0	0	0	0	0	0	0	0	0	0	0	0	0	0	0	0	0	0	0	0	0	0	0	2003	0
LFQ	143	0	0	0	0	0	0	0	0	0	0	0	0	0	0	0	0	0	0	0	0	0	0	0	0	0	0	0	0	0	0	2003	0
LFQ	144	0	0	0	0	0	0	0	0	0	0	0	0	0	0	0	0	0	0	0	0	0	0	0	0	0	0	0	0	0	0	2003	0
LFQ	145	0	0	0	0	0	0	0	0	0	0	0	0	0	0	0	0	0	0	0	0	0	0	0	0	0	0	0	0	0	0	2003	0
LFQ	146	0	0	0	0	0	0	0	0	0	0	0	0	0	0	0	0	0	0	0	0	0	0	0	0	0	0	0	0	0	0	2003	0
LFQ	147	0	0	0	0	0	0	0	0	0	0	0	0	0	0	0	0	0	0	0	0	0	0	0	0	0	0	0	0	0	0	2003	0
LFQ	148	0	0	0	0	0	0	0	0	0	0	0	0	0	0	0	0	0	0	0	0	0	0	0	0	0	0	0	0	0	0	2003	0
LFQ	149	0	0	0	0	0	0	0	0	0	0	0	0	0	0	0	0	0	0	0	0	0	0	0	0	0	0	0	0	0	0	2003	0
LFQ	150	0	0	0	0	0	0	0	0	0	0	0	0	0	0	0	0	0	0	0	0	0	0	0	0	0	0	0	0	0	0	2003	0
# GC Content of first fragments. Use `grep ^GCF | cut -f 2-` to extract this part.
GCF	6.53	0
GCF	13.32	1
GCF	14.07	0
GCF	14.82	1
GCF	15.33	0
GCF	16.08	1
GCF	17.09	0
GCF	18.09	3
GCF	18.84	0
GCF	19.35	2
GCF	20.35	0
GCF	22.11	4
GCF	23.37	7
GCF	24.12	9
GCF	24.87	8
GCF	25.38	17
GCF	26.13	13
GCF	26.88	14
GCF	27.39	24
GCF	28.14	25
GCF	28.89	31
GCF	29.40	35
GCF	30.15	37
GCF	30.90	36
GCF	31.41	34
GCF	32.16	52
GCF	32.91	47
GCF	33.42	64
GCF	33.92	76
GCF	34.67	64
GCF	35.43	89
GCF	35.93	82
GCF	36.68	68
GCF	37.44	70
GCF	37.94	83
GCF	38.69	64
GCF	39.45	60
GCF	39.95	70
GCF	40.70	78
GCF	41.46	55
GCF	41.96	64
GCF	42.71	50
GCF	43.47	54
GCF	44.47	51
GCF	45.48	37
GCF	45.98	62
GCF	46.73	42
GCF	47.49	36
GCF	47.99	26
GCF	48.74	33
GCF	49.75	21
GCF	50.75	16
GCF	51.76	14
GCF	52.76	8
GCF	53.52	6
GCF	54.02	7
GCF	55.03	9
GCF	56.03	2
GCF	56.78	6
GCF	57.79	7
GCF	58.79	1
GCF	59.80	2
GCF	60.80	1
GCF	61.81	0
GCF	63.07	1
GCF	64.07	0
GCF	65.08	2
GCF	66.08	3
GCF	66.58	1
GCF	67.34	0
GCF	68.09	1
GCF	69.10	0
GCF	70.10	1
# GC Content of last fragments. Use `grep ^GCL | cut -f 2-` to extract this part.
GCL	3.27	0
GCL	6.78	1
GCL	9.05	0
GCL	11.31	1
GCL	13.57	0
GCL	16.08	1
GCL	16.83	0
GCL	17.84	1
GCL	18.84	2
GCL	19.35	1
GCL	20.10	2
GCL	20.85	1
GCL	21.36	4
GCL	22.11	5
GCL	22.86	6
GCL	23.37	8
GCL	24.12	4
GCL	24.87	15
GCL	25.38	13
GCL	26.13	20
GCL	26.88	22
GCL	27.39	25
GCL	28.14	15
GCL	28.89	44
GCL	29.40	31
GCL	30.15	33
GCL	30.90	30
GCL	31.41	40
GCL	32.16	37
GCL	32.91	40
GCL	33.42	59
GCL	33.92	63
GCL	34.67	73
GCL	35.43	94
GCL	35.93	78
GCL	36.68	90
GCL	37.44	73
GCL	38.44	66
GCL	39.45	57
GCL	39.95	63
GCL	40.70	68
GCL	41.46	67
GCL	41.96	59
GCL	42.71	57
GCL	43.47	52
GCL	43.97	54
GCL	44.72	45
GCL	45.48	53
GCL	45.98	50
GCL	46.73	49
GCL	47.49	45
GCL	48.49	31
GCL	49.50	21
GCL	50.50	16
GCL	51.51	13
GCL	52.01	12
GCL	52.76	4
GCL	53.52	10
GCL	54.02	6
GCL	54.77	4
GCL	55.53	7
GCL	56.03	9
GCL	56.78	7
GCL	57.79	5
GCL	58.79	2
GCL	59.80	4
GCL	60.80	3
GCL	61.56	0
GCL	62.56	2
GCL	64.57	0
GCL	66.08	1
GCL	67.09	0
GCL	68.09	2
GCL	68.59	0
GCL	69.60	1
# ACGT content per cycle. Use `grep ^GCC | cut -f 2-` to extract this part. The columns are: cycle; A,C,G,T base counts as a percentage of all A/C/G/T bases [%]; and N and O counts as a percentage of all A/C/G/T bases [%]
GCC	1	29.61	19.15	18.77	32.48	0.00	0.00
GCC	2	30.55	19.55	19.02	30.88	0.00	0.00
GCC	3	30.88	19.25	19.07	30.80	0.00	0.00
GCC	4	29.13	19.80	20.04	31.03	0.00	0.00
GCC	5	30.25	19.22	20.19	30.33	0.00	0.00
GCC	6	31.73	19.35	18.50	30.43	0.00	0.00
GCC	7	30.88	20.47	17.92	30.73	0.00	0.00
GCC	8	31.13	19.70	19.02	30.15	0.00	0.00
GCC	9	31.20	19.75	19.12	29.93	0.00	0.00
GCC	10	31.20	19.62	18.30	30.88	0.00	0.00
GCC	11	30.63	19.50	18.40	31.48	0.00	0.00
GCC	12	30.83	20.34	18.55	30.28	0.00	0.00
GCC	13	30.35	20.59	19.32	29.73	0.00	0.00
GCC	14	30.88	19.27	19.62	30.23	0.00	0.00
GCC	15	30.70	19.75	18.82	30.73	0.00	0.00
GCC	16	30.75	20.24	18.82	30.18	0.00	0.00
GCC	17	30.43	18.82	20.12	30.63	0.00	0.00
GCC	18	30.28	19.87	18.80	31.05	0.00	0.00
GCC	19	30.53	20.12	18.25	31.10	0.00	0.00
GCC	20	29.91	20.54	19.17	30.38	0.00	0.00
GCC	21	30.90	20.32	19.12	29.66	0.00	0.00
GCC	22	30.73	19.32	17.57	32.38	0.00	0.00
GCC	23	30.23	20.44	17.92	31.40	0.00	0.00
GCC	24	31.10	20.27	18.67	29.96	0.00	0.00
GCC	25	30.68	20.07	19.12	30.13	0.00	0.00
GCC	26	31.35	19.97	19.12	29.56	0.00	0.00
GCC	27	29.68	20.74	18.05	31.53	0.00	0.00
GCC	28	30.48	19.87	18.15	31.50	0.00	0.00
GCC	29	31.05	20.17	18.35	30.43	0.00	0.00
GCC	30	31.15	21.12	19.67	28.06	0.00	0.00
GCC	31	30.90	19.87	18.70	30.53	0.00	0.00
GCC	32	31.08	19.82	18.70	30.40	0.00	0.00
GCC	33	31.33	20.52	19.15	29.01	0.00	0.00
GCC	34	31.10	20.82	19.72	28.36	0.00	0.00
GCC	35	30.88	20.27	18.40	30.45	0.00	0.00
GCC	36	30.08	20.39	19.17	30.35	0.00	0.00
GCC	37	31.18	19.72	18.87	30.23	0.00	0.00
GCC	38	30.90	19.00	18.42	31.68	0.00	0.00
GCC	39	29.83	19.32	19.97	30.88	0.00	0.00
GCC	40	31.43	19.30	18.25	31.03	0.00	0.00
GCC	41	31.10	19.82	19.40	29.68	0.00	0.00
GCC	42	30.35	19.82	19.20	30.63	0.00	0.00
GCC	43	30.70	18.87	19.45	30.98	0.00	0.00
GCC	44	30.88	20.17	19.57	29.38	0.00	0.00
GCC	45	32.13	19.52	17.37	30.98	0.00	0.00
GCC	46	32.38	19.67	17.22	30.73	0.00	0.00
GCC	47	30.38	19.45	19.02	31.15	0.00	0.00
GCC	48	29.76	20.82	18.10	31.33	0.00	0.00
GCC	49	29.73	20.22	19.40	30.65	0.00	0.00
GCC	50	29.23	20.59	19.92	30.25	0.00	0.00
GCC	51	31.68	19.37	18.32	30.63	0.00	0.00
GCC	52	30.60	19.52	19.05	30.83	0.00	0.00
GCC	53	31.45	19.50	18.87	30.18	0.00	0.00
GCC	54	30.28	19.07	18.60	32.05	0.00	0.00
GCC	55	30.68	19.87	19.00	30.45	0.00	0.00
GCC	56	30.03	20.19	18.95	30.83	0.00	0.00
GCC	57	31.08	19.40	19.55	29.98	0.00	0.00
GCC	58	30.48	20.62	18.92	29.98	0.00	0.00
GCC	59	31.60	19.55	19.32	29.53	0.00	0.00
GCC	60	30.33	19.15	19.32	31.20	0.00	0.00
GCC	61	31.23	20.54	18.95	29.28	0.00	0.00
GCC	62	31.03	19.50	19.60	29.88	0.00	0.00
GCC	63	31.58	20.22	18.32	29.88	0.00	0.00
GCC	64	30.38	19.42	19.25	30.95	0.00	0.00
GCC	65	30.65	19.20	19.30	30.85	0.00	0.00
GCC	66	30.45	21.17	18.05	30.33	0.00	0.00
GCC	67	31.13	20.00	18.47	30.40	0.00	0.00
GCC	68	31.38	19.57	19.15	29.91	0.00	0.00
GCC	69	29.98	20.29	18.47	31.25	0.00	0.00
GCC	70	29.46	20.79	18.65	31.10	0.00	0.00
GCC	71	30.55	19.90	18.62	30.93	0.00	0.00
GCC	72	29.61	20.32	19.97	30.10	0.00	0.00
GCC	73	30.20	20.24	19.15	30.40	0.00	0.00
GCC	74	30.63	19.70	19.15	30.53	0.00	0.00
GCC	75	31.23	19.12	17.97	31.68	0.00	0.00
GCC	76	30.00	20.22	18.72	31.05	0.00	0.00
GCC	77	30.35	20.89	19.57	29.18	0.00	0.00
GCC	78	30.43	20.39	17.75	31.43	0.00	0.00
GCC	79	30.90	19.70	17.87	31.53	0.00	0.00
GCC	80	30.70	20.27	19.77	29.26	0.00	0.00
GCC	81	30.73	19.85	18.90	30.53	0.00	0.00
GCC	82	30.58	19.22	19.75	30.45	0.00	0.00
GCC	83	30.40	19.15	19.55	30.90	0.00	0.00
GCC	84	30.95	19.97	19.50	29.58	0.00	0.00
GCC	85	31.25	20.37	18.20	30.18	0.00	0.00
GCC	86	29.78	20.52	19.62	30.08	0.00	0.00
GCC	87	30.55	20.39	18.75	30.30	0.00	0.00
GCC	88	31.10	20.27	18.97	29.66	0.00	0.00
GCC	89	30.68	20.37	19.00	29.96	0.00	0.00
GCC	90	29.41	19.62	19.57	31.40	0.00	0.00
GCC	91	31.03	19.30	19.00	30.68	0.00	0.00
GCC	92	30.95	19.10	19.07	30.88	0.00	0.00
GCC	93	30.40	20.29	19.75	29.56	0.00	0.00
GCC	94	30.15	19.20	19.30	31.35	0.00	0.00
GCC	95	30.18	21.37	18.90	29.56	0.00	0.00
GCC	96	31.00	19.47	19.47	30.05	0.00	0.00
GCC	97	30.85	20.22	19.07	29.86	0.00	0.00
GCC	98	31.00	20.47	18.95	29.58	0.00	0.00
GCC	99	29.93	19.10	18.80	32.18	0.00	0.00
GCC	100	29.43	20.02	20.27	30.28	0.00	0.00
GCC	101	29.58	20.77	19.07	30.58	0.00	0.00
GCC	102	30.80	19.82	19.05	30.33	0.00	0.00
GCC	103	30.43	19.75	19.27	30.55	0.00	0.00
GCC	104	29.11	19.77	19.30	31.83	0.00	0.00
GCC	105	30.65	19.85	19.60	29.91	0.00	0.00
GCC	106	30.80	20.22	18.72	30.25	0.00	0.00
GCC	107	30.68	21.19	17.02	31.10	0.00	0.00
GCC	108	30.85	20.02	18.62	30.50	0.00	0.00
GCC	109	30.25	19.27	19.50	30.98	0.00	0.00
GCC	110	29.78	19.35	19.37	31.50	0.00	0.00
GCC	111	30.50	19.82	19.47	30.20	0.00	0.00
GCC	112	30.78	19.82	18.92	30.48	0.00	0.00
GCC	113	31.03	19.22	19.72	30.03	0.00	0.00
GCC	114	30.88	19.65	18.40	31.08	0.00	0.00
GCC	115	29.96	19.42	18.75	31.88	0.00	0.00
GCC	116	30.13	20.52	19.37	29.98	0.00	0.00
GCC	117	30.63	18.40	19.62	31.35	0.00	0.00
GCC	118	30.70	19.60	18.82	30.88	0.00	0.00
GCC	119	30.10	19.42	20.12	30.35	0.00	0.00
GCC	120	29.86	20.42	18.97	30.75	0.00	0.00
GCC	121	30.20	20.84	19.10	29.86	0.00	0.00
GCC	122	30.65	19.42	19.67	30.25	0.00	0.00
GCC	123	30.48	19.05	19.85	30.63	0.00	0.00
GCC	124	32.20	19.15	19.27	29.38	0.00	0.00
GCC	125	31.25	20.57	19.17	29.01	0.00	0.00
GCC	126	31.00	20.17	19.12	29.71	0.00	0.00
GCC	127	30.85	19.50	18.85	30.80	0.00	0.00
GCC	128	31.43	19.05	18.77	30.75	0.00	0.00
GCC	129	30.10	19.12	19.02	31.75	0.00	0.00
GCC	130	31.80	19.60	18.72	29.88	0.00	0.00
GCC	131	32.28	18.20	18.75	30.78	0.00	0.00
GCC	132	30.25	19.97	19.37	30.40	0.00	0.00
GCC	133	30.48	19.52	18.85	31.15	0.00	0.00
GCC	134	30.05	19.75	18.80	31.40	0.00	0.00
GCC	135	30.70	19.77	18.15	31.38	0.00	0.00
GCC	136	29.11	20.29	19.30	31.30	0.00	0.00
GCC	137	32.30	19.20	18.80	29.71	0.00	0.00
GCC	138	29.73	19.40	19.57	31.30	0.00	0.00
GCC	139	30.00	20.19	18.87	30.93	0.00	0.00
GCC	140	31.13	19.92	18.92	30.03	0.00	0.00
GCC	141	30.05	20.04	18.82	31.08	0.00	0.00
GCC	142	31.85	19.47	17.62	31.05	0.00	0.00
GCC	143	31.15	20.14	18.85	29.86	0.00	0.00
GCC	144	29.88	21.14	19.27	29.71	0.00	0.00
GCC	145	32.23	20.22	18.77	28.78	0.00	0.00
GCC	146	31.28	20.00	19.37	29.36	0.00	0.00
GCC	147	29.11	19.42	19.72	31.75	0.00	0.00
GCC	148	29.48	20.02	19.35	31.15	0.00	0.00
GCC	149	31.30	20.00	18.47	30.23	0.00	0.00
GCC	150	30.28	20.34	19.55	29.83	0.00	0.00
# ACGT content per cycle, read oriented. Use `grep ^GCT | cut -f 2-` to extract this part. The columns are: cycle; A,C,G,T base counts as a percentage of all A/C/G/T bases [%]
GCT	1	31.48	18.45	19.47	30.60
GCT	2	31.50	19.57	19.00	29.93
GCT	3	30.33	18.77	19.55	31.35
GCT	4	30.73	19.97	19.87	29.43
GCT	5	30.00	20.24	19.17	30.58
GCT	6	31.08	19.37	18.47	31.08
GCT	7	31.38	18.30	20.09	30.23
GCT	8	30.33	19.37	19.35	30.95
GCT	9	31.80	19.72	19.15	29.33
GCT	10	32.10	17.35	20.57	29.98
GCT	11	31.18	18.52	19.37	30.93
GCT	12	30.23	19.72	19.17	30.88
GCT	13	30.20	20.02	19.90	29.88
GCT	14	31.30	18.77	20.12	29.81
GCT	15	30.50	19.32	19.25	30.93
GCT	16	30.88	19.15	19.92	30.05
GCT	17	30.45	19.22	19.72	30.60
GCT	18	29.93	19.35	19.32	31.40
GCT	19	31.60	19.67	18.70	30.03
GCT	20	29.46	19.62	20.09	30.83
GCT	21	30.70	20.09	19.35	29.86
GCT	22	33.03	18.55	18.35	30.08
GCT	23	32.03	19.22	19.15	29.61
GCT	24	32.18	19.32	19.62	28.88
GCT	25	31.38	19.85	19.35	29.43
GCT	26	30.70	18.55	20.54	30.20
GCT	27	30.75	19.30	19.50	30.45
GCT	28	30.65	19.57	18.45	31.33
GCT	29	30.65	19.00	19.52	30.83
GCT	30	29.63	20.32	20.47	29.58
GCT	31	31.28	19.12	19.45	30.15
GCT	32	29.86	18.87	19.65	31.63
GCT	33	30.08	19.90	19.77	30.25
GCT	34	30.53	20.42	20.12	28.93
GCT	35	29.88	19.60	19.07	31.45
GCT	36	31.13	19.67	19.90	29.31
GCT	37	31.63	19.95	18.65	29.78
GCT	38	31.30	18.22	19.20	31.28
GCT	39	30.70	20.17	19.12	30.00
GCT	40	31.73	19.72	17.82	30.73
GCT	41	31.15	18.95	20.27	29.63
GCT	42	29.66	19.55	19.47	31.33
GCT	43	31.88	19.32	19.00	29.81
GCT	44	30.25	20.67	19.07	30.00
GCT	45	32.23	18.90	18.00	30.88
GCT	46	32.05	19.52	17.37	31.05
GCT	47	30.18	19.22	19.25	31.35
GCT	48	30.45	19.15	19.77	30.63
GCT	49	30.15	19.77	19.85	30.23
GCT	50	29.41	20.34	20.17	30.08
GCT	51	32.03	19.30	18.40	30.28
GCT	52	29.88	20.02	18.55	31.55
GCT	53	30.48	19.35	19.02	31.15
GCT	54	31.65	19.22	18.45	30.68
GCT	55	30.63	19.80	19.07	30.50
GCT	56	30.68	19.37	19.77	30.18
GCT	57	31.03	19.27	19.67	30.03
GCT	58	31.00	20.07	19.47	29.46
GCT	59	31.13	19.15	19.72	30.00
GCT	60	31.35	18.95	19.52	30.18
GCT	61	30.43	20.32	19.17	30.08
GCT	62	30.73	19.57	19.52	30.18
GCT	63	31.93	19.45	19.10	29.53
GCT	64	30.65	19.42	19.25	30.68
GCT	65	30.70	19.72	18.77	30.80
GCT	66	30.43	19.57	19.65	30.35
GCT	67	30.83	18.92	19.55	30.70
GCT	68	31.95	19.12	19.60	29.33
GCT	69	30.73	19.82	18.95	30.50
GCT	70	31.45	19.17	20.27	29.11
GCT	71	30.98	18.90	19.62	30.50
GCT	72	30.33	20.47	19.82	29.38
GCT	73	30.40	19.92	19.47	30.20
GCT	74	30.28	18.72	20.12	30.88
GCT	75	31.75	18.92	18.17	31.15
GCT	76	30.90	19.00	19.95	30.15
GCT	77	29.38	19.80	20.67	30.15
GCT	78	30.18	18.87	19.27	31.68
GCT	79	31.13	19.20	18.37	31.30
GCT	80	30.55	20.54	19.50	29.41
GCT	81	31.53	19.32	19.42	29.73
GCT	82	31.40	19.67	19.30	29.63
GCT	83	29.73	19.00	19.70	31.58
GCT	84	30.38	19.87	19.60	30.15
GCT	85	31.43	19.17	19.40	30.00
GCT	86	29.76	19.67	20.47	30.10
GCT	87	30.85	18.77	20.37	30.00
GCT	88	30.88	19.72	19.52	29.88
GCT	89	30.90	20.42	18.95	29.73
GCT	90	30.78	19.97	19.22	30.03
GCT	91	31.98	19.22	19.07	29.73
GCT	92	31.18	18.10	20.07	30.65
GCT	93	30.58	19.85	20.19	29.38
GCT	94	30.78	19.10	19.40	30.73
GCT	95	30.50	20.37	19.90	29.23
GCT	96	30.65	20.04	18.90	30.40
GCT	97	29.93	19.17	20.12	30.78
GCT	98	30.80	19.80	19.62	29.78
GCT	99	30.85	19.90	18.00	31.25
GCT	100	29.96	20.32	19.97	29.76
GCT	101	29.66	19.82	20.02	30.50
GCT	102	30.70	19.65	19.22	30.43
GCT	103	30.50	19.65	19.37	30.48
GCT	104	30.65	20.24	18.82	30.28
GCT	105	29.88	19.80	19.65	30.68
GCT	106	30.48	19.67	19.27	30.58
GCT	107	31.65	19.45	18.77	30.13
GCT	108	31.15	18.85	19.80	30.20
GCT	109	31.73	19.47	19.30	29.51
GCT	110	30.70	19.35	19.37	30.58
GCT	111	30.05	19.55	19.75	30.65
GCT	112	31.45	18.72	20.02	29.81
GCT	113	30.90	19.37	19.57	30.15
GCT	114	30.43	18.92	19.12	31.53
GCT	115	31.30	17.85	20.32	30.53
GCT	116	29.48	20.44	19.45	30.63
GCT	117	30.95	19.30	18.72	31.03
GCT	118	31.58	19.60	18.82	30.00
GCT	119	30.23	20.22	19.32	30.23
GCT	120	31.20	20.04	19.35	29.41
GCT	121	29.83	19.55	20.39	30.23
GCT	122	31.55	19.55	19.55	29.36
GCT	123	30.38	19.82	19.07	30.73
GCT	124	31.38	18.60	19.82	30.20
GCT	125	29.61	19.85	19.90	30.65
GCT	126	30.78	19.92	19.37	29.93
GCT	127	31.23	19.60	18.75	30.43
GCT	128	32.10	18.10	19.72	30.08
GCT	129	31.28	18.47	19.67	30.58
GCT	130	30.98	18.95	19.37	30.70
GCT	131	32.43	17.12	19.82	30.63
GCT	132	31.10	19.90	19.45	29.56
GCT	133	31.03	19.05	19.32	30.60
GCT	134	29.66	19.42	19.12	31.80
GCT	135	31.60	19.40	18.52	30.48
GCT	136	30.93	19.55	20.04	29.48
GCT	137	30.90	18.92	19.07	31.10
GCT	138	31.18	19.67	19.30	29.86
GCT	139	29.28	19.60	19.47	31.65
GCT	140	29.88	18.95	19.90	31.28
GCT	141	30.28	19.75	19.12	30.85
GCT	142	31.45	18.95	18.15	31.45
GCT	143	30.63	19.15	19.85	30.38
GCT	144	30.60	20.34	20.07	28.98
GCT	145	30.88	19.25	19.75	30.13
GCT	146	30.53	20.32	19.05	30.10
GCT	147	30.38	19.57	19.57	30.48
GCT	148	30.03	19.95	19.42	30.60
GCT	149	30.75	17.97	20.49	30.78
GCT	150	30.70	19.75	20.14	29.41
# ACGT content per cycle for first fragments. Use `grep ^FBC | cut -f 2-` to extract this part. The columns are: cycle; A,C,G,T base counts as a percentage of all A/C/G/T bases [%]; and N and O counts as a percentage of all A/C/G/T bases [%]
FBC	1	29.16	18.52	19.72	32.60	0.00	0.00
FBC	2	31.40	19.67	18.57	30.35	0.00	0.00
FBC	3	31.85	19.12	18.22	30.80	0.00	0.00
FBC	4	29.71	20.17	20.17	29.96	0.00	0.00
FBC	5	30.60	19.52	20.32	29.56	0.00	0.00
FBC	6	33.30	18.92	19.12	28.66	0.00	0.00
FBC	7	30.65	20.97	18.67	29.71	0.00	0.00
FBC	8	31.30	19.17	19.12	30.40	0.00	0.00
FBC	9	32.40	18.02	18.77	30.80	0.00	0.00
FBC	10	31.20	18.62	18.92	31.25	0.00	0.00
FBC	11	30.95	19.92	17.77	31.35	0.00	0.00
FBC	12	31.90	18.32	18.77	31.00	0.00	0.00
FBC	13	29.81	20.92	19.57	29.71	0.00	0.00
FBC	14	30.85	20.72	19.47	28.96	0.00	0.00
FBC	15	30.65	18.67	19.27	31.40	0.00	0.00
FBC	16	31.95	19.82	18.57	29.66	0.00	0.00
FBC	17	30.50	18.97	19.87	30.65	0.00	0.00
FBC	18	31.75	18.97	18.22	31.05	0.00	0.00
FBC	19	31.60	19.57	17.57	31.25	0.00	0.00
FBC	20	29.76	18.97	20.72	30.55	0.00	0.00
FBC	21	30.90	20.52	19.27	29.31	0.00	0.00
FBC	22	29.41	19.42	17.77	33.40	0.00	0.00
FBC	23	30.45	20.47	17.32	31.75	0.00	0.00
FBC	24	31.15	19.87	19.12	29.86	0.00	0.00
FBC	25	30.95	20.37	17.77	30.90	0.00	0.00
FBC	26	31.30	19.72	19.02	29.96	0.00	0.00
FBC	27	29.86	21.02	17.82	31.30	0.00	0.00
FBC	28	31.70	19.32	18.57	30.40	0.00	0.00
FBC	29	32.40	19.97	18.17	29.46	0.00	0.00
FBC	30	31.55	21.02	20.07	27.36	0.00	0.00
FBC	31	31.85	20.27	18.07	29.81	0.00	0.00
FBC	32	31.65	20.12	18.62	29.61	0.00	0.00
FBC	33	30.90	20.97	19.17	28.96	0.00	0.00
FBC	34	30.30	21.12	20.77	27.81	0.00	0.00
FBC	35	30.60	20.72	18.02	30.65	0.00	0.00
FBC	36	30.15	19.97	20.17	29.71	0.00	0.00
FBC	37	31.40	20.27	19.22	29.11	0.00	0.00
FBC	38	30.60	19.07	18.92	31.40	0.00	0.00
FBC	39	31.30	18.47	19.82	30.40	0.00	0.00
FBC	40	32.70	18.57	17.92	30.80	0.00	0.00
FBC	41	30.85	19.47	19.47	30.20	0.00	0.00
FBC	42	30.35	20.62	19.32	29.71	0.00	0.00
FBC	43	30.25	19.87	19.02	30.85	0.00	0.00
FBC	44	30.55	20.07	20.17	29.21	0.00	0.00
FBC	45	32.00	19.22	18.07	30.70	0.00	0.00
FBC	46	31.80	19.07	18.57	30.55	0.00	0.00
FBC	47	30.40	19.52	19.12	30.95	0.00	0.00
FBC	48	30.65	20.07	17.67	31.60	0.00	0.00
FBC	49	29.96	20.22	19.92	29.91	0.00	0.00
FBC	50	29.91	20.17	20.62	29.31	0.00	0.00
FBC	51	31.45	19.47	17.67	31.40	0.00	0.00
FBC	52	30.65	19.07	19.02	31.25	0.00	0.00
FBC	53	31.10	19.02	18.87	31.00	0.00	0.00
FBC	54	30.70	18.87	18.42	32.00	0.00	0.00
FBC	55	31.00	19.97	19.17	29.86	0.00	0.00
FBC	56	31.30	19.17	18.12	31.40	0.00	0.00
FBC	57	31.20	19.32	19.67	29.81	0.00	0.00
FBC	58	29.41	21.22	19.02	30.35	0.00	0.00
FBC	59	31.10	19.42	18.07	31.40	0.00	0.00
FBC	60	29.26	19.32	19.87	31.55	0.00	0.00
FBC	61	31.55	20.12	18.42	29.91	0.00	0.00
FBC	62	29.61	19.37	20.27	30.75	0.00	0.00
FBC	63	30.90	20.47	18.72	29.91	0.00	0.00
FBC	64	30.30	19.67	19.67	30.35	0.00	0.00
FBC	65	30.95	19.32	18.42	31.30	0.00	0.00
FBC	66	30.80	21.82	18.17	29.21	0.00	0.00
FBC	67	31.55	19.27	17.42	31.75	0.00	0.00
FBC	68	30.90	19.07	20.27	29.76	0.00	0.00
FBC	69	29.66	20.67	18.97	30.70	0.00	0.00
FBC	70	31.50	21.42	18.17	28.91	0.00	0.00
FBC	71	31.00	20.07	18.62	30.30	0.00	0.00
FBC	72	29.16	20.57	19.62	30.65	0.00	0.00
FBC	73	30.45	20.37	18.82	30.35	0.00	0.00
FBC	74	30.70	19.22	19.07	31.00	0.00	0.00
FBC	75	31.75	18.82	17.72	31.70	0.00	0.00
FBC	76	31.05	19.32	18.37	31.25	0.00	0.00
FBC	77	30.10	20.97	19.32	29.61	0.00	0.00
FBC	78	30.40	20.02	18.27	31.30	0.00	0.00
FBC	79	31.30	18.92	17.87	31.90	0.00	0.00
FBC	80	30.85	20.07	20.27	28.81	0.00	0.00
FBC	81	30.45	19.52	19.32	30.70	0.00	0.00
FBC	82	30.30	18.67	20.37	30.65	0.00	0.00
FBC	83	30.85	19.92	19.37	29.86	0.00	0.00
FBC	84	30.55	20.12	20.37	28.96	0.00	0.00
FBC	85	30.60	21.12	19.22	29.06	0.00	0.00
FBC	86	29.81	20.57	18.92	30.70	0.00	0.00
FBC	87	30.95	20.07	18.22	30.75	0.00	0.00
FBC	88	30.95	20.47	18.67	29.91	0.00	0.00
FBC	89	30.40	20.02	19.72	29.86	0.00	0.00
FBC	90	28.76	19.42	19.72	32.10	0.00	0.00
FBC	91	29.91	19.62	19.22	31.25	0.00	0.00
FBC	92	31.90	19.32	18.67	30.10	0.00	0.00
FBC	93	30.50	20.62	20.27	28.61	0.00	0.00
FBC	94	30.00	18.87	19.82	31.30	0.00	0.00
FBC	95	31.20	21.02	18.82	28.96	0.00	0.00
FBC	96	30.15	19.87	19.42	30.55	0.00	0.00
FBC	97	29.81	21.07	19.77	29.36	0.00	0.00
FBC	98	31.05	19.37	19.52	30.05	0.00	0.00
FBC	99	30.45	20.07	18.12	31.35	0.00	0.00
FBC	100	29.46	21.42	19.87	29.26	0.00	0.00
FBC	101	29.91	21.07	19.47	29.56	0.00	0.00
FBC	102	31.05	21.17	17.82	29.96	0.00	0.00
FBC	103	30.50	18.87	19.87	30.75	0.00	0.00
FBC	104	28.86	20.57	19.82	30.75	0.00	0.00
FBC	105	30.50	20.07	19.37	30.05	0.00	0.00
FBC	106	29.81	20.82	18.62	30.75	0.00	0.00
FBC	107	31.80	19.97	17.32	30.90	0.00	0.00
FBC	108	29.66	19.97	18.17	32.20	0.00	0.00
FBC	109	29.46	20.42	18.67	31.45	0.00	0.00
FBC	110	29.71	18.22	20.22	31.85	0.00	0.00
FBC	111	29.41	19.77	20.67	30.15	0.00	0.00
FBC	112	31.50	19.57	18.87	30.05	0.00	0.00
FBC	113	31.15	18.57	19.82	30.45	0.00	0.00
FBC	114	30.40	18.27	19.57	31.75	0.00	0.00
FBC	115	30.90	18.77	18.32	32.00	0.00	0.00
FBC	116	29.76	20.47	19.17	30.60	0.00	0.00
FBC	117	29.51	17.87	20.47	32.15	0.00	0.00
FBC	118	32.65	19.77	18.87	28.71	0.00	0.00
FBC	119	28.91	19.62	20.17	31.30	0.00	0.00
FBC	120	30.75	20.57	18.27	30.40	0.00	0.00
FBC	121	30.55	20.42	19.02	30.00	0.00	0.00
FBC	122	30.60	19.17	19.52	30.70	0.00	0.00
FBC	123	30.80	18.77	19.67	30.75	0.00	0.00
FBC	124	32.55	19.77	18.37	29.31	0.00	0.00
FBC	125	29.91	22.02	19.52	28.56	0.00	0.00
FBC	126	31.15	20.42	18.27	30.15	0.00	0.00
FBC	127	30.75	19.82	18.67	30.75	0.00	0.00
FBC	128	30.15	19.82	19.27	30.75	0.00	0.00
FBC	129	29.66	18.27	19.47	32.60	0.00	0.00
FBC	130	32.45	18.87	18.97	29.71	0.00	0.00
FBC	131	31.80	18.67	18.32	31.20	0.00	0.00
FBC	132	31.00	19.27	20.07	29.66	0.00	0.00
FBC	133	30.55	20.67	18.02	30.75	0.00	0.00
FBC	134	29.66	20.22	18.17	31.95	0.00	0.00
FBC	135	32.10	19.52	18.02	30.35	0.00	0.00
FBC	136	29.01	20.07	19.72	31.20	0.00	0.00
FBC	137	32.20	19.47	18.42	29.91	0.00	0.00
FBC	138	29.16	19.02	19.97	31.85	0.00	0.00
FBC	139	30.05	20.27	19.27	30.40	0.00	0.00
FBC	140	29.91	19.82	19.82	30.45	0.00	0.00
FBC	141	29.91	19.52	19.77	30.80	0.00	0.00
FBC	142	31.45	19.42	18.12	31.00	0.00	0.00
FBC	143	30.55	20.67	18.42	30.35	0.00	0.00
FBC	144	29.81	21.42	18.62	30.15	0.00	0.00
FBC	145	31.45	19.17	19.72	29.66	0.00	0.00
FBC	146	31.45	20.27	20.22	28.06	0.00	0.00
FBC	147	29.11	20.62	19.52	30.75	0.00	0.00
FBC	148	30.25	20.27	19.27	30.20	0.00	0.00
FBC	149	31.35	20.57	18.37	29.71	0.00	0.00
FBC	150	30.80	18.67	19.57	30.95	0.00	0.00
# ACGT raw counters for first fragments. Use `grep ^FTC | cut -f 2-` to extract this part. The columns are: A,C,G,T,N base counters
FTC	92246	59530	57218	91456	0
# ACGT content per cycle for last fragments. Use `grep ^LBC | cut -f 2-` to extract this part. The columns are: cycle; A,C,G,T base counts as a percentage of all A/C/G/T bases [%]; and N and O counts as a percentage of all A/C/G/T bases [%]
LBC	1	30.05	19.77	17.82	32.35	0.00	0.00
LBC	2	29.71	19.42	19.47	31.40	0.00	0.00
LBC	3	29.91	19.37	19.92	30.80	0.00	0.00
LBC	4	28.56	19.42	19.92	32.10	0.00	0.00
LBC	5	29.91	18.92	20.07	31.10	0.00	0.00
LBC	6	30.15	19.77	17.87	32.20	0.00	0.00
LBC	7	31.10	19.97	17.17	31.75	0.00	0.00
LBC	8	30.95	20.22	18.92	29.91	0.00	0.00
LBC	9	30.00	21.47	19.47	29.06	0.00	0.00
LBC	10	31.20	20.62	17.67	30.50	0.00	0.00
LBC	11	30.30	19.07	19.02	31.60	0.00	0.00
LBC	12	29.76	22.37	18.32	29.56	0.00	0.00
LBC	13	30.90	20.27	19.07	29.76	0.00	0.00
LBC	14	30.90	17.82	19.77	31.50	0.00	0.00
LBC	15	30.75	20.82	18.37	30.05	0.00	0.00
LBC	16	29.56	20.67	19.07	30.70	0.00	0.00
LBC	17	30.35	18.67	20.37	30.60	0.00	0.00
LBC	18	28.81	20.77	19.37	31.05	0.00	0.00
LBC	19	29.46	20.67	18.92	30.95	0.00	0.00
LBC	20	30.05	22.12	17.62	30.20	0.00	0.00
LBC	21	30.90	20.12	18.97	30.00	0.00	0.00
LBC	22	32.05	19.22	17.37	31.35	0.00	0.00
LBC	23	30.00	20.42	18.52	31.05	0.00	0.00
LBC	24	31.05	20.67	18.22	30.05	0.00	0.00
LBC	25	30.40	19.77	20.47	29.36	0.00	0.00
LBC	26	31.40	20.22	19.22	29.16	0.00	0.00
LBC	27	29.51	20.47	18.27	31.75	0.00	0.00
LBC	28	29.26	20.42	17.72	32.60	0.00	0.00
LBC	29	29.71	20.37	18.52	31.40	0.00	0.00
LBC	30	30.75	21.22	19.27	28.76	0.00	0.00
LBC	31	29.96	19.47	19.32	31.25	0.00	0.00
LBC	32	30.50	19.52	18.77	31.20	0.00	0.00
LBC	33	31.75	20.07	19.12	29.06	0.00	0.00
LBC	34	31.90	20.52	18.67	28.91	0.00	0.00
LBC	35	31.15	19.82	18.77	30.25	0.00	0.00
LBC	36	30.00	20.82	18.17	31.00	0.00	0.00
LBC	37	30.95	19.17	18.52	31.35	0.00	0.00
LBC	38	31.20	18.92	17.92	31.95	0.00	0.00
LBC	39	28.36	20.17	20.12	31.35	0.00	0.00
LBC	40	30.15	20.02	18.57	31.25	0.00	0.00
LBC	41	31.35	20.17	19.32	29.16	0.00	0.00
LBC	42	30.35	19.02	19.07	31.55	0.00	0.00
LBC	43	31.15	17.87	19.87	31.10	0.00	0.00
LBC	44	31.20	20.27	18.97	29.56	0.00	0.00
LBC	45	32.25	19.82	16.67	31.25	0.00	0.00
LBC	46	32.95	20.27	15.88	30.90	0.00	0.00
LBC	47	30.35	19.37	18.92	31.35	0.00	0.00
LBC	48	28.86	21.57	18.52	31.05	0.00	0.00
LBC	49	29.51	20.22	18.87	31.40	0.00	0.00
LBC	50	28.56	21.02	19.22	31.20	0.00	0.00
LBC	51	31.90	19.27	18.97	29.86	0.00	0.00
LBC	52	30.55	19.97	19.07	30.40	0.00	0.00
LBC	53	31.80	19.97	18.87	29.36	0.00	0.00
LBC	54	29.86	19.27	18.77	32.10	0.00	0.00
LBC	55	30.35	19.77	18.82	31.05	0.00	0.00
LBC	56	28.76	21.22	19.77	30.25	0.00	0.00
LBC	57	30.95	19.47	19.42	30.15	0.00	0.00
LBC	58	31.55	20.02	18.82	29.61	0.00	0.00
LBC	59	32.10	19.67	20.57	27.66	0.00	0.00
LBC	60	31.40	18.97	18.77	30.85	0.00	0.00
LBC	61	30.90	20.97	19.47	28.66	0.00	0.00
LBC	62	32.45	19.62	18.92	29.01	0.00	0.00
LBC	63	32.25	19.97	17.92	29.86	0.00	0.00
LBC	64	30.45	19.17	18.82	31.55	0.00	0.00
LBC	65	30.35	19.07	20.17	30.40	0.00	0.00
LBC	66	30.10	20.52	17.92	31.45	0.00	0.00
LBC	67	30.70	20.72	19.52	29.06	0.00	0.00
LBC	68	31.85	20.07	18.02	30.05	0.00	0.00
LBC	69	30.30	19.92	17.97	31.80	0.00	0.00
LBC	70	27.41	20.17	19.12	33.30	0.00	0.00
LBC	71	30.10	19.72	18.62	31.55	0.00	0.00
LBC	72	30.05	20.07	20.32	29.56	0.00	0.00
LBC	73	29.96	20.12	19.47	30.45	0.00	0.00
LBC	74	30.55	20.17	19.22	30.05	0.00	0.00
LBC	75	30.70	19.42	18.22	31.65	0.00	0.00
LBC	76	28.96	21.12	19.07	30.85	0.00	0.00
LBC	77	30.60	20.82	19.82	28.76	0.00	0.00
LBC	78	30.45	20.77	17.22	31.55	0.00	0.00
LBC	79	30.50	20.47	17.87	31.15	0.00	0.00
LBC	80	30.55	20.47	19.27	29.71	0.00	0.00
LBC	81	31.00	20.17	18.47	30.35	0.00	0.00
LBC	82	30.85	19.77	19.12	30.25	0.00	0.00
LBC	83	29.96	18.37	19.72	31.95	0.00	0.00
LBC	84	31.35	19.82	18.62	30.20	0.00	0.00
LBC	85	31.90	19.62	17.17	31.30	0.00	0.00
LBC	86	29.76	20.47	20.32	29.46	0.00	0.00
LBC	87	30.15	20.72	19.27	29.86	0.00	0.00
LBC	88	31.25	20.07	19.27	29.41	0.00	0.00
LBC	89	30.95	20.72	18.27	30.05	0.00	0.00
LBC	90	30.05	19.82	19.42	30.70	0.00	0.00
LBC	91	32.15	18.97	18.77	30.10	0.00	0.00
LBC	92	30.00	18.87	19.47	31.65	0.00	0.00
LBC	93	30.30	19.97	19.22	30.50	0.00	0.00
LBC	94	30.30	19.52	18.77	31.40	0.00	0.00
LBC	95	29.16	21.72	18.97	30.15	0.00	0.00
LBC	96	31.85	19.07	19.52	29.56	0.00	0.00
LBC	97	31.90	19.37	18.37	30.35	0.00	0.00
LBC	98	30.95	21.57	18.37	29.11	0.00	0.00
LBC	99	29.41	18.12	19.47	33.00	0.00	0.00
LBC	100	29.41	18.62	20.67	31.30	0.00	0.00
LBC	101	29.26	20.47	18.67	31.60	0.00	0.00
LBC	102	30.55	18.47	20.27	30.70	0.00	0.00
LBC	103	30.35	20.62	18.67	30.35	0.00	0.00
LBC	104	29.36	18.97	18.77	32.90	0.00	0.00
LBC	105	30.80	19.62	19.82	29.76	0.00	0.00
LBC	106	31.80	19.62	18.82	29.76	0.00	0.00
LBC	107	29.56	22.42	16.72	31.30	0.00	0.00
LBC	108	32.05	20.07	19.07	28.81	0.00	0.00
LBC	109	31.05	18.12	20.32	30.50	0.00	0.00
LBC	110	29.86	20.47	18.52	31.15	0.00	0.00
LBC	111	31.60	19.87	18.27	30.25	0.00	0.00
LBC	112	30.05	20.07	18.97	30.90	0.00	0.00
LBC	113	30.90	19.87	19.62	29.61	0.00	0.00
LBC	114	31.35	21.02	17.22	30.40	0.00	0.00
LBC	115	29.01	20.07	19.17	31.75	0.00	0.00
LBC	116	30.50	20.57	19.57	29.36	0.00	0.00
LBC	117	31.75	18.92	18.77	30.55	0.00	0.00
LBC	118	28.76	19.42	18.77	33.05	0.00	0.00
LBC	119	31.30	19.22	20.07	29.41	0.00	0.00
LBC	120	28.96	20.27	19.67	31.10	0.00	0.00
LBC	121	29.86	21.27	19.17	29.71	0.00	0.00
LBC	122	30.70	19.67	19.82	29.81	0.00	0.00
LBC	123	30.15	19.32	20.02	30.50	0.00	0.00
LBC	124	31.85	18.52	20.17	29.46	0.00	0.00
LBC	125	32.60	19.12	18.82	29.46	0.00	0.00
LBC	126	30.85	19.92	19.97	29.26	0.00	0.00
LBC	127	30.95	19.17	19.02	30.85	0.00	0.00
LBC	128	32.70	18.27	18.27	30.75	0.00	0.00
LBC	129	30.55	19.97	18.57	30.90	0.00	0.00
LBC	130	31.15	20.32	18.47	30.05	0.00	0.00
LBC	131	32.75	17.72	19.17	30.35	0.00	0.00
LBC	132	29.51	20.67	18.67	31.15	0.00	0.00
LBC	133	30.40	18.37	19.67	31.55	0.00	0.00
LBC	134	30.45	19.27	19.42	30.85	0.00	0.00
LBC	135	29.31	20.02	18.27	32.40	0.00	0.00
LBC	136	29.21	20.52	18.87	31.40	0.00	0.00
LBC	137	32.40	18.92	19.17	29.51	0.00	0.00
LBC	138	30.30	19.77	19.17	30.75	0.00	0.00
LBC	139	29.96	20.12	18.47	31.45	0.00	0.00
LBC	140	32.35	20.02	18.02	29.61	0.00	0.00
LBC	141	30.20	20.57	17.87	31.35	0.00	0.00
LBC	142	32.25	19.52	17.12	31.10	0.00	0.00
LBC	143	31.75	19.62	19.27	29.36	0.00	0.00
LBC	144	29.96	20.87	19.92	29.26	0.00	0.00
LBC	145	33.00	21.27	17.82	27.91	0.00	0.00
LBC	146	31.10	19.72	18.52	30.65	0.00	0.00
LBC	147	29.11	18.22	19.92	32.75	0.00	0.00
LBC	148	28.71	19.77	19.42	32.10	0.00	0.00
LBC	149	31.25	19.42	18.57	30.75	0.00	0.00
LBC	150	29.76	22.02	19.52	28.71	0.00	0.00
# ACGT raw counters for last fragments. Use `grep ^LTC | cut -f 2-` to extract this part. The columns are: A,C,G,T,N base counters
LTC	91838	59882	56829	91901	0
# Insert sizes. Use `grep ^IS | cut -f 2-` to extract this part. The columns are: insert size, pairs total, inward oriented pairs, outward oriented pairs, other pairs
IS	0	0	0	0	0
IS	1	0	0	0	0
IS	2	0	0	0	0
IS	3	0	0	0	0
IS	4	0	0	0	0
IS	5	0	0	0	0
IS	6	0	0	0	0
IS	7	0	0	0	0
IS	8	0	0	0	0
IS	9	0	0	0	0
IS	10	0	0	0	0
IS	11	0	0	0	0
IS	12	0	0	0	0
IS	13	0	0	0	0
IS	14	0	0	0	0
IS	15	0	0	0	0
IS	16	0	0	0	0
IS	17	0	0	0	0
IS	18	0	0	0	0
IS	19	0	0	0	0
IS	20	0	0	0	0
IS	21	0	0	0	0
IS	22	0	0	0	0
IS	23	0	0	0	0
IS	24	0	0	0	0
IS	25	0	0	0	0
IS	26	0	0	0	0
IS	27	0	0	0	0
IS	28	0	0	0	0
IS	29	0	0	0	0
IS	30	0	0	0	0
IS	31	0	0	0	0
IS	32	0	0	0	0
IS	33	0	0	0	0
IS	34	0	0	0	0
IS	35	0	0	0	0
IS	36	0	0	0	0
IS	37	0	0	0	0
IS	38	0	0	0	0
IS	39	0	0	0	0
IS	40	0	0	0	0
IS	41	0	0	0	0
IS	42	0	0	0	0
IS	43	0	0	0	0
IS	44	0	0	0	0
IS	45	0	0	0	0
IS	46	0	0	0	0
IS	47	0	0	0	0
IS	48	0	0	0	0
IS	49	0	0	0	0
IS	50	0	0	0	0
IS	51	0	0	0	0
IS	52	0	0	0	0
IS	53	0	0	0	0
IS	54	0	0	0	0
IS	55	0	0	0	0
IS	56	0	0	0	0
IS	57	0	0	0	0
IS	58	0	0	0	0
IS	59	0	0	0	0
IS	60	0	0	0	0
IS	61	0	0	0	0
IS	62	0	0	0	0
IS	63	0	0	0	0
IS	64	0	0	0	0
IS	65	0	0	0	0
IS	66	0	0	0	0
IS	67	0	0	0	0
IS	68	0	0	0	0
IS	69	0	0	0	0
IS	70	0	0	0	0
IS	71	0	0	0	0
IS	72	0	0	0	0
IS	73	0	0	0	0
IS	74	0	0	0	0
IS	75	0	0	0	0
IS	76	0	0	0	0
IS	77	0	0	0	0
IS	78	0	0	0	0
IS	79	0	0	0	0
IS	80	0	0	0	0
IS	81	0	0	0	0
IS	82	0	0	0	0
IS	83	0	0	0	0
IS	84	0	0	0	0
IS	85	0	0	0	0
IS	86	0	0	0	0
IS	87	0	0	0	0
IS	88	0	0	0	0
IS	89	0	0	0	0
IS	90	0	0	0	0
IS	91	0	0	0	0
IS	92	0	0	0	0
IS	93	0	0	0	0
IS	94	0	0	0	0
IS	95	0	0	0	0
IS	96	0	0	0	0
IS	97	0	0	0	0
IS	98	0	0	0	0
IS	99	0	0	0	0
IS	100	0	0	0	0
IS	101	0	0	0	0
IS	102	0	0	0	0
IS	103	0	0	0	0
IS	104	0	0	0	0
IS	105	0	0	0	0
IS	106	0	0	0	0
IS	107	0	0	0	0
IS	108	0	0	0	0
IS	109	0	0	0	0
IS	110	0	0	0	0
IS	111	0	0	0	0
IS	112	0	0	0	0
IS	113	0	0	0	0
IS	114	0	0	0	0
IS	115	0	0	0	0
IS	116	0	0	0	0
IS	117	0	0	0	0
IS	118	0	0	0	0
IS	119	0	0	0	0
IS	120	0	0	0	0
IS	121	0	0	0	0
IS	122	0	0	0	0
IS	123	0	0	0	0
IS	124	0	0	0	0
IS	125	0	0	0	0
IS	126	0	0	0	0
IS	127	0	0	0	0
IS	128	0	0	0	0
IS	129	0	0	0	0
IS	130	0	0	0	0
IS	131	0	0	0	0
IS	132	0	0	0	0
IS	133	0	0	0	0
IS	134	0	0	0	0
IS	135	0	0	0	0
IS	136	0	0	0	0
IS	137	0	0	0	0
IS	138	0	0	0	0
IS	139	0	0	0	0
IS	140	0	0	0	0
IS	141	0	0	0	0
IS	142	0	0	0	0
IS	143	0	0	0	0
IS	144	0	0	0	0
IS	145	0	0	0	0
IS	146	0	0	0	0
IS	147	0	0	0	0
IS	148	0	0	0	0
IS	149	0	0	0	0
IS	150	0	0	0	0
IS	151	0	0	0	0
IS	152	0	0	0	0
IS	153	0	0	0	0
IS	154	0	0	0	0
IS	155	0	0	0	0
IS	156	0	0	0	0
IS	157	0	0	0	0
IS	158	0	0	0	0
IS	159	0	0	0	0
IS	160	0	0	0	0
IS	161	0	0	0	0
IS	162	0	0	0	0
IS	163	0	0	0	0
IS	164	0	0	0	0
IS	165	0	0	0	0
IS	166	0	0	0	0
IS	167	0	0	0	0
IS	168	0	0	0	0
IS	169	0	0	0	0
IS	170	0	0	0	0
IS	171	0	0	0	0
IS	172	0	0	0	0
IS	173	0	0	0	0
IS	174	0	0	0	0
IS	175	0	0	0	0
IS	176	0	0	0	0
IS	177	0	0	0	0
IS	178	0	0	0	0
IS	179	0	0	0	0
IS	180	0	0	0	0
IS	181	0	0	0	0
IS	182	0	0	0	0
IS	183	0	0	0	0
IS	184	0	0	0	0
IS	185	0	0	0	0
IS	186	0	0	0	0
IS	187	0	0	0	0
IS	188	0	0	0	0
IS	189	0	0	0	0
IS	190	0	0	0	0
IS	191	0	0	0	0
IS	192	0	0	0	0
IS	193	0	0	0	0
IS	194	0	0	0	0
IS	195	0	0	0	0
IS	196	0	0	0	0
IS	197	0	0	0	0
IS	198	0	0	0	0
IS	199	0	0	0	0
IS	200	0	0	0	0
IS	201	0	0	0	0
IS	202	0	0	0	0
IS	203	0	0	0	0
IS	204	0	0	0	0
IS	205	0	0	0	0
IS	206	0	0	0	0
IS	207	0	0	0	0
IS	208	0	0	0	0
IS	209	0	0	0	0
IS	210	0	0	0	0
IS	211	0	0	0	0
IS	212	0	0	0	0
IS	213	0	0	0	0
IS	214	0	0	0	0
IS	215	0	0	0	0
IS	216	0	0	0	0
IS	217	0	0	0	0
IS	218	0	0	0	0
IS	219	0	0	0	0
IS	220	0	0	0	0
IS	221	0	0	0	0
IS	222	0	0	0	0
IS	223	0	0	0	0
IS	224	0	0	0	0
IS	225	0	0	0	0
IS	226	0	0	0	0
IS	227	0	0	0	0
IS	228	0	0	0	0
IS	229	0	0	0	0
IS	230	0	0	0	0
IS	231	0	0	0	0
IS	232	0	0	0	0
IS	233	0	0	0	0
IS	234	0	0	0	0
IS	235	0	0	0	0
IS	236	0	0	0	0
IS	237	0	0	0	0
IS	238	0	0	0	0
IS	239	0	0	0	0
IS	240	0	0	0	0
IS	241	0	0	0	0
IS	242	0	0	0	0
IS	243	0	0	0	0
IS	244	0	0	0	0
IS	245	0	0	0	0
IS	246	0	0	0	0
IS	247	0	0	0	0
IS	248	0	0	0	0
IS	249	0	0	0	0
IS	250	0	0	0	0
IS	251	0	0	0	0
IS	252	0	0	0	0
IS	253	0	0	0	0
IS	254	0	0	0	0
IS	255	0	0	0	0
IS	256	0	0	0	0
IS	257	0	0	0	0
IS	258	0	0	0	0
IS	259	0	0	0	0
IS	260	0	0	0	0
IS	261	0	0	0	0
IS	262	0	0	0	0
IS	263	0	0	0	0
IS	264	0	0	0	0
IS	265	0	0	0	0
IS	266	0	0	0	0
IS	267	0	0	0	0
IS	268	0	0	0	0
IS	269	0	0	0	0
IS	270	0	0	0	0
IS	271	0	0	0	0
IS	272	0	0	0	0
IS	273	0	0	0	0
IS	274	0	0	0	0
IS	275	0	0	0	0
IS	276	0	0	0	0
IS	277	0	0	0	0
IS	278	0	0	0	0
IS	279	0	0	0	0
IS	280	0	0	0	0
IS	281	0	0	0	0
IS	282	0	0	0	0
IS	283	0	0	0	0
IS	284	0	0	0	0
IS	285	0	0	0	0
IS	286	0	0	0	0
IS	287	0	0	0	0
IS	288	0	0	0	0
IS	289	0	0	0	0
IS	290	0	0	0	0
IS	291	0	0	0	0
IS	292	0	0	0	0
IS	293	0	0	0	0
IS	294	0	0	0	0
IS	295	0	0	0	0
IS	296	0	0	0	0
IS	297	0	0	0	0
IS	298	0	0	0	0
IS	299	0	0	0	0
IS	300	0	0	0	0
IS	301	0	0	0	0
IS	302	0	0	0	0
IS	303	0	0	0	0
IS	304	0	0	0	0
IS	305	0	0	0	0
IS	306	0	0	0	0
IS	307	0	0	0	0
IS	308	1	1	0	0
IS	309	0	0	0	0
IS	310	0	0	0	0
IS	311	0	0	0	0
IS	312	0	0	0	0
IS	313	0	0	0	0
IS	314	0	0	0	0
IS	315	0	0	0	0
IS	316	0	0	0	0
IS	317	0	0	0	0
IS	318	0	0	0	0
IS	319	0	0	0	0
IS	320	0	0	0	0
IS	321	0	0	0	0
IS	322	0	0	0	0
IS	323	0	0	0	0
IS	324	0	0	0	0
IS	325	0	0	0	0
IS	326	0	0	0	0
IS	327	1	1	0	0
IS	328	0	0	0	0
IS	329	0	0	0	0
IS	330	0	0	0	0
IS	331	0	0	0	0
IS	332	0	0	0	0
IS	333	0	0	0	0
IS	334	0	0	0	0
IS	335	0	0	0	0
IS	336	0	0	0	0
IS	337	0	0	0	0
IS	338	0	0	0	0
IS	339	0	0	0	0
IS	340	1	1	0	0
IS	341	0	0	0	0
IS	342	1	1	0	0
IS	343	0	0	0	0
IS	344	1	1	0	0
IS	345	0	0	0	0
IS	346	0	0	0	0
IS	347	0	0	0	0
IS	348	0	0	0	0
IS	349	1	1	0	0
IS	350	1	1	0	0
IS	351	0	0	0	0
IS	352	0	0	0	0
IS	353	0	0	0	0
IS	354	0	0	0	0
IS	355	1	1	0	0
IS	356	0	0	0	0
IS	357	0	0	0	0
IS	358	1	1	0	0
IS	359	2	2	0	0
IS	360	1	1	0	0
IS	361	0	0	0	0
IS	362	1	1	0	0
IS	363	0	0	0	0
IS	364	1	1	0	0
IS	365	1	1	0	0
IS	366	1	1	0	0
IS	367	2	2	0	0
IS	368	0	0	0	0
IS	369	0	0	0	0
IS	370	0	0	0	0
IS	371	1	1	0	0
IS	372	0	0	0	0
IS	373	0	0	0	0
IS	374	0	0	0	0
IS	375	0	0	0	0
IS	376	1	1	0	0
IS	377	1	1	0	0
IS	378	1	1	0	0
IS	379	2	2	0	0
IS	380	3	3	0	0
IS	381	1	1	0	0
IS	382	0	0	0	0
IS	383	0	0	0	0
IS	384	1	1	0	0
IS	385	0	0	0	0
IS	386	3	3	0	0
IS	387	2	2	0	0
IS	388	1	1	0	0
IS	389	1	1	0	0
IS	390	1	1	0	0
IS	391	2	2	0	0
IS	392	3	3	0	0
IS	393	2	2	0	0
IS	394	1	1	0	0
IS	395	1	1	0	0
IS	396	1	1	0	0
IS	397	1	1	0	0
IS	398	2	2	0	0
IS	399	1	1	0	0
IS	400	0	0	0	0
IS	401	2	2	0	0
IS	402	3	3	0	0
IS	403	5	5	0	0
IS	404	4	4	0	0
IS	405	0	0	0	0
IS	406	5	5	0	0
IS	407	2	2	0	0
IS	408	3	3	0	0
IS	409	2	2	0	0
IS	410	4	4	0	0
IS	411	2	2	0	0
IS	412	3	3	0	0
IS	413	2	2	0	0
IS	414	2	2	0	0
IS	415	3	3	0	0
IS	416	7	7	0	0
IS	417	1	1	0	0
IS	418	4	4	0	0
IS	419	2	2	0	0
IS	420	4	4	0	0
IS	421	3	3	0	0
IS	422	3	3	0	0
IS	423	2	2	0	0
IS	424	4	4	0	0
IS	425	3	3	0	0
IS	426	11	11	0	0
IS	427	12	12	0	0
IS	428	7	7	0	0
IS	429	3	3	0	0
IS	430	6	6	0	0
IS	431	5	5	0	0
IS	432	3	3	0	0
IS	433	7	7	0	0
IS	434	8	8	0	0
IS	435	5	5	0	0
IS	436	6	6	0	0
IS	437	7	7	0	0
IS	438	8	8	0	0
IS	439	7	7	0	0
IS	440	9	9	0	0
IS	441	9	9	0	0
IS	442	12	12	0	0
IS	443	10	10	0	0
IS	444	9	9	0	0
IS	445	11	11	0	0
IS	446	6	6	0	0
IS	447	10	10	0	0
IS	448	6	6	0	0
IS	449	12	12	0	0
IS	450	7	7	0	0
IS	451	14	14	0	0
IS	452	10	10	0	0
IS	453	13	13	0	0
IS	454	11	11	0	0
IS	455	14	14	0	0
IS	456	11	11	0	0
IS	457	20	20	0	0
IS	458	11	11	0	0
IS	459	8	8	0	0
IS	460	4	4	0	0
IS	461	11	11	0	0
IS	462	16	16	0	0
IS	463	12	12	0	0
IS	464	13	13	0	0
IS	465	7	7	0	0
IS	466	11	11	0	0
IS	467	14	14	0	0
IS	468	15	15	0	0
IS	469	11	11	0	0
IS	470	12	12	0	0
IS	471	16	16	0	0
IS	472	12	12	0	0
IS	473	14	14	0	0
IS	474	16	16	0	0
IS	475	10	10	0	0
IS	476	15	15	0	0
IS	477	8	8	0	0
IS	478	14	14	0	0
IS	479	17	17	0	0
IS	480	10	10	0	0
IS	481	14	14	0	0
IS	482	13	13	0	0
IS	483	12	12	0	0
IS	484	13	13	0	0
IS	485	15	15	0	0
IS	486	21	21	0	0
IS	487	12	12	0	0
IS	488	25	25	0	0
IS	489	16	16	0	0
IS	490	16	16	0	0
IS	491	16	16	0	0
IS	492	10	10	0	0
IS	493	14	14	0	0
IS	494	19	19	0	0
IS	495	16	16	0	0
IS	496	15	15	0	0
IS	497	24	24	0	0
IS	498	14	14	0	0
IS	499	18	18	0	0
IS	500	19	19	0	0
IS	501	18	18	0	0
IS	502	19	19	0	0
IS	503	12	12	0	0
IS	504	12	12	0	0
IS	505	10	10	0	0
IS	506	17	17	0	0
IS	507	15	15	0	0
IS	508	21	21	0	0
IS	509	19	19	0	0
IS	510	13	13	0	0
IS	511	17	17	0	0
IS	512	11	11	0	0
IS	513	13	13	0	0
IS	514	20	20	0	0
IS	515	20	20	0	0
IS	516	11	11	0	0
IS	517	22	22	0	0
IS	518	18	18	0	0
IS	519	14	14	0	0
IS	520	13	13	0	0
IS	521	25	25	0	0
IS	522	17	17	0	0
IS	523	15	15	0	0
IS	524	8	8	0	0
IS	525	13	13	0	0
IS	526	14	14	0	0
IS	527	11	11	0	0
IS	528	9	9	0	0
IS	529	11	11	0	0
IS	530	14	14	0	0
IS	531	7	7	0	0
IS	532	9	9	0	0
IS	533	12	12	0	0
IS	534	12	12	0	0
IS	535	18	18	0	0
IS	536	11	11	0	0
IS	537	12	12	0	0
IS	538	11	11	0	0
IS	539	12	12	0	0
IS	540	6	6	0	0
IS	541	13	13	0	0
IS	542	11	11	0	0
IS	543	10	10	0	0
IS	544	14	14	0	0
IS	545	15	15	0	0
IS	546	9	9	0	0
IS	547	16	16	0	0
IS	548	13	13	0	0
IS	549	11	11	0	0
IS	550	16	16	0	0
IS	551	6	6	0	0
IS	552	8	8	0	0
IS	553	8	8	0	0
IS	554	7	7	0	0
IS	555	14	14	0	0
IS	556	8	8	0	0
IS	557	7	7	0	0
IS	558	8	8	0	0
IS	559	8	8	0	0
IS	560	7	7	0	0
IS	561	9	9	0	0
IS	562	9	9	0	0
IS	563	6	6	0	0
IS	564	3	3	0	0
IS	565	7	7	0	0
IS	566	3	3	0	0
IS	567	9	9	0	0
IS	568	9	9	0	0
IS	569	3	3	0	0
IS	570	7	7	0	0
IS	571	5	5	0	0
IS	572	5	5	0	0
IS	573	1	1	0	0
IS	574	4	4	0	0
IS	575	5	5	0	0
IS	576	5	5	0	0
IS	577	7	7	0	0
IS	578	2	2	0	0
IS	579	3	3	0	0
IS	580	1	1	0	0
IS	581	2	2	0	0
IS	582	6	6	0	0
IS	583	3	3	0	0
IS	584	7	7	0	0
IS	585	4	4	0	0
IS	586	6	6	0	0
IS	587	3	3	0	0
IS	588	4	4	0	0
IS	589	4	4	0	0
IS	590	1	1	0	0
IS	591	3	3	0	0
IS	592	4	4	0	0
IS	593	5	5	0	0
IS	594	3	3	0	0
IS	595	3	3	0	0
IS	596	3	3	0	0
IS	597	4	4	0	0
IS	598	1	1	0	0
IS	599	2	2	0	0
IS	600	2	2	0	0
IS	601	2	2	0	0
IS	602	1	1	0	0
IS	603	1	1	0	0
IS	604	2	2	0	0
IS	605	3	3	0	0
IS	606	3	3	0	0
IS	607	1	1	0	0
IS	608	2	2	0	0
IS	609	3	3	0	0
IS	610	3	3	0	0
IS	611	1	1	0	0
IS	612	0	0	0	0
IS	613	3	3	0	0
# Read lengths. Use `grep ^RL | cut -f 2-` to extract this part. The columns are: read length, count
RL	150	4006
# Read lengths - first fragments. Use `grep ^FRL | cut -f 2-` to extract this part. The columns are: read length, count
FRL	150	2003
# Read lengths - last fragments. Use `grep ^LRL | cut -f 2-` to extract this part. The columns are: read length, count
LRL	150	2003
# Mapping qualities for reads !(UNMAP|SECOND|SUPPL|QCFAIL|DUP). Use `grep ^MAPQ | cut -f 2-` to extract this part. The columns are: mapq, count
MAPQ	0	18
MAPQ	27	6
MAPQ	33	1
MAPQ	39	1
MAPQ	40	32
MAPQ	41	4
MAPQ	43	3
MAPQ	47	1
MAPQ	48	42
MAPQ	50	2
MAPQ	52	2
MAPQ	57	13
MAPQ	59	2
MAPQ	60	3879
# Indel distribution. Use `grep ^ID | cut -f 2-` to extract this part. The columns are: length, number of insertions, number of deletions
# Indels per cycle. Use `grep ^IC | cut -f 2-` to extract this part. The columns are: cycle, number of insertions (fwd), .. (rev) , number of deletions (fwd), .. (rev)
# Coverage distribution. Use `grep ^COV | cut -f 2-` to extract this part.
COV	[1-1]	1	5683
COV	[2-2]	2	9742
COV	[3-3]	3	14528
COV	[4-4]	4	18907
COV	[5-5]	5	18955
COV	[6-6]	6	17180
COV	[7-7]	7	13193
COV	[8-8]	8	8585
COV	[9-9]	9	5239
COV	[10-10]	10	2379
COV	[11-11]	11	1241
COV	[12-12]	12	770
COV	[13-13]	13	209
COV	[14-14]	14	72
COV	[15-15]	15	5
# GC-depth. Use `grep ^GCD | cut -f 2-` to extract this part. The columns are: GC%, unique sequence percentiles, 10th, 25th, 50th, 75th and 90th depth percentile
GCD	0.0	15.385	0.000	0.000	0.000	0.000	0.000
GCD	37.0	30.769	2.490	2.490	2.497	2.505	2.505
GCD	38.0	53.846	2.505	2.505	2.505	2.505	2.505
GCD	39.0	76.923	2.505	2.505	2.505	2.505	2.505
GCD	40.0	84.615	2.505	2.505	2.505	2.505	2.505
GCD	41.0	92.308	2.505	2.505	2.505	2.505	2.505
GCD	45.0	100.000	2.505	2.505	2.505	2.505	2.505
