# This file was produced by samtools stats (1.20+htslib-1.21) and can be plotted using plot-bamstats
# This file contains statistics for all reads.
# The command line was:  stats sample3823.sorted.group.rmdup.bam
# CHK, Checksum	[2]Read Names	[3]Sequences	[4]Qualities
# CHK, CRC32 of reads which passed filtering followed by addition (32bit overflow)
CHK	be9104e0	8cdfe4c7	4c29cce7
# Summary Numbers. Use `grep ^SN | cut -f 2-` to extract this part.
SN	raw total sequences:	4008	# excluding supplementary and secondary reads
SN	filtered sequences:	0
SN	sequences:	4008
SN	is sorted:	1
SN	1st fragments:	2004
SN	last fragments:	2004
SN	reads mapped:	4008
SN	reads mapped and paired:	4008	# paired-end technology bit set + both mates mapped
SN	reads unmapped:	0
SN	reads properly paired:	4008	# proper-pair bit set
SN	reads paired:	4008	# paired-end technology bit set
SN	reads duplicated:	0	# PCR or optical duplicate bit set
SN	reads MQ0:	8	# mapped and MQ=0
SN	reads QC failed:	0
SN	non-primary alignments:	0
SN	supplementary alignments:	0
SN	total length:	601198	# ignores clipping
SN	total first fragment length:	300598	# ignores clipping
SN	total last fragment length:	300600	# ignores clipping
SN	bases mapped:	601198	# ignores clipping
SN	bases mapped (cigar):	601198	# more accurate
SN	bases trimmed:	0
SN	bases duplicated:	0
SN	mismatches:	1086	# from NM fields
SN	error rate:	1.806393e-03	# mismatches / bases mapped (cigar)
SN	average length:	150
SN	average first fragment length:	150
SN	average last fragment length:	150
SN	maximum length:	150
SN	maximum first fragment length:	150
SN	maximum last fragment length:	150
SN	average quality:	30.0
SN	insert size average:	498.9
SN	insert size standard deviation:	48.6
SN	inward oriented pairs:	2004
SN	outward oriented pairs:	0
SN	pairs with other orientation:	0
SN	pairs on different chromosomes:	0
SN	percentage of properly paired reads (%):	100.0
# First Fragment Qualities. Use `grep ^FFQ | cut -f 2-` to extract this part.
# Columns correspond to qualities and rows to cycles. First column is the cycle number.
FFQ	1	0	0	0	0	0	0	0	0	0	0	0	0	0	0	0	0	0	0	0	0	0	0	0	0	0	0	0	0	0	0	2004	0
FFQ	2	0	0	0	0	0	0	0	0	0	0	0	0	0	0	0	0	0	0	0	0	0	0	0	0	0	0	0	0	0	0	2004	0
FFQ	3	0	0	0	0	0	0	0	0	0	0	0	0	0	0	0	0	0	0	0	0	0	0	0	0	0	0	0	0	0	0	2004	0
FFQ	4	0	0	0	0	0	0	0	0	0	0	0	0	0	0	0	0	0	0	0	0	0	0	0	0	0	0	0	0	0	0	2004	0
FFQ	5	0	0	0	0	0	0	0	0	0	0	0	0	0	0	0	0	0	0	0	0	0	0	0	0	0	0	0	0	0	0	2004	0
FFQ	6	0	0	0	0	0	0	0	0	0	0	0	0	0	0	0	0	0	0	0	0	0	0	0	0	0	0	0	0	0	0	2004	0
FFQ	7	0	0	0	0	0	0	0	0	0	0	0	0	0	0	0	0	0	0	0	0	0	0	0	0	0	0	0	0	0	0	2004	0
FFQ	8	0	0	0	0	0	0	0	0	0	0	0	0	0	0	0	0	0	0	0	0	0	0	0	0	0	0	0	0	0	0	2004	0
FFQ	9	0	0	0	0	0	0	0	0	0	0	0	0	0	0	0	0	0	0	0	0	0	0	0	0	0	0	0	0	0	0	2004	0
FFQ	10	0	0	0	0	0	0	0	0	0	0	0	0	0	0	0	0	0	0	0	0	0	0	0	0	0	0	0	0	0	0	2004	0
FFQ	11	0	0	0	0	0	0	0	0	0	0	0	0	0	0	0	0	0	0	0	0	0	0	0	0	0	0	0	0	0	0	2004	0
FFQ	12	0	0	0	0	0	0	0	0	0	0	0	0	0	0	0	0	0	0	0	0	0	0	0	0	0	0	0	0	0	0	2004	0
FFQ	13	0	0	0	0	0	0	0	0	0	0	0	0	0	0	0	0	0	0	0	0	0	0	0	0	0	0	0	0	0	0	2004	0
FFQ	14	0	0	0	0	0	0	0	0	0	0	0	0	0	0	0	0	0	0	0	0	0	0	0	0	0	0	0	0	0	0	2004	0
FFQ	15	0	0	0	0	0	0	0	0	0	0	0	0	0	0	0	0	0	0	0	0	0	0	0	0	0	0	0	0	0	0	2004	0
FFQ	16	0	0	0	0	0	0	0	0	0	0	0	0	0	0	0	0	0	0	0	0	0	0	0	0	0	0	0	0	0	0	2004	0
FFQ	17	0	0	0	0	0	0	0	0	0	0	0	0	0	0	0	0	0	0	0	0	0	0	0	0	0	0	0	0	0	0	2004	0
FFQ	18	0	0	0	0	0	0	0	0	0	0	0	0	0	0	0	0	0	0	0	0	0	0	0	0	0	0	0	0	0	0	2004	0
FFQ	19	0	0	0	0	0	0	0	0	0	0	0	0	0	0	0	0	0	0	0	0	0	0	0	0	0	0	0	0	0	0	2004	0
FFQ	20	0	0	0	0	0	0	0	0	0	0	0	0	0	0	0	0	0	0	0	0	0	0	0	0	0	0	0	0	0	0	2004	0
FFQ	21	0	0	0	0	0	0	0	0	0	0	0	0	0	0	0	0	0	0	0	0	0	0	0	0	0	0	0	0	0	0	2004	0
FFQ	22	0	0	0	0	0	0	0	0	0	0	0	0	0	0	0	0	0	0	0	0	0	0	0	0	0	0	0	0	0	0	2004	0
FFQ	23	0	0	0	0	0	0	0	0	0	0	0	0	0	0	0	0	0	0	0	0	0	0	0	0	0	0	0	0	0	0	2004	0
FFQ	24	0	0	0	0	0	0	0	0	0	0	0	0	0	0	0	0	0	0	0	0	0	0	0	0	0	0	0	0	0	0	2004	0
FFQ	25	0	0	0	0	0	0	0	0	0	0	0	0	0	0	0	0	0	0	0	0	0	0	0	0	0	0	0	0	0	0	2004	0
FFQ	26	0	0	0	0	0	0	0	0	0	0	0	0	0	0	0	0	0	0	0	0	0	0	0	0	0	0	0	0	0	0	2004	0
FFQ	27	0	0	0	0	0	0	0	0	0	0	0	0	0	0	0	0	0	0	0	0	0	0	0	0	0	0	0	0	0	0	2004	0
FFQ	28	0	0	0	0	0	0	0	0	0	0	0	0	0	0	0	0	0	0	0	0	0	0	0	0	0	0	0	0	0	0	2004	0
FFQ	29	0	0	0	0	0	0	0	0	0	0	0	0	0	0	0	0	0	0	0	0	0	0	0	0	0	0	0	0	0	0	2004	0
FFQ	30	0	0	0	0	0	0	0	0	0	0	0	0	0	0	0	0	0	0	0	0	0	0	0	0	0	0	0	0	0	0	2004	0
FFQ	31	0	0	0	0	0	0	0	0	0	0	0	0	0	0	0	0	0	0	0	0	0	0	0	0	0	0	0	0	0	0	2004	0
FFQ	32	0	0	0	0	0	0	0	0	0	0	0	0	0	0	0	0	0	0	0	0	0	0	0	0	0	0	0	0	0	0	2004	0
FFQ	33	0	0	0	0	0	0	0	0	0	0	0	0	0	0	0	0	0	0	0	0	0	0	0	0	0	0	0	0	0	0	2004	0
FFQ	34	0	0	0	0	0	0	0	0	0	0	0	0	0	0	0	0	0	0	0	0	0	0	0	0	0	0	0	0	0	0	2004	0
FFQ	35	0	0	0	0	0	0	0	0	0	0	0	0	0	0	0	0	0	0	0	0	0	0	0	0	0	0	0	0	0	0	2004	0
FFQ	36	0	0	0	0	0	0	0	0	0	0	0	0	0	0	0	0	0	0	0	0	0	0	0	0	0	0	0	0	0	0	2004	0
FFQ	37	0	0	0	0	0	0	0	0	0	0	0	0	0	0	0	0	0	0	0	0	0	0	0	0	0	0	0	0	0	0	2004	0
FFQ	38	0	0	0	0	0	0	0	0	0	0	0	0	0	0	0	0	0	0	0	0	0	0	0	0	0	0	0	0	0	0	2004	0
FFQ	39	0	0	0	0	0	0	0	0	0	0	0	0	0	0	0	0	0	0	0	0	0	0	0	0	0	0	0	0	0	0	2004	0
FFQ	40	0	0	0	0	0	0	0	0	0	0	0	0	0	0	0	0	0	0	0	0	0	0	0	0	0	0	0	0	0	0	2004	0
FFQ	41	0	0	0	0	0	0	0	0	0	0	0	0	0	0	0	0	0	0	0	0	0	0	0	0	0	0	0	0	0	0	2004	0
FFQ	42	0	0	0	0	0	0	0	0	0	0	0	0	0	0	0	0	0	0	0	0	0	0	0	0	0	0	0	0	0	0	2004	0
FFQ	43	0	0	0	0	0	0	0	0	0	0	0	0	0	0	0	0	0	0	0	0	0	0	0	0	0	0	0	0	0	0	2004	0
FFQ	44	0	0	0	0	0	0	0	0	0	0	0	0	0	0	0	0	0	0	0	0	0	0	0	0	0	0	0	0	0	0	2004	0
FFQ	45	0	0	0	0	0	0	0	0	0	0	0	0	0	0	0	0	0	0	0	0	0	0	0	0	0	0	0	0	0	0	2004	0
FFQ	46	0	0	0	0	0	0	0	0	0	0	0	0	0	0	0	0	0	0	0	0	0	0	0	0	0	0	0	0	0	0	2004	0
FFQ	47	0	0	0	0	0	0	0	0	0	0	0	0	0	0	0	0	0	0	0	0	0	0	0	0	0	0	0	0	0	0	2004	0
FFQ	48	0	0	0	0	0	0	0	0	0	0	0	0	0	0	0	0	0	0	0	0	0	0	0	0	0	0	0	0	0	0	2004	0
FFQ	49	0	0	0	0	0	0	0	0	0	0	0	0	0	0	0	0	0	0	0	0	0	0	0	0	0	0	0	0	0	0	2004	0
FFQ	50	0	0	0	0	0	0	0	0	0	0	0	0	0	0	0	0	0	0	0	0	0	0	0	0	0	0	0	0	0	0	2004	0
FFQ	51	0	0	0	0	0	0	0	0	0	0	0	0	0	0	0	0	0	0	0	0	0	0	0	0	0	0	0	0	0	0	2004	0
FFQ	52	0	0	0	0	0	0	0	0	0	0	0	0	0	0	0	0	0	0	0	0	0	0	0	0	0	0	0	0	0	0	2004	0
FFQ	53	0	0	0	0	0	0	0	0	0	0	0	0	0	0	0	0	0	0	0	0	0	0	0	0	0	0	0	0	0	0	2004	0
FFQ	54	0	0	0	0	0	0	0	0	0	0	0	0	0	0	0	0	0	0	0	0	0	0	0	0	0	0	0	0	0	0	2004	0
FFQ	55	0	0	0	0	0	0	0	0	0	0	0	0	0	0	0	0	0	0	0	0	0	0	0	0	0	0	0	0	0	0	2004	0
FFQ	56	0	0	0	0	0	0	0	0	0	0	0	0	0	0	0	0	0	0	0	0	0	0	0	0	0	0	0	0	0	0	2004	0
FFQ	57	0	0	0	0	0	0	0	0	0	0	0	0	0	0	0	0	0	0	0	0	0	0	0	0	0	0	0	0	0	0	2004	0
FFQ	58	0	0	0	0	0	0	0	0	0	0	0	0	0	0	0	0	0	0	0	0	0	0	0	0	0	0	0	0	0	0	2004	0
FFQ	59	0	0	0	0	0	0	0	0	0	0	0	0	0	0	0	0	0	0	0	0	0	0	0	0	0	0	0	0	0	0	2004	0
FFQ	60	0	0	0	0	0	0	0	0	0	0	0	0	0	0	0	0	0	0	0	0	0	0	0	0	0	0	0	0	0	0	2004	0
FFQ	61	0	0	0	0	0	0	0	0	0	0	0	0	0	0	0	0	0	0	0	0	0	0	0	0	0	0	0	0	0	0	2004	0
FFQ	62	0	0	0	0	0	0	0	0	0	0	0	0	0	0	0	0	0	0	0	0	0	0	0	0	0	0	0	0	0	0	2004	0
FFQ	63	0	0	0	0	0	0	0	0	0	0	0	0	0	0	0	0	0	0	0	0	0	0	0	0	0	0	0	0	0	0	2004	0
FFQ	64	0	0	0	0	0	0	0	0	0	0	0	0	0	0	0	0	0	0	0	0	0	0	0	0	0	0	0	0	0	0	2004	0
FFQ	65	0	0	0	0	0	0	0	0	0	0	0	0	0	0	0	0	0	0	0	0	0	0	0	0	0	0	0	0	0	0	2004	0
FFQ	66	0	0	0	0	0	0	0	0	0	0	0	0	0	0	0	0	0	0	0	0	0	0	0	0	0	0	0	0	0	0	2004	0
FFQ	67	0	0	0	0	0	0	0	0	0	0	0	0	0	0	0	0	0	0	0	0	0	0	0	0	0	0	0	0	0	0	2004	0
FFQ	68	0	0	0	0	0	0	0	0	0	0	0	0	0	0	0	0	0	0	0	0	0	0	0	0	0	0	0	0	0	0	2004	0
FFQ	69	0	0	0	0	0	0	0	0	0	0	0	0	0	0	0	0	0	0	0	0	0	0	0	0	0	0	0	0	0	0	2004	0
FFQ	70	0	0	0	0	0	0	0	0	0	0	0	0	0	0	0	0	0	0	0	0	0	0	0	0	0	0	0	0	0	0	2004	0
FFQ	71	0	0	0	0	0	0	0	0	0	0	0	0	0	0	0	0	0	0	0	0	0	0	0	0	0	0	0	0	0	0	2004	0
FFQ	72	0	0	0	0	0	0	0	0	0	0	0	0	0	0	0	0	0	0	0	0	0	0	0	0	0	0	0	0	0	0	2004	0
FFQ	73	0	0	0	0	0	0	0	0	0	0	0	0	0	0	0	0	0	0	0	0	0	0	0	0	0	0	0	0	0	0	2004	0
FFQ	74	0	0	0	0	0	0	0	0	0	0	0	0	0	0	0	0	0	0	0	0	0	0	0	0	0	0	0	0	0	0	2004	0
FFQ	75	0	0	0	0	0	0	0	0	0	0	0	0	0	0	0	0	0	0	0	0	0	0	0	0	0	0	0	0	0	0	2004	0
FFQ	76	0	0	0	0	0	0	0	0	0	0	0	0	0	0	0	0	0	0	0	0	0	0	0	0	0	0	0	0	0	0	2004	0
FFQ	77	0	0	0	0	0	0	0	0	0	0	0	0	0	0	0	0	0	0	0	0	0	0	0	0	0	0	0	0	0	0	2004	0
FFQ	78	0	0	0	0	0	0	0	0	0	0	0	0	0	0	0	0	0	0	0	0	0	0	0	0	0	0	0	0	0	0	2004	0
FFQ	79	0	0	0	0	0	0	0	0	0	0	0	0	0	0	0	0	0	0	0	0	0	0	0	0	0	0	0	0	0	0	2004	0
FFQ	80	0	0	0	0	0	0	0	0	0	0	0	0	0	0	0	0	0	0	0	0	0	0	0	0	0	0	0	0	0	0	2004	0
FFQ	81	0	0	0	0	0	0	0	0	0	0	0	0	0	0	0	0	0	0	0	0	0	0	0	0	0	0	0	0	0	0	2004	0
FFQ	82	0	0	0	0	0	0	0	0	0	0	0	0	0	0	0	0	0	0	0	0	0	0	0	0	0	0	0	0	0	0	2004	0
FFQ	83	0	0	0	0	0	0	0	0	0	0	0	0	0	0	0	0	0	0	0	0	0	0	0	0	0	0	0	0	0	0	2004	0
FFQ	84	0	0	0	0	0	0	0	0	0	0	0	0	0	0	0	0	0	0	0	0	0	0	0	0	0	0	0	0	0	0	2004	0
FFQ	85	0	0	0	0	0	0	0	0	0	0	0	0	0	0	0	0	0	0	0	0	0	0	0	0	0	0	0	0	0	0	2004	0
FFQ	86	0	0	0	0	0	0	0	0	0	0	0	0	0	0	0	0	0	0	0	0	0	0	0	0	0	0	0	0	0	0	2004	0
FFQ	87	0	0	0	0	0	0	0	0	0	0	0	0	0	0	0	0	0	0	0	0	0	0	0	0	0	0	0	0	0	0	2004	0
FFQ	88	0	0	0	0	0	0	0	0	0	0	0	0	0	0	0	0	0	0	0	0	0	0	0	0	0	0	0	0	0	0	2004	0
FFQ	89	0	0	0	0	0	0	0	0	0	0	0	0	0	0	0	0	0	0	0	0	0	0	0	0	0	0	0	0	0	0	2004	0
FFQ	90	0	0	0	0	0	0	0	0	0	0	0	0	0	0	0	0	0	0	0	0	0	0	0	0	0	0	0	0	0	0	2004	0
FFQ	91	0	0	0	0	0	0	0	0	0	0	0	0	0	0	0	0	0	0	0	0	0	0	0	0	0	0	0	0	0	0	2004	0
FFQ	92	0	0	0	0	0	0	0	0	0	0	0	0	0	0	0	0	0	0	0	0	0	0	0	0	0	0	0	0	0	0	2004	0
FFQ	93	0	0	0	0	0	0	0	0	0	0	0	0	0	0	0	0	0	0	0	0	0	0	0	0	0	0	0	0	0	0	2004	0
FFQ	94	0	0	0	0	0	0	0	0	0	0	0	0	0	0	0	0	0	0	0	0	0	0	0	0	0	0	0	0	0	0	2004	0
FFQ	95	0	0	0	0	0	0	0	0	0	0	0	0	0	0	0	0	0	0	0	0	0	0	0	0	0	0	0	0	0	0	2004	0
FFQ	96	0	0	0	0	0	0	0	0	0	0	0	0	0	0	0	0	0	0	0	0	0	0	0	0	0	0	0	0	0	0	2004	0
FFQ	97	0	0	0	0	0	0	0	0	0	0	0	0	0	0	0	0	0	0	0	0	0	0	0	0	0	0	0	0	0	0	2004	0
FFQ	98	0	0	0	0	0	0	0	0	0	0	0	0	0	0	0	0	0	0	0	0	0	0	0	0	0	0	0	0	0	0	2004	0
FFQ	99	0	0	0	0	0	0	0	0	0	0	0	0	0	0	0	0	0	0	0	0	0	0	0	0	0	0	0	0	0	0	2004	0
FFQ	100	0	0	0	0	0	0	0	0	0	0	0	0	0	0	0	0	0	0	0	0	0	0	0	0	0	0	0	0	0	0	2004	0
FFQ	101	0	0	0	0	0	0	0	0	0	0	0	0	0	0	0	0	0	0	0	0	0	0	0	0	0	0	0	0	0	0	2004	0
FFQ	102	0	0	0	0	0	0	0	0	0	0	0	0	0	0	0	0	0	0	0	0	0	0	0	0	0	0	0	0	0	0	2004	0
FFQ	103	0	0	0	0	0	0	0	0	0	0	0	0	0	0	0	0	0	0	0	0	0	0	0	0	0	0	0	0	0	0	2004	0
FFQ	104	0	0	0	0	0	0	0	0	0	0	0	0	0	0	0	0	0	0	0	0	0	0	0	0	0	0	0	0	0	0	2004	0
FFQ	105	0	0	0	0	0	0	0	0	0	0	0	0	0	0	0	0	0	0	0	0	0	0	0	0	0	0	0	0	0	0	2004	0
FFQ	106	0	0	0	0	0	0	0	0	0	0	0	0	0	0	0	0	0	0	0	0	0	0	0	0	0	0	0	0	0	0	2004	0
FFQ	107	0	0	0	0	0	0	0	0	0	0	0	0	0	0	0	0	0	0	0	0	0	0	0	0	0	0	0	0	0	0	2004	0
FFQ	108	0	0	0	0	0	0	0	0	0	0	0	0	0	0	0	0	0	0	0	0	0	0	0	0	0	0	0	0	0	0	2004	0
FFQ	109	0	0	0	0	0	0	0	0	0	0	0	0	0	0	0	0	0	0	0	0	0	0	0	0	0	0	0	0	0	0	2004	0
FFQ	110	0	0	0	0	0	0	0	0	0	0	0	0	0	0	0	0	0	0	0	0	0	0	0	0	0	0	0	0	0	0	2004	0
FFQ	111	0	0	0	0	0	0	0	0	0	0	0	0	0	0	0	0	0	0	0	0	0	0	0	0	0	0	0	0	0	0	2004	0
FFQ	112	0	0	0	0	0	0	0	0	0	0	0	0	0	0	0	0	0	0	0	0	0	0	0	0	0	0	0	0	0	0	2004	0
FFQ	113	0	0	0	0	0	0	0	0	0	0	0	0	0	0	0	0	0	0	0	0	0	0	0	0	0	0	0	0	0	0	2004	0
FFQ	114	0	0	0	0	0	0	0	0	0	0	0	0	0	0	0	0	0	0	0	0	0	0	0	0	0	0	0	0	0	0	2004	0
FFQ	115	0	0	0	0	0	0	0	0	0	0	0	0	0	0	0	0	0	0	0	0	0	0	0	0	0	0	0	0	0	0	2004	0
FFQ	116	0	0	0	0	0	0	0	0	0	0	0	0	0	0	0	0	0	0	0	0	0	0	0	0	0	0	0	0	0	0	2004	0
FFQ	117	0	0	0	0	0	0	0	0	0	0	0	0	0	0	0	0	0	0	0	0	0	0	0	0	0	0	0	0	0	0	2004	0
FFQ	118	0	0	0	0	0	0	0	0	0	0	0	0	0	0	0	0	0	0	0	0	0	0	0	0	0	0	0	0	0	0	2004	0
FFQ	119	0	0	0	0	0	0	0	0	0	0	0	0	0	0	0	0	0	0	0	0	0	0	0	0	0	0	0	0	0	0	2004	0
FFQ	120	0	0	0	0	0	0	0	0	0	0	0	0	0	0	0	0	0	0	0	0	0	0	0	0	0	0	0	0	0	0	2004	0
FFQ	121	0	0	0	0	0	0	0	0	0	0	0	0	0	0	0	0	0	0	0	0	0	0	0	0	0	0	0	0	0	0	2004	0
FFQ	122	0	0	0	0	0	0	0	0	0	0	0	0	0	0	0	0	0	0	0	0	0	0	0	0	0	0	0	0	0	0	2004	0
FFQ	123	0	0	0	0	0	0	0	0	0	0	0	0	0	0	0	0	0	0	0	0	0	0	0	0	0	0	0	0	0	0	2004	0
FFQ	124	0	0	0	0	0	0	0	0	0	0	0	0	0	0	0	0	0	0	0	0	0	0	0	0	0	0	0	0	0	0	2004	0
FFQ	125	0	0	0	0	0	0	0	0	0	0	0	0	0	0	0	0	0	0	0	0	0	0	0	0	0	0	0	0	0	0	2004	0
FFQ	126	0	0	0	0	0	0	0	0	0	0	0	0	0	0	0	0	0	0	0	0	0	0	0	0	0	0	0	0	0	0	2004	0
FFQ	127	0	0	0	0	0	0	0	0	0	0	0	0	0	0	0	0	0	0	0	0	0	0	0	0	0	0	0	0	0	0	2004	0
FFQ	128	0	0	0	0	0	0	0	0	0	0	0	0	0	0	0	0	0	0	0	0	0	0	0	0	0	0	0	0	0	0	2004	0
FFQ	129	0	0	0	0	0	0	0	0	0	0	0	0	0	0	0	0	0	0	0	0	0	0	0	0	0	0	0	0	0	0	2004	0
FFQ	130	0	0	0	0	0	0	0	0	0	0	0	0	0	0	0	0	0	0	0	0	0	0	0	0	0	0	0	0	0	0	2004	0
FFQ	131	0	0	0	0	0	0	0	0	0	0	0	0	0	0	0	0	0	0	0	0	0	0	0	0	0	0	0	0	0	0	2004	0
FFQ	132	0	0	0	0	0	0	0	0	0	0	0	0	0	0	0	0	0	0	0	0	0	0	0	0	0	0	0	0	0	0	2004	0
FFQ	133	0	0	0	0	0	0	0	0	0	0	0	0	0	0	0	0	0	0	0	0	0	0	0	0	0	0	0	0	0	0	2004	0
FFQ	134	0	0	0	0	0	0	0	0	0	0	0	0	0	0	0	0	0	0	0	0	0	0	0	0	0	0	0	0	0	0	2004	0
FFQ	135	0	0	0	0	0	0	0	0	0	0	0	0	0	0	0	0	0	0	0	0	0	0	0	0	0	0	0	0	0	0	2004	0
FFQ	136	0	0	0	0	0	0	0	0	0	0	0	0	0	0	0	0	0	0	0	0	0	0	0	0	0	0	0	0	0	0	2004	0
FFQ	137	0	0	0	0	0	0	0	0	0	0	0	0	0	0	0	0	0	0	0	0	0	0	0	0	0	0	0	0	0	0	2004	0
FFQ	138	0	0	0	0	0	0	0	0	0	0	0	0	0	0	0	0	0	0	0	0	0	0	0	0	0	0	0	0	0	0	2004	0
FFQ	139	0	0	0	0	0	0	0	0	0	0	0	0	0	0	0	0	0	0	0	0	0	0	0	0	0	0	0	0	0	0	2004	0
FFQ	140	0	0	0	0	0	0	0	0	0	0	0	0	0	0	0	0	0	0	0	0	0	0	0	0	0	0	0	0	0	0	2004	0
FFQ	141	0	0	0	0	0	0	0	0	0	0	0	0	0	0	0	0	0	0	0	0	0	0	0	0	0	0	0	0	0	0	2004	0
FFQ	142	0	0	0	0	0	0	0	0	0	0	0	0	0	0	0	0	0	0	0	0	0	0	0	0	0	0	0	0	0	0	2004	0
FFQ	143	0	0	0	0	0	0	0	0	0	0	0	0	0	0	0	0	0	0	0	0	0	0	0	0	0	0	0	0	0	0	2004	0
FFQ	144	0	0	0	0	0	0	0	0	0	0	0	0	0	0	0	0	0	0	0	0	0	0	0	0	0	0	0	0	0	0	2004	0
FFQ	145	0	0	0	0	0	0	0	0	0	0	0	0	0	0	0	0	0	0	0	0	0	0	0	0	0	0	0	0	0	0	2004	0
FFQ	146	0	0	0	0	0	0	0	0	0	0	0	0	0	0	0	0	0	0	0	0	0	0	0	0	0	0	0	0	0	0	2004	0
FFQ	147	0	0	0	0	0	0	0	0	0	0	0	0	0	0	0	0	0	0	0	0	0	0	0	0	0	0	0	0	0	0	2004	0
FFQ	148	0	0	0	0	0	0	0	0	0	0	0	0	0	0	0	0	0	0	0	0	0	0	0	0	0	0	0	0	0	0	2004	0
FFQ	149	0	0	0	0	0	0	0	0	0	0	0	0	0	0	0	0	0	0	0	0	0	0	0	0	0	0	0	0	0	0	2003	0
FFQ	150	0	0	0	0	0	0	0	0	0	0	0	0	0	0	0	0	0	0	0	0	0	0	0	0	0	0	0	0	0	0	2003	0
# Last Fragment Qualities. Use `grep ^LFQ | cut -f 2-` to extract this part.
# Columns correspond to qualities and rows to cycles. First column is the cycle number.
LFQ	1	0	0	0	0	0	0	0	0	0	0	0	0	0	0	0	0	0	0	0	0	0	0	0	0	0	0	0	0	0	0	2004	0
LFQ	2	0	0	0	0	0	0	0	0	0	0	0	0	0	0	0	0	0	0	0	0	0	0	0	0	0	0	0	0	0	0	2004	0
LFQ	3	0	0	0	0	0	0	0	0	0	0	0	0	0	0	0	0	0	0	0	0	0	0	0	0	0	0	0	0	0	0	2004	0
LFQ	4	0	0	0	0	0	0	0	0	0	0	0	0	0	0	0	0	0	0	0	0	0	0	0	0	0	0	0	0	0	0	2004	0
LFQ	5	0	0	0	0	0	0	0	0	0	0	0	0	0	0	0	0	0	0	0	0	0	0	0	0	0	0	0	0	0	0	2004	0
LFQ	6	0	0	0	0	0	0	0	0	0	0	0	0	0	0	0	0	0	0	0	0	0	0	0	0	0	0	0	0	0	0	2004	0
LFQ	7	0	0	0	0	0	0	0	0	0	0	0	0	0	0	0	0	0	0	0	0	0	0	0	0	0	0	0	0	0	0	2004	0
LFQ	8	0	0	0	0	0	0	0	0	0	0	0	0	0	0	0	0	0	0	0	0	0	0	0	0	0	0	0	0	0	0	2004	0
LFQ	9	0	0	0	0	0	0	0	0	0	0	0	0	0	0	0	0	0	0	0	0	0	0	0	0	0	0	0	0	0	0	2004	0
LFQ	10	0	0	0	0	0	0	0	0	0	0	0	0	0	0	0	0	0	0	0	0	0	0	0	0	0	0	0	0	0	0	2004	0
LFQ	11	0	0	0	0	0	0	0	0	0	0	0	0	0	0	0	0	0	0	0	0	0	0	0	0	0	0	0	0	0	0	2004	0
LFQ	12	0	0	0	0	0	0	0	0	0	0	0	0	0	0	0	0	0	0	0	0	0	0	0	0	0	0	0	0	0	0	2004	0
LFQ	13	0	0	0	0	0	0	0	0	0	0	0	0	0	0	0	0	0	0	0	0	0	0	0	0	0	0	0	0	0	0	2004	0
LFQ	14	0	0	0	0	0	0	0	0	0	0	0	0	0	0	0	0	0	0	0	0	0	0	0	0	0	0	0	0	0	0	2004	0
LFQ	15	0	0	0	0	0	0	0	0	0	0	0	0	0	0	0	0	0	0	0	0	0	0	0	0	0	0	0	0	0	0	2004	0
LFQ	16	0	0	0	0	0	0	0	0	0	0	0	0	0	0	0	0	0	0	0	0	0	0	0	0	0	0	0	0	0	0	2004	0
LFQ	17	0	0	0	0	0	0	0	0	0	0	0	0	0	0	0	0	0	0	0	0	0	0	0	0	0	0	0	0	0	0	2004	0
LFQ	18	0	0	0	0	0	0	0	0	0	0	0	0	0	0	0	0	0	0	0	0	0	0	0	0	0	0	0	0	0	0	2004	0
LFQ	19	0	0	0	0	0	0	0	0	0	0	0	0	0	0	0	0	0	0	0	0	0	0	0	0	0	0	0	0	0	0	2004	0
LFQ	20	0	0	0	0	0	0	0	0	0	0	0	0	0	0	0	0	0	0	0	0	0	0	0	0	0	0	0	0	0	0	2004	0
LFQ	21	0	0	0	0	0	0	0	0	0	0	0	0	0	0	0	0	0	0	0	0	0	0	0	0	0	0	0	0	0	0	2004	0
LFQ	22	0	0	0	0	0	0	0	0	0	0	0	0	0	0	0	0	0	0	0	0	0	0	0	0	0	0	0	0	0	0	2004	0
LFQ	23	0	0	0	0	0	0	0	0	0	0	0	0	0	0	0	0	0	0	0	0	0	0	0	0	0	0	0	0	0	0	2004	0
LFQ	24	0	0	0	0	0	0	0	0	0	0	0	0	0	0	0	0	0	0	0	0	0	0	0	0	0	0	0	0	0	0	2004	0
LFQ	25	0	0	0	0	0	0	0	0	0	0	0	0	0	0	0	0	0	0	0	0	0	0	0	0	0	0	0	0	0	0	2004	0
LFQ	26	0	0	0	0	0	0	0	0	0	0	0	0	0	0	0	0	0	0	0	0	0	0	0	0	0	0	0	0	0	0	2004	0
LFQ	27	0	0	0	0	0	0	0	0	0	0	0	0	0	0	0	0	0	0	0	0	0	0	0	0	0	0	0	0	0	0	2004	0
LFQ	28	0	0	0	0	0	0	0	0	0	0	0	0	0	0	0	0	0	0	0	0	0	0	0	0	0	0	0	0	0	0	2004	0
LFQ	29	0	0	0	0	0	0	0	0	0	0	0	0	0	0	0	0	0	0	0	0	0	0	0	0	0	0	0	0	0	0	2004	0
LFQ	30	0	0	0	0	0	0	0	0	0	0	0	0	0	0	0	0	0	0	0	0	0	0	0	0	0	0	0	0	0	0	2004	0
LFQ	31	0	0	0	0	0	0	0	0	0	0	0	0	0	0	0	0	0	0	0	0	0	0	0	0	0	0	0	0	0	0	2004	0
LFQ	32	0	0	0	0	0	0	0	0	0	0	0	0	0	0	0	0	0	0	0	0	0	0	0	0	0	0	0	0	0	0	2004	0
LFQ	33	0	0	0	0	0	0	0	0	0	0	0	0	0	0	0	0	0	0	0	0	0	0	0	0	0	0	0	0	0	0	2004	0
LFQ	34	0	0	0	0	0	0	0	0	0	0	0	0	0	0	0	0	0	0	0	0	0	0	0	0	0	0	0	0	0	0	2004	0
LFQ	35	0	0	0	0	0	0	0	0	0	0	0	0	0	0	0	0	0	0	0	0	0	0	0	0	0	0	0	0	0	0	2004	0
LFQ	36	0	0	0	0	0	0	0	0	0	0	0	0	0	0	0	0	0	0	0	0	0	0	0	0	0	0	0	0	0	0	2004	0
LFQ	37	0	0	0	0	0	0	0	0	0	0	0	0	0	0	0	0	0	0	0	0	0	0	0	0	0	0	0	0	0	0	2004	0
LFQ	38	0	0	0	0	0	0	0	0	0	0	0	0	0	0	0	0	0	0	0	0	0	0	0	0	0	0	0	0	0	0	2004	0
LFQ	39	0	0	0	0	0	0	0	0	0	0	0	0	0	0	0	0	0	0	0	0	0	0	0	0	0	0	0	0	0	0	2004	0
LFQ	40	0	0	0	0	0	0	0	0	0	0	0	0	0	0	0	0	0	0	0	0	0	0	0	0	0	0	0	0	0	0	2004	0
LFQ	41	0	0	0	0	0	0	0	0	0	0	0	0	0	0	0	0	0	0	0	0	0	0	0	0	0	0	0	0	0	0	2004	0
LFQ	42	0	0	0	0	0	0	0	0	0	0	0	0	0	0	0	0	0	0	0	0	0	0	0	0	0	0	0	0	0	0	2004	0
LFQ	43	0	0	0	0	0	0	0	0	0	0	0	0	0	0	0	0	0	0	0	0	0	0	0	0	0	0	0	0	0	0	2004	0
LFQ	44	0	0	0	0	0	0	0	0	0	0	0	0	0	0	0	0	0	0	0	0	0	0	0	0	0	0	0	0	0	0	2004	0
LFQ	45	0	0	0	0	0	0	0	0	0	0	0	0	0	0	0	0	0	0	0	0	0	0	0	0	0	0	0	0	0	0	2004	0
LFQ	46	0	0	0	0	0	0	0	0	0	0	0	0	0	0	0	0	0	0	0	0	0	0	0	0	0	0	0	0	0	0	2004	0
LFQ	47	0	0	0	0	0	0	0	0	0	0	0	0	0	0	0	0	0	0	0	0	0	0	0	0	0	0	0	0	0	0	2004	0
LFQ	48	0	0	0	0	0	0	0	0	0	0	0	0	0	0	0	0	0	0	0	0	0	0	0	0	0	0	0	0	0	0	2004	0
LFQ	49	0	0	0	0	0	0	0	0	0	0	0	0	0	0	0	0	0	0	0	0	0	0	0	0	0	0	0	0	0	0	2004	0
LFQ	50	0	0	0	0	0	0	0	0	0	0	0	0	0	0	0	0	0	0	0	0	0	0	0	0	0	0	0	0	0	0	2004	0
LFQ	51	0	0	0	0	0	0	0	0	0	0	0	0	0	0	0	0	0	0	0	0	0	0	0	0	0	0	0	0	0	0	2004	0
LFQ	52	0	0	0	0	0	0	0	0	0	0	0	0	0	0	0	0	0	0	0	0	0	0	0	0	0	0	0	0	0	0	2004	0
LFQ	53	0	0	0	0	0	0	0	0	0	0	0	0	0	0	0	0	0	0	0	0	0	0	0	0	0	0	0	0	0	0	2004	0
LFQ	54	0	0	0	0	0	0	0	0	0	0	0	0	0	0	0	0	0	0	0	0	0	0	0	0	0	0	0	0	0	0	2004	0
LFQ	55	0	0	0	0	0	0	0	0	0	0	0	0	0	0	0	0	0	0	0	0	0	0	0	0	0	0	0	0	0	0	2004	0
LFQ	56	0	0	0	0	0	0	0	0	0	0	0	0	0	0	0	0	0	0	0	0	0	0	0	0	0	0	0	0	0	0	2004	0
LFQ	57	0	0	0	0	0	0	0	0	0	0	0	0	0	0	0	0	0	0	0	0	0	0	0	0	0	0	0	0	0	0	2004	0
LFQ	58	0	0	0	0	0	0	0	0	0	0	0	0	0	0	0	0	0	0	0	0	0	0	0	0	0	0	0	0	0	0	2004	0
LFQ	59	0	0	0	0	0	0	0	0	0	0	0	0	0	0	0	0	0	0	0	0	0	0	0	0	0	0	0	0	0	0	2004	0
LFQ	60	0	0	0	0	0	0	0	0	0	0	0	0	0	0	0	0	0	0	0	0	0	0	0	0	0	0	0	0	0	0	2004	0
LFQ	61	0	0	0	0	0	0	0	0	0	0	0	0	0	0	0	0	0	0	0	0	0	0	0	0	0	0	0	0	0	0	2004	0
LFQ	62	0	0	0	0	0	0	0	0	0	0	0	0	0	0	0	0	0	0	0	0	0	0	0	0	0	0	0	0	0	0	2004	0
LFQ	63	0	0	0	0	0	0	0	0	0	0	0	0	0	0	0	0	0	0	0	0	0	0	0	0	0	0	0	0	0	0	2004	0
LFQ	64	0	0	0	0	0	0	0	0	0	0	0	0	0	0	0	0	0	0	0	0	0	0	0	0	0	0	0	0	0	0	2004	0
LFQ	65	0	0	0	0	0	0	0	0	0	0	0	0	0	0	0	0	0	0	0	0	0	0	0	0	0	0	0	0	0	0	2004	0
LFQ	66	0	0	0	0	0	0	0	0	0	0	0	0	0	0	0	0	0	0	0	0	0	0	0	0	0	0	0	0	0	0	2004	0
LFQ	67	0	0	0	0	0	0	0	0	0	0	0	0	0	0	0	0	0	0	0	0	0	0	0	0	0	0	0	0	0	0	2004	0
LFQ	68	0	0	0	0	0	0	0	0	0	0	0	0	0	0	0	0	0	0	0	0	0	0	0	0	0	0	0	0	0	0	2004	0
LFQ	69	0	0	0	0	0	0	0	0	0	0	0	0	0	0	0	0	0	0	0	0	0	0	0	0	0	0	0	0	0	0	2004	0
LFQ	70	0	0	0	0	0	0	0	0	0	0	0	0	0	0	0	0	0	0	0	0	0	0	0	0	0	0	0	0	0	0	2004	0
LFQ	71	0	0	0	0	0	0	0	0	0	0	0	0	0	0	0	0	0	0	0	0	0	0	0	0	0	0	0	0	0	0	2004	0
LFQ	72	0	0	0	0	0	0	0	0	0	0	0	0	0	0	0	0	0	0	0	0	0	0	0	0	0	0	0	0	0	0	2004	0
LFQ	73	0	0	0	0	0	0	0	0	0	0	0	0	0	0	0	0	0	0	0	0	0	0	0	0	0	0	0	0	0	0	2004	0
LFQ	74	0	0	0	0	0	0	0	0	0	0	0	0	0	0	0	0	0	0	0	0	0	0	0	0	0	0	0	0	0	0	2004	0
LFQ	75	0	0	0	0	0	0	0	0	0	0	0	0	0	0	0	0	0	0	0	0	0	0	0	0	0	0	0	0	0	0	2004	0
LFQ	76	0	0	0	0	0	0	0	0	0	0	0	0	0	0	0	0	0	0	0	0	0	0	0	0	0	0	0	0	0	0	2004	0
LFQ	77	0	0	0	0	0	0	0	0	0	0	0	0	0	0	0	0	0	0	0	0	0	0	0	0	0	0	0	0	0	0	2004	0
LFQ	78	0	0	0	0	0	0	0	0	0	0	0	0	0	0	0	0	0	0	0	0	0	0	0	0	0	0	0	0	0	0	2004	0
LFQ	79	0	0	0	0	0	0	0	0	0	0	0	0	0	0	0	0	0	0	0	0	0	0	0	0	0	0	0	0	0	0	2004	0
LFQ	80	0	0	0	0	0	0	0	0	0	0	0	0	0	0	0	0	0	0	0	0	0	0	0	0	0	0	0	0	0	0	2004	0
LFQ	81	0	0	0	0	0	0	0	0	0	0	0	0	0	0	0	0	0	0	0	0	0	0	0	0	0	0	0	0	0	0	2004	0
LFQ	82	0	0	0	0	0	0	0	0	0	0	0	0	0	0	0	0	0	0	0	0	0	0	0	0	0	0	0	0	0	0	2004	0
LFQ	83	0	0	0	0	0	0	0	0	0	0	0	0	0	0	0	0	0	0	0	0	0	0	0	0	0	0	0	0	0	0	2004	0
LFQ	84	0	0	0	0	0	0	0	0	0	0	0	0	0	0	0	0	0	0	0	0	0	0	0	0	0	0	0	0	0	0	2004	0
LFQ	85	0	0	0	0	0	0	0	0	0	0	0	0	0	0	0	0	0	0	0	0	0	0	0	0	0	0	0	0	0	0	2004	0
LFQ	86	0	0	0	0	0	0	0	0	0	0	0	0	0	0	0	0	0	0	0	0	0	0	0	0	0	0	0	0	0	0	2004	0
LFQ	87	0	0	0	0	0	0	0	0	0	0	0	0	0	0	0	0	0	0	0	0	0	0	0	0	0	0	0	0	0	0	2004	0
LFQ	88	0	0	0	0	0	0	0	0	0	0	0	0	0	0	0	0	0	0	0	0	0	0	0	0	0	0	0	0	0	0	2004	0
LFQ	89	0	0	0	0	0	0	0	0	0	0	0	0	0	0	0	0	0	0	0	0	0	0	0	0	0	0	0	0	0	0	2004	0
LFQ	90	0	0	0	0	0	0	0	0	0	0	0	0	0	0	0	0	0	0	0	0	0	0	0	0	0	0	0	0	0	0	2004	0
LFQ	91	0	0	0	0	0	0	0	0	0	0	0	0	0	0	0	0	0	0	0	0	0	0	0	0	0	0	0	0	0	0	2004	0
LFQ	92	0	0	0	0	0	0	0	0	0	0	0	0	0	0	0	0	0	0	0	0	0	0	0	0	0	0	0	0	0	0	2004	0
LFQ	93	0	0	0	0	0	0	0	0	0	0	0	0	0	0	0	0	0	0	0	0	0	0	0	0	0	0	0	0	0	0	2004	0
LFQ	94	0	0	0	0	0	0	0	0	0	0	0	0	0	0	0	0	0	0	0	0	0	0	0	0	0	0	0	0	0	0	2004	0
LFQ	95	0	0	0	0	0	0	0	0	0	0	0	0	0	0	0	0	0	0	0	0	0	0	0	0	0	0	0	0	0	0	2004	0
LFQ	96	0	0	0	0	0	0	0	0	0	0	0	0	0	0	0	0	0	0	0	0	0	0	0	0	0	0	0	0	0	0	2004	0
LFQ	97	0	0	0	0	0	0	0	0	0	0	0	0	0	0	0	0	0	0	0	0	0	0	0	0	0	0	0	0	0	0	2004	0
LFQ	98	0	0	0	0	0	0	0	0	0	0	0	0	0	0	0	0	0	0	0	0	0	0	0	0	0	0	0	0	0	0	2004	0
LFQ	99	0	0	0	0	0	0	0	0	0	0	0	0	0	0	0	0	0	0	0	0	0	0	0	0	0	0	0	0	0	0	2004	0
LFQ	100	0	0	0	0	0	0	0	0	0	0	0	0	0	0	0	0	0	0	0	0	0	0	0	0	0	0	0	0	0	0	2004	0
LFQ	101	0	0	0	0	0	0	0	0	0	0	0	0	0	0	0	0	0	0	0	0	0	0	0	0	0	0	0	0	0	0	2004	0
LFQ	102	0	0	0	0	0	0	0	0	0	0	0	0	0	0	0	0	0	0	0	0	0	0	0	0	0	0	0	0	0	0	2004	0
LFQ	103	0	0	0	0	0	0	0	0	0	0	0	0	0	0	0	0	0	0	0	0	0	0	0	0	0	0	0	0	0	0	2004	0
LFQ	104	0	0	0	0	0	0	0	0	0	0	0	0	0	0	0	0	0	0	0	0	0	0	0	0	0	0	0	0	0	0	2004	0
LFQ	105	0	0	0	0	0	0	0	0	0	0	0	0	0	0	0	0	0	0	0	0	0	0	0	0	0	0	0	0	0	0	2004	0
LFQ	106	0	0	0	0	0	0	0	0	0	0	0	0	0	0	0	0	0	0	0	0	0	0	0	0	0	0	0	0	0	0	2004	0
LFQ	107	0	0	0	0	0	0	0	0	0	0	0	0	0	0	0	0	0	0	0	0	0	0	0	0	0	0	0	0	0	0	2004	0
LFQ	108	0	0	0	0	0	0	0	0	0	0	0	0	0	0	0	0	0	0	0	0	0	0	0	0	0	0	0	0	0	0	2004	0
LFQ	109	0	0	0	0	0	0	0	0	0	0	0	0	0	0	0	0	0	0	0	0	0	0	0	0	0	0	0	0	0	0	2004	0
LFQ	110	0	0	0	0	0	0	0	0	0	0	0	0	0	0	0	0	0	0	0	0	0	0	0	0	0	0	0	0	0	0	2004	0
LFQ	111	0	0	0	0	0	0	0	0	0	0	0	0	0	0	0	0	0	0	0	0	0	0	0	0	0	0	0	0	0	0	2004	0
LFQ	112	0	0	0	0	0	0	0	0	0	0	0	0	0	0	0	0	0	0	0	0	0	0	0	0	0	0	0	0	0	0	2004	0
LFQ	113	0	0	0	0	0	0	0	0	0	0	0	0	0	0	0	0	0	0	0	0	0	0	0	0	0	0	0	0	0	0	2004	0
LFQ	114	0	0	0	0	0	0	0	0	0	0	0	0	0	0	0	0	0	0	0	0	0	0	0	0	0	0	0	0	0	0	2004	0
LFQ	115	0	0	0	0	0	0	0	0	0	0	0	0	0	0	0	0	0	0	0	0	0	0	0	0	0	0	0	0	0	0	2004	0
LFQ	116	0	0	0	0	0	0	0	0	0	0	0	0	0	0	0	0	0	0	0	0	0	0	0	0	0	0	0	0	0	0	2004	0
LFQ	117	0	0	0	0	0	0	0	0	0	0	0	0	0	0	0	0	0	0	0	0	0	0	0	0	0	0	0	0	0	0	2004	0
LFQ	118	0	0	0	0	0	0	0	0	0	0	0	0	0	0	0	0	0	0	0	0	0	0	0	0	0	0	0	0	0	0	2004	0
LFQ	119	0	0	0	0	0	0	0	0	0	0	0	0	0	0	0	0	0	0	0	0	0	0	0	0	0	0	0	0	0	0	2004	0
LFQ	120	0	0	0	0	0	0	0	0	0	0	0	0	0	0	0	0	0	0	0	0	0	0	0	0	0	0	0	0	0	0	2004	0
LFQ	121	0	0	0	0	0	0	0	0	0	0	0	0	0	0	0	0	0	0	0	0	0	0	0	0	0	0	0	0	0	0	2004	0
LFQ	122	0	0	0	0	0	0	0	0	0	0	0	0	0	0	0	0	0	0	0	0	0	0	0	0	0	0	0	0	0	0	2004	0
LFQ	123	0	0	0	0	0	0	0	0	0	0	0	0	0	0	0	0	0	0	0	0	0	0	0	0	0	0	0	0	0	0	2004	0
LFQ	124	0	0	0	0	0	0	0	0	0	0	0	0	0	0	0	0	0	0	0	0	0	0	0	0	0	0	0	0	0	0	2004	0
LFQ	125	0	0	0	0	0	0	0	0	0	0	0	0	0	0	0	0	0	0	0	0	0	0	0	0	0	0	0	0	0	0	2004	0
LFQ	126	0	0	0	0	0	0	0	0	0	0	0	0	0	0	0	0	0	0	0	0	0	0	0	0	0	0	0	0	0	0	2004	0
LFQ	127	0	0	0	0	0	0	0	0	0	0	0	0	0	0	0	0	0	0	0	0	0	0	0	0	0	0	0	0	0	0	2004	0
LFQ	128	0	0	0	0	0	0	0	0	0	0	0	0	0	0	0	0	0	0	0	0	0	0	0	0	0	0	0	0	0	0	2004	0
LFQ	129	0	0	0	0	0	0	0	0	0	0	0	0	0	0	0	0	0	0	0	0	0	0	0	0	0	0	0	0	0	0	2004	0
LFQ	130	0	0	0	0	0	0	0	0	0	0	0	0	0	0	0	0	0	0	0	0	0	0	0	0	0	0	0	0	0	0	2004	0
LFQ	131	0	0	0	0	0	0	0	0	0	0	0	0	0	0	0	0	0	0	0	0	0	0	0	0	0	0	0	0	0	0	2004	0
LFQ	132	0	0	0	0	0	0	0	0	0	0	0	0	0	0	0	0	0	0	0	0	0	0	0	0	0	0	0	0	0	0	2004	0
LFQ	133	0	0	0	0	0	0	0	0	0	0	0	0	0	0	0	0	0	0	0	0	0	0	0	0	0	0	0	0	0	0	2004	0
LFQ	134	0	0	0	0	0	0	0	0	0	0	0	0	0	0	0	0	0	0	0	0	0	0	0	0	0	0	0	0	0	0	2004	0
LFQ	135	0	0	0	0	0	0	0	0	0	0	0	0	0	0	0	0	0	0	0	0	0	0	0	0	0	0	0	0	0	0	2004	0
LFQ	136	0	0	0	0	0	0	0	0	0	0	0	0	0	0	0	0	0	0	0	0	0	0	0	0	0	0	0	0	0	0	2004	0
LFQ	137	0	0	0	0	0	0	0	0	0	0	0	0	0	0	0	0	0	0	0	0	0	0	0	0	0	0	0	0	0	0	2004	0
LFQ	138	0	0	0	0	0	0	0	0	0	0	0	0	0	0	0	0	0	0	0	0	0	0	0	0	0	0	0	0	0	0	2004	0
LFQ	139	0	0	0	0	0	0	0	0	0	0	0	0	0	0	0	0	0	0	0	0	0	0	0	0	0	0	0	0	0	0	2004	0
LFQ	140	0	0	0	0	0	0	0	0	0	0	0	0	0	0	0	0	0	0	0	0	0	0	0	0	0	0	0	0	0	0	2004	0
LFQ	141	0	0	0	0	0	0	0	0	0	0	0	0	0	0	0	0	0	0	0	0	0	0	0	0	0	0	0	0	0	0	2004	0
LFQ	142	0	0	0	0	0	0	0	0	0	0	0	0	0	0	0	0	0	0	0	0	0	0	0	0	0	0	0	0	0	0	2004	0
LFQ	143	0	0	0	0	0	0	0	0	0	0	0	0	0	0	0	0	0	0	0	0	0	0	0	0	0	0	0	0	0	0	2004	0
LFQ	144	0	0	0	0	0	0	0	0	0	0	0	0	0	0	0	0	0	0	0	0	0	0	0	0	0	0	0	0	0	0	2004	0
LFQ	145	0	0	0	0	0	0	0	0	0	0	0	0	0	0	0	0	0	0	0	0	0	0	0	0	0	0	0	0	0	0	2004	0
LFQ	146	0	0	0	0	0	0	0	0	0	0	0	0	0	0	0	0	0	0	0	0	0	0	0	0	0	0	0	0	0	0	2004	0
LFQ	147	0	0	0	0	0	0	0	0	0	0	0	0	0	0	0	0	0	0	0	0	0	0	0	0	0	0	0	0	0	0	2004	0
LFQ	148	0	0	0	0	0	0	0	0	0	0	0	0	0	0	0	0	0	0	0	0	0	0	0	0	0	0	0	0	0	0	2004	0
LFQ	149	0	0	0	0	0	0	0	0	0	0	0	0	0	0	0	0	0	0	0	0	0	0	0	0	0	0	0	0	0	0	2004	0
LFQ	150	0	0	0	0	0	0	0	0	0	0	0	0	0	0	0	0	0	0	0	0	0	0	0	0	0	0	0	0	0	0	2004	0
# GC Content of first fragments. Use `grep ^GCF | cut -f 2-` to extract this part.
GCF	3.27	0
GCF	7.04	1
GCF	10.30	0
GCF	13.32	1
GCF	14.07	0
GCF	14.82	1
GCF	16.33	0
GCF	18.34	1
GCF	20.35	2
GCF	22.11	4
GCF	22.86	8
GCF	23.37	15
GCF	24.12	8
GCF	24.87	9
GCF	25.88	16
GCF	26.88	26
GCF	27.39	27
GCF	28.14	24
GCF	28.89	23
GCF	30.15	32
GCF	31.41	35
GCF	32.16	42
GCF	32.91	48
GCF	33.42	60
GCF	33.92	61
GCF	34.67	76
GCF	35.43	70
GCF	35.93	88
GCF	36.68	97
GCF	37.44	81
GCF	37.94	84
GCF	38.69	60
GCF	39.45	65
GCF	39.95	81
GCF	40.70	69
GCF	41.46	61
GCF	41.96	57
GCF	42.71	50
GCF	43.47	58
GCF	44.47	43
GCF	45.48	51
GCF	45.98	44
GCF	46.73	43
GCF	47.49	35
GCF	47.99	36
GCF	48.74	35
GCF	49.50	21
GCF	50.00	12
GCF	50.75	11
GCF	51.51	9
GCF	52.01	16
GCF	52.76	12
GCF	53.77	8
GCF	54.77	9
GCF	55.53	5
GCF	56.03	6
GCF	56.78	3
GCF	57.54	9
GCF	58.04	2
GCF	58.79	3
GCF	59.55	0
GCF	60.05	5
GCF	60.80	0
GCF	61.56	2
GCF	62.06	1
GCF	65.58	0
GCF	69.35	2
GCF	70.10	1
# GC Content of last fragments. Use `grep ^GCL | cut -f 2-` to extract this part.
GCL	5.53	0
GCL	11.31	1
GCL	14.32	0
GCL	17.84	2
GCL	18.84	0
GCL	19.35	4
GCL	20.10	1
GCL	20.85	2
GCL	21.36	0
GCL	22.11	4
GCL	22.86	3
GCL	23.37	16
GCL	24.12	9
GCL	24.87	13
GCL	25.38	12
GCL	26.13	21
GCL	26.88	22
GCL	27.39	23
GCL	28.14	24
GCL	28.89	31
GCL	29.40	30
GCL	30.15	38
GCL	30.90	36
GCL	31.41	43
GCL	32.16	56
GCL	32.91	54
GCL	33.42	58
GCL	33.92	65
GCL	34.67	77
GCL	35.43	71
GCL	35.93	74
GCL	36.68	86
GCL	37.44	66
GCL	37.94	74
GCL	38.69	72
GCL	39.45	92
GCL	39.95	67
GCL	40.70	58
GCL	41.46	64
GCL	42.46	53
GCL	43.47	42
GCL	43.97	44
GCL	44.72	37
GCL	45.48	56
GCL	46.48	49
GCL	47.49	42
GCL	47.99	30
GCL	48.74	23
GCL	49.50	21
GCL	50.00	26
GCL	50.75	12
GCL	51.51	10
GCL	52.01	9
GCL	52.76	16
GCL	53.52	8
GCL	54.02	14
GCL	54.77	2
GCL	55.53	5
GCL	56.03	4
GCL	56.78	7
GCL	57.54	3
GCL	58.04	6
GCL	58.79	1
GCL	59.55	3
GCL	60.55	0
GCL	61.81	1
GCL	63.07	0
GCL	64.57	1
GCL	65.58	0
GCL	66.08	1
GCL	66.58	0
GCL	67.59	1
GCL	69.35	0
GCL	70.60	1
# ACGT content per cycle. Use `grep ^GCC | cut -f 2-` to extract this part. The columns are: cycle; A,C,G,T base counts as a percentage of all A/C/G/T bases [%]; and N and O counts as a percentage of all A/C/G/T bases [%]
GCC	1	30.49	19.84	18.59	31.09	0.00	0.00
GCC	2	31.86	19.29	19.01	29.84	0.00	0.00
GCC	3	31.54	19.04	19.11	30.31	0.00	0.00
GCC	4	31.26	18.46	20.01	30.26	0.00	0.00
GCC	5	31.21	18.61	19.79	30.39	0.00	0.00
GCC	6	30.36	19.24	18.71	31.69	0.00	0.00
GCC	7	30.59	19.79	19.16	30.46	0.00	0.00
GCC	8	31.09	20.18	18.79	29.94	0.00	0.00
GCC	9	29.62	19.51	19.86	31.01	0.00	0.00
GCC	10	30.51	18.74	19.54	31.21	0.00	0.00
GCC	11	30.44	19.69	17.96	31.91	0.00	0.00
GCC	12	30.86	18.64	18.11	32.39	0.00	0.00
GCC	13	31.06	19.29	19.79	29.87	0.00	0.00
GCC	14	30.49	19.64	19.16	30.71	0.00	0.00
GCC	15	31.54	19.09	18.31	31.06	0.00	0.00
GCC	16	30.36	19.81	19.16	30.66	0.00	0.00
GCC	17	30.31	19.74	19.31	30.64	0.00	0.00
GCC	18	30.49	19.39	19.14	30.99	0.00	0.00
GCC	19	32.06	19.16	18.91	29.87	0.00	0.00
GCC	20	30.61	19.84	18.29	31.26	0.00	0.00
GCC	21	29.39	19.49	19.11	32.01	0.00	0.00
GCC	22	30.26	19.81	19.26	30.66	0.00	0.00
GCC	23	30.39	20.66	18.76	30.19	0.00	0.00
GCC	24	31.09	19.29	18.16	31.46	0.00	0.00
GCC	25	31.79	19.79	17.94	30.49	0.00	0.00
GCC	26	30.51	19.34	19.26	30.89	0.00	0.00
GCC	27	29.37	20.43	19.21	30.99	0.00	0.00
GCC	28	31.54	19.89	18.29	30.29	0.00	0.00
GCC	29	29.92	20.93	18.39	30.76	0.00	0.00
GCC	30	30.26	20.06	20.11	29.57	0.00	0.00
GCC	31	29.82	19.89	19.31	30.99	0.00	0.00
GCC	32	28.84	19.91	19.01	32.24	0.00	0.00
GCC	33	30.76	20.51	18.16	30.56	0.00	0.00
GCC	34	30.54	19.81	18.56	31.09	0.00	0.00
GCC	35	29.99	20.76	18.74	30.51	0.00	0.00
GCC	36	31.91	19.39	17.84	30.86	0.00	0.00
GCC	37	29.79	20.56	18.11	31.54	0.00	0.00
GCC	38	30.14	18.19	19.49	32.19	0.00	0.00
GCC	39	30.81	19.61	18.71	30.86	0.00	0.00
GCC	40	31.16	20.23	17.76	30.84	0.00	0.00
GCC	41	30.39	19.24	19.24	31.14	0.00	0.00
GCC	42	31.26	19.36	18.64	30.74	0.00	0.00
GCC	43	30.59	20.13	18.89	30.39	0.00	0.00
GCC	44	29.22	18.91	19.46	32.41	0.00	0.00
GCC	45	30.59	19.86	19.36	30.19	0.00	0.00
GCC	46	30.11	19.96	19.06	30.86	0.00	0.00
GCC	47	29.84	20.36	18.96	30.84	0.00	0.00
GCC	48	30.66	19.04	19.41	30.89	0.00	0.00
GCC	49	30.76	20.16	18.91	30.16	0.00	0.00
GCC	50	31.89	19.24	17.51	31.36	0.00	0.00
GCC	51	29.89	20.63	18.44	31.04	0.00	0.00
GCC	52	31.09	19.36	18.49	31.06	0.00	0.00
GCC	53	29.94	20.13	18.89	31.04	0.00	0.00
GCC	54	29.87	20.13	18.89	31.11	0.00	0.00
GCC	55	30.14	19.56	18.76	31.54	0.00	0.00
GCC	56	30.41	19.74	19.21	30.64	0.00	0.00
GCC	57	30.19	19.61	18.64	31.56	0.00	0.00
GCC	58	30.76	18.76	18.96	31.51	0.00	0.00
GCC	59	30.84	18.61	18.46	32.09	0.00	0.00
GCC	60	30.29	19.59	19.01	31.11	0.00	0.00
GCC	61	29.97	19.69	18.36	31.99	0.00	0.00
GCC	62	28.97	20.81	19.14	31.09	0.00	0.00
GCC	63	30.14	20.31	18.66	30.89	0.00	0.00
GCC	64	31.09	20.03	18.34	30.54	0.00	0.00
GCC	65	30.74	19.39	18.16	31.71	0.00	0.00
GCC	66	30.74	19.94	18.14	31.19	0.00	0.00
GCC	67	30.34	20.21	18.54	30.91	0.00	0.00
GCC	68	31.19	20.36	17.79	30.66	0.00	0.00
GCC	69	30.66	19.06	18.66	31.61	0.00	0.00
GCC	70	30.06	19.41	18.51	32.01	0.00	0.00
GCC	71	30.81	20.51	17.51	31.16	0.00	0.00
GCC	72	30.36	19.34	20.18	30.11	0.00	0.00
GCC	73	31.24	20.86	18.01	29.89	0.00	0.00
GCC	74	30.71	19.59	18.44	31.26	0.00	0.00
GCC	75	31.56	20.08	18.29	30.06	0.00	0.00
GCC	76	29.89	20.86	18.26	30.99	0.00	0.00
GCC	77	29.59	21.01	19.44	29.97	0.00	0.00
GCC	78	30.59	20.08	17.71	31.61	0.00	0.00
GCC	79	29.74	20.13	18.81	31.31	0.00	0.00
GCC	80	30.24	20.33	17.91	31.51	0.00	0.00
GCC	81	30.59	19.99	18.36	31.06	0.00	0.00
GCC	82	30.04	20.98	18.64	30.34	0.00	0.00
GCC	83	31.49	20.68	17.66	30.16	0.00	0.00
GCC	84	30.19	20.53	18.96	30.31	0.00	0.00
GCC	85	29.94	20.41	19.26	30.39	0.00	0.00
GCC	86	31.29	19.86	18.24	30.61	0.00	0.00
GCC	87	32.06	18.76	18.01	31.16	0.00	0.00
GCC	88	32.21	19.89	18.99	28.92	0.00	0.00
GCC	89	31.31	19.61	18.51	30.56	0.00	0.00
GCC	90	30.69	20.56	18.54	30.21	0.00	0.00
GCC	91	30.79	18.74	20.13	30.34	0.00	0.00
GCC	92	31.09	18.79	18.99	31.14	0.00	0.00
GCC	93	30.74	19.39	19.06	30.81	0.00	0.00
GCC	94	30.39	19.06	19.51	31.04	0.00	0.00
GCC	95	29.92	20.11	18.54	31.44	0.00	0.00
GCC	96	30.99	19.96	18.99	30.06	0.00	0.00
GCC	97	30.14	21.08	17.22	31.56	0.00	0.00
GCC	98	31.86	19.79	18.74	29.62	0.00	0.00
GCC	99	30.96	21.03	17.32	30.69	0.00	0.00
GCC	100	31.11	19.99	18.64	30.26	0.00	0.00
GCC	101	30.94	20.08	18.51	30.46	0.00	0.00
GCC	102	31.04	19.96	18.21	30.79	0.00	0.00
GCC	103	30.39	20.53	18.36	30.71	0.00	0.00
GCC	104	29.67	19.14	19.51	31.69	0.00	0.00
GCC	105	30.19	19.91	18.64	31.26	0.00	0.00
GCC	106	29.94	20.16	19.61	30.29	0.00	0.00
GCC	107	31.79	19.59	18.06	30.56	0.00	0.00
GCC	108	30.81	20.51	18.89	29.79	0.00	0.00
GCC	109	30.66	19.59	18.79	30.96	0.00	0.00
GCC	110	31.19	18.84	18.71	31.26	0.00	0.00
GCC	111	30.76	19.29	19.56	30.39	0.00	0.00
GCC	112	30.64	18.64	19.79	30.94	0.00	0.00
GCC	113	30.29	19.91	18.71	31.09	0.00	0.00
GCC	114	30.24	20.63	18.89	30.24	0.00	0.00
GCC	115	31.56	19.19	19.09	30.16	0.00	0.00
GCC	116	30.66	20.28	18.19	30.86	0.00	0.00
GCC	117	30.41	20.26	18.76	30.56	0.00	0.00
GCC	118	31.44	20.01	18.74	29.82	0.00	0.00
GCC	119	30.46	21.38	18.44	29.72	0.00	0.00
GCC	120	31.94	20.06	17.94	30.06	0.00	0.00
GCC	121	31.39	20.26	17.96	30.39	0.00	0.00
GCC	122	31.61	18.91	19.11	30.36	0.00	0.00
GCC	123	30.24	19.59	18.04	32.14	0.00	0.00
GCC	124	31.31	18.59	18.39	31.71	0.00	0.00
GCC	125	30.41	20.38	19.46	29.74	0.00	0.00
GCC	126	31.46	20.13	19.16	29.24	0.00	0.00
GCC	127	31.31	19.51	19.81	29.37	0.00	0.00
GCC	128	30.29	19.56	19.91	30.24	0.00	0.00
GCC	129	29.52	20.78	18.96	30.74	0.00	0.00
GCC	130	30.44	19.26	19.26	31.04	0.00	0.00
GCC	131	31.31	19.99	18.19	30.51	0.00	0.00
GCC	132	30.64	20.51	18.04	30.81	0.00	0.00
GCC	133	30.24	20.63	19.04	30.09	0.00	0.00
GCC	134	29.82	19.96	19.31	30.91	0.00	0.00
GCC	135	32.11	19.61	18.34	29.94	0.00	0.00
GCC	136	30.36	20.83	18.99	29.82	0.00	0.00
GCC	137	31.36	19.71	19.14	29.79	0.00	0.00
GCC	138	30.51	19.99	18.29	31.21	0.00	0.00
GCC	139	30.66	19.01	19.01	31.31	0.00	0.00
GCC	140	31.14	20.58	19.89	28.39	0.00	0.00
GCC	141	31.61	20.06	18.71	29.62	0.00	0.00
GCC	142	31.84	19.69	18.24	30.24	0.00	0.00
GCC	143	31.99	19.21	18.36	30.44	0.00	0.00
GCC	144	32.06	18.69	18.19	31.06	0.00	0.00
GCC	145	32.36	19.09	18.04	30.51	0.00	0.00
GCC	146	32.24	20.18	17.89	29.69	0.00	0.00
GCC	147	30.91	19.66	19.91	29.52	0.00	0.00
GCC	148	32.01	19.66	18.04	30.29	0.00	0.00
GCC	149	30.32	20.61	18.97	30.10	0.00	0.00
GCC	150	30.42	20.51	18.69	30.37	0.00	0.00
# ACGT content per cycle, read oriented. Use `grep ^GCT | cut -f 2-` to extract this part. The columns are: cycle; A,C,G,T base counts as a percentage of all A/C/G/T bases [%]
GCT	1	29.62	18.81	19.61	31.96
GCT	2	31.01	18.94	19.36	30.69
GCT	3	30.14	19.59	18.56	31.71
GCT	4	30.49	19.64	18.84	31.04
GCT	5	30.29	20.13	18.26	31.31
GCT	6	31.56	18.39	19.56	30.49
GCT	7	31.09	19.59	19.36	29.97
GCT	8	30.26	18.51	20.46	30.76
GCT	9	30.41	19.86	19.51	30.21
GCT	10	30.94	18.71	19.56	30.79
GCT	11	31.24	19.04	18.61	31.11
GCT	12	31.04	18.16	18.59	32.21
GCT	13	30.84	19.21	19.86	30.09
GCT	14	31.14	19.99	18.81	30.06
GCT	15	31.61	19.86	17.54	30.99
GCT	16	29.69	19.34	19.64	31.34
GCT	17	30.74	20.11	18.94	30.21
GCT	18	30.61	19.41	19.11	30.86
GCT	19	30.69	17.54	20.53	31.24
GCT	20	30.91	19.39	18.74	30.96
GCT	21	30.54	19.34	19.26	30.86
GCT	22	30.46	19.41	19.66	30.46
GCT	23	30.04	19.51	19.91	30.54
GCT	24	31.11	18.66	18.79	31.44
GCT	25	30.69	18.69	19.04	31.59
GCT	26	30.41	19.14	19.46	30.99
GCT	27	29.74	20.01	19.64	30.61
GCT	28	31.31	18.46	19.71	30.51
GCT	29	29.92	19.69	19.64	30.76
GCT	30	30.46	20.51	19.66	29.37
GCT	31	30.46	19.04	20.16	30.34
GCT	32	29.87	19.44	19.49	31.21
GCT	33	30.89	20.23	18.44	30.44
GCT	34	30.99	18.81	19.56	30.64
GCT	35	30.16	19.84	19.66	30.34
GCT	36	31.56	18.14	19.09	31.21
GCT	37	33.36	18.99	19.69	27.97
GCT	38	31.06	18.76	18.91	31.26
GCT	39	29.94	18.94	19.39	31.74
GCT	40	30.31	19.69	18.31	31.69
GCT	41	31.04	20.03	18.44	30.49
GCT	42	31.61	19.46	18.54	30.39
GCT	43	30.94	20.53	18.49	30.04
GCT	44	30.56	19.16	19.21	31.06
GCT	45	30.96	20.38	18.84	29.82
GCT	46	31.19	19.64	19.39	29.79
GCT	47	29.97	20.43	18.89	30.71
GCT	48	29.79	19.36	19.09	31.76
GCT	49	30.31	19.56	19.51	30.61
GCT	50	31.96	18.51	18.24	31.29
GCT	51	30.71	19.41	19.66	30.21
GCT	52	31.89	18.61	19.24	30.26
GCT	53	31.09	19.54	19.49	29.89
GCT	54	30.59	19.26	19.76	30.39
GCT	55	31.16	18.69	19.64	30.51
GCT	56	29.92	19.64	19.31	31.14
GCT	57	31.34	19.46	18.79	30.41
GCT	58	31.54	19.04	18.69	30.74
GCT	59	31.74	18.31	18.76	31.19
GCT	60	31.59	20.23	18.36	29.82
GCT	61	31.41	18.09	19.96	30.54
GCT	62	29.47	19.91	20.03	30.59
GCT	63	31.06	18.99	19.99	29.97
GCT	64	31.14	19.24	19.14	30.49
GCT	65	32.09	18.94	18.61	30.36
GCT	66	30.99	18.99	19.09	30.94
GCT	67	30.71	19.14	19.61	30.54
GCT	68	32.26	19.79	18.36	29.59
GCT	69	31.41	19.36	18.36	30.86
GCT	70	29.99	19.04	18.89	32.09
GCT	71	30.94	18.84	19.19	31.04
GCT	72	29.89	20.21	19.31	30.59
GCT	73	30.96	19.89	18.99	30.16
GCT	74	31.41	19.84	18.19	30.56
GCT	75	31.54	19.21	19.16	30.09
GCT	76	29.97	20.08	19.04	30.91
GCT	77	29.52	20.13	20.31	30.04
GCT	78	29.94	19.39	18.41	32.26
GCT	79	31.09	19.79	19.16	29.97
GCT	80	31.44	18.59	19.66	30.31
GCT	81	31.04	19.54	18.81	30.61
GCT	82	30.09	19.69	19.94	30.29
GCT	83	31.31	19.51	18.84	30.34
GCT	84	29.42	19.76	19.74	31.09
GCT	85	30.56	19.84	19.84	29.77
GCT	86	30.46	20.43	17.66	31.44
GCT	87	31.04	18.39	18.39	32.19
GCT	88	30.29	20.01	18.86	30.84
GCT	89	31.36	18.06	20.06	30.51
GCT	90	31.49	19.51	19.59	29.42
GCT	91	30.31	20.41	18.46	30.81
GCT	92	30.94	19.94	17.84	31.29
GCT	93	31.69	19.44	19.01	29.87
GCT	94	31.84	18.81	19.76	29.59
GCT	95	31.21	19.76	18.89	30.14
GCT	96	30.76	19.59	19.36	30.29
GCT	97	31.26	19.26	19.04	30.44
GCT	98	31.44	19.41	19.11	30.04
GCT	99	31.34	20.51	17.84	30.31
GCT	100	30.54	19.61	19.01	30.84
GCT	101	30.99	19.59	19.01	30.41
GCT	102	29.79	18.76	19.41	32.04
GCT	103	29.79	18.44	20.46	31.31
GCT	104	30.86	20.28	18.36	30.49
GCT	105	30.34	19.61	18.94	31.11
GCT	106	28.67	20.03	19.74	31.56
GCT	107	33.11	19.26	18.39	29.24
GCT	108	31.76	20.01	19.39	28.84
GCT	109	31.26	19.19	19.19	30.36
GCT	110	31.06	19.46	18.09	31.39
GCT	111	29.89	19.81	19.04	31.26
GCT	112	30.94	19.24	19.19	30.64
GCT	113	30.99	18.96	19.66	30.39
GCT	114	30.71	19.76	19.76	29.77
GCT	115	31.01	19.14	19.14	30.71
GCT	116	30.21	18.14	20.33	31.31
GCT	117	29.64	19.34	19.69	31.34
GCT	118	31.29	19.41	19.34	29.97
GCT	119	30.29	19.01	20.81	29.89
GCT	120	31.59	20.26	17.74	30.41
GCT	121	30.29	18.96	19.26	31.49
GCT	122	30.59	18.99	19.04	31.39
GCT	123	31.11	18.41	19.21	31.26
GCT	124	31.41	18.54	18.44	31.61
GCT	125	29.47	20.33	19.51	30.69
GCT	126	30.56	19.94	19.36	30.14
GCT	127	30.31	20.26	19.06	30.36
GCT	128	30.24	19.31	20.16	30.29
GCT	129	31.11	19.59	20.16	29.14
GCT	130	30.54	19.61	18.91	30.94
GCT	131	29.42	18.44	19.74	32.41
GCT	132	30.89	20.01	18.54	30.56
GCT	133	29.72	19.11	20.56	30.61
GCT	134	30.21	19.46	19.81	30.51
GCT	135	31.31	18.96	18.99	30.74
GCT	136	29.79	20.71	19.11	30.39
GCT	137	31.51	19.01	19.84	29.64
GCT	138	30.84	20.06	18.21	30.89
GCT	139	31.14	20.03	17.99	30.84
GCT	140	29.87	20.26	20.21	29.67
GCT	141	31.14	18.99	19.79	30.09
GCT	142	30.64	19.09	18.84	31.44
GCT	143	31.71	18.44	19.14	30.71
GCT	144	32.51	18.14	18.74	30.61
GCT	145	31.36	18.39	18.74	31.51
GCT	146	30.34	19.09	18.99	31.59
GCT	147	30.14	20.78	18.79	30.29
GCT	148	31.86	19.31	18.39	30.44
GCT	149	29.82	19.72	19.87	30.60
GCT	150	30.20	19.44	19.77	30.60
# ACGT content per cycle for first fragments. Use `grep ^FBC | cut -f 2-` to extract this part. The columns are: cycle; A,C,G,T base counts as a percentage of all A/C/G/T bases [%]; and N and O counts as a percentage of all A/C/G/T bases [%]
FBC	1	30.49	19.31	18.66	31.54	0.00	0.00
FBC	2	30.64	20.01	19.81	29.54	0.00	0.00
FBC	3	31.24	19.01	19.56	30.19	0.00	0.00
FBC	4	31.84	18.91	20.16	29.09	0.00	0.00
FBC	5	32.14	17.96	19.11	30.79	0.00	0.00
FBC	6	30.04	18.51	18.66	32.78	0.00	0.00
FBC	7	31.14	19.76	19.56	29.54	0.00	0.00
FBC	8	33.23	18.61	18.11	30.04	0.00	0.00
FBC	9	31.04	18.61	19.11	31.24	0.00	0.00
FBC	10	31.29	18.46	19.21	31.04	0.00	0.00
FBC	11	30.39	19.86	18.16	31.59	0.00	0.00
FBC	12	30.99	19.26	17.02	32.73	0.00	0.00
FBC	13	31.94	19.16	20.06	28.84	0.00	0.00
FBC	14	30.14	19.06	20.01	30.79	0.00	0.00
FBC	15	31.99	19.06	17.61	31.34	0.00	0.00
FBC	16	31.54	19.61	18.31	30.54	0.00	0.00
FBC	17	30.44	20.01	19.51	30.04	0.00	0.00
FBC	18	28.84	20.91	19.21	31.04	0.00	0.00
FBC	19	33.53	19.16	18.21	29.09	0.00	0.00
FBC	20	30.29	20.06	19.01	30.64	0.00	0.00
FBC	21	29.69	18.26	19.41	32.63	0.00	0.00
FBC	22	29.54	20.76	18.71	30.99	0.00	0.00
FBC	23	30.24	20.61	18.66	30.49	0.00	0.00
FBC	24	29.99	19.71	18.86	31.44	0.00	0.00
FBC	25	32.24	20.21	17.12	30.44	0.00	0.00
FBC	26	29.34	20.56	17.81	32.29	0.00	0.00
FBC	27	29.74	20.86	18.76	30.64	0.00	0.00
FBC	28	31.24	19.86	18.26	30.64	0.00	0.00
FBC	29	30.39	20.46	19.21	29.94	0.00	0.00
FBC	30	31.09	20.51	20.36	28.04	0.00	0.00
FBC	31	30.54	19.31	18.41	31.74	0.00	0.00
FBC	32	28.49	21.11	19.26	31.14	0.00	0.00
FBC	33	29.54	21.51	17.76	31.19	0.00	0.00
FBC	34	30.54	20.26	18.71	30.49	0.00	0.00
FBC	35	30.19	20.06	18.26	31.49	0.00	0.00
FBC	36	32.34	19.71	17.32	30.64	0.00	0.00
FBC	37	30.64	20.31	17.51	31.54	0.00	0.00
FBC	38	30.59	18.36	19.41	31.64	0.00	0.00
FBC	39	30.79	18.96	18.76	31.49	0.00	0.00
FBC	40	31.49	19.61	17.81	31.09	0.00	0.00
FBC	41	29.79	18.56	20.46	31.19	0.00	0.00
FBC	42	30.34	19.41	19.26	30.99	0.00	0.00
FBC	43	29.49	20.26	18.36	31.89	0.00	0.00
FBC	44	29.24	18.76	19.56	32.44	0.00	0.00
FBC	45	29.79	20.81	19.71	29.69	0.00	0.00
FBC	46	29.89	20.21	19.16	30.74	0.00	0.00
FBC	47	29.44	20.96	20.21	29.39	0.00	0.00
FBC	48	30.89	19.01	19.46	30.64	0.00	0.00
FBC	49	29.34	21.36	19.11	30.19	0.00	0.00
FBC	50	31.04	19.11	17.56	32.29	0.00	0.00
FBC	51	30.09	20.81	18.61	30.49	0.00	0.00
FBC	52	30.19	20.16	18.51	31.14	0.00	0.00
FBC	53	30.19	19.16	18.91	31.74	0.00	0.00
FBC	54	29.44	21.26	17.37	31.94	0.00	0.00
FBC	55	28.79	20.01	18.51	32.68	0.00	0.00
FBC	56	29.04	19.51	19.66	31.79	0.00	0.00
FBC	57	30.04	20.61	17.17	32.19	0.00	0.00
FBC	58	30.24	19.36	19.06	31.34	0.00	0.00
FBC	59	30.99	19.11	18.66	31.24	0.00	0.00
FBC	60	30.34	19.36	19.86	30.44	0.00	0.00
FBC	61	30.34	19.36	18.51	31.79	0.00	0.00
FBC	62	28.19	20.86	18.91	32.04	0.00	0.00
FBC	63	28.54	20.81	18.71	31.94	0.00	0.00
FBC	64	31.39	19.71	18.21	30.69	0.00	0.00
FBC	65	30.44	18.76	19.51	31.29	0.00	0.00
FBC	66	31.09	20.26	18.31	30.34	0.00	0.00
FBC	67	29.64	20.51	18.76	31.09	0.00	0.00
FBC	68	31.79	20.76	16.92	30.54	0.00	0.00
FBC	69	29.69	19.51	19.51	31.29	0.00	0.00
FBC	70	31.64	18.76	18.01	31.59	0.00	0.00
FBC	71	31.44	20.36	17.42	30.79	0.00	0.00
FBC	72	31.49	18.91	19.81	29.79	0.00	0.00
FBC	73	31.14	21.06	17.71	30.09	0.00	0.00
FBC	74	30.64	19.21	19.46	30.69	0.00	0.00
FBC	75	31.24	20.96	18.41	29.39	0.00	0.00
FBC	76	29.24	20.11	19.36	31.29	0.00	0.00
FBC	77	29.54	21.16	19.06	30.24	0.00	0.00
FBC	78	30.24	19.86	18.11	31.79	0.00	0.00
FBC	79	30.04	20.91	17.76	31.29	0.00	0.00
FBC	80	30.24	20.46	18.61	30.69	0.00	0.00
FBC	81	30.24	20.46	18.11	31.19	0.00	0.00
FBC	82	30.29	20.91	18.21	30.59	0.00	0.00
FBC	83	31.94	20.36	17.96	29.74	0.00	0.00
FBC	84	30.64	20.41	20.26	28.69	0.00	0.00
FBC	85	29.84	20.41	19.81	29.94	0.00	0.00
FBC	86	30.74	19.26	18.96	31.04	0.00	0.00
FBC	87	31.94	19.16	18.31	30.59	0.00	0.00
FBC	88	33.73	19.46	19.06	27.74	0.00	0.00
FBC	89	33.43	18.46	17.96	30.14	0.00	0.00
FBC	90	30.54	20.56	18.76	30.14	0.00	0.00
FBC	91	30.69	18.56	20.31	30.44	0.00	0.00
FBC	92	31.19	17.71	19.76	31.34	0.00	0.00
FBC	93	30.94	18.46	19.46	31.14	0.00	0.00
FBC	94	30.79	19.46	18.91	30.84	0.00	0.00
FBC	95	31.94	19.61	18.21	30.24	0.00	0.00
FBC	96	31.19	19.56	19.71	29.54	0.00	0.00
FBC	97	30.49	20.76	17.47	31.29	0.00	0.00
FBC	98	31.84	19.51	18.91	29.74	0.00	0.00
FBC	99	29.64	20.41	18.21	31.74	0.00	0.00
FBC	100	30.94	19.76	18.71	30.59	0.00	0.00
FBC	101	30.89	20.21	19.16	29.74	0.00	0.00
FBC	102	30.74	20.16	18.66	30.44	0.00	0.00
FBC	103	30.84	19.91	18.71	30.54	0.00	0.00
FBC	104	28.99	19.11	19.56	32.34	0.00	0.00
FBC	105	29.44	20.21	18.36	31.99	0.00	0.00
FBC	106	29.24	19.51	19.46	31.79	0.00	0.00
FBC	107	31.49	19.61	17.71	31.19	0.00	0.00
FBC	108	30.79	21.56	18.86	28.79	0.00	0.00
FBC	109	30.84	18.56	19.01	31.59	0.00	0.00
FBC	110	31.19	18.21	18.36	32.24	0.00	0.00
FBC	111	31.59	18.66	19.46	30.29	0.00	0.00
FBC	112	30.79	17.96	19.56	31.69	0.00	0.00
FBC	113	29.94	20.51	18.66	30.89	0.00	0.00
FBC	114	30.09	21.11	18.31	30.49	0.00	0.00
FBC	115	31.64	19.91	19.31	29.14	0.00	0.00
FBC	116	30.04	20.96	17.76	31.24	0.00	0.00
FBC	117	30.74	20.46	18.71	30.09	0.00	0.00
FBC	118	31.19	20.46	18.71	29.64	0.00	0.00
FBC	119	29.99	21.31	18.56	30.14	0.00	0.00
FBC	120	31.39	20.46	17.07	31.09	0.00	0.00
FBC	121	32.93	19.11	17.22	30.74	0.00	0.00
FBC	122	31.64	18.76	19.61	29.99	0.00	0.00
FBC	123	30.04	20.21	18.91	30.84	0.00	0.00
FBC	124	31.44	18.06	18.76	31.74	0.00	0.00
FBC	125	32.14	20.16	19.41	28.29	0.00	0.00
FBC	126	30.19	20.96	19.61	29.24	0.00	0.00
FBC	127	31.94	19.36	19.96	28.74	0.00	0.00
FBC	128	30.29	20.11	19.96	29.64	0.00	0.00
FBC	129	29.14	22.11	17.76	30.99	0.00	0.00
FBC	130	30.59	19.01	20.66	29.74	0.00	0.00
FBC	131	31.44	19.26	17.37	31.94	0.00	0.00
FBC	132	30.24	21.06	18.71	29.99	0.00	0.00
FBC	133	29.79	21.36	18.11	30.74	0.00	0.00
FBC	134	29.24	18.96	20.36	31.44	0.00	0.00
FBC	135	33.23	19.26	18.51	28.99	0.00	0.00
FBC	136	30.69	20.61	18.96	29.74	0.00	0.00
FBC	137	30.84	20.61	17.91	30.64	0.00	0.00
FBC	138	31.79	19.66	18.31	30.24	0.00	0.00
FBC	139	31.39	18.81	18.91	30.89	0.00	0.00
FBC	140	30.64	20.86	19.96	28.54	0.00	0.00
FBC	141	30.99	20.01	18.11	30.89	0.00	0.00
FBC	142	30.64	20.66	18.71	29.99	0.00	0.00
FBC	143	31.69	18.91	18.56	30.84	0.00	0.00
FBC	144	32.39	17.96	19.61	30.04	0.00	0.00
FBC	145	31.09	18.26	18.41	32.24	0.00	0.00
FBC	146	32.63	20.01	17.76	29.59	0.00	0.00
FBC	147	30.94	18.46	20.71	29.89	0.00	0.00
FBC	148	31.84	20.46	16.92	30.79	0.00	0.00
FBC	149	29.71	20.82	19.67	29.81	0.00	0.00
FBC	150	31.15	20.67	18.42	29.76	0.00	0.00
# ACGT raw counters for first fragments. Use `grep ^FTC | cut -f 2-` to extract this part. The columns are: A,C,G,T,N base counters
FTC	92300	59580	56448	92270	0
# ACGT content per cycle for last fragments. Use `grep ^LBC | cut -f 2-` to extract this part. The columns are: cycle; A,C,G,T base counts as a percentage of all A/C/G/T bases [%]; and N and O counts as a percentage of all A/C/G/T bases [%]
LBC	1	30.49	20.36	18.51	30.64	0.00	0.00
LBC	2	33.08	18.56	18.21	30.14	0.00	0.00
LBC	3	31.84	19.06	18.66	30.44	0.00	0.00
LBC	4	30.69	18.01	19.86	31.44	0.00	0.00
LBC	5	30.29	19.26	20.46	29.99	0.00	0.00
LBC	6	30.69	19.96	18.76	30.59	0.00	0.00
LBC	7	30.04	19.81	18.76	31.39	0.00	0.00
LBC	8	28.94	21.76	19.46	29.84	0.00	0.00
LBC	9	28.19	20.41	20.61	30.79	0.00	0.00
LBC	10	29.74	19.01	19.86	31.39	0.00	0.00
LBC	11	30.49	19.51	17.76	32.24	0.00	0.00
LBC	12	30.74	18.01	19.21	32.04	0.00	0.00
LBC	13	30.19	19.41	19.51	30.89	0.00	0.00
LBC	14	30.84	20.21	18.31	30.64	0.00	0.00
LBC	15	31.09	19.11	19.01	30.79	0.00	0.00
LBC	16	29.19	20.01	20.01	30.79	0.00	0.00
LBC	17	30.19	19.46	19.11	31.24	0.00	0.00
LBC	18	32.14	17.86	19.06	30.94	0.00	0.00
LBC	19	30.59	19.16	19.61	30.64	0.00	0.00
LBC	20	30.94	19.61	17.56	31.89	0.00	0.00
LBC	21	29.09	20.71	18.81	31.39	0.00	0.00
LBC	22	30.99	18.86	19.81	30.34	0.00	0.00
LBC	23	30.54	20.71	18.86	29.89	0.00	0.00
LBC	24	32.19	18.86	17.47	31.49	0.00	0.00
LBC	25	31.34	19.36	18.76	30.54	0.00	0.00
LBC	26	31.69	18.11	20.71	29.49	0.00	0.00
LBC	27	28.99	20.01	19.66	31.34	0.00	0.00
LBC	28	31.84	19.91	18.31	29.94	0.00	0.00
LBC	29	29.44	21.41	17.56	31.59	0.00	0.00
LBC	30	29.44	19.61	19.86	31.09	0.00	0.00
LBC	31	29.09	20.46	20.21	30.24	0.00	0.00
LBC	32	29.19	18.71	18.76	33.33	0.00	0.00
LBC	33	31.99	19.51	18.56	29.94	0.00	0.00
LBC	34	30.54	19.36	18.41	31.69	0.00	0.00
LBC	35	29.79	21.46	19.21	29.54	0.00	0.00
LBC	36	31.49	19.06	18.36	31.09	0.00	0.00
LBC	37	28.94	20.81	18.71	31.54	0.00	0.00
LBC	38	29.69	18.01	19.56	32.73	0.00	0.00
LBC	39	30.84	20.26	18.66	30.24	0.00	0.00
LBC	40	30.84	20.86	17.71	30.59	0.00	0.00
LBC	41	30.99	19.91	18.01	31.09	0.00	0.00
LBC	42	32.19	19.31	18.01	30.49	0.00	0.00
LBC	43	31.69	20.01	19.41	28.89	0.00	0.00
LBC	44	29.19	19.06	19.36	32.39	0.00	0.00
LBC	45	31.39	18.91	19.01	30.69	0.00	0.00
LBC	46	30.34	19.71	18.96	30.99	0.00	0.00
LBC	47	30.24	19.76	17.71	32.29	0.00	0.00
LBC	48	30.44	19.06	19.36	31.14	0.00	0.00
LBC	49	32.19	18.96	18.71	30.14	0.00	0.00
LBC	50	32.73	19.36	17.47	30.44	0.00	0.00
LBC	51	29.69	20.46	18.26	31.59	0.00	0.00
LBC	52	31.99	18.56	18.46	30.99	0.00	0.00
LBC	53	29.69	21.11	18.86	30.34	0.00	0.00
LBC	54	30.29	19.01	20.41	30.29	0.00	0.00
LBC	55	31.49	19.11	19.01	30.39	0.00	0.00
LBC	56	31.79	19.96	18.76	29.49	0.00	0.00
LBC	57	30.34	18.61	20.11	30.94	0.00	0.00
LBC	58	31.29	18.16	18.86	31.69	0.00	0.00
LBC	59	30.69	18.11	18.26	32.93	0.00	0.00
LBC	60	30.24	19.81	18.16	31.79	0.00	0.00
LBC	61	29.59	20.01	18.21	32.19	0.00	0.00
LBC	62	29.74	20.76	19.36	30.14	0.00	0.00
LBC	63	31.74	19.81	18.61	29.84	0.00	0.00
LBC	64	30.79	20.36	18.46	30.39	0.00	0.00
LBC	65	31.04	20.01	16.82	32.14	0.00	0.00
LBC	66	30.39	19.61	17.96	32.04	0.00	0.00
LBC	67	31.04	19.91	18.31	30.74	0.00	0.00
LBC	68	30.59	19.96	18.66	30.79	0.00	0.00
LBC	69	31.64	18.61	17.81	31.94	0.00	0.00
LBC	70	28.49	20.06	19.01	32.44	0.00	0.00
LBC	71	30.19	20.66	17.61	31.54	0.00	0.00
LBC	72	29.24	19.76	20.56	30.44	0.00	0.00
LBC	73	31.34	20.66	18.31	29.69	0.00	0.00
LBC	74	30.79	19.96	17.42	31.84	0.00	0.00
LBC	75	31.89	19.21	18.16	30.74	0.00	0.00
LBC	76	30.54	21.61	17.17	30.69	0.00	0.00
LBC	77	29.64	20.86	19.81	29.69	0.00	0.00
LBC	78	30.94	20.31	17.32	31.44	0.00	0.00
LBC	79	29.44	19.36	19.86	31.34	0.00	0.00
LBC	80	30.24	20.21	17.22	32.34	0.00	0.00
LBC	81	30.94	19.51	18.61	30.94	0.00	0.00
LBC	82	29.79	21.06	19.06	30.09	0.00	0.00
LBC	83	31.04	21.01	17.37	30.59	0.00	0.00
LBC	84	29.74	20.66	17.66	31.94	0.00	0.00
LBC	85	30.04	20.41	18.71	30.84	0.00	0.00
LBC	86	31.84	20.46	17.51	30.19	0.00	0.00
LBC	87	32.19	18.36	17.71	31.74	0.00	0.00
LBC	88	30.69	20.31	18.91	30.09	0.00	0.00
LBC	89	29.19	20.76	19.06	30.99	0.00	0.00
LBC	90	30.84	20.56	18.31	30.29	0.00	0.00
LBC	91	30.89	18.91	19.96	30.24	0.00	0.00
LBC	92	30.99	19.86	18.21	30.94	0.00	0.00
LBC	93	30.54	20.31	18.66	30.49	0.00	0.00
LBC	94	29.99	18.66	20.11	31.24	0.00	0.00
LBC	95	27.89	20.61	18.86	32.63	0.00	0.00
LBC	96	30.79	20.36	18.26	30.59	0.00	0.00
LBC	97	29.79	21.41	16.97	31.84	0.00	0.00
LBC	98	31.89	20.06	18.56	29.49	0.00	0.00
LBC	99	32.29	21.66	16.42	29.64	0.00	0.00
LBC	100	31.29	20.21	18.56	29.94	0.00	0.00
LBC	101	30.99	19.96	17.86	31.19	0.00	0.00
LBC	102	31.34	19.76	17.76	31.14	0.00	0.00
LBC	103	29.94	21.16	18.01	30.89	0.00	0.00
LBC	104	30.34	19.16	19.46	31.04	0.00	0.00
LBC	105	30.94	19.61	18.91	30.54	0.00	0.00
LBC	106	30.64	20.81	19.76	28.79	0.00	0.00
LBC	107	32.09	19.56	18.41	29.94	0.00	0.00
LBC	108	30.84	19.46	18.91	30.79	0.00	0.00
LBC	109	30.49	20.61	18.56	30.34	0.00	0.00
LBC	110	31.19	19.46	19.06	30.29	0.00	0.00
LBC	111	29.94	19.91	19.66	30.49	0.00	0.00
LBC	112	30.49	19.31	20.01	30.19	0.00	0.00
LBC	113	30.64	19.31	18.76	31.29	0.00	0.00
LBC	114	30.39	20.16	19.46	29.99	0.00	0.00
LBC	115	31.49	18.46	18.86	31.19	0.00	0.00
LBC	116	31.29	19.61	18.61	30.49	0.00	0.00
LBC	117	30.09	20.06	18.81	31.04	0.00	0.00
LBC	118	31.69	19.56	18.76	29.99	0.00	0.00
LBC	119	30.94	21.46	18.31	29.29	0.00	0.00
LBC	120	32.49	19.66	18.81	29.04	0.00	0.00
LBC	121	29.84	21.41	18.71	30.04	0.00	0.00
LBC	122	31.59	19.06	18.61	30.74	0.00	0.00
LBC	123	30.44	18.96	17.17	33.43	0.00	0.00
LBC	124	31.19	19.11	18.01	31.69	0.00	0.00
LBC	125	28.69	20.61	19.51	31.19	0.00	0.00
LBC	126	32.73	19.31	18.71	29.24	0.00	0.00
LBC	127	30.69	19.66	19.66	29.99	0.00	0.00
LBC	128	30.29	19.01	19.86	30.84	0.00	0.00
LBC	129	29.89	19.46	20.16	30.49	0.00	0.00
LBC	130	30.29	19.51	17.86	32.34	0.00	0.00
LBC	131	31.19	20.71	19.01	29.09	0.00	0.00
LBC	132	31.04	19.96	17.37	31.64	0.00	0.00
LBC	133	30.69	19.91	19.96	29.44	0.00	0.00
LBC	134	30.39	20.96	18.26	30.39	0.00	0.00
LBC	135	30.99	19.96	18.16	30.89	0.00	0.00
LBC	136	30.04	21.06	19.01	29.89	0.00	0.00
LBC	137	31.89	18.81	20.36	28.94	0.00	0.00
LBC	138	29.24	20.31	18.26	32.19	0.00	0.00
LBC	139	29.94	19.21	19.11	31.74	0.00	0.00
LBC	140	31.64	20.31	19.81	28.24	0.00	0.00
LBC	141	32.24	20.11	19.31	28.34	0.00	0.00
LBC	142	33.03	18.71	17.76	30.49	0.00	0.00
LBC	143	32.29	19.51	18.16	30.04	0.00	0.00
LBC	144	31.74	19.41	16.77	32.09	0.00	0.00
LBC	145	33.63	19.91	17.66	28.79	0.00	0.00
LBC	146	31.84	20.36	18.01	29.79	0.00	0.00
LBC	147	30.89	20.86	19.11	29.14	0.00	0.00
LBC	148	32.19	18.86	19.16	29.79	0.00	0.00
LBC	149	30.94	20.41	18.26	30.39	0.00	0.00
LBC	150	29.69	20.36	18.96	30.99	0.00	0.00
# ACGT raw counters for last fragments. Use `grep ^LTC | cut -f 2-` to extract this part. The columns are: A,C,G,T,N base counters
LTC	92353	59545	56258	92444	0
# Insert sizes. Use `grep ^IS | cut -f 2-` to extract this part. The columns are: insert size, pairs total, inward oriented pairs, outward oriented pairs, other pairs
IS	0	0	0	0	0
IS	1	0	0	0	0
IS	2	0	0	0	0
IS	3	0	0	0	0
IS	4	0	0	0	0
IS	5	0	0	0	0
IS	6	0	0	0	0
IS	7	0	0	0	0
IS	8	0	0	0	0
IS	9	0	0	0	0
IS	10	0	0	0	0
IS	11	0	0	0	0
IS	12	0	0	0	0
IS	13	0	0	0	0
IS	14	0	0	0	0
IS	15	0	0	0	0
IS	16	0	0	0	0
IS	17	0	0	0	0
IS	18	0	0	0	0
IS	19	0	0	0	0
IS	20	0	0	0	0
IS	21	0	0	0	0
IS	22	0	0	0	0
IS	23	0	0	0	0
IS	24	0	0	0	0
IS	25	0	0	0	0
IS	26	0	0	0	0
IS	27	0	0	0	0
IS	28	0	0	0	0
IS	29	0	0	0	0
IS	30	0	0	0	0
IS	31	0	0	0	0
IS	32	0	0	0	0
IS	33	0	0	0	0
IS	34	0	0	0	0
IS	35	0	0	0	0
IS	36	0	0	0	0
IS	37	0	0	0	0
IS	38	0	0	0	0
IS	39	0	0	0	0
IS	40	0	0	0	0
IS	41	0	0	0	0
IS	42	0	0	0	0
IS	43	0	0	0	0
IS	44	0	0	0	0
IS	45	0	0	0	0
IS	46	0	0	0	0
IS	47	0	0	0	0
IS	48	0	0	0	0
IS	49	0	0	0	0
IS	50	0	0	0	0
IS	51	0	0	0	0
IS	52	0	0	0	0
IS	53	0	0	0	0
IS	54	0	0	0	0
IS	55	0	0	0	0
IS	56	0	0	0	0
IS	57	0	0	0	0
IS	58	0	0	0	0
IS	59	0	0	0	0
IS	60	0	0	0	0
IS	61	0	0	0	0
IS	62	0	0	0	0
IS	63	0	0	0	0
IS	64	0	0	0	0
IS	65	0	0	0	0
IS	66	0	0	0	0
IS	67	0	0	0	0
IS	68	0	0	0	0
IS	69	0	0	0	0
IS	70	0	0	0	0
IS	71	0	0	0	0
IS	72	0	0	0	0
IS	73	0	0	0	0
IS	74	0	0	0	0
IS	75	0	0	0	0
IS	76	0	0	0	0
IS	77	0	0	0	0
IS	78	0	0	0	0
IS	79	0	0	0	0
IS	80	0	0	0	0
IS	81	0	0	0	0
IS	82	0	0	0	0
IS	83	0	0	0	0
IS	84	0	0	0	0
IS	85	0	0	0	0
IS	86	0	0	0	0
IS	87	0	0	0	0
IS	88	0	0	0	0
IS	89	0	0	0	0
IS	90	0	0	0	0
IS	91	0	0	0	0
IS	92	0	0	0	0
IS	93	0	0	0	0
IS	94	0	0	0	0
IS	95	0	0	0	0
IS	96	0	0	0	0
IS	97	0	0	0	0
IS	98	0	0	0	0
IS	99	0	0	0	0
IS	100	0	0	0	0
IS	101	0	0	0	0
IS	102	0	0	0	0
IS	103	0	0	0	0
IS	104	0	0	0	0
IS	105	0	0	0	0
IS	106	0	0	0	0
IS	107	0	0	0	0
IS	108	0	0	0	0
IS	109	0	0	0	0
IS	110	0	0	0	0
IS	111	0	0	0	0
IS	112	0	0	0	0
IS	113	0	0	0	0
IS	114	0	0	0	0
IS	115	0	0	0	0
IS	116	0	0	0	0
IS	117	0	0	0	0
IS	118	0	0	0	0
IS	119	0	0	0	0
IS	120	0	0	0	0
IS	121	0	0	0	0
IS	122	0	0	0	0
IS	123	0	0	0	0
IS	124	0	0	0	0
IS	125	0	0	0	0
IS	126	0	0	0	0
IS	127	0	0	0	0
IS	128	0	0	0	0
IS	129	0	0	0	0
IS	130	0	0	0	0
IS	131	0	0	0	0
IS	132	0	0	0	0
IS	133	0	0	0	0
IS	134	0	0	0	0
IS	135	0	0	0	0
IS	136	0	0	0	0
IS	137	0	0	0	0
IS	138	0	0	0	0
IS	139	0	0	0	0
IS	140	0	0	0	0
IS	141	0	0	0	0
IS	142	0	0	0	0
IS	143	0	0	0	0
IS	144	0	0	0	0
IS	145	0	0	0	0
IS	146	0	0	0	0
IS	147	0	0	0	0
IS	148	0	0	0	0
IS	149	0	0	0	0
IS	150	0	0	0	0
IS	151	0	0	0	0
IS	152	0	0	0	0
IS	153	0	0	0	0
IS	154	0	0	0	0
IS	155	0	0	0	0
IS	156	0	0	0	0
IS	157	0	0	0	0
IS	158	0	0	0	0
IS	159	0	0	0	0
IS	160	0	0	0	0
IS	161	0	0	0	0
IS	162	0	0	0	0
IS	163	0	0	0	0
IS	164	0	0	0	0
IS	165	0	0	0	0
IS	166	0	0	0	0
IS	167	0	0	0	0
IS	168	0	0	0	0
IS	169	0	0	0	0
IS	170	0	0	0	0
IS	171	0	0	0	0
IS	172	0	0	0	0
IS	173	0	0	0	0
IS	174	0	0	0	0
IS	175	0	0	0	0
IS	176	0	0	0	0
IS	177	0	0	0	0
IS	178	0	0	0	0
IS	179	0	0	0	0
IS	180	0	0	0	0
IS	181	0	0	0	0
IS	182	0	0	0	0
IS	183	0	0	0	0
IS	184	0	0	0	0
IS	185	0	0	0	0
IS	186	0	0	0	0
IS	187	0	0	0	0
IS	188	0	0	0	0
IS	189	0	0	0	0
IS	190	0	0	0	0
IS	191	0	0	0	0
IS	192	0	0	0	0
IS	193	0	0	0	0
IS	194	0	0	0	0
IS	195	0	0	0	0
IS	196	0	0	0	0
IS	197	0	0	0	0
IS	198	0	0	0	0
IS	199	0	0	0	0
IS	200	0	0	0	0
IS	201	0	0	0	0
IS	202	0	0	0	0
IS	203	0	0	0	0
IS	204	0	0	0	0
IS	205	0	0	0	0
IS	206	0	0	0	0
IS	207	0	0	0	0
IS	208	0	0	0	0
IS	209	0	0	0	0
IS	210	0	0	0	0
IS	211	0	0	0	0
IS	212	0	0	0	0
IS	213	0	0	0	0
IS	214	0	0	0	0
IS	215	0	0	0	0
IS	216	0	0	0	0
IS	217	0	0	0	0
IS	218	0	0	0	0
IS	219	0	0	0	0
IS	220	0	0	0	0
IS	221	0	0	0	0
IS	222	0	0	0	0
IS	223	0	0	0	0
IS	224	0	0	0	0
IS	225	0	0	0	0
IS	226	0	0	0	0
IS	227	0	0	0	0
IS	228	0	0	0	0
IS	229	0	0	0	0
IS	230	0	0	0	0
IS	231	0	0	0	0
IS	232	0	0	0	0
IS	233	0	0	0	0
IS	234	0	0	0	0
IS	235	0	0	0	0
IS	236	0	0	0	0
IS	237	0	0	0	0
IS	238	0	0	0	0
IS	239	0	0	0	0
IS	240	0	0	0	0
IS	241	0	0	0	0
IS	242	0	0	0	0
IS	243	0	0	0	0
IS	244	0	0	0	0
IS	245	0	0	0	0
IS	246	0	0	0	0
IS	247	0	0	0	0
IS	248	0	0	0	0
IS	249	0	0	0	0
IS	250	0	0	0	0
IS	251	0	0	0	0
IS	252	0	0	0	0
IS	253	0	0	0	0
IS	254	0	0	0	0
IS	255	0	0	0	0
IS	256	0	0	0	0
IS	257	0	0	0	0
IS	258	0	0	0	0
IS	259	0	0	0	0
IS	260	0	0	0	0
IS	261	0	0	0	0
IS	262	0	0	0	0
IS	263	0	0	0	0
IS	264	0	0	0	0
IS	265	0	0	0	0
IS	266	0	0	0	0
IS	267	0	0	0	0
IS	268	0	0	0	0
IS	269	0	0	0	0
IS	270	0	0	0	0
IS	271	0	0	0	0
IS	272	0	0	0	0
IS	273	0	0	0	0
IS	274	0	0	0	0
IS	275	0	0	0	0
IS	276	0	0	0	0
IS	277	0	0	0	0
IS	278	0	0	0	0
IS	279	0	0	0	0
IS	280	0	0	0	0
IS	281	0	0	0	0
IS	282	0	0	0	0
IS	283	0	0	0	0
IS	284	0	0	0	0
IS	285	0	0	0	0
IS	286	0	0	0	0
IS	287	0	0	0	0
IS	288	0	0	0	0
IS	289	0	0	0	0
IS	290	0	0	0	0
IS	291	0	0	0	0
IS	292	0	0	0	0
IS	293	0	0	0	0
IS	294	0	0	0	0
IS	295	0	0	0	0
IS	296	0	0	0	0
IS	297	0	0	0	0
IS	298	0	0	0	0
IS	299	0	0	0	0
IS	300	0	0	0	0
IS	301	0	0	0	0
IS	302	0	0	0	0
IS	303	0	0	0	0
IS	304	0	0	0	0
IS	305	0	0	0	0
IS	306	0	0	0	0
IS	307	0	0	0	0
IS	308	0	0	0	0
IS	309	0	0	0	0
IS	310	0	0	0	0
IS	311	0	0	0	0
IS	312	0	0	0	0
IS	313	0	0	0	0
IS	314	1	1	0	0
IS	315	0	0	0	0
IS	316	0	0	0	0
IS	317	0	0	0	0
IS	318	0	0	0	0
IS	319	0	0	0	0
IS	320	0	0	0	0
IS	321	0	0	0	0
IS	322	0	0	0	0
IS	323	0	0	0	0
IS	324	0	0	0	0
IS	325	0	0	0	0
IS	326	0	0	0	0
IS	327	0	0	0	0
IS	328	0	0	0	0
IS	329	0	0	0	0
IS	330	0	0	0	0
IS	331	0	0	0	0
IS	332	0	0	0	0
IS	333	0	0	0	0
IS	334	0	0	0	0
IS	335	0	0	0	0
IS	336	0	0	0	0
IS	337	0	0	0	0
IS	338	0	0	0	0
IS	339	0	0	0	0
IS	340	0	0	0	0
IS	341	0	0	0	0
IS	342	0	0	0	0
IS	343	1	1	0	0
IS	344	0	0	0	0
IS	345	0	0	0	0
IS	346	0	0	0	0
IS	347	0	0	0	0
IS	348	0	0	0	0
IS	349	0	0	0	0
IS	350	0	0	0	0
IS	351	1	1	0	0
IS	352	0	0	0	0
IS	353	0	0	0	0
IS	354	0	0	0	0
IS	355	0	0	0	0
IS	356	2	2	0	0
IS	357	0	0	0	0
IS	358	1	1	0	0
IS	359	1	1	0	0
IS	360	0	0	0	0
IS	361	0	0	0	0
IS	362	0	0	0	0
IS	363	0	0	0	0
IS	364	0	0	0	0
IS	365	0	0	0	0
IS	366	0	0	0	0
IS	367	2	2	0	0
IS	368	2	2	0	0
IS	369	0	0	0	0
IS	370	1	1	0	0
IS	371	0	0	0	0
IS	372	0	0	0	0
IS	373	1	1	0	0
IS	374	1	1	0	0
IS	375	1	1	0	0
IS	376	0	0	0	0
IS	377	1	1	0	0
IS	378	1	1	0	0
IS	379	4	4	0	0
IS	380	2	2	0	0
IS	381	0	0	0	0
IS	382	0	0	0	0
IS	383	0	0	0	0
IS	384	0	0	0	0
IS	385	0	0	0	0
IS	386	0	0	0	0
IS	387	2	2	0	0
IS	388	1	1	0	0
IS	389	0	0	0	0
IS	390	2	2	0	0
IS	391	5	5	0	0
IS	392	1	1	0	0
IS	393	1	1	0	0
IS	394	3	3	0	0
IS	395	1	1	0	0
IS	396	2	2	0	0
IS	397	2	2	0	0
IS	398	3	3	0	0
IS	399	1	1	0	0
IS	400	1	1	0	0
IS	401	2	2	0	0
IS	402	3	3	0	0
IS	403	5	5	0	0
IS	404	5	5	0	0
IS	405	5	5	0	0
IS	406	3	3	0	0
IS	407	3	3	0	0
IS	408	4	4	0	0
IS	409	7	7	0	0
IS	410	2	2	0	0
IS	411	1	1	0	0
IS	412	4	4	0	0
IS	413	4	4	0	0
IS	414	5	5	0	0
IS	415	4	4	0	0
IS	416	4	4	0	0
IS	417	2	2	0	0
IS	418	2	2	0	0
IS	419	4	4	0	0
IS	420	1	1	0	0
IS	421	5	5	0	0
IS	422	4	4	0	0
IS	423	2	2	0	0
IS	424	5	5	0	0
IS	425	5	5	0	0
IS	426	7	7	0	0
IS	427	6	6	0	0
IS	428	7	7	0	0
IS	429	6	6	0	0
IS	430	8	8	0	0
IS	431	10	10	0	0
IS	432	9	9	0	0
IS	433	6	6	0	0
IS	434	4	4	0	0
IS	435	11	11	0	0
IS	436	7	7	0	0
IS	437	8	8	0	0
IS	438	4	4	0	0
IS	439	6	6	0	0
IS	440	9	9	0	0
IS	441	7	7	0	0
IS	442	5	5	0	0
IS	443	8	8	0	0
IS	444	3	3	0	0
IS	445	9	9	0	0
IS	446	11	11	0	0
IS	447	10	10	0	0
IS	448	8	8	0	0
IS	449	4	4	0	0
IS	450	11	11	0	0
IS	451	13	13	0	0
IS	452	9	9	0	0
IS	453	12	12	0	0
IS	454	5	5	0	0
IS	455	9	9	0	0
IS	456	7	7	0	0
IS	457	7	7	0	0
IS	458	15	15	0	0
IS	459	6	6	0	0
IS	460	17	17	0	0
IS	461	15	15	0	0
IS	462	11	11	0	0
IS	463	8	8	0	0
IS	464	12	12	0	0
IS	465	16	16	0	0
IS	466	14	14	0	0
IS	467	16	16	0	0
IS	468	8	8	0	0
IS	469	10	10	0	0
IS	470	12	12	0	0
IS	471	13	13	0	0
IS	472	8	8	0	0
IS	473	17	17	0	0
IS	474	14	14	0	0
IS	475	9	9	0	0
IS	476	12	12	0	0
IS	477	17	17	0	0
IS	478	14	14	0	0
IS	479	10	10	0	0
IS	480	10	10	0	0
IS	481	16	16	0	0
IS	482	16	16	0	0
IS	483	17	17	0	0
IS	484	17	17	0	0
IS	485	10	10	0	0
IS	486	22	22	0	0
IS	487	16	16	0	0
IS	488	11	11	0	0
IS	489	16	16	0	0
IS	490	18	18	0	0
IS	491	14	14	0	0
IS	492	12	12	0	0
IS	493	15	15	0	0
IS	494	13	13	0	0
IS	495	12	12	0	0
IS	496	16	16	0	0
IS	497	13	13	0	0
IS	498	12	12	0	0
IS	499	13	13	0	0
IS	500	18	18	0	0
IS	501	23	23	0	0
IS	502	18	18	0	0
IS	503	17	17	0	0
IS	504	21	21	0	0
IS	505	22	22	0	0
IS	506	17	17	0	0
IS	507	19	19	0	0
IS	508	12	12	0	0
IS	509	20	20	0	0
IS	510	18	18	0	0
IS	511	11	11	0	0
IS	512	20	20	0	0
IS	513	16	16	0	0
IS	514	21	21	0	0
IS	515	20	20	0	0
IS	516	22	22	0	0
IS	517	18	18	0	0
IS	518	8	8	0	0
IS	519	15	15	0	0
IS	520	18	18	0	0
IS	521	10	10	0	0
IS	522	11	11	0	0
IS	523	12	12	0	0
IS	524	14	14	0	0
IS	525	15	15	0	0
IS	526	20	20	0	0
IS	527	12	12	0	0
IS	528	20	20	0	0
IS	529	11	11	0	0
IS	530	11	11	0	0
IS	531	12	12	0	0
IS	532	24	24	0	0
IS	533	9	9	0	0
IS	534	12	12	0	0
IS	535	12	12	0	0
IS	536	13	13	0	0
IS	537	12	12	0	0
IS	538	14	14	0	0
IS	539	11	11	0	0
IS	540	15	15	0	0
IS	541	12	12	0	0
IS	542	9	9	0	0
IS	543	14	14	0	0
IS	544	9	9	0	0
IS	545	9	9	0	0
IS	546	6	6	0	0
IS	547	14	14	0	0
IS	548	8	8	0	0
IS	549	15	15	0	0
IS	550	11	11	0	0
IS	551	12	12	0	0
IS	552	9	9	0	0
IS	553	3	3	0	0
IS	554	7	7	0	0
IS	555	6	6	0	0
IS	556	9	9	0	0
IS	557	7	7	0	0
IS	558	8	8	0	0
IS	559	5	5	0	0
IS	560	8	8	0	0
IS	561	8	8	0	0
IS	562	8	8	0	0
IS	563	5	5	0	0
IS	564	9	9	0	0
IS	565	8	8	0	0
IS	566	6	6	0	0
IS	567	12	12	0	0
IS	568	8	8	0	0
IS	569	8	8	0	0
IS	570	10	10	0	0
IS	571	3	3	0	0
IS	572	4	4	0	0
IS	573	7	7	0	0
IS	574	10	10	0	0
IS	575	2	2	0	0
IS	576	3	3	0	0
IS	577	3	3	0	0
IS	578	3	3	0	0
IS	579	5	5	0	0
IS	580	7	7	0	0
IS	581	6	6	0	0
IS	582	1	1	0	0
IS	583	5	5	0	0
IS	584	3	3	0	0
IS	585	2	2	0	0
IS	586	2	2	0	0
IS	587	3	3	0	0
IS	588	5	5	0	0
IS	589	2	2	0	0
IS	590	4	4	0	0
IS	591	4	4	0	0
IS	592	3	3	0	0
IS	593	3	3	0	0
IS	594	2	2	0	0
IS	595	3	3	0	0
IS	596	5	5	0	0
IS	597	4	4	0	0
IS	598	3	3	0	0
IS	599	3	3	0	0
IS	600	0	0	0	0
IS	601	0	0	0	0
IS	602	1	1	0	0
IS	603	5	5	0	0
IS	604	2	2	0	0
IS	605	3	3	0	0
IS	606	1	1	0	0
IS	607	1	1	0	0
IS	608	3	3	0	0
IS	609	1	1	0	0
IS	610	0	0	0	0
IS	611	0	0	0	0
IS	612	0	0	0	0
IS	613	3	3	0	0
# Read lengths. Use `grep ^RL | cut -f 2-` to extract this part. The columns are: read length, count
RL	148	1
RL	150	4007
# Read lengths - first fragments. Use `grep ^FRL | cut -f 2-` to extract this part. The columns are: read length, count
FRL	148	1
FRL	150	2003
# Read lengths - last fragments. Use `grep ^LRL | cut -f 2-` to extract this part. The columns are: read length, count
LRL	150	2004
# Mapping qualities for reads !(UNMAP|SECOND|SUPPL|QCFAIL|DUP). Use `grep ^MAPQ | cut -f 2-` to extract this part. The columns are: mapq, count
MAPQ	0	8
MAPQ	15	2
MAPQ	27	10
MAPQ	39	2
MAPQ	40	26
MAPQ	41	1
MAPQ	43	2
MAPQ	45	2
MAPQ	46	1
MAPQ	48	44
MAPQ	50	2
MAPQ	51	2
MAPQ	52	2
MAPQ	57	11
MAPQ	59	3
MAPQ	60	3890
# Indel distribution. Use `grep ^ID | cut -f 2-` to extract this part. The columns are: length, number of insertions, number of deletions
# Indels per cycle. Use `grep ^IC | cut -f 2-` to extract this part. The columns are: cycle, number of insertions (fwd), .. (rev) , number of deletions (fwd), .. (rev)
# Coverage distribution. Use `grep ^COV | cut -f 2-` to extract this part.
COV	[1-1]	1	5351
COV	[2-2]	2	11120
COV	[3-3]	3	14205
COV	[4-4]	4	17822
COV	[5-5]	5	19505
COV	[6-6]	6	17716
COV	[7-7]	7	12921
COV	[8-8]	8	8236
COV	[9-9]	9	5545
COV	[10-10]	10	2763
COV	[11-11]	11	1051
COV	[12-12]	12	627
COV	[13-13]	13	184
COV	[14-14]	14	19
COV	[15-15]	15	18
# GC-depth. Use `grep ^GCD | cut -f 2-` to extract this part. The columns are: GC%, unique sequence percentiles, 10th, 25th, 50th, 75th and 90th depth percentile
GCD	0.0	15.385	0.000	0.000	0.000	0.000	0.000
GCD	37.0	38.462	2.505	2.505	2.505	2.505	2.505
GCD	38.0	61.538	2.505	2.505	2.505	2.505	2.505
GCD	39.0	84.615	2.505	2.505	2.505	2.505	2.505
GCD	41.0	92.308	2.505	2.505	2.505	2.505	2.505
GCD	45.0	100.000	2.505	2.505	2.505	2.505	2.505
