# This file was produced by samtools stats (1.20+htslib-1.21) and can be plotted using plot-bamstats
# This file contains statistics for all reads.
# The command line was:  stats sample3795.sorted.bam
# CHK, Checksum	[2]Read Names	[3]Sequences	[4]Qualities
# CHK, CRC32 of reads which passed filtering followed by addition (32bit overflow)
CHK	9f495e94	0cd80151	93be98f0
# Summary Numbers. Use `grep ^SN | cut -f 2-` to extract this part.
SN	raw total sequences:	4008	# excluding supplementary and secondary reads
SN	filtered sequences:	0
SN	sequences:	4008
SN	is sorted:	1
SN	1st fragments:	2004
SN	last fragments:	2004
SN	reads mapped:	4008
SN	reads mapped and paired:	4008	# paired-end technology bit set + both mates mapped
SN	reads unmapped:	0
SN	reads properly paired:	4008	# proper-pair bit set
SN	reads paired:	4008	# paired-end technology bit set
SN	reads duplicated:	0	# PCR or optical duplicate bit set
SN	reads MQ0:	14	# mapped and MQ=0
SN	reads QC failed:	0
SN	non-primary alignments:	0
SN	supplementary alignments:	0
SN	total length:	601200	# ignores clipping
SN	total first fragment length:	300600	# ignores clipping
SN	total last fragment length:	300600	# ignores clipping
SN	bases mapped:	601200	# ignores clipping
SN	bases mapped (cigar):	601200	# more accurate
SN	bases trimmed:	0
SN	bases duplicated:	0
SN	mismatches:	1003	# from NM fields
SN	error rate:	1.668330e-03	# mismatches / bases mapped (cigar)
SN	average length:	150
SN	average first fragment length:	150
SN	average last fragment length:	150
SN	maximum length:	150
SN	maximum first fragment length:	150
SN	maximum last fragment length:	150
SN	average quality:	30.0
SN	insert size average:	496.5
SN	insert size standard deviation:	49.4
SN	inward oriented pairs:	2004
SN	outward oriented pairs:	0
SN	pairs with other orientation:	0
SN	pairs on different chromosomes:	0
SN	percentage of properly paired reads (%):	100.0
# First Fragment Qualities. Use `grep ^FFQ | cut -f 2-` to extract this part.
# Columns correspond to qualities and rows to cycles. First column is the cycle number.
FFQ	1	0	0	0	0	0	0	0	0	0	0	0	0	0	0	0	0	0	0	0	0	0	0	0	0	0	0	0	0	0	0	2004	0
FFQ	2	0	0	0	0	0	0	0	0	0	0	0	0	0	0	0	0	0	0	0	0	0	0	0	0	0	0	0	0	0	0	2004	0
FFQ	3	0	0	0	0	0	0	0	0	0	0	0	0	0	0	0	0	0	0	0	0	0	0	0	0	0	0	0	0	0	0	2004	0
FFQ	4	0	0	0	0	0	0	0	0	0	0	0	0	0	0	0	0	0	0	0	0	0	0	0	0	0	0	0	0	0	0	2004	0
FFQ	5	0	0	0	0	0	0	0	0	0	0	0	0	0	0	0	0	0	0	0	0	0	0	0	0	0	0	0	0	0	0	2004	0
FFQ	6	0	0	0	0	0	0	0	0	0	0	0	0	0	0	0	0	0	0	0	0	0	0	0	0	0	0	0	0	0	0	2004	0
FFQ	7	0	0	0	0	0	0	0	0	0	0	0	0	0	0	0	0	0	0	0	0	0	0	0	0	0	0	0	0	0	0	2004	0
FFQ	8	0	0	0	0	0	0	0	0	0	0	0	0	0	0	0	0	0	0	0	0	0	0	0	0	0	0	0	0	0	0	2004	0
FFQ	9	0	0	0	0	0	0	0	0	0	0	0	0	0	0	0	0	0	0	0	0	0	0	0	0	0	0	0	0	0	0	2004	0
FFQ	10	0	0	0	0	0	0	0	0	0	0	0	0	0	0	0	0	0	0	0	0	0	0	0	0	0	0	0	0	0	0	2004	0
FFQ	11	0	0	0	0	0	0	0	0	0	0	0	0	0	0	0	0	0	0	0	0	0	0	0	0	0	0	0	0	0	0	2004	0
FFQ	12	0	0	0	0	0	0	0	0	0	0	0	0	0	0	0	0	0	0	0	0	0	0	0	0	0	0	0	0	0	0	2004	0
FFQ	13	0	0	0	0	0	0	0	0	0	0	0	0	0	0	0	0	0	0	0	0	0	0	0	0	0	0	0	0	0	0	2004	0
FFQ	14	0	0	0	0	0	0	0	0	0	0	0	0	0	0	0	0	0	0	0	0	0	0	0	0	0	0	0	0	0	0	2004	0
FFQ	15	0	0	0	0	0	0	0	0	0	0	0	0	0	0	0	0	0	0	0	0	0	0	0	0	0	0	0	0	0	0	2004	0
FFQ	16	0	0	0	0	0	0	0	0	0	0	0	0	0	0	0	0	0	0	0	0	0	0	0	0	0	0	0	0	0	0	2004	0
FFQ	17	0	0	0	0	0	0	0	0	0	0	0	0	0	0	0	0	0	0	0	0	0	0	0	0	0	0	0	0	0	0	2004	0
FFQ	18	0	0	0	0	0	0	0	0	0	0	0	0	0	0	0	0	0	0	0	0	0	0	0	0	0	0	0	0	0	0	2004	0
FFQ	19	0	0	0	0	0	0	0	0	0	0	0	0	0	0	0	0	0	0	0	0	0	0	0	0	0	0	0	0	0	0	2004	0
FFQ	20	0	0	0	0	0	0	0	0	0	0	0	0	0	0	0	0	0	0	0	0	0	0	0	0	0	0	0	0	0	0	2004	0
FFQ	21	0	0	0	0	0	0	0	0	0	0	0	0	0	0	0	0	0	0	0	0	0	0	0	0	0	0	0	0	0	0	2004	0
FFQ	22	0	0	0	0	0	0	0	0	0	0	0	0	0	0	0	0	0	0	0	0	0	0	0	0	0	0	0	0	0	0	2004	0
FFQ	23	0	0	0	0	0	0	0	0	0	0	0	0	0	0	0	0	0	0	0	0	0	0	0	0	0	0	0	0	0	0	2004	0
FFQ	24	0	0	0	0	0	0	0	0	0	0	0	0	0	0	0	0	0	0	0	0	0	0	0	0	0	0	0	0	0	0	2004	0
FFQ	25	0	0	0	0	0	0	0	0	0	0	0	0	0	0	0	0	0	0	0	0	0	0	0	0	0	0	0	0	0	0	2004	0
FFQ	26	0	0	0	0	0	0	0	0	0	0	0	0	0	0	0	0	0	0	0	0	0	0	0	0	0	0	0	0	0	0	2004	0
FFQ	27	0	0	0	0	0	0	0	0	0	0	0	0	0	0	0	0	0	0	0	0	0	0	0	0	0	0	0	0	0	0	2004	0
FFQ	28	0	0	0	0	0	0	0	0	0	0	0	0	0	0	0	0	0	0	0	0	0	0	0	0	0	0	0	0	0	0	2004	0
FFQ	29	0	0	0	0	0	0	0	0	0	0	0	0	0	0	0	0	0	0	0	0	0	0	0	0	0	0	0	0	0	0	2004	0
FFQ	30	0	0	0	0	0	0	0	0	0	0	0	0	0	0	0	0	0	0	0	0	0	0	0	0	0	0	0	0	0	0	2004	0
FFQ	31	0	0	0	0	0	0	0	0	0	0	0	0	0	0	0	0	0	0	0	0	0	0	0	0	0	0	0	0	0	0	2004	0
FFQ	32	0	0	0	0	0	0	0	0	0	0	0	0	0	0	0	0	0	0	0	0	0	0	0	0	0	0	0	0	0	0	2004	0
FFQ	33	0	0	0	0	0	0	0	0	0	0	0	0	0	0	0	0	0	0	0	0	0	0	0	0	0	0	0	0	0	0	2004	0
FFQ	34	0	0	0	0	0	0	0	0	0	0	0	0	0	0	0	0	0	0	0	0	0	0	0	0	0	0	0	0	0	0	2004	0
FFQ	35	0	0	0	0	0	0	0	0	0	0	0	0	0	0	0	0	0	0	0	0	0	0	0	0	0	0	0	0	0	0	2004	0
FFQ	36	0	0	0	0	0	0	0	0	0	0	0	0	0	0	0	0	0	0	0	0	0	0	0	0	0	0	0	0	0	0	2004	0
FFQ	37	0	0	0	0	0	0	0	0	0	0	0	0	0	0	0	0	0	0	0	0	0	0	0	0	0	0	0	0	0	0	2004	0
FFQ	38	0	0	0	0	0	0	0	0	0	0	0	0	0	0	0	0	0	0	0	0	0	0	0	0	0	0	0	0	0	0	2004	0
FFQ	39	0	0	0	0	0	0	0	0	0	0	0	0	0	0	0	0	0	0	0	0	0	0	0	0	0	0	0	0	0	0	2004	0
FFQ	40	0	0	0	0	0	0	0	0	0	0	0	0	0	0	0	0	0	0	0	0	0	0	0	0	0	0	0	0	0	0	2004	0
FFQ	41	0	0	0	0	0	0	0	0	0	0	0	0	0	0	0	0	0	0	0	0	0	0	0	0	0	0	0	0	0	0	2004	0
FFQ	42	0	0	0	0	0	0	0	0	0	0	0	0	0	0	0	0	0	0	0	0	0	0	0	0	0	0	0	0	0	0	2004	0
FFQ	43	0	0	0	0	0	0	0	0	0	0	0	0	0	0	0	0	0	0	0	0	0	0	0	0	0	0	0	0	0	0	2004	0
FFQ	44	0	0	0	0	0	0	0	0	0	0	0	0	0	0	0	0	0	0	0	0	0	0	0	0	0	0	0	0	0	0	2004	0
FFQ	45	0	0	0	0	0	0	0	0	0	0	0	0	0	0	0	0	0	0	0	0	0	0	0	0	0	0	0	0	0	0	2004	0
FFQ	46	0	0	0	0	0	0	0	0	0	0	0	0	0	0	0	0	0	0	0	0	0	0	0	0	0	0	0	0	0	0	2004	0
FFQ	47	0	0	0	0	0	0	0	0	0	0	0	0	0	0	0	0	0	0	0	0	0	0	0	0	0	0	0	0	0	0	2004	0
FFQ	48	0	0	0	0	0	0	0	0	0	0	0	0	0	0	0	0	0	0	0	0	0	0	0	0	0	0	0	0	0	0	2004	0
FFQ	49	0	0	0	0	0	0	0	0	0	0	0	0	0	0	0	0	0	0	0	0	0	0	0	0	0	0	0	0	0	0	2004	0
FFQ	50	0	0	0	0	0	0	0	0	0	0	0	0	0	0	0	0	0	0	0	0	0	0	0	0	0	0	0	0	0	0	2004	0
FFQ	51	0	0	0	0	0	0	0	0	0	0	0	0	0	0	0	0	0	0	0	0	0	0	0	0	0	0	0	0	0	0	2004	0
FFQ	52	0	0	0	0	0	0	0	0	0	0	0	0	0	0	0	0	0	0	0	0	0	0	0	0	0	0	0	0	0	0	2004	0
FFQ	53	0	0	0	0	0	0	0	0	0	0	0	0	0	0	0	0	0	0	0	0	0	0	0	0	0	0	0	0	0	0	2004	0
FFQ	54	0	0	0	0	0	0	0	0	0	0	0	0	0	0	0	0	0	0	0	0	0	0	0	0	0	0	0	0	0	0	2004	0
FFQ	55	0	0	0	0	0	0	0	0	0	0	0	0	0	0	0	0	0	0	0	0	0	0	0	0	0	0	0	0	0	0	2004	0
FFQ	56	0	0	0	0	0	0	0	0	0	0	0	0	0	0	0	0	0	0	0	0	0	0	0	0	0	0	0	0	0	0	2004	0
FFQ	57	0	0	0	0	0	0	0	0	0	0	0	0	0	0	0	0	0	0	0	0	0	0	0	0	0	0	0	0	0	0	2004	0
FFQ	58	0	0	0	0	0	0	0	0	0	0	0	0	0	0	0	0	0	0	0	0	0	0	0	0	0	0	0	0	0	0	2004	0
FFQ	59	0	0	0	0	0	0	0	0	0	0	0	0	0	0	0	0	0	0	0	0	0	0	0	0	0	0	0	0	0	0	2004	0
FFQ	60	0	0	0	0	0	0	0	0	0	0	0	0	0	0	0	0	0	0	0	0	0	0	0	0	0	0	0	0	0	0	2004	0
FFQ	61	0	0	0	0	0	0	0	0	0	0	0	0	0	0	0	0	0	0	0	0	0	0	0	0	0	0	0	0	0	0	2004	0
FFQ	62	0	0	0	0	0	0	0	0	0	0	0	0	0	0	0	0	0	0	0	0	0	0	0	0	0	0	0	0	0	0	2004	0
FFQ	63	0	0	0	0	0	0	0	0	0	0	0	0	0	0	0	0	0	0	0	0	0	0	0	0	0	0	0	0	0	0	2004	0
FFQ	64	0	0	0	0	0	0	0	0	0	0	0	0	0	0	0	0	0	0	0	0	0	0	0	0	0	0	0	0	0	0	2004	0
FFQ	65	0	0	0	0	0	0	0	0	0	0	0	0	0	0	0	0	0	0	0	0	0	0	0	0	0	0	0	0	0	0	2004	0
FFQ	66	0	0	0	0	0	0	0	0	0	0	0	0	0	0	0	0	0	0	0	0	0	0	0	0	0	0	0	0	0	0	2004	0
FFQ	67	0	0	0	0	0	0	0	0	0	0	0	0	0	0	0	0	0	0	0	0	0	0	0	0	0	0	0	0	0	0	2004	0
FFQ	68	0	0	0	0	0	0	0	0	0	0	0	0	0	0	0	0	0	0	0	0	0	0	0	0	0	0	0	0	0	0	2004	0
FFQ	69	0	0	0	0	0	0	0	0	0	0	0	0	0	0	0	0	0	0	0	0	0	0	0	0	0	0	0	0	0	0	2004	0
FFQ	70	0	0	0	0	0	0	0	0	0	0	0	0	0	0	0	0	0	0	0	0	0	0	0	0	0	0	0	0	0	0	2004	0
FFQ	71	0	0	0	0	0	0	0	0	0	0	0	0	0	0	0	0	0	0	0	0	0	0	0	0	0	0	0	0	0	0	2004	0
FFQ	72	0	0	0	0	0	0	0	0	0	0	0	0	0	0	0	0	0	0	0	0	0	0	0	0	0	0	0	0	0	0	2004	0
FFQ	73	0	0	0	0	0	0	0	0	0	0	0	0	0	0	0	0	0	0	0	0	0	0	0	0	0	0	0	0	0	0	2004	0
FFQ	74	0	0	0	0	0	0	0	0	0	0	0	0	0	0	0	0	0	0	0	0	0	0	0	0	0	0	0	0	0	0	2004	0
FFQ	75	0	0	0	0	0	0	0	0	0	0	0	0	0	0	0	0	0	0	0	0	0	0	0	0	0	0	0	0	0	0	2004	0
FFQ	76	0	0	0	0	0	0	0	0	0	0	0	0	0	0	0	0	0	0	0	0	0	0	0	0	0	0	0	0	0	0	2004	0
FFQ	77	0	0	0	0	0	0	0	0	0	0	0	0	0	0	0	0	0	0	0	0	0	0	0	0	0	0	0	0	0	0	2004	0
FFQ	78	0	0	0	0	0	0	0	0	0	0	0	0	0	0	0	0	0	0	0	0	0	0	0	0	0	0	0	0	0	0	2004	0
FFQ	79	0	0	0	0	0	0	0	0	0	0	0	0	0	0	0	0	0	0	0	0	0	0	0	0	0	0	0	0	0	0	2004	0
FFQ	80	0	0	0	0	0	0	0	0	0	0	0	0	0	0	0	0	0	0	0	0	0	0	0	0	0	0	0	0	0	0	2004	0
FFQ	81	0	0	0	0	0	0	0	0	0	0	0	0	0	0	0	0	0	0	0	0	0	0	0	0	0	0	0	0	0	0	2004	0
FFQ	82	0	0	0	0	0	0	0	0	0	0	0	0	0	0	0	0	0	0	0	0	0	0	0	0	0	0	0	0	0	0	2004	0
FFQ	83	0	0	0	0	0	0	0	0	0	0	0	0	0	0	0	0	0	0	0	0	0	0	0	0	0	0	0	0	0	0	2004	0
FFQ	84	0	0	0	0	0	0	0	0	0	0	0	0	0	0	0	0	0	0	0	0	0	0	0	0	0	0	0	0	0	0	2004	0
FFQ	85	0	0	0	0	0	0	0	0	0	0	0	0	0	0	0	0	0	0	0	0	0	0	0	0	0	0	0	0	0	0	2004	0
FFQ	86	0	0	0	0	0	0	0	0	0	0	0	0	0	0	0	0	0	0	0	0	0	0	0	0	0	0	0	0	0	0	2004	0
FFQ	87	0	0	0	0	0	0	0	0	0	0	0	0	0	0	0	0	0	0	0	0	0	0	0	0	0	0	0	0	0	0	2004	0
FFQ	88	0	0	0	0	0	0	0	0	0	0	0	0	0	0	0	0	0	0	0	0	0	0	0	0	0	0	0	0	0	0	2004	0
FFQ	89	0	0	0	0	0	0	0	0	0	0	0	0	0	0	0	0	0	0	0	0	0	0	0	0	0	0	0	0	0	0	2004	0
FFQ	90	0	0	0	0	0	0	0	0	0	0	0	0	0	0	0	0	0	0	0	0	0	0	0	0	0	0	0	0	0	0	2004	0
FFQ	91	0	0	0	0	0	0	0	0	0	0	0	0	0	0	0	0	0	0	0	0	0	0	0	0	0	0	0	0	0	0	2004	0
FFQ	92	0	0	0	0	0	0	0	0	0	0	0	0	0	0	0	0	0	0	0	0	0	0	0	0	0	0	0	0	0	0	2004	0
FFQ	93	0	0	0	0	0	0	0	0	0	0	0	0	0	0	0	0	0	0	0	0	0	0	0	0	0	0	0	0	0	0	2004	0
FFQ	94	0	0	0	0	0	0	0	0	0	0	0	0	0	0	0	0	0	0	0	0	0	0	0	0	0	0	0	0	0	0	2004	0
FFQ	95	0	0	0	0	0	0	0	0	0	0	0	0	0	0	0	0	0	0	0	0	0	0	0	0	0	0	0	0	0	0	2004	0
FFQ	96	0	0	0	0	0	0	0	0	0	0	0	0	0	0	0	0	0	0	0	0	0	0	0	0	0	0	0	0	0	0	2004	0
FFQ	97	0	0	0	0	0	0	0	0	0	0	0	0	0	0	0	0	0	0	0	0	0	0	0	0	0	0	0	0	0	0	2004	0
FFQ	98	0	0	0	0	0	0	0	0	0	0	0	0	0	0	0	0	0	0	0	0	0	0	0	0	0	0	0	0	0	0	2004	0
FFQ	99	0	0	0	0	0	0	0	0	0	0	0	0	0	0	0	0	0	0	0	0	0	0	0	0	0	0	0	0	0	0	2004	0
FFQ	100	0	0	0	0	0	0	0	0	0	0	0	0	0	0	0	0	0	0	0	0	0	0	0	0	0	0	0	0	0	0	2004	0
FFQ	101	0	0	0	0	0	0	0	0	0	0	0	0	0	0	0	0	0	0	0	0	0	0	0	0	0	0	0	0	0	0	2004	0
FFQ	102	0	0	0	0	0	0	0	0	0	0	0	0	0	0	0	0	0	0	0	0	0	0	0	0	0	0	0	0	0	0	2004	0
FFQ	103	0	0	0	0	0	0	0	0	0	0	0	0	0	0	0	0	0	0	0	0	0	0	0	0	0	0	0	0	0	0	2004	0
FFQ	104	0	0	0	0	0	0	0	0	0	0	0	0	0	0	0	0	0	0	0	0	0	0	0	0	0	0	0	0	0	0	2004	0
FFQ	105	0	0	0	0	0	0	0	0	0	0	0	0	0	0	0	0	0	0	0	0	0	0	0	0	0	0	0	0	0	0	2004	0
FFQ	106	0	0	0	0	0	0	0	0	0	0	0	0	0	0	0	0	0	0	0	0	0	0	0	0	0	0	0	0	0	0	2004	0
FFQ	107	0	0	0	0	0	0	0	0	0	0	0	0	0	0	0	0	0	0	0	0	0	0	0	0	0	0	0	0	0	0	2004	0
FFQ	108	0	0	0	0	0	0	0	0	0	0	0	0	0	0	0	0	0	0	0	0	0	0	0	0	0	0	0	0	0	0	2004	0
FFQ	109	0	0	0	0	0	0	0	0	0	0	0	0	0	0	0	0	0	0	0	0	0	0	0	0	0	0	0	0	0	0	2004	0
FFQ	110	0	0	0	0	0	0	0	0	0	0	0	0	0	0	0	0	0	0	0	0	0	0	0	0	0	0	0	0	0	0	2004	0
FFQ	111	0	0	0	0	0	0	0	0	0	0	0	0	0	0	0	0	0	0	0	0	0	0	0	0	0	0	0	0	0	0	2004	0
FFQ	112	0	0	0	0	0	0	0	0	0	0	0	0	0	0	0	0	0	0	0	0	0	0	0	0	0	0	0	0	0	0	2004	0
FFQ	113	0	0	0	0	0	0	0	0	0	0	0	0	0	0	0	0	0	0	0	0	0	0	0	0	0	0	0	0	0	0	2004	0
FFQ	114	0	0	0	0	0	0	0	0	0	0	0	0	0	0	0	0	0	0	0	0	0	0	0	0	0	0	0	0	0	0	2004	0
FFQ	115	0	0	0	0	0	0	0	0	0	0	0	0	0	0	0	0	0	0	0	0	0	0	0	0	0	0	0	0	0	0	2004	0
FFQ	116	0	0	0	0	0	0	0	0	0	0	0	0	0	0	0	0	0	0	0	0	0	0	0	0	0	0	0	0	0	0	2004	0
FFQ	117	0	0	0	0	0	0	0	0	0	0	0	0	0	0	0	0	0	0	0	0	0	0	0	0	0	0	0	0	0	0	2004	0
FFQ	118	0	0	0	0	0	0	0	0	0	0	0	0	0	0	0	0	0	0	0	0	0	0	0	0	0	0	0	0	0	0	2004	0
FFQ	119	0	0	0	0	0	0	0	0	0	0	0	0	0	0	0	0	0	0	0	0	0	0	0	0	0	0	0	0	0	0	2004	0
FFQ	120	0	0	0	0	0	0	0	0	0	0	0	0	0	0	0	0	0	0	0	0	0	0	0	0	0	0	0	0	0	0	2004	0
FFQ	121	0	0	0	0	0	0	0	0	0	0	0	0	0	0	0	0	0	0	0	0	0	0	0	0	0	0	0	0	0	0	2004	0
FFQ	122	0	0	0	0	0	0	0	0	0	0	0	0	0	0	0	0	0	0	0	0	0	0	0	0	0	0	0	0	0	0	2004	0
FFQ	123	0	0	0	0	0	0	0	0	0	0	0	0	0	0	0	0	0	0	0	0	0	0	0	0	0	0	0	0	0	0	2004	0
FFQ	124	0	0	0	0	0	0	0	0	0	0	0	0	0	0	0	0	0	0	0	0	0	0	0	0	0	0	0	0	0	0	2004	0
FFQ	125	0	0	0	0	0	0	0	0	0	0	0	0	0	0	0	0	0	0	0	0	0	0	0	0	0	0	0	0	0	0	2004	0
FFQ	126	0	0	0	0	0	0	0	0	0	0	0	0	0	0	0	0	0	0	0	0	0	0	0	0	0	0	0	0	0	0	2004	0
FFQ	127	0	0	0	0	0	0	0	0	0	0	0	0	0	0	0	0	0	0	0	0	0	0	0	0	0	0	0	0	0	0	2004	0
FFQ	128	0	0	0	0	0	0	0	0	0	0	0	0	0	0	0	0	0	0	0	0	0	0	0	0	0	0	0	0	0	0	2004	0
FFQ	129	0	0	0	0	0	0	0	0	0	0	0	0	0	0	0	0	0	0	0	0	0	0	0	0	0	0	0	0	0	0	2004	0
FFQ	130	0	0	0	0	0	0	0	0	0	0	0	0	0	0	0	0	0	0	0	0	0	0	0	0	0	0	0	0	0	0	2004	0
FFQ	131	0	0	0	0	0	0	0	0	0	0	0	0	0	0	0	0	0	0	0	0	0	0	0	0	0	0	0	0	0	0	2004	0
FFQ	132	0	0	0	0	0	0	0	0	0	0	0	0	0	0	0	0	0	0	0	0	0	0	0	0	0	0	0	0	0	0	2004	0
FFQ	133	0	0	0	0	0	0	0	0	0	0	0	0	0	0	0	0	0	0	0	0	0	0	0	0	0	0	0	0	0	0	2004	0
FFQ	134	0	0	0	0	0	0	0	0	0	0	0	0	0	0	0	0	0	0	0	0	0	0	0	0	0	0	0	0	0	0	2004	0
FFQ	135	0	0	0	0	0	0	0	0	0	0	0	0	0	0	0	0	0	0	0	0	0	0	0	0	0	0	0	0	0	0	2004	0
FFQ	136	0	0	0	0	0	0	0	0	0	0	0	0	0	0	0	0	0	0	0	0	0	0	0	0	0	0	0	0	0	0	2004	0
FFQ	137	0	0	0	0	0	0	0	0	0	0	0	0	0	0	0	0	0	0	0	0	0	0	0	0	0	0	0	0	0	0	2004	0
FFQ	138	0	0	0	0	0	0	0	0	0	0	0	0	0	0	0	0	0	0	0	0	0	0	0	0	0	0	0	0	0	0	2004	0
FFQ	139	0	0	0	0	0	0	0	0	0	0	0	0	0	0	0	0	0	0	0	0	0	0	0	0	0	0	0	0	0	0	2004	0
FFQ	140	0	0	0	0	0	0	0	0	0	0	0	0	0	0	0	0	0	0	0	0	0	0	0	0	0	0	0	0	0	0	2004	0
FFQ	141	0	0	0	0	0	0	0	0	0	0	0	0	0	0	0	0	0	0	0	0	0	0	0	0	0	0	0	0	0	0	2004	0
FFQ	142	0	0	0	0	0	0	0	0	0	0	0	0	0	0	0	0	0	0	0	0	0	0	0	0	0	0	0	0	0	0	2004	0
FFQ	143	0	0	0	0	0	0	0	0	0	0	0	0	0	0	0	0	0	0	0	0	0	0	0	0	0	0	0	0	0	0	2004	0
FFQ	144	0	0	0	0	0	0	0	0	0	0	0	0	0	0	0	0	0	0	0	0	0	0	0	0	0	0	0	0	0	0	2004	0
FFQ	145	0	0	0	0	0	0	0	0	0	0	0	0	0	0	0	0	0	0	0	0	0	0	0	0	0	0	0	0	0	0	2004	0
FFQ	146	0	0	0	0	0	0	0	0	0	0	0	0	0	0	0	0	0	0	0	0	0	0	0	0	0	0	0	0	0	0	2004	0
FFQ	147	0	0	0	0	0	0	0	0	0	0	0	0	0	0	0	0	0	0	0	0	0	0	0	0	0	0	0	0	0	0	2004	0
FFQ	148	0	0	0	0	0	0	0	0	0	0	0	0	0	0	0	0	0	0	0	0	0	0	0	0	0	0	0	0	0	0	2004	0
FFQ	149	0	0	0	0	0	0	0	0	0	0	0	0	0	0	0	0	0	0	0	0	0	0	0	0	0	0	0	0	0	0	2004	0
FFQ	150	0	0	0	0	0	0	0	0	0	0	0	0	0	0	0	0	0	0	0	0	0	0	0	0	0	0	0	0	0	0	2004	0
# Last Fragment Qualities. Use `grep ^LFQ | cut -f 2-` to extract this part.
# Columns correspond to qualities and rows to cycles. First column is the cycle number.
LFQ	1	0	0	0	0	0	0	0	0	0	0	0	0	0	0	0	0	0	0	0	0	0	0	0	0	0	0	0	0	0	0	2004	0
LFQ	2	0	0	0	0	0	0	0	0	0	0	0	0	0	0	0	0	0	0	0	0	0	0	0	0	0	0	0	0	0	0	2004	0
LFQ	3	0	0	0	0	0	0	0	0	0	0	0	0	0	0	0	0	0	0	0	0	0	0	0	0	0	0	0	0	0	0	2004	0
LFQ	4	0	0	0	0	0	0	0	0	0	0	0	0	0	0	0	0	0	0	0	0	0	0	0	0	0	0	0	0	0	0	2004	0
LFQ	5	0	0	0	0	0	0	0	0	0	0	0	0	0	0	0	0	0	0	0	0	0	0	0	0	0	0	0	0	0	0	2004	0
LFQ	6	0	0	0	0	0	0	0	0	0	0	0	0	0	0	0	0	0	0	0	0	0	0	0	0	0	0	0	0	0	0	2004	0
LFQ	7	0	0	0	0	0	0	0	0	0	0	0	0	0	0	0	0	0	0	0	0	0	0	0	0	0	0	0	0	0	0	2004	0
LFQ	8	0	0	0	0	0	0	0	0	0	0	0	0	0	0	0	0	0	0	0	0	0	0	0	0	0	0	0	0	0	0	2004	0
LFQ	9	0	0	0	0	0	0	0	0	0	0	0	0	0	0	0	0	0	0	0	0	0	0	0	0	0	0	0	0	0	0	2004	0
LFQ	10	0	0	0	0	0	0	0	0	0	0	0	0	0	0	0	0	0	0	0	0	0	0	0	0	0	0	0	0	0	0	2004	0
LFQ	11	0	0	0	0	0	0	0	0	0	0	0	0	0	0	0	0	0	0	0	0	0	0	0	0	0	0	0	0	0	0	2004	0
LFQ	12	0	0	0	0	0	0	0	0	0	0	0	0	0	0	0	0	0	0	0	0	0	0	0	0	0	0	0	0	0	0	2004	0
LFQ	13	0	0	0	0	0	0	0	0	0	0	0	0	0	0	0	0	0	0	0	0	0	0	0	0	0	0	0	0	0	0	2004	0
LFQ	14	0	0	0	0	0	0	0	0	0	0	0	0	0	0	0	0	0	0	0	0	0	0	0	0	0	0	0	0	0	0	2004	0
LFQ	15	0	0	0	0	0	0	0	0	0	0	0	0	0	0	0	0	0	0	0	0	0	0	0	0	0	0	0	0	0	0	2004	0
LFQ	16	0	0	0	0	0	0	0	0	0	0	0	0	0	0	0	0	0	0	0	0	0	0	0	0	0	0	0	0	0	0	2004	0
LFQ	17	0	0	0	0	0	0	0	0	0	0	0	0	0	0	0	0	0	0	0	0	0	0	0	0	0	0	0	0	0	0	2004	0
LFQ	18	0	0	0	0	0	0	0	0	0	0	0	0	0	0	0	0	0	0	0	0	0	0	0	0	0	0	0	0	0	0	2004	0
LFQ	19	0	0	0	0	0	0	0	0	0	0	0	0	0	0	0	0	0	0	0	0	0	0	0	0	0	0	0	0	0	0	2004	0
LFQ	20	0	0	0	0	0	0	0	0	0	0	0	0	0	0	0	0	0	0	0	0	0	0	0	0	0	0	0	0	0	0	2004	0
LFQ	21	0	0	0	0	0	0	0	0	0	0	0	0	0	0	0	0	0	0	0	0	0	0	0	0	0	0	0	0	0	0	2004	0
LFQ	22	0	0	0	0	0	0	0	0	0	0	0	0	0	0	0	0	0	0	0	0	0	0	0	0	0	0	0	0	0	0	2004	0
LFQ	23	0	0	0	0	0	0	0	0	0	0	0	0	0	0	0	0	0	0	0	0	0	0	0	0	0	0	0	0	0	0	2004	0
LFQ	24	0	0	0	0	0	0	0	0	0	0	0	0	0	0	0	0	0	0	0	0	0	0	0	0	0	0	0	0	0	0	2004	0
LFQ	25	0	0	0	0	0	0	0	0	0	0	0	0	0	0	0	0	0	0	0	0	0	0	0	0	0	0	0	0	0	0	2004	0
LFQ	26	0	0	0	0	0	0	0	0	0	0	0	0	0	0	0	0	0	0	0	0	0	0	0	0	0	0	0	0	0	0	2004	0
LFQ	27	0	0	0	0	0	0	0	0	0	0	0	0	0	0	0	0	0	0	0	0	0	0	0	0	0	0	0	0	0	0	2004	0
LFQ	28	0	0	0	0	0	0	0	0	0	0	0	0	0	0	0	0	0	0	0	0	0	0	0	0	0	0	0	0	0	0	2004	0
LFQ	29	0	0	0	0	0	0	0	0	0	0	0	0	0	0	0	0	0	0	0	0	0	0	0	0	0	0	0	0	0	0	2004	0
LFQ	30	0	0	0	0	0	0	0	0	0	0	0	0	0	0	0	0	0	0	0	0	0	0	0	0	0	0	0	0	0	0	2004	0
LFQ	31	0	0	0	0	0	0	0	0	0	0	0	0	0	0	0	0	0	0	0	0	0	0	0	0	0	0	0	0	0	0	2004	0
LFQ	32	0	0	0	0	0	0	0	0	0	0	0	0	0	0	0	0	0	0	0	0	0	0	0	0	0	0	0	0	0	0	2004	0
LFQ	33	0	0	0	0	0	0	0	0	0	0	0	0	0	0	0	0	0	0	0	0	0	0	0	0	0	0	0	0	0	0	2004	0
LFQ	34	0	0	0	0	0	0	0	0	0	0	0	0	0	0	0	0	0	0	0	0	0	0	0	0	0	0	0	0	0	0	2004	0
LFQ	35	0	0	0	0	0	0	0	0	0	0	0	0	0	0	0	0	0	0	0	0	0	0	0	0	0	0	0	0	0	0	2004	0
LFQ	36	0	0	0	0	0	0	0	0	0	0	0	0	0	0	0	0	0	0	0	0	0	0	0	0	0	0	0	0	0	0	2004	0
LFQ	37	0	0	0	0	0	0	0	0	0	0	0	0	0	0	0	0	0	0	0	0	0	0	0	0	0	0	0	0	0	0	2004	0
LFQ	38	0	0	0	0	0	0	0	0	0	0	0	0	0	0	0	0	0	0	0	0	0	0	0	0	0	0	0	0	0	0	2004	0
LFQ	39	0	0	0	0	0	0	0	0	0	0	0	0	0	0	0	0	0	0	0	0	0	0	0	0	0	0	0	0	0	0	2004	0
LFQ	40	0	0	0	0	0	0	0	0	0	0	0	0	0	0	0	0	0	0	0	0	0	0	0	0	0	0	0	0	0	0	2004	0
LFQ	41	0	0	0	0	0	0	0	0	0	0	0	0	0	0	0	0	0	0	0	0	0	0	0	0	0	0	0	0	0	0	2004	0
LFQ	42	0	0	0	0	0	0	0	0	0	0	0	0	0	0	0	0	0	0	0	0	0	0	0	0	0	0	0	0	0	0	2004	0
LFQ	43	0	0	0	0	0	0	0	0	0	0	0	0	0	0	0	0	0	0	0	0	0	0	0	0	0	0	0	0	0	0	2004	0
LFQ	44	0	0	0	0	0	0	0	0	0	0	0	0	0	0	0	0	0	0	0	0	0	0	0	0	0	0	0	0	0	0	2004	0
LFQ	45	0	0	0	0	0	0	0	0	0	0	0	0	0	0	0	0	0	0	0	0	0	0	0	0	0	0	0	0	0	0	2004	0
LFQ	46	0	0	0	0	0	0	0	0	0	0	0	0	0	0	0	0	0	0	0	0	0	0	0	0	0	0	0	0	0	0	2004	0
LFQ	47	0	0	0	0	0	0	0	0	0	0	0	0	0	0	0	0	0	0	0	0	0	0	0	0	0	0	0	0	0	0	2004	0
LFQ	48	0	0	0	0	0	0	0	0	0	0	0	0	0	0	0	0	0	0	0	0	0	0	0	0	0	0	0	0	0	0	2004	0
LFQ	49	0	0	0	0	0	0	0	0	0	0	0	0	0	0	0	0	0	0	0	0	0	0	0	0	0	0	0	0	0	0	2004	0
LFQ	50	0	0	0	0	0	0	0	0	0	0	0	0	0	0	0	0	0	0	0	0	0	0	0	0	0	0	0	0	0	0	2004	0
LFQ	51	0	0	0	0	0	0	0	0	0	0	0	0	0	0	0	0	0	0	0	0	0	0	0	0	0	0	0	0	0	0	2004	0
LFQ	52	0	0	0	0	0	0	0	0	0	0	0	0	0	0	0	0	0	0	0	0	0	0	0	0	0	0	0	0	0	0	2004	0
LFQ	53	0	0	0	0	0	0	0	0	0	0	0	0	0	0	0	0	0	0	0	0	0	0	0	0	0	0	0	0	0	0	2004	0
LFQ	54	0	0	0	0	0	0	0	0	0	0	0	0	0	0	0	0	0	0	0	0	0	0	0	0	0	0	0	0	0	0	2004	0
LFQ	55	0	0	0	0	0	0	0	0	0	0	0	0	0	0	0	0	0	0	0	0	0	0	0	0	0	0	0	0	0	0	2004	0
LFQ	56	0	0	0	0	0	0	0	0	0	0	0	0	0	0	0	0	0	0	0	0	0	0	0	0	0	0	0	0	0	0	2004	0
LFQ	57	0	0	0	0	0	0	0	0	0	0	0	0	0	0	0	0	0	0	0	0	0	0	0	0	0	0	0	0	0	0	2004	0
LFQ	58	0	0	0	0	0	0	0	0	0	0	0	0	0	0	0	0	0	0	0	0	0	0	0	0	0	0	0	0	0	0	2004	0
LFQ	59	0	0	0	0	0	0	0	0	0	0	0	0	0	0	0	0	0	0	0	0	0	0	0	0	0	0	0	0	0	0	2004	0
LFQ	60	0	0	0	0	0	0	0	0	0	0	0	0	0	0	0	0	0	0	0	0	0	0	0	0	0	0	0	0	0	0	2004	0
LFQ	61	0	0	0	0	0	0	0	0	0	0	0	0	0	0	0	0	0	0	0	0	0	0	0	0	0	0	0	0	0	0	2004	0
LFQ	62	0	0	0	0	0	0	0	0	0	0	0	0	0	0	0	0	0	0	0	0	0	0	0	0	0	0	0	0	0	0	2004	0
LFQ	63	0	0	0	0	0	0	0	0	0	0	0	0	0	0	0	0	0	0	0	0	0	0	0	0	0	0	0	0	0	0	2004	0
LFQ	64	0	0	0	0	0	0	0	0	0	0	0	0	0	0	0	0	0	0	0	0	0	0	0	0	0	0	0	0	0	0	2004	0
LFQ	65	0	0	0	0	0	0	0	0	0	0	0	0	0	0	0	0	0	0	0	0	0	0	0	0	0	0	0	0	0	0	2004	0
LFQ	66	0	0	0	0	0	0	0	0	0	0	0	0	0	0	0	0	0	0	0	0	0	0	0	0	0	0	0	0	0	0	2004	0
LFQ	67	0	0	0	0	0	0	0	0	0	0	0	0	0	0	0	0	0	0	0	0	0	0	0	0	0	0	0	0	0	0	2004	0
LFQ	68	0	0	0	0	0	0	0	0	0	0	0	0	0	0	0	0	0	0	0	0	0	0	0	0	0	0	0	0	0	0	2004	0
LFQ	69	0	0	0	0	0	0	0	0	0	0	0	0	0	0	0	0	0	0	0	0	0	0	0	0	0	0	0	0	0	0	2004	0
LFQ	70	0	0	0	0	0	0	0	0	0	0	0	0	0	0	0	0	0	0	0	0	0	0	0	0	0	0	0	0	0	0	2004	0
LFQ	71	0	0	0	0	0	0	0	0	0	0	0	0	0	0	0	0	0	0	0	0	0	0	0	0	0	0	0	0	0	0	2004	0
LFQ	72	0	0	0	0	0	0	0	0	0	0	0	0	0	0	0	0	0	0	0	0	0	0	0	0	0	0	0	0	0	0	2004	0
LFQ	73	0	0	0	0	0	0	0	0	0	0	0	0	0	0	0	0	0	0	0	0	0	0	0	0	0	0	0	0	0	0	2004	0
LFQ	74	0	0	0	0	0	0	0	0	0	0	0	0	0	0	0	0	0	0	0	0	0	0	0	0	0	0	0	0	0	0	2004	0
LFQ	75	0	0	0	0	0	0	0	0	0	0	0	0	0	0	0	0	0	0	0	0	0	0	0	0	0	0	0	0	0	0	2004	0
LFQ	76	0	0	0	0	0	0	0	0	0	0	0	0	0	0	0	0	0	0	0	0	0	0	0	0	0	0	0	0	0	0	2004	0
LFQ	77	0	0	0	0	0	0	0	0	0	0	0	0	0	0	0	0	0	0	0	0	0	0	0	0	0	0	0	0	0	0	2004	0
LFQ	78	0	0	0	0	0	0	0	0	0	0	0	0	0	0	0	0	0	0	0	0	0	0	0	0	0	0	0	0	0	0	2004	0
LFQ	79	0	0	0	0	0	0	0	0	0	0	0	0	0	0	0	0	0	0	0	0	0	0	0	0	0	0	0	0	0	0	2004	0
LFQ	80	0	0	0	0	0	0	0	0	0	0	0	0	0	0	0	0	0	0	0	0	0	0	0	0	0	0	0	0	0	0	2004	0
LFQ	81	0	0	0	0	0	0	0	0	0	0	0	0	0	0	0	0	0	0	0	0	0	0	0	0	0	0	0	0	0	0	2004	0
LFQ	82	0	0	0	0	0	0	0	0	0	0	0	0	0	0	0	0	0	0	0	0	0	0	0	0	0	0	0	0	0	0	2004	0
LFQ	83	0	0	0	0	0	0	0	0	0	0	0	0	0	0	0	0	0	0	0	0	0	0	0	0	0	0	0	0	0	0	2004	0
LFQ	84	0	0	0	0	0	0	0	0	0	0	0	0	0	0	0	0	0	0	0	0	0	0	0	0	0	0	0	0	0	0	2004	0
LFQ	85	0	0	0	0	0	0	0	0	0	0	0	0	0	0	0	0	0	0	0	0	0	0	0	0	0	0	0	0	0	0	2004	0
LFQ	86	0	0	0	0	0	0	0	0	0	0	0	0	0	0	0	0	0	0	0	0	0	0	0	0	0	0	0	0	0	0	2004	0
LFQ	87	0	0	0	0	0	0	0	0	0	0	0	0	0	0	0	0	0	0	0	0	0	0	0	0	0	0	0	0	0	0	2004	0
LFQ	88	0	0	0	0	0	0	0	0	0	0	0	0	0	0	0	0	0	0	0	0	0	0	0	0	0	0	0	0	0	0	2004	0
LFQ	89	0	0	0	0	0	0	0	0	0	0	0	0	0	0	0	0	0	0	0	0	0	0	0	0	0	0	0	0	0	0	2004	0
LFQ	90	0	0	0	0	0	0	0	0	0	0	0	0	0	0	0	0	0	0	0	0	0	0	0	0	0	0	0	0	0	0	2004	0
LFQ	91	0	0	0	0	0	0	0	0	0	0	0	0	0	0	0	0	0	0	0	0	0	0	0	0	0	0	0	0	0	0	2004	0
LFQ	92	0	0	0	0	0	0	0	0	0	0	0	0	0	0	0	0	0	0	0	0	0	0	0	0	0	0	0	0	0	0	2004	0
LFQ	93	0	0	0	0	0	0	0	0	0	0	0	0	0	0	0	0	0	0	0	0	0	0	0	0	0	0	0	0	0	0	2004	0
LFQ	94	0	0	0	0	0	0	0	0	0	0	0	0	0	0	0	0	0	0	0	0	0	0	0	0	0	0	0	0	0	0	2004	0
LFQ	95	0	0	0	0	0	0	0	0	0	0	0	0	0	0	0	0	0	0	0	0	0	0	0	0	0	0	0	0	0	0	2004	0
LFQ	96	0	0	0	0	0	0	0	0	0	0	0	0	0	0	0	0	0	0	0	0	0	0	0	0	0	0	0	0	0	0	2004	0
LFQ	97	0	0	0	0	0	0	0	0	0	0	0	0	0	0	0	0	0	0	0	0	0	0	0	0	0	0	0	0	0	0	2004	0
LFQ	98	0	0	0	0	0	0	0	0	0	0	0	0	0	0	0	0	0	0	0	0	0	0	0	0	0	0	0	0	0	0	2004	0
LFQ	99	0	0	0	0	0	0	0	0	0	0	0	0	0	0	0	0	0	0	0	0	0	0	0	0	0	0	0	0	0	0	2004	0
LFQ	100	0	0	0	0	0	0	0	0	0	0	0	0	0	0	0	0	0	0	0	0	0	0	0	0	0	0	0	0	0	0	2004	0
LFQ	101	0	0	0	0	0	0	0	0	0	0	0	0	0	0	0	0	0	0	0	0	0	0	0	0	0	0	0	0	0	0	2004	0
LFQ	102	0	0	0	0	0	0	0	0	0	0	0	0	0	0	0	0	0	0	0	0	0	0	0	0	0	0	0	0	0	0	2004	0
LFQ	103	0	0	0	0	0	0	0	0	0	0	0	0	0	0	0	0	0	0	0	0	0	0	0	0	0	0	0	0	0	0	2004	0
LFQ	104	0	0	0	0	0	0	0	0	0	0	0	0	0	0	0	0	0	0	0	0	0	0	0	0	0	0	0	0	0	0	2004	0
LFQ	105	0	0	0	0	0	0	0	0	0	0	0	0	0	0	0	0	0	0	0	0	0	0	0	0	0	0	0	0	0	0	2004	0
LFQ	106	0	0	0	0	0	0	0	0	0	0	0	0	0	0	0	0	0	0	0	0	0	0	0	0	0	0	0	0	0	0	2004	0
LFQ	107	0	0	0	0	0	0	0	0	0	0	0	0	0	0	0	0	0	0	0	0	0	0	0	0	0	0	0	0	0	0	2004	0
LFQ	108	0	0	0	0	0	0	0	0	0	0	0	0	0	0	0	0	0	0	0	0	0	0	0	0	0	0	0	0	0	0	2004	0
LFQ	109	0	0	0	0	0	0	0	0	0	0	0	0	0	0	0	0	0	0	0	0	0	0	0	0	0	0	0	0	0	0	2004	0
LFQ	110	0	0	0	0	0	0	0	0	0	0	0	0	0	0	0	0	0	0	0	0	0	0	0	0	0	0	0	0	0	0	2004	0
LFQ	111	0	0	0	0	0	0	0	0	0	0	0	0	0	0	0	0	0	0	0	0	0	0	0	0	0	0	0	0	0	0	2004	0
LFQ	112	0	0	0	0	0	0	0	0	0	0	0	0	0	0	0	0	0	0	0	0	0	0	0	0	0	0	0	0	0	0	2004	0
LFQ	113	0	0	0	0	0	0	0	0	0	0	0	0	0	0	0	0	0	0	0	0	0	0	0	0	0	0	0	0	0	0	2004	0
LFQ	114	0	0	0	0	0	0	0	0	0	0	0	0	0	0	0	0	0	0	0	0	0	0	0	0	0	0	0	0	0	0	2004	0
LFQ	115	0	0	0	0	0	0	0	0	0	0	0	0	0	0	0	0	0	0	0	0	0	0	0	0	0	0	0	0	0	0	2004	0
LFQ	116	0	0	0	0	0	0	0	0	0	0	0	0	0	0	0	0	0	0	0	0	0	0	0	0	0	0	0	0	0	0	2004	0
LFQ	117	0	0	0	0	0	0	0	0	0	0	0	0	0	0	0	0	0	0	0	0	0	0	0	0	0	0	0	0	0	0	2004	0
LFQ	118	0	0	0	0	0	0	0	0	0	0	0	0	0	0	0	0	0	0	0	0	0	0	0	0	0	0	0	0	0	0	2004	0
LFQ	119	0	0	0	0	0	0	0	0	0	0	0	0	0	0	0	0	0	0	0	0	0	0	0	0	0	0	0	0	0	0	2004	0
LFQ	120	0	0	0	0	0	0	0	0	0	0	0	0	0	0	0	0	0	0	0	0	0	0	0	0	0	0	0	0	0	0	2004	0
LFQ	121	0	0	0	0	0	0	0	0	0	0	0	0	0	0	0	0	0	0	0	0	0	0	0	0	0	0	0	0	0	0	2004	0
LFQ	122	0	0	0	0	0	0	0	0	0	0	0	0	0	0	0	0	0	0	0	0	0	0	0	0	0	0	0	0	0	0	2004	0
LFQ	123	0	0	0	0	0	0	0	0	0	0	0	0	0	0	0	0	0	0	0	0	0	0	0	0	0	0	0	0	0	0	2004	0
LFQ	124	0	0	0	0	0	0	0	0	0	0	0	0	0	0	0	0	0	0	0	0	0	0	0	0	0	0	0	0	0	0	2004	0
LFQ	125	0	0	0	0	0	0	0	0	0	0	0	0	0	0	0	0	0	0	0	0	0	0	0	0	0	0	0	0	0	0	2004	0
LFQ	126	0	0	0	0	0	0	0	0	0	0	0	0	0	0	0	0	0	0	0	0	0	0	0	0	0	0	0	0	0	0	2004	0
LFQ	127	0	0	0	0	0	0	0	0	0	0	0	0	0	0	0	0	0	0	0	0	0	0	0	0	0	0	0	0	0	0	2004	0
LFQ	128	0	0	0	0	0	0	0	0	0	0	0	0	0	0	0	0	0	0	0	0	0	0	0	0	0	0	0	0	0	0	2004	0
LFQ	129	0	0	0	0	0	0	0	0	0	0	0	0	0	0	0	0	0	0	0	0	0	0	0	0	0	0	0	0	0	0	2004	0
LFQ	130	0	0	0	0	0	0	0	0	0	0	0	0	0	0	0	0	0	0	0	0	0	0	0	0	0	0	0	0	0	0	2004	0
LFQ	131	0	0	0	0	0	0	0	0	0	0	0	0	0	0	0	0	0	0	0	0	0	0	0	0	0	0	0	0	0	0	2004	0
LFQ	132	0	0	0	0	0	0	0	0	0	0	0	0	0	0	0	0	0	0	0	0	0	0	0	0	0	0	0	0	0	0	2004	0
LFQ	133	0	0	0	0	0	0	0	0	0	0	0	0	0	0	0	0	0	0	0	0	0	0	0	0	0	0	0	0	0	0	2004	0
LFQ	134	0	0	0	0	0	0	0	0	0	0	0	0	0	0	0	0	0	0	0	0	0	0	0	0	0	0	0	0	0	0	2004	0
LFQ	135	0	0	0	0	0	0	0	0	0	0	0	0	0	0	0	0	0	0	0	0	0	0	0	0	0	0	0	0	0	0	2004	0
LFQ	136	0	0	0	0	0	0	0	0	0	0	0	0	0	0	0	0	0	0	0	0	0	0	0	0	0	0	0	0	0	0	2004	0
LFQ	137	0	0	0	0	0	0	0	0	0	0	0	0	0	0	0	0	0	0	0	0	0	0	0	0	0	0	0	0	0	0	2004	0
LFQ	138	0	0	0	0	0	0	0	0	0	0	0	0	0	0	0	0	0	0	0	0	0	0	0	0	0	0	0	0	0	0	2004	0
LFQ	139	0	0	0	0	0	0	0	0	0	0	0	0	0	0	0	0	0	0	0	0	0	0	0	0	0	0	0	0	0	0	2004	0
LFQ	140	0	0	0	0	0	0	0	0	0	0	0	0	0	0	0	0	0	0	0	0	0	0	0	0	0	0	0	0	0	0	2004	0
LFQ	141	0	0	0	0	0	0	0	0	0	0	0	0	0	0	0	0	0	0	0	0	0	0	0	0	0	0	0	0	0	0	2004	0
LFQ	142	0	0	0	0	0	0	0	0	0	0	0	0	0	0	0	0	0	0	0	0	0	0	0	0	0	0	0	0	0	0	2004	0
LFQ	143	0	0	0	0	0	0	0	0	0	0	0	0	0	0	0	0	0	0	0	0	0	0	0	0	0	0	0	0	0	0	2004	0
LFQ	144	0	0	0	0	0	0	0	0	0	0	0	0	0	0	0	0	0	0	0	0	0	0	0	0	0	0	0	0	0	0	2004	0
LFQ	145	0	0	0	0	0	0	0	0	0	0	0	0	0	0	0	0	0	0	0	0	0	0	0	0	0	0	0	0	0	0	2004	0
LFQ	146	0	0	0	0	0	0	0	0	0	0	0	0	0	0	0	0	0	0	0	0	0	0	0	0	0	0	0	0	0	0	2004	0
LFQ	147	0	0	0	0	0	0	0	0	0	0	0	0	0	0	0	0	0	0	0	0	0	0	0	0	0	0	0	0	0	0	2004	0
LFQ	148	0	0	0	0	0	0	0	0	0	0	0	0	0	0	0	0	0	0	0	0	0	0	0	0	0	0	0	0	0	0	2004	0
LFQ	149	0	0	0	0	0	0	0	0	0	0	0	0	0	0	0	0	0	0	0	0	0	0	0	0	0	0	0	0	0	0	2004	0
LFQ	150	0	0	0	0	0	0	0	0	0	0	0	0	0	0	0	0	0	0	0	0	0	0	0	0	0	0	0	0	0	0	2004	0
# GC Content of first fragments. Use `grep ^GCF | cut -f 2-` to extract this part.
GCF	3.52	0
GCF	7.29	1
GCF	11.31	0
GCF	15.33	2
GCF	16.33	0
GCF	17.34	1
GCF	18.09	0
GCF	19.60	1
GCF	20.85	4
GCF	21.36	0
GCF	22.36	7
GCF	23.37	11
GCF	24.12	10
GCF	24.87	7
GCF	25.38	17
GCF	26.13	12
GCF	26.88	18
GCF	27.39	33
GCF	28.14	20
GCF	28.89	37
GCF	29.40	33
GCF	30.15	31
GCF	30.90	39
GCF	31.41	40
GCF	32.16	55
GCF	32.91	50
GCF	33.42	61
GCF	33.92	65
GCF	34.67	73
GCF	35.43	80
GCF	35.93	71
GCF	36.68	87
GCF	37.44	60
GCF	37.94	73
GCF	38.69	70
GCF	39.45	68
GCF	39.95	63
GCF	40.70	69
GCF	41.46	63
GCF	41.96	66
GCF	42.71	64
GCF	43.47	45
GCF	44.47	47
GCF	45.48	37
GCF	45.98	40
GCF	46.73	41
GCF	47.49	35
GCF	48.49	31
GCF	49.50	32
GCF	50.00	17
GCF	50.75	12
GCF	51.51	26
GCF	52.01	14
GCF	52.76	11
GCF	53.52	6
GCF	54.02	8
GCF	54.77	4
GCF	55.53	6
GCF	56.03	4
GCF	56.78	2
GCF	57.54	4
GCF	58.04	6
GCF	58.79	1
GCF	59.55	6
GCF	60.05	5
GCF	60.80	3
GCF	61.56	1
GCF	62.06	2
GCF	63.82	0
GCF	65.83	1
GCF	66.58	2
GCF	67.34	0
GCF	68.34	1
GCF	69.35	0
GCF	70.10	2
GCF	70.60	0
GCF	71.36	1
# GC Content of last fragments. Use `grep ^GCL | cut -f 2-` to extract this part.
GCL	3.52	0
GCL	7.29	1
GCL	8.04	0
GCL	8.79	1
GCL	9.30	0
GCL	10.05	1
GCL	13.57	0
GCL	16.83	2
GCL	17.34	1
GCL	18.34	0
GCL	19.35	3
GCL	20.10	5
GCL	20.85	4
GCL	21.36	2
GCL	22.11	3
GCL	23.12	6
GCL	24.12	9
GCL	24.87	3
GCL	25.38	11
GCL	26.13	19
GCL	26.88	21
GCL	27.39	30
GCL	28.14	18
GCL	28.89	37
GCL	29.40	31
GCL	30.15	32
GCL	30.90	52
GCL	31.41	36
GCL	32.16	38
GCL	32.91	52
GCL	33.42	58
GCL	33.92	62
GCL	34.67	66
GCL	35.43	79
GCL	35.93	71
GCL	36.68	84
GCL	38.19	74
GCL	39.45	55
GCL	39.95	74
GCL	40.70	69
GCL	41.46	60
GCL	41.96	53
GCL	42.71	63
GCL	43.47	59
GCL	43.97	50
GCL	44.72	60
GCL	45.48	43
GCL	45.98	52
GCL	46.73	47
GCL	47.49	39
GCL	48.49	24
GCL	49.50	27
GCL	50.00	20
GCL	50.75	17
GCL	51.51	22
GCL	52.01	11
GCL	52.76	7
GCL	53.52	6
GCL	54.02	9
GCL	54.77	6
GCL	55.53	4
GCL	56.03	3
GCL	56.78	1
GCL	57.54	7
GCL	58.04	3
GCL	58.79	4
GCL	59.80	2
GCL	61.06	1
GCL	62.81	2
GCL	64.07	1
GCL	64.82	2
GCL	66.58	0
GCL	68.09	2
GCL	69.35	0
GCL	71.11	1
# ACGT content per cycle. Use `grep ^GCC | cut -f 2-` to extract this part. The columns are: cycle; A,C,G,T base counts as a percentage of all A/C/G/T bases [%]; and N and O counts as a percentage of all A/C/G/T bases [%]
GCC	1	31.66	19.34	18.96	30.04	0.00	0.00
GCC	2	30.91	18.79	18.91	31.39	0.00	0.00
GCC	3	30.51	20.26	18.94	30.29	0.00	0.00
GCC	4	29.57	19.61	19.19	31.64	0.00	0.00
GCC	5	29.09	20.58	19.39	30.94	0.00	0.00
GCC	6	28.97	20.33	19.16	31.54	0.00	0.00
GCC	7	30.51	20.01	18.31	31.16	0.00	0.00
GCC	8	30.09	19.61	18.99	31.31	0.00	0.00
GCC	9	30.54	20.18	19.29	29.99	0.00	0.00
GCC	10	31.81	21.06	17.09	30.04	0.00	0.00
GCC	11	30.66	20.23	19.76	29.34	0.00	0.00
GCC	12	30.74	20.28	18.31	30.66	0.00	0.00
GCC	13	31.06	19.59	18.74	30.61	0.00	0.00
GCC	14	30.14	19.41	19.54	30.91	0.00	0.00
GCC	15	30.16	19.26	19.34	31.24	0.00	0.00
GCC	16	31.49	19.09	18.59	30.84	0.00	0.00
GCC	17	31.09	18.74	19.56	30.61	0.00	0.00
GCC	18	32.14	19.59	18.91	29.37	0.00	0.00
GCC	19	30.31	19.54	19.44	30.71	0.00	0.00
GCC	20	30.39	20.38	19.34	29.89	0.00	0.00
GCC	21	31.61	18.69	18.94	30.76	0.00	0.00
GCC	22	31.11	20.18	18.31	30.39	0.00	0.00
GCC	23	29.74	18.66	19.51	32.09	0.00	0.00
GCC	24	32.16	19.34	18.84	29.67	0.00	0.00
GCC	25	30.26	20.28	17.99	31.46	0.00	0.00
GCC	26	30.29	20.41	18.76	30.54	0.00	0.00
GCC	27	29.99	18.26	18.94	32.81	0.00	0.00
GCC	28	30.19	19.54	19.74	30.54	0.00	0.00
GCC	29	30.64	20.73	18.89	29.74	0.00	0.00
GCC	30	29.99	20.73	18.26	31.01	0.00	0.00
GCC	31	30.14	19.66	18.11	32.09	0.00	0.00
GCC	32	30.66	20.56	18.14	30.64	0.00	0.00
GCC	33	30.71	19.24	19.01	31.04	0.00	0.00
GCC	34	30.99	20.61	18.44	29.97	0.00	0.00
GCC	35	30.29	19.51	18.59	31.61	0.00	0.00
GCC	36	31.61	19.96	18.46	29.97	0.00	0.00
GCC	37	30.34	21.68	18.49	29.49	0.00	0.00
GCC	38	31.41	19.56	18.56	30.46	0.00	0.00
GCC	39	29.37	20.28	18.61	31.74	0.00	0.00
GCC	40	31.16	19.99	18.94	29.92	0.00	0.00
GCC	41	30.59	20.16	18.99	30.26	0.00	0.00
GCC	42	31.14	19.96	19.21	29.69	0.00	0.00
GCC	43	30.46	20.06	19.76	29.72	0.00	0.00
GCC	44	30.54	18.64	18.96	31.86	0.00	0.00
GCC	45	31.24	19.09	19.11	30.56	0.00	0.00
GCC	46	30.71	20.51	18.84	29.94	0.00	0.00
GCC	47	30.54	20.51	18.41	30.54	0.00	0.00
GCC	48	30.46	20.11	18.64	30.79	0.00	0.00
GCC	49	30.49	20.83	18.76	29.92	0.00	0.00
GCC	50	29.94	19.86	19.66	30.54	0.00	0.00
GCC	51	29.57	20.83	18.21	31.39	0.00	0.00
GCC	52	30.06	19.61	19.44	30.89	0.00	0.00
GCC	53	29.42	20.08	18.94	31.56	0.00	0.00
GCC	54	31.21	19.99	17.56	31.24	0.00	0.00
GCC	55	30.89	19.74	19.64	29.74	0.00	0.00
GCC	56	29.49	20.38	19.34	30.79	0.00	0.00
GCC	57	30.36	19.39	19.41	30.84	0.00	0.00
GCC	58	30.74	20.21	19.51	29.54	0.00	0.00
GCC	59	31.79	20.53	18.49	29.19	0.00	0.00
GCC	60	29.64	21.43	18.44	30.49	0.00	0.00
GCC	61	29.49	21.36	18.09	31.06	0.00	0.00
GCC	62	31.91	19.24	18.66	30.19	0.00	0.00
GCC	63	30.54	20.81	19.31	29.34	0.00	0.00
GCC	64	30.99	19.61	18.76	30.64	0.00	0.00
GCC	65	30.31	19.49	19.26	30.94	0.00	0.00
GCC	66	29.92	20.33	18.54	31.21	0.00	0.00
GCC	67	30.14	19.54	19.59	30.74	0.00	0.00
GCC	68	28.74	20.31	20.33	30.61	0.00	0.00
GCC	69	29.52	20.38	18.89	31.21	0.00	0.00
GCC	70	31.86	19.41	18.36	30.36	0.00	0.00
GCC	71	30.56	20.23	18.31	30.89	0.00	0.00
GCC	72	30.59	19.41	18.54	31.46	0.00	0.00
GCC	73	30.86	19.29	18.31	31.54	0.00	0.00
GCC	74	28.34	21.48	18.61	31.56	0.00	0.00
GCC	75	31.29	19.16	19.14	30.41	0.00	0.00
GCC	76	31.14	19.39	18.76	30.71	0.00	0.00
GCC	77	30.71	19.66	18.06	31.56	0.00	0.00
GCC	78	31.26	19.54	19.04	30.16	0.00	0.00
GCC	79	29.92	20.26	20.26	29.57	0.00	0.00
GCC	80	30.64	20.01	20.56	28.79	0.00	0.00
GCC	81	29.62	20.58	18.79	31.01	0.00	0.00
GCC	82	31.86	17.76	19.14	31.24	0.00	0.00
GCC	83	29.34	18.84	19.84	31.99	0.00	0.00
GCC	84	30.44	19.61	19.16	30.79	0.00	0.00
GCC	85	29.42	20.48	19.11	30.99	0.00	0.00
GCC	86	30.69	18.49	18.94	31.89	0.00	0.00
GCC	87	32.06	18.91	20.21	28.82	0.00	0.00
GCC	88	30.94	19.14	19.14	30.79	0.00	0.00
GCC	89	30.51	19.66	18.59	31.24	0.00	0.00
GCC	90	30.19	19.51	19.04	31.26	0.00	0.00
GCC	91	30.41	19.64	19.44	30.51	0.00	0.00
GCC	92	30.96	19.76	19.09	30.19	0.00	0.00
GCC	93	31.29	19.34	18.89	30.49	0.00	0.00
GCC	94	30.06	19.76	18.69	31.49	0.00	0.00
GCC	95	30.54	19.09	20.91	29.47	0.00	0.00
GCC	96	30.69	18.49	19.66	31.16	0.00	0.00
GCC	97	30.21	19.66	18.86	31.26	0.00	0.00
GCC	98	30.79	19.54	18.94	30.74	0.00	0.00
GCC	99	30.59	19.71	17.91	31.79	0.00	0.00
GCC	100	31.26	19.71	18.76	30.26	0.00	0.00
GCC	101	31.34	19.44	18.74	30.49	0.00	0.00
GCC	102	29.97	19.56	19.09	31.39	0.00	0.00
GCC	103	30.76	19.64	18.44	31.16	0.00	0.00
GCC	104	30.46	20.06	18.54	30.94	0.00	0.00
GCC	105	31.66	19.91	19.26	29.17	0.00	0.00
GCC	106	30.86	20.78	18.34	30.01	0.00	0.00
GCC	107	29.44	20.61	19.39	30.56	0.00	0.00
GCC	108	30.81	19.76	18.34	31.09	0.00	0.00
GCC	109	31.21	19.61	17.47	31.71	0.00	0.00
GCC	110	30.21	20.51	18.11	31.16	0.00	0.00
GCC	111	29.67	19.49	19.66	31.19	0.00	0.00
GCC	112	29.89	19.06	19.36	31.69	0.00	0.00
GCC	113	30.81	19.16	19.44	30.59	0.00	0.00
GCC	114	30.51	18.41	19.34	31.74	0.00	0.00
GCC	115	29.74	20.53	18.01	31.71	0.00	0.00
GCC	116	30.14	19.14	18.99	31.74	0.00	0.00
GCC	117	30.56	20.76	19.36	29.32	0.00	0.00
GCC	118	31.89	19.86	18.11	30.14	0.00	0.00
GCC	119	30.84	19.39	18.24	31.54	0.00	0.00
GCC	120	29.94	18.96	19.04	32.06	0.00	0.00
GCC	121	30.61	20.86	18.66	29.87	0.00	0.00
GCC	122	30.86	19.54	18.79	30.81	0.00	0.00
GCC	123	32.24	20.03	17.91	29.82	0.00	0.00
GCC	124	31.99	19.59	18.91	29.52	0.00	0.00
GCC	125	31.59	20.13	18.24	30.04	0.00	0.00
GCC	126	29.89	20.73	19.66	29.72	0.00	0.00
GCC	127	30.74	19.76	17.96	31.54	0.00	0.00
GCC	128	30.16	20.53	18.36	30.94	0.00	0.00
GCC	129	31.34	20.31	17.84	30.51	0.00	0.00
GCC	130	30.39	20.96	18.16	30.49	0.00	0.00
GCC	131	30.46	19.69	19.06	30.79	0.00	0.00
GCC	132	29.79	20.23	18.79	31.19	0.00	0.00
GCC	133	30.29	19.84	18.19	31.69	0.00	0.00
GCC	134	31.16	19.46	20.21	29.17	0.00	0.00
GCC	135	30.14	20.58	19.49	29.79	0.00	0.00
GCC	136	30.69	19.94	18.54	30.84	0.00	0.00
GCC	137	31.04	20.31	18.76	29.89	0.00	0.00
GCC	138	31.41	19.46	20.13	28.99	0.00	0.00
GCC	139	30.24	19.99	19.41	30.36	0.00	0.00
GCC	140	30.06	19.44	18.46	32.04	0.00	0.00
GCC	141	30.94	18.41	19.29	31.36	0.00	0.00
GCC	142	29.54	20.53	19.91	30.01	0.00	0.00
GCC	143	30.14	20.28	19.11	30.46	0.00	0.00
GCC	144	30.39	20.28	18.94	30.39	0.00	0.00
GCC	145	29.89	19.74	18.44	31.94	0.00	0.00
GCC	146	30.76	19.41	18.91	30.91	0.00	0.00
GCC	147	30.29	20.16	18.49	31.06	0.00	0.00
GCC	148	31.09	20.98	18.19	29.74	0.00	0.00
GCC	149	29.32	20.43	19.81	30.44	0.00	0.00
GCC	150	30.34	19.94	19.04	30.69	0.00	0.00
# ACGT content per cycle, read oriented. Use `grep ^GCT | cut -f 2-` to extract this part. The columns are: cycle; A,C,G,T base counts as a percentage of all A/C/G/T bases [%]
GCT	1	30.39	19.16	19.14	31.31
GCT	2	31.44	18.96	18.74	30.86
GCT	3	31.11	19.96	19.24	29.69
GCT	4	30.19	18.79	20.01	31.01
GCT	5	29.24	20.98	18.99	30.79
GCT	6	29.97	20.03	19.46	30.54
GCT	7	30.14	18.74	19.59	31.54
GCT	8	30.06	18.94	19.66	31.34
GCT	9	30.36	19.56	19.91	30.16
GCT	10	31.59	18.79	19.36	30.26
GCT	11	30.34	20.61	19.39	29.67
GCT	12	30.86	18.76	19.84	30.54
GCT	13	31.34	18.91	19.41	30.34
GCT	14	29.89	19.06	19.89	31.16
GCT	15	31.06	19.06	19.54	30.34
GCT	16	31.11	19.31	18.36	31.21
GCT	17	30.69	19.19	19.11	31.01
GCT	18	31.94	19.54	18.96	29.57
GCT	19	30.56	19.34	19.64	30.46
GCT	20	30.61	19.21	20.51	29.67
GCT	21	30.39	19.16	18.46	31.99
GCT	22	30.84	19.06	19.44	30.66
GCT	23	30.89	19.11	19.06	30.94
GCT	24	31.21	18.84	19.34	30.61
GCT	25	30.34	19.26	19.01	31.39
GCT	26	29.99	19.86	19.31	30.84
GCT	27	32.36	18.99	18.21	30.44
GCT	28	31.74	19.29	19.99	28.99
GCT	29	31.16	19.56	20.06	29.22
GCT	30	30.19	19.29	19.71	30.81
GCT	31	31.29	19.31	18.46	30.94
GCT	32	31.69	20.98	17.71	29.62
GCT	33	30.71	18.99	19.26	31.04
GCT	34	31.29	20.01	19.04	29.67
GCT	35	31.19	19.66	18.44	30.71
GCT	36	30.06	18.86	19.56	31.51
GCT	37	30.34	20.33	19.84	29.49
GCT	38	30.94	19.64	18.49	30.94
GCT	39	30.06	19.54	19.36	31.04
GCT	40	30.41	19.54	19.39	30.66
GCT	41	30.89	19.86	19.29	29.97
GCT	42	29.79	19.06	20.11	31.04
GCT	43	30.76	19.31	20.51	29.42
GCT	44	31.79	18.29	19.31	30.61
GCT	45	31.26	18.91	19.29	30.54
GCT	46	30.24	19.54	19.81	30.41
GCT	47	30.21	20.13	18.79	30.86
GCT	48	30.46	19.91	18.84	30.79
GCT	49	29.99	19.54	20.06	30.41
GCT	50	30.16	20.08	19.44	30.31
GCT	51	29.57	19.64	19.41	31.39
GCT	52	30.14	19.04	20.01	30.81
GCT	53	29.99	19.66	19.36	30.99
GCT	54	31.16	18.44	19.11	31.29
GCT	55	29.54	19.04	20.33	31.09
GCT	56	30.14	20.43	19.29	30.14
GCT	57	30.39	20.16	18.64	30.81
GCT	58	30.19	20.61	19.11	30.09
GCT	59	31.01	19.71	19.31	29.97
GCT	60	29.89	20.58	19.29	30.24
GCT	61	29.59	20.31	19.14	30.96
GCT	62	31.66	18.34	19.56	30.44
GCT	63	29.12	19.04	21.08	30.76
GCT	64	30.66	19.84	18.54	30.96
GCT	65	31.21	19.19	19.56	30.04
GCT	66	29.64	19.01	19.86	31.49
GCT	67	31.51	19.66	19.46	29.37
GCT	68	30.61	20.23	20.41	28.74
GCT	69	31.96	19.39	19.89	28.77
GCT	70	30.59	17.89	19.89	31.64
GCT	71	31.21	18.94	19.61	30.24
GCT	72	30.46	19.34	18.61	31.59
GCT	73	31.79	19.31	18.29	30.61
GCT	74	28.84	19.79	20.31	31.06
GCT	75	32.06	19.29	19.01	29.64
GCT	76	30.51	19.56	18.59	31.34
GCT	77	31.11	18.06	19.66	31.16
GCT	78	30.34	19.06	19.51	31.09
GCT	79	30.19	21.13	19.39	29.29
GCT	80	29.97	20.78	19.79	29.47
GCT	81	31.06	19.74	19.64	29.57
GCT	82	33.28	18.04	18.86	29.82
GCT	83	31.74	18.99	19.69	29.59
GCT	84	29.67	18.04	20.73	31.56
GCT	85	30.09	20.61	18.99	30.31
GCT	86	31.91	18.91	18.51	30.66
GCT	87	29.62	19.56	19.56	31.26
GCT	88	30.59	18.69	19.59	31.14
GCT	89	31.64	19.19	19.06	30.11
GCT	90	30.34	18.26	20.28	31.11
GCT	91	30.51	19.24	19.84	30.41
GCT	92	29.82	19.06	19.79	31.34
GCT	93	30.16	18.91	19.31	31.61
GCT	94	30.59	18.99	19.46	30.96
GCT	95	29.89	20.53	19.46	30.11
GCT	96	30.54	18.79	19.36	31.31
GCT	97	31.01	18.96	19.56	30.46
GCT	98	31.26	19.41	19.06	30.26
GCT	99	31.91	19.49	18.14	30.46
GCT	100	31.14	19.89	18.59	30.39
GCT	101	30.76	19.11	19.06	31.06
GCT	102	31.59	19.44	19.21	29.77
GCT	103	31.71	19.09	18.99	30.21
GCT	104	31.44	19.24	19.36	29.97
GCT	105	30.66	19.71	19.46	30.16
GCT	106	31.19	19.11	20.01	29.69
GCT	107	29.47	20.33	19.66	30.54
GCT	108	29.89	18.84	19.26	32.01
GCT	109	31.16	18.46	18.61	31.76
GCT	110	30.51	19.01	19.61	30.86
GCT	111	31.19	19.66	19.49	29.67
GCT	112	30.51	18.74	19.69	31.06
GCT	113	31.09	19.09	19.51	30.31
GCT	114	31.06	19.01	18.74	31.19
GCT	115	30.31	19.46	19.09	31.14
GCT	116	30.89	18.94	19.19	30.99
GCT	117	30.99	20.53	19.59	28.89
GCT	118	29.89	19.21	18.76	32.14
GCT	119	31.54	18.19	19.44	30.84
GCT	120	31.79	18.01	19.99	30.21
GCT	121	31.01	20.36	19.16	29.47
GCT	122	31.14	19.01	19.31	30.54
GCT	123	30.81	19.31	18.64	31.24
GCT	124	29.14	19.64	18.86	32.36
GCT	125	29.79	18.39	19.99	31.84
GCT	126	30.14	19.79	20.61	29.47
GCT	127	31.36	19.24	18.49	30.91
GCT	128	30.26	19.84	19.06	30.84
GCT	129	31.91	18.64	19.51	29.94
GCT	130	31.19	19.26	19.86	29.69
GCT	131	30.01	19.04	19.71	31.24
GCT	132	30.56	20.06	18.96	30.41
GCT	133	30.31	20.01	18.01	31.66
GCT	134	30.81	20.31	19.36	29.52
GCT	135	29.59	19.39	20.68	30.34
GCT	136	30.39	18.94	19.54	31.14
GCT	137	30.31	18.79	20.28	30.61
GCT	138	29.89	19.29	20.31	30.51
GCT	139	30.66	19.31	20.08	29.94
GCT	140	30.41	17.84	20.06	31.69
GCT	141	31.46	18.64	19.06	30.84
GCT	142	29.39	19.84	20.61	30.16
GCT	143	29.57	20.11	19.29	31.04
GCT	144	30.51	20.21	19.01	30.26
GCT	145	30.66	18.61	19.56	31.16
GCT	146	31.96	19.41	18.91	29.72
GCT	147	31.19	19.56	19.09	30.16
GCT	148	31.04	19.69	19.49	29.79
GCT	149	29.02	20.58	19.66	30.74
GCT	150	30.41	20.01	18.96	30.61
# ACGT content per cycle for first fragments. Use `grep ^FBC | cut -f 2-` to extract this part. The columns are: cycle; A,C,G,T base counts as a percentage of all A/C/G/T bases [%]; and N and O counts as a percentage of all A/C/G/T bases [%]
FBC	1	32.39	18.46	19.81	29.34	0.00	0.00
FBC	2	31.59	18.81	18.61	30.99	0.00	0.00
FBC	3	30.29	19.26	19.46	30.99	0.00	0.00
FBC	4	28.79	20.71	18.21	32.29	0.00	0.00
FBC	5	30.34	19.06	20.76	29.84	0.00	0.00
FBC	6	28.39	18.61	20.26	32.73	0.00	0.00
FBC	7	31.99	19.01	18.71	30.29	0.00	0.00
FBC	8	30.54	19.31	18.91	31.24	0.00	0.00
FBC	9	30.19	20.71	18.96	30.14	0.00	0.00
FBC	10	32.09	20.06	18.06	29.79	0.00	0.00
FBC	11	30.79	20.96	19.61	28.64	0.00	0.00
FBC	12	29.79	20.56	19.36	30.29	0.00	0.00
FBC	13	32.24	19.26	19.41	29.09	0.00	0.00
FBC	14	30.09	18.71	20.01	31.19	0.00	0.00
FBC	15	31.59	18.91	17.81	31.69	0.00	0.00
FBC	16	30.54	19.16	18.21	32.09	0.00	0.00
FBC	17	30.54	18.86	19.61	30.99	0.00	0.00
FBC	18	33.23	19.36	18.66	28.74	0.00	0.00
FBC	19	31.49	18.96	19.01	30.54	0.00	0.00
FBC	20	30.09	20.26	18.51	31.14	0.00	0.00
FBC	21	31.54	17.66	20.56	30.24	0.00	0.00
FBC	22	29.74	20.91	18.76	30.59	0.00	0.00
FBC	23	28.89	19.06	19.21	32.83	0.00	0.00
FBC	24	30.99	18.91	20.31	29.79	0.00	0.00
FBC	25	31.74	19.56	17.22	31.49	0.00	0.00
FBC	26	30.79	20.01	19.86	29.34	0.00	0.00
FBC	27	30.69	17.66	19.31	32.34	0.00	0.00
FBC	28	30.24	20.16	20.01	29.59	0.00	0.00
FBC	29	30.54	21.76	19.11	28.59	0.00	0.00
FBC	30	29.39	21.36	18.01	31.24	0.00	0.00
FBC	31	31.04	20.21	16.72	32.04	0.00	0.00
FBC	32	30.59	20.16	18.91	30.34	0.00	0.00
FBC	33	29.04	19.26	18.26	33.43	0.00	0.00
FBC	34	30.89	19.61	19.56	29.94	0.00	0.00
FBC	35	29.79	19.96	18.71	31.54	0.00	0.00
FBC	36	31.19	20.56	17.66	30.59	0.00	0.00
FBC	37	29.44	21.51	17.81	31.24	0.00	0.00
FBC	38	31.64	19.06	19.16	30.14	0.00	0.00
FBC	39	29.69	20.66	18.76	30.89	0.00	0.00
FBC	40	31.94	20.11	18.61	29.34	0.00	0.00
FBC	41	30.99	20.76	18.56	29.69	0.00	0.00
FBC	42	30.44	20.71	20.21	28.64	0.00	0.00
FBC	43	30.99	19.86	19.81	29.34	0.00	0.00
FBC	44	29.99	19.76	18.91	31.34	0.00	0.00
FBC	45	31.24	21.36	17.56	29.84	0.00	0.00
FBC	46	30.44	19.61	18.96	30.99	0.00	0.00
FBC	47	30.04	19.61	19.46	30.89	0.00	0.00
FBC	48	29.89	20.16	17.56	32.39	0.00	0.00
FBC	49	29.24	20.71	19.81	30.24	0.00	0.00
FBC	50	29.94	20.46	19.61	29.99	0.00	0.00
FBC	51	27.84	21.01	19.26	31.89	0.00	0.00
FBC	52	31.19	19.46	19.96	29.39	0.00	0.00
FBC	53	29.69	20.11	19.66	30.54	0.00	0.00
FBC	54	32.04	19.76	17.37	30.84	0.00	0.00
FBC	55	30.99	18.86	19.81	30.34	0.00	0.00
FBC	56	29.49	19.11	20.21	31.19	0.00	0.00
FBC	57	30.14	19.71	20.16	29.99	0.00	0.00
FBC	58	31.19	19.96	19.76	29.09	0.00	0.00
FBC	59	31.34	20.81	18.06	29.79	0.00	0.00
FBC	60	29.54	21.61	18.21	30.64	0.00	0.00
FBC	61	28.34	21.56	18.41	31.69	0.00	0.00
FBC	62	31.34	18.51	19.06	31.09	0.00	0.00
FBC	63	29.74	21.01	18.96	30.29	0.00	0.00
FBC	64	30.69	19.76	18.01	31.54	0.00	0.00
FBC	65	30.54	18.51	19.76	31.19	0.00	0.00
FBC	66	31.34	19.36	18.66	30.64	0.00	0.00
FBC	67	29.99	19.76	20.41	29.84	0.00	0.00
FBC	68	29.39	19.66	20.41	30.54	0.00	0.00
FBC	69	30.44	20.11	18.56	30.89	0.00	0.00
FBC	70	32.88	19.41	18.46	29.24	0.00	0.00
FBC	71	30.94	20.21	18.91	29.94	0.00	0.00
FBC	72	29.39	20.11	18.96	31.54	0.00	0.00
FBC	73	30.59	19.56	17.81	32.04	0.00	0.00
FBC	74	28.29	22.06	18.41	31.24	0.00	0.00
FBC	75	32.19	18.71	19.06	30.04	0.00	0.00
FBC	76	30.84	19.86	18.51	30.79	0.00	0.00
FBC	77	31.29	18.61	18.76	31.34	0.00	0.00
FBC	78	31.29	19.76	19.21	29.74	0.00	0.00
FBC	79	29.99	22.36	19.31	28.34	0.00	0.00
FBC	80	32.09	19.51	20.86	27.54	0.00	0.00
FBC	81	29.79	20.86	17.76	31.59	0.00	0.00
FBC	82	33.43	18.41	19.01	29.14	0.00	0.00
FBC	83	29.09	18.76	20.21	31.94	0.00	0.00
FBC	84	29.74	20.36	19.71	30.19	0.00	0.00
FBC	85	28.14	21.76	19.41	30.69	0.00	0.00
FBC	86	30.84	19.06	18.11	31.99	0.00	0.00
FBC	87	33.18	19.56	19.16	28.09	0.00	0.00
FBC	88	30.09	19.66	18.31	31.94	0.00	0.00
FBC	89	30.54	19.26	17.86	32.34	0.00	0.00
FBC	90	30.54	19.66	18.46	31.34	0.00	0.00
FBC	91	31.04	19.56	19.06	30.34	0.00	0.00
FBC	92	30.94	20.11	19.01	29.94	0.00	0.00
FBC	93	32.04	19.76	17.96	30.24	0.00	0.00
FBC	94	31.59	19.26	18.01	31.14	0.00	0.00
FBC	95	30.09	18.01	20.76	31.14	0.00	0.00
FBC	96	30.99	18.96	19.31	30.74	0.00	0.00
FBC	97	30.74	19.01	17.91	32.34	0.00	0.00
FBC	98	30.04	20.56	18.21	31.19	0.00	0.00
FBC	99	31.99	18.86	18.41	30.74	0.00	0.00
FBC	100	31.09	19.46	18.41	31.04	0.00	0.00
FBC	101	30.69	18.96	19.01	31.34	0.00	0.00
FBC	102	30.84	19.46	18.36	31.34	0.00	0.00
FBC	103	30.99	19.16	17.96	31.89	0.00	0.00
FBC	104	30.54	20.96	18.91	29.59	0.00	0.00
FBC	105	32.24	19.96	19.56	28.24	0.00	0.00
FBC	106	30.54	20.56	18.51	30.39	0.00	0.00
FBC	107	28.44	20.66	19.26	31.64	0.00	0.00
FBC	108	31.19	19.41	18.51	30.89	0.00	0.00
FBC	109	30.34	21.01	17.02	31.64	0.00	0.00
FBC	110	29.89	20.91	18.56	30.64	0.00	0.00
FBC	111	30.44	19.91	19.06	30.59	0.00	0.00
FBC	112	30.14	18.81	19.66	31.39	0.00	0.00
FBC	113	30.14	20.26	19.76	29.84	0.00	0.00
FBC	114	31.29	17.56	18.96	32.19	0.00	0.00
FBC	115	28.69	20.66	18.41	32.24	0.00	0.00
FBC	116	29.99	17.86	19.86	32.29	0.00	0.00
FBC	117	31.14	21.06	18.31	29.49	0.00	0.00
FBC	118	32.49	19.66	18.21	29.64	0.00	0.00
FBC	119	30.04	19.01	17.47	33.48	0.00	0.00
FBC	120	29.54	19.76	19.46	31.24	0.00	0.00
FBC	121	29.99	20.51	18.86	30.64	0.00	0.00
FBC	122	31.09	19.91	19.41	29.59	0.00	0.00
FBC	123	33.18	19.51	18.51	28.79	0.00	0.00
FBC	124	31.64	20.46	18.66	29.24	0.00	0.00
FBC	125	31.59	20.01	18.51	29.89	0.00	0.00
FBC	126	30.09	20.51	19.36	30.04	0.00	0.00
FBC	127	31.04	20.06	17.71	31.19	0.00	0.00
FBC	128	29.64	20.01	17.86	32.49	0.00	0.00
FBC	129	30.44	20.21	18.26	31.09	0.00	0.00
FBC	130	30.19	20.11	18.86	30.84	0.00	0.00
FBC	131	29.79	20.21	18.51	31.49	0.00	0.00
FBC	132	30.04	21.11	17.27	31.59	0.00	0.00
FBC	133	30.19	19.76	18.81	31.24	0.00	0.00
FBC	134	31.94	18.41	21.11	28.54	0.00	0.00
FBC	135	29.89	20.96	19.66	29.49	0.00	0.00
FBC	136	31.04	19.86	18.66	30.44	0.00	0.00
FBC	137	31.59	20.46	17.17	30.79	0.00	0.00
FBC	138	32.68	19.41	19.11	28.79	0.00	0.00
FBC	139	30.04	20.21	18.56	31.19	0.00	0.00
FBC	140	29.54	19.81	18.36	32.29	0.00	0.00
FBC	141	30.59	18.16	19.81	31.44	0.00	0.00
FBC	142	28.54	20.76	20.16	30.54	0.00	0.00
FBC	143	30.74	20.56	19.21	29.49	0.00	0.00
FBC	144	31.49	20.66	19.21	28.64	0.00	0.00
FBC	145	29.94	19.66	17.91	32.49	0.00	0.00
FBC	146	31.79	19.21	18.06	30.94	0.00	0.00
FBC	147	31.54	19.86	17.81	30.79	0.00	0.00
FBC	148	31.04	20.21	17.76	30.99	0.00	0.00
FBC	149	29.29	20.36	19.61	30.74	0.00	0.00
FBC	150	30.09	19.26	20.21	30.44	0.00	0.00
# ACGT raw counters for first fragments. Use `grep ^FTC | cut -f 2-` to extract this part. The columns are: A,C,G,T,N base counters
FTC	92006	59633	56813	92148	0
# ACGT content per cycle for last fragments. Use `grep ^LBC | cut -f 2-` to extract this part. The columns are: cycle; A,C,G,T base counts as a percentage of all A/C/G/T bases [%]; and N and O counts as a percentage of all A/C/G/T bases [%]
LBC	1	30.94	20.21	18.11	30.74	0.00	0.00
LBC	2	30.24	18.76	19.21	31.79	0.00	0.00
LBC	3	30.74	21.26	18.41	29.59	0.00	0.00
LBC	4	30.34	18.51	20.16	30.99	0.00	0.00
LBC	5	27.84	22.11	18.01	32.04	0.00	0.00
LBC	6	29.54	22.06	18.06	30.34	0.00	0.00
LBC	7	29.04	21.01	17.91	32.04	0.00	0.00
LBC	8	29.64	19.91	19.06	31.39	0.00	0.00
LBC	9	30.89	19.66	19.61	29.84	0.00	0.00
LBC	10	31.54	22.06	16.12	30.29	0.00	0.00
LBC	11	30.54	19.51	19.91	30.04	0.00	0.00
LBC	12	31.69	20.01	17.27	31.04	0.00	0.00
LBC	13	29.89	19.91	18.06	32.14	0.00	0.00
LBC	14	30.19	20.11	19.06	30.64	0.00	0.00
LBC	15	28.74	19.61	20.86	30.79	0.00	0.00
LBC	16	32.44	19.01	18.96	29.59	0.00	0.00
LBC	17	31.64	18.61	19.51	30.24	0.00	0.00
LBC	18	31.04	19.81	19.16	29.99	0.00	0.00
LBC	19	29.14	20.11	19.86	30.89	0.00	0.00
LBC	20	30.69	20.51	20.16	28.64	0.00	0.00
LBC	21	31.69	19.71	17.32	31.29	0.00	0.00
LBC	22	32.49	19.46	17.86	30.19	0.00	0.00
LBC	23	30.59	18.26	19.81	31.34	0.00	0.00
LBC	24	33.33	19.76	17.37	29.54	0.00	0.00
LBC	25	28.79	21.01	18.76	31.44	0.00	0.00
LBC	26	29.79	20.81	17.66	31.74	0.00	0.00
LBC	27	29.29	18.86	18.56	33.28	0.00	0.00
LBC	28	30.14	18.91	19.46	31.49	0.00	0.00
LBC	29	30.74	19.71	18.66	30.89	0.00	0.00
LBC	30	30.59	20.11	18.51	30.79	0.00	0.00
LBC	31	29.24	19.11	19.51	32.14	0.00	0.00
LBC	32	30.74	20.96	17.37	30.94	0.00	0.00
LBC	33	32.39	19.21	19.76	28.64	0.00	0.00
LBC	34	31.09	21.61	17.32	29.99	0.00	0.00
LBC	35	30.79	19.06	18.46	31.69	0.00	0.00
LBC	36	32.04	19.36	19.26	29.34	0.00	0.00
LBC	37	31.24	21.86	19.16	27.74	0.00	0.00
LBC	38	31.19	20.06	17.96	30.79	0.00	0.00
LBC	39	29.04	19.91	18.46	32.58	0.00	0.00
LBC	40	30.39	19.86	19.26	30.49	0.00	0.00
LBC	41	30.19	19.56	19.41	30.84	0.00	0.00
LBC	42	31.84	19.21	18.21	30.74	0.00	0.00
LBC	43	29.94	20.26	19.71	30.09	0.00	0.00
LBC	44	31.09	17.51	19.01	32.39	0.00	0.00
LBC	45	31.24	16.82	20.66	31.29	0.00	0.00
LBC	46	30.99	21.41	18.71	28.89	0.00	0.00
LBC	47	31.04	21.41	17.37	30.19	0.00	0.00
LBC	48	31.04	20.06	19.71	29.19	0.00	0.00
LBC	49	31.74	20.96	17.71	29.59	0.00	0.00
LBC	50	29.94	19.26	19.71	31.09	0.00	0.00
LBC	51	31.29	20.66	17.17	30.89	0.00	0.00
LBC	52	28.94	19.76	18.91	32.39	0.00	0.00
LBC	53	29.14	20.06	18.21	32.58	0.00	0.00
LBC	54	30.39	20.21	17.76	31.64	0.00	0.00
LBC	55	30.79	20.61	19.46	29.14	0.00	0.00
LBC	56	29.49	21.66	18.46	30.39	0.00	0.00
LBC	57	30.59	19.06	18.66	31.69	0.00	0.00
LBC	58	30.29	20.46	19.26	29.99	0.00	0.00
LBC	59	32.24	20.26	18.91	28.59	0.00	0.00
LBC	60	29.74	21.26	18.66	30.34	0.00	0.00
LBC	61	30.64	21.16	17.76	30.44	0.00	0.00
LBC	62	32.49	19.96	18.26	29.29	0.00	0.00
LBC	63	31.34	20.61	19.66	28.39	0.00	0.00
LBC	64	31.29	19.46	19.51	29.74	0.00	0.00
LBC	65	30.09	20.46	18.76	30.69	0.00	0.00
LBC	66	28.49	21.31	18.41	31.79	0.00	0.00
LBC	67	30.29	19.31	18.76	31.64	0.00	0.00
LBC	68	28.09	20.96	20.26	30.69	0.00	0.00
LBC	69	28.59	20.66	19.21	31.54	0.00	0.00
LBC	70	30.84	19.41	18.26	31.49	0.00	0.00
LBC	71	30.19	20.26	17.71	31.84	0.00	0.00
LBC	72	31.79	18.71	18.11	31.39	0.00	0.00
LBC	73	31.14	19.01	18.81	31.04	0.00	0.00
LBC	74	28.39	20.91	18.81	31.89	0.00	0.00
LBC	75	30.39	19.61	19.21	30.79	0.00	0.00
LBC	76	31.44	18.91	19.01	30.64	0.00	0.00
LBC	77	30.14	20.71	17.37	31.79	0.00	0.00
LBC	78	31.24	19.31	18.86	30.59	0.00	0.00
LBC	79	29.84	18.16	21.21	30.79	0.00	0.00
LBC	80	29.19	20.51	20.26	30.04	0.00	0.00
LBC	81	29.44	20.31	19.81	30.44	0.00	0.00
LBC	82	30.29	17.12	19.26	33.33	0.00	0.00
LBC	83	29.59	18.91	19.46	32.04	0.00	0.00
LBC	84	31.14	18.86	18.61	31.39	0.00	0.00
LBC	85	30.69	19.21	18.81	31.29	0.00	0.00
LBC	86	30.54	17.91	19.76	31.79	0.00	0.00
LBC	87	30.94	18.26	21.26	29.54	0.00	0.00
LBC	88	31.79	18.61	19.96	29.64	0.00	0.00
LBC	89	30.49	20.06	19.31	30.14	0.00	0.00
LBC	90	29.84	19.36	19.61	31.19	0.00	0.00
LBC	91	29.79	19.71	19.81	30.69	0.00	0.00
LBC	92	30.99	19.41	19.16	30.44	0.00	0.00
LBC	93	30.54	18.91	19.81	30.74	0.00	0.00
LBC	94	28.54	20.26	19.36	31.84	0.00	0.00
LBC	95	30.99	20.16	21.06	27.79	0.00	0.00
LBC	96	30.39	18.01	20.01	31.59	0.00	0.00
LBC	97	29.69	20.31	19.81	30.19	0.00	0.00
LBC	98	31.54	18.51	19.66	30.29	0.00	0.00
LBC	99	29.19	20.56	17.42	32.83	0.00	0.00
LBC	100	31.44	19.96	19.11	29.49	0.00	0.00
LBC	101	31.99	19.91	18.46	29.64	0.00	0.00
LBC	102	29.09	19.66	19.81	31.44	0.00	0.00
LBC	103	30.54	20.11	18.91	30.44	0.00	0.00
LBC	104	30.39	19.16	18.16	32.29	0.00	0.00
LBC	105	31.09	19.86	18.96	30.09	0.00	0.00
LBC	106	31.19	21.01	18.16	29.64	0.00	0.00
LBC	107	30.44	20.56	19.51	29.49	0.00	0.00
LBC	108	30.44	20.11	18.16	31.29	0.00	0.00
LBC	109	32.09	18.21	17.91	31.79	0.00	0.00
LBC	110	30.54	20.11	17.66	31.69	0.00	0.00
LBC	111	28.89	19.06	20.26	31.79	0.00	0.00
LBC	112	29.64	19.31	19.06	31.99	0.00	0.00
LBC	113	31.49	18.06	19.11	31.34	0.00	0.00
LBC	114	29.74	19.26	19.71	31.29	0.00	0.00
LBC	115	30.79	20.41	17.61	31.19	0.00	0.00
LBC	116	30.29	20.41	18.11	31.19	0.00	0.00
LBC	117	29.99	20.46	20.41	29.14	0.00	0.00
LBC	118	31.29	20.06	18.01	30.64	0.00	0.00
LBC	119	31.64	19.76	19.01	29.59	0.00	0.00
LBC	120	30.34	18.16	18.61	32.88	0.00	0.00
LBC	121	31.24	21.21	18.46	29.09	0.00	0.00
LBC	122	30.64	19.16	18.16	32.04	0.00	0.00
LBC	123	31.29	20.56	17.32	30.84	0.00	0.00
LBC	124	32.34	18.71	19.16	29.79	0.00	0.00
LBC	125	31.59	20.26	17.96	30.19	0.00	0.00
LBC	126	29.69	20.96	19.96	29.39	0.00	0.00
LBC	127	30.44	19.46	18.21	31.89	0.00	0.00
LBC	128	30.69	21.06	18.86	29.39	0.00	0.00
LBC	129	32.24	20.41	17.42	29.94	0.00	0.00
LBC	130	30.59	21.81	17.47	30.14	0.00	0.00
LBC	131	31.14	19.16	19.61	30.09	0.00	0.00
LBC	132	29.54	19.36	20.31	30.79	0.00	0.00
LBC	133	30.39	19.91	17.56	32.14	0.00	0.00
LBC	134	30.39	20.51	19.31	29.79	0.00	0.00
LBC	135	30.39	20.21	19.31	30.09	0.00	0.00
LBC	136	30.34	20.01	18.41	31.24	0.00	0.00
LBC	137	30.49	20.16	20.36	28.99	0.00	0.00
LBC	138	30.14	19.51	21.16	29.19	0.00	0.00
LBC	139	30.44	19.76	20.26	29.54	0.00	0.00
LBC	140	30.59	19.06	18.56	31.79	0.00	0.00
LBC	141	31.29	18.66	18.76	31.29	0.00	0.00
LBC	142	30.54	20.31	19.66	29.49	0.00	0.00
LBC	143	29.54	20.01	19.01	31.44	0.00	0.00
LBC	144	29.29	19.91	18.66	32.14	0.00	0.00
LBC	145	29.84	19.81	18.96	31.39	0.00	0.00
LBC	146	29.74	19.61	19.76	30.89	0.00	0.00
LBC	147	29.04	20.46	19.16	31.34	0.00	0.00
LBC	148	31.14	21.76	18.61	28.49	0.00	0.00
LBC	149	29.34	20.51	20.01	30.14	0.00	0.00
LBC	150	30.59	20.61	17.86	30.94	0.00	0.00
# ACGT raw counters for last fragments. Use `grep ^LTC | cut -f 2-` to extract this part. The columns are: A,C,G,T,N base counters
LTC	91678	59743	56853	92326	0
# Insert sizes. Use `grep ^IS | cut -f 2-` to extract this part. The columns are: insert size, pairs total, inward oriented pairs, outward oriented pairs, other pairs
IS	0	0	0	0	0
IS	1	0	0	0	0
IS	2	0	0	0	0
IS	3	0	0	0	0
IS	4	0	0	0	0
IS	5	0	0	0	0
IS	6	0	0	0	0
IS	7	0	0	0	0
IS	8	0	0	0	0
IS	9	0	0	0	0
IS	10	0	0	0	0
IS	11	0	0	0	0
IS	12	0	0	0	0
IS	13	0	0	0	0
IS	14	0	0	0	0
IS	15	0	0	0	0
IS	16	0	0	0	0
IS	17	0	0	0	0
IS	18	0	0	0	0
IS	19	0	0	0	0
IS	20	0	0	0	0
IS	21	0	0	0	0
IS	22	0	0	0	0
IS	23	0	0	0	0
IS	24	0	0	0	0
IS	25	0	0	0	0
IS	26	0	0	0	0
IS	27	0	0	0	0
IS	28	0	0	0	0
IS	29	0	0	0	0
IS	30	0	0	0	0
IS	31	0	0	0	0
IS	32	0	0	0	0
IS	33	0	0	0	0
IS	34	0	0	0	0
IS	35	0	0	0	0
IS	36	0	0	0	0
IS	37	0	0	0	0
IS	38	0	0	0	0
IS	39	0	0	0	0
IS	40	0	0	0	0
IS	41	0	0	0	0
IS	42	0	0	0	0
IS	43	0	0	0	0
IS	44	0	0	0	0
IS	45	0	0	0	0
IS	46	0	0	0	0
IS	47	0	0	0	0
IS	48	0	0	0	0
IS	49	0	0	0	0
IS	50	0	0	0	0
IS	51	0	0	0	0
IS	52	0	0	0	0
IS	53	0	0	0	0
IS	54	0	0	0	0
IS	55	0	0	0	0
IS	56	0	0	0	0
IS	57	0	0	0	0
IS	58	0	0	0	0
IS	59	0	0	0	0
IS	60	0	0	0	0
IS	61	0	0	0	0
IS	62	0	0	0	0
IS	63	0	0	0	0
IS	64	0	0	0	0
IS	65	0	0	0	0
IS	66	0	0	0	0
IS	67	0	0	0	0
IS	68	0	0	0	0
IS	69	0	0	0	0
IS	70	0	0	0	0
IS	71	0	0	0	0
IS	72	0	0	0	0
IS	73	0	0	0	0
IS	74	0	0	0	0
IS	75	0	0	0	0
IS	76	0	0	0	0
IS	77	0	0	0	0
IS	78	0	0	0	0
IS	79	0	0	0	0
IS	80	0	0	0	0
IS	81	0	0	0	0
IS	82	0	0	0	0
IS	83	0	0	0	0
IS	84	0	0	0	0
IS	85	0	0	0	0
IS	86	0	0	0	0
IS	87	0	0	0	0
IS	88	0	0	0	0
IS	89	0	0	0	0
IS	90	0	0	0	0
IS	91	0	0	0	0
IS	92	0	0	0	0
IS	93	0	0	0	0
IS	94	0	0	0	0
IS	95	0	0	0	0
IS	96	0	0	0	0
IS	97	0	0	0	0
IS	98	0	0	0	0
IS	99	0	0	0	0
IS	100	0	0	0	0
IS	101	0	0	0	0
IS	102	0	0	0	0
IS	103	0	0	0	0
IS	104	0	0	0	0
IS	105	0	0	0	0
IS	106	0	0	0	0
IS	107	0	0	0	0
IS	108	0	0	0	0
IS	109	0	0	0	0
IS	110	0	0	0	0
IS	111	0	0	0	0
IS	112	0	0	0	0
IS	113	0	0	0	0
IS	114	0	0	0	0
IS	115	0	0	0	0
IS	116	0	0	0	0
IS	117	0	0	0	0
IS	118	0	0	0	0
IS	119	0	0	0	0
IS	120	0	0	0	0
IS	121	0	0	0	0
IS	122	0	0	0	0
IS	123	0	0	0	0
IS	124	0	0	0	0
IS	125	0	0	0	0
IS	126	0	0	0	0
IS	127	0	0	0	0
IS	128	0	0	0	0
IS	129	0	0	0	0
IS	130	0	0	0	0
IS	131	0	0	0	0
IS	132	0	0	0	0
IS	133	0	0	0	0
IS	134	0	0	0	0
IS	135	0	0	0	0
IS	136	0	0	0	0
IS	137	0	0	0	0
IS	138	0	0	0	0
IS	139	0	0	0	0
IS	140	0	0	0	0
IS	141	0	0	0	0
IS	142	0	0	0	0
IS	143	0	0	0	0
IS	144	0	0	0	0
IS	145	0	0	0	0
IS	146	0	0	0	0
IS	147	0	0	0	0
IS	148	0	0	0	0
IS	149	0	0	0	0
IS	150	0	0	0	0
IS	151	0	0	0	0
IS	152	0	0	0	0
IS	153	0	0	0	0
IS	154	0	0	0	0
IS	155	0	0	0	0
IS	156	0	0	0	0
IS	157	0	0	0	0
IS	158	0	0	0	0
IS	159	0	0	0	0
IS	160	0	0	0	0
IS	161	0	0	0	0
IS	162	0	0	0	0
IS	163	0	0	0	0
IS	164	0	0	0	0
IS	165	0	0	0	0
IS	166	0	0	0	0
IS	167	0	0	0	0
IS	168	0	0	0	0
IS	169	0	0	0	0
IS	170	0	0	0	0
IS	171	0	0	0	0
IS	172	0	0	0	0
IS	173	0	0	0	0
IS	174	0	0	0	0
IS	175	0	0	0	0
IS	176	0	0	0	0
IS	177	0	0	0	0
IS	178	0	0	0	0
IS	179	0	0	0	0
IS	180	0	0	0	0
IS	181	0	0	0	0
IS	182	0	0	0	0
IS	183	0	0	0	0
IS	184	0	0	0	0
IS	185	0	0	0	0
IS	186	0	0	0	0
IS	187	0	0	0	0
IS	188	0	0	0	0
IS	189	0	0	0	0
IS	190	0	0	0	0
IS	191	0	0	0	0
IS	192	0	0	0	0
IS	193	0	0	0	0
IS	194	0	0	0	0
IS	195	0	0	0	0
IS	196	0	0	0	0
IS	197	0	0	0	0
IS	198	0	0	0	0
IS	199	0	0	0	0
IS	200	0	0	0	0
IS	201	0	0	0	0
IS	202	0	0	0	0
IS	203	0	0	0	0
IS	204	0	0	0	0
IS	205	0	0	0	0
IS	206	0	0	0	0
IS	207	0	0	0	0
IS	208	0	0	0	0
IS	209	0	0	0	0
IS	210	0	0	0	0
IS	211	0	0	0	0
IS	212	0	0	0	0
IS	213	0	0	0	0
IS	214	0	0	0	0
IS	215	0	0	0	0
IS	216	0	0	0	0
IS	217	0	0	0	0
IS	218	0	0	0	0
IS	219	0	0	0	0
IS	220	0	0	0	0
IS	221	0	0	0	0
IS	222	0	0	0	0
IS	223	0	0	0	0
IS	224	0	0	0	0
IS	225	0	0	0	0
IS	226	0	0	0	0
IS	227	0	0	0	0
IS	228	0	0	0	0
IS	229	0	0	0	0
IS	230	0	0	0	0
IS	231	0	0	0	0
IS	232	0	0	0	0
IS	233	0	0	0	0
IS	234	0	0	0	0
IS	235	0	0	0	0
IS	236	0	0	0	0
IS	237	0	0	0	0
IS	238	0	0	0	0
IS	239	0	0	0	0
IS	240	0	0	0	0
IS	241	0	0	0	0
IS	242	0	0	0	0
IS	243	0	0	0	0
IS	244	0	0	0	0
IS	245	0	0	0	0
IS	246	0	0	0	0
IS	247	0	0	0	0
IS	248	0	0	0	0
IS	249	0	0	0	0
IS	250	0	0	0	0
IS	251	0	0	0	0
IS	252	0	0	0	0
IS	253	0	0	0	0
IS	254	0	0	0	0
IS	255	0	0	0	0
IS	256	0	0	0	0
IS	257	0	0	0	0
IS	258	0	0	0	0
IS	259	0	0	0	0
IS	260	0	0	0	0
IS	261	0	0	0	0
IS	262	0	0	0	0
IS	263	0	0	0	0
IS	264	0	0	0	0
IS	265	0	0	0	0
IS	266	0	0	0	0
IS	267	0	0	0	0
IS	268	0	0	0	0
IS	269	0	0	0	0
IS	270	0	0	0	0
IS	271	0	0	0	0
IS	272	0	0	0	0
IS	273	0	0	0	0
IS	274	0	0	0	0
IS	275	0	0	0	0
IS	276	0	0	0	0
IS	277	0	0	0	0
IS	278	0	0	0	0
IS	279	0	0	0	0
IS	280	0	0	0	0
IS	281	0	0	0	0
IS	282	0	0	0	0
IS	283	0	0	0	0
IS	284	0	0	0	0
IS	285	0	0	0	0
IS	286	0	0	0	0
IS	287	0	0	0	0
IS	288	0	0	0	0
IS	289	0	0	0	0
IS	290	0	0	0	0
IS	291	0	0	0	0
IS	292	0	0	0	0
IS	293	0	0	0	0
IS	294	0	0	0	0
IS	295	0	0	0	0
IS	296	0	0	0	0
IS	297	0	0	0	0
IS	298	0	0	0	0
IS	299	0	0	0	0
IS	300	0	0	0	0
IS	301	0	0	0	0
IS	302	0	0	0	0
IS	303	0	0	0	0
IS	304	0	0	0	0
IS	305	0	0	0	0
IS	306	0	0	0	0
IS	307	0	0	0	0
IS	308	0	0	0	0
IS	309	0	0	0	0
IS	310	0	0	0	0
IS	311	0	0	0	0
IS	312	0	0	0	0
IS	313	0	0	0	0
IS	314	0	0	0	0
IS	315	0	0	0	0
IS	316	0	0	0	0
IS	317	0	0	0	0
IS	318	0	0	0	0
IS	319	0	0	0	0
IS	320	0	0	0	0
IS	321	0	0	0	0
IS	322	0	0	0	0
IS	323	0	0	0	0
IS	324	0	0	0	0
IS	325	0	0	0	0
IS	326	0	0	0	0
IS	327	0	0	0	0
IS	328	0	0	0	0
IS	329	0	0	0	0
IS	330	0	0	0	0
IS	331	0	0	0	0
IS	332	0	0	0	0
IS	333	0	0	0	0
IS	334	0	0	0	0
IS	335	0	0	0	0
IS	336	1	1	0	0
IS	337	0	0	0	0
IS	338	0	0	0	0
IS	339	0	0	0	0
IS	340	0	0	0	0
IS	341	0	0	0	0
IS	342	0	0	0	0
IS	343	0	0	0	0
IS	344	0	0	0	0
IS	345	0	0	0	0
IS	346	0	0	0	0
IS	347	0	0	0	0
IS	348	0	0	0	0
IS	349	1	1	0	0
IS	350	1	1	0	0
IS	351	1	1	0	0
IS	352	0	0	0	0
IS	353	2	2	0	0
IS	354	0	0	0	0
IS	355	0	0	0	0
IS	356	1	1	0	0
IS	357	1	1	0	0
IS	358	0	0	0	0
IS	359	1	1	0	0
IS	360	1	1	0	0
IS	361	0	0	0	0
IS	362	1	1	0	0
IS	363	0	0	0	0
IS	364	2	2	0	0
IS	365	1	1	0	0
IS	366	0	0	0	0
IS	367	0	0	0	0
IS	368	1	1	0	0
IS	369	0	0	0	0
IS	370	0	0	0	0
IS	371	0	0	0	0
IS	372	0	0	0	0
IS	373	1	1	0	0
IS	374	1	1	0	0
IS	375	1	1	0	0
IS	376	0	0	0	0
IS	377	0	0	0	0
IS	378	1	1	0	0
IS	379	2	2	0	0
IS	380	0	0	0	0
IS	381	1	1	0	0
IS	382	1	1	0	0
IS	383	0	0	0	0
IS	384	0	0	0	0
IS	385	0	0	0	0
IS	386	1	1	0	0
IS	387	3	3	0	0
IS	388	2	2	0	0
IS	389	0	0	0	0
IS	390	1	1	0	0
IS	391	0	0	0	0
IS	392	1	1	0	0
IS	393	4	4	0	0
IS	394	2	2	0	0
IS	395	2	2	0	0
IS	396	2	2	0	0
IS	397	4	4	0	0
IS	398	2	2	0	0
IS	399	2	2	0	0
IS	400	0	0	0	0
IS	401	3	3	0	0
IS	402	3	3	0	0
IS	403	1	1	0	0
IS	404	3	3	0	0
IS	405	3	3	0	0
IS	406	6	6	0	0
IS	407	5	5	0	0
IS	408	3	3	0	0
IS	409	1	1	0	0
IS	410	6	6	0	0
IS	411	3	3	0	0
IS	412	2	2	0	0
IS	413	3	3	0	0
IS	414	7	7	0	0
IS	415	1	1	0	0
IS	416	3	3	0	0
IS	417	1	1	0	0
IS	418	6	6	0	0
IS	419	6	6	0	0
IS	420	2	2	0	0
IS	421	4	4	0	0
IS	422	5	5	0	0
IS	423	9	9	0	0
IS	424	6	6	0	0
IS	425	8	8	0	0
IS	426	5	5	0	0
IS	427	2	2	0	0
IS	428	6	6	0	0
IS	429	9	9	0	0
IS	430	9	9	0	0
IS	431	6	6	0	0
IS	432	11	11	0	0
IS	433	6	6	0	0
IS	434	7	7	0	0
IS	435	9	9	0	0
IS	436	7	7	0	0
IS	437	12	12	0	0
IS	438	6	6	0	0
IS	439	8	8	0	0
IS	440	8	8	0	0
IS	441	11	11	0	0
IS	442	6	6	0	0
IS	443	9	9	0	0
IS	444	10	10	0	0
IS	445	14	14	0	0
IS	446	7	7	0	0
IS	447	15	15	0	0
IS	448	11	11	0	0
IS	449	12	12	0	0
IS	450	12	12	0	0
IS	451	12	12	0	0
IS	452	14	14	0	0
IS	453	12	12	0	0
IS	454	7	7	0	0
IS	455	15	15	0	0
IS	456	15	15	0	0
IS	457	10	10	0	0
IS	458	7	7	0	0
IS	459	14	14	0	0
IS	460	9	9	0	0
IS	461	8	8	0	0
IS	462	11	11	0	0
IS	463	14	14	0	0
IS	464	9	9	0	0
IS	465	10	10	0	0
IS	466	22	22	0	0
IS	467	14	14	0	0
IS	468	7	7	0	0
IS	469	13	13	0	0
IS	470	18	18	0	0
IS	471	10	10	0	0
IS	472	12	12	0	0
IS	473	18	18	0	0
IS	474	21	21	0	0
IS	475	14	14	0	0
IS	476	11	11	0	0
IS	477	15	15	0	0
IS	478	11	11	0	0
IS	479	8	8	0	0
IS	480	20	20	0	0
IS	481	14	14	0	0
IS	482	11	11	0	0
IS	483	16	16	0	0
IS	484	12	12	0	0
IS	485	12	12	0	0
IS	486	11	11	0	0
IS	487	14	14	0	0
IS	488	12	12	0	0
IS	489	20	20	0	0
IS	490	25	25	0	0
IS	491	14	14	0	0
IS	492	21	21	0	0
IS	493	19	19	0	0
IS	494	16	16	0	0
IS	495	16	16	0	0
IS	496	9	9	0	0
IS	497	18	18	0	0
IS	498	11	11	0	0
IS	499	18	18	0	0
IS	500	19	19	0	0
IS	501	20	20	0	0
IS	502	13	13	0	0
IS	503	11	11	0	0
IS	504	9	9	0	0
IS	505	11	11	0	0
IS	506	14	14	0	0
IS	507	14	14	0	0
IS	508	15	15	0	0
IS	509	12	12	0	0
IS	510	7	7	0	0
IS	511	19	19	0	0
IS	512	11	11	0	0
IS	513	19	19	0	0
IS	514	14	14	0	0
IS	515	17	17	0	0
IS	516	12	12	0	0
IS	517	21	21	0	0
IS	518	17	17	0	0
IS	519	14	14	0	0
IS	520	12	12	0	0
IS	521	16	16	0	0
IS	522	16	16	0	0
IS	523	15	15	0	0
IS	524	10	10	0	0
IS	525	18	18	0	0
IS	526	14	14	0	0
IS	527	12	12	0	0
IS	528	7	7	0	0
IS	529	9	9	0	0
IS	530	14	14	0	0
IS	531	19	19	0	0
IS	532	16	16	0	0
IS	533	11	11	0	0
IS	534	13	13	0	0
IS	535	12	12	0	0
IS	536	18	18	0	0
IS	537	13	13	0	0
IS	538	16	16	0	0
IS	539	8	8	0	0
IS	540	8	8	0	0
IS	541	10	10	0	0
IS	542	11	11	0	0
IS	543	10	10	0	0
IS	544	10	10	0	0
IS	545	9	9	0	0
IS	546	13	13	0	0
IS	547	8	8	0	0
IS	548	10	10	0	0
IS	549	13	13	0	0
IS	550	6	6	0	0
IS	551	8	8	0	0
IS	552	13	13	0	0
IS	553	13	13	0	0
IS	554	10	10	0	0
IS	555	8	8	0	0
IS	556	10	10	0	0
IS	557	6	6	0	0
IS	558	3	3	0	0
IS	559	6	6	0	0
IS	560	3	3	0	0
IS	561	4	4	0	0
IS	562	5	5	0	0
IS	563	5	5	0	0
IS	564	8	8	0	0
IS	565	4	4	0	0
IS	566	4	4	0	0
IS	567	4	4	0	0
IS	568	5	5	0	0
IS	569	7	7	0	0
IS	570	5	5	0	0
IS	571	8	8	0	0
IS	572	7	7	0	0
IS	573	9	9	0	0
IS	574	6	6	0	0
IS	575	7	7	0	0
IS	576	5	5	0	0
IS	577	4	4	0	0
IS	578	3	3	0	0
IS	579	5	5	0	0
IS	580	6	6	0	0
IS	581	5	5	0	0
IS	582	5	5	0	0
IS	583	3	3	0	0
IS	584	3	3	0	0
IS	585	2	2	0	0
IS	586	3	3	0	0
IS	587	3	3	0	0
IS	588	3	3	0	0
IS	589	5	5	0	0
IS	590	6	6	0	0
IS	591	3	3	0	0
IS	592	3	3	0	0
IS	593	2	2	0	0
IS	594	6	6	0	0
IS	595	3	3	0	0
IS	596	4	4	0	0
IS	597	4	4	0	0
IS	598	2	2	0	0
IS	599	4	4	0	0
IS	600	4	4	0	0
IS	601	1	1	0	0
IS	602	1	1	0	0
IS	603	3	3	0	0
IS	604	2	2	0	0
IS	605	0	0	0	0
IS	606	1	1	0	0
IS	607	2	2	0	0
IS	608	0	0	0	0
IS	609	1	1	0	0
IS	610	0	0	0	0
IS	611	1	1	0	0
IS	612	0	0	0	0
IS	613	1	1	0	0
IS	614	2	2	0	0
IS	615	0	0	0	0
IS	616	3	3	0	0
# Read lengths. Use `grep ^RL | cut -f 2-` to extract this part. The columns are: read length, count
RL	150	4008
# Read lengths - first fragments. Use `grep ^FRL | cut -f 2-` to extract this part. The columns are: read length, count
FRL	150	2004
# Read lengths - last fragments. Use `grep ^LRL | cut -f 2-` to extract this part. The columns are: read length, count
LRL	150	2004
# Mapping qualities for reads !(UNMAP|SECOND|SUPPL|QCFAIL|DUP). Use `grep ^MAPQ | cut -f 2-` to extract this part. The columns are: mapq, count
MAPQ	0	14
MAPQ	3	2
MAPQ	15	4
MAPQ	21	1
MAPQ	27	9
MAPQ	33	1
MAPQ	39	3
MAPQ	40	33
MAPQ	43	1
MAPQ	45	2
MAPQ	47	2
MAPQ	48	32
MAPQ	50	2
MAPQ	51	2
MAPQ	52	2
MAPQ	57	12
MAPQ	59	1
MAPQ	60	3885
# Indel distribution. Use `grep ^ID | cut -f 2-` to extract this part. The columns are: length, number of insertions, number of deletions
ID	1	0	4
# Indels per cycle. Use `grep ^IC | cut -f 2-` to extract this part. The columns are: cycle, number of insertions (fwd), .. (rev) , number of deletions (fwd), .. (rev)
IC	104	0	0	0	1
IC	118	0	0	0	1
IC	123	0	0	0	1
IC	143	0	0	1	0
# Coverage distribution. Use `grep ^COV | cut -f 2-` to extract this part.
COV	[1-1]	1	5557
COV	[2-2]	2	10057
COV	[3-3]	3	15497
COV	[4-4]	4	18299
COV	[5-5]	5	18254
COV	[6-6]	6	15716
COV	[7-7]	7	13008
COV	[8-8]	8	8444
COV	[9-9]	9	5824
COV	[10-10]	10	3257
COV	[11-11]	11	1643
COV	[12-12]	12	576
COV	[13-13]	13	95
COV	[14-14]	14	33
# GC-depth. Use `grep ^GCD | cut -f 2-` to extract this part. The columns are: GC%, unique sequence percentiles, 10th, 25th, 50th, 75th and 90th depth percentile
GCD	0.0	15.385	0.000	0.000	0.000	0.000	0.000
GCD	37.0	30.769	2.505	2.505	2.505	2.505	2.505
GCD	38.0	53.846	2.505	2.505	2.505	2.505	2.505
GCD	39.0	84.615	2.505	2.505	2.505	2.505	2.505
GCD	40.0	92.308	2.505	2.505	2.505	2.505	2.505
GCD	46.0	100.000	2.505	2.505	2.505	2.505	2.505
