# This file was produced by samtools stats (1.20+htslib-1.21) and can be plotted using plot-bamstats
# This file contains statistics for all reads.
# The command line was:  stats sample3828.sorted.group.rmdup.bam
# CHK, Checksum	[2]Read Names	[3]Sequences	[4]Qualities
# CHK, CRC32 of reads which passed filtering followed by addition (32bit overflow)
CHK	6271a6fe	9aa4a6d8	f1f23d24
# Summary Numbers. Use `grep ^SN | cut -f 2-` to extract this part.
SN	raw total sequences:	4006	# excluding supplementary and secondary reads
SN	filtered sequences:	0
SN	sequences:	4006
SN	is sorted:	1
SN	1st fragments:	2003
SN	last fragments:	2003
SN	reads mapped:	4006
SN	reads mapped and paired:	4006	# paired-end technology bit set + both mates mapped
SN	reads unmapped:	0
SN	reads properly paired:	4006	# proper-pair bit set
SN	reads paired:	4006	# paired-end technology bit set
SN	reads duplicated:	0	# PCR or optical duplicate bit set
SN	reads MQ0:	20	# mapped and MQ=0
SN	reads QC failed:	0
SN	non-primary alignments:	0
SN	supplementary alignments:	0
SN	total length:	600899	# ignores clipping
SN	total first fragment length:	300450	# ignores clipping
SN	total last fragment length:	300449	# ignores clipping
SN	bases mapped:	600899	# ignores clipping
SN	bases mapped (cigar):	600899	# more accurate
SN	bases trimmed:	0
SN	bases duplicated:	0
SN	mismatches:	1026	# from NM fields
SN	error rate:	1.707442e-03	# mismatches / bases mapped (cigar)
SN	average length:	150
SN	average first fragment length:	150
SN	average last fragment length:	150
SN	maximum length:	150
SN	maximum first fragment length:	150
SN	maximum last fragment length:	150
SN	average quality:	30.0
SN	insert size average:	498.8
SN	insert size standard deviation:	47.9
SN	inward oriented pairs:	2003
SN	outward oriented pairs:	0
SN	pairs with other orientation:	0
SN	pairs on different chromosomes:	0
SN	percentage of properly paired reads (%):	100.0
# First Fragment Qualities. Use `grep ^FFQ | cut -f 2-` to extract this part.
# Columns correspond to qualities and rows to cycles. First column is the cycle number.
FFQ	1	0	0	0	0	0	0	0	0	0	0	0	0	0	0	0	0	0	0	0	0	0	0	0	0	0	0	0	0	0	0	2003	0
FFQ	2	0	0	0	0	0	0	0	0	0	0	0	0	0	0	0	0	0	0	0	0	0	0	0	0	0	0	0	0	0	0	2003	0
FFQ	3	0	0	0	0	0	0	0	0	0	0	0	0	0	0	0	0	0	0	0	0	0	0	0	0	0	0	0	0	0	0	2003	0
FFQ	4	0	0	0	0	0	0	0	0	0	0	0	0	0	0	0	0	0	0	0	0	0	0	0	0	0	0	0	0	0	0	2003	0
FFQ	5	0	0	0	0	0	0	0	0	0	0	0	0	0	0	0	0	0	0	0	0	0	0	0	0	0	0	0	0	0	0	2003	0
FFQ	6	0	0	0	0	0	0	0	0	0	0	0	0	0	0	0	0	0	0	0	0	0	0	0	0	0	0	0	0	0	0	2003	0
FFQ	7	0	0	0	0	0	0	0	0	0	0	0	0	0	0	0	0	0	0	0	0	0	0	0	0	0	0	0	0	0	0	2003	0
FFQ	8	0	0	0	0	0	0	0	0	0	0	0	0	0	0	0	0	0	0	0	0	0	0	0	0	0	0	0	0	0	0	2003	0
FFQ	9	0	0	0	0	0	0	0	0	0	0	0	0	0	0	0	0	0	0	0	0	0	0	0	0	0	0	0	0	0	0	2003	0
FFQ	10	0	0	0	0	0	0	0	0	0	0	0	0	0	0	0	0	0	0	0	0	0	0	0	0	0	0	0	0	0	0	2003	0
FFQ	11	0	0	0	0	0	0	0	0	0	0	0	0	0	0	0	0	0	0	0	0	0	0	0	0	0	0	0	0	0	0	2003	0
FFQ	12	0	0	0	0	0	0	0	0	0	0	0	0	0	0	0	0	0	0	0	0	0	0	0	0	0	0	0	0	0	0	2003	0
FFQ	13	0	0	0	0	0	0	0	0	0	0	0	0	0	0	0	0	0	0	0	0	0	0	0	0	0	0	0	0	0	0	2003	0
FFQ	14	0	0	0	0	0	0	0	0	0	0	0	0	0	0	0	0	0	0	0	0	0	0	0	0	0	0	0	0	0	0	2003	0
FFQ	15	0	0	0	0	0	0	0	0	0	0	0	0	0	0	0	0	0	0	0	0	0	0	0	0	0	0	0	0	0	0	2003	0
FFQ	16	0	0	0	0	0	0	0	0	0	0	0	0	0	0	0	0	0	0	0	0	0	0	0	0	0	0	0	0	0	0	2003	0
FFQ	17	0	0	0	0	0	0	0	0	0	0	0	0	0	0	0	0	0	0	0	0	0	0	0	0	0	0	0	0	0	0	2003	0
FFQ	18	0	0	0	0	0	0	0	0	0	0	0	0	0	0	0	0	0	0	0	0	0	0	0	0	0	0	0	0	0	0	2003	0
FFQ	19	0	0	0	0	0	0	0	0	0	0	0	0	0	0	0	0	0	0	0	0	0	0	0	0	0	0	0	0	0	0	2003	0
FFQ	20	0	0	0	0	0	0	0	0	0	0	0	0	0	0	0	0	0	0	0	0	0	0	0	0	0	0	0	0	0	0	2003	0
FFQ	21	0	0	0	0	0	0	0	0	0	0	0	0	0	0	0	0	0	0	0	0	0	0	0	0	0	0	0	0	0	0	2003	0
FFQ	22	0	0	0	0	0	0	0	0	0	0	0	0	0	0	0	0	0	0	0	0	0	0	0	0	0	0	0	0	0	0	2003	0
FFQ	23	0	0	0	0	0	0	0	0	0	0	0	0	0	0	0	0	0	0	0	0	0	0	0	0	0	0	0	0	0	0	2003	0
FFQ	24	0	0	0	0	0	0	0	0	0	0	0	0	0	0	0	0	0	0	0	0	0	0	0	0	0	0	0	0	0	0	2003	0
FFQ	25	0	0	0	0	0	0	0	0	0	0	0	0	0	0	0	0	0	0	0	0	0	0	0	0	0	0	0	0	0	0	2003	0
FFQ	26	0	0	0	0	0	0	0	0	0	0	0	0	0	0	0	0	0	0	0	0	0	0	0	0	0	0	0	0	0	0	2003	0
FFQ	27	0	0	0	0	0	0	0	0	0	0	0	0	0	0	0	0	0	0	0	0	0	0	0	0	0	0	0	0	0	0	2003	0
FFQ	28	0	0	0	0	0	0	0	0	0	0	0	0	0	0	0	0	0	0	0	0	0	0	0	0	0	0	0	0	0	0	2003	0
FFQ	29	0	0	0	0	0	0	0	0	0	0	0	0	0	0	0	0	0	0	0	0	0	0	0	0	0	0	0	0	0	0	2003	0
FFQ	30	0	0	0	0	0	0	0	0	0	0	0	0	0	0	0	0	0	0	0	0	0	0	0	0	0	0	0	0	0	0	2003	0
FFQ	31	0	0	0	0	0	0	0	0	0	0	0	0	0	0	0	0	0	0	0	0	0	0	0	0	0	0	0	0	0	0	2003	0
FFQ	32	0	0	0	0	0	0	0	0	0	0	0	0	0	0	0	0	0	0	0	0	0	0	0	0	0	0	0	0	0	0	2003	0
FFQ	33	0	0	0	0	0	0	0	0	0	0	0	0	0	0	0	0	0	0	0	0	0	0	0	0	0	0	0	0	0	0	2003	0
FFQ	34	0	0	0	0	0	0	0	0	0	0	0	0	0	0	0	0	0	0	0	0	0	0	0	0	0	0	0	0	0	0	2003	0
FFQ	35	0	0	0	0	0	0	0	0	0	0	0	0	0	0	0	0	0	0	0	0	0	0	0	0	0	0	0	0	0	0	2003	0
FFQ	36	0	0	0	0	0	0	0	0	0	0	0	0	0	0	0	0	0	0	0	0	0	0	0	0	0	0	0	0	0	0	2003	0
FFQ	37	0	0	0	0	0	0	0	0	0	0	0	0	0	0	0	0	0	0	0	0	0	0	0	0	0	0	0	0	0	0	2003	0
FFQ	38	0	0	0	0	0	0	0	0	0	0	0	0	0	0	0	0	0	0	0	0	0	0	0	0	0	0	0	0	0	0	2003	0
FFQ	39	0	0	0	0	0	0	0	0	0	0	0	0	0	0	0	0	0	0	0	0	0	0	0	0	0	0	0	0	0	0	2003	0
FFQ	40	0	0	0	0	0	0	0	0	0	0	0	0	0	0	0	0	0	0	0	0	0	0	0	0	0	0	0	0	0	0	2003	0
FFQ	41	0	0	0	0	0	0	0	0	0	0	0	0	0	0	0	0	0	0	0	0	0	0	0	0	0	0	0	0	0	0	2003	0
FFQ	42	0	0	0	0	0	0	0	0	0	0	0	0	0	0	0	0	0	0	0	0	0	0	0	0	0	0	0	0	0	0	2003	0
FFQ	43	0	0	0	0	0	0	0	0	0	0	0	0	0	0	0	0	0	0	0	0	0	0	0	0	0	0	0	0	0	0	2003	0
FFQ	44	0	0	0	0	0	0	0	0	0	0	0	0	0	0	0	0	0	0	0	0	0	0	0	0	0	0	0	0	0	0	2003	0
FFQ	45	0	0	0	0	0	0	0	0	0	0	0	0	0	0	0	0	0	0	0	0	0	0	0	0	0	0	0	0	0	0	2003	0
FFQ	46	0	0	0	0	0	0	0	0	0	0	0	0	0	0	0	0	0	0	0	0	0	0	0	0	0	0	0	0	0	0	2003	0
FFQ	47	0	0	0	0	0	0	0	0	0	0	0	0	0	0	0	0	0	0	0	0	0	0	0	0	0	0	0	0	0	0	2003	0
FFQ	48	0	0	0	0	0	0	0	0	0	0	0	0	0	0	0	0	0	0	0	0	0	0	0	0	0	0	0	0	0	0	2003	0
FFQ	49	0	0	0	0	0	0	0	0	0	0	0	0	0	0	0	0	0	0	0	0	0	0	0	0	0	0	0	0	0	0	2003	0
FFQ	50	0	0	0	0	0	0	0	0	0	0	0	0	0	0	0	0	0	0	0	0	0	0	0	0	0	0	0	0	0	0	2003	0
FFQ	51	0	0	0	0	0	0	0	0	0	0	0	0	0	0	0	0	0	0	0	0	0	0	0	0	0	0	0	0	0	0	2003	0
FFQ	52	0	0	0	0	0	0	0	0	0	0	0	0	0	0	0	0	0	0	0	0	0	0	0	0	0	0	0	0	0	0	2003	0
FFQ	53	0	0	0	0	0	0	0	0	0	0	0	0	0	0	0	0	0	0	0	0	0	0	0	0	0	0	0	0	0	0	2003	0
FFQ	54	0	0	0	0	0	0	0	0	0	0	0	0	0	0	0	0	0	0	0	0	0	0	0	0	0	0	0	0	0	0	2003	0
FFQ	55	0	0	0	0	0	0	0	0	0	0	0	0	0	0	0	0	0	0	0	0	0	0	0	0	0	0	0	0	0	0	2003	0
FFQ	56	0	0	0	0	0	0	0	0	0	0	0	0	0	0	0	0	0	0	0	0	0	0	0	0	0	0	0	0	0	0	2003	0
FFQ	57	0	0	0	0	0	0	0	0	0	0	0	0	0	0	0	0	0	0	0	0	0	0	0	0	0	0	0	0	0	0	2003	0
FFQ	58	0	0	0	0	0	0	0	0	0	0	0	0	0	0	0	0	0	0	0	0	0	0	0	0	0	0	0	0	0	0	2003	0
FFQ	59	0	0	0	0	0	0	0	0	0	0	0	0	0	0	0	0	0	0	0	0	0	0	0	0	0	0	0	0	0	0	2003	0
FFQ	60	0	0	0	0	0	0	0	0	0	0	0	0	0	0	0	0	0	0	0	0	0	0	0	0	0	0	0	0	0	0	2003	0
FFQ	61	0	0	0	0	0	0	0	0	0	0	0	0	0	0	0	0	0	0	0	0	0	0	0	0	0	0	0	0	0	0	2003	0
FFQ	62	0	0	0	0	0	0	0	0	0	0	0	0	0	0	0	0	0	0	0	0	0	0	0	0	0	0	0	0	0	0	2003	0
FFQ	63	0	0	0	0	0	0	0	0	0	0	0	0	0	0	0	0	0	0	0	0	0	0	0	0	0	0	0	0	0	0	2003	0
FFQ	64	0	0	0	0	0	0	0	0	0	0	0	0	0	0	0	0	0	0	0	0	0	0	0	0	0	0	0	0	0	0	2003	0
FFQ	65	0	0	0	0	0	0	0	0	0	0	0	0	0	0	0	0	0	0	0	0	0	0	0	0	0	0	0	0	0	0	2003	0
FFQ	66	0	0	0	0	0	0	0	0	0	0	0	0	0	0	0	0	0	0	0	0	0	0	0	0	0	0	0	0	0	0	2003	0
FFQ	67	0	0	0	0	0	0	0	0	0	0	0	0	0	0	0	0	0	0	0	0	0	0	0	0	0	0	0	0	0	0	2003	0
FFQ	68	0	0	0	0	0	0	0	0	0	0	0	0	0	0	0	0	0	0	0	0	0	0	0	0	0	0	0	0	0	0	2003	0
FFQ	69	0	0	0	0	0	0	0	0	0	0	0	0	0	0	0	0	0	0	0	0	0	0	0	0	0	0	0	0	0	0	2003	0
FFQ	70	0	0	0	0	0	0	0	0	0	0	0	0	0	0	0	0	0	0	0	0	0	0	0	0	0	0	0	0	0	0	2003	0
FFQ	71	0	0	0	0	0	0	0	0	0	0	0	0	0	0	0	0	0	0	0	0	0	0	0	0	0	0	0	0	0	0	2003	0
FFQ	72	0	0	0	0	0	0	0	0	0	0	0	0	0	0	0	0	0	0	0	0	0	0	0	0	0	0	0	0	0	0	2003	0
FFQ	73	0	0	0	0	0	0	0	0	0	0	0	0	0	0	0	0	0	0	0	0	0	0	0	0	0	0	0	0	0	0	2003	0
FFQ	74	0	0	0	0	0	0	0	0	0	0	0	0	0	0	0	0	0	0	0	0	0	0	0	0	0	0	0	0	0	0	2003	0
FFQ	75	0	0	0	0	0	0	0	0	0	0	0	0	0	0	0	0	0	0	0	0	0	0	0	0	0	0	0	0	0	0	2003	0
FFQ	76	0	0	0	0	0	0	0	0	0	0	0	0	0	0	0	0	0	0	0	0	0	0	0	0	0	0	0	0	0	0	2003	0
FFQ	77	0	0	0	0	0	0	0	0	0	0	0	0	0	0	0	0	0	0	0	0	0	0	0	0	0	0	0	0	0	0	2003	0
FFQ	78	0	0	0	0	0	0	0	0	0	0	0	0	0	0	0	0	0	0	0	0	0	0	0	0	0	0	0	0	0	0	2003	0
FFQ	79	0	0	0	0	0	0	0	0	0	0	0	0	0	0	0	0	0	0	0	0	0	0	0	0	0	0	0	0	0	0	2003	0
FFQ	80	0	0	0	0	0	0	0	0	0	0	0	0	0	0	0	0	0	0	0	0	0	0	0	0	0	0	0	0	0	0	2003	0
FFQ	81	0	0	0	0	0	0	0	0	0	0	0	0	0	0	0	0	0	0	0	0	0	0	0	0	0	0	0	0	0	0	2003	0
FFQ	82	0	0	0	0	0	0	0	0	0	0	0	0	0	0	0	0	0	0	0	0	0	0	0	0	0	0	0	0	0	0	2003	0
FFQ	83	0	0	0	0	0	0	0	0	0	0	0	0	0	0	0	0	0	0	0	0	0	0	0	0	0	0	0	0	0	0	2003	0
FFQ	84	0	0	0	0	0	0	0	0	0	0	0	0	0	0	0	0	0	0	0	0	0	0	0	0	0	0	0	0	0	0	2003	0
FFQ	85	0	0	0	0	0	0	0	0	0	0	0	0	0	0	0	0	0	0	0	0	0	0	0	0	0	0	0	0	0	0	2003	0
FFQ	86	0	0	0	0	0	0	0	0	0	0	0	0	0	0	0	0	0	0	0	0	0	0	0	0	0	0	0	0	0	0	2003	0
FFQ	87	0	0	0	0	0	0	0	0	0	0	0	0	0	0	0	0	0	0	0	0	0	0	0	0	0	0	0	0	0	0	2003	0
FFQ	88	0	0	0	0	0	0	0	0	0	0	0	0	0	0	0	0	0	0	0	0	0	0	0	0	0	0	0	0	0	0	2003	0
FFQ	89	0	0	0	0	0	0	0	0	0	0	0	0	0	0	0	0	0	0	0	0	0	0	0	0	0	0	0	0	0	0	2003	0
FFQ	90	0	0	0	0	0	0	0	0	0	0	0	0	0	0	0	0	0	0	0	0	0	0	0	0	0	0	0	0	0	0	2003	0
FFQ	91	0	0	0	0	0	0	0	0	0	0	0	0	0	0	0	0	0	0	0	0	0	0	0	0	0	0	0	0	0	0	2003	0
FFQ	92	0	0	0	0	0	0	0	0	0	0	0	0	0	0	0	0	0	0	0	0	0	0	0	0	0	0	0	0	0	0	2003	0
FFQ	93	0	0	0	0	0	0	0	0	0	0	0	0	0	0	0	0	0	0	0	0	0	0	0	0	0	0	0	0	0	0	2003	0
FFQ	94	0	0	0	0	0	0	0	0	0	0	0	0	0	0	0	0	0	0	0	0	0	0	0	0	0	0	0	0	0	0	2003	0
FFQ	95	0	0	0	0	0	0	0	0	0	0	0	0	0	0	0	0	0	0	0	0	0	0	0	0	0	0	0	0	0	0	2003	0
FFQ	96	0	0	0	0	0	0	0	0	0	0	0	0	0	0	0	0	0	0	0	0	0	0	0	0	0	0	0	0	0	0	2003	0
FFQ	97	0	0	0	0	0	0	0	0	0	0	0	0	0	0	0	0	0	0	0	0	0	0	0	0	0	0	0	0	0	0	2003	0
FFQ	98	0	0	0	0	0	0	0	0	0	0	0	0	0	0	0	0	0	0	0	0	0	0	0	0	0	0	0	0	0	0	2003	0
FFQ	99	0	0	0	0	0	0	0	0	0	0	0	0	0	0	0	0	0	0	0	0	0	0	0	0	0	0	0	0	0	0	2003	0
FFQ	100	0	0	0	0	0	0	0	0	0	0	0	0	0	0	0	0	0	0	0	0	0	0	0	0	0	0	0	0	0	0	2003	0
FFQ	101	0	0	0	0	0	0	0	0	0	0	0	0	0	0	0	0	0	0	0	0	0	0	0	0	0	0	0	0	0	0	2003	0
FFQ	102	0	0	0	0	0	0	0	0	0	0	0	0	0	0	0	0	0	0	0	0	0	0	0	0	0	0	0	0	0	0	2003	0
FFQ	103	0	0	0	0	0	0	0	0	0	0	0	0	0	0	0	0	0	0	0	0	0	0	0	0	0	0	0	0	0	0	2003	0
FFQ	104	0	0	0	0	0	0	0	0	0	0	0	0	0	0	0	0	0	0	0	0	0	0	0	0	0	0	0	0	0	0	2003	0
FFQ	105	0	0	0	0	0	0	0	0	0	0	0	0	0	0	0	0	0	0	0	0	0	0	0	0	0	0	0	0	0	0	2003	0
FFQ	106	0	0	0	0	0	0	0	0	0	0	0	0	0	0	0	0	0	0	0	0	0	0	0	0	0	0	0	0	0	0	2003	0
FFQ	107	0	0	0	0	0	0	0	0	0	0	0	0	0	0	0	0	0	0	0	0	0	0	0	0	0	0	0	0	0	0	2003	0
FFQ	108	0	0	0	0	0	0	0	0	0	0	0	0	0	0	0	0	0	0	0	0	0	0	0	0	0	0	0	0	0	0	2003	0
FFQ	109	0	0	0	0	0	0	0	0	0	0	0	0	0	0	0	0	0	0	0	0	0	0	0	0	0	0	0	0	0	0	2003	0
FFQ	110	0	0	0	0	0	0	0	0	0	0	0	0	0	0	0	0	0	0	0	0	0	0	0	0	0	0	0	0	0	0	2003	0
FFQ	111	0	0	0	0	0	0	0	0	0	0	0	0	0	0	0	0	0	0	0	0	0	0	0	0	0	0	0	0	0	0	2003	0
FFQ	112	0	0	0	0	0	0	0	0	0	0	0	0	0	0	0	0	0	0	0	0	0	0	0	0	0	0	0	0	0	0	2003	0
FFQ	113	0	0	0	0	0	0	0	0	0	0	0	0	0	0	0	0	0	0	0	0	0	0	0	0	0	0	0	0	0	0	2003	0
FFQ	114	0	0	0	0	0	0	0	0	0	0	0	0	0	0	0	0	0	0	0	0	0	0	0	0	0	0	0	0	0	0	2003	0
FFQ	115	0	0	0	0	0	0	0	0	0	0	0	0	0	0	0	0	0	0	0	0	0	0	0	0	0	0	0	0	0	0	2003	0
FFQ	116	0	0	0	0	0	0	0	0	0	0	0	0	0	0	0	0	0	0	0	0	0	0	0	0	0	0	0	0	0	0	2003	0
FFQ	117	0	0	0	0	0	0	0	0	0	0	0	0	0	0	0	0	0	0	0	0	0	0	0	0	0	0	0	0	0	0	2003	0
FFQ	118	0	0	0	0	0	0	0	0	0	0	0	0	0	0	0	0	0	0	0	0	0	0	0	0	0	0	0	0	0	0	2003	0
FFQ	119	0	0	0	0	0	0	0	0	0	0	0	0	0	0	0	0	0	0	0	0	0	0	0	0	0	0	0	0	0	0	2003	0
FFQ	120	0	0	0	0	0	0	0	0	0	0	0	0	0	0	0	0	0	0	0	0	0	0	0	0	0	0	0	0	0	0	2003	0
FFQ	121	0	0	0	0	0	0	0	0	0	0	0	0	0	0	0	0	0	0	0	0	0	0	0	0	0	0	0	0	0	0	2003	0
FFQ	122	0	0	0	0	0	0	0	0	0	0	0	0	0	0	0	0	0	0	0	0	0	0	0	0	0	0	0	0	0	0	2003	0
FFQ	123	0	0	0	0	0	0	0	0	0	0	0	0	0	0	0	0	0	0	0	0	0	0	0	0	0	0	0	0	0	0	2003	0
FFQ	124	0	0	0	0	0	0	0	0	0	0	0	0	0	0	0	0	0	0	0	0	0	0	0	0	0	0	0	0	0	0	2003	0
FFQ	125	0	0	0	0	0	0	0	0	0	0	0	0	0	0	0	0	0	0	0	0	0	0	0	0	0	0	0	0	0	0	2003	0
FFQ	126	0	0	0	0	0	0	0	0	0	0	0	0	0	0	0	0	0	0	0	0	0	0	0	0	0	0	0	0	0	0	2003	0
FFQ	127	0	0	0	0	0	0	0	0	0	0	0	0	0	0	0	0	0	0	0	0	0	0	0	0	0	0	0	0	0	0	2003	0
FFQ	128	0	0	0	0	0	0	0	0	0	0	0	0	0	0	0	0	0	0	0	0	0	0	0	0	0	0	0	0	0	0	2003	0
FFQ	129	0	0	0	0	0	0	0	0	0	0	0	0	0	0	0	0	0	0	0	0	0	0	0	0	0	0	0	0	0	0	2003	0
FFQ	130	0	0	0	0	0	0	0	0	0	0	0	0	0	0	0	0	0	0	0	0	0	0	0	0	0	0	0	0	0	0	2003	0
FFQ	131	0	0	0	0	0	0	0	0	0	0	0	0	0	0	0	0	0	0	0	0	0	0	0	0	0	0	0	0	0	0	2003	0
FFQ	132	0	0	0	0	0	0	0	0	0	0	0	0	0	0	0	0	0	0	0	0	0	0	0	0	0	0	0	0	0	0	2003	0
FFQ	133	0	0	0	0	0	0	0	0	0	0	0	0	0	0	0	0	0	0	0	0	0	0	0	0	0	0	0	0	0	0	2003	0
FFQ	134	0	0	0	0	0	0	0	0	0	0	0	0	0	0	0	0	0	0	0	0	0	0	0	0	0	0	0	0	0	0	2003	0
FFQ	135	0	0	0	0	0	0	0	0	0	0	0	0	0	0	0	0	0	0	0	0	0	0	0	0	0	0	0	0	0	0	2003	0
FFQ	136	0	0	0	0	0	0	0	0	0	0	0	0	0	0	0	0	0	0	0	0	0	0	0	0	0	0	0	0	0	0	2003	0
FFQ	137	0	0	0	0	0	0	0	0	0	0	0	0	0	0	0	0	0	0	0	0	0	0	0	0	0	0	0	0	0	0	2003	0
FFQ	138	0	0	0	0	0	0	0	0	0	0	0	0	0	0	0	0	0	0	0	0	0	0	0	0	0	0	0	0	0	0	2003	0
FFQ	139	0	0	0	0	0	0	0	0	0	0	0	0	0	0	0	0	0	0	0	0	0	0	0	0	0	0	0	0	0	0	2003	0
FFQ	140	0	0	0	0	0	0	0	0	0	0	0	0	0	0	0	0	0	0	0	0	0	0	0	0	0	0	0	0	0	0	2003	0
FFQ	141	0	0	0	0	0	0	0	0	0	0	0	0	0	0	0	0	0	0	0	0	0	0	0	0	0	0	0	0	0	0	2003	0
FFQ	142	0	0	0	0	0	0	0	0	0	0	0	0	0	0	0	0	0	0	0	0	0	0	0	0	0	0	0	0	0	0	2003	0
FFQ	143	0	0	0	0	0	0	0	0	0	0	0	0	0	0	0	0	0	0	0	0	0	0	0	0	0	0	0	0	0	0	2003	0
FFQ	144	0	0	0	0	0	0	0	0	0	0	0	0	0	0	0	0	0	0	0	0	0	0	0	0	0	0	0	0	0	0	2003	0
FFQ	145	0	0	0	0	0	0	0	0	0	0	0	0	0	0	0	0	0	0	0	0	0	0	0	0	0	0	0	0	0	0	2003	0
FFQ	146	0	0	0	0	0	0	0	0	0	0	0	0	0	0	0	0	0	0	0	0	0	0	0	0	0	0	0	0	0	0	2003	0
FFQ	147	0	0	0	0	0	0	0	0	0	0	0	0	0	0	0	0	0	0	0	0	0	0	0	0	0	0	0	0	0	0	2003	0
FFQ	148	0	0	0	0	0	0	0	0	0	0	0	0	0	0	0	0	0	0	0	0	0	0	0	0	0	0	0	0	0	0	2003	0
FFQ	149	0	0	0	0	0	0	0	0	0	0	0	0	0	0	0	0	0	0	0	0	0	0	0	0	0	0	0	0	0	0	2003	0
FFQ	150	0	0	0	0	0	0	0	0	0	0	0	0	0	0	0	0	0	0	0	0	0	0	0	0	0	0	0	0	0	0	2003	0
# Last Fragment Qualities. Use `grep ^LFQ | cut -f 2-` to extract this part.
# Columns correspond to qualities and rows to cycles. First column is the cycle number.
LFQ	1	0	0	0	0	0	0	0	0	0	0	0	0	0	0	0	0	0	0	0	0	0	0	0	0	0	0	0	0	0	0	2003	0
LFQ	2	0	0	0	0	0	0	0	0	0	0	0	0	0	0	0	0	0	0	0	0	0	0	0	0	0	0	0	0	0	0	2003	0
LFQ	3	0	0	0	0	0	0	0	0	0	0	0	0	0	0	0	0	0	0	0	0	0	0	0	0	0	0	0	0	0	0	2003	0
LFQ	4	0	0	0	0	0	0	0	0	0	0	0	0	0	0	0	0	0	0	0	0	0	0	0	0	0	0	0	0	0	0	2003	0
LFQ	5	0	0	0	0	0	0	0	0	0	0	0	0	0	0	0	0	0	0	0	0	0	0	0	0	0	0	0	0	0	0	2003	0
LFQ	6	0	0	0	0	0	0	0	0	0	0	0	0	0	0	0	0	0	0	0	0	0	0	0	0	0	0	0	0	0	0	2003	0
LFQ	7	0	0	0	0	0	0	0	0	0	0	0	0	0	0	0	0	0	0	0	0	0	0	0	0	0	0	0	0	0	0	2003	0
LFQ	8	0	0	0	0	0	0	0	0	0	0	0	0	0	0	0	0	0	0	0	0	0	0	0	0	0	0	0	0	0	0	2003	0
LFQ	9	0	0	0	0	0	0	0	0	0	0	0	0	0	0	0	0	0	0	0	0	0	0	0	0	0	0	0	0	0	0	2003	0
LFQ	10	0	0	0	0	0	0	0	0	0	0	0	0	0	0	0	0	0	0	0	0	0	0	0	0	0	0	0	0	0	0	2003	0
LFQ	11	0	0	0	0	0	0	0	0	0	0	0	0	0	0	0	0	0	0	0	0	0	0	0	0	0	0	0	0	0	0	2003	0
LFQ	12	0	0	0	0	0	0	0	0	0	0	0	0	0	0	0	0	0	0	0	0	0	0	0	0	0	0	0	0	0	0	2003	0
LFQ	13	0	0	0	0	0	0	0	0	0	0	0	0	0	0	0	0	0	0	0	0	0	0	0	0	0	0	0	0	0	0	2003	0
LFQ	14	0	0	0	0	0	0	0	0	0	0	0	0	0	0	0	0	0	0	0	0	0	0	0	0	0	0	0	0	0	0	2003	0
LFQ	15	0	0	0	0	0	0	0	0	0	0	0	0	0	0	0	0	0	0	0	0	0	0	0	0	0	0	0	0	0	0	2003	0
LFQ	16	0	0	0	0	0	0	0	0	0	0	0	0	0	0	0	0	0	0	0	0	0	0	0	0	0	0	0	0	0	0	2003	0
LFQ	17	0	0	0	0	0	0	0	0	0	0	0	0	0	0	0	0	0	0	0	0	0	0	0	0	0	0	0	0	0	0	2003	0
LFQ	18	0	0	0	0	0	0	0	0	0	0	0	0	0	0	0	0	0	0	0	0	0	0	0	0	0	0	0	0	0	0	2003	0
LFQ	19	0	0	0	0	0	0	0	0	0	0	0	0	0	0	0	0	0	0	0	0	0	0	0	0	0	0	0	0	0	0	2003	0
LFQ	20	0	0	0	0	0	0	0	0	0	0	0	0	0	0	0	0	0	0	0	0	0	0	0	0	0	0	0	0	0	0	2003	0
LFQ	21	0	0	0	0	0	0	0	0	0	0	0	0	0	0	0	0	0	0	0	0	0	0	0	0	0	0	0	0	0	0	2003	0
LFQ	22	0	0	0	0	0	0	0	0	0	0	0	0	0	0	0	0	0	0	0	0	0	0	0	0	0	0	0	0	0	0	2003	0
LFQ	23	0	0	0	0	0	0	0	0	0	0	0	0	0	0	0	0	0	0	0	0	0	0	0	0	0	0	0	0	0	0	2003	0
LFQ	24	0	0	0	0	0	0	0	0	0	0	0	0	0	0	0	0	0	0	0	0	0	0	0	0	0	0	0	0	0	0	2003	0
LFQ	25	0	0	0	0	0	0	0	0	0	0	0	0	0	0	0	0	0	0	0	0	0	0	0	0	0	0	0	0	0	0	2003	0
LFQ	26	0	0	0	0	0	0	0	0	0	0	0	0	0	0	0	0	0	0	0	0	0	0	0	0	0	0	0	0	0	0	2003	0
LFQ	27	0	0	0	0	0	0	0	0	0	0	0	0	0	0	0	0	0	0	0	0	0	0	0	0	0	0	0	0	0	0	2003	0
LFQ	28	0	0	0	0	0	0	0	0	0	0	0	0	0	0	0	0	0	0	0	0	0	0	0	0	0	0	0	0	0	0	2003	0
LFQ	29	0	0	0	0	0	0	0	0	0	0	0	0	0	0	0	0	0	0	0	0	0	0	0	0	0	0	0	0	0	0	2003	0
LFQ	30	0	0	0	0	0	0	0	0	0	0	0	0	0	0	0	0	0	0	0	0	0	0	0	0	0	0	0	0	0	0	2003	0
LFQ	31	0	0	0	0	0	0	0	0	0	0	0	0	0	0	0	0	0	0	0	0	0	0	0	0	0	0	0	0	0	0	2003	0
LFQ	32	0	0	0	0	0	0	0	0	0	0	0	0	0	0	0	0	0	0	0	0	0	0	0	0	0	0	0	0	0	0	2003	0
LFQ	33	0	0	0	0	0	0	0	0	0	0	0	0	0	0	0	0	0	0	0	0	0	0	0	0	0	0	0	0	0	0	2003	0
LFQ	34	0	0	0	0	0	0	0	0	0	0	0	0	0	0	0	0	0	0	0	0	0	0	0	0	0	0	0	0	0	0	2003	0
LFQ	35	0	0	0	0	0	0	0	0	0	0	0	0	0	0	0	0	0	0	0	0	0	0	0	0	0	0	0	0	0	0	2003	0
LFQ	36	0	0	0	0	0	0	0	0	0	0	0	0	0	0	0	0	0	0	0	0	0	0	0	0	0	0	0	0	0	0	2003	0
LFQ	37	0	0	0	0	0	0	0	0	0	0	0	0	0	0	0	0	0	0	0	0	0	0	0	0	0	0	0	0	0	0	2003	0
LFQ	38	0	0	0	0	0	0	0	0	0	0	0	0	0	0	0	0	0	0	0	0	0	0	0	0	0	0	0	0	0	0	2003	0
LFQ	39	0	0	0	0	0	0	0	0	0	0	0	0	0	0	0	0	0	0	0	0	0	0	0	0	0	0	0	0	0	0	2003	0
LFQ	40	0	0	0	0	0	0	0	0	0	0	0	0	0	0	0	0	0	0	0	0	0	0	0	0	0	0	0	0	0	0	2003	0
LFQ	41	0	0	0	0	0	0	0	0	0	0	0	0	0	0	0	0	0	0	0	0	0	0	0	0	0	0	0	0	0	0	2003	0
LFQ	42	0	0	0	0	0	0	0	0	0	0	0	0	0	0	0	0	0	0	0	0	0	0	0	0	0	0	0	0	0	0	2003	0
LFQ	43	0	0	0	0	0	0	0	0	0	0	0	0	0	0	0	0	0	0	0	0	0	0	0	0	0	0	0	0	0	0	2003	0
LFQ	44	0	0	0	0	0	0	0	0	0	0	0	0	0	0	0	0	0	0	0	0	0	0	0	0	0	0	0	0	0	0	2003	0
LFQ	45	0	0	0	0	0	0	0	0	0	0	0	0	0	0	0	0	0	0	0	0	0	0	0	0	0	0	0	0	0	0	2003	0
LFQ	46	0	0	0	0	0	0	0	0	0	0	0	0	0	0	0	0	0	0	0	0	0	0	0	0	0	0	0	0	0	0	2003	0
LFQ	47	0	0	0	0	0	0	0	0	0	0	0	0	0	0	0	0	0	0	0	0	0	0	0	0	0	0	0	0	0	0	2003	0
LFQ	48	0	0	0	0	0	0	0	0	0	0	0	0	0	0	0	0	0	0	0	0	0	0	0	0	0	0	0	0	0	0	2003	0
LFQ	49	0	0	0	0	0	0	0	0	0	0	0	0	0	0	0	0	0	0	0	0	0	0	0	0	0	0	0	0	0	0	2003	0
LFQ	50	0	0	0	0	0	0	0	0	0	0	0	0	0	0	0	0	0	0	0	0	0	0	0	0	0	0	0	0	0	0	2003	0
LFQ	51	0	0	0	0	0	0	0	0	0	0	0	0	0	0	0	0	0	0	0	0	0	0	0	0	0	0	0	0	0	0	2003	0
LFQ	52	0	0	0	0	0	0	0	0	0	0	0	0	0	0	0	0	0	0	0	0	0	0	0	0	0	0	0	0	0	0	2003	0
LFQ	53	0	0	0	0	0	0	0	0	0	0	0	0	0	0	0	0	0	0	0	0	0	0	0	0	0	0	0	0	0	0	2003	0
LFQ	54	0	0	0	0	0	0	0	0	0	0	0	0	0	0	0	0	0	0	0	0	0	0	0	0	0	0	0	0	0	0	2003	0
LFQ	55	0	0	0	0	0	0	0	0	0	0	0	0	0	0	0	0	0	0	0	0	0	0	0	0	0	0	0	0	0	0	2003	0
LFQ	56	0	0	0	0	0	0	0	0	0	0	0	0	0	0	0	0	0	0	0	0	0	0	0	0	0	0	0	0	0	0	2003	0
LFQ	57	0	0	0	0	0	0	0	0	0	0	0	0	0	0	0	0	0	0	0	0	0	0	0	0	0	0	0	0	0	0	2003	0
LFQ	58	0	0	0	0	0	0	0	0	0	0	0	0	0	0	0	0	0	0	0	0	0	0	0	0	0	0	0	0	0	0	2003	0
LFQ	59	0	0	0	0	0	0	0	0	0	0	0	0	0	0	0	0	0	0	0	0	0	0	0	0	0	0	0	0	0	0	2003	0
LFQ	60	0	0	0	0	0	0	0	0	0	0	0	0	0	0	0	0	0	0	0	0	0	0	0	0	0	0	0	0	0	0	2003	0
LFQ	61	0	0	0	0	0	0	0	0	0	0	0	0	0	0	0	0	0	0	0	0	0	0	0	0	0	0	0	0	0	0	2003	0
LFQ	62	0	0	0	0	0	0	0	0	0	0	0	0	0	0	0	0	0	0	0	0	0	0	0	0	0	0	0	0	0	0	2003	0
LFQ	63	0	0	0	0	0	0	0	0	0	0	0	0	0	0	0	0	0	0	0	0	0	0	0	0	0	0	0	0	0	0	2003	0
LFQ	64	0	0	0	0	0	0	0	0	0	0	0	0	0	0	0	0	0	0	0	0	0	0	0	0	0	0	0	0	0	0	2003	0
LFQ	65	0	0	0	0	0	0	0	0	0	0	0	0	0	0	0	0	0	0	0	0	0	0	0	0	0	0	0	0	0	0	2003	0
LFQ	66	0	0	0	0	0	0	0	0	0	0	0	0	0	0	0	0	0	0	0	0	0	0	0	0	0	0	0	0	0	0	2003	0
LFQ	67	0	0	0	0	0	0	0	0	0	0	0	0	0	0	0	0	0	0	0	0	0	0	0	0	0	0	0	0	0	0	2003	0
LFQ	68	0	0	0	0	0	0	0	0	0	0	0	0	0	0	0	0	0	0	0	0	0	0	0	0	0	0	0	0	0	0	2003	0
LFQ	69	0	0	0	0	0	0	0	0	0	0	0	0	0	0	0	0	0	0	0	0	0	0	0	0	0	0	0	0	0	0	2003	0
LFQ	70	0	0	0	0	0	0	0	0	0	0	0	0	0	0	0	0	0	0	0	0	0	0	0	0	0	0	0	0	0	0	2003	0
LFQ	71	0	0	0	0	0	0	0	0	0	0	0	0	0	0	0	0	0	0	0	0	0	0	0	0	0	0	0	0	0	0	2003	0
LFQ	72	0	0	0	0	0	0	0	0	0	0	0	0	0	0	0	0	0	0	0	0	0	0	0	0	0	0	0	0	0	0	2003	0
LFQ	73	0	0	0	0	0	0	0	0	0	0	0	0	0	0	0	0	0	0	0	0	0	0	0	0	0	0	0	0	0	0	2003	0
LFQ	74	0	0	0	0	0	0	0	0	0	0	0	0	0	0	0	0	0	0	0	0	0	0	0	0	0	0	0	0	0	0	2003	0
LFQ	75	0	0	0	0	0	0	0	0	0	0	0	0	0	0	0	0	0	0	0	0	0	0	0	0	0	0	0	0	0	0	2003	0
LFQ	76	0	0	0	0	0	0	0	0	0	0	0	0	0	0	0	0	0	0	0	0	0	0	0	0	0	0	0	0	0	0	2003	0
LFQ	77	0	0	0	0	0	0	0	0	0	0	0	0	0	0	0	0	0	0	0	0	0	0	0	0	0	0	0	0	0	0	2003	0
LFQ	78	0	0	0	0	0	0	0	0	0	0	0	0	0	0	0	0	0	0	0	0	0	0	0	0	0	0	0	0	0	0	2003	0
LFQ	79	0	0	0	0	0	0	0	0	0	0	0	0	0	0	0	0	0	0	0	0	0	0	0	0	0	0	0	0	0	0	2003	0
LFQ	80	0	0	0	0	0	0	0	0	0	0	0	0	0	0	0	0	0	0	0	0	0	0	0	0	0	0	0	0	0	0	2003	0
LFQ	81	0	0	0	0	0	0	0	0	0	0	0	0	0	0	0	0	0	0	0	0	0	0	0	0	0	0	0	0	0	0	2003	0
LFQ	82	0	0	0	0	0	0	0	0	0	0	0	0	0	0	0	0	0	0	0	0	0	0	0	0	0	0	0	0	0	0	2003	0
LFQ	83	0	0	0	0	0	0	0	0	0	0	0	0	0	0	0	0	0	0	0	0	0	0	0	0	0	0	0	0	0	0	2003	0
LFQ	84	0	0	0	0	0	0	0	0	0	0	0	0	0	0	0	0	0	0	0	0	0	0	0	0	0	0	0	0	0	0	2003	0
LFQ	85	0	0	0	0	0	0	0	0	0	0	0	0	0	0	0	0	0	0	0	0	0	0	0	0	0	0	0	0	0	0	2003	0
LFQ	86	0	0	0	0	0	0	0	0	0	0	0	0	0	0	0	0	0	0	0	0	0	0	0	0	0	0	0	0	0	0	2003	0
LFQ	87	0	0	0	0	0	0	0	0	0	0	0	0	0	0	0	0	0	0	0	0	0	0	0	0	0	0	0	0	0	0	2003	0
LFQ	88	0	0	0	0	0	0	0	0	0	0	0	0	0	0	0	0	0	0	0	0	0	0	0	0	0	0	0	0	0	0	2003	0
LFQ	89	0	0	0	0	0	0	0	0	0	0	0	0	0	0	0	0	0	0	0	0	0	0	0	0	0	0	0	0	0	0	2003	0
LFQ	90	0	0	0	0	0	0	0	0	0	0	0	0	0	0	0	0	0	0	0	0	0	0	0	0	0	0	0	0	0	0	2003	0
LFQ	91	0	0	0	0	0	0	0	0	0	0	0	0	0	0	0	0	0	0	0	0	0	0	0	0	0	0	0	0	0	0	2003	0
LFQ	92	0	0	0	0	0	0	0	0	0	0	0	0	0	0	0	0	0	0	0	0	0	0	0	0	0	0	0	0	0	0	2003	0
LFQ	93	0	0	0	0	0	0	0	0	0	0	0	0	0	0	0	0	0	0	0	0	0	0	0	0	0	0	0	0	0	0	2003	0
LFQ	94	0	0	0	0	0	0	0	0	0	0	0	0	0	0	0	0	0	0	0	0	0	0	0	0	0	0	0	0	0	0	2003	0
LFQ	95	0	0	0	0	0	0	0	0	0	0	0	0	0	0	0	0	0	0	0	0	0	0	0	0	0	0	0	0	0	0	2003	0
LFQ	96	0	0	0	0	0	0	0	0	0	0	0	0	0	0	0	0	0	0	0	0	0	0	0	0	0	0	0	0	0	0	2003	0
LFQ	97	0	0	0	0	0	0	0	0	0	0	0	0	0	0	0	0	0	0	0	0	0	0	0	0	0	0	0	0	0	0	2003	0
LFQ	98	0	0	0	0	0	0	0	0	0	0	0	0	0	0	0	0	0	0	0	0	0	0	0	0	0	0	0	0	0	0	2003	0
LFQ	99	0	0	0	0	0	0	0	0	0	0	0	0	0	0	0	0	0	0	0	0	0	0	0	0	0	0	0	0	0	0	2003	0
LFQ	100	0	0	0	0	0	0	0	0	0	0	0	0	0	0	0	0	0	0	0	0	0	0	0	0	0	0	0	0	0	0	2003	0
LFQ	101	0	0	0	0	0	0	0	0	0	0	0	0	0	0	0	0	0	0	0	0	0	0	0	0	0	0	0	0	0	0	2003	0
LFQ	102	0	0	0	0	0	0	0	0	0	0	0	0	0	0	0	0	0	0	0	0	0	0	0	0	0	0	0	0	0	0	2003	0
LFQ	103	0	0	0	0	0	0	0	0	0	0	0	0	0	0	0	0	0	0	0	0	0	0	0	0	0	0	0	0	0	0	2003	0
LFQ	104	0	0	0	0	0	0	0	0	0	0	0	0	0	0	0	0	0	0	0	0	0	0	0	0	0	0	0	0	0	0	2003	0
LFQ	105	0	0	0	0	0	0	0	0	0	0	0	0	0	0	0	0	0	0	0	0	0	0	0	0	0	0	0	0	0	0	2003	0
LFQ	106	0	0	0	0	0	0	0	0	0	0	0	0	0	0	0	0	0	0	0	0	0	0	0	0	0	0	0	0	0	0	2003	0
LFQ	107	0	0	0	0	0	0	0	0	0	0	0	0	0	0	0	0	0	0	0	0	0	0	0	0	0	0	0	0	0	0	2003	0
LFQ	108	0	0	0	0	0	0	0	0	0	0	0	0	0	0	0	0	0	0	0	0	0	0	0	0	0	0	0	0	0	0	2003	0
LFQ	109	0	0	0	0	0	0	0	0	0	0	0	0	0	0	0	0	0	0	0	0	0	0	0	0	0	0	0	0	0	0	2003	0
LFQ	110	0	0	0	0	0	0	0	0	0	0	0	0	0	0	0	0	0	0	0	0	0	0	0	0	0	0	0	0	0	0	2003	0
LFQ	111	0	0	0	0	0	0	0	0	0	0	0	0	0	0	0	0	0	0	0	0	0	0	0	0	0	0	0	0	0	0	2003	0
LFQ	112	0	0	0	0	0	0	0	0	0	0	0	0	0	0	0	0	0	0	0	0	0	0	0	0	0	0	0	0	0	0	2003	0
LFQ	113	0	0	0	0	0	0	0	0	0	0	0	0	0	0	0	0	0	0	0	0	0	0	0	0	0	0	0	0	0	0	2003	0
LFQ	114	0	0	0	0	0	0	0	0	0	0	0	0	0	0	0	0	0	0	0	0	0	0	0	0	0	0	0	0	0	0	2003	0
LFQ	115	0	0	0	0	0	0	0	0	0	0	0	0	0	0	0	0	0	0	0	0	0	0	0	0	0	0	0	0	0	0	2003	0
LFQ	116	0	0	0	0	0	0	0	0	0	0	0	0	0	0	0	0	0	0	0	0	0	0	0	0	0	0	0	0	0	0	2003	0
LFQ	117	0	0	0	0	0	0	0	0	0	0	0	0	0	0	0	0	0	0	0	0	0	0	0	0	0	0	0	0	0	0	2003	0
LFQ	118	0	0	0	0	0	0	0	0	0	0	0	0	0	0	0	0	0	0	0	0	0	0	0	0	0	0	0	0	0	0	2003	0
LFQ	119	0	0	0	0	0	0	0	0	0	0	0	0	0	0	0	0	0	0	0	0	0	0	0	0	0	0	0	0	0	0	2003	0
LFQ	120	0	0	0	0	0	0	0	0	0	0	0	0	0	0	0	0	0	0	0	0	0	0	0	0	0	0	0	0	0	0	2003	0
LFQ	121	0	0	0	0	0	0	0	0	0	0	0	0	0	0	0	0	0	0	0	0	0	0	0	0	0	0	0	0	0	0	2003	0
LFQ	122	0	0	0	0	0	0	0	0	0	0	0	0	0	0	0	0	0	0	0	0	0	0	0	0	0	0	0	0	0	0	2003	0
LFQ	123	0	0	0	0	0	0	0	0	0	0	0	0	0	0	0	0	0	0	0	0	0	0	0	0	0	0	0	0	0	0	2003	0
LFQ	124	0	0	0	0	0	0	0	0	0	0	0	0	0	0	0	0	0	0	0	0	0	0	0	0	0	0	0	0	0	0	2003	0
LFQ	125	0	0	0	0	0	0	0	0	0	0	0	0	0	0	0	0	0	0	0	0	0	0	0	0	0	0	0	0	0	0	2003	0
LFQ	126	0	0	0	0	0	0	0	0	0	0	0	0	0	0	0	0	0	0	0	0	0	0	0	0	0	0	0	0	0	0	2003	0
LFQ	127	0	0	0	0	0	0	0	0	0	0	0	0	0	0	0	0	0	0	0	0	0	0	0	0	0	0	0	0	0	0	2003	0
LFQ	128	0	0	0	0	0	0	0	0	0	0	0	0	0	0	0	0	0	0	0	0	0	0	0	0	0	0	0	0	0	0	2003	0
LFQ	129	0	0	0	0	0	0	0	0	0	0	0	0	0	0	0	0	0	0	0	0	0	0	0	0	0	0	0	0	0	0	2003	0
LFQ	130	0	0	0	0	0	0	0	0	0	0	0	0	0	0	0	0	0	0	0	0	0	0	0	0	0	0	0	0	0	0	2003	0
LFQ	131	0	0	0	0	0	0	0	0	0	0	0	0	0	0	0	0	0	0	0	0	0	0	0	0	0	0	0	0	0	0	2003	0
LFQ	132	0	0	0	0	0	0	0	0	0	0	0	0	0	0	0	0	0	0	0	0	0	0	0	0	0	0	0	0	0	0	2003	0
LFQ	133	0	0	0	0	0	0	0	0	0	0	0	0	0	0	0	0	0	0	0	0	0	0	0	0	0	0	0	0	0	0	2003	0
LFQ	134	0	0	0	0	0	0	0	0	0	0	0	0	0	0	0	0	0	0	0	0	0	0	0	0	0	0	0	0	0	0	2003	0
LFQ	135	0	0	0	0	0	0	0	0	0	0	0	0	0	0	0	0	0	0	0	0	0	0	0	0	0	0	0	0	0	0	2003	0
LFQ	136	0	0	0	0	0	0	0	0	0	0	0	0	0	0	0	0	0	0	0	0	0	0	0	0	0	0	0	0	0	0	2003	0
LFQ	137	0	0	0	0	0	0	0	0	0	0	0	0	0	0	0	0	0	0	0	0	0	0	0	0	0	0	0	0	0	0	2003	0
LFQ	138	0	0	0	0	0	0	0	0	0	0	0	0	0	0	0	0	0	0	0	0	0	0	0	0	0	0	0	0	0	0	2003	0
LFQ	139	0	0	0	0	0	0	0	0	0	0	0	0	0	0	0	0	0	0	0	0	0	0	0	0	0	0	0	0	0	0	2003	0
LFQ	140	0	0	0	0	0	0	0	0	0	0	0	0	0	0	0	0	0	0	0	0	0	0	0	0	0	0	0	0	0	0	2003	0
LFQ	141	0	0	0	0	0	0	0	0	0	0	0	0	0	0	0	0	0	0	0	0	0	0	0	0	0	0	0	0	0	0	2003	0
LFQ	142	0	0	0	0	0	0	0	0	0	0	0	0	0	0	0	0	0	0	0	0	0	0	0	0	0	0	0	0	0	0	2003	0
LFQ	143	0	0	0	0	0	0	0	0	0	0	0	0	0	0	0	0	0	0	0	0	0	0	0	0	0	0	0	0	0	0	2003	0
LFQ	144	0	0	0	0	0	0	0	0	0	0	0	0	0	0	0	0	0	0	0	0	0	0	0	0	0	0	0	0	0	0	2003	0
LFQ	145	0	0	0	0	0	0	0	0	0	0	0	0	0	0	0	0	0	0	0	0	0	0	0	0	0	0	0	0	0	0	2003	0
LFQ	146	0	0	0	0	0	0	0	0	0	0	0	0	0	0	0	0	0	0	0	0	0	0	0	0	0	0	0	0	0	0	2003	0
LFQ	147	0	0	0	0	0	0	0	0	0	0	0	0	0	0	0	0	0	0	0	0	0	0	0	0	0	0	0	0	0	0	2003	0
LFQ	148	0	0	0	0	0	0	0	0	0	0	0	0	0	0	0	0	0	0	0	0	0	0	0	0	0	0	0	0	0	0	2003	0
LFQ	149	0	0	0	0	0	0	0	0	0	0	0	0	0	0	0	0	0	0	0	0	0	0	0	0	0	0	0	0	0	0	2003	0
LFQ	150	0	0	0	0	0	0	0	0	0	0	0	0	0	0	0	0	0	0	0	0	0	0	0	0	0	0	0	0	0	0	2002	0
# GC Content of first fragments. Use `grep ^GCF | cut -f 2-` to extract this part.
GCF	4.77	0
GCF	10.05	1
GCF	12.06	0
GCF	14.07	1
GCF	15.83	0
GCF	17.34	1
GCF	18.09	2
GCF	18.84	1
GCF	19.35	2
GCF	20.10	0
GCF	20.85	4
GCF	21.36	3
GCF	22.11	5
GCF	22.86	7
GCF	23.37	4
GCF	24.12	8
GCF	24.87	11
GCF	25.38	16
GCF	26.13	18
GCF	26.88	16
GCF	27.39	20
GCF	28.14	19
GCF	28.89	35
GCF	29.40	30
GCF	30.15	33
GCF	31.16	38
GCF	32.16	45
GCF	32.91	52
GCF	33.42	62
GCF	33.92	69
GCF	34.67	68
GCF	35.43	80
GCF	35.93	82
GCF	36.68	102
GCF	37.44	92
GCF	37.94	66
GCF	38.69	55
GCF	39.45	60
GCF	39.95	81
GCF	40.70	67
GCF	41.46	69
GCF	41.96	51
GCF	42.71	55
GCF	43.47	49
GCF	43.97	55
GCF	44.72	40
GCF	45.48	47
GCF	45.98	40
GCF	46.73	45
GCF	47.49	43
GCF	47.99	26
GCF	48.74	31
GCF	49.50	22
GCF	50.50	14
GCF	51.51	17
GCF	52.01	8
GCF	52.76	5
GCF	53.52	13
GCF	54.02	8
GCF	54.77	7
GCF	55.53	5
GCF	56.53	6
GCF	57.54	7
GCF	58.04	6
GCF	58.79	2
GCF	59.55	1
GCF	60.05	4
GCF	60.80	3
GCF	61.56	2
GCF	62.06	3
GCF	63.82	0
GCF	65.83	1
GCF	66.58	2
GCF	68.59	0
GCF	70.60	1
# GC Content of last fragments. Use `grep ^GCL | cut -f 2-` to extract this part.
GCL	4.77	0
GCL	10.05	1
GCL	12.81	0
GCL	15.83	2
GCL	17.09	1
GCL	18.09	0
GCL	19.85	1
GCL	21.36	2
GCL	22.11	3
GCL	22.86	2
GCL	23.37	5
GCL	24.12	9
GCL	24.87	12
GCL	25.38	15
GCL	26.13	17
GCL	26.88	23
GCL	27.39	19
GCL	28.14	34
GCL	28.89	17
GCL	29.40	26
GCL	30.15	32
GCL	30.90	45
GCL	31.41	36
GCL	32.16	51
GCL	32.91	53
GCL	33.42	48
GCL	33.92	58
GCL	34.67	66
GCL	35.43	77
GCL	35.93	83
GCL	36.68	85
GCL	37.44	84
GCL	37.94	69
GCL	38.69	80
GCL	39.45	75
GCL	39.95	78
GCL	40.70	77
GCL	41.46	76
GCL	41.96	62
GCL	42.71	51
GCL	43.47	50
GCL	43.97	45
GCL	44.72	40
GCL	45.48	49
GCL	45.98	61
GCL	46.73	44
GCL	47.49	33
GCL	47.99	34
GCL	48.74	23
GCL	49.50	18
GCL	50.00	15
GCL	50.75	10
GCL	51.51	16
GCL	52.01	7
GCL	52.76	10
GCL	53.52	9
GCL	54.02	1
GCL	54.77	10
GCL	55.53	6
GCL	56.03	10
GCL	56.78	2
GCL	57.54	1
GCL	58.04	8
GCL	58.79	3
GCL	59.55	4
GCL	60.55	1
GCL	61.81	0
GCL	62.81	4
GCL	63.57	2
GCL	64.57	0
GCL	65.58	2
GCL	66.08	1
GCL	67.59	0
GCL	69.35	2
# ACGT content per cycle. Use `grep ^GCC | cut -f 2-` to extract this part. The columns are: cycle; A,C,G,T base counts as a percentage of all A/C/G/T bases [%]; and N and O counts as a percentage of all A/C/G/T bases [%]
GCC	1	31.40	20.27	18.27	30.05	0.00	0.00
GCC	2	30.85	19.50	19.42	30.23	0.00	0.00
GCC	3	31.53	18.85	19.22	30.40	0.00	0.00
GCC	4	30.88	19.10	19.17	30.85	0.00	0.00
GCC	5	29.78	18.72	18.97	32.53	0.00	0.00
GCC	6	31.18	20.87	18.02	29.93	0.00	0.00
GCC	7	31.28	20.07	19.45	29.21	0.00	0.00
GCC	8	30.85	19.65	18.97	30.53	0.00	0.00
GCC	9	30.50	19.47	19.40	30.63	0.00	0.00
GCC	10	29.03	21.34	19.20	30.43	0.00	0.00
GCC	11	31.43	19.30	18.77	30.50	0.00	0.00
GCC	12	30.80	20.19	18.77	30.23	0.00	0.00
GCC	13	32.30	18.75	19.45	29.51	0.00	0.00
GCC	14	29.83	20.47	19.15	30.55	0.00	0.00
GCC	15	31.45	20.02	18.15	30.38	0.00	0.00
GCC	16	31.98	18.17	18.52	31.33	0.00	0.00
GCC	17	29.26	19.85	18.57	32.33	0.00	0.00
GCC	18	29.48	19.97	19.30	31.25	0.00	0.00
GCC	19	29.38	20.04	18.90	31.68	0.00	0.00
GCC	20	30.60	20.12	19.00	30.28	0.00	0.00
GCC	21	29.98	19.95	19.15	30.93	0.00	0.00
GCC	22	30.80	20.34	18.77	30.08	0.00	0.00
GCC	23	30.85	19.55	19.07	30.53	0.00	0.00
GCC	24	30.35	20.72	18.60	30.33	0.00	0.00
GCC	25	30.68	20.27	18.02	31.03	0.00	0.00
GCC	26	30.10	21.07	18.47	30.35	0.00	0.00
GCC	27	29.96	20.87	19.30	29.88	0.00	0.00
GCC	28	30.63	20.44	18.97	29.96	0.00	0.00
GCC	29	31.25	19.10	18.75	30.90	0.00	0.00
GCC	30	29.71	20.00	19.40	30.90	0.00	0.00
GCC	31	30.85	19.67	18.77	30.70	0.00	0.00
GCC	32	29.76	19.80	19.22	31.23	0.00	0.00
GCC	33	30.55	19.65	17.12	32.68	0.00	0.00
GCC	34	30.80	19.32	19.35	30.53	0.00	0.00
GCC	35	31.20	19.67	18.60	30.53	0.00	0.00
GCC	36	31.53	18.97	19.10	30.40	0.00	0.00
GCC	37	30.20	20.42	19.00	30.38	0.00	0.00
GCC	38	30.35	19.42	19.02	31.20	0.00	0.00
GCC	39	31.33	19.22	19.00	30.45	0.00	0.00
GCC	40	29.81	19.72	18.47	32.00	0.00	0.00
GCC	41	30.05	19.67	18.65	31.63	0.00	0.00
GCC	42	32.35	19.55	17.85	30.25	0.00	0.00
GCC	43	31.23	19.60	19.10	30.08	0.00	0.00
GCC	44	30.33	21.02	18.50	30.15	0.00	0.00
GCC	45	29.46	20.59	19.10	30.85	0.00	0.00
GCC	46	30.78	20.19	18.22	30.80	0.00	0.00
GCC	47	30.25	19.12	18.60	32.03	0.00	0.00
GCC	48	30.60	20.92	19.12	29.36	0.00	0.00
GCC	49	32.63	19.37	17.85	30.15	0.00	0.00
GCC	50	30.80	19.15	19.75	30.30	0.00	0.00
GCC	51	31.20	18.75	19.27	30.78	0.00	0.00
GCC	52	29.93	20.47	19.02	30.58	0.00	0.00
GCC	53	32.38	19.82	19.07	28.73	0.00	0.00
GCC	54	31.18	19.30	19.45	30.08	0.00	0.00
GCC	55	30.88	19.37	19.57	30.18	0.00	0.00
GCC	56	30.90	18.77	19.30	31.03	0.00	0.00
GCC	57	31.90	20.49	18.07	29.53	0.00	0.00
GCC	58	31.23	19.90	18.60	30.28	0.00	0.00
GCC	59	29.83	20.07	19.75	30.35	0.00	0.00
GCC	60	29.91	20.47	19.40	30.23	0.00	0.00
GCC	61	30.40	19.70	18.65	31.25	0.00	0.00
GCC	62	31.60	20.32	18.50	29.58	0.00	0.00
GCC	63	30.65	20.17	19.42	29.76	0.00	0.00
GCC	64	30.65	19.82	19.02	30.50	0.00	0.00
GCC	65	31.18	19.02	19.47	30.33	0.00	0.00
GCC	66	30.30	20.54	19.55	29.61	0.00	0.00
GCC	67	30.75	19.67	19.05	30.53	0.00	0.00
GCC	68	30.58	19.70	19.07	30.65	0.00	0.00
GCC	69	30.63	20.39	19.80	29.18	0.00	0.00
GCC	70	29.48	20.77	18.47	31.28	0.00	0.00
GCC	71	30.58	19.30	18.22	31.90	0.00	0.00
GCC	72	30.63	20.64	18.22	30.50	0.00	0.00
GCC	73	29.46	19.05	19.52	31.98	0.00	0.00
GCC	74	28.96	19.95	19.92	31.18	0.00	0.00
GCC	75	32.08	18.72	19.20	30.00	0.00	0.00
GCC	76	31.90	18.55	20.02	29.53	0.00	0.00
GCC	77	31.73	18.50	18.95	30.83	0.00	0.00
GCC	78	30.98	20.04	19.42	29.56	0.00	0.00
GCC	79	30.60	19.82	19.82	29.76	0.00	0.00
GCC	80	30.28	20.47	18.30	30.95	0.00	0.00
GCC	81	30.40	18.67	19.70	31.23	0.00	0.00
GCC	82	29.76	20.00	18.65	31.60	0.00	0.00
GCC	83	30.18	20.59	19.07	30.15	0.00	0.00
GCC	84	31.58	20.17	18.72	29.53	0.00	0.00
GCC	85	30.38	19.67	19.30	30.65	0.00	0.00
GCC	86	31.05	19.72	19.27	29.96	0.00	0.00
GCC	87	31.08	19.67	17.82	31.43	0.00	0.00
GCC	88	29.86	20.17	19.05	30.93	0.00	0.00
GCC	89	30.68	19.60	18.17	31.55	0.00	0.00
GCC	90	30.93	19.90	18.35	30.83	0.00	0.00
GCC	91	30.63	20.72	18.00	30.65	0.00	0.00
GCC	92	31.58	19.00	18.80	30.63	0.00	0.00
GCC	93	30.55	20.14	19.22	30.08	0.00	0.00
GCC	94	31.73	18.97	18.50	30.80	0.00	0.00
GCC	95	29.36	19.85	19.67	31.13	0.00	0.00
GCC	96	30.98	18.97	18.70	31.35	0.00	0.00
GCC	97	31.25	20.09	18.37	30.28	0.00	0.00
GCC	98	31.40	19.82	18.95	29.83	0.00	0.00
GCC	99	30.60	20.34	18.95	30.10	0.00	0.00
GCC	100	30.75	19.35	19.95	29.96	0.00	0.00
GCC	101	30.55	20.04	18.50	30.90	0.00	0.00
GCC	102	30.23	19.87	19.30	30.60	0.00	0.00
GCC	103	30.55	20.29	19.15	30.00	0.00	0.00
GCC	104	31.55	20.12	18.17	30.15	0.00	0.00
GCC	105	31.63	18.90	19.70	29.78	0.00	0.00
GCC	106	31.48	20.07	18.75	29.71	0.00	0.00
GCC	107	31.48	19.25	19.05	30.23	0.00	0.00
GCC	108	32.55	19.67	18.47	29.31	0.00	0.00
GCC	109	30.95	20.02	19.22	29.81	0.00	0.00
GCC	110	30.73	20.22	19.15	29.91	0.00	0.00
GCC	111	29.56	21.07	19.15	30.23	0.00	0.00
GCC	112	29.38	20.27	19.07	31.28	0.00	0.00
GCC	113	30.58	20.27	19.00	30.15	0.00	0.00
GCC	114	30.58	19.70	19.05	30.68	0.00	0.00
GCC	115	30.70	19.47	18.57	31.25	0.00	0.00
GCC	116	30.90	19.50	19.00	30.60	0.00	0.00
GCC	117	30.60	18.92	18.25	32.23	0.00	0.00
GCC	118	30.80	19.55	19.20	30.45	0.00	0.00
GCC	119	30.68	20.84	18.45	30.03	0.00	0.00
GCC	120	30.73	19.72	19.27	30.28	0.00	0.00
GCC	121	31.63	19.72	18.75	29.91	0.00	0.00
GCC	122	30.20	20.24	19.07	30.48	0.00	0.00
GCC	123	30.23	19.95	18.47	31.35	0.00	0.00
GCC	124	30.70	19.97	18.67	30.65	0.00	0.00
GCC	125	30.88	20.27	18.62	30.23	0.00	0.00
GCC	126	30.03	20.52	18.52	30.93	0.00	0.00
GCC	127	29.06	20.92	18.85	31.18	0.00	0.00
GCC	128	30.83	19.85	18.67	30.65	0.00	0.00
GCC	129	29.83	20.64	19.62	29.91	0.00	0.00
GCC	130	30.55	20.32	18.40	30.73	0.00	0.00
GCC	131	30.60	20.12	18.77	30.50	0.00	0.00
GCC	132	32.30	18.65	18.67	30.38	0.00	0.00
GCC	133	31.40	19.70	18.70	30.20	0.00	0.00
GCC	134	31.20	19.67	17.77	31.35	0.00	0.00
GCC	135	30.38	21.49	18.40	29.73	0.00	0.00
GCC	136	29.68	20.27	18.52	31.53	0.00	0.00
GCC	137	29.61	20.32	18.67	31.40	0.00	0.00
GCC	138	31.85	20.04	17.77	30.33	0.00	0.00
GCC	139	30.08	20.77	19.12	30.03	0.00	0.00
GCC	140	31.43	20.79	18.37	29.41	0.00	0.00
GCC	141	29.46	20.82	18.75	30.98	0.00	0.00
GCC	142	30.65	20.62	17.85	30.88	0.00	0.00
GCC	143	30.68	20.99	19.55	28.78	0.00	0.00
GCC	144	31.85	20.27	17.35	30.53	0.00	0.00
GCC	145	30.68	20.27	18.25	30.80	0.00	0.00
GCC	146	32.05	19.60	17.90	30.45	0.00	0.00
GCC	147	31.25	18.95	20.02	29.78	0.00	0.00
GCC	148	31.28	18.82	18.62	31.28	0.00	0.00
GCC	149	30.50	20.04	18.42	31.03	0.00	0.00
GCC	150	29.74	19.73	19.75	30.79	0.00	0.00
# ACGT content per cycle, read oriented. Use `grep ^GCT | cut -f 2-` to extract this part. The columns are: cycle; A,C,G,T base counts as a percentage of all A/C/G/T bases [%]
GCT	1	30.28	19.02	19.52	31.18
GCT	2	31.20	18.57	20.34	29.88
GCT	3	31.25	19.35	18.72	30.68
GCT	4	31.53	19.17	19.10	30.20
GCT	5	31.08	19.15	18.55	31.23
GCT	6	29.33	19.65	19.25	31.78
GCT	7	30.33	19.80	19.72	30.15
GCT	8	29.88	18.60	20.02	31.50
GCT	9	29.96	19.35	19.52	31.18
GCT	10	29.41	20.74	19.80	30.05
GCT	11	29.88	19.22	18.85	32.05
GCT	12	30.75	19.67	19.30	30.28
GCT	13	30.78	18.15	20.04	31.03
GCT	14	29.61	20.02	19.60	30.78
GCT	15	31.63	19.27	18.90	30.20
GCT	16	32.18	18.90	17.80	31.13
GCT	17	31.23	18.90	19.52	30.35
GCT	18	30.85	19.97	19.30	29.88
GCT	19	30.88	19.67	19.27	30.18
GCT	20	30.65	20.00	19.12	30.23
GCT	21	31.15	19.35	19.75	29.76
GCT	22	29.91	19.62	19.50	30.98
GCT	23	29.98	19.40	19.22	31.40
GCT	24	30.85	19.80	19.52	29.83
GCT	25	30.45	19.27	19.02	31.25
GCT	26	30.13	20.22	19.32	30.33
GCT	27	30.28	20.22	19.95	29.56
GCT	28	30.05	19.05	20.37	30.53
GCT	29	30.93	18.55	19.30	31.23
GCT	30	30.78	19.30	20.09	29.83
GCT	31	31.08	18.27	20.17	30.48
GCT	32	30.90	19.32	19.70	30.08
GCT	33	31.78	17.65	19.12	31.45
GCT	34	30.88	19.17	19.50	30.45
GCT	35	31.65	20.39	17.87	30.08
GCT	36	30.50	18.72	19.35	31.43
GCT	37	29.86	20.64	18.77	30.73
GCT	38	30.28	18.57	19.87	31.28
GCT	39	31.10	17.87	20.34	30.68
GCT	40	29.41	18.80	19.40	32.40
GCT	41	31.28	18.82	19.50	30.40
GCT	42	29.11	17.82	19.57	33.50
GCT	43	29.93	19.87	18.82	31.38
GCT	44	29.51	19.27	20.24	30.98
GCT	45	31.18	19.85	19.85	29.13
GCT	46	31.18	18.92	19.50	30.40
GCT	47	31.10	19.15	18.57	31.18
GCT	48	30.03	19.97	20.07	29.93
GCT	49	31.55	18.07	19.15	31.23
GCT	50	30.88	19.25	19.65	30.23
GCT	51	30.28	19.00	19.02	31.70
GCT	52	30.33	19.80	19.70	30.18
GCT	53	30.75	18.97	19.92	30.35
GCT	54	30.90	19.40	19.35	30.35
GCT	55	31.23	19.05	19.90	29.83
GCT	56	30.98	20.47	17.60	30.95
GCT	57	30.08	18.95	19.62	31.35
GCT	58	29.53	18.87	19.62	31.98
GCT	59	30.50	20.12	19.70	29.68
GCT	60	30.33	19.72	20.14	29.81
GCT	61	31.28	19.10	19.25	30.38
GCT	62	30.93	20.02	18.80	30.25
GCT	63	30.48	20.12	19.47	29.93
GCT	64	30.45	20.00	18.85	30.70
GCT	65	30.83	19.00	19.50	30.68
GCT	66	29.88	20.49	19.60	30.03
GCT	67	30.20	19.55	19.17	31.08
GCT	68	30.33	19.27	19.50	30.90
GCT	69	30.15	19.90	20.29	29.66
GCT	70	30.15	19.52	19.72	30.60
GCT	71	30.95	19.10	18.42	31.53
GCT	72	30.53	19.97	18.90	30.60
GCT	73	30.38	19.05	19.52	31.05
GCT	74	30.13	20.00	19.87	30.00
GCT	75	31.43	18.80	19.12	30.65
GCT	76	31.05	20.02	18.55	30.38
GCT	77	31.08	18.77	18.67	31.48
GCT	78	30.50	20.79	18.67	30.03
GCT	79	30.03	19.72	19.92	30.33
GCT	80	30.38	19.65	19.12	30.85
GCT	81	31.60	20.00	18.37	30.03
GCT	82	29.91	18.82	19.82	31.45
GCT	83	30.95	19.75	19.92	29.38
GCT	84	30.50	19.72	19.17	30.60
GCT	85	30.68	19.80	19.17	30.35
GCT	86	30.40	18.90	20.09	30.60
GCT	87	30.60	18.97	18.52	31.90
GCT	88	31.10	20.14	19.07	29.68
GCT	89	30.98	18.32	19.45	31.25
GCT	90	31.08	18.17	20.07	30.68
GCT	91	31.10	19.57	19.15	30.18
GCT	92	31.15	19.35	18.45	31.05
GCT	93	31.23	19.80	19.57	29.41
GCT	94	32.43	18.25	19.22	30.10
GCT	95	29.91	18.92	20.59	30.58
GCT	96	31.80	18.82	18.85	30.53
GCT	97	30.43	19.60	18.87	31.10
GCT	98	30.45	19.30	19.47	30.78
GCT	99	29.88	19.80	19.50	30.83
GCT	100	30.68	19.80	19.50	30.03
GCT	101	30.93	19.35	19.20	30.53
GCT	102	31.60	19.47	19.70	29.23
GCT	103	29.93	20.00	19.45	30.63
GCT	104	30.08	18.92	19.37	31.63
GCT	105	30.35	19.90	18.70	31.05
GCT	106	30.15	19.12	19.70	31.03
GCT	107	31.00	18.90	19.40	30.70
GCT	108	30.78	18.52	19.62	31.08
GCT	109	31.03	18.72	20.52	29.73
GCT	110	30.75	20.22	19.15	29.88
GCT	111	28.98	19.72	20.49	30.80
GCT	112	29.43	19.80	19.55	31.23
GCT	113	30.30	19.27	20.00	30.43
GCT	114	31.35	19.55	19.20	29.91
GCT	115	30.85	18.75	19.30	31.10
GCT	116	31.05	19.62	18.87	30.45
GCT	117	31.15	17.85	19.32	31.68
GCT	118	30.63	19.95	18.80	30.63
GCT	119	29.91	19.90	19.40	30.80
GCT	120	30.30	18.97	20.02	30.70
GCT	121	30.13	19.30	19.17	31.40
GCT	122	30.73	19.60	19.72	29.96
GCT	123	30.60	19.50	18.92	30.98
GCT	124	29.48	19.12	19.52	31.88
GCT	125	31.20	18.82	20.07	29.91
GCT	126	30.38	19.45	19.60	30.58
GCT	127	30.88	19.62	20.14	29.36
GCT	128	29.56	18.60	19.92	31.93
GCT	129	30.20	19.50	20.77	29.53
GCT	130	31.35	19.65	19.07	29.93
GCT	131	31.65	20.09	18.80	29.46
GCT	132	32.68	18.15	19.17	30.00
GCT	133	31.40	18.57	19.82	30.20
GCT	134	31.35	18.00	19.45	31.20
GCT	135	29.58	19.47	20.42	30.53
GCT	136	30.25	19.42	19.37	30.95
GCT	137	31.33	20.22	18.77	29.68
GCT	138	31.20	19.57	18.25	30.98
GCT	139	30.80	19.87	20.02	29.31
GCT	140	30.83	20.07	19.10	30.00
GCT	141	30.75	20.39	19.17	29.68
GCT	142	31.48	19.32	19.15	30.05
GCT	143	29.08	20.47	20.07	30.38
GCT	144	30.53	19.02	18.60	31.85
GCT	145	30.60	19.52	19.00	30.88
GCT	146	31.60	18.32	19.17	30.90
GCT	147	30.30	18.82	20.14	30.73
GCT	148	31.05	19.12	18.32	31.50
GCT	149	32.25	20.17	18.30	29.28
GCT	150	29.99	19.30	20.17	30.54
# ACGT content per cycle for first fragments. Use `grep ^FBC | cut -f 2-` to extract this part. The columns are: cycle; A,C,G,T base counts as a percentage of all A/C/G/T bases [%]; and N and O counts as a percentage of all A/C/G/T bases [%]
FBC	1	31.30	21.27	18.62	28.81	0.00	0.00
FBC	2	30.85	18.57	18.87	31.70	0.00	0.00
FBC	3	30.75	19.32	18.87	31.05	0.00	0.00
FBC	4	30.45	19.97	18.32	31.25	0.00	0.00
FBC	5	31.20	18.67	18.97	31.15	0.00	0.00
FBC	6	31.05	19.67	18.02	31.25	0.00	0.00
FBC	7	29.31	21.07	19.42	30.20	0.00	0.00
FBC	8	30.55	19.22	18.77	31.45	0.00	0.00
FBC	9	30.45	19.42	19.57	30.55	0.00	0.00
FBC	10	29.61	21.47	18.62	30.30	0.00	0.00
FBC	11	31.50	18.37	19.57	30.55	0.00	0.00
FBC	12	30.85	19.62	19.22	30.30	0.00	0.00
FBC	13	32.30	19.52	18.87	29.31	0.00	0.00
FBC	14	31.15	19.07	19.07	30.70	0.00	0.00
FBC	15	31.55	20.42	17.42	30.60	0.00	0.00
FBC	16	32.55	17.97	18.87	30.60	0.00	0.00
FBC	17	28.66	20.57	18.42	32.35	0.00	0.00
FBC	18	29.96	21.02	18.52	30.50	0.00	0.00
FBC	19	28.61	20.92	18.37	32.10	0.00	0.00
FBC	20	30.80	20.52	18.87	29.81	0.00	0.00
FBC	21	30.75	20.37	18.57	30.30	0.00	0.00
FBC	22	30.90	19.97	18.87	30.25	0.00	0.00
FBC	23	30.70	19.37	19.07	30.85	0.00	0.00
FBC	24	31.40	20.92	17.72	29.96	0.00	0.00
FBC	25	30.75	20.22	17.92	31.10	0.00	0.00
FBC	26	30.80	21.12	18.37	29.71	0.00	0.00
FBC	27	30.10	21.57	18.12	30.20	0.00	0.00
FBC	28	29.91	19.57	18.77	31.75	0.00	0.00
FBC	29	31.05	18.62	19.07	31.25	0.00	0.00
FBC	30	30.25	19.92	18.57	31.25	0.00	0.00
FBC	31	31.25	19.72	19.47	29.56	0.00	0.00
FBC	32	29.16	18.72	20.12	32.00	0.00	0.00
FBC	33	30.75	19.17	16.38	33.70	0.00	0.00
FBC	34	30.15	19.02	19.92	30.90	0.00	0.00
FBC	35	31.65	19.67	19.52	29.16	0.00	0.00
FBC	36	30.25	19.42	19.12	31.20	0.00	0.00
FBC	37	30.90	19.92	18.67	30.50	0.00	0.00
FBC	38	30.25	19.07	18.92	31.75	0.00	0.00
FBC	39	30.45	19.52	19.47	30.55	0.00	0.00
FBC	40	29.61	20.52	18.82	31.05	0.00	0.00
FBC	41	29.71	19.07	19.17	32.05	0.00	0.00
FBC	42	32.95	18.82	17.52	30.70	0.00	0.00
FBC	43	31.60	19.67	18.32	30.40	0.00	0.00
FBC	44	30.15	20.37	18.52	30.95	0.00	0.00
FBC	45	28.61	19.07	20.67	31.65	0.00	0.00
FBC	46	30.75	20.92	18.67	29.66	0.00	0.00
FBC	47	30.25	18.52	18.97	32.25	0.00	0.00
FBC	48	30.90	20.87	18.62	29.61	0.00	0.00
FBC	49	32.65	20.67	17.97	28.71	0.00	0.00
FBC	50	29.81	20.27	19.62	30.30	0.00	0.00
FBC	51	31.60	18.42	19.87	30.10	0.00	0.00
FBC	52	29.61	20.17	19.57	30.65	0.00	0.00
FBC	53	31.10	19.32	19.67	29.91	0.00	0.00
FBC	54	31.00	19.17	19.22	30.60	0.00	0.00
FBC	55	30.70	19.52	19.67	30.10	0.00	0.00
FBC	56	30.20	18.72	19.17	31.90	0.00	0.00
FBC	57	31.60	19.52	18.92	29.96	0.00	0.00
FBC	58	29.86	19.97	19.07	31.10	0.00	0.00
FBC	59	28.41	20.22	20.47	30.90	0.00	0.00
FBC	60	29.61	20.37	19.87	30.15	0.00	0.00
FBC	61	31.15	19.67	18.67	30.50	0.00	0.00
FBC	62	33.40	20.32	18.22	28.06	0.00	0.00
FBC	63	31.45	19.32	19.67	29.56	0.00	0.00
FBC	64	31.20	19.92	19.07	29.81	0.00	0.00
FBC	65	30.75	18.02	19.02	32.20	0.00	0.00
FBC	66	29.91	21.22	19.57	29.31	0.00	0.00
FBC	67	29.01	20.47	20.12	30.40	0.00	0.00
FBC	68	30.05	19.57	18.92	31.45	0.00	0.00
FBC	69	30.20	19.92	20.02	29.86	0.00	0.00
FBC	70	29.71	19.72	18.62	31.95	0.00	0.00
FBC	71	30.05	18.92	18.52	32.50	0.00	0.00
FBC	72	30.80	19.47	18.12	31.60	0.00	0.00
FBC	73	28.06	19.52	20.47	31.95	0.00	0.00
FBC	74	28.76	18.92	20.12	32.20	0.00	0.00
FBC	75	32.60	18.57	19.62	29.21	0.00	0.00
FBC	76	31.70	18.57	19.37	30.35	0.00	0.00
FBC	77	31.85	16.82	18.77	32.55	0.00	0.00
FBC	78	31.75	20.27	18.62	29.36	0.00	0.00
FBC	79	29.26	19.92	20.37	30.45	0.00	0.00
FBC	80	31.00	21.02	18.32	29.66	0.00	0.00
FBC	81	31.00	17.62	20.57	30.80	0.00	0.00
FBC	82	28.76	21.52	18.57	31.15	0.00	0.00
FBC	83	31.70	19.17	19.62	29.51	0.00	0.00
FBC	84	30.95	19.42	19.27	30.35	0.00	0.00
FBC	85	30.55	19.12	19.82	30.50	0.00	0.00
FBC	86	29.56	19.97	20.42	30.05	0.00	0.00
FBC	87	30.20	20.17	17.97	31.65	0.00	0.00
FBC	88	29.51	20.32	19.22	30.95	0.00	0.00
FBC	89	29.66	20.17	17.92	32.25	0.00	0.00
FBC	90	30.25	19.77	18.47	31.50	0.00	0.00
FBC	91	29.61	21.92	17.77	30.70	0.00	0.00
FBC	92	30.40	19.02	19.57	31.00	0.00	0.00
FBC	93	29.81	19.77	19.02	31.40	0.00	0.00
FBC	94	31.00	19.62	17.77	31.60	0.00	0.00
FBC	95	29.96	19.42	19.62	31.00	0.00	0.00
FBC	96	30.80	19.27	18.82	31.10	0.00	0.00
FBC	97	31.40	20.87	18.02	29.71	0.00	0.00
FBC	98	32.90	18.82	19.42	28.86	0.00	0.00
FBC	99	31.40	21.27	18.62	28.71	0.00	0.00
FBC	100	32.00	19.47	19.77	28.76	0.00	0.00
FBC	101	29.96	18.82	19.12	32.10	0.00	0.00
FBC	102	29.31	19.62	19.92	31.15	0.00	0.00
FBC	103	30.70	21.02	19.07	29.21	0.00	0.00
FBC	104	32.50	19.57	18.12	29.81	0.00	0.00
FBC	105	32.25	19.62	19.57	28.56	0.00	0.00
FBC	106	31.80	18.92	18.67	30.60	0.00	0.00
FBC	107	31.60	19.02	19.02	30.35	0.00	0.00
FBC	108	32.90	20.37	17.47	29.26	0.00	0.00
FBC	109	30.85	20.42	18.97	29.76	0.00	0.00
FBC	110	30.80	19.22	20.17	29.81	0.00	0.00
FBC	111	29.11	20.72	19.32	30.85	0.00	0.00
FBC	112	29.66	20.42	19.47	30.45	0.00	0.00
FBC	113	30.70	20.32	18.92	30.05	0.00	0.00
FBC	114	30.50	19.82	18.87	30.80	0.00	0.00
FBC	115	30.45	19.22	18.52	31.80	0.00	0.00
FBC	116	30.50	20.22	19.07	30.20	0.00	0.00
FBC	117	29.46	17.92	20.02	32.60	0.00	0.00
FBC	118	31.55	20.52	17.62	30.30	0.00	0.00
FBC	119	30.80	21.02	17.72	30.45	0.00	0.00
FBC	120	30.70	19.02	19.87	30.40	0.00	0.00
FBC	121	32.05	19.57	19.17	29.21	0.00	0.00
FBC	122	31.00	19.52	18.87	30.60	0.00	0.00
FBC	123	30.00	20.02	18.82	31.15	0.00	0.00
FBC	124	31.50	19.27	18.12	31.10	0.00	0.00
FBC	125	31.15	19.77	19.12	29.96	0.00	0.00
FBC	126	30.50	19.52	19.17	30.80	0.00	0.00
FBC	127	28.86	20.77	18.67	31.70	0.00	0.00
FBC	128	30.30	20.42	18.07	31.20	0.00	0.00
FBC	129	29.66	20.87	19.97	29.51	0.00	0.00
FBC	130	30.45	21.07	17.22	31.25	0.00	0.00
FBC	131	31.15	20.47	18.42	29.96	0.00	0.00
FBC	132	31.70	18.27	18.92	31.10	0.00	0.00
FBC	133	31.50	19.22	18.57	30.70	0.00	0.00
FBC	134	30.90	19.67	17.97	31.45	0.00	0.00
FBC	135	30.05	21.37	18.82	29.76	0.00	0.00
FBC	136	31.05	20.07	17.67	31.20	0.00	0.00
FBC	137	29.41	20.52	18.67	31.40	0.00	0.00
FBC	138	31.60	20.12	18.02	30.25	0.00	0.00
FBC	139	29.91	21.37	18.97	29.76	0.00	0.00
FBC	140	31.90	21.02	18.92	28.16	0.00	0.00
FBC	141	30.40	21.17	17.87	30.55	0.00	0.00
FBC	142	29.46	21.27	17.67	31.60	0.00	0.00
FBC	143	30.60	21.22	18.72	29.46	0.00	0.00
FBC	144	33.00	19.82	17.42	29.76	0.00	0.00
FBC	145	30.90	21.27	18.07	29.76	0.00	0.00
FBC	146	32.75	20.22	17.62	29.41	0.00	0.00
FBC	147	30.25	17.37	21.42	30.95	0.00	0.00
FBC	148	31.10	18.32	18.72	31.85	0.00	0.00
FBC	149	29.46	20.27	18.57	31.70	0.00	0.00
FBC	150	29.96	19.57	19.47	31.00	0.00	0.00
# ACGT raw counters for first fragments. Use `grep ^FTC | cut -f 2-` to extract this part. The columns are: A,C,G,T,N base counters
FTC	92107	59545	56808	91990	0
# ACGT content per cycle for last fragments. Use `grep ^LBC | cut -f 2-` to extract this part. The columns are: cycle; A,C,G,T base counts as a percentage of all A/C/G/T bases [%]; and N and O counts as a percentage of all A/C/G/T bases [%]
LBC	1	31.50	19.27	17.92	31.30	0.00	0.00
LBC	2	30.85	20.42	19.97	28.76	0.00	0.00
LBC	3	32.30	18.37	19.57	29.76	0.00	0.00
LBC	4	31.30	18.22	20.02	30.45	0.00	0.00
LBC	5	28.36	18.77	18.97	33.90	0.00	0.00
LBC	6	31.30	22.07	18.02	28.61	0.00	0.00
LBC	7	33.25	19.07	19.47	28.21	0.00	0.00
LBC	8	31.15	20.07	19.17	29.61	0.00	0.00
LBC	9	30.55	19.52	19.22	30.70	0.00	0.00
LBC	10	28.46	21.22	19.77	30.55	0.00	0.00
LBC	11	31.35	20.22	17.97	30.45	0.00	0.00
LBC	12	30.75	20.77	18.32	30.15	0.00	0.00
LBC	13	32.30	17.97	20.02	29.71	0.00	0.00
LBC	14	28.51	21.87	19.22	30.40	0.00	0.00
LBC	15	31.35	19.62	18.87	30.15	0.00	0.00
LBC	16	31.40	18.37	18.17	32.05	0.00	0.00
LBC	17	29.86	19.12	18.72	32.30	0.00	0.00
LBC	18	29.01	18.92	20.07	32.00	0.00	0.00
LBC	19	30.15	19.17	19.42	31.25	0.00	0.00
LBC	20	30.40	19.72	19.12	30.75	0.00	0.00
LBC	21	29.21	19.52	19.72	31.55	0.00	0.00
LBC	22	30.70	20.72	18.67	29.91	0.00	0.00
LBC	23	31.00	19.72	19.07	30.20	0.00	0.00
LBC	24	29.31	20.52	19.47	30.70	0.00	0.00
LBC	25	30.60	20.32	18.12	30.95	0.00	0.00
LBC	26	29.41	21.02	18.57	31.00	0.00	0.00
LBC	27	29.81	20.17	20.47	29.56	0.00	0.00
LBC	28	31.35	21.32	19.17	28.16	0.00	0.00
LBC	29	31.45	19.57	18.42	30.55	0.00	0.00
LBC	30	29.16	20.07	20.22	30.55	0.00	0.00
LBC	31	30.45	19.62	18.07	31.85	0.00	0.00
LBC	32	30.35	20.87	18.32	30.45	0.00	0.00
LBC	33	30.35	20.12	17.87	31.65	0.00	0.00
LBC	34	31.45	19.62	18.77	30.15	0.00	0.00
LBC	35	30.75	19.67	17.67	31.90	0.00	0.00
LBC	36	32.80	18.52	19.07	29.61	0.00	0.00
LBC	37	29.51	20.92	19.32	30.25	0.00	0.00
LBC	38	30.45	19.77	19.12	30.65	0.00	0.00
LBC	39	32.20	18.92	18.52	30.35	0.00	0.00
LBC	40	30.00	18.92	18.12	32.95	0.00	0.00
LBC	41	30.40	20.27	18.12	31.20	0.00	0.00
LBC	42	31.75	20.27	18.17	29.81	0.00	0.00
LBC	43	30.85	19.52	19.87	29.76	0.00	0.00
LBC	44	30.50	21.67	18.47	29.36	0.00	0.00
LBC	45	30.30	22.12	17.52	30.05	0.00	0.00
LBC	46	30.80	19.47	17.77	31.95	0.00	0.00
LBC	47	30.25	19.72	18.22	31.80	0.00	0.00
LBC	48	30.30	20.97	19.62	29.11	0.00	0.00
LBC	49	32.60	18.07	17.72	31.60	0.00	0.00
LBC	50	31.80	18.02	19.87	30.30	0.00	0.00
LBC	51	30.80	19.07	18.67	31.45	0.00	0.00
LBC	52	30.25	20.77	18.47	30.50	0.00	0.00
LBC	53	33.65	20.32	18.47	27.56	0.00	0.00
LBC	54	31.35	19.42	19.67	29.56	0.00	0.00
LBC	55	31.05	19.22	19.47	30.25	0.00	0.00
LBC	56	31.60	18.82	19.42	30.15	0.00	0.00
LBC	57	32.20	21.47	17.22	29.11	0.00	0.00
LBC	58	32.60	19.82	18.12	29.46	0.00	0.00
LBC	59	31.25	19.92	19.02	29.81	0.00	0.00
LBC	60	30.20	20.57	18.92	30.30	0.00	0.00
LBC	61	29.66	19.72	18.62	32.00	0.00	0.00
LBC	62	29.81	20.32	18.77	31.10	0.00	0.00
LBC	63	29.86	21.02	19.17	29.96	0.00	0.00
LBC	64	30.10	19.72	18.97	31.20	0.00	0.00
LBC	65	31.60	20.02	19.92	28.46	0.00	0.00
LBC	66	30.70	19.87	19.52	29.91	0.00	0.00
LBC	67	32.50	18.87	17.97	30.65	0.00	0.00
LBC	68	31.10	19.82	19.22	29.86	0.00	0.00
LBC	69	31.05	20.87	19.57	28.51	0.00	0.00
LBC	70	29.26	21.82	18.32	30.60	0.00	0.00
LBC	71	31.10	19.67	17.92	31.30	0.00	0.00
LBC	72	30.45	21.82	18.32	29.41	0.00	0.00
LBC	73	30.85	18.57	18.57	32.00	0.00	0.00
LBC	74	29.16	20.97	19.72	30.15	0.00	0.00
LBC	75	31.55	18.87	18.77	30.80	0.00	0.00
LBC	76	32.10	18.52	20.67	28.71	0.00	0.00
LBC	77	31.60	20.17	19.12	29.11	0.00	0.00
LBC	78	30.20	19.82	20.22	29.76	0.00	0.00
LBC	79	31.95	19.72	19.27	29.06	0.00	0.00
LBC	80	29.56	19.92	18.27	32.25	0.00	0.00
LBC	81	29.81	19.72	18.82	31.65	0.00	0.00
LBC	82	30.75	18.47	18.72	32.05	0.00	0.00
LBC	83	28.66	22.02	18.52	30.80	0.00	0.00
LBC	84	32.20	20.92	18.17	28.71	0.00	0.00
LBC	85	30.20	20.22	18.77	30.80	0.00	0.00
LBC	86	32.55	19.47	18.12	29.86	0.00	0.00
LBC	87	31.95	19.17	17.67	31.20	0.00	0.00
LBC	88	30.20	20.02	18.87	30.90	0.00	0.00
LBC	89	31.70	19.02	18.42	30.85	0.00	0.00
LBC	90	31.60	20.02	18.22	30.15	0.00	0.00
LBC	91	31.65	19.52	18.22	30.60	0.00	0.00
LBC	92	32.75	18.97	18.02	30.25	0.00	0.00
LBC	93	31.30	20.52	19.42	28.76	0.00	0.00
LBC	94	32.45	18.32	19.22	30.00	0.00	0.00
LBC	95	28.76	20.27	19.72	31.25	0.00	0.00
LBC	96	31.15	18.67	18.57	31.60	0.00	0.00
LBC	97	31.10	19.32	18.72	30.85	0.00	0.00
LBC	98	29.91	20.82	18.47	30.80	0.00	0.00
LBC	99	29.81	19.42	19.27	31.50	0.00	0.00
LBC	100	29.51	19.22	20.12	31.15	0.00	0.00
LBC	101	31.15	21.27	17.87	29.71	0.00	0.00
LBC	102	31.15	20.12	18.67	30.05	0.00	0.00
LBC	103	30.40	19.57	19.22	30.80	0.00	0.00
LBC	104	30.60	20.67	18.22	30.50	0.00	0.00
LBC	105	31.00	18.17	19.82	31.00	0.00	0.00
LBC	106	31.15	21.22	18.82	28.81	0.00	0.00
LBC	107	31.35	19.47	19.07	30.10	0.00	0.00
LBC	108	32.20	18.97	19.47	29.36	0.00	0.00
LBC	109	31.05	19.62	19.47	29.86	0.00	0.00
LBC	110	30.65	21.22	18.12	30.00	0.00	0.00
LBC	111	30.00	21.42	18.97	29.61	0.00	0.00
LBC	112	29.11	20.12	18.67	32.10	0.00	0.00
LBC	113	30.45	20.22	19.07	30.25	0.00	0.00
LBC	114	30.65	19.57	19.22	30.55	0.00	0.00
LBC	115	30.95	19.72	18.62	30.70	0.00	0.00
LBC	116	31.30	18.77	18.92	31.00	0.00	0.00
LBC	117	31.75	19.92	16.48	31.85	0.00	0.00
LBC	118	30.05	18.57	20.77	30.60	0.00	0.00
LBC	119	30.55	20.67	19.17	29.61	0.00	0.00
LBC	120	30.75	20.42	18.67	30.15	0.00	0.00
LBC	121	31.20	19.87	18.32	30.60	0.00	0.00
LBC	122	29.41	20.97	19.27	30.35	0.00	0.00
LBC	123	30.45	19.87	18.12	31.55	0.00	0.00
LBC	124	29.91	20.67	19.22	30.20	0.00	0.00
LBC	125	30.60	20.77	18.12	30.50	0.00	0.00
LBC	126	29.56	21.52	17.87	31.05	0.00	0.00
LBC	127	29.26	21.07	19.02	30.65	0.00	0.00
LBC	128	31.35	19.27	19.27	30.10	0.00	0.00
LBC	129	30.00	20.42	19.27	30.30	0.00	0.00
LBC	130	30.65	19.57	19.57	30.20	0.00	0.00
LBC	131	30.05	19.77	19.12	31.05	0.00	0.00
LBC	132	32.90	19.02	18.42	29.66	0.00	0.00
LBC	133	31.30	20.17	18.82	29.71	0.00	0.00
LBC	134	31.50	19.67	17.57	31.25	0.00	0.00
LBC	135	30.70	21.62	17.97	29.71	0.00	0.00
LBC	136	28.31	20.47	19.37	31.85	0.00	0.00
LBC	137	29.81	20.12	18.67	31.40	0.00	0.00
LBC	138	32.10	19.97	17.52	30.40	0.00	0.00
LBC	139	30.25	20.17	19.27	30.30	0.00	0.00
LBC	140	30.95	20.57	17.82	30.65	0.00	0.00
LBC	141	28.51	20.47	19.62	31.40	0.00	0.00
LBC	142	31.85	19.97	18.02	30.15	0.00	0.00
LBC	143	30.75	20.77	20.37	28.11	0.00	0.00
LBC	144	30.70	20.72	17.27	31.30	0.00	0.00
LBC	145	30.45	19.27	18.42	31.85	0.00	0.00
LBC	146	31.35	18.97	18.17	31.50	0.00	0.00
LBC	147	32.25	20.52	18.62	28.61	0.00	0.00
LBC	148	31.45	19.32	18.52	30.70	0.00	0.00
LBC	149	31.55	19.82	18.27	30.35	0.00	0.00
LBC	150	29.52	19.88	20.03	30.57	0.00	0.00
# ACGT raw counters for last fragments. Use `grep ^LTC | cut -f 2-` to extract this part. The columns are: A,C,G,T,N base counters
LTC	92463	59916	56564	91506	0
# Insert sizes. Use `grep ^IS | cut -f 2-` to extract this part. The columns are: insert size, pairs total, inward oriented pairs, outward oriented pairs, other pairs
IS	0	0	0	0	0
IS	1	0	0	0	0
IS	2	0	0	0	0
IS	3	0	0	0	0
IS	4	0	0	0	0
IS	5	0	0	0	0
IS	6	0	0	0	0
IS	7	0	0	0	0
IS	8	0	0	0	0
IS	9	0	0	0	0
IS	10	0	0	0	0
IS	11	0	0	0	0
IS	12	0	0	0	0
IS	13	0	0	0	0
IS	14	0	0	0	0
IS	15	0	0	0	0
IS	16	0	0	0	0
IS	17	0	0	0	0
IS	18	0	0	0	0
IS	19	0	0	0	0
IS	20	0	0	0	0
IS	21	0	0	0	0
IS	22	0	0	0	0
IS	23	0	0	0	0
IS	24	0	0	0	0
IS	25	0	0	0	0
IS	26	0	0	0	0
IS	27	0	0	0	0
IS	28	0	0	0	0
IS	29	0	0	0	0
IS	30	0	0	0	0
IS	31	0	0	0	0
IS	32	0	0	0	0
IS	33	0	0	0	0
IS	34	0	0	0	0
IS	35	0	0	0	0
IS	36	0	0	0	0
IS	37	0	0	0	0
IS	38	0	0	0	0
IS	39	0	0	0	0
IS	40	0	0	0	0
IS	41	0	0	0	0
IS	42	0	0	0	0
IS	43	0	0	0	0
IS	44	0	0	0	0
IS	45	0	0	0	0
IS	46	0	0	0	0
IS	47	0	0	0	0
IS	48	0	0	0	0
IS	49	0	0	0	0
IS	50	0	0	0	0
IS	51	0	0	0	0
IS	52	0	0	0	0
IS	53	0	0	0	0
IS	54	0	0	0	0
IS	55	0	0	0	0
IS	56	0	0	0	0
IS	57	0	0	0	0
IS	58	0	0	0	0
IS	59	0	0	0	0
IS	60	0	0	0	0
IS	61	0	0	0	0
IS	62	0	0	0	0
IS	63	0	0	0	0
IS	64	0	0	0	0
IS	65	0	0	0	0
IS	66	0	0	0	0
IS	67	0	0	0	0
IS	68	0	0	0	0
IS	69	0	0	0	0
IS	70	0	0	0	0
IS	71	0	0	0	0
IS	72	0	0	0	0
IS	73	0	0	0	0
IS	74	0	0	0	0
IS	75	0	0	0	0
IS	76	0	0	0	0
IS	77	0	0	0	0
IS	78	0	0	0	0
IS	79	0	0	0	0
IS	80	0	0	0	0
IS	81	0	0	0	0
IS	82	0	0	0	0
IS	83	0	0	0	0
IS	84	0	0	0	0
IS	85	0	0	0	0
IS	86	0	0	0	0
IS	87	0	0	0	0
IS	88	0	0	0	0
IS	89	0	0	0	0
IS	90	0	0	0	0
IS	91	0	0	0	0
IS	92	0	0	0	0
IS	93	0	0	0	0
IS	94	0	0	0	0
IS	95	0	0	0	0
IS	96	0	0	0	0
IS	97	0	0	0	0
IS	98	0	0	0	0
IS	99	0	0	0	0
IS	100	0	0	0	0
IS	101	0	0	0	0
IS	102	0	0	0	0
IS	103	0	0	0	0
IS	104	0	0	0	0
IS	105	0	0	0	0
IS	106	0	0	0	0
IS	107	0	0	0	0
IS	108	0	0	0	0
IS	109	0	0	0	0
IS	110	0	0	0	0
IS	111	0	0	0	0
IS	112	0	0	0	0
IS	113	0	0	0	0
IS	114	0	0	0	0
IS	115	0	0	0	0
IS	116	0	0	0	0
IS	117	0	0	0	0
IS	118	0	0	0	0
IS	119	0	0	0	0
IS	120	0	0	0	0
IS	121	0	0	0	0
IS	122	0	0	0	0
IS	123	0	0	0	0
IS	124	0	0	0	0
IS	125	0	0	0	0
IS	126	0	0	0	0
IS	127	0	0	0	0
IS	128	0	0	0	0
IS	129	0	0	0	0
IS	130	0	0	0	0
IS	131	0	0	0	0
IS	132	0	0	0	0
IS	133	0	0	0	0
IS	134	0	0	0	0
IS	135	0	0	0	0
IS	136	0	0	0	0
IS	137	0	0	0	0
IS	138	0	0	0	0
IS	139	0	0	0	0
IS	140	0	0	0	0
IS	141	0	0	0	0
IS	142	0	0	0	0
IS	143	0	0	0	0
IS	144	0	0	0	0
IS	145	0	0	0	0
IS	146	0	0	0	0
IS	147	0	0	0	0
IS	148	0	0	0	0
IS	149	0	0	0	0
IS	150	0	0	0	0
IS	151	0	0	0	0
IS	152	0	0	0	0
IS	153	0	0	0	0
IS	154	0	0	0	0
IS	155	0	0	0	0
IS	156	0	0	0	0
IS	157	0	0	0	0
IS	158	0	0	0	0
IS	159	0	0	0	0
IS	160	0	0	0	0
IS	161	0	0	0	0
IS	162	0	0	0	0
IS	163	0	0	0	0
IS	164	0	0	0	0
IS	165	0	0	0	0
IS	166	0	0	0	0
IS	167	0	0	0	0
IS	168	0	0	0	0
IS	169	0	0	0	0
IS	170	0	0	0	0
IS	171	0	0	0	0
IS	172	0	0	0	0
IS	173	0	0	0	0
IS	174	0	0	0	0
IS	175	0	0	0	0
IS	176	0	0	0	0
IS	177	0	0	0	0
IS	178	0	0	0	0
IS	179	0	0	0	0
IS	180	0	0	0	0
IS	181	0	0	0	0
IS	182	0	0	0	0
IS	183	0	0	0	0
IS	184	0	0	0	0
IS	185	0	0	0	0
IS	186	0	0	0	0
IS	187	0	0	0	0
IS	188	0	0	0	0
IS	189	0	0	0	0
IS	190	0	0	0	0
IS	191	0	0	0	0
IS	192	0	0	0	0
IS	193	0	0	0	0
IS	194	0	0	0	0
IS	195	0	0	0	0
IS	196	0	0	0	0
IS	197	0	0	0	0
IS	198	0	0	0	0
IS	199	0	0	0	0
IS	200	0	0	0	0
IS	201	0	0	0	0
IS	202	0	0	0	0
IS	203	0	0	0	0
IS	204	0	0	0	0
IS	205	0	0	0	0
IS	206	0	0	0	0
IS	207	0	0	0	0
IS	208	0	0	0	0
IS	209	0	0	0	0
IS	210	0	0	0	0
IS	211	0	0	0	0
IS	212	0	0	0	0
IS	213	0	0	0	0
IS	214	0	0	0	0
IS	215	0	0	0	0
IS	216	0	0	0	0
IS	217	0	0	0	0
IS	218	0	0	0	0
IS	219	0	0	0	0
IS	220	0	0	0	0
IS	221	0	0	0	0
IS	222	0	0	0	0
IS	223	0	0	0	0
IS	224	0	0	0	0
IS	225	0	0	0	0
IS	226	0	0	0	0
IS	227	0	0	0	0
IS	228	0	0	0	0
IS	229	0	0	0	0
IS	230	0	0	0	0
IS	231	0	0	0	0
IS	232	0	0	0	0
IS	233	0	0	0	0
IS	234	0	0	0	0
IS	235	0	0	0	0
IS	236	0	0	0	0
IS	237	0	0	0	0
IS	238	0	0	0	0
IS	239	0	0	0	0
IS	240	0	0	0	0
IS	241	0	0	0	0
IS	242	0	0	0	0
IS	243	0	0	0	0
IS	244	0	0	0	0
IS	245	0	0	0	0
IS	246	0	0	0	0
IS	247	0	0	0	0
IS	248	0	0	0	0
IS	249	0	0	0	0
IS	250	0	0	0	0
IS	251	0	0	0	0
IS	252	0	0	0	0
IS	253	0	0	0	0
IS	254	0	0	0	0
IS	255	0	0	0	0
IS	256	0	0	0	0
IS	257	0	0	0	0
IS	258	0	0	0	0
IS	259	0	0	0	0
IS	260	0	0	0	0
IS	261	0	0	0	0
IS	262	0	0	0	0
IS	263	0	0	0	0
IS	264	0	0	0	0
IS	265	0	0	0	0
IS	266	0	0	0	0
IS	267	0	0	0	0
IS	268	0	0	0	0
IS	269	0	0	0	0
IS	270	0	0	0	0
IS	271	0	0	0	0
IS	272	0	0	0	0
IS	273	0	0	0	0
IS	274	0	0	0	0
IS	275	0	0	0	0
IS	276	0	0	0	0
IS	277	0	0	0	0
IS	278	0	0	0	0
IS	279	0	0	0	0
IS	280	0	0	0	0
IS	281	0	0	0	0
IS	282	0	0	0	0
IS	283	0	0	0	0
IS	284	0	0	0	0
IS	285	0	0	0	0
IS	286	0	0	0	0
IS	287	0	0	0	0
IS	288	0	0	0	0
IS	289	0	0	0	0
IS	290	0	0	0	0
IS	291	0	0	0	0
IS	292	0	0	0	0
IS	293	0	0	0	0
IS	294	0	0	0	0
IS	295	0	0	0	0
IS	296	0	0	0	0
IS	297	0	0	0	0
IS	298	0	0	0	0
IS	299	0	0	0	0
IS	300	0	0	0	0
IS	301	0	0	0	0
IS	302	0	0	0	0
IS	303	0	0	0	0
IS	304	0	0	0	0
IS	305	0	0	0	0
IS	306	0	0	0	0
IS	307	0	0	0	0
IS	308	0	0	0	0
IS	309	0	0	0	0
IS	310	0	0	0	0
IS	311	0	0	0	0
IS	312	0	0	0	0
IS	313	0	0	0	0
IS	314	0	0	0	0
IS	315	0	0	0	0
IS	316	0	0	0	0
IS	317	0	0	0	0
IS	318	0	0	0	0
IS	319	0	0	0	0
IS	320	0	0	0	0
IS	321	0	0	0	0
IS	322	0	0	0	0
IS	323	0	0	0	0
IS	324	1	1	0	0
IS	325	0	0	0	0
IS	326	0	0	0	0
IS	327	0	0	0	0
IS	328	0	0	0	0
IS	329	0	0	0	0
IS	330	0	0	0	0
IS	331	0	0	0	0
IS	332	0	0	0	0
IS	333	0	0	0	0
IS	334	0	0	0	0
IS	335	0	0	0	0
IS	336	0	0	0	0
IS	337	0	0	0	0
IS	338	0	0	0	0
IS	339	0	0	0	0
IS	340	0	0	0	0
IS	341	0	0	0	0
IS	342	0	0	0	0
IS	343	0	0	0	0
IS	344	1	1	0	0
IS	345	0	0	0	0
IS	346	0	0	0	0
IS	347	0	0	0	0
IS	348	0	0	0	0
IS	349	0	0	0	0
IS	350	1	1	0	0
IS	351	0	0	0	0
IS	352	0	0	0	0
IS	353	1	1	0	0
IS	354	0	0	0	0
IS	355	0	0	0	0
IS	356	0	0	0	0
IS	357	0	0	0	0
IS	358	1	1	0	0
IS	359	0	0	0	0
IS	360	0	0	0	0
IS	361	1	1	0	0
IS	362	0	0	0	0
IS	363	0	0	0	0
IS	364	1	1	0	0
IS	365	1	1	0	0
IS	366	0	0	0	0
IS	367	0	0	0	0
IS	368	0	0	0	0
IS	369	1	1	0	0
IS	370	0	0	0	0
IS	371	1	1	0	0
IS	372	0	0	0	0
IS	373	1	1	0	0
IS	374	1	1	0	0
IS	375	2	2	0	0
IS	376	0	0	0	0
IS	377	0	0	0	0
IS	378	3	3	0	0
IS	379	0	0	0	0
IS	380	0	0	0	0
IS	381	1	1	0	0
IS	382	0	0	0	0
IS	383	3	3	0	0
IS	384	1	1	0	0
IS	385	0	0	0	0
IS	386	1	1	0	0
IS	387	4	4	0	0
IS	388	1	1	0	0
IS	389	1	1	0	0
IS	390	4	4	0	0
IS	391	0	0	0	0
IS	392	2	2	0	0
IS	393	1	1	0	0
IS	394	1	1	0	0
IS	395	0	0	0	0
IS	396	3	3	0	0
IS	397	2	2	0	0
IS	398	1	1	0	0
IS	399	3	3	0	0
IS	400	0	0	0	0
IS	401	0	0	0	0
IS	402	0	0	0	0
IS	403	3	3	0	0
IS	404	1	1	0	0
IS	405	0	0	0	0
IS	406	3	3	0	0
IS	407	4	4	0	0
IS	408	3	3	0	0
IS	409	2	2	0	0
IS	410	2	2	0	0
IS	411	3	3	0	0
IS	412	3	3	0	0
IS	413	3	3	0	0
IS	414	4	4	0	0
IS	415	7	7	0	0
IS	416	4	4	0	0
IS	417	4	4	0	0
IS	418	4	4	0	0
IS	419	3	3	0	0
IS	420	8	8	0	0
IS	421	1	1	0	0
IS	422	5	5	0	0
IS	423	3	3	0	0
IS	424	5	5	0	0
IS	425	5	5	0	0
IS	426	3	3	0	0
IS	427	6	6	0	0
IS	428	5	5	0	0
IS	429	6	6	0	0
IS	430	2	2	0	0
IS	431	7	7	0	0
IS	432	7	7	0	0
IS	433	8	8	0	0
IS	434	11	11	0	0
IS	435	2	2	0	0
IS	436	4	4	0	0
IS	437	10	10	0	0
IS	438	9	9	0	0
IS	439	7	7	0	0
IS	440	10	10	0	0
IS	441	4	4	0	0
IS	442	15	15	0	0
IS	443	8	8	0	0
IS	444	14	14	0	0
IS	445	7	7	0	0
IS	446	8	8	0	0
IS	447	15	15	0	0
IS	448	8	8	0	0
IS	449	5	5	0	0
IS	450	11	11	0	0
IS	451	5	5	0	0
IS	452	12	12	0	0
IS	453	15	15	0	0
IS	454	12	12	0	0
IS	455	15	15	0	0
IS	456	8	8	0	0
IS	457	13	13	0	0
IS	458	8	8	0	0
IS	459	7	7	0	0
IS	460	8	8	0	0
IS	461	6	6	0	0
IS	462	16	16	0	0
IS	463	10	10	0	0
IS	464	13	13	0	0
IS	465	14	14	0	0
IS	466	12	12	0	0
IS	467	9	9	0	0
IS	468	21	21	0	0
IS	469	12	12	0	0
IS	470	13	13	0	0
IS	471	14	14	0	0
IS	472	9	9	0	0
IS	473	9	9	0	0
IS	474	15	15	0	0
IS	475	13	13	0	0
IS	476	17	17	0	0
IS	477	17	17	0	0
IS	478	16	16	0	0
IS	479	17	17	0	0
IS	480	16	16	0	0
IS	481	19	19	0	0
IS	482	16	16	0	0
IS	483	18	18	0	0
IS	484	10	10	0	0
IS	485	18	18	0	0
IS	486	15	15	0	0
IS	487	14	14	0	0
IS	488	18	18	0	0
IS	489	17	17	0	0
IS	490	17	17	0	0
IS	491	22	22	0	0
IS	492	15	15	0	0
IS	493	9	9	0	0
IS	494	18	18	0	0
IS	495	17	17	0	0
IS	496	18	18	0	0
IS	497	21	21	0	0
IS	498	19	19	0	0
IS	499	20	20	0	0
IS	500	14	14	0	0
IS	501	12	12	0	0
IS	502	11	11	0	0
IS	503	26	26	0	0
IS	504	17	17	0	0
IS	505	12	12	0	0
IS	506	19	19	0	0
IS	507	9	9	0	0
IS	508	10	10	0	0
IS	509	17	17	0	0
IS	510	13	13	0	0
IS	511	14	14	0	0
IS	512	12	12	0	0
IS	513	14	14	0	0
IS	514	21	21	0	0
IS	515	16	16	0	0
IS	516	12	12	0	0
IS	517	17	17	0	0
IS	518	13	13	0	0
IS	519	17	17	0	0
IS	520	17	17	0	0
IS	521	16	16	0	0
IS	522	18	18	0	0
IS	523	13	13	0	0
IS	524	15	15	0	0
IS	525	15	15	0	0
IS	526	15	15	0	0
IS	527	16	16	0	0
IS	528	11	11	0	0
IS	529	15	15	0	0
IS	530	14	14	0	0
IS	531	14	14	0	0
IS	532	15	15	0	0
IS	533	15	15	0	0
IS	534	16	16	0	0
IS	535	12	12	0	0
IS	536	12	12	0	0
IS	537	12	12	0	0
IS	538	8	8	0	0
IS	539	11	11	0	0
IS	540	12	12	0	0
IS	541	17	17	0	0
IS	542	8	8	0	0
IS	543	8	8	0	0
IS	544	14	14	0	0
IS	545	7	7	0	0
IS	546	13	13	0	0
IS	547	9	9	0	0
IS	548	7	7	0	0
IS	549	9	9	0	0
IS	550	12	12	0	0
IS	551	10	10	0	0
IS	552	7	7	0	0
IS	553	7	7	0	0
IS	554	11	11	0	0
IS	555	6	6	0	0
IS	556	12	12	0	0
IS	557	16	16	0	0
IS	558	4	4	0	0
IS	559	7	7	0	0
IS	560	5	5	0	0
IS	561	3	3	0	0
IS	562	7	7	0	0
IS	563	8	8	0	0
IS	564	3	3	0	0
IS	565	8	8	0	0
IS	566	12	12	0	0
IS	567	9	9	0	0
IS	568	5	5	0	0
IS	569	3	3	0	0
IS	570	5	5	0	0
IS	571	6	6	0	0
IS	572	9	9	0	0
IS	573	7	7	0	0
IS	574	4	4	0	0
IS	575	5	5	0	0
IS	576	0	0	0	0
IS	577	4	4	0	0
IS	578	5	5	0	0
IS	579	1	1	0	0
IS	580	3	3	0	0
IS	581	2	2	0	0
IS	582	5	5	0	0
IS	583	3	3	0	0
IS	584	5	5	0	0
IS	585	0	0	0	0
IS	586	5	5	0	0
IS	587	3	3	0	0
IS	588	3	3	0	0
IS	589	2	2	0	0
IS	590	4	4	0	0
IS	591	4	4	0	0
IS	592	4	4	0	0
IS	593	5	5	0	0
IS	594	3	3	0	0
IS	595	2	2	0	0
IS	596	5	5	0	0
IS	597	1	1	0	0
IS	598	3	3	0	0
IS	599	0	0	0	0
IS	600	1	1	0	0
IS	601	1	1	0	0
IS	602	2	2	0	0
IS	603	4	4	0	0
IS	604	2	2	0	0
IS	605	2	2	0	0
IS	606	1	1	0	0
IS	607	3	3	0	0
IS	608	2	2	0	0
IS	609	1	1	0	0
IS	610	1	1	0	0
IS	611	1	1	0	0
IS	612	0	0	0	0
IS	613	1	1	0	0
IS	614	1	1	0	0
IS	615	0	0	0	0
IS	616	0	0	0	0
IS	617	4	4	0	0
IS	618	1	1	0	0
IS	619	0	0	0	0
IS	620	4	4	0	0
# Read lengths. Use `grep ^RL | cut -f 2-` to extract this part. The columns are: read length, count
RL	149	1
RL	150	4005
# Read lengths - first fragments. Use `grep ^FRL | cut -f 2-` to extract this part. The columns are: read length, count
FRL	150	2003
# Read lengths - last fragments. Use `grep ^LRL | cut -f 2-` to extract this part. The columns are: read length, count
LRL	149	1
LRL	150	2002
# Mapping qualities for reads !(UNMAP|SECOND|SUPPL|QCFAIL|DUP). Use `grep ^MAPQ | cut -f 2-` to extract this part. The columns are: mapq, count
MAPQ	0	20
MAPQ	15	2
MAPQ	27	6
MAPQ	40	20
MAPQ	41	1
MAPQ	43	1
MAPQ	46	1
MAPQ	47	1
MAPQ	48	43
MAPQ	50	2
MAPQ	51	1
MAPQ	52	2
MAPQ	57	15
MAPQ	59	3
MAPQ	60	3888
# Indel distribution. Use `grep ^ID | cut -f 2-` to extract this part. The columns are: length, number of insertions, number of deletions
# Indels per cycle. Use `grep ^IC | cut -f 2-` to extract this part. The columns are: cycle, number of insertions (fwd), .. (rev) , number of deletions (fwd), .. (rev)
# Coverage distribution. Use `grep ^COV | cut -f 2-` to extract this part.
COV	[1-1]	1	4715
COV	[2-2]	2	10101
COV	[3-3]	3	16179
COV	[4-4]	4	19452
COV	[5-5]	5	18515
COV	[6-6]	6	16353
COV	[7-7]	7	12449
COV	[8-8]	8	8462
COV	[9-9]	9	5014
COV	[10-10]	10	2942
COV	[11-11]	11	1442
COV	[12-12]	12	642
COV	[13-13]	13	291
COV	[14-14]	14	116
COV	[15-15]	15	38
COV	[16-16]	16	1
# GC-depth. Use `grep ^GCD | cut -f 2-` to extract this part. The columns are: GC%, unique sequence percentiles, 10th, 25th, 50th, 75th and 90th depth percentile
GCD	0.0	15.385	0.000	0.000	0.000	0.000	0.000
GCD	37.0	30.769	2.490	2.490	2.497	2.505	2.505
GCD	38.0	61.538	2.505	2.505	2.505	2.505	2.505
GCD	39.0	76.923	2.505	2.505	2.505	2.505	2.505
GCD	40.0	84.615	2.505	2.505	2.505	2.505	2.505
GCD	41.0	92.308	2.505	2.505	2.505	2.505	2.505
GCD	46.0	100.000	2.505	2.505	2.505	2.505	2.505
