# This file was produced by samtools stats (1.20+htslib-1.21) and can be plotted using plot-bamstats
# This file contains statistics for all reads.
# The command line was:  stats sample3804.sorted.group.rmdup.bam
# CHK, Checksum	[2]Read Names	[3]Sequences	[4]Qualities
# CHK, CRC32 of reads which passed filtering followed by addition (32bit overflow)
CHK	e180c84e	16860fbe	93be98f0
# Summary Numbers. Use `grep ^SN | cut -f 2-` to extract this part.
SN	raw total sequences:	4008	# excluding supplementary and secondary reads
SN	filtered sequences:	0
SN	sequences:	4008
SN	is sorted:	1
SN	1st fragments:	2004
SN	last fragments:	2004
SN	reads mapped:	4008
SN	reads mapped and paired:	4008	# paired-end technology bit set + both mates mapped
SN	reads unmapped:	0
SN	reads properly paired:	4008	# proper-pair bit set
SN	reads paired:	4008	# paired-end technology bit set
SN	reads duplicated:	0	# PCR or optical duplicate bit set
SN	reads MQ0:	18	# mapped and MQ=0
SN	reads QC failed:	0
SN	non-primary alignments:	0
SN	supplementary alignments:	0
SN	total length:	601200	# ignores clipping
SN	total first fragment length:	300600	# ignores clipping
SN	total last fragment length:	300600	# ignores clipping
SN	bases mapped:	601200	# ignores clipping
SN	bases mapped (cigar):	601200	# more accurate
SN	bases trimmed:	0
SN	bases duplicated:	0
SN	mismatches:	1048	# from NM fields
SN	error rate:	1.743180e-03	# mismatches / bases mapped (cigar)
SN	average length:	150
SN	average first fragment length:	150
SN	average last fragment length:	150
SN	maximum length:	150
SN	maximum first fragment length:	150
SN	maximum last fragment length:	150
SN	average quality:	30.0
SN	insert size average:	501.8
SN	insert size standard deviation:	47.9
SN	inward oriented pairs:	2004
SN	outward oriented pairs:	0
SN	pairs with other orientation:	0
SN	pairs on different chromosomes:	0
SN	percentage of properly paired reads (%):	100.0
# First Fragment Qualities. Use `grep ^FFQ | cut -f 2-` to extract this part.
# Columns correspond to qualities and rows to cycles. First column is the cycle number.
FFQ	1	0	0	0	0	0	0	0	0	0	0	0	0	0	0	0	0	0	0	0	0	0	0	0	0	0	0	0	0	0	0	2004	0
FFQ	2	0	0	0	0	0	0	0	0	0	0	0	0	0	0	0	0	0	0	0	0	0	0	0	0	0	0	0	0	0	0	2004	0
FFQ	3	0	0	0	0	0	0	0	0	0	0	0	0	0	0	0	0	0	0	0	0	0	0	0	0	0	0	0	0	0	0	2004	0
FFQ	4	0	0	0	0	0	0	0	0	0	0	0	0	0	0	0	0	0	0	0	0	0	0	0	0	0	0	0	0	0	0	2004	0
FFQ	5	0	0	0	0	0	0	0	0	0	0	0	0	0	0	0	0	0	0	0	0	0	0	0	0	0	0	0	0	0	0	2004	0
FFQ	6	0	0	0	0	0	0	0	0	0	0	0	0	0	0	0	0	0	0	0	0	0	0	0	0	0	0	0	0	0	0	2004	0
FFQ	7	0	0	0	0	0	0	0	0	0	0	0	0	0	0	0	0	0	0	0	0	0	0	0	0	0	0	0	0	0	0	2004	0
FFQ	8	0	0	0	0	0	0	0	0	0	0	0	0	0	0	0	0	0	0	0	0	0	0	0	0	0	0	0	0	0	0	2004	0
FFQ	9	0	0	0	0	0	0	0	0	0	0	0	0	0	0	0	0	0	0	0	0	0	0	0	0	0	0	0	0	0	0	2004	0
FFQ	10	0	0	0	0	0	0	0	0	0	0	0	0	0	0	0	0	0	0	0	0	0	0	0	0	0	0	0	0	0	0	2004	0
FFQ	11	0	0	0	0	0	0	0	0	0	0	0	0	0	0	0	0	0	0	0	0	0	0	0	0	0	0	0	0	0	0	2004	0
FFQ	12	0	0	0	0	0	0	0	0	0	0	0	0	0	0	0	0	0	0	0	0	0	0	0	0	0	0	0	0	0	0	2004	0
FFQ	13	0	0	0	0	0	0	0	0	0	0	0	0	0	0	0	0	0	0	0	0	0	0	0	0	0	0	0	0	0	0	2004	0
FFQ	14	0	0	0	0	0	0	0	0	0	0	0	0	0	0	0	0	0	0	0	0	0	0	0	0	0	0	0	0	0	0	2004	0
FFQ	15	0	0	0	0	0	0	0	0	0	0	0	0	0	0	0	0	0	0	0	0	0	0	0	0	0	0	0	0	0	0	2004	0
FFQ	16	0	0	0	0	0	0	0	0	0	0	0	0	0	0	0	0	0	0	0	0	0	0	0	0	0	0	0	0	0	0	2004	0
FFQ	17	0	0	0	0	0	0	0	0	0	0	0	0	0	0	0	0	0	0	0	0	0	0	0	0	0	0	0	0	0	0	2004	0
FFQ	18	0	0	0	0	0	0	0	0	0	0	0	0	0	0	0	0	0	0	0	0	0	0	0	0	0	0	0	0	0	0	2004	0
FFQ	19	0	0	0	0	0	0	0	0	0	0	0	0	0	0	0	0	0	0	0	0	0	0	0	0	0	0	0	0	0	0	2004	0
FFQ	20	0	0	0	0	0	0	0	0	0	0	0	0	0	0	0	0	0	0	0	0	0	0	0	0	0	0	0	0	0	0	2004	0
FFQ	21	0	0	0	0	0	0	0	0	0	0	0	0	0	0	0	0	0	0	0	0	0	0	0	0	0	0	0	0	0	0	2004	0
FFQ	22	0	0	0	0	0	0	0	0	0	0	0	0	0	0	0	0	0	0	0	0	0	0	0	0	0	0	0	0	0	0	2004	0
FFQ	23	0	0	0	0	0	0	0	0	0	0	0	0	0	0	0	0	0	0	0	0	0	0	0	0	0	0	0	0	0	0	2004	0
FFQ	24	0	0	0	0	0	0	0	0	0	0	0	0	0	0	0	0	0	0	0	0	0	0	0	0	0	0	0	0	0	0	2004	0
FFQ	25	0	0	0	0	0	0	0	0	0	0	0	0	0	0	0	0	0	0	0	0	0	0	0	0	0	0	0	0	0	0	2004	0
FFQ	26	0	0	0	0	0	0	0	0	0	0	0	0	0	0	0	0	0	0	0	0	0	0	0	0	0	0	0	0	0	0	2004	0
FFQ	27	0	0	0	0	0	0	0	0	0	0	0	0	0	0	0	0	0	0	0	0	0	0	0	0	0	0	0	0	0	0	2004	0
FFQ	28	0	0	0	0	0	0	0	0	0	0	0	0	0	0	0	0	0	0	0	0	0	0	0	0	0	0	0	0	0	0	2004	0
FFQ	29	0	0	0	0	0	0	0	0	0	0	0	0	0	0	0	0	0	0	0	0	0	0	0	0	0	0	0	0	0	0	2004	0
FFQ	30	0	0	0	0	0	0	0	0	0	0	0	0	0	0	0	0	0	0	0	0	0	0	0	0	0	0	0	0	0	0	2004	0
FFQ	31	0	0	0	0	0	0	0	0	0	0	0	0	0	0	0	0	0	0	0	0	0	0	0	0	0	0	0	0	0	0	2004	0
FFQ	32	0	0	0	0	0	0	0	0	0	0	0	0	0	0	0	0	0	0	0	0	0	0	0	0	0	0	0	0	0	0	2004	0
FFQ	33	0	0	0	0	0	0	0	0	0	0	0	0	0	0	0	0	0	0	0	0	0	0	0	0	0	0	0	0	0	0	2004	0
FFQ	34	0	0	0	0	0	0	0	0	0	0	0	0	0	0	0	0	0	0	0	0	0	0	0	0	0	0	0	0	0	0	2004	0
FFQ	35	0	0	0	0	0	0	0	0	0	0	0	0	0	0	0	0	0	0	0	0	0	0	0	0	0	0	0	0	0	0	2004	0
FFQ	36	0	0	0	0	0	0	0	0	0	0	0	0	0	0	0	0	0	0	0	0	0	0	0	0	0	0	0	0	0	0	2004	0
FFQ	37	0	0	0	0	0	0	0	0	0	0	0	0	0	0	0	0	0	0	0	0	0	0	0	0	0	0	0	0	0	0	2004	0
FFQ	38	0	0	0	0	0	0	0	0	0	0	0	0	0	0	0	0	0	0	0	0	0	0	0	0	0	0	0	0	0	0	2004	0
FFQ	39	0	0	0	0	0	0	0	0	0	0	0	0	0	0	0	0	0	0	0	0	0	0	0	0	0	0	0	0	0	0	2004	0
FFQ	40	0	0	0	0	0	0	0	0	0	0	0	0	0	0	0	0	0	0	0	0	0	0	0	0	0	0	0	0	0	0	2004	0
FFQ	41	0	0	0	0	0	0	0	0	0	0	0	0	0	0	0	0	0	0	0	0	0	0	0	0	0	0	0	0	0	0	2004	0
FFQ	42	0	0	0	0	0	0	0	0	0	0	0	0	0	0	0	0	0	0	0	0	0	0	0	0	0	0	0	0	0	0	2004	0
FFQ	43	0	0	0	0	0	0	0	0	0	0	0	0	0	0	0	0	0	0	0	0	0	0	0	0	0	0	0	0	0	0	2004	0
FFQ	44	0	0	0	0	0	0	0	0	0	0	0	0	0	0	0	0	0	0	0	0	0	0	0	0	0	0	0	0	0	0	2004	0
FFQ	45	0	0	0	0	0	0	0	0	0	0	0	0	0	0	0	0	0	0	0	0	0	0	0	0	0	0	0	0	0	0	2004	0
FFQ	46	0	0	0	0	0	0	0	0	0	0	0	0	0	0	0	0	0	0	0	0	0	0	0	0	0	0	0	0	0	0	2004	0
FFQ	47	0	0	0	0	0	0	0	0	0	0	0	0	0	0	0	0	0	0	0	0	0	0	0	0	0	0	0	0	0	0	2004	0
FFQ	48	0	0	0	0	0	0	0	0	0	0	0	0	0	0	0	0	0	0	0	0	0	0	0	0	0	0	0	0	0	0	2004	0
FFQ	49	0	0	0	0	0	0	0	0	0	0	0	0	0	0	0	0	0	0	0	0	0	0	0	0	0	0	0	0	0	0	2004	0
FFQ	50	0	0	0	0	0	0	0	0	0	0	0	0	0	0	0	0	0	0	0	0	0	0	0	0	0	0	0	0	0	0	2004	0
FFQ	51	0	0	0	0	0	0	0	0	0	0	0	0	0	0	0	0	0	0	0	0	0	0	0	0	0	0	0	0	0	0	2004	0
FFQ	52	0	0	0	0	0	0	0	0	0	0	0	0	0	0	0	0	0	0	0	0	0	0	0	0	0	0	0	0	0	0	2004	0
FFQ	53	0	0	0	0	0	0	0	0	0	0	0	0	0	0	0	0	0	0	0	0	0	0	0	0	0	0	0	0	0	0	2004	0
FFQ	54	0	0	0	0	0	0	0	0	0	0	0	0	0	0	0	0	0	0	0	0	0	0	0	0	0	0	0	0	0	0	2004	0
FFQ	55	0	0	0	0	0	0	0	0	0	0	0	0	0	0	0	0	0	0	0	0	0	0	0	0	0	0	0	0	0	0	2004	0
FFQ	56	0	0	0	0	0	0	0	0	0	0	0	0	0	0	0	0	0	0	0	0	0	0	0	0	0	0	0	0	0	0	2004	0
FFQ	57	0	0	0	0	0	0	0	0	0	0	0	0	0	0	0	0	0	0	0	0	0	0	0	0	0	0	0	0	0	0	2004	0
FFQ	58	0	0	0	0	0	0	0	0	0	0	0	0	0	0	0	0	0	0	0	0	0	0	0	0	0	0	0	0	0	0	2004	0
FFQ	59	0	0	0	0	0	0	0	0	0	0	0	0	0	0	0	0	0	0	0	0	0	0	0	0	0	0	0	0	0	0	2004	0
FFQ	60	0	0	0	0	0	0	0	0	0	0	0	0	0	0	0	0	0	0	0	0	0	0	0	0	0	0	0	0	0	0	2004	0
FFQ	61	0	0	0	0	0	0	0	0	0	0	0	0	0	0	0	0	0	0	0	0	0	0	0	0	0	0	0	0	0	0	2004	0
FFQ	62	0	0	0	0	0	0	0	0	0	0	0	0	0	0	0	0	0	0	0	0	0	0	0	0	0	0	0	0	0	0	2004	0
FFQ	63	0	0	0	0	0	0	0	0	0	0	0	0	0	0	0	0	0	0	0	0	0	0	0	0	0	0	0	0	0	0	2004	0
FFQ	64	0	0	0	0	0	0	0	0	0	0	0	0	0	0	0	0	0	0	0	0	0	0	0	0	0	0	0	0	0	0	2004	0
FFQ	65	0	0	0	0	0	0	0	0	0	0	0	0	0	0	0	0	0	0	0	0	0	0	0	0	0	0	0	0	0	0	2004	0
FFQ	66	0	0	0	0	0	0	0	0	0	0	0	0	0	0	0	0	0	0	0	0	0	0	0	0	0	0	0	0	0	0	2004	0
FFQ	67	0	0	0	0	0	0	0	0	0	0	0	0	0	0	0	0	0	0	0	0	0	0	0	0	0	0	0	0	0	0	2004	0
FFQ	68	0	0	0	0	0	0	0	0	0	0	0	0	0	0	0	0	0	0	0	0	0	0	0	0	0	0	0	0	0	0	2004	0
FFQ	69	0	0	0	0	0	0	0	0	0	0	0	0	0	0	0	0	0	0	0	0	0	0	0	0	0	0	0	0	0	0	2004	0
FFQ	70	0	0	0	0	0	0	0	0	0	0	0	0	0	0	0	0	0	0	0	0	0	0	0	0	0	0	0	0	0	0	2004	0
FFQ	71	0	0	0	0	0	0	0	0	0	0	0	0	0	0	0	0	0	0	0	0	0	0	0	0	0	0	0	0	0	0	2004	0
FFQ	72	0	0	0	0	0	0	0	0	0	0	0	0	0	0	0	0	0	0	0	0	0	0	0	0	0	0	0	0	0	0	2004	0
FFQ	73	0	0	0	0	0	0	0	0	0	0	0	0	0	0	0	0	0	0	0	0	0	0	0	0	0	0	0	0	0	0	2004	0
FFQ	74	0	0	0	0	0	0	0	0	0	0	0	0	0	0	0	0	0	0	0	0	0	0	0	0	0	0	0	0	0	0	2004	0
FFQ	75	0	0	0	0	0	0	0	0	0	0	0	0	0	0	0	0	0	0	0	0	0	0	0	0	0	0	0	0	0	0	2004	0
FFQ	76	0	0	0	0	0	0	0	0	0	0	0	0	0	0	0	0	0	0	0	0	0	0	0	0	0	0	0	0	0	0	2004	0
FFQ	77	0	0	0	0	0	0	0	0	0	0	0	0	0	0	0	0	0	0	0	0	0	0	0	0	0	0	0	0	0	0	2004	0
FFQ	78	0	0	0	0	0	0	0	0	0	0	0	0	0	0	0	0	0	0	0	0	0	0	0	0	0	0	0	0	0	0	2004	0
FFQ	79	0	0	0	0	0	0	0	0	0	0	0	0	0	0	0	0	0	0	0	0	0	0	0	0	0	0	0	0	0	0	2004	0
FFQ	80	0	0	0	0	0	0	0	0	0	0	0	0	0	0	0	0	0	0	0	0	0	0	0	0	0	0	0	0	0	0	2004	0
FFQ	81	0	0	0	0	0	0	0	0	0	0	0	0	0	0	0	0	0	0	0	0	0	0	0	0	0	0	0	0	0	0	2004	0
FFQ	82	0	0	0	0	0	0	0	0	0	0	0	0	0	0	0	0	0	0	0	0	0	0	0	0	0	0	0	0	0	0	2004	0
FFQ	83	0	0	0	0	0	0	0	0	0	0	0	0	0	0	0	0	0	0	0	0	0	0	0	0	0	0	0	0	0	0	2004	0
FFQ	84	0	0	0	0	0	0	0	0	0	0	0	0	0	0	0	0	0	0	0	0	0	0	0	0	0	0	0	0	0	0	2004	0
FFQ	85	0	0	0	0	0	0	0	0	0	0	0	0	0	0	0	0	0	0	0	0	0	0	0	0	0	0	0	0	0	0	2004	0
FFQ	86	0	0	0	0	0	0	0	0	0	0	0	0	0	0	0	0	0	0	0	0	0	0	0	0	0	0	0	0	0	0	2004	0
FFQ	87	0	0	0	0	0	0	0	0	0	0	0	0	0	0	0	0	0	0	0	0	0	0	0	0	0	0	0	0	0	0	2004	0
FFQ	88	0	0	0	0	0	0	0	0	0	0	0	0	0	0	0	0	0	0	0	0	0	0	0	0	0	0	0	0	0	0	2004	0
FFQ	89	0	0	0	0	0	0	0	0	0	0	0	0	0	0	0	0	0	0	0	0	0	0	0	0	0	0	0	0	0	0	2004	0
FFQ	90	0	0	0	0	0	0	0	0	0	0	0	0	0	0	0	0	0	0	0	0	0	0	0	0	0	0	0	0	0	0	2004	0
FFQ	91	0	0	0	0	0	0	0	0	0	0	0	0	0	0	0	0	0	0	0	0	0	0	0	0	0	0	0	0	0	0	2004	0
FFQ	92	0	0	0	0	0	0	0	0	0	0	0	0	0	0	0	0	0	0	0	0	0	0	0	0	0	0	0	0	0	0	2004	0
FFQ	93	0	0	0	0	0	0	0	0	0	0	0	0	0	0	0	0	0	0	0	0	0	0	0	0	0	0	0	0	0	0	2004	0
FFQ	94	0	0	0	0	0	0	0	0	0	0	0	0	0	0	0	0	0	0	0	0	0	0	0	0	0	0	0	0	0	0	2004	0
FFQ	95	0	0	0	0	0	0	0	0	0	0	0	0	0	0	0	0	0	0	0	0	0	0	0	0	0	0	0	0	0	0	2004	0
FFQ	96	0	0	0	0	0	0	0	0	0	0	0	0	0	0	0	0	0	0	0	0	0	0	0	0	0	0	0	0	0	0	2004	0
FFQ	97	0	0	0	0	0	0	0	0	0	0	0	0	0	0	0	0	0	0	0	0	0	0	0	0	0	0	0	0	0	0	2004	0
FFQ	98	0	0	0	0	0	0	0	0	0	0	0	0	0	0	0	0	0	0	0	0	0	0	0	0	0	0	0	0	0	0	2004	0
FFQ	99	0	0	0	0	0	0	0	0	0	0	0	0	0	0	0	0	0	0	0	0	0	0	0	0	0	0	0	0	0	0	2004	0
FFQ	100	0	0	0	0	0	0	0	0	0	0	0	0	0	0	0	0	0	0	0	0	0	0	0	0	0	0	0	0	0	0	2004	0
FFQ	101	0	0	0	0	0	0	0	0	0	0	0	0	0	0	0	0	0	0	0	0	0	0	0	0	0	0	0	0	0	0	2004	0
FFQ	102	0	0	0	0	0	0	0	0	0	0	0	0	0	0	0	0	0	0	0	0	0	0	0	0	0	0	0	0	0	0	2004	0
FFQ	103	0	0	0	0	0	0	0	0	0	0	0	0	0	0	0	0	0	0	0	0	0	0	0	0	0	0	0	0	0	0	2004	0
FFQ	104	0	0	0	0	0	0	0	0	0	0	0	0	0	0	0	0	0	0	0	0	0	0	0	0	0	0	0	0	0	0	2004	0
FFQ	105	0	0	0	0	0	0	0	0	0	0	0	0	0	0	0	0	0	0	0	0	0	0	0	0	0	0	0	0	0	0	2004	0
FFQ	106	0	0	0	0	0	0	0	0	0	0	0	0	0	0	0	0	0	0	0	0	0	0	0	0	0	0	0	0	0	0	2004	0
FFQ	107	0	0	0	0	0	0	0	0	0	0	0	0	0	0	0	0	0	0	0	0	0	0	0	0	0	0	0	0	0	0	2004	0
FFQ	108	0	0	0	0	0	0	0	0	0	0	0	0	0	0	0	0	0	0	0	0	0	0	0	0	0	0	0	0	0	0	2004	0
FFQ	109	0	0	0	0	0	0	0	0	0	0	0	0	0	0	0	0	0	0	0	0	0	0	0	0	0	0	0	0	0	0	2004	0
FFQ	110	0	0	0	0	0	0	0	0	0	0	0	0	0	0	0	0	0	0	0	0	0	0	0	0	0	0	0	0	0	0	2004	0
FFQ	111	0	0	0	0	0	0	0	0	0	0	0	0	0	0	0	0	0	0	0	0	0	0	0	0	0	0	0	0	0	0	2004	0
FFQ	112	0	0	0	0	0	0	0	0	0	0	0	0	0	0	0	0	0	0	0	0	0	0	0	0	0	0	0	0	0	0	2004	0
FFQ	113	0	0	0	0	0	0	0	0	0	0	0	0	0	0	0	0	0	0	0	0	0	0	0	0	0	0	0	0	0	0	2004	0
FFQ	114	0	0	0	0	0	0	0	0	0	0	0	0	0	0	0	0	0	0	0	0	0	0	0	0	0	0	0	0	0	0	2004	0
FFQ	115	0	0	0	0	0	0	0	0	0	0	0	0	0	0	0	0	0	0	0	0	0	0	0	0	0	0	0	0	0	0	2004	0
FFQ	116	0	0	0	0	0	0	0	0	0	0	0	0	0	0	0	0	0	0	0	0	0	0	0	0	0	0	0	0	0	0	2004	0
FFQ	117	0	0	0	0	0	0	0	0	0	0	0	0	0	0	0	0	0	0	0	0	0	0	0	0	0	0	0	0	0	0	2004	0
FFQ	118	0	0	0	0	0	0	0	0	0	0	0	0	0	0	0	0	0	0	0	0	0	0	0	0	0	0	0	0	0	0	2004	0
FFQ	119	0	0	0	0	0	0	0	0	0	0	0	0	0	0	0	0	0	0	0	0	0	0	0	0	0	0	0	0	0	0	2004	0
FFQ	120	0	0	0	0	0	0	0	0	0	0	0	0	0	0	0	0	0	0	0	0	0	0	0	0	0	0	0	0	0	0	2004	0
FFQ	121	0	0	0	0	0	0	0	0	0	0	0	0	0	0	0	0	0	0	0	0	0	0	0	0	0	0	0	0	0	0	2004	0
FFQ	122	0	0	0	0	0	0	0	0	0	0	0	0	0	0	0	0	0	0	0	0	0	0	0	0	0	0	0	0	0	0	2004	0
FFQ	123	0	0	0	0	0	0	0	0	0	0	0	0	0	0	0	0	0	0	0	0	0	0	0	0	0	0	0	0	0	0	2004	0
FFQ	124	0	0	0	0	0	0	0	0	0	0	0	0	0	0	0	0	0	0	0	0	0	0	0	0	0	0	0	0	0	0	2004	0
FFQ	125	0	0	0	0	0	0	0	0	0	0	0	0	0	0	0	0	0	0	0	0	0	0	0	0	0	0	0	0	0	0	2004	0
FFQ	126	0	0	0	0	0	0	0	0	0	0	0	0	0	0	0	0	0	0	0	0	0	0	0	0	0	0	0	0	0	0	2004	0
FFQ	127	0	0	0	0	0	0	0	0	0	0	0	0	0	0	0	0	0	0	0	0	0	0	0	0	0	0	0	0	0	0	2004	0
FFQ	128	0	0	0	0	0	0	0	0	0	0	0	0	0	0	0	0	0	0	0	0	0	0	0	0	0	0	0	0	0	0	2004	0
FFQ	129	0	0	0	0	0	0	0	0	0	0	0	0	0	0	0	0	0	0	0	0	0	0	0	0	0	0	0	0	0	0	2004	0
FFQ	130	0	0	0	0	0	0	0	0	0	0	0	0	0	0	0	0	0	0	0	0	0	0	0	0	0	0	0	0	0	0	2004	0
FFQ	131	0	0	0	0	0	0	0	0	0	0	0	0	0	0	0	0	0	0	0	0	0	0	0	0	0	0	0	0	0	0	2004	0
FFQ	132	0	0	0	0	0	0	0	0	0	0	0	0	0	0	0	0	0	0	0	0	0	0	0	0	0	0	0	0	0	0	2004	0
FFQ	133	0	0	0	0	0	0	0	0	0	0	0	0	0	0	0	0	0	0	0	0	0	0	0	0	0	0	0	0	0	0	2004	0
FFQ	134	0	0	0	0	0	0	0	0	0	0	0	0	0	0	0	0	0	0	0	0	0	0	0	0	0	0	0	0	0	0	2004	0
FFQ	135	0	0	0	0	0	0	0	0	0	0	0	0	0	0	0	0	0	0	0	0	0	0	0	0	0	0	0	0	0	0	2004	0
FFQ	136	0	0	0	0	0	0	0	0	0	0	0	0	0	0	0	0	0	0	0	0	0	0	0	0	0	0	0	0	0	0	2004	0
FFQ	137	0	0	0	0	0	0	0	0	0	0	0	0	0	0	0	0	0	0	0	0	0	0	0	0	0	0	0	0	0	0	2004	0
FFQ	138	0	0	0	0	0	0	0	0	0	0	0	0	0	0	0	0	0	0	0	0	0	0	0	0	0	0	0	0	0	0	2004	0
FFQ	139	0	0	0	0	0	0	0	0	0	0	0	0	0	0	0	0	0	0	0	0	0	0	0	0	0	0	0	0	0	0	2004	0
FFQ	140	0	0	0	0	0	0	0	0	0	0	0	0	0	0	0	0	0	0	0	0	0	0	0	0	0	0	0	0	0	0	2004	0
FFQ	141	0	0	0	0	0	0	0	0	0	0	0	0	0	0	0	0	0	0	0	0	0	0	0	0	0	0	0	0	0	0	2004	0
FFQ	142	0	0	0	0	0	0	0	0	0	0	0	0	0	0	0	0	0	0	0	0	0	0	0	0	0	0	0	0	0	0	2004	0
FFQ	143	0	0	0	0	0	0	0	0	0	0	0	0	0	0	0	0	0	0	0	0	0	0	0	0	0	0	0	0	0	0	2004	0
FFQ	144	0	0	0	0	0	0	0	0	0	0	0	0	0	0	0	0	0	0	0	0	0	0	0	0	0	0	0	0	0	0	2004	0
FFQ	145	0	0	0	0	0	0	0	0	0	0	0	0	0	0	0	0	0	0	0	0	0	0	0	0	0	0	0	0	0	0	2004	0
FFQ	146	0	0	0	0	0	0	0	0	0	0	0	0	0	0	0	0	0	0	0	0	0	0	0	0	0	0	0	0	0	0	2004	0
FFQ	147	0	0	0	0	0	0	0	0	0	0	0	0	0	0	0	0	0	0	0	0	0	0	0	0	0	0	0	0	0	0	2004	0
FFQ	148	0	0	0	0	0	0	0	0	0	0	0	0	0	0	0	0	0	0	0	0	0	0	0	0	0	0	0	0	0	0	2004	0
FFQ	149	0	0	0	0	0	0	0	0	0	0	0	0	0	0	0	0	0	0	0	0	0	0	0	0	0	0	0	0	0	0	2004	0
FFQ	150	0	0	0	0	0	0	0	0	0	0	0	0	0	0	0	0	0	0	0	0	0	0	0	0	0	0	0	0	0	0	2004	0
# Last Fragment Qualities. Use `grep ^LFQ | cut -f 2-` to extract this part.
# Columns correspond to qualities and rows to cycles. First column is the cycle number.
LFQ	1	0	0	0	0	0	0	0	0	0	0	0	0	0	0	0	0	0	0	0	0	0	0	0	0	0	0	0	0	0	0	2004	0
LFQ	2	0	0	0	0	0	0	0	0	0	0	0	0	0	0	0	0	0	0	0	0	0	0	0	0	0	0	0	0	0	0	2004	0
LFQ	3	0	0	0	0	0	0	0	0	0	0	0	0	0	0	0	0	0	0	0	0	0	0	0	0	0	0	0	0	0	0	2004	0
LFQ	4	0	0	0	0	0	0	0	0	0	0	0	0	0	0	0	0	0	0	0	0	0	0	0	0	0	0	0	0	0	0	2004	0
LFQ	5	0	0	0	0	0	0	0	0	0	0	0	0	0	0	0	0	0	0	0	0	0	0	0	0	0	0	0	0	0	0	2004	0
LFQ	6	0	0	0	0	0	0	0	0	0	0	0	0	0	0	0	0	0	0	0	0	0	0	0	0	0	0	0	0	0	0	2004	0
LFQ	7	0	0	0	0	0	0	0	0	0	0	0	0	0	0	0	0	0	0	0	0	0	0	0	0	0	0	0	0	0	0	2004	0
LFQ	8	0	0	0	0	0	0	0	0	0	0	0	0	0	0	0	0	0	0	0	0	0	0	0	0	0	0	0	0	0	0	2004	0
LFQ	9	0	0	0	0	0	0	0	0	0	0	0	0	0	0	0	0	0	0	0	0	0	0	0	0	0	0	0	0	0	0	2004	0
LFQ	10	0	0	0	0	0	0	0	0	0	0	0	0	0	0	0	0	0	0	0	0	0	0	0	0	0	0	0	0	0	0	2004	0
LFQ	11	0	0	0	0	0	0	0	0	0	0	0	0	0	0	0	0	0	0	0	0	0	0	0	0	0	0	0	0	0	0	2004	0
LFQ	12	0	0	0	0	0	0	0	0	0	0	0	0	0	0	0	0	0	0	0	0	0	0	0	0	0	0	0	0	0	0	2004	0
LFQ	13	0	0	0	0	0	0	0	0	0	0	0	0	0	0	0	0	0	0	0	0	0	0	0	0	0	0	0	0	0	0	2004	0
LFQ	14	0	0	0	0	0	0	0	0	0	0	0	0	0	0	0	0	0	0	0	0	0	0	0	0	0	0	0	0	0	0	2004	0
LFQ	15	0	0	0	0	0	0	0	0	0	0	0	0	0	0	0	0	0	0	0	0	0	0	0	0	0	0	0	0	0	0	2004	0
LFQ	16	0	0	0	0	0	0	0	0	0	0	0	0	0	0	0	0	0	0	0	0	0	0	0	0	0	0	0	0	0	0	2004	0
LFQ	17	0	0	0	0	0	0	0	0	0	0	0	0	0	0	0	0	0	0	0	0	0	0	0	0	0	0	0	0	0	0	2004	0
LFQ	18	0	0	0	0	0	0	0	0	0	0	0	0	0	0	0	0	0	0	0	0	0	0	0	0	0	0	0	0	0	0	2004	0
LFQ	19	0	0	0	0	0	0	0	0	0	0	0	0	0	0	0	0	0	0	0	0	0	0	0	0	0	0	0	0	0	0	2004	0
LFQ	20	0	0	0	0	0	0	0	0	0	0	0	0	0	0	0	0	0	0	0	0	0	0	0	0	0	0	0	0	0	0	2004	0
LFQ	21	0	0	0	0	0	0	0	0	0	0	0	0	0	0	0	0	0	0	0	0	0	0	0	0	0	0	0	0	0	0	2004	0
LFQ	22	0	0	0	0	0	0	0	0	0	0	0	0	0	0	0	0	0	0	0	0	0	0	0	0	0	0	0	0	0	0	2004	0
LFQ	23	0	0	0	0	0	0	0	0	0	0	0	0	0	0	0	0	0	0	0	0	0	0	0	0	0	0	0	0	0	0	2004	0
LFQ	24	0	0	0	0	0	0	0	0	0	0	0	0	0	0	0	0	0	0	0	0	0	0	0	0	0	0	0	0	0	0	2004	0
LFQ	25	0	0	0	0	0	0	0	0	0	0	0	0	0	0	0	0	0	0	0	0	0	0	0	0	0	0	0	0	0	0	2004	0
LFQ	26	0	0	0	0	0	0	0	0	0	0	0	0	0	0	0	0	0	0	0	0	0	0	0	0	0	0	0	0	0	0	2004	0
LFQ	27	0	0	0	0	0	0	0	0	0	0	0	0	0	0	0	0	0	0	0	0	0	0	0	0	0	0	0	0	0	0	2004	0
LFQ	28	0	0	0	0	0	0	0	0	0	0	0	0	0	0	0	0	0	0	0	0	0	0	0	0	0	0	0	0	0	0	2004	0
LFQ	29	0	0	0	0	0	0	0	0	0	0	0	0	0	0	0	0	0	0	0	0	0	0	0	0	0	0	0	0	0	0	2004	0
LFQ	30	0	0	0	0	0	0	0	0	0	0	0	0	0	0	0	0	0	0	0	0	0	0	0	0	0	0	0	0	0	0	2004	0
LFQ	31	0	0	0	0	0	0	0	0	0	0	0	0	0	0	0	0	0	0	0	0	0	0	0	0	0	0	0	0	0	0	2004	0
LFQ	32	0	0	0	0	0	0	0	0	0	0	0	0	0	0	0	0	0	0	0	0	0	0	0	0	0	0	0	0	0	0	2004	0
LFQ	33	0	0	0	0	0	0	0	0	0	0	0	0	0	0	0	0	0	0	0	0	0	0	0	0	0	0	0	0	0	0	2004	0
LFQ	34	0	0	0	0	0	0	0	0	0	0	0	0	0	0	0	0	0	0	0	0	0	0	0	0	0	0	0	0	0	0	2004	0
LFQ	35	0	0	0	0	0	0	0	0	0	0	0	0	0	0	0	0	0	0	0	0	0	0	0	0	0	0	0	0	0	0	2004	0
LFQ	36	0	0	0	0	0	0	0	0	0	0	0	0	0	0	0	0	0	0	0	0	0	0	0	0	0	0	0	0	0	0	2004	0
LFQ	37	0	0	0	0	0	0	0	0	0	0	0	0	0	0	0	0	0	0	0	0	0	0	0	0	0	0	0	0	0	0	2004	0
LFQ	38	0	0	0	0	0	0	0	0	0	0	0	0	0	0	0	0	0	0	0	0	0	0	0	0	0	0	0	0	0	0	2004	0
LFQ	39	0	0	0	0	0	0	0	0	0	0	0	0	0	0	0	0	0	0	0	0	0	0	0	0	0	0	0	0	0	0	2004	0
LFQ	40	0	0	0	0	0	0	0	0	0	0	0	0	0	0	0	0	0	0	0	0	0	0	0	0	0	0	0	0	0	0	2004	0
LFQ	41	0	0	0	0	0	0	0	0	0	0	0	0	0	0	0	0	0	0	0	0	0	0	0	0	0	0	0	0	0	0	2004	0
LFQ	42	0	0	0	0	0	0	0	0	0	0	0	0	0	0	0	0	0	0	0	0	0	0	0	0	0	0	0	0	0	0	2004	0
LFQ	43	0	0	0	0	0	0	0	0	0	0	0	0	0	0	0	0	0	0	0	0	0	0	0	0	0	0	0	0	0	0	2004	0
LFQ	44	0	0	0	0	0	0	0	0	0	0	0	0	0	0	0	0	0	0	0	0	0	0	0	0	0	0	0	0	0	0	2004	0
LFQ	45	0	0	0	0	0	0	0	0	0	0	0	0	0	0	0	0	0	0	0	0	0	0	0	0	0	0	0	0	0	0	2004	0
LFQ	46	0	0	0	0	0	0	0	0	0	0	0	0	0	0	0	0	0	0	0	0	0	0	0	0	0	0	0	0	0	0	2004	0
LFQ	47	0	0	0	0	0	0	0	0	0	0	0	0	0	0	0	0	0	0	0	0	0	0	0	0	0	0	0	0	0	0	2004	0
LFQ	48	0	0	0	0	0	0	0	0	0	0	0	0	0	0	0	0	0	0	0	0	0	0	0	0	0	0	0	0	0	0	2004	0
LFQ	49	0	0	0	0	0	0	0	0	0	0	0	0	0	0	0	0	0	0	0	0	0	0	0	0	0	0	0	0	0	0	2004	0
LFQ	50	0	0	0	0	0	0	0	0	0	0	0	0	0	0	0	0	0	0	0	0	0	0	0	0	0	0	0	0	0	0	2004	0
LFQ	51	0	0	0	0	0	0	0	0	0	0	0	0	0	0	0	0	0	0	0	0	0	0	0	0	0	0	0	0	0	0	2004	0
LFQ	52	0	0	0	0	0	0	0	0	0	0	0	0	0	0	0	0	0	0	0	0	0	0	0	0	0	0	0	0	0	0	2004	0
LFQ	53	0	0	0	0	0	0	0	0	0	0	0	0	0	0	0	0	0	0	0	0	0	0	0	0	0	0	0	0	0	0	2004	0
LFQ	54	0	0	0	0	0	0	0	0	0	0	0	0	0	0	0	0	0	0	0	0	0	0	0	0	0	0	0	0	0	0	2004	0
LFQ	55	0	0	0	0	0	0	0	0	0	0	0	0	0	0	0	0	0	0	0	0	0	0	0	0	0	0	0	0	0	0	2004	0
LFQ	56	0	0	0	0	0	0	0	0	0	0	0	0	0	0	0	0	0	0	0	0	0	0	0	0	0	0	0	0	0	0	2004	0
LFQ	57	0	0	0	0	0	0	0	0	0	0	0	0	0	0	0	0	0	0	0	0	0	0	0	0	0	0	0	0	0	0	2004	0
LFQ	58	0	0	0	0	0	0	0	0	0	0	0	0	0	0	0	0	0	0	0	0	0	0	0	0	0	0	0	0	0	0	2004	0
LFQ	59	0	0	0	0	0	0	0	0	0	0	0	0	0	0	0	0	0	0	0	0	0	0	0	0	0	0	0	0	0	0	2004	0
LFQ	60	0	0	0	0	0	0	0	0	0	0	0	0	0	0	0	0	0	0	0	0	0	0	0	0	0	0	0	0	0	0	2004	0
LFQ	61	0	0	0	0	0	0	0	0	0	0	0	0	0	0	0	0	0	0	0	0	0	0	0	0	0	0	0	0	0	0	2004	0
LFQ	62	0	0	0	0	0	0	0	0	0	0	0	0	0	0	0	0	0	0	0	0	0	0	0	0	0	0	0	0	0	0	2004	0
LFQ	63	0	0	0	0	0	0	0	0	0	0	0	0	0	0	0	0	0	0	0	0	0	0	0	0	0	0	0	0	0	0	2004	0
LFQ	64	0	0	0	0	0	0	0	0	0	0	0	0	0	0	0	0	0	0	0	0	0	0	0	0	0	0	0	0	0	0	2004	0
LFQ	65	0	0	0	0	0	0	0	0	0	0	0	0	0	0	0	0	0	0	0	0	0	0	0	0	0	0	0	0	0	0	2004	0
LFQ	66	0	0	0	0	0	0	0	0	0	0	0	0	0	0	0	0	0	0	0	0	0	0	0	0	0	0	0	0	0	0	2004	0
LFQ	67	0	0	0	0	0	0	0	0	0	0	0	0	0	0	0	0	0	0	0	0	0	0	0	0	0	0	0	0	0	0	2004	0
LFQ	68	0	0	0	0	0	0	0	0	0	0	0	0	0	0	0	0	0	0	0	0	0	0	0	0	0	0	0	0	0	0	2004	0
LFQ	69	0	0	0	0	0	0	0	0	0	0	0	0	0	0	0	0	0	0	0	0	0	0	0	0	0	0	0	0	0	0	2004	0
LFQ	70	0	0	0	0	0	0	0	0	0	0	0	0	0	0	0	0	0	0	0	0	0	0	0	0	0	0	0	0	0	0	2004	0
LFQ	71	0	0	0	0	0	0	0	0	0	0	0	0	0	0	0	0	0	0	0	0	0	0	0	0	0	0	0	0	0	0	2004	0
LFQ	72	0	0	0	0	0	0	0	0	0	0	0	0	0	0	0	0	0	0	0	0	0	0	0	0	0	0	0	0	0	0	2004	0
LFQ	73	0	0	0	0	0	0	0	0	0	0	0	0	0	0	0	0	0	0	0	0	0	0	0	0	0	0	0	0	0	0	2004	0
LFQ	74	0	0	0	0	0	0	0	0	0	0	0	0	0	0	0	0	0	0	0	0	0	0	0	0	0	0	0	0	0	0	2004	0
LFQ	75	0	0	0	0	0	0	0	0	0	0	0	0	0	0	0	0	0	0	0	0	0	0	0	0	0	0	0	0	0	0	2004	0
LFQ	76	0	0	0	0	0	0	0	0	0	0	0	0	0	0	0	0	0	0	0	0	0	0	0	0	0	0	0	0	0	0	2004	0
LFQ	77	0	0	0	0	0	0	0	0	0	0	0	0	0	0	0	0	0	0	0	0	0	0	0	0	0	0	0	0	0	0	2004	0
LFQ	78	0	0	0	0	0	0	0	0	0	0	0	0	0	0	0	0	0	0	0	0	0	0	0	0	0	0	0	0	0	0	2004	0
LFQ	79	0	0	0	0	0	0	0	0	0	0	0	0	0	0	0	0	0	0	0	0	0	0	0	0	0	0	0	0	0	0	2004	0
LFQ	80	0	0	0	0	0	0	0	0	0	0	0	0	0	0	0	0	0	0	0	0	0	0	0	0	0	0	0	0	0	0	2004	0
LFQ	81	0	0	0	0	0	0	0	0	0	0	0	0	0	0	0	0	0	0	0	0	0	0	0	0	0	0	0	0	0	0	2004	0
LFQ	82	0	0	0	0	0	0	0	0	0	0	0	0	0	0	0	0	0	0	0	0	0	0	0	0	0	0	0	0	0	0	2004	0
LFQ	83	0	0	0	0	0	0	0	0	0	0	0	0	0	0	0	0	0	0	0	0	0	0	0	0	0	0	0	0	0	0	2004	0
LFQ	84	0	0	0	0	0	0	0	0	0	0	0	0	0	0	0	0	0	0	0	0	0	0	0	0	0	0	0	0	0	0	2004	0
LFQ	85	0	0	0	0	0	0	0	0	0	0	0	0	0	0	0	0	0	0	0	0	0	0	0	0	0	0	0	0	0	0	2004	0
LFQ	86	0	0	0	0	0	0	0	0	0	0	0	0	0	0	0	0	0	0	0	0	0	0	0	0	0	0	0	0	0	0	2004	0
LFQ	87	0	0	0	0	0	0	0	0	0	0	0	0	0	0	0	0	0	0	0	0	0	0	0	0	0	0	0	0	0	0	2004	0
LFQ	88	0	0	0	0	0	0	0	0	0	0	0	0	0	0	0	0	0	0	0	0	0	0	0	0	0	0	0	0	0	0	2004	0
LFQ	89	0	0	0	0	0	0	0	0	0	0	0	0	0	0	0	0	0	0	0	0	0	0	0	0	0	0	0	0	0	0	2004	0
LFQ	90	0	0	0	0	0	0	0	0	0	0	0	0	0	0	0	0	0	0	0	0	0	0	0	0	0	0	0	0	0	0	2004	0
LFQ	91	0	0	0	0	0	0	0	0	0	0	0	0	0	0	0	0	0	0	0	0	0	0	0	0	0	0	0	0	0	0	2004	0
LFQ	92	0	0	0	0	0	0	0	0	0	0	0	0	0	0	0	0	0	0	0	0	0	0	0	0	0	0	0	0	0	0	2004	0
LFQ	93	0	0	0	0	0	0	0	0	0	0	0	0	0	0	0	0	0	0	0	0	0	0	0	0	0	0	0	0	0	0	2004	0
LFQ	94	0	0	0	0	0	0	0	0	0	0	0	0	0	0	0	0	0	0	0	0	0	0	0	0	0	0	0	0	0	0	2004	0
LFQ	95	0	0	0	0	0	0	0	0	0	0	0	0	0	0	0	0	0	0	0	0	0	0	0	0	0	0	0	0	0	0	2004	0
LFQ	96	0	0	0	0	0	0	0	0	0	0	0	0	0	0	0	0	0	0	0	0	0	0	0	0	0	0	0	0	0	0	2004	0
LFQ	97	0	0	0	0	0	0	0	0	0	0	0	0	0	0	0	0	0	0	0	0	0	0	0	0	0	0	0	0	0	0	2004	0
LFQ	98	0	0	0	0	0	0	0	0	0	0	0	0	0	0	0	0	0	0	0	0	0	0	0	0	0	0	0	0	0	0	2004	0
LFQ	99	0	0	0	0	0	0	0	0	0	0	0	0	0	0	0	0	0	0	0	0	0	0	0	0	0	0	0	0	0	0	2004	0
LFQ	100	0	0	0	0	0	0	0	0	0	0	0	0	0	0	0	0	0	0	0	0	0	0	0	0	0	0	0	0	0	0	2004	0
LFQ	101	0	0	0	0	0	0	0	0	0	0	0	0	0	0	0	0	0	0	0	0	0	0	0	0	0	0	0	0	0	0	2004	0
LFQ	102	0	0	0	0	0	0	0	0	0	0	0	0	0	0	0	0	0	0	0	0	0	0	0	0	0	0	0	0	0	0	2004	0
LFQ	103	0	0	0	0	0	0	0	0	0	0	0	0	0	0	0	0	0	0	0	0	0	0	0	0	0	0	0	0	0	0	2004	0
LFQ	104	0	0	0	0	0	0	0	0	0	0	0	0	0	0	0	0	0	0	0	0	0	0	0	0	0	0	0	0	0	0	2004	0
LFQ	105	0	0	0	0	0	0	0	0	0	0	0	0	0	0	0	0	0	0	0	0	0	0	0	0	0	0	0	0	0	0	2004	0
LFQ	106	0	0	0	0	0	0	0	0	0	0	0	0	0	0	0	0	0	0	0	0	0	0	0	0	0	0	0	0	0	0	2004	0
LFQ	107	0	0	0	0	0	0	0	0	0	0	0	0	0	0	0	0	0	0	0	0	0	0	0	0	0	0	0	0	0	0	2004	0
LFQ	108	0	0	0	0	0	0	0	0	0	0	0	0	0	0	0	0	0	0	0	0	0	0	0	0	0	0	0	0	0	0	2004	0
LFQ	109	0	0	0	0	0	0	0	0	0	0	0	0	0	0	0	0	0	0	0	0	0	0	0	0	0	0	0	0	0	0	2004	0
LFQ	110	0	0	0	0	0	0	0	0	0	0	0	0	0	0	0	0	0	0	0	0	0	0	0	0	0	0	0	0	0	0	2004	0
LFQ	111	0	0	0	0	0	0	0	0	0	0	0	0	0	0	0	0	0	0	0	0	0	0	0	0	0	0	0	0	0	0	2004	0
LFQ	112	0	0	0	0	0	0	0	0	0	0	0	0	0	0	0	0	0	0	0	0	0	0	0	0	0	0	0	0	0	0	2004	0
LFQ	113	0	0	0	0	0	0	0	0	0	0	0	0	0	0	0	0	0	0	0	0	0	0	0	0	0	0	0	0	0	0	2004	0
LFQ	114	0	0	0	0	0	0	0	0	0	0	0	0	0	0	0	0	0	0	0	0	0	0	0	0	0	0	0	0	0	0	2004	0
LFQ	115	0	0	0	0	0	0	0	0	0	0	0	0	0	0	0	0	0	0	0	0	0	0	0	0	0	0	0	0	0	0	2004	0
LFQ	116	0	0	0	0	0	0	0	0	0	0	0	0	0	0	0	0	0	0	0	0	0	0	0	0	0	0	0	0	0	0	2004	0
LFQ	117	0	0	0	0	0	0	0	0	0	0	0	0	0	0	0	0	0	0	0	0	0	0	0	0	0	0	0	0	0	0	2004	0
LFQ	118	0	0	0	0	0	0	0	0	0	0	0	0	0	0	0	0	0	0	0	0	0	0	0	0	0	0	0	0	0	0	2004	0
LFQ	119	0	0	0	0	0	0	0	0	0	0	0	0	0	0	0	0	0	0	0	0	0	0	0	0	0	0	0	0	0	0	2004	0
LFQ	120	0	0	0	0	0	0	0	0	0	0	0	0	0	0	0	0	0	0	0	0	0	0	0	0	0	0	0	0	0	0	2004	0
LFQ	121	0	0	0	0	0	0	0	0	0	0	0	0	0	0	0	0	0	0	0	0	0	0	0	0	0	0	0	0	0	0	2004	0
LFQ	122	0	0	0	0	0	0	0	0	0	0	0	0	0	0	0	0	0	0	0	0	0	0	0	0	0	0	0	0	0	0	2004	0
LFQ	123	0	0	0	0	0	0	0	0	0	0	0	0	0	0	0	0	0	0	0	0	0	0	0	0	0	0	0	0	0	0	2004	0
LFQ	124	0	0	0	0	0	0	0	0	0	0	0	0	0	0	0	0	0	0	0	0	0	0	0	0	0	0	0	0	0	0	2004	0
LFQ	125	0	0	0	0	0	0	0	0	0	0	0	0	0	0	0	0	0	0	0	0	0	0	0	0	0	0	0	0	0	0	2004	0
LFQ	126	0	0	0	0	0	0	0	0	0	0	0	0	0	0	0	0	0	0	0	0	0	0	0	0	0	0	0	0	0	0	2004	0
LFQ	127	0	0	0	0	0	0	0	0	0	0	0	0	0	0	0	0	0	0	0	0	0	0	0	0	0	0	0	0	0	0	2004	0
LFQ	128	0	0	0	0	0	0	0	0	0	0	0	0	0	0	0	0	0	0	0	0	0	0	0	0	0	0	0	0	0	0	2004	0
LFQ	129	0	0	0	0	0	0	0	0	0	0	0	0	0	0	0	0	0	0	0	0	0	0	0	0	0	0	0	0	0	0	2004	0
LFQ	130	0	0	0	0	0	0	0	0	0	0	0	0	0	0	0	0	0	0	0	0	0	0	0	0	0	0	0	0	0	0	2004	0
LFQ	131	0	0	0	0	0	0	0	0	0	0	0	0	0	0	0	0	0	0	0	0	0	0	0	0	0	0	0	0	0	0	2004	0
LFQ	132	0	0	0	0	0	0	0	0	0	0	0	0	0	0	0	0	0	0	0	0	0	0	0	0	0	0	0	0	0	0	2004	0
LFQ	133	0	0	0	0	0	0	0	0	0	0	0	0	0	0	0	0	0	0	0	0	0	0	0	0	0	0	0	0	0	0	2004	0
LFQ	134	0	0	0	0	0	0	0	0	0	0	0	0	0	0	0	0	0	0	0	0	0	0	0	0	0	0	0	0	0	0	2004	0
LFQ	135	0	0	0	0	0	0	0	0	0	0	0	0	0	0	0	0	0	0	0	0	0	0	0	0	0	0	0	0	0	0	2004	0
LFQ	136	0	0	0	0	0	0	0	0	0	0	0	0	0	0	0	0	0	0	0	0	0	0	0	0	0	0	0	0	0	0	2004	0
LFQ	137	0	0	0	0	0	0	0	0	0	0	0	0	0	0	0	0	0	0	0	0	0	0	0	0	0	0	0	0	0	0	2004	0
LFQ	138	0	0	0	0	0	0	0	0	0	0	0	0	0	0	0	0	0	0	0	0	0	0	0	0	0	0	0	0	0	0	2004	0
LFQ	139	0	0	0	0	0	0	0	0	0	0	0	0	0	0	0	0	0	0	0	0	0	0	0	0	0	0	0	0	0	0	2004	0
LFQ	140	0	0	0	0	0	0	0	0	0	0	0	0	0	0	0	0	0	0	0	0	0	0	0	0	0	0	0	0	0	0	2004	0
LFQ	141	0	0	0	0	0	0	0	0	0	0	0	0	0	0	0	0	0	0	0	0	0	0	0	0	0	0	0	0	0	0	2004	0
LFQ	142	0	0	0	0	0	0	0	0	0	0	0	0	0	0	0	0	0	0	0	0	0	0	0	0	0	0	0	0	0	0	2004	0
LFQ	143	0	0	0	0	0	0	0	0	0	0	0	0	0	0	0	0	0	0	0	0	0	0	0	0	0	0	0	0	0	0	2004	0
LFQ	144	0	0	0	0	0	0	0	0	0	0	0	0	0	0	0	0	0	0	0	0	0	0	0	0	0	0	0	0	0	0	2004	0
LFQ	145	0	0	0	0	0	0	0	0	0	0	0	0	0	0	0	0	0	0	0	0	0	0	0	0	0	0	0	0	0	0	2004	0
LFQ	146	0	0	0	0	0	0	0	0	0	0	0	0	0	0	0	0	0	0	0	0	0	0	0	0	0	0	0	0	0	0	2004	0
LFQ	147	0	0	0	0	0	0	0	0	0	0	0	0	0	0	0	0	0	0	0	0	0	0	0	0	0	0	0	0	0	0	2004	0
LFQ	148	0	0	0	0	0	0	0	0	0	0	0	0	0	0	0	0	0	0	0	0	0	0	0	0	0	0	0	0	0	0	2004	0
LFQ	149	0	0	0	0	0	0	0	0	0	0	0	0	0	0	0	0	0	0	0	0	0	0	0	0	0	0	0	0	0	0	2004	0
LFQ	150	0	0	0	0	0	0	0	0	0	0	0	0	0	0	0	0	0	0	0	0	0	0	0	0	0	0	0	0	0	0	2004	0
# GC Content of first fragments. Use `grep ^GCF | cut -f 2-` to extract this part.
GCF	3.27	0
GCF	6.78	1
GCF	10.80	0
GCF	14.82	1
GCF	16.33	0
GCF	18.59	1
GCF	20.10	0
GCF	20.85	3
GCF	21.36	2
GCF	22.11	1
GCF	23.12	8
GCF	24.12	6
GCF	24.87	9
GCF	25.38	18
GCF	26.13	15
GCF	26.88	17
GCF	27.39	19
GCF	28.14	26
GCF	28.89	28
GCF	29.40	24
GCF	30.15	40
GCF	30.90	36
GCF	31.41	49
GCF	32.16	59
GCF	32.91	55
GCF	33.42	59
GCF	33.92	61
GCF	34.67	66
GCF	35.43	93
GCF	35.93	69
GCF	36.68	81
GCF	37.44	72
GCF	37.94	62
GCF	38.69	75
GCF	39.45	54
GCF	39.95	67
GCF	40.70	66
GCF	41.46	73
GCF	41.96	55
GCF	42.71	60
GCF	43.47	46
GCF	43.97	36
GCF	44.72	56
GCF	45.48	53
GCF	45.98	62
GCF	46.73	47
GCF	47.74	35
GCF	48.74	29
GCF	49.50	22
GCF	50.00	15
GCF	50.75	17
GCF	51.51	21
GCF	52.01	14
GCF	52.76	13
GCF	53.52	3
GCF	54.02	4
GCF	54.77	6
GCF	55.53	8
GCF	56.03	7
GCF	56.78	10
GCF	57.79	2
GCF	58.79	5
GCF	59.55	3
GCF	60.05	2
GCF	60.80	4
GCF	62.31	0
GCF	63.57	2
GCF	64.07	1
GCF	65.33	0
GCF	67.09	1
GCF	68.09	0
GCF	68.59	1
# GC Content of last fragments. Use `grep ^GCL | cut -f 2-` to extract this part.
GCL	3.27	0
GCL	6.78	1
GCL	8.29	0
GCL	10.05	1
GCL	13.07	0
GCL	16.08	1
GCL	17.09	0
GCL	18.09	3
GCL	18.84	2
GCL	19.35	0
GCL	20.10	1
GCL	20.85	2
GCL	21.36	4
GCL	22.11	5
GCL	22.86	3
GCL	23.37	10
GCL	24.12	7
GCL	24.87	14
GCL	25.38	12
GCL	26.13	13
GCL	26.88	20
GCL	27.39	25
GCL	28.14	27
GCL	28.89	29
GCL	29.40	30
GCL	30.15	32
GCL	30.90	24
GCL	31.41	41
GCL	32.16	45
GCL	32.91	63
GCL	33.42	72
GCL	33.92	75
GCL	34.67	80
GCL	36.18	71
GCL	37.44	73
GCL	37.94	71
GCL	38.69	63
GCL	39.45	80
GCL	39.95	71
GCL	40.70	72
GCL	41.46	52
GCL	41.96	44
GCL	42.71	60
GCL	43.47	40
GCL	43.97	44
GCL	44.72	53
GCL	45.48	37
GCL	45.98	50
GCL	46.73	64
GCL	47.49	41
GCL	47.99	24
GCL	48.74	32
GCL	49.50	23
GCL	50.00	12
GCL	50.75	21
GCL	51.51	13
GCL	52.01	21
GCL	52.76	15
GCL	53.52	12
GCL	54.52	7
GCL	55.78	5
GCL	56.78	6
GCL	57.54	9
GCL	58.54	5
GCL	59.55	3
GCL	60.05	1
GCL	60.80	2
GCL	62.31	0
GCL	63.57	1
GCL	64.82	0
GCL	66.08	1
GCL	66.58	2
GCL	67.34	0
GCL	68.09	1
GCL	69.10	0
GCL	70.10	1
# ACGT content per cycle. Use `grep ^GCC | cut -f 2-` to extract this part. The columns are: cycle; A,C,G,T base counts as a percentage of all A/C/G/T bases [%]; and N and O counts as a percentage of all A/C/G/T bases [%]
GCC	1	30.21	20.43	18.44	30.91	0.00	0.00
GCC	2	30.44	19.91	18.56	31.09	0.00	0.00
GCC	3	30.66	20.03	19.96	29.34	0.00	0.00
GCC	4	30.91	18.54	19.44	31.11	0.00	0.00
GCC	5	31.31	19.96	18.34	30.39	0.00	0.00
GCC	6	29.37	20.68	19.51	30.44	0.00	0.00
GCC	7	29.79	20.13	18.99	31.09	0.00	0.00
GCC	8	30.49	20.23	18.74	30.54	0.00	0.00
GCC	9	31.24	19.99	19.86	28.92	0.00	0.00
GCC	10	32.78	19.36	17.29	30.56	0.00	0.00
GCC	11	30.34	19.29	19.29	31.09	0.00	0.00
GCC	12	31.09	20.08	17.99	30.84	0.00	0.00
GCC	13	31.31	19.94	18.89	29.87	0.00	0.00
GCC	14	31.11	19.44	20.11	29.34	0.00	0.00
GCC	15	31.46	18.74	19.06	30.74	0.00	0.00
GCC	16	30.56	20.63	17.96	30.84	0.00	0.00
GCC	17	31.06	20.33	18.44	30.16	0.00	0.00
GCC	18	30.54	20.26	20.16	29.04	0.00	0.00
GCC	19	30.29	19.81	19.64	30.26	0.00	0.00
GCC	20	31.76	20.06	18.44	29.74	0.00	0.00
GCC	21	29.62	19.89	19.26	31.24	0.00	0.00
GCC	22	31.56	19.61	18.91	29.92	0.00	0.00
GCC	23	30.46	19.14	19.29	31.11	0.00	0.00
GCC	24	30.14	20.33	18.39	31.14	0.00	0.00
GCC	25	30.54	21.68	18.04	29.74	0.00	0.00
GCC	26	31.01	20.06	18.76	30.16	0.00	0.00
GCC	27	30.64	19.84	19.06	30.46	0.00	0.00
GCC	28	31.69	19.84	18.46	30.01	0.00	0.00
GCC	29	30.54	21.28	18.09	30.09	0.00	0.00
GCC	30	30.36	20.71	19.14	29.79	0.00	0.00
GCC	31	31.09	18.99	19.14	30.79	0.00	0.00
GCC	32	30.81	19.64	19.41	30.14	0.00	0.00
GCC	33	31.11	19.54	19.16	30.19	0.00	0.00
GCC	34	30.54	19.74	18.51	31.21	0.00	0.00
GCC	35	30.09	20.06	18.89	30.96	0.00	0.00
GCC	36	30.16	19.66	18.41	31.76	0.00	0.00
GCC	37	32.71	19.34	18.04	29.92	0.00	0.00
GCC	38	30.54	20.18	18.61	30.66	0.00	0.00
GCC	39	30.59	19.39	19.36	30.66	0.00	0.00
GCC	40	31.16	20.33	18.59	29.92	0.00	0.00
GCC	41	29.99	19.84	18.44	31.74	0.00	0.00
GCC	42	29.87	20.63	19.01	30.49	0.00	0.00
GCC	43	30.81	19.94	18.31	30.94	0.00	0.00
GCC	44	30.06	20.43	18.34	31.16	0.00	0.00
GCC	45	29.54	19.64	20.03	30.79	0.00	0.00
GCC	46	29.62	20.51	18.24	31.64	0.00	0.00
GCC	47	31.59	19.66	18.24	30.51	0.00	0.00
GCC	48	31.41	19.89	18.91	29.79	0.00	0.00
GCC	49	30.56	20.78	17.96	30.69	0.00	0.00
GCC	50	30.26	19.96	19.19	30.59	0.00	0.00
GCC	51	30.14	19.74	18.66	31.46	0.00	0.00
GCC	52	30.76	19.74	18.79	30.71	0.00	0.00
GCC	53	29.77	19.89	19.39	30.96	0.00	0.00
GCC	54	30.96	19.79	18.54	30.71	0.00	0.00
GCC	55	29.47	19.94	19.64	30.96	0.00	0.00
GCC	56	29.44	19.41	19.26	31.89	0.00	0.00
GCC	57	30.79	20.48	18.86	29.87	0.00	0.00
GCC	58	30.61	19.91	18.74	30.74	0.00	0.00
GCC	59	30.79	20.16	19.06	29.99	0.00	0.00
GCC	60	29.92	20.43	20.33	29.32	0.00	0.00
GCC	61	30.74	20.28	19.36	29.62	0.00	0.00
GCC	62	29.24	20.81	19.44	30.51	0.00	0.00
GCC	63	30.56	19.29	19.96	30.19	0.00	0.00
GCC	64	29.04	20.43	19.01	31.51	0.00	0.00
GCC	65	30.34	21.03	18.04	30.59	0.00	0.00
GCC	66	30.94	19.79	17.91	31.36	0.00	0.00
GCC	67	29.64	20.41	18.54	31.41	0.00	0.00
GCC	68	30.61	19.84	17.74	31.81	0.00	0.00
GCC	69	30.94	20.13	17.59	31.34	0.00	0.00
GCC	70	30.44	20.26	17.76	31.54	0.00	0.00
GCC	71	29.87	21.41	17.79	30.94	0.00	0.00
GCC	72	31.01	20.68	18.46	29.84	0.00	0.00
GCC	73	30.29	19.21	19.64	30.86	0.00	0.00
GCC	74	29.52	19.86	18.86	31.76	0.00	0.00
GCC	75	29.89	19.86	19.41	30.84	0.00	0.00
GCC	76	30.04	20.03	19.01	30.91	0.00	0.00
GCC	77	30.39	20.91	18.66	30.04	0.00	0.00
GCC	78	29.44	20.38	18.84	31.34	0.00	0.00
GCC	79	28.84	20.71	19.09	31.36	0.00	0.00
GCC	80	30.01	21.46	18.69	29.84	0.00	0.00
GCC	81	30.41	19.99	19.74	29.87	0.00	0.00
GCC	82	30.36	20.63	19.09	29.92	0.00	0.00
GCC	83	31.21	19.71	19.31	29.77	0.00	0.00
GCC	84	29.69	20.36	18.64	31.31	0.00	0.00
GCC	85	30.89	19.21	18.96	30.94	0.00	0.00
GCC	86	30.79	19.51	19.61	30.09	0.00	0.00
GCC	87	28.87	20.13	20.21	30.79	0.00	0.00
GCC	88	29.84	20.08	18.99	31.09	0.00	0.00
GCC	89	31.21	19.04	18.66	31.09	0.00	0.00
GCC	90	30.44	20.06	18.59	30.91	0.00	0.00
GCC	91	30.04	19.61	19.84	30.51	0.00	0.00
GCC	92	31.14	20.36	18.59	29.92	0.00	0.00
GCC	93	30.06	20.13	19.49	30.31	0.00	0.00
GCC	94	29.22	20.01	19.39	31.39	0.00	0.00
GCC	95	31.09	19.84	18.49	30.59	0.00	0.00
GCC	96	31.41	20.11	18.41	30.06	0.00	0.00
GCC	97	31.04	19.56	18.14	31.26	0.00	0.00
GCC	98	31.01	19.94	18.66	30.39	0.00	0.00
GCC	99	31.19	20.01	17.59	31.21	0.00	0.00
GCC	100	30.14	20.88	18.74	30.24	0.00	0.00
GCC	101	31.44	20.08	18.16	30.31	0.00	0.00
GCC	102	30.71	19.99	17.91	31.39	0.00	0.00
GCC	103	30.26	19.86	19.89	29.99	0.00	0.00
GCC	104	29.02	20.11	19.26	31.61	0.00	0.00
GCC	105	32.14	17.71	18.66	31.49	0.00	0.00
GCC	106	30.79	20.33	18.31	30.56	0.00	0.00
GCC	107	30.29	20.51	18.54	30.66	0.00	0.00
GCC	108	32.11	20.31	18.66	28.92	0.00	0.00
GCC	109	30.59	19.16	19.96	30.29	0.00	0.00
GCC	110	31.01	19.84	19.04	30.11	0.00	0.00
GCC	111	31.21	19.84	19.01	29.94	0.00	0.00
GCC	112	29.37	20.63	18.76	31.24	0.00	0.00
GCC	113	30.51	19.34	19.74	30.41	0.00	0.00
GCC	114	30.31	20.21	18.64	30.84	0.00	0.00
GCC	115	28.99	19.94	19.71	31.36	0.00	0.00
GCC	116	29.99	20.08	18.66	31.26	0.00	0.00
GCC	117	30.21	20.21	18.59	30.99	0.00	0.00
GCC	118	30.29	20.38	19.39	29.94	0.00	0.00
GCC	119	29.42	20.81	19.14	30.64	0.00	0.00
GCC	120	31.39	19.31	18.54	30.76	0.00	0.00
GCC	121	29.82	19.61	19.51	31.06	0.00	0.00
GCC	122	30.06	18.96	20.93	30.04	0.00	0.00
GCC	123	29.34	20.68	18.99	30.99	0.00	0.00
GCC	124	29.57	20.73	18.71	30.99	0.00	0.00
GCC	125	31.21	19.66	19.14	29.99	0.00	0.00
GCC	126	30.14	19.71	19.59	30.56	0.00	0.00
GCC	127	31.21	19.29	19.49	30.01	0.00	0.00
GCC	128	31.41	19.74	18.04	30.81	0.00	0.00
GCC	129	31.31	20.18	18.61	29.89	0.00	0.00
GCC	130	31.51	19.84	18.19	30.46	0.00	0.00
GCC	131	30.69	20.56	19.39	29.37	0.00	0.00
GCC	132	31.51	19.54	18.84	30.11	0.00	0.00
GCC	133	30.96	20.21	19.71	29.12	0.00	0.00
GCC	134	30.46	20.11	18.36	31.06	0.00	0.00
GCC	135	30.34	20.96	18.71	29.99	0.00	0.00
GCC	136	31.09	19.01	18.09	31.81	0.00	0.00
GCC	137	30.89	20.16	17.96	30.99	0.00	0.00
GCC	138	30.21	19.94	19.69	30.16	0.00	0.00
GCC	139	30.39	20.83	18.56	30.21	0.00	0.00
GCC	140	30.81	20.48	18.46	30.24	0.00	0.00
GCC	141	30.24	20.78	18.54	30.44	0.00	0.00
GCC	142	32.01	19.26	18.51	30.21	0.00	0.00
GCC	143	31.44	20.63	18.54	29.39	0.00	0.00
GCC	144	30.11	19.76	18.94	31.19	0.00	0.00
GCC	145	31.79	18.39	19.41	30.41	0.00	0.00
GCC	146	31.79	20.03	18.19	29.99	0.00	0.00
GCC	147	29.94	20.06	18.94	31.06	0.00	0.00
GCC	148	31.79	19.11	20.01	29.09	0.00	0.00
GCC	149	31.29	19.66	18.69	30.36	0.00	0.00
GCC	150	30.21	20.08	17.89	31.81	0.00	0.00
# ACGT content per cycle, read oriented. Use `grep ^GCT | cut -f 2-` to extract this part. The columns are: cycle; A,C,G,T base counts as a percentage of all A/C/G/T bases [%]
GCT	1	31.06	19.54	19.34	30.06
GCT	2	30.21	20.13	18.34	31.31
GCT	3	29.42	20.03	19.96	30.59
GCT	4	31.76	18.54	19.44	30.26
GCT	5	31.21	18.66	19.64	30.49
GCT	6	30.01	19.79	20.41	29.79
GCT	7	29.92	19.51	19.61	30.96
GCT	8	31.21	18.16	20.81	29.82
GCT	9	30.76	18.81	21.03	29.39
GCT	10	31.39	18.41	18.24	31.96
GCT	11	30.51	18.81	19.76	30.91
GCT	12	30.71	18.16	19.91	31.21
GCT	13	30.66	19.14	19.69	30.51
GCT	14	30.44	20.01	19.54	30.01
GCT	15	31.16	18.49	19.31	31.04
GCT	16	30.71	19.44	19.16	30.69
GCT	17	29.07	19.54	19.24	32.16
GCT	18	28.27	20.48	19.94	31.31
GCT	19	29.79	20.76	18.69	30.76
GCT	20	30.34	19.34	19.16	31.16
GCT	21	30.74	18.51	20.63	30.11
GCT	22	29.92	20.36	18.16	31.56
GCT	23	29.52	19.89	18.54	32.06
GCT	24	30.76	19.16	19.56	30.51
GCT	25	29.42	19.36	20.36	30.86
GCT	26	30.61	18.66	20.16	30.56
GCT	27	31.21	19.66	19.24	29.89
GCT	28	30.69	19.04	19.26	31.01
GCT	29	30.54	19.84	19.54	30.09
GCT	30	29.67	19.96	19.89	30.49
GCT	31	30.99	19.44	18.69	30.89
GCT	32	31.29	19.66	19.39	29.67
GCT	33	30.34	18.91	19.79	30.96
GCT	34	30.41	19.41	18.84	31.34
GCT	35	30.59	19.41	19.54	30.46
GCT	36	30.11	19.26	18.81	31.81
GCT	37	30.79	19.41	17.96	31.84
GCT	38	30.21	20.16	18.64	30.99
GCT	39	31.64	19.69	19.06	29.62
GCT	40	29.62	19.94	18.99	31.46
GCT	41	31.11	19.41	18.86	30.61
GCT	42	28.57	20.68	18.96	31.79
GCT	43	30.49	19.71	18.54	31.26
GCT	44	30.29	18.61	20.16	30.94
GCT	45	29.72	20.36	19.31	30.61
GCT	46	30.41	19.56	19.19	30.84
GCT	47	31.39	19.06	18.84	30.71
GCT	48	29.97	19.09	19.71	31.24
GCT	49	31.49	19.41	19.34	29.77
GCT	50	30.26	19.06	20.08	30.59
GCT	51	30.86	18.96	19.44	30.74
GCT	52	30.96	19.99	18.54	30.51
GCT	53	30.99	19.16	20.11	29.74
GCT	54	31.91	19.54	18.79	29.77
GCT	55	29.62	20.08	19.49	30.81
GCT	56	32.24	19.26	19.41	29.09
GCT	57	30.29	20.18	19.16	30.36
GCT	58	30.81	18.91	19.74	30.54
GCT	59	30.06	19.04	20.18	30.71
GCT	60	29.87	20.73	20.03	29.37
GCT	61	29.94	20.03	19.61	30.41
GCT	62	30.06	19.69	20.56	29.69
GCT	63	29.62	20.13	19.11	31.14
GCT	64	29.94	19.24	20.21	30.61
GCT	65	30.59	19.59	19.49	30.34
GCT	66	32.16	18.21	19.49	30.14
GCT	67	32.06	18.69	20.26	28.99
GCT	68	31.41	19.64	17.94	31.01
GCT	69	31.24	18.79	18.94	31.04
GCT	70	30.91	19.04	18.99	31.06
GCT	71	30.09	19.74	19.46	30.71
GCT	72	30.36	19.24	19.91	30.49
GCT	73	31.29	19.21	19.64	29.87
GCT	74	31.74	18.94	19.79	29.54
GCT	75	31.16	18.34	20.93	29.57
GCT	76	29.89	19.79	19.26	31.06
GCT	77	30.46	20.28	19.29	29.97
GCT	78	30.89	20.03	19.19	29.89
GCT	79	29.97	19.59	20.21	30.24
GCT	80	30.04	20.28	19.86	29.82
GCT	81	29.94	19.91	19.81	30.34
GCT	82	30.14	19.36	20.36	30.14
GCT	83	30.49	20.63	18.39	30.49
GCT	84	31.11	19.44	19.56	29.89
GCT	85	30.71	18.44	19.74	31.11
GCT	86	30.69	20.01	19.11	30.19
GCT	87	29.52	19.54	20.81	30.14
GCT	88	31.51	19.26	19.81	29.42
GCT	89	30.76	18.29	19.41	31.54
GCT	90	30.04	20.01	18.64	31.31
GCT	91	29.99	19.36	20.08	30.56
GCT	92	30.76	19.29	19.66	30.29
GCT	93	30.49	19.61	20.01	29.89
GCT	94	30.56	19.56	19.84	30.04
GCT	95	30.16	18.86	19.46	31.51
GCT	96	29.17	19.51	19.01	32.31
GCT	97	31.16	18.84	18.86	31.14
GCT	98	30.61	19.29	19.31	30.79
GCT	99	31.04	18.86	18.74	31.36
GCT	100	29.57	20.16	19.46	30.81
GCT	101	30.14	18.99	19.26	31.61
GCT	102	30.86	19.24	18.66	31.24
GCT	103	30.09	19.84	19.91	30.16
GCT	104	30.24	19.39	19.99	30.39
GCT	105	31.56	18.54	17.84	32.06
GCT	106	30.44	18.54	20.11	30.91
GCT	107	30.91	19.79	19.26	30.04
GCT	108	30.51	19.61	19.36	30.51
GCT	109	29.97	19.44	19.69	30.91
GCT	110	29.62	19.19	19.69	31.51
GCT	111	31.01	19.64	19.21	30.14
GCT	112	30.24	19.56	19.84	30.36
GCT	113	31.69	19.16	19.91	29.24
GCT	114	30.24	18.34	20.51	30.91
GCT	115	30.61	19.36	20.28	29.74
GCT	116	30.69	19.24	19.51	30.56
GCT	117	31.51	18.51	20.28	29.69
GCT	118	30.69	20.38	19.39	29.54
GCT	119	31.46	19.51	20.43	28.59
GCT	120	30.86	19.24	18.61	31.29
GCT	121	30.11	19.26	19.86	30.76
GCT	122	29.99	19.29	20.61	30.11
GCT	123	30.94	19.79	19.89	29.39
GCT	124	30.29	19.71	19.74	30.26
GCT	125	29.89	20.23	18.56	31.31
GCT	126	29.77	19.34	19.96	30.94
GCT	127	31.49	18.46	20.31	29.74
GCT	128	30.46	19.09	18.69	31.76
GCT	129	29.32	19.79	19.01	31.89
GCT	130	31.36	18.79	19.24	30.61
GCT	131	29.29	19.06	20.88	30.76
GCT	132	31.59	19.26	19.11	30.04
GCT	133	29.97	20.31	19.61	30.11
GCT	134	29.99	18.69	19.79	31.54
GCT	135	29.37	20.08	19.59	30.96
GCT	136	32.78	18.01	19.09	30.11
GCT	137	30.54	19.76	18.36	31.34
GCT	138	30.26	19.74	19.89	30.11
GCT	139	29.37	20.31	19.09	31.24
GCT	140	30.39	18.81	20.13	30.66
GCT	141	29.57	19.31	20.01	31.11
GCT	142	30.94	18.79	18.99	31.29
GCT	143	31.11	19.76	19.41	29.72
GCT	144	30.61	19.46	19.24	30.69
GCT	145	30.34	19.24	18.56	31.86
GCT	146	31.16	19.96	18.26	30.61
GCT	147	30.49	20.56	18.44	30.51
GCT	148	29.99	19.66	19.46	30.89
GCT	149	30.64	19.71	18.64	31.01
GCT	150	30.76	18.44	19.54	31.26
# ACGT content per cycle for first fragments. Use `grep ^FBC | cut -f 2-` to extract this part. The columns are: cycle; A,C,G,T base counts as a percentage of all A/C/G/T bases [%]; and N and O counts as a percentage of all A/C/G/T bases [%]
FBC	1	30.24	21.01	19.06	29.69	0.00	0.00
FBC	2	30.04	20.51	18.96	30.49	0.00	0.00
FBC	3	29.59	19.91	20.96	29.54	0.00	0.00
FBC	4	30.99	18.96	18.41	31.64	0.00	0.00
FBC	5	29.69	20.26	19.06	30.99	0.00	0.00
FBC	6	30.64	20.76	19.31	29.29	0.00	0.00
FBC	7	30.14	18.46	19.21	32.19	0.00	0.00
FBC	8	30.89	20.11	18.56	30.44	0.00	0.00
FBC	9	30.94	18.91	20.36	29.79	0.00	0.00
FBC	10	32.98	19.56	16.67	30.79	0.00	0.00
FBC	11	30.14	19.61	19.96	30.29	0.00	0.00
FBC	12	30.94	20.06	17.86	31.14	0.00	0.00
FBC	13	31.14	20.66	19.21	28.99	0.00	0.00
FBC	14	31.74	19.26	20.46	28.54	0.00	0.00
FBC	15	31.34	19.36	19.61	29.69	0.00	0.00
FBC	16	31.39	20.96	18.36	29.29	0.00	0.00
FBC	17	32.44	19.51	17.86	30.19	0.00	0.00
FBC	18	30.49	20.41	21.16	27.94	0.00	0.00
FBC	19	31.84	19.26	19.16	29.74	0.00	0.00
FBC	20	31.34	20.31	18.91	29.44	0.00	0.00
FBC	21	30.39	18.91	19.91	30.79	0.00	0.00
FBC	22	30.74	20.46	19.06	29.74	0.00	0.00
FBC	23	31.39	18.01	19.76	30.84	0.00	0.00
FBC	24	30.34	19.81	19.06	30.79	0.00	0.00
FBC	25	30.09	21.61	19.11	29.19	0.00	0.00
FBC	26	31.89	20.86	18.41	28.84	0.00	0.00
FBC	27	30.84	19.76	18.56	30.84	0.00	0.00
FBC	28	32.68	19.36	18.96	28.99	0.00	0.00
FBC	29	30.09	21.16	19.11	29.64	0.00	0.00
FBC	30	30.09	20.86	19.76	29.29	0.00	0.00
FBC	31	30.69	19.56	18.41	31.34	0.00	0.00
FBC	32	30.69	20.01	18.91	30.39	0.00	0.00
FBC	33	31.69	19.31	18.56	30.44	0.00	0.00
FBC	34	29.69	19.51	19.31	31.49	0.00	0.00
FBC	35	29.84	20.31	18.91	30.94	0.00	0.00
FBC	36	30.34	19.86	18.91	30.89	0.00	0.00
FBC	37	32.09	19.16	18.56	30.19	0.00	0.00
FBC	38	29.94	19.86	18.96	31.24	0.00	0.00
FBC	39	30.69	19.71	19.56	30.04	0.00	0.00
FBC	40	29.99	19.66	18.51	31.84	0.00	0.00
FBC	41	28.29	20.96	19.86	30.89	0.00	0.00
FBC	42	30.34	20.51	18.66	30.49	0.00	0.00
FBC	43	30.99	19.21	18.16	31.64	0.00	0.00
FBC	44	29.14	20.31	18.06	32.49	0.00	0.00
FBC	45	29.84	18.86	20.76	30.54	0.00	0.00
FBC	46	28.94	21.31	17.91	31.84	0.00	0.00
FBC	47	31.64	19.11	17.96	31.29	0.00	0.00
FBC	48	31.19	20.21	18.26	30.34	0.00	0.00
FBC	49	29.94	21.01	17.81	31.24	0.00	0.00
FBC	50	31.29	19.36	19.01	30.34	0.00	0.00
FBC	51	29.64	18.66	18.81	32.88	0.00	0.00
FBC	52	29.89	20.01	18.76	31.34	0.00	0.00
FBC	53	29.79	19.21	19.91	31.09	0.00	0.00
FBC	54	29.94	20.16	19.01	30.89	0.00	0.00
FBC	55	29.64	20.21	19.36	30.79	0.00	0.00
FBC	56	27.84	19.41	19.61	33.13	0.00	0.00
FBC	57	31.69	19.46	19.76	29.09	0.00	0.00
FBC	58	32.58	19.36	18.36	29.69	0.00	0.00
FBC	59	31.04	20.36	19.06	29.54	0.00	0.00
FBC	60	29.79	19.91	21.36	28.94	0.00	0.00
FBC	61	30.89	20.16	19.26	29.69	0.00	0.00
FBC	62	29.99	19.81	20.36	29.84	0.00	0.00
FBC	63	29.79	19.36	21.11	29.74	0.00	0.00
FBC	64	29.24	19.91	19.11	31.74	0.00	0.00
FBC	65	29.54	20.66	18.36	31.44	0.00	0.00
FBC	66	30.44	19.51	18.51	31.54	0.00	0.00
FBC	67	28.59	21.81	18.56	31.04	0.00	0.00
FBC	68	31.04	20.31	18.36	30.29	0.00	0.00
FBC	69	31.64	20.31	16.52	31.54	0.00	0.00
FBC	70	30.99	19.51	18.41	31.09	0.00	0.00
FBC	71	30.39	20.96	17.76	30.89	0.00	0.00
FBC	72	30.29	20.96	19.41	29.34	0.00	0.00
FBC	73	31.34	18.66	19.81	30.19	0.00	0.00
FBC	74	29.54	18.86	19.41	32.19	0.00	0.00
FBC	75	29.59	19.81	20.06	30.54	0.00	0.00
FBC	76	29.24	20.56	18.61	31.59	0.00	0.00
FBC	77	30.54	20.81	19.21	29.44	0.00	0.00
FBC	78	28.79	21.66	19.46	30.09	0.00	0.00
FBC	79	28.94	20.51	19.56	30.99	0.00	0.00
FBC	80	29.54	20.81	19.06	30.59	0.00	0.00
FBC	81	30.64	20.01	20.56	28.79	0.00	0.00
FBC	82	30.54	20.26	18.91	30.29	0.00	0.00
FBC	83	30.99	19.96	19.21	29.84	0.00	0.00
FBC	84	29.59	20.31	19.51	30.59	0.00	0.00
FBC	85	30.84	19.81	17.81	31.54	0.00	0.00
FBC	86	30.94	19.16	19.96	29.94	0.00	0.00
FBC	87	28.19	20.26	20.36	31.19	0.00	0.00
FBC	88	30.39	19.96	19.26	30.39	0.00	0.00
FBC	89	30.84	18.91	18.86	31.39	0.00	0.00
FBC	90	29.79	19.56	19.26	31.39	0.00	0.00
FBC	91	30.39	18.36	19.71	31.54	0.00	0.00
FBC	92	31.34	20.16	19.56	28.94	0.00	0.00
FBC	93	29.84	19.86	19.76	30.54	0.00	0.00
FBC	94	27.64	20.76	19.31	32.29	0.00	0.00
FBC	95	29.89	19.31	19.06	31.74	0.00	0.00
FBC	96	32.39	20.61	17.61	29.39	0.00	0.00
FBC	97	30.99	18.91	19.01	31.09	0.00	0.00
FBC	98	30.94	20.36	18.31	30.39	0.00	0.00
FBC	99	31.59	20.26	16.87	31.29	0.00	0.00
FBC	100	31.09	19.71	19.16	30.04	0.00	0.00
FBC	101	31.09	21.11	18.76	29.04	0.00	0.00
FBC	102	30.04	20.46	19.06	30.44	0.00	0.00
FBC	103	31.29	19.16	19.61	29.94	0.00	0.00
FBC	104	28.39	21.11	18.71	31.79	0.00	0.00
FBC	105	32.53	18.01	18.66	30.79	0.00	0.00
FBC	106	30.69	19.71	17.96	31.64	0.00	0.00
FBC	107	30.44	21.16	18.46	29.94	0.00	0.00
FBC	108	31.79	20.36	18.46	29.39	0.00	0.00
FBC	109	30.69	18.76	19.76	30.79	0.00	0.00
FBC	110	32.68	17.91	19.36	30.04	0.00	0.00
FBC	111	31.14	18.96	19.71	30.19	0.00	0.00
FBC	112	30.29	19.51	18.01	32.19	0.00	0.00
FBC	113	29.89	18.66	20.61	30.84	0.00	0.00
FBC	114	30.39	19.46	18.26	31.89	0.00	0.00
FBC	115	29.64	19.01	19.81	31.54	0.00	0.00
FBC	116	30.94	20.06	18.16	30.84	0.00	0.00
FBC	117	31.49	18.91	18.06	31.54	0.00	0.00
FBC	118	30.29	20.76	19.31	29.64	0.00	0.00
FBC	119	28.94	21.81	18.41	30.84	0.00	0.00
FBC	120	31.89	19.71	18.26	30.14	0.00	0.00
FBC	121	30.54	18.86	19.66	30.94	0.00	0.00
FBC	122	31.34	17.37	22.01	29.29	0.00	0.00
FBC	123	30.79	19.96	19.41	29.84	0.00	0.00
FBC	124	30.84	20.21	17.96	30.99	0.00	0.00
FBC	125	32.09	18.71	19.16	30.04	0.00	0.00
FBC	126	30.34	19.91	20.26	29.49	0.00	0.00
FBC	127	31.19	19.26	19.36	30.19	0.00	0.00
FBC	128	32.49	19.26	17.32	30.94	0.00	0.00
FBC	129	31.19	20.46	18.61	29.74	0.00	0.00
FBC	130	31.99	19.41	18.41	30.19	0.00	0.00
FBC	131	30.74	21.26	19.06	28.94	0.00	0.00
FBC	132	30.89	19.41	18.16	31.54	0.00	0.00
FBC	133	31.79	19.66	19.56	28.99	0.00	0.00
FBC	134	29.84	20.11	18.86	31.19	0.00	0.00
FBC	135	30.14	21.16	18.11	30.59	0.00	0.00
FBC	136	32.14	18.66	17.27	31.94	0.00	0.00
FBC	137	31.39	20.81	17.56	30.24	0.00	0.00
FBC	138	29.99	19.36	20.56	30.09	0.00	0.00
FBC	139	31.19	19.31	18.81	30.69	0.00	0.00
FBC	140	31.64	20.61	18.01	29.74	0.00	0.00
FBC	141	30.94	21.21	17.61	30.24	0.00	0.00
FBC	142	31.74	19.86	18.81	29.59	0.00	0.00
FBC	143	31.94	21.01	18.06	28.99	0.00	0.00
FBC	144	30.09	20.06	18.96	30.89	0.00	0.00
FBC	145	32.04	19.06	18.66	30.24	0.00	0.00
FBC	146	31.64	20.76	18.46	29.14	0.00	0.00
FBC	147	30.74	20.41	19.01	29.84	0.00	0.00
FBC	148	31.14	18.81	19.96	30.09	0.00	0.00
FBC	149	31.34	19.21	19.46	29.99	0.00	0.00
FBC	150	29.54	20.56	17.42	32.49	0.00	0.00
# ACGT raw counters for first fragments. Use `grep ^FTC | cut -f 2-` to extract this part. The columns are: A,C,G,T,N base counters
FTC	92061	59799	57094	91646	0
# ACGT content per cycle for last fragments. Use `grep ^LBC | cut -f 2-` to extract this part. The columns are: cycle; A,C,G,T base counts as a percentage of all A/C/G/T bases [%]; and N and O counts as a percentage of all A/C/G/T bases [%]
LBC	1	30.19	19.86	17.81	32.14	0.00	0.00
LBC	2	30.84	19.31	18.16	31.69	0.00	0.00
LBC	3	31.74	20.16	18.96	29.14	0.00	0.00
LBC	4	30.84	18.11	20.46	30.59	0.00	0.00
LBC	5	32.93	19.66	17.61	29.79	0.00	0.00
LBC	6	28.09	20.61	19.71	31.59	0.00	0.00
LBC	7	29.44	21.81	18.76	29.99	0.00	0.00
LBC	8	30.09	20.36	18.91	30.64	0.00	0.00
LBC	9	31.54	21.06	19.36	28.04	0.00	0.00
LBC	10	32.58	19.16	17.91	30.34	0.00	0.00
LBC	11	30.54	18.96	18.61	31.89	0.00	0.00
LBC	12	31.24	20.11	18.11	30.54	0.00	0.00
LBC	13	31.49	19.21	18.56	30.74	0.00	0.00
LBC	14	30.49	19.61	19.76	30.14	0.00	0.00
LBC	15	31.59	18.11	18.51	31.79	0.00	0.00
LBC	16	29.74	20.31	17.56	32.39	0.00	0.00
LBC	17	29.69	21.16	19.01	30.14	0.00	0.00
LBC	18	30.59	20.11	19.16	30.14	0.00	0.00
LBC	19	28.74	20.36	20.11	30.79	0.00	0.00
LBC	20	32.19	19.81	17.96	30.04	0.00	0.00
LBC	21	28.84	20.86	18.61	31.69	0.00	0.00
LBC	22	32.39	18.76	18.76	30.09	0.00	0.00
LBC	23	29.54	20.26	18.81	31.39	0.00	0.00
LBC	24	29.94	20.86	17.71	31.49	0.00	0.00
LBC	25	30.99	21.76	16.97	30.29	0.00	0.00
LBC	26	30.14	19.26	19.11	31.49	0.00	0.00
LBC	27	30.44	19.91	19.56	30.09	0.00	0.00
LBC	28	30.69	20.31	17.96	31.04	0.00	0.00
LBC	29	30.99	21.41	17.07	30.54	0.00	0.00
LBC	30	30.64	20.56	18.51	30.29	0.00	0.00
LBC	31	31.49	18.41	19.86	30.24	0.00	0.00
LBC	32	30.94	19.26	19.91	29.89	0.00	0.00
LBC	33	30.54	19.76	19.76	29.94	0.00	0.00
LBC	34	31.39	19.96	17.71	30.94	0.00	0.00
LBC	35	30.34	19.81	18.86	30.99	0.00	0.00
LBC	36	29.99	19.46	17.91	32.63	0.00	0.00
LBC	37	33.33	19.51	17.51	29.64	0.00	0.00
LBC	38	31.14	20.51	18.26	30.09	0.00	0.00
LBC	39	30.49	19.06	19.16	31.29	0.00	0.00
LBC	40	32.34	21.01	18.66	27.99	0.00	0.00
LBC	41	31.69	18.71	17.02	32.58	0.00	0.00
LBC	42	29.39	20.76	19.36	30.49	0.00	0.00
LBC	43	30.64	20.66	18.46	30.24	0.00	0.00
LBC	44	30.99	20.56	18.61	29.84	0.00	0.00
LBC	45	29.24	20.41	19.31	31.04	0.00	0.00
LBC	46	30.29	19.71	18.56	31.44	0.00	0.00
LBC	47	31.54	20.21	18.51	29.74	0.00	0.00
LBC	48	31.64	19.56	19.56	29.24	0.00	0.00
LBC	49	31.19	20.56	18.11	30.14	0.00	0.00
LBC	50	29.24	20.56	19.36	30.84	0.00	0.00
LBC	51	30.64	20.81	18.51	30.04	0.00	0.00
LBC	52	31.64	19.46	18.81	30.09	0.00	0.00
LBC	53	29.74	20.56	18.86	30.84	0.00	0.00
LBC	54	31.99	19.41	18.06	30.54	0.00	0.00
LBC	55	29.29	19.66	19.91	31.14	0.00	0.00
LBC	56	31.04	19.41	18.91	30.64	0.00	0.00
LBC	57	29.89	21.51	17.96	30.64	0.00	0.00
LBC	58	28.64	20.46	19.11	31.79	0.00	0.00
LBC	59	30.54	19.96	19.06	30.44	0.00	0.00
LBC	60	30.04	20.96	19.31	29.69	0.00	0.00
LBC	61	30.59	20.41	19.46	29.54	0.00	0.00
LBC	62	28.49	21.81	18.51	31.19	0.00	0.00
LBC	63	31.34	19.21	18.81	30.64	0.00	0.00
LBC	64	28.84	20.96	18.91	31.29	0.00	0.00
LBC	65	31.14	21.41	17.71	29.74	0.00	0.00
LBC	66	31.44	20.06	17.32	31.19	0.00	0.00
LBC	67	30.69	19.01	18.51	31.79	0.00	0.00
LBC	68	30.19	19.36	17.12	33.33	0.00	0.00
LBC	69	30.24	19.96	18.66	31.14	0.00	0.00
LBC	70	29.89	21.01	17.12	31.99	0.00	0.00
LBC	71	29.34	21.86	17.81	30.99	0.00	0.00
LBC	72	31.74	20.41	17.51	30.34	0.00	0.00
LBC	73	29.24	19.76	19.46	31.54	0.00	0.00
LBC	74	29.49	20.86	18.31	31.34	0.00	0.00
LBC	75	30.19	19.91	18.76	31.14	0.00	0.00
LBC	76	30.84	19.51	19.41	30.24	0.00	0.00
LBC	77	30.24	21.01	18.11	30.64	0.00	0.00
LBC	78	30.09	19.11	18.21	32.58	0.00	0.00
LBC	79	28.74	20.91	18.61	31.74	0.00	0.00
LBC	80	30.49	22.11	18.31	29.09	0.00	0.00
LBC	81	30.19	19.96	18.91	30.94	0.00	0.00
LBC	82	30.19	21.01	19.26	29.54	0.00	0.00
LBC	83	31.44	19.46	19.41	29.69	0.00	0.00
LBC	84	29.79	20.41	17.76	32.04	0.00	0.00
LBC	85	30.94	18.61	20.11	30.34	0.00	0.00
LBC	86	30.64	19.86	19.26	30.24	0.00	0.00
LBC	87	29.54	20.01	20.06	30.39	0.00	0.00
LBC	88	29.29	20.21	18.71	31.79	0.00	0.00
LBC	89	31.59	19.16	18.46	30.79	0.00	0.00
LBC	90	31.09	20.56	17.91	30.44	0.00	0.00
LBC	91	29.69	20.86	19.96	29.49	0.00	0.00
LBC	92	30.94	20.56	17.61	30.89	0.00	0.00
LBC	93	30.29	20.41	19.21	30.09	0.00	0.00
LBC	94	30.79	19.26	19.46	30.49	0.00	0.00
LBC	95	32.29	20.36	17.91	29.44	0.00	0.00
LBC	96	30.44	19.61	19.21	30.74	0.00	0.00
LBC	97	31.09	20.21	17.27	31.44	0.00	0.00
LBC	98	31.09	19.51	19.01	30.39	0.00	0.00
LBC	99	30.79	19.76	18.31	31.14	0.00	0.00
LBC	100	29.19	22.06	18.31	30.44	0.00	0.00
LBC	101	31.79	19.06	17.56	31.59	0.00	0.00
LBC	102	31.39	19.51	16.77	32.34	0.00	0.00
LBC	103	29.24	20.56	20.16	30.04	0.00	0.00
LBC	104	29.64	19.11	19.81	31.44	0.00	0.00
LBC	105	31.74	17.42	18.66	32.19	0.00	0.00
LBC	106	30.89	20.96	18.66	29.49	0.00	0.00
LBC	107	30.14	19.86	18.61	31.39	0.00	0.00
LBC	108	32.44	20.26	18.86	28.44	0.00	0.00
LBC	109	30.49	19.56	20.16	29.79	0.00	0.00
LBC	110	29.34	21.76	18.71	30.19	0.00	0.00
LBC	111	31.29	20.71	18.31	29.69	0.00	0.00
LBC	112	28.44	21.76	19.51	30.29	0.00	0.00
LBC	113	31.14	20.01	18.86	29.99	0.00	0.00
LBC	114	30.24	20.96	19.01	29.79	0.00	0.00
LBC	115	28.34	20.86	19.61	31.19	0.00	0.00
LBC	116	29.04	20.11	19.16	31.69	0.00	0.00
LBC	117	28.94	21.51	19.11	30.44	0.00	0.00
LBC	118	30.29	20.01	19.46	30.24	0.00	0.00
LBC	119	29.89	19.81	19.86	30.44	0.00	0.00
LBC	120	30.89	18.91	18.81	31.39	0.00	0.00
LBC	121	29.09	20.36	19.36	31.19	0.00	0.00
LBC	122	28.79	20.56	19.86	30.79	0.00	0.00
LBC	123	27.89	21.41	18.56	32.14	0.00	0.00
LBC	124	28.29	21.26	19.46	30.99	0.00	0.00
LBC	125	30.34	20.61	19.11	29.94	0.00	0.00
LBC	126	29.94	19.51	18.91	31.64	0.00	0.00
LBC	127	31.24	19.31	19.61	29.84	0.00	0.00
LBC	128	30.34	20.21	18.76	30.69	0.00	0.00
LBC	129	31.44	19.91	18.61	30.04	0.00	0.00
LBC	130	31.04	20.26	17.96	30.74	0.00	0.00
LBC	131	30.64	19.86	19.71	29.79	0.00	0.00
LBC	132	32.14	19.66	19.51	28.69	0.00	0.00
LBC	133	30.14	20.76	19.86	29.24	0.00	0.00
LBC	134	31.09	20.11	17.86	30.94	0.00	0.00
LBC	135	30.54	20.76	19.31	29.39	0.00	0.00
LBC	136	30.04	19.36	18.91	31.69	0.00	0.00
LBC	137	30.39	19.51	18.36	31.74	0.00	0.00
LBC	138	30.44	20.51	18.81	30.24	0.00	0.00
LBC	139	29.59	22.36	18.31	29.74	0.00	0.00
LBC	140	29.99	20.36	18.91	30.74	0.00	0.00
LBC	141	29.54	20.36	19.46	30.64	0.00	0.00
LBC	142	32.29	18.66	18.21	30.84	0.00	0.00
LBC	143	30.94	20.26	19.01	29.79	0.00	0.00
LBC	144	30.14	19.46	18.91	31.49	0.00	0.00
LBC	145	31.54	17.71	20.16	30.59	0.00	0.00
LBC	146	31.94	19.31	17.91	30.84	0.00	0.00
LBC	147	29.14	19.71	18.86	32.29	0.00	0.00
LBC	148	32.44	19.41	20.06	28.09	0.00	0.00
LBC	149	31.24	20.11	17.91	30.74	0.00	0.00
LBC	150	30.89	19.61	18.36	31.14	0.00	0.00
# ACGT raw counters for last fragments. Use `grep ^LTC | cut -f 2-` to extract this part. The columns are: A,C,G,T,N base counters
LTC	91663	60458	56359	92120	0
# Insert sizes. Use `grep ^IS | cut -f 2-` to extract this part. The columns are: insert size, pairs total, inward oriented pairs, outward oriented pairs, other pairs
IS	0	0	0	0	0
IS	1	0	0	0	0
IS	2	0	0	0	0
IS	3	0	0	0	0
IS	4	0	0	0	0
IS	5	0	0	0	0
IS	6	0	0	0	0
IS	7	0	0	0	0
IS	8	0	0	0	0
IS	9	0	0	0	0
IS	10	0	0	0	0
IS	11	0	0	0	0
IS	12	0	0	0	0
IS	13	0	0	0	0
IS	14	0	0	0	0
IS	15	0	0	0	0
IS	16	0	0	0	0
IS	17	0	0	0	0
IS	18	0	0	0	0
IS	19	0	0	0	0
IS	20	0	0	0	0
IS	21	0	0	0	0
IS	22	0	0	0	0
IS	23	0	0	0	0
IS	24	0	0	0	0
IS	25	0	0	0	0
IS	26	0	0	0	0
IS	27	0	0	0	0
IS	28	0	0	0	0
IS	29	0	0	0	0
IS	30	0	0	0	0
IS	31	0	0	0	0
IS	32	0	0	0	0
IS	33	0	0	0	0
IS	34	0	0	0	0
IS	35	0	0	0	0
IS	36	0	0	0	0
IS	37	0	0	0	0
IS	38	0	0	0	0
IS	39	0	0	0	0
IS	40	0	0	0	0
IS	41	0	0	0	0
IS	42	0	0	0	0
IS	43	0	0	0	0
IS	44	0	0	0	0
IS	45	0	0	0	0
IS	46	0	0	0	0
IS	47	0	0	0	0
IS	48	0	0	0	0
IS	49	0	0	0	0
IS	50	0	0	0	0
IS	51	0	0	0	0
IS	52	0	0	0	0
IS	53	0	0	0	0
IS	54	0	0	0	0
IS	55	0	0	0	0
IS	56	0	0	0	0
IS	57	0	0	0	0
IS	58	0	0	0	0
IS	59	0	0	0	0
IS	60	0	0	0	0
IS	61	0	0	0	0
IS	62	0	0	0	0
IS	63	0	0	0	0
IS	64	0	0	0	0
IS	65	0	0	0	0
IS	66	0	0	0	0
IS	67	0	0	0	0
IS	68	0	0	0	0
IS	69	0	0	0	0
IS	70	0	0	0	0
IS	71	0	0	0	0
IS	72	0	0	0	0
IS	73	0	0	0	0
IS	74	0	0	0	0
IS	75	0	0	0	0
IS	76	0	0	0	0
IS	77	0	0	0	0
IS	78	0	0	0	0
IS	79	0	0	0	0
IS	80	0	0	0	0
IS	81	0	0	0	0
IS	82	0	0	0	0
IS	83	0	0	0	0
IS	84	0	0	0	0
IS	85	0	0	0	0
IS	86	0	0	0	0
IS	87	0	0	0	0
IS	88	0	0	0	0
IS	89	0	0	0	0
IS	90	0	0	0	0
IS	91	0	0	0	0
IS	92	0	0	0	0
IS	93	0	0	0	0
IS	94	0	0	0	0
IS	95	0	0	0	0
IS	96	0	0	0	0
IS	97	0	0	0	0
IS	98	0	0	0	0
IS	99	0	0	0	0
IS	100	0	0	0	0
IS	101	0	0	0	0
IS	102	0	0	0	0
IS	103	0	0	0	0
IS	104	0	0	0	0
IS	105	0	0	0	0
IS	106	0	0	0	0
IS	107	0	0	0	0
IS	108	0	0	0	0
IS	109	0	0	0	0
IS	110	0	0	0	0
IS	111	0	0	0	0
IS	112	0	0	0	0
IS	113	0	0	0	0
IS	114	0	0	0	0
IS	115	0	0	0	0
IS	116	0	0	0	0
IS	117	0	0	0	0
IS	118	0	0	0	0
IS	119	0	0	0	0
IS	120	0	0	0	0
IS	121	0	0	0	0
IS	122	0	0	0	0
IS	123	0	0	0	0
IS	124	0	0	0	0
IS	125	0	0	0	0
IS	126	0	0	0	0
IS	127	0	0	0	0
IS	128	0	0	0	0
IS	129	0	0	0	0
IS	130	0	0	0	0
IS	131	0	0	0	0
IS	132	0	0	0	0
IS	133	0	0	0	0
IS	134	0	0	0	0
IS	135	0	0	0	0
IS	136	0	0	0	0
IS	137	0	0	0	0
IS	138	0	0	0	0
IS	139	0	0	0	0
IS	140	0	0	0	0
IS	141	0	0	0	0
IS	142	0	0	0	0
IS	143	0	0	0	0
IS	144	0	0	0	0
IS	145	0	0	0	0
IS	146	0	0	0	0
IS	147	0	0	0	0
IS	148	0	0	0	0
IS	149	0	0	0	0
IS	150	0	0	0	0
IS	151	0	0	0	0
IS	152	0	0	0	0
IS	153	0	0	0	0
IS	154	0	0	0	0
IS	155	0	0	0	0
IS	156	0	0	0	0
IS	157	0	0	0	0
IS	158	0	0	0	0
IS	159	0	0	0	0
IS	160	0	0	0	0
IS	161	0	0	0	0
IS	162	0	0	0	0
IS	163	0	0	0	0
IS	164	0	0	0	0
IS	165	0	0	0	0
IS	166	0	0	0	0
IS	167	0	0	0	0
IS	168	0	0	0	0
IS	169	0	0	0	0
IS	170	0	0	0	0
IS	171	0	0	0	0
IS	172	0	0	0	0
IS	173	0	0	0	0
IS	174	0	0	0	0
IS	175	0	0	0	0
IS	176	0	0	0	0
IS	177	0	0	0	0
IS	178	0	0	0	0
IS	179	0	0	0	0
IS	180	0	0	0	0
IS	181	0	0	0	0
IS	182	0	0	0	0
IS	183	0	0	0	0
IS	184	0	0	0	0
IS	185	0	0	0	0
IS	186	0	0	0	0
IS	187	0	0	0	0
IS	188	0	0	0	0
IS	189	0	0	0	0
IS	190	0	0	0	0
IS	191	0	0	0	0
IS	192	0	0	0	0
IS	193	0	0	0	0
IS	194	0	0	0	0
IS	195	0	0	0	0
IS	196	0	0	0	0
IS	197	0	0	0	0
IS	198	0	0	0	0
IS	199	0	0	0	0
IS	200	0	0	0	0
IS	201	0	0	0	0
IS	202	0	0	0	0
IS	203	0	0	0	0
IS	204	0	0	0	0
IS	205	0	0	0	0
IS	206	0	0	0	0
IS	207	0	0	0	0
IS	208	0	0	0	0
IS	209	0	0	0	0
IS	210	0	0	0	0
IS	211	0	0	0	0
IS	212	0	0	0	0
IS	213	0	0	0	0
IS	214	0	0	0	0
IS	215	0	0	0	0
IS	216	0	0	0	0
IS	217	0	0	0	0
IS	218	0	0	0	0
IS	219	0	0	0	0
IS	220	0	0	0	0
IS	221	0	0	0	0
IS	222	0	0	0	0
IS	223	0	0	0	0
IS	224	0	0	0	0
IS	225	0	0	0	0
IS	226	0	0	0	0
IS	227	0	0	0	0
IS	228	0	0	0	0
IS	229	0	0	0	0
IS	230	0	0	0	0
IS	231	0	0	0	0
IS	232	0	0	0	0
IS	233	0	0	0	0
IS	234	0	0	0	0
IS	235	0	0	0	0
IS	236	0	0	0	0
IS	237	0	0	0	0
IS	238	0	0	0	0
IS	239	0	0	0	0
IS	240	0	0	0	0
IS	241	0	0	0	0
IS	242	0	0	0	0
IS	243	0	0	0	0
IS	244	0	0	0	0
IS	245	0	0	0	0
IS	246	0	0	0	0
IS	247	0	0	0	0
IS	248	0	0	0	0
IS	249	0	0	0	0
IS	250	0	0	0	0
IS	251	0	0	0	0
IS	252	0	0	0	0
IS	253	0	0	0	0
IS	254	0	0	0	0
IS	255	0	0	0	0
IS	256	0	0	0	0
IS	257	0	0	0	0
IS	258	0	0	0	0
IS	259	0	0	0	0
IS	260	0	0	0	0
IS	261	0	0	0	0
IS	262	0	0	0	0
IS	263	0	0	0	0
IS	264	0	0	0	0
IS	265	0	0	0	0
IS	266	0	0	0	0
IS	267	0	0	0	0
IS	268	0	0	0	0
IS	269	0	0	0	0
IS	270	0	0	0	0
IS	271	0	0	0	0
IS	272	0	0	0	0
IS	273	0	0	0	0
IS	274	0	0	0	0
IS	275	0	0	0	0
IS	276	0	0	0	0
IS	277	0	0	0	0
IS	278	0	0	0	0
IS	279	0	0	0	0
IS	280	0	0	0	0
IS	281	0	0	0	0
IS	282	0	0	0	0
IS	283	0	0	0	0
IS	284	0	0	0	0
IS	285	0	0	0	0
IS	286	0	0	0	0
IS	287	0	0	0	0
IS	288	0	0	0	0
IS	289	0	0	0	0
IS	290	0	0	0	0
IS	291	0	0	0	0
IS	292	0	0	0	0
IS	293	0	0	0	0
IS	294	0	0	0	0
IS	295	0	0	0	0
IS	296	0	0	0	0
IS	297	0	0	0	0
IS	298	0	0	0	0
IS	299	0	0	0	0
IS	300	0	0	0	0
IS	301	0	0	0	0
IS	302	0	0	0	0
IS	303	0	0	0	0
IS	304	0	0	0	0
IS	305	0	0	0	0
IS	306	0	0	0	0
IS	307	0	0	0	0
IS	308	0	0	0	0
IS	309	0	0	0	0
IS	310	0	0	0	0
IS	311	0	0	0	0
IS	312	0	0	0	0
IS	313	0	0	0	0
IS	314	0	0	0	0
IS	315	0	0	0	0
IS	316	0	0	0	0
IS	317	0	0	0	0
IS	318	0	0	0	0
IS	319	0	0	0	0
IS	320	0	0	0	0
IS	321	0	0	0	0
IS	322	0	0	0	0
IS	323	0	0	0	0
IS	324	0	0	0	0
IS	325	0	0	0	0
IS	326	0	0	0	0
IS	327	0	0	0	0
IS	328	0	0	0	0
IS	329	0	0	0	0
IS	330	0	0	0	0
IS	331	0	0	0	0
IS	332	0	0	0	0
IS	333	0	0	0	0
IS	334	0	0	0	0
IS	335	0	0	0	0
IS	336	1	1	0	0
IS	337	0	0	0	0
IS	338	0	0	0	0
IS	339	0	0	0	0
IS	340	0	0	0	0
IS	341	0	0	0	0
IS	342	0	0	0	0
IS	343	0	0	0	0
IS	344	0	0	0	0
IS	345	0	0	0	0
IS	346	0	0	0	0
IS	347	0	0	0	0
IS	348	0	0	0	0
IS	349	0	0	0	0
IS	350	0	0	0	0
IS	351	0	0	0	0
IS	352	0	0	0	0
IS	353	0	0	0	0
IS	354	0	0	0	0
IS	355	0	0	0	0
IS	356	0	0	0	0
IS	357	0	0	0	0
IS	358	0	0	0	0
IS	359	1	1	0	0
IS	360	0	0	0	0
IS	361	2	2	0	0
IS	362	1	1	0	0
IS	363	0	0	0	0
IS	364	0	0	0	0
IS	365	1	1	0	0
IS	366	0	0	0	0
IS	367	0	0	0	0
IS	368	0	0	0	0
IS	369	1	1	0	0
IS	370	1	1	0	0
IS	371	0	0	0	0
IS	372	0	0	0	0
IS	373	1	1	0	0
IS	374	1	1	0	0
IS	375	0	0	0	0
IS	376	3	3	0	0
IS	377	0	0	0	0
IS	378	0	0	0	0
IS	379	1	1	0	0
IS	380	0	0	0	0
IS	381	0	0	0	0
IS	382	1	1	0	0
IS	383	0	0	0	0
IS	384	2	2	0	0
IS	385	0	0	0	0
IS	386	1	1	0	0
IS	387	3	3	0	0
IS	388	2	2	0	0
IS	389	0	0	0	0
IS	390	1	1	0	0
IS	391	0	0	0	0
IS	392	2	2	0	0
IS	393	3	3	0	0
IS	394	0	0	0	0
IS	395	0	0	0	0
IS	396	2	2	0	0
IS	397	2	2	0	0
IS	398	2	2	0	0
IS	399	4	4	0	0
IS	400	1	1	0	0
IS	401	0	0	0	0
IS	402	1	1	0	0
IS	403	2	2	0	0
IS	404	2	2	0	0
IS	405	5	5	0	0
IS	406	1	1	0	0
IS	407	1	1	0	0
IS	408	1	1	0	0
IS	409	1	1	0	0
IS	410	4	4	0	0
IS	411	5	5	0	0
IS	412	4	4	0	0
IS	413	0	0	0	0
IS	414	6	6	0	0
IS	415	5	5	0	0
IS	416	8	8	0	0
IS	417	2	2	0	0
IS	418	2	2	0	0
IS	419	6	6	0	0
IS	420	1	1	0	0
IS	421	4	4	0	0
IS	422	3	3	0	0
IS	423	5	5	0	0
IS	424	3	3	0	0
IS	425	3	3	0	0
IS	426	8	8	0	0
IS	427	9	9	0	0
IS	428	2	2	0	0
IS	429	6	6	0	0
IS	430	4	4	0	0
IS	431	3	3	0	0
IS	432	4	4	0	0
IS	433	3	3	0	0
IS	434	5	5	0	0
IS	435	3	3	0	0
IS	436	8	8	0	0
IS	437	9	9	0	0
IS	438	7	7	0	0
IS	439	7	7	0	0
IS	440	8	8	0	0
IS	441	7	7	0	0
IS	442	10	10	0	0
IS	443	8	8	0	0
IS	444	9	9	0	0
IS	445	8	8	0	0
IS	446	5	5	0	0
IS	447	6	6	0	0
IS	448	13	13	0	0
IS	449	10	10	0	0
IS	450	13	13	0	0
IS	451	4	4	0	0
IS	452	6	6	0	0
IS	453	10	10	0	0
IS	454	14	14	0	0
IS	455	13	13	0	0
IS	456	14	14	0	0
IS	457	14	14	0	0
IS	458	15	15	0	0
IS	459	12	12	0	0
IS	460	9	9	0	0
IS	461	9	9	0	0
IS	462	10	10	0	0
IS	463	9	9	0	0
IS	464	11	11	0	0
IS	465	14	14	0	0
IS	466	20	20	0	0
IS	467	8	8	0	0
IS	468	12	12	0	0
IS	469	18	18	0	0
IS	470	14	14	0	0
IS	471	10	10	0	0
IS	472	11	11	0	0
IS	473	21	21	0	0
IS	474	6	6	0	0
IS	475	17	17	0	0
IS	476	14	14	0	0
IS	477	14	14	0	0
IS	478	8	8	0	0
IS	479	14	14	0	0
IS	480	15	15	0	0
IS	481	14	14	0	0
IS	482	12	12	0	0
IS	483	10	10	0	0
IS	484	16	16	0	0
IS	485	15	15	0	0
IS	486	11	11	0	0
IS	487	12	12	0	0
IS	488	15	15	0	0
IS	489	17	17	0	0
IS	490	12	12	0	0
IS	491	18	18	0	0
IS	492	24	24	0	0
IS	493	13	13	0	0
IS	494	11	11	0	0
IS	495	19	19	0	0
IS	496	22	22	0	0
IS	497	12	12	0	0
IS	498	12	12	0	0
IS	499	14	14	0	0
IS	500	23	23	0	0
IS	501	20	20	0	0
IS	502	14	14	0	0
IS	503	14	14	0	0
IS	504	16	16	0	0
IS	505	17	17	0	0
IS	506	13	13	0	0
IS	507	17	17	0	0
IS	508	21	21	0	0
IS	509	18	18	0	0
IS	510	12	12	0	0
IS	511	12	12	0	0
IS	512	15	15	0	0
IS	513	19	19	0	0
IS	514	14	14	0	0
IS	515	22	22	0	0
IS	516	17	17	0	0
IS	517	16	16	0	0
IS	518	13	13	0	0
IS	519	8	8	0	0
IS	520	14	14	0	0
IS	521	11	11	0	0
IS	522	16	16	0	0
IS	523	18	18	0	0
IS	524	10	10	0	0
IS	525	15	15	0	0
IS	526	15	15	0	0
IS	527	22	22	0	0
IS	528	27	27	0	0
IS	529	10	10	0	0
IS	530	7	7	0	0
IS	531	15	15	0	0
IS	532	9	9	0	0
IS	533	9	9	0	0
IS	534	18	18	0	0
IS	535	12	12	0	0
IS	536	9	9	0	0
IS	537	11	11	0	0
IS	538	12	12	0	0
IS	539	18	18	0	0
IS	540	10	10	0	0
IS	541	14	14	0	0
IS	542	12	12	0	0
IS	543	11	11	0	0
IS	544	20	20	0	0
IS	545	10	10	0	0
IS	546	5	5	0	0
IS	547	13	13	0	0
IS	548	7	7	0	0
IS	549	6	6	0	0
IS	550	15	15	0	0
IS	551	8	8	0	0
IS	552	9	9	0	0
IS	553	15	15	0	0
IS	554	4	4	0	0
IS	555	6	6	0	0
IS	556	11	11	0	0
IS	557	13	13	0	0
IS	558	12	12	0	0
IS	559	14	14	0	0
IS	560	8	8	0	0
IS	561	11	11	0	0
IS	562	12	12	0	0
IS	563	7	7	0	0
IS	564	5	5	0	0
IS	565	5	5	0	0
IS	566	7	7	0	0
IS	567	6	6	0	0
IS	568	4	4	0	0
IS	569	5	5	0	0
IS	570	9	9	0	0
IS	571	9	9	0	0
IS	572	9	9	0	0
IS	573	9	9	0	0
IS	574	6	6	0	0
IS	575	8	8	0	0
IS	576	7	7	0	0
IS	577	6	6	0	0
IS	578	3	3	0	0
IS	579	1	1	0	0
IS	580	6	6	0	0
IS	581	11	11	0	0
IS	582	7	7	0	0
IS	583	2	2	0	0
IS	584	5	5	0	0
IS	585	3	3	0	0
IS	586	2	2	0	0
IS	587	2	2	0	0
IS	588	3	3	0	0
IS	589	3	3	0	0
IS	590	3	3	0	0
IS	591	2	2	0	0
IS	592	4	4	0	0
IS	593	0	0	0	0
IS	594	2	2	0	0
IS	595	2	2	0	0
IS	596	2	2	0	0
IS	597	0	0	0	0
IS	598	3	3	0	0
IS	599	2	2	0	0
IS	600	0	0	0	0
IS	601	2	2	0	0
IS	602	0	0	0	0
IS	603	0	0	0	0
IS	604	6	6	0	0
IS	605	5	5	0	0
IS	606	1	1	0	0
IS	607	1	1	0	0
IS	608	1	1	0	0
IS	609	1	1	0	0
IS	610	3	3	0	0
IS	611	2	2	0	0
IS	612	2	2	0	0
IS	613	3	3	0	0
IS	614	1	1	0	0
IS	615	1	1	0	0
IS	616	0	0	0	0
IS	617	1	1	0	0
IS	618	0	0	0	0
IS	619	1	1	0	0
IS	620	0	0	0	0
IS	621	0	0	0	0
IS	622	2	2	0	0
IS	623	1	1	0	0
# Read lengths. Use `grep ^RL | cut -f 2-` to extract this part. The columns are: read length, count
RL	150	4008
# Read lengths - first fragments. Use `grep ^FRL | cut -f 2-` to extract this part. The columns are: read length, count
FRL	150	2004
# Read lengths - last fragments. Use `grep ^LRL | cut -f 2-` to extract this part. The columns are: read length, count
LRL	150	2004
# Mapping qualities for reads !(UNMAP|SECOND|SUPPL|QCFAIL|DUP). Use `grep ^MAPQ | cut -f 2-` to extract this part. The columns are: mapq, count
MAPQ	0	18
MAPQ	21	1
MAPQ	27	10
MAPQ	33	2
MAPQ	39	2
MAPQ	40	25
MAPQ	43	2
MAPQ	47	1
MAPQ	48	39
MAPQ	50	1
MAPQ	52	1
MAPQ	57	11
MAPQ	59	5
MAPQ	60	3890
# Indel distribution. Use `grep ^ID | cut -f 2-` to extract this part. The columns are: length, number of insertions, number of deletions
# Indels per cycle. Use `grep ^IC | cut -f 2-` to extract this part. The columns are: cycle, number of insertions (fwd), .. (rev) , number of deletions (fwd), .. (rev)
# Coverage distribution. Use `grep ^COV | cut -f 2-` to extract this part.
COV	[1-1]	1	4949
COV	[2-2]	2	9276
COV	[3-3]	3	13752
COV	[4-4]	4	20255
COV	[5-5]	5	19499
COV	[6-6]	6	17367
COV	[7-7]	7	12107
COV	[8-8]	8	8784
COV	[9-9]	9	5047
COV	[10-10]	10	2553
COV	[11-11]	11	1135
COV	[12-12]	12	623
COV	[13-13]	13	295
COV	[14-14]	14	189
COV	[15-15]	15	82
COV	[16-16]	16	5
# GC-depth. Use `grep ^GCD | cut -f 2-` to extract this part. The columns are: GC%, unique sequence percentiles, 10th, 25th, 50th, 75th and 90th depth percentile
GCD	0.0	15.385	0.000	0.000	0.000	0.000	0.000
GCD	37.0	30.769	2.505	2.505	2.505	2.505	2.505
GCD	38.0	53.846	2.505	2.505	2.505	2.505	2.505
GCD	39.0	69.231	2.505	2.505	2.505	2.505	2.505
GCD	40.0	92.308	2.505	2.505	2.505	2.505	2.505
GCD	45.0	100.000	2.505	2.505	2.505	2.505	2.505
