# This file was produced by samtools stats (1.20+htslib-1.21) and can be plotted using plot-bamstats
# This file contains statistics for all reads.
# The command line was:  stats sample3800.sorted.group.rmdup.bam
# CHK, Checksum	[2]Read Names	[3]Sequences	[4]Qualities
# CHK, CRC32 of reads which passed filtering followed by addition (32bit overflow)
CHK	f29a12c6	8a5279b7	f1f23d24
# Summary Numbers. Use `grep ^SN | cut -f 2-` to extract this part.
SN	raw total sequences:	4006	# excluding supplementary and secondary reads
SN	filtered sequences:	0
SN	sequences:	4006
SN	is sorted:	1
SN	1st fragments:	2003
SN	last fragments:	2003
SN	reads mapped:	4006
SN	reads mapped and paired:	4006	# paired-end technology bit set + both mates mapped
SN	reads unmapped:	0
SN	reads properly paired:	4006	# proper-pair bit set
SN	reads paired:	4006	# paired-end technology bit set
SN	reads duplicated:	0	# PCR or optical duplicate bit set
SN	reads MQ0:	12	# mapped and MQ=0
SN	reads QC failed:	0
SN	non-primary alignments:	0
SN	supplementary alignments:	0
SN	total length:	600900	# ignores clipping
SN	total first fragment length:	300450	# ignores clipping
SN	total last fragment length:	300450	# ignores clipping
SN	bases mapped:	600900	# ignores clipping
SN	bases mapped (cigar):	600900	# more accurate
SN	bases trimmed:	0
SN	bases duplicated:	0
SN	mismatches:	965	# from NM fields
SN	error rate:	1.605924e-03	# mismatches / bases mapped (cigar)
SN	average length:	150
SN	average first fragment length:	150
SN	average last fragment length:	150
SN	maximum length:	150
SN	maximum first fragment length:	150
SN	maximum last fragment length:	150
SN	average quality:	30.0
SN	insert size average:	497.8
SN	insert size standard deviation:	48.8
SN	inward oriented pairs:	2003
SN	outward oriented pairs:	0
SN	pairs with other orientation:	0
SN	pairs on different chromosomes:	0
SN	percentage of properly paired reads (%):	100.0
# First Fragment Qualities. Use `grep ^FFQ | cut -f 2-` to extract this part.
# Columns correspond to qualities and rows to cycles. First column is the cycle number.
FFQ	1	0	0	0	0	0	0	0	0	0	0	0	0	0	0	0	0	0	0	0	0	0	0	0	0	0	0	0	0	0	0	2003	0
FFQ	2	0	0	0	0	0	0	0	0	0	0	0	0	0	0	0	0	0	0	0	0	0	0	0	0	0	0	0	0	0	0	2003	0
FFQ	3	0	0	0	0	0	0	0	0	0	0	0	0	0	0	0	0	0	0	0	0	0	0	0	0	0	0	0	0	0	0	2003	0
FFQ	4	0	0	0	0	0	0	0	0	0	0	0	0	0	0	0	0	0	0	0	0	0	0	0	0	0	0	0	0	0	0	2003	0
FFQ	5	0	0	0	0	0	0	0	0	0	0	0	0	0	0	0	0	0	0	0	0	0	0	0	0	0	0	0	0	0	0	2003	0
FFQ	6	0	0	0	0	0	0	0	0	0	0	0	0	0	0	0	0	0	0	0	0	0	0	0	0	0	0	0	0	0	0	2003	0
FFQ	7	0	0	0	0	0	0	0	0	0	0	0	0	0	0	0	0	0	0	0	0	0	0	0	0	0	0	0	0	0	0	2003	0
FFQ	8	0	0	0	0	0	0	0	0	0	0	0	0	0	0	0	0	0	0	0	0	0	0	0	0	0	0	0	0	0	0	2003	0
FFQ	9	0	0	0	0	0	0	0	0	0	0	0	0	0	0	0	0	0	0	0	0	0	0	0	0	0	0	0	0	0	0	2003	0
FFQ	10	0	0	0	0	0	0	0	0	0	0	0	0	0	0	0	0	0	0	0	0	0	0	0	0	0	0	0	0	0	0	2003	0
FFQ	11	0	0	0	0	0	0	0	0	0	0	0	0	0	0	0	0	0	0	0	0	0	0	0	0	0	0	0	0	0	0	2003	0
FFQ	12	0	0	0	0	0	0	0	0	0	0	0	0	0	0	0	0	0	0	0	0	0	0	0	0	0	0	0	0	0	0	2003	0
FFQ	13	0	0	0	0	0	0	0	0	0	0	0	0	0	0	0	0	0	0	0	0	0	0	0	0	0	0	0	0	0	0	2003	0
FFQ	14	0	0	0	0	0	0	0	0	0	0	0	0	0	0	0	0	0	0	0	0	0	0	0	0	0	0	0	0	0	0	2003	0
FFQ	15	0	0	0	0	0	0	0	0	0	0	0	0	0	0	0	0	0	0	0	0	0	0	0	0	0	0	0	0	0	0	2003	0
FFQ	16	0	0	0	0	0	0	0	0	0	0	0	0	0	0	0	0	0	0	0	0	0	0	0	0	0	0	0	0	0	0	2003	0
FFQ	17	0	0	0	0	0	0	0	0	0	0	0	0	0	0	0	0	0	0	0	0	0	0	0	0	0	0	0	0	0	0	2003	0
FFQ	18	0	0	0	0	0	0	0	0	0	0	0	0	0	0	0	0	0	0	0	0	0	0	0	0	0	0	0	0	0	0	2003	0
FFQ	19	0	0	0	0	0	0	0	0	0	0	0	0	0	0	0	0	0	0	0	0	0	0	0	0	0	0	0	0	0	0	2003	0
FFQ	20	0	0	0	0	0	0	0	0	0	0	0	0	0	0	0	0	0	0	0	0	0	0	0	0	0	0	0	0	0	0	2003	0
FFQ	21	0	0	0	0	0	0	0	0	0	0	0	0	0	0	0	0	0	0	0	0	0	0	0	0	0	0	0	0	0	0	2003	0
FFQ	22	0	0	0	0	0	0	0	0	0	0	0	0	0	0	0	0	0	0	0	0	0	0	0	0	0	0	0	0	0	0	2003	0
FFQ	23	0	0	0	0	0	0	0	0	0	0	0	0	0	0	0	0	0	0	0	0	0	0	0	0	0	0	0	0	0	0	2003	0
FFQ	24	0	0	0	0	0	0	0	0	0	0	0	0	0	0	0	0	0	0	0	0	0	0	0	0	0	0	0	0	0	0	2003	0
FFQ	25	0	0	0	0	0	0	0	0	0	0	0	0	0	0	0	0	0	0	0	0	0	0	0	0	0	0	0	0	0	0	2003	0
FFQ	26	0	0	0	0	0	0	0	0	0	0	0	0	0	0	0	0	0	0	0	0	0	0	0	0	0	0	0	0	0	0	2003	0
FFQ	27	0	0	0	0	0	0	0	0	0	0	0	0	0	0	0	0	0	0	0	0	0	0	0	0	0	0	0	0	0	0	2003	0
FFQ	28	0	0	0	0	0	0	0	0	0	0	0	0	0	0	0	0	0	0	0	0	0	0	0	0	0	0	0	0	0	0	2003	0
FFQ	29	0	0	0	0	0	0	0	0	0	0	0	0	0	0	0	0	0	0	0	0	0	0	0	0	0	0	0	0	0	0	2003	0
FFQ	30	0	0	0	0	0	0	0	0	0	0	0	0	0	0	0	0	0	0	0	0	0	0	0	0	0	0	0	0	0	0	2003	0
FFQ	31	0	0	0	0	0	0	0	0	0	0	0	0	0	0	0	0	0	0	0	0	0	0	0	0	0	0	0	0	0	0	2003	0
FFQ	32	0	0	0	0	0	0	0	0	0	0	0	0	0	0	0	0	0	0	0	0	0	0	0	0	0	0	0	0	0	0	2003	0
FFQ	33	0	0	0	0	0	0	0	0	0	0	0	0	0	0	0	0	0	0	0	0	0	0	0	0	0	0	0	0	0	0	2003	0
FFQ	34	0	0	0	0	0	0	0	0	0	0	0	0	0	0	0	0	0	0	0	0	0	0	0	0	0	0	0	0	0	0	2003	0
FFQ	35	0	0	0	0	0	0	0	0	0	0	0	0	0	0	0	0	0	0	0	0	0	0	0	0	0	0	0	0	0	0	2003	0
FFQ	36	0	0	0	0	0	0	0	0	0	0	0	0	0	0	0	0	0	0	0	0	0	0	0	0	0	0	0	0	0	0	2003	0
FFQ	37	0	0	0	0	0	0	0	0	0	0	0	0	0	0	0	0	0	0	0	0	0	0	0	0	0	0	0	0	0	0	2003	0
FFQ	38	0	0	0	0	0	0	0	0	0	0	0	0	0	0	0	0	0	0	0	0	0	0	0	0	0	0	0	0	0	0	2003	0
FFQ	39	0	0	0	0	0	0	0	0	0	0	0	0	0	0	0	0	0	0	0	0	0	0	0	0	0	0	0	0	0	0	2003	0
FFQ	40	0	0	0	0	0	0	0	0	0	0	0	0	0	0	0	0	0	0	0	0	0	0	0	0	0	0	0	0	0	0	2003	0
FFQ	41	0	0	0	0	0	0	0	0	0	0	0	0	0	0	0	0	0	0	0	0	0	0	0	0	0	0	0	0	0	0	2003	0
FFQ	42	0	0	0	0	0	0	0	0	0	0	0	0	0	0	0	0	0	0	0	0	0	0	0	0	0	0	0	0	0	0	2003	0
FFQ	43	0	0	0	0	0	0	0	0	0	0	0	0	0	0	0	0	0	0	0	0	0	0	0	0	0	0	0	0	0	0	2003	0
FFQ	44	0	0	0	0	0	0	0	0	0	0	0	0	0	0	0	0	0	0	0	0	0	0	0	0	0	0	0	0	0	0	2003	0
FFQ	45	0	0	0	0	0	0	0	0	0	0	0	0	0	0	0	0	0	0	0	0	0	0	0	0	0	0	0	0	0	0	2003	0
FFQ	46	0	0	0	0	0	0	0	0	0	0	0	0	0	0	0	0	0	0	0	0	0	0	0	0	0	0	0	0	0	0	2003	0
FFQ	47	0	0	0	0	0	0	0	0	0	0	0	0	0	0	0	0	0	0	0	0	0	0	0	0	0	0	0	0	0	0	2003	0
FFQ	48	0	0	0	0	0	0	0	0	0	0	0	0	0	0	0	0	0	0	0	0	0	0	0	0	0	0	0	0	0	0	2003	0
FFQ	49	0	0	0	0	0	0	0	0	0	0	0	0	0	0	0	0	0	0	0	0	0	0	0	0	0	0	0	0	0	0	2003	0
FFQ	50	0	0	0	0	0	0	0	0	0	0	0	0	0	0	0	0	0	0	0	0	0	0	0	0	0	0	0	0	0	0	2003	0
FFQ	51	0	0	0	0	0	0	0	0	0	0	0	0	0	0	0	0	0	0	0	0	0	0	0	0	0	0	0	0	0	0	2003	0
FFQ	52	0	0	0	0	0	0	0	0	0	0	0	0	0	0	0	0	0	0	0	0	0	0	0	0	0	0	0	0	0	0	2003	0
FFQ	53	0	0	0	0	0	0	0	0	0	0	0	0	0	0	0	0	0	0	0	0	0	0	0	0	0	0	0	0	0	0	2003	0
FFQ	54	0	0	0	0	0	0	0	0	0	0	0	0	0	0	0	0	0	0	0	0	0	0	0	0	0	0	0	0	0	0	2003	0
FFQ	55	0	0	0	0	0	0	0	0	0	0	0	0	0	0	0	0	0	0	0	0	0	0	0	0	0	0	0	0	0	0	2003	0
FFQ	56	0	0	0	0	0	0	0	0	0	0	0	0	0	0	0	0	0	0	0	0	0	0	0	0	0	0	0	0	0	0	2003	0
FFQ	57	0	0	0	0	0	0	0	0	0	0	0	0	0	0	0	0	0	0	0	0	0	0	0	0	0	0	0	0	0	0	2003	0
FFQ	58	0	0	0	0	0	0	0	0	0	0	0	0	0	0	0	0	0	0	0	0	0	0	0	0	0	0	0	0	0	0	2003	0
FFQ	59	0	0	0	0	0	0	0	0	0	0	0	0	0	0	0	0	0	0	0	0	0	0	0	0	0	0	0	0	0	0	2003	0
FFQ	60	0	0	0	0	0	0	0	0	0	0	0	0	0	0	0	0	0	0	0	0	0	0	0	0	0	0	0	0	0	0	2003	0
FFQ	61	0	0	0	0	0	0	0	0	0	0	0	0	0	0	0	0	0	0	0	0	0	0	0	0	0	0	0	0	0	0	2003	0
FFQ	62	0	0	0	0	0	0	0	0	0	0	0	0	0	0	0	0	0	0	0	0	0	0	0	0	0	0	0	0	0	0	2003	0
FFQ	63	0	0	0	0	0	0	0	0	0	0	0	0	0	0	0	0	0	0	0	0	0	0	0	0	0	0	0	0	0	0	2003	0
FFQ	64	0	0	0	0	0	0	0	0	0	0	0	0	0	0	0	0	0	0	0	0	0	0	0	0	0	0	0	0	0	0	2003	0
FFQ	65	0	0	0	0	0	0	0	0	0	0	0	0	0	0	0	0	0	0	0	0	0	0	0	0	0	0	0	0	0	0	2003	0
FFQ	66	0	0	0	0	0	0	0	0	0	0	0	0	0	0	0	0	0	0	0	0	0	0	0	0	0	0	0	0	0	0	2003	0
FFQ	67	0	0	0	0	0	0	0	0	0	0	0	0	0	0	0	0	0	0	0	0	0	0	0	0	0	0	0	0	0	0	2003	0
FFQ	68	0	0	0	0	0	0	0	0	0	0	0	0	0	0	0	0	0	0	0	0	0	0	0	0	0	0	0	0	0	0	2003	0
FFQ	69	0	0	0	0	0	0	0	0	0	0	0	0	0	0	0	0	0	0	0	0	0	0	0	0	0	0	0	0	0	0	2003	0
FFQ	70	0	0	0	0	0	0	0	0	0	0	0	0	0	0	0	0	0	0	0	0	0	0	0	0	0	0	0	0	0	0	2003	0
FFQ	71	0	0	0	0	0	0	0	0	0	0	0	0	0	0	0	0	0	0	0	0	0	0	0	0	0	0	0	0	0	0	2003	0
FFQ	72	0	0	0	0	0	0	0	0	0	0	0	0	0	0	0	0	0	0	0	0	0	0	0	0	0	0	0	0	0	0	2003	0
FFQ	73	0	0	0	0	0	0	0	0	0	0	0	0	0	0	0	0	0	0	0	0	0	0	0	0	0	0	0	0	0	0	2003	0
FFQ	74	0	0	0	0	0	0	0	0	0	0	0	0	0	0	0	0	0	0	0	0	0	0	0	0	0	0	0	0	0	0	2003	0
FFQ	75	0	0	0	0	0	0	0	0	0	0	0	0	0	0	0	0	0	0	0	0	0	0	0	0	0	0	0	0	0	0	2003	0
FFQ	76	0	0	0	0	0	0	0	0	0	0	0	0	0	0	0	0	0	0	0	0	0	0	0	0	0	0	0	0	0	0	2003	0
FFQ	77	0	0	0	0	0	0	0	0	0	0	0	0	0	0	0	0	0	0	0	0	0	0	0	0	0	0	0	0	0	0	2003	0
FFQ	78	0	0	0	0	0	0	0	0	0	0	0	0	0	0	0	0	0	0	0	0	0	0	0	0	0	0	0	0	0	0	2003	0
FFQ	79	0	0	0	0	0	0	0	0	0	0	0	0	0	0	0	0	0	0	0	0	0	0	0	0	0	0	0	0	0	0	2003	0
FFQ	80	0	0	0	0	0	0	0	0	0	0	0	0	0	0	0	0	0	0	0	0	0	0	0	0	0	0	0	0	0	0	2003	0
FFQ	81	0	0	0	0	0	0	0	0	0	0	0	0	0	0	0	0	0	0	0	0	0	0	0	0	0	0	0	0	0	0	2003	0
FFQ	82	0	0	0	0	0	0	0	0	0	0	0	0	0	0	0	0	0	0	0	0	0	0	0	0	0	0	0	0	0	0	2003	0
FFQ	83	0	0	0	0	0	0	0	0	0	0	0	0	0	0	0	0	0	0	0	0	0	0	0	0	0	0	0	0	0	0	2003	0
FFQ	84	0	0	0	0	0	0	0	0	0	0	0	0	0	0	0	0	0	0	0	0	0	0	0	0	0	0	0	0	0	0	2003	0
FFQ	85	0	0	0	0	0	0	0	0	0	0	0	0	0	0	0	0	0	0	0	0	0	0	0	0	0	0	0	0	0	0	2003	0
FFQ	86	0	0	0	0	0	0	0	0	0	0	0	0	0	0	0	0	0	0	0	0	0	0	0	0	0	0	0	0	0	0	2003	0
FFQ	87	0	0	0	0	0	0	0	0	0	0	0	0	0	0	0	0	0	0	0	0	0	0	0	0	0	0	0	0	0	0	2003	0
FFQ	88	0	0	0	0	0	0	0	0	0	0	0	0	0	0	0	0	0	0	0	0	0	0	0	0	0	0	0	0	0	0	2003	0
FFQ	89	0	0	0	0	0	0	0	0	0	0	0	0	0	0	0	0	0	0	0	0	0	0	0	0	0	0	0	0	0	0	2003	0
FFQ	90	0	0	0	0	0	0	0	0	0	0	0	0	0	0	0	0	0	0	0	0	0	0	0	0	0	0	0	0	0	0	2003	0
FFQ	91	0	0	0	0	0	0	0	0	0	0	0	0	0	0	0	0	0	0	0	0	0	0	0	0	0	0	0	0	0	0	2003	0
FFQ	92	0	0	0	0	0	0	0	0	0	0	0	0	0	0	0	0	0	0	0	0	0	0	0	0	0	0	0	0	0	0	2003	0
FFQ	93	0	0	0	0	0	0	0	0	0	0	0	0	0	0	0	0	0	0	0	0	0	0	0	0	0	0	0	0	0	0	2003	0
FFQ	94	0	0	0	0	0	0	0	0	0	0	0	0	0	0	0	0	0	0	0	0	0	0	0	0	0	0	0	0	0	0	2003	0
FFQ	95	0	0	0	0	0	0	0	0	0	0	0	0	0	0	0	0	0	0	0	0	0	0	0	0	0	0	0	0	0	0	2003	0
FFQ	96	0	0	0	0	0	0	0	0	0	0	0	0	0	0	0	0	0	0	0	0	0	0	0	0	0	0	0	0	0	0	2003	0
FFQ	97	0	0	0	0	0	0	0	0	0	0	0	0	0	0	0	0	0	0	0	0	0	0	0	0	0	0	0	0	0	0	2003	0
FFQ	98	0	0	0	0	0	0	0	0	0	0	0	0	0	0	0	0	0	0	0	0	0	0	0	0	0	0	0	0	0	0	2003	0
FFQ	99	0	0	0	0	0	0	0	0	0	0	0	0	0	0	0	0	0	0	0	0	0	0	0	0	0	0	0	0	0	0	2003	0
FFQ	100	0	0	0	0	0	0	0	0	0	0	0	0	0	0	0	0	0	0	0	0	0	0	0	0	0	0	0	0	0	0	2003	0
FFQ	101	0	0	0	0	0	0	0	0	0	0	0	0	0	0	0	0	0	0	0	0	0	0	0	0	0	0	0	0	0	0	2003	0
FFQ	102	0	0	0	0	0	0	0	0	0	0	0	0	0	0	0	0	0	0	0	0	0	0	0	0	0	0	0	0	0	0	2003	0
FFQ	103	0	0	0	0	0	0	0	0	0	0	0	0	0	0	0	0	0	0	0	0	0	0	0	0	0	0	0	0	0	0	2003	0
FFQ	104	0	0	0	0	0	0	0	0	0	0	0	0	0	0	0	0	0	0	0	0	0	0	0	0	0	0	0	0	0	0	2003	0
FFQ	105	0	0	0	0	0	0	0	0	0	0	0	0	0	0	0	0	0	0	0	0	0	0	0	0	0	0	0	0	0	0	2003	0
FFQ	106	0	0	0	0	0	0	0	0	0	0	0	0	0	0	0	0	0	0	0	0	0	0	0	0	0	0	0	0	0	0	2003	0
FFQ	107	0	0	0	0	0	0	0	0	0	0	0	0	0	0	0	0	0	0	0	0	0	0	0	0	0	0	0	0	0	0	2003	0
FFQ	108	0	0	0	0	0	0	0	0	0	0	0	0	0	0	0	0	0	0	0	0	0	0	0	0	0	0	0	0	0	0	2003	0
FFQ	109	0	0	0	0	0	0	0	0	0	0	0	0	0	0	0	0	0	0	0	0	0	0	0	0	0	0	0	0	0	0	2003	0
FFQ	110	0	0	0	0	0	0	0	0	0	0	0	0	0	0	0	0	0	0	0	0	0	0	0	0	0	0	0	0	0	0	2003	0
FFQ	111	0	0	0	0	0	0	0	0	0	0	0	0	0	0	0	0	0	0	0	0	0	0	0	0	0	0	0	0	0	0	2003	0
FFQ	112	0	0	0	0	0	0	0	0	0	0	0	0	0	0	0	0	0	0	0	0	0	0	0	0	0	0	0	0	0	0	2003	0
FFQ	113	0	0	0	0	0	0	0	0	0	0	0	0	0	0	0	0	0	0	0	0	0	0	0	0	0	0	0	0	0	0	2003	0
FFQ	114	0	0	0	0	0	0	0	0	0	0	0	0	0	0	0	0	0	0	0	0	0	0	0	0	0	0	0	0	0	0	2003	0
FFQ	115	0	0	0	0	0	0	0	0	0	0	0	0	0	0	0	0	0	0	0	0	0	0	0	0	0	0	0	0	0	0	2003	0
FFQ	116	0	0	0	0	0	0	0	0	0	0	0	0	0	0	0	0	0	0	0	0	0	0	0	0	0	0	0	0	0	0	2003	0
FFQ	117	0	0	0	0	0	0	0	0	0	0	0	0	0	0	0	0	0	0	0	0	0	0	0	0	0	0	0	0	0	0	2003	0
FFQ	118	0	0	0	0	0	0	0	0	0	0	0	0	0	0	0	0	0	0	0	0	0	0	0	0	0	0	0	0	0	0	2003	0
FFQ	119	0	0	0	0	0	0	0	0	0	0	0	0	0	0	0	0	0	0	0	0	0	0	0	0	0	0	0	0	0	0	2003	0
FFQ	120	0	0	0	0	0	0	0	0	0	0	0	0	0	0	0	0	0	0	0	0	0	0	0	0	0	0	0	0	0	0	2003	0
FFQ	121	0	0	0	0	0	0	0	0	0	0	0	0	0	0	0	0	0	0	0	0	0	0	0	0	0	0	0	0	0	0	2003	0
FFQ	122	0	0	0	0	0	0	0	0	0	0	0	0	0	0	0	0	0	0	0	0	0	0	0	0	0	0	0	0	0	0	2003	0
FFQ	123	0	0	0	0	0	0	0	0	0	0	0	0	0	0	0	0	0	0	0	0	0	0	0	0	0	0	0	0	0	0	2003	0
FFQ	124	0	0	0	0	0	0	0	0	0	0	0	0	0	0	0	0	0	0	0	0	0	0	0	0	0	0	0	0	0	0	2003	0
FFQ	125	0	0	0	0	0	0	0	0	0	0	0	0	0	0	0	0	0	0	0	0	0	0	0	0	0	0	0	0	0	0	2003	0
FFQ	126	0	0	0	0	0	0	0	0	0	0	0	0	0	0	0	0	0	0	0	0	0	0	0	0	0	0	0	0	0	0	2003	0
FFQ	127	0	0	0	0	0	0	0	0	0	0	0	0	0	0	0	0	0	0	0	0	0	0	0	0	0	0	0	0	0	0	2003	0
FFQ	128	0	0	0	0	0	0	0	0	0	0	0	0	0	0	0	0	0	0	0	0	0	0	0	0	0	0	0	0	0	0	2003	0
FFQ	129	0	0	0	0	0	0	0	0	0	0	0	0	0	0	0	0	0	0	0	0	0	0	0	0	0	0	0	0	0	0	2003	0
FFQ	130	0	0	0	0	0	0	0	0	0	0	0	0	0	0	0	0	0	0	0	0	0	0	0	0	0	0	0	0	0	0	2003	0
FFQ	131	0	0	0	0	0	0	0	0	0	0	0	0	0	0	0	0	0	0	0	0	0	0	0	0	0	0	0	0	0	0	2003	0
FFQ	132	0	0	0	0	0	0	0	0	0	0	0	0	0	0	0	0	0	0	0	0	0	0	0	0	0	0	0	0	0	0	2003	0
FFQ	133	0	0	0	0	0	0	0	0	0	0	0	0	0	0	0	0	0	0	0	0	0	0	0	0	0	0	0	0	0	0	2003	0
FFQ	134	0	0	0	0	0	0	0	0	0	0	0	0	0	0	0	0	0	0	0	0	0	0	0	0	0	0	0	0	0	0	2003	0
FFQ	135	0	0	0	0	0	0	0	0	0	0	0	0	0	0	0	0	0	0	0	0	0	0	0	0	0	0	0	0	0	0	2003	0
FFQ	136	0	0	0	0	0	0	0	0	0	0	0	0	0	0	0	0	0	0	0	0	0	0	0	0	0	0	0	0	0	0	2003	0
FFQ	137	0	0	0	0	0	0	0	0	0	0	0	0	0	0	0	0	0	0	0	0	0	0	0	0	0	0	0	0	0	0	2003	0
FFQ	138	0	0	0	0	0	0	0	0	0	0	0	0	0	0	0	0	0	0	0	0	0	0	0	0	0	0	0	0	0	0	2003	0
FFQ	139	0	0	0	0	0	0	0	0	0	0	0	0	0	0	0	0	0	0	0	0	0	0	0	0	0	0	0	0	0	0	2003	0
FFQ	140	0	0	0	0	0	0	0	0	0	0	0	0	0	0	0	0	0	0	0	0	0	0	0	0	0	0	0	0	0	0	2003	0
FFQ	141	0	0	0	0	0	0	0	0	0	0	0	0	0	0	0	0	0	0	0	0	0	0	0	0	0	0	0	0	0	0	2003	0
FFQ	142	0	0	0	0	0	0	0	0	0	0	0	0	0	0	0	0	0	0	0	0	0	0	0	0	0	0	0	0	0	0	2003	0
FFQ	143	0	0	0	0	0	0	0	0	0	0	0	0	0	0	0	0	0	0	0	0	0	0	0	0	0	0	0	0	0	0	2003	0
FFQ	144	0	0	0	0	0	0	0	0	0	0	0	0	0	0	0	0	0	0	0	0	0	0	0	0	0	0	0	0	0	0	2003	0
FFQ	145	0	0	0	0	0	0	0	0	0	0	0	0	0	0	0	0	0	0	0	0	0	0	0	0	0	0	0	0	0	0	2003	0
FFQ	146	0	0	0	0	0	0	0	0	0	0	0	0	0	0	0	0	0	0	0	0	0	0	0	0	0	0	0	0	0	0	2003	0
FFQ	147	0	0	0	0	0	0	0	0	0	0	0	0	0	0	0	0	0	0	0	0	0	0	0	0	0	0	0	0	0	0	2003	0
FFQ	148	0	0	0	0	0	0	0	0	0	0	0	0	0	0	0	0	0	0	0	0	0	0	0	0	0	0	0	0	0	0	2003	0
FFQ	149	0	0	0	0	0	0	0	0	0	0	0	0	0	0	0	0	0	0	0	0	0	0	0	0	0	0	0	0	0	0	2003	0
FFQ	150	0	0	0	0	0	0	0	0	0	0	0	0	0	0	0	0	0	0	0	0	0	0	0	0	0	0	0	0	0	0	2003	0
# Last Fragment Qualities. Use `grep ^LFQ | cut -f 2-` to extract this part.
# Columns correspond to qualities and rows to cycles. First column is the cycle number.
LFQ	1	0	0	0	0	0	0	0	0	0	0	0	0	0	0	0	0	0	0	0	0	0	0	0	0	0	0	0	0	0	0	2003	0
LFQ	2	0	0	0	0	0	0	0	0	0	0	0	0	0	0	0	0	0	0	0	0	0	0	0	0	0	0	0	0	0	0	2003	0
LFQ	3	0	0	0	0	0	0	0	0	0	0	0	0	0	0	0	0	0	0	0	0	0	0	0	0	0	0	0	0	0	0	2003	0
LFQ	4	0	0	0	0	0	0	0	0	0	0	0	0	0	0	0	0	0	0	0	0	0	0	0	0	0	0	0	0	0	0	2003	0
LFQ	5	0	0	0	0	0	0	0	0	0	0	0	0	0	0	0	0	0	0	0	0	0	0	0	0	0	0	0	0	0	0	2003	0
LFQ	6	0	0	0	0	0	0	0	0	0	0	0	0	0	0	0	0	0	0	0	0	0	0	0	0	0	0	0	0	0	0	2003	0
LFQ	7	0	0	0	0	0	0	0	0	0	0	0	0	0	0	0	0	0	0	0	0	0	0	0	0	0	0	0	0	0	0	2003	0
LFQ	8	0	0	0	0	0	0	0	0	0	0	0	0	0	0	0	0	0	0	0	0	0	0	0	0	0	0	0	0	0	0	2003	0
LFQ	9	0	0	0	0	0	0	0	0	0	0	0	0	0	0	0	0	0	0	0	0	0	0	0	0	0	0	0	0	0	0	2003	0
LFQ	10	0	0	0	0	0	0	0	0	0	0	0	0	0	0	0	0	0	0	0	0	0	0	0	0	0	0	0	0	0	0	2003	0
LFQ	11	0	0	0	0	0	0	0	0	0	0	0	0	0	0	0	0	0	0	0	0	0	0	0	0	0	0	0	0	0	0	2003	0
LFQ	12	0	0	0	0	0	0	0	0	0	0	0	0	0	0	0	0	0	0	0	0	0	0	0	0	0	0	0	0	0	0	2003	0
LFQ	13	0	0	0	0	0	0	0	0	0	0	0	0	0	0	0	0	0	0	0	0	0	0	0	0	0	0	0	0	0	0	2003	0
LFQ	14	0	0	0	0	0	0	0	0	0	0	0	0	0	0	0	0	0	0	0	0	0	0	0	0	0	0	0	0	0	0	2003	0
LFQ	15	0	0	0	0	0	0	0	0	0	0	0	0	0	0	0	0	0	0	0	0	0	0	0	0	0	0	0	0	0	0	2003	0
LFQ	16	0	0	0	0	0	0	0	0	0	0	0	0	0	0	0	0	0	0	0	0	0	0	0	0	0	0	0	0	0	0	2003	0
LFQ	17	0	0	0	0	0	0	0	0	0	0	0	0	0	0	0	0	0	0	0	0	0	0	0	0	0	0	0	0	0	0	2003	0
LFQ	18	0	0	0	0	0	0	0	0	0	0	0	0	0	0	0	0	0	0	0	0	0	0	0	0	0	0	0	0	0	0	2003	0
LFQ	19	0	0	0	0	0	0	0	0	0	0	0	0	0	0	0	0	0	0	0	0	0	0	0	0	0	0	0	0	0	0	2003	0
LFQ	20	0	0	0	0	0	0	0	0	0	0	0	0	0	0	0	0	0	0	0	0	0	0	0	0	0	0	0	0	0	0	2003	0
LFQ	21	0	0	0	0	0	0	0	0	0	0	0	0	0	0	0	0	0	0	0	0	0	0	0	0	0	0	0	0	0	0	2003	0
LFQ	22	0	0	0	0	0	0	0	0	0	0	0	0	0	0	0	0	0	0	0	0	0	0	0	0	0	0	0	0	0	0	2003	0
LFQ	23	0	0	0	0	0	0	0	0	0	0	0	0	0	0	0	0	0	0	0	0	0	0	0	0	0	0	0	0	0	0	2003	0
LFQ	24	0	0	0	0	0	0	0	0	0	0	0	0	0	0	0	0	0	0	0	0	0	0	0	0	0	0	0	0	0	0	2003	0
LFQ	25	0	0	0	0	0	0	0	0	0	0	0	0	0	0	0	0	0	0	0	0	0	0	0	0	0	0	0	0	0	0	2003	0
LFQ	26	0	0	0	0	0	0	0	0	0	0	0	0	0	0	0	0	0	0	0	0	0	0	0	0	0	0	0	0	0	0	2003	0
LFQ	27	0	0	0	0	0	0	0	0	0	0	0	0	0	0	0	0	0	0	0	0	0	0	0	0	0	0	0	0	0	0	2003	0
LFQ	28	0	0	0	0	0	0	0	0	0	0	0	0	0	0	0	0	0	0	0	0	0	0	0	0	0	0	0	0	0	0	2003	0
LFQ	29	0	0	0	0	0	0	0	0	0	0	0	0	0	0	0	0	0	0	0	0	0	0	0	0	0	0	0	0	0	0	2003	0
LFQ	30	0	0	0	0	0	0	0	0	0	0	0	0	0	0	0	0	0	0	0	0	0	0	0	0	0	0	0	0	0	0	2003	0
LFQ	31	0	0	0	0	0	0	0	0	0	0	0	0	0	0	0	0	0	0	0	0	0	0	0	0	0	0	0	0	0	0	2003	0
LFQ	32	0	0	0	0	0	0	0	0	0	0	0	0	0	0	0	0	0	0	0	0	0	0	0	0	0	0	0	0	0	0	2003	0
LFQ	33	0	0	0	0	0	0	0	0	0	0	0	0	0	0	0	0	0	0	0	0	0	0	0	0	0	0	0	0	0	0	2003	0
LFQ	34	0	0	0	0	0	0	0	0	0	0	0	0	0	0	0	0	0	0	0	0	0	0	0	0	0	0	0	0	0	0	2003	0
LFQ	35	0	0	0	0	0	0	0	0	0	0	0	0	0	0	0	0	0	0	0	0	0	0	0	0	0	0	0	0	0	0	2003	0
LFQ	36	0	0	0	0	0	0	0	0	0	0	0	0	0	0	0	0	0	0	0	0	0	0	0	0	0	0	0	0	0	0	2003	0
LFQ	37	0	0	0	0	0	0	0	0	0	0	0	0	0	0	0	0	0	0	0	0	0	0	0	0	0	0	0	0	0	0	2003	0
LFQ	38	0	0	0	0	0	0	0	0	0	0	0	0	0	0	0	0	0	0	0	0	0	0	0	0	0	0	0	0	0	0	2003	0
LFQ	39	0	0	0	0	0	0	0	0	0	0	0	0	0	0	0	0	0	0	0	0	0	0	0	0	0	0	0	0	0	0	2003	0
LFQ	40	0	0	0	0	0	0	0	0	0	0	0	0	0	0	0	0	0	0	0	0	0	0	0	0	0	0	0	0	0	0	2003	0
LFQ	41	0	0	0	0	0	0	0	0	0	0	0	0	0	0	0	0	0	0	0	0	0	0	0	0	0	0	0	0	0	0	2003	0
LFQ	42	0	0	0	0	0	0	0	0	0	0	0	0	0	0	0	0	0	0	0	0	0	0	0	0	0	0	0	0	0	0	2003	0
LFQ	43	0	0	0	0	0	0	0	0	0	0	0	0	0	0	0	0	0	0	0	0	0	0	0	0	0	0	0	0	0	0	2003	0
LFQ	44	0	0	0	0	0	0	0	0	0	0	0	0	0	0	0	0	0	0	0	0	0	0	0	0	0	0	0	0	0	0	2003	0
LFQ	45	0	0	0	0	0	0	0	0	0	0	0	0	0	0	0	0	0	0	0	0	0	0	0	0	0	0	0	0	0	0	2003	0
LFQ	46	0	0	0	0	0	0	0	0	0	0	0	0	0	0	0	0	0	0	0	0	0	0	0	0	0	0	0	0	0	0	2003	0
LFQ	47	0	0	0	0	0	0	0	0	0	0	0	0	0	0	0	0	0	0	0	0	0	0	0	0	0	0	0	0	0	0	2003	0
LFQ	48	0	0	0	0	0	0	0	0	0	0	0	0	0	0	0	0	0	0	0	0	0	0	0	0	0	0	0	0	0	0	2003	0
LFQ	49	0	0	0	0	0	0	0	0	0	0	0	0	0	0	0	0	0	0	0	0	0	0	0	0	0	0	0	0	0	0	2003	0
LFQ	50	0	0	0	0	0	0	0	0	0	0	0	0	0	0	0	0	0	0	0	0	0	0	0	0	0	0	0	0	0	0	2003	0
LFQ	51	0	0	0	0	0	0	0	0	0	0	0	0	0	0	0	0	0	0	0	0	0	0	0	0	0	0	0	0	0	0	2003	0
LFQ	52	0	0	0	0	0	0	0	0	0	0	0	0	0	0	0	0	0	0	0	0	0	0	0	0	0	0	0	0	0	0	2003	0
LFQ	53	0	0	0	0	0	0	0	0	0	0	0	0	0	0	0	0	0	0	0	0	0	0	0	0	0	0	0	0	0	0	2003	0
LFQ	54	0	0	0	0	0	0	0	0	0	0	0	0	0	0	0	0	0	0	0	0	0	0	0	0	0	0	0	0	0	0	2003	0
LFQ	55	0	0	0	0	0	0	0	0	0	0	0	0	0	0	0	0	0	0	0	0	0	0	0	0	0	0	0	0	0	0	2003	0
LFQ	56	0	0	0	0	0	0	0	0	0	0	0	0	0	0	0	0	0	0	0	0	0	0	0	0	0	0	0	0	0	0	2003	0
LFQ	57	0	0	0	0	0	0	0	0	0	0	0	0	0	0	0	0	0	0	0	0	0	0	0	0	0	0	0	0	0	0	2003	0
LFQ	58	0	0	0	0	0	0	0	0	0	0	0	0	0	0	0	0	0	0	0	0	0	0	0	0	0	0	0	0	0	0	2003	0
LFQ	59	0	0	0	0	0	0	0	0	0	0	0	0	0	0	0	0	0	0	0	0	0	0	0	0	0	0	0	0	0	0	2003	0
LFQ	60	0	0	0	0	0	0	0	0	0	0	0	0	0	0	0	0	0	0	0	0	0	0	0	0	0	0	0	0	0	0	2003	0
LFQ	61	0	0	0	0	0	0	0	0	0	0	0	0	0	0	0	0	0	0	0	0	0	0	0	0	0	0	0	0	0	0	2003	0
LFQ	62	0	0	0	0	0	0	0	0	0	0	0	0	0	0	0	0	0	0	0	0	0	0	0	0	0	0	0	0	0	0	2003	0
LFQ	63	0	0	0	0	0	0	0	0	0	0	0	0	0	0	0	0	0	0	0	0	0	0	0	0	0	0	0	0	0	0	2003	0
LFQ	64	0	0	0	0	0	0	0	0	0	0	0	0	0	0	0	0	0	0	0	0	0	0	0	0	0	0	0	0	0	0	2003	0
LFQ	65	0	0	0	0	0	0	0	0	0	0	0	0	0	0	0	0	0	0	0	0	0	0	0	0	0	0	0	0	0	0	2003	0
LFQ	66	0	0	0	0	0	0	0	0	0	0	0	0	0	0	0	0	0	0	0	0	0	0	0	0	0	0	0	0	0	0	2003	0
LFQ	67	0	0	0	0	0	0	0	0	0	0	0	0	0	0	0	0	0	0	0	0	0	0	0	0	0	0	0	0	0	0	2003	0
LFQ	68	0	0	0	0	0	0	0	0	0	0	0	0	0	0	0	0	0	0	0	0	0	0	0	0	0	0	0	0	0	0	2003	0
LFQ	69	0	0	0	0	0	0	0	0	0	0	0	0	0	0	0	0	0	0	0	0	0	0	0	0	0	0	0	0	0	0	2003	0
LFQ	70	0	0	0	0	0	0	0	0	0	0	0	0	0	0	0	0	0	0	0	0	0	0	0	0	0	0	0	0	0	0	2003	0
LFQ	71	0	0	0	0	0	0	0	0	0	0	0	0	0	0	0	0	0	0	0	0	0	0	0	0	0	0	0	0	0	0	2003	0
LFQ	72	0	0	0	0	0	0	0	0	0	0	0	0	0	0	0	0	0	0	0	0	0	0	0	0	0	0	0	0	0	0	2003	0
LFQ	73	0	0	0	0	0	0	0	0	0	0	0	0	0	0	0	0	0	0	0	0	0	0	0	0	0	0	0	0	0	0	2003	0
LFQ	74	0	0	0	0	0	0	0	0	0	0	0	0	0	0	0	0	0	0	0	0	0	0	0	0	0	0	0	0	0	0	2003	0
LFQ	75	0	0	0	0	0	0	0	0	0	0	0	0	0	0	0	0	0	0	0	0	0	0	0	0	0	0	0	0	0	0	2003	0
LFQ	76	0	0	0	0	0	0	0	0	0	0	0	0	0	0	0	0	0	0	0	0	0	0	0	0	0	0	0	0	0	0	2003	0
LFQ	77	0	0	0	0	0	0	0	0	0	0	0	0	0	0	0	0	0	0	0	0	0	0	0	0	0	0	0	0	0	0	2003	0
LFQ	78	0	0	0	0	0	0	0	0	0	0	0	0	0	0	0	0	0	0	0	0	0	0	0	0	0	0	0	0	0	0	2003	0
LFQ	79	0	0	0	0	0	0	0	0	0	0	0	0	0	0	0	0	0	0	0	0	0	0	0	0	0	0	0	0	0	0	2003	0
LFQ	80	0	0	0	0	0	0	0	0	0	0	0	0	0	0	0	0	0	0	0	0	0	0	0	0	0	0	0	0	0	0	2003	0
LFQ	81	0	0	0	0	0	0	0	0	0	0	0	0	0	0	0	0	0	0	0	0	0	0	0	0	0	0	0	0	0	0	2003	0
LFQ	82	0	0	0	0	0	0	0	0	0	0	0	0	0	0	0	0	0	0	0	0	0	0	0	0	0	0	0	0	0	0	2003	0
LFQ	83	0	0	0	0	0	0	0	0	0	0	0	0	0	0	0	0	0	0	0	0	0	0	0	0	0	0	0	0	0	0	2003	0
LFQ	84	0	0	0	0	0	0	0	0	0	0	0	0	0	0	0	0	0	0	0	0	0	0	0	0	0	0	0	0	0	0	2003	0
LFQ	85	0	0	0	0	0	0	0	0	0	0	0	0	0	0	0	0	0	0	0	0	0	0	0	0	0	0	0	0	0	0	2003	0
LFQ	86	0	0	0	0	0	0	0	0	0	0	0	0	0	0	0	0	0	0	0	0	0	0	0	0	0	0	0	0	0	0	2003	0
LFQ	87	0	0	0	0	0	0	0	0	0	0	0	0	0	0	0	0	0	0	0	0	0	0	0	0	0	0	0	0	0	0	2003	0
LFQ	88	0	0	0	0	0	0	0	0	0	0	0	0	0	0	0	0	0	0	0	0	0	0	0	0	0	0	0	0	0	0	2003	0
LFQ	89	0	0	0	0	0	0	0	0	0	0	0	0	0	0	0	0	0	0	0	0	0	0	0	0	0	0	0	0	0	0	2003	0
LFQ	90	0	0	0	0	0	0	0	0	0	0	0	0	0	0	0	0	0	0	0	0	0	0	0	0	0	0	0	0	0	0	2003	0
LFQ	91	0	0	0	0	0	0	0	0	0	0	0	0	0	0	0	0	0	0	0	0	0	0	0	0	0	0	0	0	0	0	2003	0
LFQ	92	0	0	0	0	0	0	0	0	0	0	0	0	0	0	0	0	0	0	0	0	0	0	0	0	0	0	0	0	0	0	2003	0
LFQ	93	0	0	0	0	0	0	0	0	0	0	0	0	0	0	0	0	0	0	0	0	0	0	0	0	0	0	0	0	0	0	2003	0
LFQ	94	0	0	0	0	0	0	0	0	0	0	0	0	0	0	0	0	0	0	0	0	0	0	0	0	0	0	0	0	0	0	2003	0
LFQ	95	0	0	0	0	0	0	0	0	0	0	0	0	0	0	0	0	0	0	0	0	0	0	0	0	0	0	0	0	0	0	2003	0
LFQ	96	0	0	0	0	0	0	0	0	0	0	0	0	0	0	0	0	0	0	0	0	0	0	0	0	0	0	0	0	0	0	2003	0
LFQ	97	0	0	0	0	0	0	0	0	0	0	0	0	0	0	0	0	0	0	0	0	0	0	0	0	0	0	0	0	0	0	2003	0
LFQ	98	0	0	0	0	0	0	0	0	0	0	0	0	0	0	0	0	0	0	0	0	0	0	0	0	0	0	0	0	0	0	2003	0
LFQ	99	0	0	0	0	0	0	0	0	0	0	0	0	0	0	0	0	0	0	0	0	0	0	0	0	0	0	0	0	0	0	2003	0
LFQ	100	0	0	0	0	0	0	0	0	0	0	0	0	0	0	0	0	0	0	0	0	0	0	0	0	0	0	0	0	0	0	2003	0
LFQ	101	0	0	0	0	0	0	0	0	0	0	0	0	0	0	0	0	0	0	0	0	0	0	0	0	0	0	0	0	0	0	2003	0
LFQ	102	0	0	0	0	0	0	0	0	0	0	0	0	0	0	0	0	0	0	0	0	0	0	0	0	0	0	0	0	0	0	2003	0
LFQ	103	0	0	0	0	0	0	0	0	0	0	0	0	0	0	0	0	0	0	0	0	0	0	0	0	0	0	0	0	0	0	2003	0
LFQ	104	0	0	0	0	0	0	0	0	0	0	0	0	0	0	0	0	0	0	0	0	0	0	0	0	0	0	0	0	0	0	2003	0
LFQ	105	0	0	0	0	0	0	0	0	0	0	0	0	0	0	0	0	0	0	0	0	0	0	0	0	0	0	0	0	0	0	2003	0
LFQ	106	0	0	0	0	0	0	0	0	0	0	0	0	0	0	0	0	0	0	0	0	0	0	0	0	0	0	0	0	0	0	2003	0
LFQ	107	0	0	0	0	0	0	0	0	0	0	0	0	0	0	0	0	0	0	0	0	0	0	0	0	0	0	0	0	0	0	2003	0
LFQ	108	0	0	0	0	0	0	0	0	0	0	0	0	0	0	0	0	0	0	0	0	0	0	0	0	0	0	0	0	0	0	2003	0
LFQ	109	0	0	0	0	0	0	0	0	0	0	0	0	0	0	0	0	0	0	0	0	0	0	0	0	0	0	0	0	0	0	2003	0
LFQ	110	0	0	0	0	0	0	0	0	0	0	0	0	0	0	0	0	0	0	0	0	0	0	0	0	0	0	0	0	0	0	2003	0
LFQ	111	0	0	0	0	0	0	0	0	0	0	0	0	0	0	0	0	0	0	0	0	0	0	0	0	0	0	0	0	0	0	2003	0
LFQ	112	0	0	0	0	0	0	0	0	0	0	0	0	0	0	0	0	0	0	0	0	0	0	0	0	0	0	0	0	0	0	2003	0
LFQ	113	0	0	0	0	0	0	0	0	0	0	0	0	0	0	0	0	0	0	0	0	0	0	0	0	0	0	0	0	0	0	2003	0
LFQ	114	0	0	0	0	0	0	0	0	0	0	0	0	0	0	0	0	0	0	0	0	0	0	0	0	0	0	0	0	0	0	2003	0
LFQ	115	0	0	0	0	0	0	0	0	0	0	0	0	0	0	0	0	0	0	0	0	0	0	0	0	0	0	0	0	0	0	2003	0
LFQ	116	0	0	0	0	0	0	0	0	0	0	0	0	0	0	0	0	0	0	0	0	0	0	0	0	0	0	0	0	0	0	2003	0
LFQ	117	0	0	0	0	0	0	0	0	0	0	0	0	0	0	0	0	0	0	0	0	0	0	0	0	0	0	0	0	0	0	2003	0
LFQ	118	0	0	0	0	0	0	0	0	0	0	0	0	0	0	0	0	0	0	0	0	0	0	0	0	0	0	0	0	0	0	2003	0
LFQ	119	0	0	0	0	0	0	0	0	0	0	0	0	0	0	0	0	0	0	0	0	0	0	0	0	0	0	0	0	0	0	2003	0
LFQ	120	0	0	0	0	0	0	0	0	0	0	0	0	0	0	0	0	0	0	0	0	0	0	0	0	0	0	0	0	0	0	2003	0
LFQ	121	0	0	0	0	0	0	0	0	0	0	0	0	0	0	0	0	0	0	0	0	0	0	0	0	0	0	0	0	0	0	2003	0
LFQ	122	0	0	0	0	0	0	0	0	0	0	0	0	0	0	0	0	0	0	0	0	0	0	0	0	0	0	0	0	0	0	2003	0
LFQ	123	0	0	0	0	0	0	0	0	0	0	0	0	0	0	0	0	0	0	0	0	0	0	0	0	0	0	0	0	0	0	2003	0
LFQ	124	0	0	0	0	0	0	0	0	0	0	0	0	0	0	0	0	0	0	0	0	0	0	0	0	0	0	0	0	0	0	2003	0
LFQ	125	0	0	0	0	0	0	0	0	0	0	0	0	0	0	0	0	0	0	0	0	0	0	0	0	0	0	0	0	0	0	2003	0
LFQ	126	0	0	0	0	0	0	0	0	0	0	0	0	0	0	0	0	0	0	0	0	0	0	0	0	0	0	0	0	0	0	2003	0
LFQ	127	0	0	0	0	0	0	0	0	0	0	0	0	0	0	0	0	0	0	0	0	0	0	0	0	0	0	0	0	0	0	2003	0
LFQ	128	0	0	0	0	0	0	0	0	0	0	0	0	0	0	0	0	0	0	0	0	0	0	0	0	0	0	0	0	0	0	2003	0
LFQ	129	0	0	0	0	0	0	0	0	0	0	0	0	0	0	0	0	0	0	0	0	0	0	0	0	0	0	0	0	0	0	2003	0
LFQ	130	0	0	0	0	0	0	0	0	0	0	0	0	0	0	0	0	0	0	0	0	0	0	0	0	0	0	0	0	0	0	2003	0
LFQ	131	0	0	0	0	0	0	0	0	0	0	0	0	0	0	0	0	0	0	0	0	0	0	0	0	0	0	0	0	0	0	2003	0
LFQ	132	0	0	0	0	0	0	0	0	0	0	0	0	0	0	0	0	0	0	0	0	0	0	0	0	0	0	0	0	0	0	2003	0
LFQ	133	0	0	0	0	0	0	0	0	0	0	0	0	0	0	0	0	0	0	0	0	0	0	0	0	0	0	0	0	0	0	2003	0
LFQ	134	0	0	0	0	0	0	0	0	0	0	0	0	0	0	0	0	0	0	0	0	0	0	0	0	0	0	0	0	0	0	2003	0
LFQ	135	0	0	0	0	0	0	0	0	0	0	0	0	0	0	0	0	0	0	0	0	0	0	0	0	0	0	0	0	0	0	2003	0
LFQ	136	0	0	0	0	0	0	0	0	0	0	0	0	0	0	0	0	0	0	0	0	0	0	0	0	0	0	0	0	0	0	2003	0
LFQ	137	0	0	0	0	0	0	0	0	0	0	0	0	0	0	0	0	0	0	0	0	0	0	0	0	0	0	0	0	0	0	2003	0
LFQ	138	0	0	0	0	0	0	0	0	0	0	0	0	0	0	0	0	0	0	0	0	0	0	0	0	0	0	0	0	0	0	2003	0
LFQ	139	0	0	0	0	0	0	0	0	0	0	0	0	0	0	0	0	0	0	0	0	0	0	0	0	0	0	0	0	0	0	2003	0
LFQ	140	0	0	0	0	0	0	0	0	0	0	0	0	0	0	0	0	0	0	0	0	0	0	0	0	0	0	0	0	0	0	2003	0
LFQ	141	0	0	0	0	0	0	0	0	0	0	0	0	0	0	0	0	0	0	0	0	0	0	0	0	0	0	0	0	0	0	2003	0
LFQ	142	0	0	0	0	0	0	0	0	0	0	0	0	0	0	0	0	0	0	0	0	0	0	0	0	0	0	0	0	0	0	2003	0
LFQ	143	0	0	0	0	0	0	0	0	0	0	0	0	0	0	0	0	0	0	0	0	0	0	0	0	0	0	0	0	0	0	2003	0
LFQ	144	0	0	0	0	0	0	0	0	0	0	0	0	0	0	0	0	0	0	0	0	0	0	0	0	0	0	0	0	0	0	2003	0
LFQ	145	0	0	0	0	0	0	0	0	0	0	0	0	0	0	0	0	0	0	0	0	0	0	0	0	0	0	0	0	0	0	2003	0
LFQ	146	0	0	0	0	0	0	0	0	0	0	0	0	0	0	0	0	0	0	0	0	0	0	0	0	0	0	0	0	0	0	2003	0
LFQ	147	0	0	0	0	0	0	0	0	0	0	0	0	0	0	0	0	0	0	0	0	0	0	0	0	0	0	0	0	0	0	2003	0
LFQ	148	0	0	0	0	0	0	0	0	0	0	0	0	0	0	0	0	0	0	0	0	0	0	0	0	0	0	0	0	0	0	2003	0
LFQ	149	0	0	0	0	0	0	0	0	0	0	0	0	0	0	0	0	0	0	0	0	0	0	0	0	0	0	0	0	0	0	2003	0
LFQ	150	0	0	0	0	0	0	0	0	0	0	0	0	0	0	0	0	0	0	0	0	0	0	0	0	0	0	0	0	0	0	2003	0
# GC Content of first fragments. Use `grep ^GCF | cut -f 2-` to extract this part.
GCF	5.28	0
GCF	10.80	1
GCF	14.32	0
GCF	18.09	2
GCF	18.84	1
GCF	19.35	3
GCF	20.10	2
GCF	20.85	1
GCF	21.36	3
GCF	22.11	5
GCF	22.86	4
GCF	23.37	5
GCF	24.37	8
GCF	25.38	7
GCF	26.13	15
GCF	26.88	18
GCF	27.39	24
GCF	28.14	35
GCF	28.89	33
GCF	29.40	45
GCF	30.15	30
GCF	30.90	37
GCF	31.41	39
GCF	32.16	50
GCF	32.91	57
GCF	33.42	79
GCF	33.92	60
GCF	34.67	74
GCF	35.43	80
GCF	35.93	67
GCF	36.93	79
GCF	37.94	57
GCF	38.69	66
GCF	39.45	76
GCF	39.95	79
GCF	40.70	72
GCF	41.46	77
GCF	41.96	56
GCF	42.71	53
GCF	43.47	54
GCF	43.97	40
GCF	44.72	53
GCF	45.48	56
GCF	45.98	37
GCF	46.73	25
GCF	47.49	40
GCF	47.99	27
GCF	48.74	35
GCF	49.50	21
GCF	50.00	22
GCF	50.75	13
GCF	51.51	9
GCF	52.01	7
GCF	53.02	9
GCF	54.02	3
GCF	54.77	7
GCF	55.53	9
GCF	56.53	5
GCF	57.79	6
GCF	59.30	2
GCF	60.80	3
GCF	61.56	2
GCF	62.06	0
GCF	62.81	1
GCF	64.32	0
GCF	65.83	1
GCF	67.09	0
GCF	69.10	1
# GC Content of last fragments. Use `grep ^GCL | cut -f 2-` to extract this part.
GCL	3.52	0
GCL	7.29	1
GCL	13.07	0
GCL	19.60	1
GCL	20.85	3
GCL	21.36	7
GCL	22.11	6
GCL	22.86	2
GCL	23.37	6
GCL	24.37	12
GCL	25.38	13
GCL	26.13	16
GCL	26.88	18
GCL	27.39	26
GCL	28.14	21
GCL	28.89	33
GCL	29.40	38
GCL	30.15	34
GCL	30.90	40
GCL	31.41	32
GCL	32.16	44
GCL	32.91	43
GCL	33.42	63
GCL	33.92	70
GCL	34.67	66
GCL	35.43	80
GCL	35.93	86
GCL	36.68	83
GCL	37.44	87
GCL	37.94	63
GCL	38.69	74
GCL	39.45	59
GCL	39.95	68
GCL	40.95	65
GCL	41.96	55
GCL	42.71	60
GCL	43.47	48
GCL	43.97	56
GCL	44.72	49
GCL	45.48	45
GCL	45.98	69
GCL	46.73	40
GCL	47.49	42
GCL	47.99	27
GCL	48.74	18
GCL	49.50	20
GCL	50.00	15
GCL	50.75	19
GCL	51.51	10
GCL	52.01	11
GCL	52.76	10
GCL	53.52	8
GCL	54.02	10
GCL	54.77	5
GCL	55.78	4
GCL	56.78	6
GCL	57.54	9
GCL	58.04	2
GCL	58.79	3
GCL	59.55	2
GCL	60.55	3
GCL	61.56	0
GCL	62.06	1
GCL	62.81	0
GCL	64.32	1
GCL	65.83	2
GCL	66.58	1
GCL	67.84	0
GCL	69.35	1
GCL	70.10	0
GCL	70.60	1
# ACGT content per cycle. Use `grep ^GCC | cut -f 2-` to extract this part. The columns are: cycle; A,C,G,T base counts as a percentage of all A/C/G/T bases [%]; and N and O counts as a percentage of all A/C/G/T bases [%]
GCC	1	28.61	21.29	18.55	31.55	0.00	0.00
GCC	2	30.88	20.00	18.87	30.25	0.00	0.00
GCC	3	32.10	20.12	18.65	29.13	0.00	0.00
GCC	4	30.20	19.55	18.67	31.58	0.00	0.00
GCC	5	29.93	20.22	19.30	30.55	0.00	0.00
GCC	6	31.08	20.17	18.27	30.48	0.00	0.00
GCC	7	30.03	20.62	19.00	30.35	0.00	0.00
GCC	8	30.58	19.90	18.55	30.98	0.00	0.00
GCC	9	31.50	20.49	17.77	30.23	0.00	0.00
GCC	10	30.73	20.04	19.22	30.00	0.00	0.00
GCC	11	31.13	19.12	17.95	31.80	0.00	0.00
GCC	12	31.63	20.69	18.25	29.43	0.00	0.00
GCC	13	31.25	19.32	18.35	31.08	0.00	0.00
GCC	14	31.38	18.60	18.42	31.60	0.00	0.00
GCC	15	31.25	19.52	18.70	30.53	0.00	0.00
GCC	16	31.28	19.57	19.05	30.10	0.00	0.00
GCC	17	32.40	20.00	18.15	29.46	0.00	0.00
GCC	18	31.55	20.04	18.60	29.81	0.00	0.00
GCC	19	28.71	20.67	19.25	31.38	0.00	0.00
GCC	20	29.81	19.20	19.60	31.40	0.00	0.00
GCC	21	29.81	19.82	19.70	30.68	0.00	0.00
GCC	22	31.08	19.82	18.05	31.05	0.00	0.00
GCC	23	31.43	20.24	17.62	30.70	0.00	0.00
GCC	24	31.35	19.47	19.17	30.00	0.00	0.00
GCC	25	30.70	20.77	18.37	30.15	0.00	0.00
GCC	26	30.95	19.30	18.97	30.78	0.00	0.00
GCC	27	32.33	19.77	18.80	29.11	0.00	0.00
GCC	28	30.15	20.67	19.10	30.08	0.00	0.00
GCC	29	31.35	20.04	18.37	30.23	0.00	0.00
GCC	30	31.98	19.15	18.37	30.50	0.00	0.00
GCC	31	31.03	20.09	17.87	31.00	0.00	0.00
GCC	32	29.51	19.35	19.10	32.05	0.00	0.00
GCC	33	29.68	20.07	18.50	31.75	0.00	0.00
GCC	34	30.73	20.17	17.22	31.88	0.00	0.00
GCC	35	31.58	19.55	17.92	30.95	0.00	0.00
GCC	36	31.05	19.57	19.57	29.81	0.00	0.00
GCC	37	30.70	21.19	19.05	29.06	0.00	0.00
GCC	38	30.60	19.87	18.90	30.63	0.00	0.00
GCC	39	32.03	18.62	17.47	31.88	0.00	0.00
GCC	40	30.98	19.17	19.20	30.65	0.00	0.00
GCC	41	30.80	20.37	17.57	31.25	0.00	0.00
GCC	42	31.10	19.10	19.67	30.13	0.00	0.00
GCC	43	29.96	20.29	18.57	31.18	0.00	0.00
GCC	44	29.63	20.12	19.10	31.15	0.00	0.00
GCC	45	30.70	20.14	18.25	30.90	0.00	0.00
GCC	46	29.93	20.64	18.75	30.68	0.00	0.00
GCC	47	30.73	19.87	19.00	30.40	0.00	0.00
GCC	48	30.15	20.54	18.80	30.50	0.00	0.00
GCC	49	30.68	19.62	18.12	31.58	0.00	0.00
GCC	50	31.15	19.32	18.50	31.03	0.00	0.00
GCC	51	31.10	19.85	19.15	29.91	0.00	0.00
GCC	52	31.43	19.97	17.85	30.75	0.00	0.00
GCC	53	30.53	20.09	19.40	29.98	0.00	0.00
GCC	54	29.86	20.87	18.92	30.35	0.00	0.00
GCC	55	28.88	20.27	19.27	31.58	0.00	0.00
GCC	56	29.66	20.12	19.07	31.15	0.00	0.00
GCC	57	30.08	19.95	19.45	30.53	0.00	0.00
GCC	58	30.65	19.17	18.55	31.63	0.00	0.00
GCC	59	30.85	21.29	18.17	29.68	0.00	0.00
GCC	60	30.90	18.55	19.57	30.98	0.00	0.00
GCC	61	30.55	20.12	18.90	30.43	0.00	0.00
GCC	62	29.83	19.17	19.50	31.50	0.00	0.00
GCC	63	30.08	19.02	19.57	31.33	0.00	0.00
GCC	64	30.63	19.25	18.40	31.73	0.00	0.00
GCC	65	31.20	19.67	18.85	30.28	0.00	0.00
GCC	66	29.81	19.05	19.07	32.08	0.00	0.00
GCC	67	29.86	20.04	19.37	30.73	0.00	0.00
GCC	68	30.40	19.12	18.77	31.70	0.00	0.00
GCC	69	30.80	19.80	17.55	31.85	0.00	0.00
GCC	70	30.03	20.69	19.80	29.48	0.00	0.00
GCC	71	31.13	20.27	18.00	30.60	0.00	0.00
GCC	72	30.10	20.49	18.97	30.43	0.00	0.00
GCC	73	30.48	20.04	18.00	31.48	0.00	0.00
GCC	74	30.45	19.60	19.57	30.38	0.00	0.00
GCC	75	29.61	19.90	19.12	31.38	0.00	0.00
GCC	76	29.88	20.27	18.22	31.63	0.00	0.00
GCC	77	29.83	20.12	18.70	31.35	0.00	0.00
GCC	78	29.78	20.24	17.57	32.40	0.00	0.00
GCC	79	30.68	20.97	18.40	29.96	0.00	0.00
GCC	80	31.28	20.12	18.62	29.98	0.00	0.00
GCC	81	30.58	20.37	17.85	31.20	0.00	0.00
GCC	82	30.15	20.74	18.40	30.70	0.00	0.00
GCC	83	30.33	21.14	18.37	30.15	0.00	0.00
GCC	84	30.33	21.17	18.65	29.86	0.00	0.00
GCC	85	30.03	20.19	18.80	30.98	0.00	0.00
GCC	86	30.23	20.89	18.50	30.38	0.00	0.00
GCC	87	30.05	19.10	19.77	31.08	0.00	0.00
GCC	88	31.70	19.57	18.40	30.33	0.00	0.00
GCC	89	30.68	20.12	18.42	30.78	0.00	0.00
GCC	90	30.18	20.57	18.90	30.35	0.00	0.00
GCC	91	30.20	19.95	19.12	30.73	0.00	0.00
GCC	92	31.60	18.42	19.10	30.88	0.00	0.00
GCC	93	31.65	19.67	18.27	30.40	0.00	0.00
GCC	94	29.96	21.19	17.95	30.90	0.00	0.00
GCC	95	30.60	20.52	18.50	30.38	0.00	0.00
GCC	96	30.68	20.42	18.57	30.33	0.00	0.00
GCC	97	30.65	19.95	19.35	30.05	0.00	0.00
GCC	98	29.31	20.59	18.22	31.88	0.00	0.00
GCC	99	30.95	20.24	17.97	30.83	0.00	0.00
GCC	100	30.03	21.14	18.40	30.43	0.00	0.00
GCC	101	29.06	21.22	18.65	31.08	0.00	0.00
GCC	102	30.25	20.82	18.92	30.00	0.00	0.00
GCC	103	31.03	19.90	17.40	31.68	0.00	0.00
GCC	104	31.23	19.72	18.97	30.08	0.00	0.00
GCC	105	30.05	19.80	18.80	31.35	0.00	0.00
GCC	106	30.55	19.60	18.75	31.10	0.00	0.00
GCC	107	31.88	19.97	17.87	30.28	0.00	0.00
GCC	108	30.43	20.87	18.97	29.73	0.00	0.00
GCC	109	30.78	20.12	18.72	30.38	0.00	0.00
GCC	110	30.03	19.50	18.90	31.58	0.00	0.00
GCC	111	32.18	20.32	17.42	30.08	0.00	0.00
GCC	112	32.25	18.65	19.00	30.10	0.00	0.00
GCC	113	30.73	19.92	18.95	30.40	0.00	0.00
GCC	114	30.23	19.80	18.37	31.60	0.00	0.00
GCC	115	32.30	18.80	18.25	30.65	0.00	0.00
GCC	116	31.25	20.12	18.27	30.35	0.00	0.00
GCC	117	31.20	20.37	18.77	29.66	0.00	0.00
GCC	118	30.55	20.19	18.57	30.68	0.00	0.00
GCC	119	30.68	20.24	18.17	30.90	0.00	0.00
GCC	120	30.78	20.17	18.72	30.33	0.00	0.00
GCC	121	30.15	20.17	18.80	30.88	0.00	0.00
GCC	122	29.68	20.47	18.45	31.40	0.00	0.00
GCC	123	30.18	21.02	18.60	30.20	0.00	0.00
GCC	124	31.88	19.20	18.07	30.85	0.00	0.00
GCC	125	30.78	20.87	18.00	30.35	0.00	0.00
GCC	126	31.03	18.90	18.35	31.73	0.00	0.00
GCC	127	29.98	20.62	18.92	30.48	0.00	0.00
GCC	128	29.86	19.72	19.15	31.28	0.00	0.00
GCC	129	29.33	20.54	18.47	31.65	0.00	0.00
GCC	130	30.78	20.52	18.40	30.30	0.00	0.00
GCC	131	30.73	19.35	18.45	31.48	0.00	0.00
GCC	132	31.55	19.62	18.85	29.98	0.00	0.00
GCC	133	31.18	19.10	18.12	31.60	0.00	0.00
GCC	134	29.66	20.64	18.20	31.50	0.00	0.00
GCC	135	30.33	19.95	19.30	30.43	0.00	0.00
GCC	136	30.83	19.25	19.47	30.45	0.00	0.00
GCC	137	30.70	18.97	19.75	30.58	0.00	0.00
GCC	138	30.00	20.09	18.85	31.05	0.00	0.00
GCC	139	30.80	20.27	19.05	29.88	0.00	0.00
GCC	140	31.50	19.72	18.60	30.18	0.00	0.00
GCC	141	29.36	21.02	19.00	30.63	0.00	0.00
GCC	142	30.33	20.22	19.07	30.38	0.00	0.00
GCC	143	31.10	20.79	18.62	29.48	0.00	0.00
GCC	144	30.43	20.37	17.87	31.33	0.00	0.00
GCC	145	30.55	20.32	19.52	29.61	0.00	0.00
GCC	146	31.08	19.67	19.12	30.13	0.00	0.00
GCC	147	30.25	20.37	19.32	30.05	0.00	0.00
GCC	148	29.21	20.12	19.62	31.05	0.00	0.00
GCC	149	29.83	19.97	19.20	31.00	0.00	0.00
GCC	150	31.48	19.07	18.20	31.25	0.00	0.00
# ACGT content per cycle, read oriented. Use `grep ^GCT | cut -f 2-` to extract this part. The columns are: cycle; A,C,G,T base counts as a percentage of all A/C/G/T bases [%]
GCT	1	30.53	19.35	20.49	29.63
GCT	2	30.35	19.45	19.42	30.78
GCT	3	30.25	19.00	19.77	30.98
GCT	4	31.00	19.47	18.75	30.78
GCT	5	30.30	19.22	20.29	30.18
GCT	6	31.13	19.30	19.15	30.43
GCT	7	30.98	19.85	19.77	29.41
GCT	8	29.71	19.15	19.30	31.85
GCT	9	31.13	18.65	19.62	30.60
GCT	10	30.40	19.90	19.37	30.33
GCT	11	30.73	17.95	19.12	32.20
GCT	12	30.33	19.82	19.12	30.73
GCT	13	31.80	18.40	19.27	30.53
GCT	14	32.15	17.75	19.27	30.83
GCT	15	30.38	18.62	19.60	31.40
GCT	16	30.28	19.45	19.17	31.10
GCT	17	31.65	19.12	19.02	30.20
GCT	18	31.00	19.17	19.47	30.35
GCT	19	29.63	20.42	19.50	30.45
GCT	20	30.53	19.15	19.65	30.68
GCT	21	30.50	19.85	19.67	29.98
GCT	22	31.25	18.87	19.00	30.88
GCT	23	31.58	18.82	19.05	30.55
GCT	24	30.73	19.72	18.92	30.63
GCT	25	30.90	20.14	19.00	29.96
GCT	26	31.00	18.77	19.50	30.73
GCT	27	30.13	19.30	19.27	31.30
GCT	28	30.60	19.95	19.82	29.63
GCT	29	30.75	19.52	18.90	30.83
GCT	30	32.03	18.72	18.80	30.45
GCT	31	31.10	19.15	18.82	30.93
GCT	32	31.30	19.72	18.72	30.25
GCT	33	29.91	19.22	19.35	31.53
GCT	34	32.08	19.20	18.20	30.53
GCT	35	31.33	18.12	19.35	31.20
GCT	36	29.73	19.42	19.72	31.13
GCT	37	29.53	19.55	20.69	30.23
GCT	38	31.05	18.75	20.02	30.18
GCT	39	31.45	17.77	18.32	32.45
GCT	40	30.23	18.95	19.42	31.40
GCT	41	31.38	17.92	20.02	30.68
GCT	42	30.50	18.67	20.09	30.73
GCT	43	30.45	20.12	18.75	30.68
GCT	44	30.00	18.82	20.39	30.78
GCT	45	30.58	18.40	20.00	31.03
GCT	46	29.93	19.62	19.77	30.68
GCT	47	30.20	20.17	18.70	30.93
GCT	48	30.90	19.77	19.57	29.76
GCT	49	31.63	18.05	19.70	30.63
GCT	50	31.05	18.50	19.32	31.13
GCT	51	30.43	19.60	19.40	30.58
GCT	52	31.75	19.07	18.75	30.43
GCT	53	29.61	18.80	20.69	30.90
GCT	54	30.58	19.82	19.97	29.63
GCT	55	30.93	20.14	19.40	29.53
GCT	56	30.88	19.17	20.02	29.93
GCT	57	29.16	20.44	18.95	31.45
GCT	58	31.50	18.55	19.17	30.78
GCT	59	30.88	19.55	19.92	29.66
GCT	60	30.80	18.72	19.40	31.08
GCT	61	31.28	20.12	18.90	29.71
GCT	62	30.88	19.55	19.12	30.45
GCT	63	31.55	19.07	19.52	29.86
GCT	64	31.00	18.75	18.90	31.35
GCT	65	31.60	19.40	19.12	29.88
GCT	66	32.90	18.02	20.09	28.98
GCT	67	29.83	19.55	19.87	30.75
GCT	68	30.68	20.02	17.87	31.43
GCT	69	30.85	17.97	19.37	31.80
GCT	70	30.33	19.97	20.52	29.18
GCT	71	30.40	18.77	19.50	31.33
GCT	72	30.95	20.67	18.80	29.58
GCT	73	31.43	19.07	18.97	30.53
GCT	74	30.55	18.77	20.39	30.28
GCT	75	30.03	19.70	19.32	30.95
GCT	76	31.03	19.35	19.15	30.48
GCT	77	29.48	19.05	19.77	31.70
GCT	78	31.58	19.27	18.55	30.60
GCT	79	30.15	19.27	20.09	30.48
GCT	80	29.68	20.29	18.45	31.58
GCT	81	31.58	18.80	19.42	30.20
GCT	82	30.00	20.07	19.07	30.85
GCT	83	30.13	19.32	20.19	30.35
GCT	84	29.33	20.04	19.77	30.85
GCT	85	31.20	20.24	18.75	29.81
GCT	86	29.13	20.22	19.17	31.48
GCT	87	30.30	19.17	19.70	30.83
GCT	88	31.75	18.70	19.27	30.28
GCT	89	30.25	18.92	19.62	31.20
GCT	90	30.58	20.04	19.42	29.96
GCT	91	30.20	20.02	19.05	30.73
GCT	92	30.75	19.35	18.17	31.73
GCT	93	31.63	19.07	18.87	30.43
GCT	94	30.60	20.67	18.47	30.25
GCT	95	30.48	19.57	19.45	30.50
GCT	96	30.08	19.70	19.30	30.93
GCT	97	30.25	19.77	19.52	30.45
GCT	98	31.73	19.90	18.92	29.46
GCT	99	30.73	19.35	18.87	31.05
GCT	100	30.83	19.57	19.97	29.63
GCT	101	30.13	20.22	19.65	30.00
GCT	102	29.88	20.17	19.57	30.38
GCT	103	31.53	18.22	19.07	31.18
GCT	104	31.60	19.47	19.22	29.71
GCT	105	30.48	20.09	18.50	30.93
GCT	106	29.98	18.90	19.45	31.68
GCT	107	31.05	18.87	18.97	31.10
GCT	108	30.45	19.42	20.42	29.71
GCT	109	30.83	19.90	18.95	30.33
GCT	110	30.18	19.17	19.22	31.43
GCT	111	31.65	18.97	18.77	30.60
GCT	112	30.85	17.97	19.67	31.50
GCT	113	29.88	19.50	19.37	31.25
GCT	114	31.68	19.32	18.85	30.15
GCT	115	32.30	18.67	18.37	30.65
GCT	116	30.70	18.85	19.55	30.90
GCT	117	30.43	20.02	19.12	30.43
GCT	118	31.03	19.15	19.62	30.20
GCT	119	31.48	19.32	19.10	30.10
GCT	120	31.45	19.82	19.07	29.66
GCT	121	29.81	19.55	19.42	31.23
GCT	122	31.28	20.00	18.92	29.81
GCT	123	30.53	20.24	19.37	29.86
GCT	124	31.78	18.52	18.75	30.95
GCT	125	30.68	19.85	19.02	30.45
GCT	126	31.90	18.50	18.75	30.85
GCT	127	31.15	19.47	20.07	29.31
GCT	128	31.48	19.52	19.35	29.66
GCT	129	30.73	20.37	18.65	30.25
GCT	130	31.30	18.97	19.95	29.78
GCT	131	31.23	17.62	20.17	30.98
GCT	132	30.28	19.77	18.70	31.25
GCT	133	30.95	18.15	19.07	31.83
GCT	134	31.43	19.90	18.95	29.73
GCT	135	30.03	20.52	18.72	30.73
GCT	136	31.13	19.47	19.25	30.15
GCT	137	30.53	18.12	20.59	30.75
GCT	138	30.88	18.50	20.44	30.18
GCT	139	30.08	18.92	20.39	30.60
GCT	140	31.38	19.17	19.15	30.30
GCT	141	30.18	20.77	19.25	29.81
GCT	142	29.98	19.40	19.90	30.73
GCT	143	29.46	19.67	19.75	31.13
GCT	144	30.45	18.72	19.52	31.30
GCT	145	30.15	20.14	19.70	30.00
GCT	146	29.78	19.65	19.15	31.43
GCT	147	30.03	19.67	20.02	30.28
GCT	148	29.56	19.55	20.19	30.70
GCT	149	29.93	20.29	18.87	30.90
GCT	150	32.08	18.90	18.37	30.65
# ACGT content per cycle for first fragments. Use `grep ^FBC | cut -f 2-` to extract this part. The columns are: cycle; A,C,G,T base counts as a percentage of all A/C/G/T bases [%]; and N and O counts as a percentage of all A/C/G/T bases [%]
FBC	1	28.61	21.17	19.17	31.05	0.00	0.00
FBC	2	31.35	20.87	18.07	29.71	0.00	0.00
FBC	3	32.85	20.27	17.92	28.96	0.00	0.00
FBC	4	29.96	19.72	18.62	31.70	0.00	0.00
FBC	5	30.45	20.87	18.67	30.00	0.00	0.00
FBC	6	30.60	20.62	17.87	30.90	0.00	0.00
FBC	7	30.65	19.02	18.22	32.10	0.00	0.00
FBC	8	30.50	19.47	18.37	31.65	0.00	0.00
FBC	9	30.60	20.87	19.22	29.31	0.00	0.00
FBC	10	31.55	19.72	18.72	30.00	0.00	0.00
FBC	11	32.05	18.72	18.02	31.20	0.00	0.00
FBC	12	31.40	20.97	18.92	28.71	0.00	0.00
FBC	13	32.25	19.22	17.97	30.55	0.00	0.00
FBC	14	31.15	19.12	17.87	31.85	0.00	0.00
FBC	15	31.45	18.52	18.22	31.80	0.00	0.00
FBC	16	31.75	19.62	18.32	30.30	0.00	0.00
FBC	17	32.70	21.42	17.52	28.36	0.00	0.00
FBC	18	32.85	19.82	17.92	29.41	0.00	0.00
FBC	19	28.66	20.27	18.57	32.50	0.00	0.00
FBC	20	29.26	19.12	19.57	32.05	0.00	0.00
FBC	21	29.51	19.17	20.42	30.90	0.00	0.00
FBC	22	29.51	19.22	18.17	33.10	0.00	0.00
FBC	23	30.90	20.47	17.02	31.60	0.00	0.00
FBC	24	31.75	19.57	19.32	29.36	0.00	0.00
FBC	25	29.21	20.37	18.82	31.60	0.00	0.00
FBC	26	30.25	19.52	18.77	31.45	0.00	0.00
FBC	27	31.35	20.57	18.37	29.71	0.00	0.00
FBC	28	29.01	21.82	19.97	29.21	0.00	0.00
FBC	29	29.71	20.47	19.02	30.80	0.00	0.00
FBC	30	33.00	19.22	17.97	29.81	0.00	0.00
FBC	31	30.90	20.22	17.72	31.15	0.00	0.00
FBC	32	29.66	20.32	18.22	31.80	0.00	0.00
FBC	33	29.66	20.27	17.82	32.25	0.00	0.00
FBC	34	30.15	20.42	17.07	32.35	0.00	0.00
FBC	35	32.40	18.22	18.57	30.80	0.00	0.00
FBC	36	30.50	19.82	17.97	31.70	0.00	0.00
FBC	37	29.71	21.57	19.52	29.21	0.00	0.00
FBC	38	29.46	19.47	19.27	31.80	0.00	0.00
FBC	39	33.20	18.07	17.47	31.25	0.00	0.00
FBC	40	30.80	19.32	18.67	31.20	0.00	0.00
FBC	41	29.96	21.12	17.67	31.25	0.00	0.00
FBC	42	29.51	19.52	20.37	30.60	0.00	0.00
FBC	43	29.61	19.27	18.92	32.20	0.00	0.00
FBC	44	28.91	20.12	18.92	32.05	0.00	0.00
FBC	45	31.00	20.82	17.77	30.40	0.00	0.00
FBC	46	29.76	21.77	17.47	31.00	0.00	0.00
FBC	47	30.55	20.37	18.47	30.60	0.00	0.00
FBC	48	29.76	20.42	19.37	30.45	0.00	0.00
FBC	49	30.35	19.67	18.32	31.65	0.00	0.00
FBC	50	31.20	18.87	18.92	31.00	0.00	0.00
FBC	51	30.20	20.27	19.57	29.96	0.00	0.00
FBC	52	30.45	20.72	18.37	30.45	0.00	0.00
FBC	53	31.05	19.87	19.57	29.51	0.00	0.00
FBC	54	29.16	20.27	19.72	30.85	0.00	0.00
FBC	55	27.91	20.52	18.82	32.75	0.00	0.00
FBC	56	29.81	20.37	18.47	31.35	0.00	0.00
FBC	57	29.06	20.02	19.37	31.55	0.00	0.00
FBC	58	30.90	18.72	18.72	31.65	0.00	0.00
FBC	59	31.05	22.07	17.32	29.56	0.00	0.00
FBC	60	32.05	17.62	19.02	31.30	0.00	0.00
FBC	61	31.00	20.17	18.17	30.65	0.00	0.00
FBC	62	29.51	19.22	19.67	31.60	0.00	0.00
FBC	63	29.06	19.57	19.57	31.80	0.00	0.00
FBC	64	29.11	19.92	19.87	31.10	0.00	0.00
FBC	65	31.55	20.02	18.37	30.05	0.00	0.00
FBC	66	29.16	19.47	19.02	32.35	0.00	0.00
FBC	67	30.15	19.57	19.12	31.15	0.00	0.00
FBC	68	30.60	19.57	18.27	31.55	0.00	0.00
FBC	69	30.70	20.07	17.07	32.15	0.00	0.00
FBC	70	30.75	20.42	18.87	29.96	0.00	0.00
FBC	71	31.10	20.62	18.47	29.81	0.00	0.00
FBC	72	29.66	21.07	18.37	30.90	0.00	0.00
FBC	73	30.45	19.22	17.87	32.45	0.00	0.00
FBC	74	30.50	18.47	20.22	30.80	0.00	0.00
FBC	75	30.60	20.32	17.62	31.45	0.00	0.00
FBC	76	30.00	20.07	18.17	31.75	0.00	0.00
FBC	77	29.16	21.12	18.62	31.10	0.00	0.00
FBC	78	30.50	19.72	16.87	32.90	0.00	0.00
FBC	79	30.65	19.92	18.02	31.40	0.00	0.00
FBC	80	30.85	20.17	19.87	29.11	0.00	0.00
FBC	81	30.55	20.27	18.42	30.75	0.00	0.00
FBC	82	29.16	20.47	19.22	31.15	0.00	0.00
FBC	83	31.50	20.22	18.07	30.20	0.00	0.00
FBC	84	31.45	20.07	18.57	29.91	0.00	0.00
FBC	85	30.60	19.87	19.67	29.86	0.00	0.00
FBC	86	29.86	21.17	19.17	29.81	0.00	0.00
FBC	87	30.20	18.77	18.42	32.60	0.00	0.00
FBC	88	31.15	19.72	18.82	30.30	0.00	0.00
FBC	89	29.26	21.67	18.72	30.35	0.00	0.00
FBC	90	29.91	20.07	19.97	30.05	0.00	0.00
FBC	91	30.75	18.82	19.92	30.50	0.00	0.00
FBC	92	31.80	17.02	19.62	31.55	0.00	0.00
FBC	93	30.45	19.77	19.17	30.60	0.00	0.00
FBC	94	28.66	21.77	17.27	32.30	0.00	0.00
FBC	95	30.15	20.47	19.27	30.10	0.00	0.00
FBC	96	32.55	19.92	18.27	29.26	0.00	0.00
FBC	97	30.95	19.97	19.22	29.86	0.00	0.00
FBC	98	29.61	20.27	18.47	31.65	0.00	0.00
FBC	99	31.55	19.12	18.27	31.05	0.00	0.00
FBC	100	29.71	22.07	17.57	30.65	0.00	0.00
FBC	101	28.96	21.32	18.37	31.35	0.00	0.00
FBC	102	30.50	20.42	20.12	28.96	0.00	0.00
FBC	103	31.95	20.22	17.72	30.10	0.00	0.00
FBC	104	31.70	20.07	17.72	30.50	0.00	0.00
FBC	105	30.15	20.92	18.07	30.85	0.00	0.00
FBC	106	29.86	20.37	18.62	31.15	0.00	0.00
FBC	107	32.35	19.47	17.42	30.75	0.00	0.00
FBC	108	31.95	20.32	18.87	28.86	0.00	0.00
FBC	109	32.10	19.27	19.67	28.96	0.00	0.00
FBC	110	28.66	19.62	20.32	31.40	0.00	0.00
FBC	111	31.50	20.47	18.52	29.51	0.00	0.00
FBC	112	31.30	18.12	19.22	31.35	0.00	0.00
FBC	113	31.75	20.47	18.32	29.46	0.00	0.00
FBC	114	30.15	18.92	17.37	33.55	0.00	0.00
FBC	115	31.50	18.87	17.87	31.75	0.00	0.00
FBC	116	30.40	20.07	18.17	31.35	0.00	0.00
FBC	117	30.85	19.32	19.62	30.20	0.00	0.00
FBC	118	29.56	20.02	19.22	31.20	0.00	0.00
FBC	119	30.50	20.62	17.77	31.10	0.00	0.00
FBC	120	30.45	20.12	18.32	31.10	0.00	0.00
FBC	121	31.40	19.87	17.67	31.05	0.00	0.00
FBC	122	30.80	20.27	17.52	31.40	0.00	0.00
FBC	123	30.25	21.72	18.12	29.91	0.00	0.00
FBC	124	31.10	18.87	18.12	31.90	0.00	0.00
FBC	125	30.40	20.47	18.22	30.90	0.00	0.00
FBC	126	30.05	19.67	19.27	31.00	0.00	0.00
FBC	127	30.25	20.02	19.17	30.55	0.00	0.00
FBC	128	29.41	19.97	18.67	31.95	0.00	0.00
FBC	129	29.66	20.32	18.22	31.80	0.00	0.00
FBC	130	30.75	19.72	18.27	31.25	0.00	0.00
FBC	131	31.45	17.77	18.97	31.80	0.00	0.00
FBC	132	32.20	19.72	18.52	29.56	0.00	0.00
FBC	133	30.80	18.02	18.02	33.15	0.00	0.00
FBC	134	30.20	18.82	18.12	32.85	0.00	0.00
FBC	135	30.75	20.17	19.12	29.96	0.00	0.00
FBC	136	29.96	18.97	19.77	31.30	0.00	0.00
FBC	137	30.35	18.77	20.47	30.40	0.00	0.00
FBC	138	29.51	20.07	18.97	31.45	0.00	0.00
FBC	139	33.25	18.37	18.57	29.81	0.00	0.00
FBC	140	31.20	19.12	19.07	30.60	0.00	0.00
FBC	141	30.05	21.02	19.37	29.56	0.00	0.00
FBC	142	30.00	20.92	18.57	30.50	0.00	0.00
FBC	143	30.60	21.37	19.12	28.91	0.00	0.00
FBC	144	31.60	19.07	17.82	31.50	0.00	0.00
FBC	145	31.35	20.12	19.72	28.81	0.00	0.00
FBC	146	30.55	20.07	18.47	30.90	0.00	0.00
FBC	147	29.71	21.52	19.62	29.16	0.00	0.00
FBC	148	29.46	20.77	19.22	30.55	0.00	0.00
FBC	149	28.91	20.47	18.87	31.75	0.00	0.00
FBC	150	31.20	19.57	18.22	31.00	0.00	0.00
# ACGT raw counters for first fragments. Use `grep ^FTC | cut -f 2-` to extract this part. The columns are: A,C,G,T,N base counters
FTC	91775	59984	55978	92713	0
# ACGT content per cycle for last fragments. Use `grep ^LBC | cut -f 2-` to extract this part. The columns are: cycle; A,C,G,T base counts as a percentage of all A/C/G/T bases [%]; and N and O counts as a percentage of all A/C/G/T bases [%]
LBC	1	28.61	21.42	17.92	32.05	0.00	0.00
LBC	2	30.40	19.12	19.67	30.80	0.00	0.00
LBC	3	31.35	19.97	19.37	29.31	0.00	0.00
LBC	4	30.45	19.37	18.72	31.45	0.00	0.00
LBC	5	29.41	19.57	19.92	31.10	0.00	0.00
LBC	6	31.55	19.72	18.67	30.05	0.00	0.00
LBC	7	29.41	22.22	19.77	28.61	0.00	0.00
LBC	8	30.65	20.32	18.72	30.30	0.00	0.00
LBC	9	32.40	20.12	16.33	31.15	0.00	0.00
LBC	10	29.91	20.37	19.72	30.00	0.00	0.00
LBC	11	30.20	19.52	17.87	32.40	0.00	0.00
LBC	12	31.85	20.42	17.57	30.15	0.00	0.00
LBC	13	30.25	19.42	18.72	31.60	0.00	0.00
LBC	14	31.60	18.07	18.97	31.35	0.00	0.00
LBC	15	31.05	20.52	19.17	29.26	0.00	0.00
LBC	16	30.80	19.52	19.77	29.91	0.00	0.00
LBC	17	32.10	18.57	18.77	30.55	0.00	0.00
LBC	18	30.25	20.27	19.27	30.20	0.00	0.00
LBC	19	28.76	21.07	19.92	30.25	0.00	0.00
LBC	20	30.35	19.27	19.62	30.75	0.00	0.00
LBC	21	30.10	20.47	18.97	30.45	0.00	0.00
LBC	22	32.65	20.42	17.92	29.01	0.00	0.00
LBC	23	31.95	20.02	18.22	29.81	0.00	0.00
LBC	24	30.95	19.37	19.02	30.65	0.00	0.00
LBC	25	32.20	21.17	17.92	28.71	0.00	0.00
LBC	26	31.65	19.07	19.17	30.10	0.00	0.00
LBC	27	33.30	18.97	19.22	28.51	0.00	0.00
LBC	28	31.30	19.52	18.22	30.95	0.00	0.00
LBC	29	33.00	19.62	17.72	29.66	0.00	0.00
LBC	30	30.95	19.07	18.77	31.20	0.00	0.00
LBC	31	31.15	19.97	18.02	30.85	0.00	0.00
LBC	32	29.36	18.37	19.97	32.30	0.00	0.00
LBC	33	29.71	19.87	19.17	31.25	0.00	0.00
LBC	34	31.30	19.92	17.37	31.40	0.00	0.00
LBC	35	30.75	20.87	17.27	31.10	0.00	0.00
LBC	36	31.60	19.32	21.17	27.91	0.00	0.00
LBC	37	31.70	20.82	18.57	28.91	0.00	0.00
LBC	38	31.75	20.27	18.52	29.46	0.00	0.00
LBC	39	30.85	19.17	17.47	32.50	0.00	0.00
LBC	40	31.15	19.02	19.72	30.10	0.00	0.00
LBC	41	31.65	19.62	17.47	31.25	0.00	0.00
LBC	42	32.70	18.67	18.97	29.66	0.00	0.00
LBC	43	30.30	21.32	18.22	30.15	0.00	0.00
LBC	44	30.35	20.12	19.27	30.25	0.00	0.00
LBC	45	30.40	19.47	18.72	31.40	0.00	0.00
LBC	46	30.10	19.52	20.02	30.35	0.00	0.00
LBC	47	30.90	19.37	19.52	30.20	0.00	0.00
LBC	48	30.55	20.67	18.22	30.55	0.00	0.00
LBC	49	31.00	19.57	17.92	31.50	0.00	0.00
LBC	50	31.10	19.77	18.07	31.05	0.00	0.00
LBC	51	32.00	19.42	18.72	29.86	0.00	0.00
LBC	52	32.40	19.22	17.32	31.05	0.00	0.00
LBC	53	30.00	20.32	19.22	30.45	0.00	0.00
LBC	54	30.55	21.47	18.12	29.86	0.00	0.00
LBC	55	29.86	20.02	19.72	30.40	0.00	0.00
LBC	56	29.51	19.87	19.67	30.95	0.00	0.00
LBC	57	31.10	19.87	19.52	29.51	0.00	0.00
LBC	58	30.40	19.62	18.37	31.60	0.00	0.00
LBC	59	30.65	20.52	19.02	29.81	0.00	0.00
LBC	60	29.76	19.47	20.12	30.65	0.00	0.00
LBC	61	30.10	20.07	19.62	30.20	0.00	0.00
LBC	62	30.15	19.12	19.32	31.40	0.00	0.00
LBC	63	31.10	18.47	19.57	30.85	0.00	0.00
LBC	64	32.15	18.57	16.92	32.35	0.00	0.00
LBC	65	30.85	19.32	19.32	30.50	0.00	0.00
LBC	66	30.45	18.62	19.12	31.80	0.00	0.00
LBC	67	29.56	20.52	19.62	30.30	0.00	0.00
LBC	68	30.20	18.67	19.27	31.85	0.00	0.00
LBC	69	30.90	19.52	18.02	31.55	0.00	0.00
LBC	70	29.31	20.97	20.72	29.01	0.00	0.00
LBC	71	31.15	19.92	17.52	31.40	0.00	0.00
LBC	72	30.55	19.92	19.57	29.96	0.00	0.00
LBC	73	30.50	20.87	18.12	30.50	0.00	0.00
LBC	74	30.40	20.72	18.92	29.96	0.00	0.00
LBC	75	28.61	19.47	20.62	31.30	0.00	0.00
LBC	76	29.76	20.47	18.27	31.50	0.00	0.00
LBC	77	30.50	19.12	18.77	31.60	0.00	0.00
LBC	78	29.06	20.77	18.27	31.90	0.00	0.00
LBC	79	30.70	22.02	18.77	28.51	0.00	0.00
LBC	80	31.70	20.07	17.37	30.85	0.00	0.00
LBC	81	30.60	20.47	17.27	31.65	0.00	0.00
LBC	82	31.15	21.02	17.57	30.25	0.00	0.00
LBC	83	29.16	22.07	18.67	30.10	0.00	0.00
LBC	84	29.21	22.27	18.72	29.81	0.00	0.00
LBC	85	29.46	20.52	17.92	32.10	0.00	0.00
LBC	86	30.60	20.62	17.82	30.95	0.00	0.00
LBC	87	29.91	19.42	21.12	29.56	0.00	0.00
LBC	88	32.25	19.42	17.97	30.35	0.00	0.00
LBC	89	32.10	18.57	18.12	31.20	0.00	0.00
LBC	90	30.45	21.07	17.82	30.65	0.00	0.00
LBC	91	29.66	21.07	18.32	30.95	0.00	0.00
LBC	92	31.40	19.82	18.57	30.20	0.00	0.00
LBC	93	32.85	19.57	17.37	30.20	0.00	0.00
LBC	94	31.25	20.62	18.62	29.51	0.00	0.00
LBC	95	31.05	20.57	17.72	30.65	0.00	0.00
LBC	96	28.81	20.92	18.87	31.40	0.00	0.00
LBC	97	30.35	19.92	19.47	30.25	0.00	0.00
LBC	98	29.01	20.92	17.97	32.10	0.00	0.00
LBC	99	30.35	21.37	17.67	30.60	0.00	0.00
LBC	100	30.35	20.22	19.22	30.20	0.00	0.00
LBC	101	29.16	21.12	18.92	30.80	0.00	0.00
LBC	102	30.00	21.22	17.72	31.05	0.00	0.00
LBC	103	30.10	19.57	17.07	33.25	0.00	0.00
LBC	104	30.75	19.37	20.22	29.66	0.00	0.00
LBC	105	29.96	18.67	19.52	31.85	0.00	0.00
LBC	106	31.25	18.82	18.87	31.05	0.00	0.00
LBC	107	31.40	20.47	18.32	29.81	0.00	0.00
LBC	108	28.91	21.42	19.07	30.60	0.00	0.00
LBC	109	29.46	20.97	17.77	31.80	0.00	0.00
LBC	110	31.40	19.37	17.47	31.75	0.00	0.00
LBC	111	32.85	20.17	16.33	30.65	0.00	0.00
LBC	112	33.20	19.17	18.77	28.86	0.00	0.00
LBC	113	29.71	19.37	19.57	31.35	0.00	0.00
LBC	114	30.30	20.67	19.37	29.66	0.00	0.00
LBC	115	33.10	18.72	18.62	29.56	0.00	0.00
LBC	116	32.10	20.17	18.37	29.36	0.00	0.00
LBC	117	31.55	21.42	17.92	29.11	0.00	0.00
LBC	118	31.55	20.37	17.92	30.15	0.00	0.00
LBC	119	30.85	19.87	18.57	30.70	0.00	0.00
LBC	120	31.10	20.22	19.12	29.56	0.00	0.00
LBC	121	28.91	20.47	19.92	30.70	0.00	0.00
LBC	122	28.56	20.67	19.37	31.40	0.00	0.00
LBC	123	30.10	20.32	19.07	30.50	0.00	0.00
LBC	124	32.65	19.52	18.02	29.81	0.00	0.00
LBC	125	31.15	21.27	17.77	29.81	0.00	0.00
LBC	126	32.00	18.12	17.42	32.45	0.00	0.00
LBC	127	29.71	21.22	18.67	30.40	0.00	0.00
LBC	128	30.30	19.47	19.62	30.60	0.00	0.00
LBC	129	29.01	20.77	18.72	31.50	0.00	0.00
LBC	130	30.80	21.32	18.52	29.36	0.00	0.00
LBC	131	30.00	20.92	17.92	31.15	0.00	0.00
LBC	132	30.90	19.52	19.17	30.40	0.00	0.00
LBC	133	31.55	20.17	18.22	30.05	0.00	0.00
LBC	134	29.11	22.47	18.27	30.15	0.00	0.00
LBC	135	29.91	19.72	19.47	30.90	0.00	0.00
LBC	136	31.70	19.52	19.17	29.61	0.00	0.00
LBC	137	31.05	19.17	19.02	30.75	0.00	0.00
LBC	138	30.50	20.12	18.72	30.65	0.00	0.00
LBC	139	28.36	22.17	19.52	29.96	0.00	0.00
LBC	140	31.80	20.32	18.12	29.76	0.00	0.00
LBC	141	28.66	21.02	18.62	31.70	0.00	0.00
LBC	142	30.65	19.52	19.57	30.25	0.00	0.00
LBC	143	31.60	20.22	18.12	30.05	0.00	0.00
LBC	144	29.26	21.67	17.92	31.15	0.00	0.00
LBC	145	29.76	20.52	19.32	30.40	0.00	0.00
LBC	146	31.60	19.27	19.77	29.36	0.00	0.00
LBC	147	30.80	19.22	19.02	30.95	0.00	0.00
LBC	148	28.96	19.47	20.02	31.55	0.00	0.00
LBC	149	30.75	19.47	19.52	30.25	0.00	0.00
LBC	150	31.75	18.57	18.17	31.50	0.00	0.00
# ACGT raw counters for last fragments. Use `grep ^LTC | cut -f 2-` to extract this part. The columns are: A,C,G,T,N base counters
LTC	92187	60231	56206	91826	0
# Insert sizes. Use `grep ^IS | cut -f 2-` to extract this part. The columns are: insert size, pairs total, inward oriented pairs, outward oriented pairs, other pairs
IS	0	0	0	0	0
IS	1	0	0	0	0
IS	2	0	0	0	0
IS	3	0	0	0	0
IS	4	0	0	0	0
IS	5	0	0	0	0
IS	6	0	0	0	0
IS	7	0	0	0	0
IS	8	0	0	0	0
IS	9	0	0	0	0
IS	10	0	0	0	0
IS	11	0	0	0	0
IS	12	0	0	0	0
IS	13	0	0	0	0
IS	14	0	0	0	0
IS	15	0	0	0	0
IS	16	0	0	0	0
IS	17	0	0	0	0
IS	18	0	0	0	0
IS	19	0	0	0	0
IS	20	0	0	0	0
IS	21	0	0	0	0
IS	22	0	0	0	0
IS	23	0	0	0	0
IS	24	0	0	0	0
IS	25	0	0	0	0
IS	26	0	0	0	0
IS	27	0	0	0	0
IS	28	0	0	0	0
IS	29	0	0	0	0
IS	30	0	0	0	0
IS	31	0	0	0	0
IS	32	0	0	0	0
IS	33	0	0	0	0
IS	34	0	0	0	0
IS	35	0	0	0	0
IS	36	0	0	0	0
IS	37	0	0	0	0
IS	38	0	0	0	0
IS	39	0	0	0	0
IS	40	0	0	0	0
IS	41	0	0	0	0
IS	42	0	0	0	0
IS	43	0	0	0	0
IS	44	0	0	0	0
IS	45	0	0	0	0
IS	46	0	0	0	0
IS	47	0	0	0	0
IS	48	0	0	0	0
IS	49	0	0	0	0
IS	50	0	0	0	0
IS	51	0	0	0	0
IS	52	0	0	0	0
IS	53	0	0	0	0
IS	54	0	0	0	0
IS	55	0	0	0	0
IS	56	0	0	0	0
IS	57	0	0	0	0
IS	58	0	0	0	0
IS	59	0	0	0	0
IS	60	0	0	0	0
IS	61	0	0	0	0
IS	62	0	0	0	0
IS	63	0	0	0	0
IS	64	0	0	0	0
IS	65	0	0	0	0
IS	66	0	0	0	0
IS	67	0	0	0	0
IS	68	0	0	0	0
IS	69	0	0	0	0
IS	70	0	0	0	0
IS	71	0	0	0	0
IS	72	0	0	0	0
IS	73	0	0	0	0
IS	74	0	0	0	0
IS	75	0	0	0	0
IS	76	0	0	0	0
IS	77	0	0	0	0
IS	78	0	0	0	0
IS	79	0	0	0	0
IS	80	0	0	0	0
IS	81	0	0	0	0
IS	82	0	0	0	0
IS	83	0	0	0	0
IS	84	0	0	0	0
IS	85	0	0	0	0
IS	86	0	0	0	0
IS	87	0	0	0	0
IS	88	0	0	0	0
IS	89	0	0	0	0
IS	90	0	0	0	0
IS	91	0	0	0	0
IS	92	0	0	0	0
IS	93	0	0	0	0
IS	94	0	0	0	0
IS	95	0	0	0	0
IS	96	0	0	0	0
IS	97	0	0	0	0
IS	98	0	0	0	0
IS	99	0	0	0	0
IS	100	0	0	0	0
IS	101	0	0	0	0
IS	102	0	0	0	0
IS	103	0	0	0	0
IS	104	0	0	0	0
IS	105	0	0	0	0
IS	106	0	0	0	0
IS	107	0	0	0	0
IS	108	0	0	0	0
IS	109	0	0	0	0
IS	110	0	0	0	0
IS	111	0	0	0	0
IS	112	0	0	0	0
IS	113	0	0	0	0
IS	114	0	0	0	0
IS	115	0	0	0	0
IS	116	0	0	0	0
IS	117	0	0	0	0
IS	118	0	0	0	0
IS	119	0	0	0	0
IS	120	0	0	0	0
IS	121	0	0	0	0
IS	122	0	0	0	0
IS	123	0	0	0	0
IS	124	0	0	0	0
IS	125	0	0	0	0
IS	126	0	0	0	0
IS	127	0	0	0	0
IS	128	0	0	0	0
IS	129	0	0	0	0
IS	130	0	0	0	0
IS	131	0	0	0	0
IS	132	0	0	0	0
IS	133	0	0	0	0
IS	134	0	0	0	0
IS	135	0	0	0	0
IS	136	0	0	0	0
IS	137	0	0	0	0
IS	138	0	0	0	0
IS	139	0	0	0	0
IS	140	0	0	0	0
IS	141	0	0	0	0
IS	142	0	0	0	0
IS	143	0	0	0	0
IS	144	0	0	0	0
IS	145	0	0	0	0
IS	146	0	0	0	0
IS	147	0	0	0	0
IS	148	0	0	0	0
IS	149	0	0	0	0
IS	150	0	0	0	0
IS	151	0	0	0	0
IS	152	0	0	0	0
IS	153	0	0	0	0
IS	154	0	0	0	0
IS	155	0	0	0	0
IS	156	0	0	0	0
IS	157	0	0	0	0
IS	158	0	0	0	0
IS	159	0	0	0	0
IS	160	0	0	0	0
IS	161	0	0	0	0
IS	162	0	0	0	0
IS	163	0	0	0	0
IS	164	0	0	0	0
IS	165	0	0	0	0
IS	166	0	0	0	0
IS	167	0	0	0	0
IS	168	0	0	0	0
IS	169	0	0	0	0
IS	170	0	0	0	0
IS	171	0	0	0	0
IS	172	0	0	0	0
IS	173	0	0	0	0
IS	174	0	0	0	0
IS	175	0	0	0	0
IS	176	0	0	0	0
IS	177	0	0	0	0
IS	178	0	0	0	0
IS	179	0	0	0	0
IS	180	0	0	0	0
IS	181	0	0	0	0
IS	182	0	0	0	0
IS	183	0	0	0	0
IS	184	0	0	0	0
IS	185	0	0	0	0
IS	186	0	0	0	0
IS	187	0	0	0	0
IS	188	0	0	0	0
IS	189	0	0	0	0
IS	190	0	0	0	0
IS	191	0	0	0	0
IS	192	0	0	0	0
IS	193	0	0	0	0
IS	194	0	0	0	0
IS	195	0	0	0	0
IS	196	0	0	0	0
IS	197	0	0	0	0
IS	198	0	0	0	0
IS	199	0	0	0	0
IS	200	0	0	0	0
IS	201	0	0	0	0
IS	202	0	0	0	0
IS	203	0	0	0	0
IS	204	0	0	0	0
IS	205	0	0	0	0
IS	206	0	0	0	0
IS	207	0	0	0	0
IS	208	0	0	0	0
IS	209	0	0	0	0
IS	210	0	0	0	0
IS	211	0	0	0	0
IS	212	0	0	0	0
IS	213	0	0	0	0
IS	214	0	0	0	0
IS	215	0	0	0	0
IS	216	0	0	0	0
IS	217	0	0	0	0
IS	218	0	0	0	0
IS	219	0	0	0	0
IS	220	0	0	0	0
IS	221	0	0	0	0
IS	222	0	0	0	0
IS	223	0	0	0	0
IS	224	0	0	0	0
IS	225	0	0	0	0
IS	226	0	0	0	0
IS	227	0	0	0	0
IS	228	0	0	0	0
IS	229	0	0	0	0
IS	230	0	0	0	0
IS	231	0	0	0	0
IS	232	0	0	0	0
IS	233	0	0	0	0
IS	234	0	0	0	0
IS	235	0	0	0	0
IS	236	0	0	0	0
IS	237	0	0	0	0
IS	238	0	0	0	0
IS	239	0	0	0	0
IS	240	0	0	0	0
IS	241	0	0	0	0
IS	242	0	0	0	0
IS	243	0	0	0	0
IS	244	0	0	0	0
IS	245	0	0	0	0
IS	246	0	0	0	0
IS	247	0	0	0	0
IS	248	0	0	0	0
IS	249	0	0	0	0
IS	250	0	0	0	0
IS	251	0	0	0	0
IS	252	0	0	0	0
IS	253	0	0	0	0
IS	254	0	0	0	0
IS	255	0	0	0	0
IS	256	0	0	0	0
IS	257	0	0	0	0
IS	258	0	0	0	0
IS	259	0	0	0	0
IS	260	0	0	0	0
IS	261	0	0	0	0
IS	262	0	0	0	0
IS	263	0	0	0	0
IS	264	0	0	0	0
IS	265	0	0	0	0
IS	266	0	0	0	0
IS	267	0	0	0	0
IS	268	0	0	0	0
IS	269	0	0	0	0
IS	270	0	0	0	0
IS	271	0	0	0	0
IS	272	0	0	0	0
IS	273	0	0	0	0
IS	274	0	0	0	0
IS	275	0	0	0	0
IS	276	0	0	0	0
IS	277	0	0	0	0
IS	278	0	0	0	0
IS	279	0	0	0	0
IS	280	0	0	0	0
IS	281	0	0	0	0
IS	282	0	0	0	0
IS	283	0	0	0	0
IS	284	0	0	0	0
IS	285	0	0	0	0
IS	286	0	0	0	0
IS	287	0	0	0	0
IS	288	0	0	0	0
IS	289	0	0	0	0
IS	290	0	0	0	0
IS	291	0	0	0	0
IS	292	0	0	0	0
IS	293	0	0	0	0
IS	294	0	0	0	0
IS	295	0	0	0	0
IS	296	0	0	0	0
IS	297	0	0	0	0
IS	298	0	0	0	0
IS	299	0	0	0	0
IS	300	0	0	0	0
IS	301	0	0	0	0
IS	302	0	0	0	0
IS	303	0	0	0	0
IS	304	0	0	0	0
IS	305	0	0	0	0
IS	306	0	0	0	0
IS	307	0	0	0	0
IS	308	0	0	0	0
IS	309	0	0	0	0
IS	310	0	0	0	0
IS	311	0	0	0	0
IS	312	0	0	0	0
IS	313	0	0	0	0
IS	314	0	0	0	0
IS	315	0	0	0	0
IS	316	1	1	0	0
IS	317	0	0	0	0
IS	318	0	0	0	0
IS	319	0	0	0	0
IS	320	0	0	0	0
IS	321	0	0	0	0
IS	322	0	0	0	0
IS	323	0	0	0	0
IS	324	0	0	0	0
IS	325	0	0	0	0
IS	326	0	0	0	0
IS	327	0	0	0	0
IS	328	0	0	0	0
IS	329	0	0	0	0
IS	330	0	0	0	0
IS	331	0	0	0	0
IS	332	0	0	0	0
IS	333	0	0	0	0
IS	334	0	0	0	0
IS	335	0	0	0	0
IS	336	0	0	0	0
IS	337	0	0	0	0
IS	338	0	0	0	0
IS	339	0	0	0	0
IS	340	0	0	0	0
IS	341	0	0	0	0
IS	342	0	0	0	0
IS	343	0	0	0	0
IS	344	0	0	0	0
IS	345	0	0	0	0
IS	346	0	0	0	0
IS	347	0	0	0	0
IS	348	0	0	0	0
IS	349	0	0	0	0
IS	350	0	0	0	0
IS	351	0	0	0	0
IS	352	0	0	0	0
IS	353	0	0	0	0
IS	354	0	0	0	0
IS	355	1	1	0	0
IS	356	0	0	0	0
IS	357	0	0	0	0
IS	358	1	1	0	0
IS	359	0	0	0	0
IS	360	0	0	0	0
IS	361	0	0	0	0
IS	362	0	0	0	0
IS	363	1	1	0	0
IS	364	1	1	0	0
IS	365	0	0	0	0
IS	366	1	1	0	0
IS	367	0	0	0	0
IS	368	1	1	0	0
IS	369	0	0	0	0
IS	370	0	0	0	0
IS	371	0	0	0	0
IS	372	1	1	0	0
IS	373	1	1	0	0
IS	374	1	1	0	0
IS	375	1	1	0	0
IS	376	1	1	0	0
IS	377	1	1	0	0
IS	378	1	1	0	0
IS	379	3	3	0	0
IS	380	1	1	0	0
IS	381	0	0	0	0
IS	382	2	2	0	0
IS	383	2	2	0	0
IS	384	2	2	0	0
IS	385	1	1	0	0
IS	386	0	0	0	0
IS	387	0	0	0	0
IS	388	0	0	0	0
IS	389	3	3	0	0
IS	390	0	0	0	0
IS	391	1	1	0	0
IS	392	5	5	0	0
IS	393	2	2	0	0
IS	394	1	1	0	0
IS	395	0	0	0	0
IS	396	1	1	0	0
IS	397	3	3	0	0
IS	398	5	5	0	0
IS	399	3	3	0	0
IS	400	3	3	0	0
IS	401	1	1	0	0
IS	402	6	6	0	0
IS	403	1	1	0	0
IS	404	1	1	0	0
IS	405	1	1	0	0
IS	406	1	1	0	0
IS	407	3	3	0	0
IS	408	4	4	0	0
IS	409	4	4	0	0
IS	410	1	1	0	0
IS	411	2	2	0	0
IS	412	8	8	0	0
IS	413	5	5	0	0
IS	414	2	2	0	0
IS	415	5	5	0	0
IS	416	5	5	0	0
IS	417	1	1	0	0
IS	418	7	7	0	0
IS	419	3	3	0	0
IS	420	7	7	0	0
IS	421	4	4	0	0
IS	422	4	4	0	0
IS	423	3	3	0	0
IS	424	4	4	0	0
IS	425	8	8	0	0
IS	426	5	5	0	0
IS	427	4	4	0	0
IS	428	4	4	0	0
IS	429	8	8	0	0
IS	430	5	5	0	0
IS	431	12	12	0	0
IS	432	3	3	0	0
IS	433	5	5	0	0
IS	434	4	4	0	0
IS	435	3	3	0	0
IS	436	8	8	0	0
IS	437	13	13	0	0
IS	438	7	7	0	0
IS	439	6	6	0	0
IS	440	6	6	0	0
IS	441	14	14	0	0
IS	442	10	10	0	0
IS	443	10	10	0	0
IS	444	12	12	0	0
IS	445	12	12	0	0
IS	446	11	11	0	0
IS	447	8	8	0	0
IS	448	19	19	0	0
IS	449	14	14	0	0
IS	450	10	10	0	0
IS	451	7	7	0	0
IS	452	7	7	0	0
IS	453	4	4	0	0
IS	454	10	10	0	0
IS	455	7	7	0	0
IS	456	8	8	0	0
IS	457	14	14	0	0
IS	458	19	19	0	0
IS	459	10	10	0	0
IS	460	12	12	0	0
IS	461	15	15	0	0
IS	462	6	6	0	0
IS	463	10	10	0	0
IS	464	12	12	0	0
IS	465	13	13	0	0
IS	466	18	18	0	0
IS	467	16	16	0	0
IS	468	13	13	0	0
IS	469	17	17	0	0
IS	470	6	6	0	0
IS	471	12	12	0	0
IS	472	12	12	0	0
IS	473	12	12	0	0
IS	474	18	18	0	0
IS	475	12	12	0	0
IS	476	14	14	0	0
IS	477	11	11	0	0
IS	478	11	11	0	0
IS	479	16	16	0	0
IS	480	16	16	0	0
IS	481	12	12	0	0
IS	482	16	16	0	0
IS	483	17	17	0	0
IS	484	13	13	0	0
IS	485	13	13	0	0
IS	486	12	12	0	0
IS	487	7	7	0	0
IS	488	16	16	0	0
IS	489	12	12	0	0
IS	490	12	12	0	0
IS	491	17	17	0	0
IS	492	18	18	0	0
IS	493	18	18	0	0
IS	494	22	22	0	0
IS	495	12	12	0	0
IS	496	16	16	0	0
IS	497	17	17	0	0
IS	498	13	13	0	0
IS	499	13	13	0	0
IS	500	13	13	0	0
IS	501	25	25	0	0
IS	502	10	10	0	0
IS	503	14	14	0	0
IS	504	24	24	0	0
IS	505	21	21	0	0
IS	506	19	19	0	0
IS	507	14	14	0	0
IS	508	20	20	0	0
IS	509	22	22	0	0
IS	510	27	27	0	0
IS	511	17	17	0	0
IS	512	14	14	0	0
IS	513	17	17	0	0
IS	514	13	13	0	0
IS	515	14	14	0	0
IS	516	15	15	0	0
IS	517	16	16	0	0
IS	518	11	11	0	0
IS	519	19	19	0	0
IS	520	10	10	0	0
IS	521	14	14	0	0
IS	522	11	11	0	0
IS	523	17	17	0	0
IS	524	13	13	0	0
IS	525	13	13	0	0
IS	526	8	8	0	0
IS	527	15	15	0	0
IS	528	15	15	0	0
IS	529	14	14	0	0
IS	530	21	21	0	0
IS	531	7	7	0	0
IS	532	16	16	0	0
IS	533	11	11	0	0
IS	534	12	12	0	0
IS	535	10	10	0	0
IS	536	11	11	0	0
IS	537	24	24	0	0
IS	538	11	11	0	0
IS	539	7	7	0	0
IS	540	6	6	0	0
IS	541	15	15	0	0
IS	542	7	7	0	0
IS	543	8	8	0	0
IS	544	8	8	0	0
IS	545	9	9	0	0
IS	546	10	10	0	0
IS	547	4	4	0	0
IS	548	12	12	0	0
IS	549	10	10	0	0
IS	550	14	14	0	0
IS	551	7	7	0	0
IS	552	5	5	0	0
IS	553	7	7	0	0
IS	554	9	9	0	0
IS	555	4	4	0	0
IS	556	8	8	0	0
IS	557	11	11	0	0
IS	558	5	5	0	0
IS	559	9	9	0	0
IS	560	11	11	0	0
IS	561	4	4	0	0
IS	562	10	10	0	0
IS	563	8	8	0	0
IS	564	6	6	0	0
IS	565	8	8	0	0
IS	566	7	7	0	0
IS	567	8	8	0	0
IS	568	9	9	0	0
IS	569	6	6	0	0
IS	570	6	6	0	0
IS	571	5	5	0	0
IS	572	6	6	0	0
IS	573	6	6	0	0
IS	574	8	8	0	0
IS	575	7	7	0	0
IS	576	4	4	0	0
IS	577	2	2	0	0
IS	578	3	3	0	0
IS	579	3	3	0	0
IS	580	6	6	0	0
IS	581	5	5	0	0
IS	582	5	5	0	0
IS	583	3	3	0	0
IS	584	3	3	0	0
IS	585	7	7	0	0
IS	586	3	3	0	0
IS	587	3	3	0	0
IS	588	3	3	0	0
IS	589	1	1	0	0
IS	590	4	4	0	0
IS	591	3	3	0	0
IS	592	1	1	0	0
IS	593	4	4	0	0
IS	594	4	4	0	0
IS	595	1	1	0	0
IS	596	3	3	0	0
IS	597	2	2	0	0
IS	598	2	2	0	0
IS	599	4	4	0	0
IS	600	1	1	0	0
IS	601	3	3	0	0
IS	602	4	4	0	0
IS	603	1	1	0	0
IS	604	1	1	0	0
IS	605	0	0	0	0
IS	606	1	1	0	0
IS	607	1	1	0	0
IS	608	0	0	0	0
IS	609	0	0	0	0
IS	610	2	2	0	0
IS	611	2	2	0	0
IS	612	1	1	0	0
IS	613	1	1	0	0
IS	614	0	0	0	0
IS	615	0	0	0	0
IS	616	1	1	0	0
IS	617	0	0	0	0
IS	618	0	0	0	0
IS	619	0	0	0	0
IS	620	1	1	0	0
IS	621	1	1	0	0
IS	622	1	1	0	0
IS	623	0	0	0	0
IS	624	2	2	0	0
IS	625	1	1	0	0
IS	626	2	2	0	0
# Read lengths. Use `grep ^RL | cut -f 2-` to extract this part. The columns are: read length, count
RL	150	4006
# Read lengths - first fragments. Use `grep ^FRL | cut -f 2-` to extract this part. The columns are: read length, count
FRL	150	2003
# Read lengths - last fragments. Use `grep ^LRL | cut -f 2-` to extract this part. The columns are: read length, count
LRL	150	2003
# Mapping qualities for reads !(UNMAP|SECOND|SUPPL|QCFAIL|DUP). Use `grep ^MAPQ | cut -f 2-` to extract this part. The columns are: mapq, count
MAPQ	0	12
MAPQ	9	2
MAPQ	27	13
MAPQ	33	2
MAPQ	39	2
MAPQ	40	31
MAPQ	43	1
MAPQ	45	1
MAPQ	46	1
MAPQ	48	39
MAPQ	50	3
MAPQ	52	1
MAPQ	57	15
MAPQ	59	2
MAPQ	60	3881
# Indel distribution. Use `grep ^ID | cut -f 2-` to extract this part. The columns are: length, number of insertions, number of deletions
# Indels per cycle. Use `grep ^IC | cut -f 2-` to extract this part. The columns are: cycle, number of insertions (fwd), .. (rev) , number of deletions (fwd), .. (rev)
# Coverage distribution. Use `grep ^COV | cut -f 2-` to extract this part.
COV	[1-1]	1	5022
COV	[2-2]	2	9155
COV	[3-3]	3	15096
COV	[4-4]	4	19993
COV	[5-5]	5	21228
COV	[6-6]	6	16338
COV	[7-7]	7	12547
COV	[8-8]	8	8725
COV	[9-9]	9	4944
COV	[10-10]	10	2774
COV	[11-11]	11	944
COV	[12-12]	12	405
COV	[13-13]	13	203
COV	[14-14]	14	28
# GC-depth. Use `grep ^GCD | cut -f 2-` to extract this part. The columns are: GC%, unique sequence percentiles, 10th, 25th, 50th, 75th and 90th depth percentile
GCD	0.0	15.385	0.000	0.000	0.000	0.000	0.000
GCD	37.0	30.769	2.505	2.505	2.505	2.505	2.505
GCD	38.0	53.846	2.490	2.490	2.505	2.505	2.505
GCD	39.0	84.615	2.505	2.505	2.505	2.505	2.505
GCD	40.0	92.308	2.505	2.505	2.505	2.505	2.505
GCD	45.0	100.000	2.505	2.505	2.505	2.505	2.505
