# This file was produced by samtools stats (1.20+htslib-1.21) and can be plotted using plot-bamstats
# This file contains statistics for all reads.
# The command line was:  stats sample3815.sorted.group.rmdup.bam
# CHK, Checksum	[2]Read Names	[3]Sequences	[4]Qualities
# CHK, CRC32 of reads which passed filtering followed by addition (32bit overflow)
CHK	279f2b78	c2b8e88d	f1f23d24
# Summary Numbers. Use `grep ^SN | cut -f 2-` to extract this part.
SN	raw total sequences:	4006	# excluding supplementary and secondary reads
SN	filtered sequences:	0
SN	sequences:	4006
SN	is sorted:	1
SN	1st fragments:	2003
SN	last fragments:	2003
SN	reads mapped:	4006
SN	reads mapped and paired:	4006	# paired-end technology bit set + both mates mapped
SN	reads unmapped:	0
SN	reads properly paired:	4006	# proper-pair bit set
SN	reads paired:	4006	# paired-end technology bit set
SN	reads duplicated:	0	# PCR or optical duplicate bit set
SN	reads MQ0:	4	# mapped and MQ=0
SN	reads QC failed:	0
SN	non-primary alignments:	0
SN	supplementary alignments:	0
SN	total length:	600900	# ignores clipping
SN	total first fragment length:	300450	# ignores clipping
SN	total last fragment length:	300450	# ignores clipping
SN	bases mapped:	600900	# ignores clipping
SN	bases mapped (cigar):	600900	# more accurate
SN	bases trimmed:	0
SN	bases duplicated:	0
SN	mismatches:	991	# from NM fields
SN	error rate:	1.649193e-03	# mismatches / bases mapped (cigar)
SN	average length:	150
SN	average first fragment length:	150
SN	average last fragment length:	150
SN	maximum length:	150
SN	maximum first fragment length:	150
SN	maximum last fragment length:	150
SN	average quality:	30.0
SN	insert size average:	499.3
SN	insert size standard deviation:	48.5
SN	inward oriented pairs:	2003
SN	outward oriented pairs:	0
SN	pairs with other orientation:	0
SN	pairs on different chromosomes:	0
SN	percentage of properly paired reads (%):	100.0
# First Fragment Qualities. Use `grep ^FFQ | cut -f 2-` to extract this part.
# Columns correspond to qualities and rows to cycles. First column is the cycle number.
FFQ	1	0	0	0	0	0	0	0	0	0	0	0	0	0	0	0	0	0	0	0	0	0	0	0	0	0	0	0	0	0	0	2003	0
FFQ	2	0	0	0	0	0	0	0	0	0	0	0	0	0	0	0	0	0	0	0	0	0	0	0	0	0	0	0	0	0	0	2003	0
FFQ	3	0	0	0	0	0	0	0	0	0	0	0	0	0	0	0	0	0	0	0	0	0	0	0	0	0	0	0	0	0	0	2003	0
FFQ	4	0	0	0	0	0	0	0	0	0	0	0	0	0	0	0	0	0	0	0	0	0	0	0	0	0	0	0	0	0	0	2003	0
FFQ	5	0	0	0	0	0	0	0	0	0	0	0	0	0	0	0	0	0	0	0	0	0	0	0	0	0	0	0	0	0	0	2003	0
FFQ	6	0	0	0	0	0	0	0	0	0	0	0	0	0	0	0	0	0	0	0	0	0	0	0	0	0	0	0	0	0	0	2003	0
FFQ	7	0	0	0	0	0	0	0	0	0	0	0	0	0	0	0	0	0	0	0	0	0	0	0	0	0	0	0	0	0	0	2003	0
FFQ	8	0	0	0	0	0	0	0	0	0	0	0	0	0	0	0	0	0	0	0	0	0	0	0	0	0	0	0	0	0	0	2003	0
FFQ	9	0	0	0	0	0	0	0	0	0	0	0	0	0	0	0	0	0	0	0	0	0	0	0	0	0	0	0	0	0	0	2003	0
FFQ	10	0	0	0	0	0	0	0	0	0	0	0	0	0	0	0	0	0	0	0	0	0	0	0	0	0	0	0	0	0	0	2003	0
FFQ	11	0	0	0	0	0	0	0	0	0	0	0	0	0	0	0	0	0	0	0	0	0	0	0	0	0	0	0	0	0	0	2003	0
FFQ	12	0	0	0	0	0	0	0	0	0	0	0	0	0	0	0	0	0	0	0	0	0	0	0	0	0	0	0	0	0	0	2003	0
FFQ	13	0	0	0	0	0	0	0	0	0	0	0	0	0	0	0	0	0	0	0	0	0	0	0	0	0	0	0	0	0	0	2003	0
FFQ	14	0	0	0	0	0	0	0	0	0	0	0	0	0	0	0	0	0	0	0	0	0	0	0	0	0	0	0	0	0	0	2003	0
FFQ	15	0	0	0	0	0	0	0	0	0	0	0	0	0	0	0	0	0	0	0	0	0	0	0	0	0	0	0	0	0	0	2003	0
FFQ	16	0	0	0	0	0	0	0	0	0	0	0	0	0	0	0	0	0	0	0	0	0	0	0	0	0	0	0	0	0	0	2003	0
FFQ	17	0	0	0	0	0	0	0	0	0	0	0	0	0	0	0	0	0	0	0	0	0	0	0	0	0	0	0	0	0	0	2003	0
FFQ	18	0	0	0	0	0	0	0	0	0	0	0	0	0	0	0	0	0	0	0	0	0	0	0	0	0	0	0	0	0	0	2003	0
FFQ	19	0	0	0	0	0	0	0	0	0	0	0	0	0	0	0	0	0	0	0	0	0	0	0	0	0	0	0	0	0	0	2003	0
FFQ	20	0	0	0	0	0	0	0	0	0	0	0	0	0	0	0	0	0	0	0	0	0	0	0	0	0	0	0	0	0	0	2003	0
FFQ	21	0	0	0	0	0	0	0	0	0	0	0	0	0	0	0	0	0	0	0	0	0	0	0	0	0	0	0	0	0	0	2003	0
FFQ	22	0	0	0	0	0	0	0	0	0	0	0	0	0	0	0	0	0	0	0	0	0	0	0	0	0	0	0	0	0	0	2003	0
FFQ	23	0	0	0	0	0	0	0	0	0	0	0	0	0	0	0	0	0	0	0	0	0	0	0	0	0	0	0	0	0	0	2003	0
FFQ	24	0	0	0	0	0	0	0	0	0	0	0	0	0	0	0	0	0	0	0	0	0	0	0	0	0	0	0	0	0	0	2003	0
FFQ	25	0	0	0	0	0	0	0	0	0	0	0	0	0	0	0	0	0	0	0	0	0	0	0	0	0	0	0	0	0	0	2003	0
FFQ	26	0	0	0	0	0	0	0	0	0	0	0	0	0	0	0	0	0	0	0	0	0	0	0	0	0	0	0	0	0	0	2003	0
FFQ	27	0	0	0	0	0	0	0	0	0	0	0	0	0	0	0	0	0	0	0	0	0	0	0	0	0	0	0	0	0	0	2003	0
FFQ	28	0	0	0	0	0	0	0	0	0	0	0	0	0	0	0	0	0	0	0	0	0	0	0	0	0	0	0	0	0	0	2003	0
FFQ	29	0	0	0	0	0	0	0	0	0	0	0	0	0	0	0	0	0	0	0	0	0	0	0	0	0	0	0	0	0	0	2003	0
FFQ	30	0	0	0	0	0	0	0	0	0	0	0	0	0	0	0	0	0	0	0	0	0	0	0	0	0	0	0	0	0	0	2003	0
FFQ	31	0	0	0	0	0	0	0	0	0	0	0	0	0	0	0	0	0	0	0	0	0	0	0	0	0	0	0	0	0	0	2003	0
FFQ	32	0	0	0	0	0	0	0	0	0	0	0	0	0	0	0	0	0	0	0	0	0	0	0	0	0	0	0	0	0	0	2003	0
FFQ	33	0	0	0	0	0	0	0	0	0	0	0	0	0	0	0	0	0	0	0	0	0	0	0	0	0	0	0	0	0	0	2003	0
FFQ	34	0	0	0	0	0	0	0	0	0	0	0	0	0	0	0	0	0	0	0	0	0	0	0	0	0	0	0	0	0	0	2003	0
FFQ	35	0	0	0	0	0	0	0	0	0	0	0	0	0	0	0	0	0	0	0	0	0	0	0	0	0	0	0	0	0	0	2003	0
FFQ	36	0	0	0	0	0	0	0	0	0	0	0	0	0	0	0	0	0	0	0	0	0	0	0	0	0	0	0	0	0	0	2003	0
FFQ	37	0	0	0	0	0	0	0	0	0	0	0	0	0	0	0	0	0	0	0	0	0	0	0	0	0	0	0	0	0	0	2003	0
FFQ	38	0	0	0	0	0	0	0	0	0	0	0	0	0	0	0	0	0	0	0	0	0	0	0	0	0	0	0	0	0	0	2003	0
FFQ	39	0	0	0	0	0	0	0	0	0	0	0	0	0	0	0	0	0	0	0	0	0	0	0	0	0	0	0	0	0	0	2003	0
FFQ	40	0	0	0	0	0	0	0	0	0	0	0	0	0	0	0	0	0	0	0	0	0	0	0	0	0	0	0	0	0	0	2003	0
FFQ	41	0	0	0	0	0	0	0	0	0	0	0	0	0	0	0	0	0	0	0	0	0	0	0	0	0	0	0	0	0	0	2003	0
FFQ	42	0	0	0	0	0	0	0	0	0	0	0	0	0	0	0	0	0	0	0	0	0	0	0	0	0	0	0	0	0	0	2003	0
FFQ	43	0	0	0	0	0	0	0	0	0	0	0	0	0	0	0	0	0	0	0	0	0	0	0	0	0	0	0	0	0	0	2003	0
FFQ	44	0	0	0	0	0	0	0	0	0	0	0	0	0	0	0	0	0	0	0	0	0	0	0	0	0	0	0	0	0	0	2003	0
FFQ	45	0	0	0	0	0	0	0	0	0	0	0	0	0	0	0	0	0	0	0	0	0	0	0	0	0	0	0	0	0	0	2003	0
FFQ	46	0	0	0	0	0	0	0	0	0	0	0	0	0	0	0	0	0	0	0	0	0	0	0	0	0	0	0	0	0	0	2003	0
FFQ	47	0	0	0	0	0	0	0	0	0	0	0	0	0	0	0	0	0	0	0	0	0	0	0	0	0	0	0	0	0	0	2003	0
FFQ	48	0	0	0	0	0	0	0	0	0	0	0	0	0	0	0	0	0	0	0	0	0	0	0	0	0	0	0	0	0	0	2003	0
FFQ	49	0	0	0	0	0	0	0	0	0	0	0	0	0	0	0	0	0	0	0	0	0	0	0	0	0	0	0	0	0	0	2003	0
FFQ	50	0	0	0	0	0	0	0	0	0	0	0	0	0	0	0	0	0	0	0	0	0	0	0	0	0	0	0	0	0	0	2003	0
FFQ	51	0	0	0	0	0	0	0	0	0	0	0	0	0	0	0	0	0	0	0	0	0	0	0	0	0	0	0	0	0	0	2003	0
FFQ	52	0	0	0	0	0	0	0	0	0	0	0	0	0	0	0	0	0	0	0	0	0	0	0	0	0	0	0	0	0	0	2003	0
FFQ	53	0	0	0	0	0	0	0	0	0	0	0	0	0	0	0	0	0	0	0	0	0	0	0	0	0	0	0	0	0	0	2003	0
FFQ	54	0	0	0	0	0	0	0	0	0	0	0	0	0	0	0	0	0	0	0	0	0	0	0	0	0	0	0	0	0	0	2003	0
FFQ	55	0	0	0	0	0	0	0	0	0	0	0	0	0	0	0	0	0	0	0	0	0	0	0	0	0	0	0	0	0	0	2003	0
FFQ	56	0	0	0	0	0	0	0	0	0	0	0	0	0	0	0	0	0	0	0	0	0	0	0	0	0	0	0	0	0	0	2003	0
FFQ	57	0	0	0	0	0	0	0	0	0	0	0	0	0	0	0	0	0	0	0	0	0	0	0	0	0	0	0	0	0	0	2003	0
FFQ	58	0	0	0	0	0	0	0	0	0	0	0	0	0	0	0	0	0	0	0	0	0	0	0	0	0	0	0	0	0	0	2003	0
FFQ	59	0	0	0	0	0	0	0	0	0	0	0	0	0	0	0	0	0	0	0	0	0	0	0	0	0	0	0	0	0	0	2003	0
FFQ	60	0	0	0	0	0	0	0	0	0	0	0	0	0	0	0	0	0	0	0	0	0	0	0	0	0	0	0	0	0	0	2003	0
FFQ	61	0	0	0	0	0	0	0	0	0	0	0	0	0	0	0	0	0	0	0	0	0	0	0	0	0	0	0	0	0	0	2003	0
FFQ	62	0	0	0	0	0	0	0	0	0	0	0	0	0	0	0	0	0	0	0	0	0	0	0	0	0	0	0	0	0	0	2003	0
FFQ	63	0	0	0	0	0	0	0	0	0	0	0	0	0	0	0	0	0	0	0	0	0	0	0	0	0	0	0	0	0	0	2003	0
FFQ	64	0	0	0	0	0	0	0	0	0	0	0	0	0	0	0	0	0	0	0	0	0	0	0	0	0	0	0	0	0	0	2003	0
FFQ	65	0	0	0	0	0	0	0	0	0	0	0	0	0	0	0	0	0	0	0	0	0	0	0	0	0	0	0	0	0	0	2003	0
FFQ	66	0	0	0	0	0	0	0	0	0	0	0	0	0	0	0	0	0	0	0	0	0	0	0	0	0	0	0	0	0	0	2003	0
FFQ	67	0	0	0	0	0	0	0	0	0	0	0	0	0	0	0	0	0	0	0	0	0	0	0	0	0	0	0	0	0	0	2003	0
FFQ	68	0	0	0	0	0	0	0	0	0	0	0	0	0	0	0	0	0	0	0	0	0	0	0	0	0	0	0	0	0	0	2003	0
FFQ	69	0	0	0	0	0	0	0	0	0	0	0	0	0	0	0	0	0	0	0	0	0	0	0	0	0	0	0	0	0	0	2003	0
FFQ	70	0	0	0	0	0	0	0	0	0	0	0	0	0	0	0	0	0	0	0	0	0	0	0	0	0	0	0	0	0	0	2003	0
FFQ	71	0	0	0	0	0	0	0	0	0	0	0	0	0	0	0	0	0	0	0	0	0	0	0	0	0	0	0	0	0	0	2003	0
FFQ	72	0	0	0	0	0	0	0	0	0	0	0	0	0	0	0	0	0	0	0	0	0	0	0	0	0	0	0	0	0	0	2003	0
FFQ	73	0	0	0	0	0	0	0	0	0	0	0	0	0	0	0	0	0	0	0	0	0	0	0	0	0	0	0	0	0	0	2003	0
FFQ	74	0	0	0	0	0	0	0	0	0	0	0	0	0	0	0	0	0	0	0	0	0	0	0	0	0	0	0	0	0	0	2003	0
FFQ	75	0	0	0	0	0	0	0	0	0	0	0	0	0	0	0	0	0	0	0	0	0	0	0	0	0	0	0	0	0	0	2003	0
FFQ	76	0	0	0	0	0	0	0	0	0	0	0	0	0	0	0	0	0	0	0	0	0	0	0	0	0	0	0	0	0	0	2003	0
FFQ	77	0	0	0	0	0	0	0	0	0	0	0	0	0	0	0	0	0	0	0	0	0	0	0	0	0	0	0	0	0	0	2003	0
FFQ	78	0	0	0	0	0	0	0	0	0	0	0	0	0	0	0	0	0	0	0	0	0	0	0	0	0	0	0	0	0	0	2003	0
FFQ	79	0	0	0	0	0	0	0	0	0	0	0	0	0	0	0	0	0	0	0	0	0	0	0	0	0	0	0	0	0	0	2003	0
FFQ	80	0	0	0	0	0	0	0	0	0	0	0	0	0	0	0	0	0	0	0	0	0	0	0	0	0	0	0	0	0	0	2003	0
FFQ	81	0	0	0	0	0	0	0	0	0	0	0	0	0	0	0	0	0	0	0	0	0	0	0	0	0	0	0	0	0	0	2003	0
FFQ	82	0	0	0	0	0	0	0	0	0	0	0	0	0	0	0	0	0	0	0	0	0	0	0	0	0	0	0	0	0	0	2003	0
FFQ	83	0	0	0	0	0	0	0	0	0	0	0	0	0	0	0	0	0	0	0	0	0	0	0	0	0	0	0	0	0	0	2003	0
FFQ	84	0	0	0	0	0	0	0	0	0	0	0	0	0	0	0	0	0	0	0	0	0	0	0	0	0	0	0	0	0	0	2003	0
FFQ	85	0	0	0	0	0	0	0	0	0	0	0	0	0	0	0	0	0	0	0	0	0	0	0	0	0	0	0	0	0	0	2003	0
FFQ	86	0	0	0	0	0	0	0	0	0	0	0	0	0	0	0	0	0	0	0	0	0	0	0	0	0	0	0	0	0	0	2003	0
FFQ	87	0	0	0	0	0	0	0	0	0	0	0	0	0	0	0	0	0	0	0	0	0	0	0	0	0	0	0	0	0	0	2003	0
FFQ	88	0	0	0	0	0	0	0	0	0	0	0	0	0	0	0	0	0	0	0	0	0	0	0	0	0	0	0	0	0	0	2003	0
FFQ	89	0	0	0	0	0	0	0	0	0	0	0	0	0	0	0	0	0	0	0	0	0	0	0	0	0	0	0	0	0	0	2003	0
FFQ	90	0	0	0	0	0	0	0	0	0	0	0	0	0	0	0	0	0	0	0	0	0	0	0	0	0	0	0	0	0	0	2003	0
FFQ	91	0	0	0	0	0	0	0	0	0	0	0	0	0	0	0	0	0	0	0	0	0	0	0	0	0	0	0	0	0	0	2003	0
FFQ	92	0	0	0	0	0	0	0	0	0	0	0	0	0	0	0	0	0	0	0	0	0	0	0	0	0	0	0	0	0	0	2003	0
FFQ	93	0	0	0	0	0	0	0	0	0	0	0	0	0	0	0	0	0	0	0	0	0	0	0	0	0	0	0	0	0	0	2003	0
FFQ	94	0	0	0	0	0	0	0	0	0	0	0	0	0	0	0	0	0	0	0	0	0	0	0	0	0	0	0	0	0	0	2003	0
FFQ	95	0	0	0	0	0	0	0	0	0	0	0	0	0	0	0	0	0	0	0	0	0	0	0	0	0	0	0	0	0	0	2003	0
FFQ	96	0	0	0	0	0	0	0	0	0	0	0	0	0	0	0	0	0	0	0	0	0	0	0	0	0	0	0	0	0	0	2003	0
FFQ	97	0	0	0	0	0	0	0	0	0	0	0	0	0	0	0	0	0	0	0	0	0	0	0	0	0	0	0	0	0	0	2003	0
FFQ	98	0	0	0	0	0	0	0	0	0	0	0	0	0	0	0	0	0	0	0	0	0	0	0	0	0	0	0	0	0	0	2003	0
FFQ	99	0	0	0	0	0	0	0	0	0	0	0	0	0	0	0	0	0	0	0	0	0	0	0	0	0	0	0	0	0	0	2003	0
FFQ	100	0	0	0	0	0	0	0	0	0	0	0	0	0	0	0	0	0	0	0	0	0	0	0	0	0	0	0	0	0	0	2003	0
FFQ	101	0	0	0	0	0	0	0	0	0	0	0	0	0	0	0	0	0	0	0	0	0	0	0	0	0	0	0	0	0	0	2003	0
FFQ	102	0	0	0	0	0	0	0	0	0	0	0	0	0	0	0	0	0	0	0	0	0	0	0	0	0	0	0	0	0	0	2003	0
FFQ	103	0	0	0	0	0	0	0	0	0	0	0	0	0	0	0	0	0	0	0	0	0	0	0	0	0	0	0	0	0	0	2003	0
FFQ	104	0	0	0	0	0	0	0	0	0	0	0	0	0	0	0	0	0	0	0	0	0	0	0	0	0	0	0	0	0	0	2003	0
FFQ	105	0	0	0	0	0	0	0	0	0	0	0	0	0	0	0	0	0	0	0	0	0	0	0	0	0	0	0	0	0	0	2003	0
FFQ	106	0	0	0	0	0	0	0	0	0	0	0	0	0	0	0	0	0	0	0	0	0	0	0	0	0	0	0	0	0	0	2003	0
FFQ	107	0	0	0	0	0	0	0	0	0	0	0	0	0	0	0	0	0	0	0	0	0	0	0	0	0	0	0	0	0	0	2003	0
FFQ	108	0	0	0	0	0	0	0	0	0	0	0	0	0	0	0	0	0	0	0	0	0	0	0	0	0	0	0	0	0	0	2003	0
FFQ	109	0	0	0	0	0	0	0	0	0	0	0	0	0	0	0	0	0	0	0	0	0	0	0	0	0	0	0	0	0	0	2003	0
FFQ	110	0	0	0	0	0	0	0	0	0	0	0	0	0	0	0	0	0	0	0	0	0	0	0	0	0	0	0	0	0	0	2003	0
FFQ	111	0	0	0	0	0	0	0	0	0	0	0	0	0	0	0	0	0	0	0	0	0	0	0	0	0	0	0	0	0	0	2003	0
FFQ	112	0	0	0	0	0	0	0	0	0	0	0	0	0	0	0	0	0	0	0	0	0	0	0	0	0	0	0	0	0	0	2003	0
FFQ	113	0	0	0	0	0	0	0	0	0	0	0	0	0	0	0	0	0	0	0	0	0	0	0	0	0	0	0	0	0	0	2003	0
FFQ	114	0	0	0	0	0	0	0	0	0	0	0	0	0	0	0	0	0	0	0	0	0	0	0	0	0	0	0	0	0	0	2003	0
FFQ	115	0	0	0	0	0	0	0	0	0	0	0	0	0	0	0	0	0	0	0	0	0	0	0	0	0	0	0	0	0	0	2003	0
FFQ	116	0	0	0	0	0	0	0	0	0	0	0	0	0	0	0	0	0	0	0	0	0	0	0	0	0	0	0	0	0	0	2003	0
FFQ	117	0	0	0	0	0	0	0	0	0	0	0	0	0	0	0	0	0	0	0	0	0	0	0	0	0	0	0	0	0	0	2003	0
FFQ	118	0	0	0	0	0	0	0	0	0	0	0	0	0	0	0	0	0	0	0	0	0	0	0	0	0	0	0	0	0	0	2003	0
FFQ	119	0	0	0	0	0	0	0	0	0	0	0	0	0	0	0	0	0	0	0	0	0	0	0	0	0	0	0	0	0	0	2003	0
FFQ	120	0	0	0	0	0	0	0	0	0	0	0	0	0	0	0	0	0	0	0	0	0	0	0	0	0	0	0	0	0	0	2003	0
FFQ	121	0	0	0	0	0	0	0	0	0	0	0	0	0	0	0	0	0	0	0	0	0	0	0	0	0	0	0	0	0	0	2003	0
FFQ	122	0	0	0	0	0	0	0	0	0	0	0	0	0	0	0	0	0	0	0	0	0	0	0	0	0	0	0	0	0	0	2003	0
FFQ	123	0	0	0	0	0	0	0	0	0	0	0	0	0	0	0	0	0	0	0	0	0	0	0	0	0	0	0	0	0	0	2003	0
FFQ	124	0	0	0	0	0	0	0	0	0	0	0	0	0	0	0	0	0	0	0	0	0	0	0	0	0	0	0	0	0	0	2003	0
FFQ	125	0	0	0	0	0	0	0	0	0	0	0	0	0	0	0	0	0	0	0	0	0	0	0	0	0	0	0	0	0	0	2003	0
FFQ	126	0	0	0	0	0	0	0	0	0	0	0	0	0	0	0	0	0	0	0	0	0	0	0	0	0	0	0	0	0	0	2003	0
FFQ	127	0	0	0	0	0	0	0	0	0	0	0	0	0	0	0	0	0	0	0	0	0	0	0	0	0	0	0	0	0	0	2003	0
FFQ	128	0	0	0	0	0	0	0	0	0	0	0	0	0	0	0	0	0	0	0	0	0	0	0	0	0	0	0	0	0	0	2003	0
FFQ	129	0	0	0	0	0	0	0	0	0	0	0	0	0	0	0	0	0	0	0	0	0	0	0	0	0	0	0	0	0	0	2003	0
FFQ	130	0	0	0	0	0	0	0	0	0	0	0	0	0	0	0	0	0	0	0	0	0	0	0	0	0	0	0	0	0	0	2003	0
FFQ	131	0	0	0	0	0	0	0	0	0	0	0	0	0	0	0	0	0	0	0	0	0	0	0	0	0	0	0	0	0	0	2003	0
FFQ	132	0	0	0	0	0	0	0	0	0	0	0	0	0	0	0	0	0	0	0	0	0	0	0	0	0	0	0	0	0	0	2003	0
FFQ	133	0	0	0	0	0	0	0	0	0	0	0	0	0	0	0	0	0	0	0	0	0	0	0	0	0	0	0	0	0	0	2003	0
FFQ	134	0	0	0	0	0	0	0	0	0	0	0	0	0	0	0	0	0	0	0	0	0	0	0	0	0	0	0	0	0	0	2003	0
FFQ	135	0	0	0	0	0	0	0	0	0	0	0	0	0	0	0	0	0	0	0	0	0	0	0	0	0	0	0	0	0	0	2003	0
FFQ	136	0	0	0	0	0	0	0	0	0	0	0	0	0	0	0	0	0	0	0	0	0	0	0	0	0	0	0	0	0	0	2003	0
FFQ	137	0	0	0	0	0	0	0	0	0	0	0	0	0	0	0	0	0	0	0	0	0	0	0	0	0	0	0	0	0	0	2003	0
FFQ	138	0	0	0	0	0	0	0	0	0	0	0	0	0	0	0	0	0	0	0	0	0	0	0	0	0	0	0	0	0	0	2003	0
FFQ	139	0	0	0	0	0	0	0	0	0	0	0	0	0	0	0	0	0	0	0	0	0	0	0	0	0	0	0	0	0	0	2003	0
FFQ	140	0	0	0	0	0	0	0	0	0	0	0	0	0	0	0	0	0	0	0	0	0	0	0	0	0	0	0	0	0	0	2003	0
FFQ	141	0	0	0	0	0	0	0	0	0	0	0	0	0	0	0	0	0	0	0	0	0	0	0	0	0	0	0	0	0	0	2003	0
FFQ	142	0	0	0	0	0	0	0	0	0	0	0	0	0	0	0	0	0	0	0	0	0	0	0	0	0	0	0	0	0	0	2003	0
FFQ	143	0	0	0	0	0	0	0	0	0	0	0	0	0	0	0	0	0	0	0	0	0	0	0	0	0	0	0	0	0	0	2003	0
FFQ	144	0	0	0	0	0	0	0	0	0	0	0	0	0	0	0	0	0	0	0	0	0	0	0	0	0	0	0	0	0	0	2003	0
FFQ	145	0	0	0	0	0	0	0	0	0	0	0	0	0	0	0	0	0	0	0	0	0	0	0	0	0	0	0	0	0	0	2003	0
FFQ	146	0	0	0	0	0	0	0	0	0	0	0	0	0	0	0	0	0	0	0	0	0	0	0	0	0	0	0	0	0	0	2003	0
FFQ	147	0	0	0	0	0	0	0	0	0	0	0	0	0	0	0	0	0	0	0	0	0	0	0	0	0	0	0	0	0	0	2003	0
FFQ	148	0	0	0	0	0	0	0	0	0	0	0	0	0	0	0	0	0	0	0	0	0	0	0	0	0	0	0	0	0	0	2003	0
FFQ	149	0	0	0	0	0	0	0	0	0	0	0	0	0	0	0	0	0	0	0	0	0	0	0	0	0	0	0	0	0	0	2003	0
FFQ	150	0	0	0	0	0	0	0	0	0	0	0	0	0	0	0	0	0	0	0	0	0	0	0	0	0	0	0	0	0	0	2003	0
# Last Fragment Qualities. Use `grep ^LFQ | cut -f 2-` to extract this part.
# Columns correspond to qualities and rows to cycles. First column is the cycle number.
LFQ	1	0	0	0	0	0	0	0	0	0	0	0	0	0	0	0	0	0	0	0	0	0	0	0	0	0	0	0	0	0	0	2003	0
LFQ	2	0	0	0	0	0	0	0	0	0	0	0	0	0	0	0	0	0	0	0	0	0	0	0	0	0	0	0	0	0	0	2003	0
LFQ	3	0	0	0	0	0	0	0	0	0	0	0	0	0	0	0	0	0	0	0	0	0	0	0	0	0	0	0	0	0	0	2003	0
LFQ	4	0	0	0	0	0	0	0	0	0	0	0	0	0	0	0	0	0	0	0	0	0	0	0	0	0	0	0	0	0	0	2003	0
LFQ	5	0	0	0	0	0	0	0	0	0	0	0	0	0	0	0	0	0	0	0	0	0	0	0	0	0	0	0	0	0	0	2003	0
LFQ	6	0	0	0	0	0	0	0	0	0	0	0	0	0	0	0	0	0	0	0	0	0	0	0	0	0	0	0	0	0	0	2003	0
LFQ	7	0	0	0	0	0	0	0	0	0	0	0	0	0	0	0	0	0	0	0	0	0	0	0	0	0	0	0	0	0	0	2003	0
LFQ	8	0	0	0	0	0	0	0	0	0	0	0	0	0	0	0	0	0	0	0	0	0	0	0	0	0	0	0	0	0	0	2003	0
LFQ	9	0	0	0	0	0	0	0	0	0	0	0	0	0	0	0	0	0	0	0	0	0	0	0	0	0	0	0	0	0	0	2003	0
LFQ	10	0	0	0	0	0	0	0	0	0	0	0	0	0	0	0	0	0	0	0	0	0	0	0	0	0	0	0	0	0	0	2003	0
LFQ	11	0	0	0	0	0	0	0	0	0	0	0	0	0	0	0	0	0	0	0	0	0	0	0	0	0	0	0	0	0	0	2003	0
LFQ	12	0	0	0	0	0	0	0	0	0	0	0	0	0	0	0	0	0	0	0	0	0	0	0	0	0	0	0	0	0	0	2003	0
LFQ	13	0	0	0	0	0	0	0	0	0	0	0	0	0	0	0	0	0	0	0	0	0	0	0	0	0	0	0	0	0	0	2003	0
LFQ	14	0	0	0	0	0	0	0	0	0	0	0	0	0	0	0	0	0	0	0	0	0	0	0	0	0	0	0	0	0	0	2003	0
LFQ	15	0	0	0	0	0	0	0	0	0	0	0	0	0	0	0	0	0	0	0	0	0	0	0	0	0	0	0	0	0	0	2003	0
LFQ	16	0	0	0	0	0	0	0	0	0	0	0	0	0	0	0	0	0	0	0	0	0	0	0	0	0	0	0	0	0	0	2003	0
LFQ	17	0	0	0	0	0	0	0	0	0	0	0	0	0	0	0	0	0	0	0	0	0	0	0	0	0	0	0	0	0	0	2003	0
LFQ	18	0	0	0	0	0	0	0	0	0	0	0	0	0	0	0	0	0	0	0	0	0	0	0	0	0	0	0	0	0	0	2003	0
LFQ	19	0	0	0	0	0	0	0	0	0	0	0	0	0	0	0	0	0	0	0	0	0	0	0	0	0	0	0	0	0	0	2003	0
LFQ	20	0	0	0	0	0	0	0	0	0	0	0	0	0	0	0	0	0	0	0	0	0	0	0	0	0	0	0	0	0	0	2003	0
LFQ	21	0	0	0	0	0	0	0	0	0	0	0	0	0	0	0	0	0	0	0	0	0	0	0	0	0	0	0	0	0	0	2003	0
LFQ	22	0	0	0	0	0	0	0	0	0	0	0	0	0	0	0	0	0	0	0	0	0	0	0	0	0	0	0	0	0	0	2003	0
LFQ	23	0	0	0	0	0	0	0	0	0	0	0	0	0	0	0	0	0	0	0	0	0	0	0	0	0	0	0	0	0	0	2003	0
LFQ	24	0	0	0	0	0	0	0	0	0	0	0	0	0	0	0	0	0	0	0	0	0	0	0	0	0	0	0	0	0	0	2003	0
LFQ	25	0	0	0	0	0	0	0	0	0	0	0	0	0	0	0	0	0	0	0	0	0	0	0	0	0	0	0	0	0	0	2003	0
LFQ	26	0	0	0	0	0	0	0	0	0	0	0	0	0	0	0	0	0	0	0	0	0	0	0	0	0	0	0	0	0	0	2003	0
LFQ	27	0	0	0	0	0	0	0	0	0	0	0	0	0	0	0	0	0	0	0	0	0	0	0	0	0	0	0	0	0	0	2003	0
LFQ	28	0	0	0	0	0	0	0	0	0	0	0	0	0	0	0	0	0	0	0	0	0	0	0	0	0	0	0	0	0	0	2003	0
LFQ	29	0	0	0	0	0	0	0	0	0	0	0	0	0	0	0	0	0	0	0	0	0	0	0	0	0	0	0	0	0	0	2003	0
LFQ	30	0	0	0	0	0	0	0	0	0	0	0	0	0	0	0	0	0	0	0	0	0	0	0	0	0	0	0	0	0	0	2003	0
LFQ	31	0	0	0	0	0	0	0	0	0	0	0	0	0	0	0	0	0	0	0	0	0	0	0	0	0	0	0	0	0	0	2003	0
LFQ	32	0	0	0	0	0	0	0	0	0	0	0	0	0	0	0	0	0	0	0	0	0	0	0	0	0	0	0	0	0	0	2003	0
LFQ	33	0	0	0	0	0	0	0	0	0	0	0	0	0	0	0	0	0	0	0	0	0	0	0	0	0	0	0	0	0	0	2003	0
LFQ	34	0	0	0	0	0	0	0	0	0	0	0	0	0	0	0	0	0	0	0	0	0	0	0	0	0	0	0	0	0	0	2003	0
LFQ	35	0	0	0	0	0	0	0	0	0	0	0	0	0	0	0	0	0	0	0	0	0	0	0	0	0	0	0	0	0	0	2003	0
LFQ	36	0	0	0	0	0	0	0	0	0	0	0	0	0	0	0	0	0	0	0	0	0	0	0	0	0	0	0	0	0	0	2003	0
LFQ	37	0	0	0	0	0	0	0	0	0	0	0	0	0	0	0	0	0	0	0	0	0	0	0	0	0	0	0	0	0	0	2003	0
LFQ	38	0	0	0	0	0	0	0	0	0	0	0	0	0	0	0	0	0	0	0	0	0	0	0	0	0	0	0	0	0	0	2003	0
LFQ	39	0	0	0	0	0	0	0	0	0	0	0	0	0	0	0	0	0	0	0	0	0	0	0	0	0	0	0	0	0	0	2003	0
LFQ	40	0	0	0	0	0	0	0	0	0	0	0	0	0	0	0	0	0	0	0	0	0	0	0	0	0	0	0	0	0	0	2003	0
LFQ	41	0	0	0	0	0	0	0	0	0	0	0	0	0	0	0	0	0	0	0	0	0	0	0	0	0	0	0	0	0	0	2003	0
LFQ	42	0	0	0	0	0	0	0	0	0	0	0	0	0	0	0	0	0	0	0	0	0	0	0	0	0	0	0	0	0	0	2003	0
LFQ	43	0	0	0	0	0	0	0	0	0	0	0	0	0	0	0	0	0	0	0	0	0	0	0	0	0	0	0	0	0	0	2003	0
LFQ	44	0	0	0	0	0	0	0	0	0	0	0	0	0	0	0	0	0	0	0	0	0	0	0	0	0	0	0	0	0	0	2003	0
LFQ	45	0	0	0	0	0	0	0	0	0	0	0	0	0	0	0	0	0	0	0	0	0	0	0	0	0	0	0	0	0	0	2003	0
LFQ	46	0	0	0	0	0	0	0	0	0	0	0	0	0	0	0	0	0	0	0	0	0	0	0	0	0	0	0	0	0	0	2003	0
LFQ	47	0	0	0	0	0	0	0	0	0	0	0	0	0	0	0	0	0	0	0	0	0	0	0	0	0	0	0	0	0	0	2003	0
LFQ	48	0	0	0	0	0	0	0	0	0	0	0	0	0	0	0	0	0	0	0	0	0	0	0	0	0	0	0	0	0	0	2003	0
LFQ	49	0	0	0	0	0	0	0	0	0	0	0	0	0	0	0	0	0	0	0	0	0	0	0	0	0	0	0	0	0	0	2003	0
LFQ	50	0	0	0	0	0	0	0	0	0	0	0	0	0	0	0	0	0	0	0	0	0	0	0	0	0	0	0	0	0	0	2003	0
LFQ	51	0	0	0	0	0	0	0	0	0	0	0	0	0	0	0	0	0	0	0	0	0	0	0	0	0	0	0	0	0	0	2003	0
LFQ	52	0	0	0	0	0	0	0	0	0	0	0	0	0	0	0	0	0	0	0	0	0	0	0	0	0	0	0	0	0	0	2003	0
LFQ	53	0	0	0	0	0	0	0	0	0	0	0	0	0	0	0	0	0	0	0	0	0	0	0	0	0	0	0	0	0	0	2003	0
LFQ	54	0	0	0	0	0	0	0	0	0	0	0	0	0	0	0	0	0	0	0	0	0	0	0	0	0	0	0	0	0	0	2003	0
LFQ	55	0	0	0	0	0	0	0	0	0	0	0	0	0	0	0	0	0	0	0	0	0	0	0	0	0	0	0	0	0	0	2003	0
LFQ	56	0	0	0	0	0	0	0	0	0	0	0	0	0	0	0	0	0	0	0	0	0	0	0	0	0	0	0	0	0	0	2003	0
LFQ	57	0	0	0	0	0	0	0	0	0	0	0	0	0	0	0	0	0	0	0	0	0	0	0	0	0	0	0	0	0	0	2003	0
LFQ	58	0	0	0	0	0	0	0	0	0	0	0	0	0	0	0	0	0	0	0	0	0	0	0	0	0	0	0	0	0	0	2003	0
LFQ	59	0	0	0	0	0	0	0	0	0	0	0	0	0	0	0	0	0	0	0	0	0	0	0	0	0	0	0	0	0	0	2003	0
LFQ	60	0	0	0	0	0	0	0	0	0	0	0	0	0	0	0	0	0	0	0	0	0	0	0	0	0	0	0	0	0	0	2003	0
LFQ	61	0	0	0	0	0	0	0	0	0	0	0	0	0	0	0	0	0	0	0	0	0	0	0	0	0	0	0	0	0	0	2003	0
LFQ	62	0	0	0	0	0	0	0	0	0	0	0	0	0	0	0	0	0	0	0	0	0	0	0	0	0	0	0	0	0	0	2003	0
LFQ	63	0	0	0	0	0	0	0	0	0	0	0	0	0	0	0	0	0	0	0	0	0	0	0	0	0	0	0	0	0	0	2003	0
LFQ	64	0	0	0	0	0	0	0	0	0	0	0	0	0	0	0	0	0	0	0	0	0	0	0	0	0	0	0	0	0	0	2003	0
LFQ	65	0	0	0	0	0	0	0	0	0	0	0	0	0	0	0	0	0	0	0	0	0	0	0	0	0	0	0	0	0	0	2003	0
LFQ	66	0	0	0	0	0	0	0	0	0	0	0	0	0	0	0	0	0	0	0	0	0	0	0	0	0	0	0	0	0	0	2003	0
LFQ	67	0	0	0	0	0	0	0	0	0	0	0	0	0	0	0	0	0	0	0	0	0	0	0	0	0	0	0	0	0	0	2003	0
LFQ	68	0	0	0	0	0	0	0	0	0	0	0	0	0	0	0	0	0	0	0	0	0	0	0	0	0	0	0	0	0	0	2003	0
LFQ	69	0	0	0	0	0	0	0	0	0	0	0	0	0	0	0	0	0	0	0	0	0	0	0	0	0	0	0	0	0	0	2003	0
LFQ	70	0	0	0	0	0	0	0	0	0	0	0	0	0	0	0	0	0	0	0	0	0	0	0	0	0	0	0	0	0	0	2003	0
LFQ	71	0	0	0	0	0	0	0	0	0	0	0	0	0	0	0	0	0	0	0	0	0	0	0	0	0	0	0	0	0	0	2003	0
LFQ	72	0	0	0	0	0	0	0	0	0	0	0	0	0	0	0	0	0	0	0	0	0	0	0	0	0	0	0	0	0	0	2003	0
LFQ	73	0	0	0	0	0	0	0	0	0	0	0	0	0	0	0	0	0	0	0	0	0	0	0	0	0	0	0	0	0	0	2003	0
LFQ	74	0	0	0	0	0	0	0	0	0	0	0	0	0	0	0	0	0	0	0	0	0	0	0	0	0	0	0	0	0	0	2003	0
LFQ	75	0	0	0	0	0	0	0	0	0	0	0	0	0	0	0	0	0	0	0	0	0	0	0	0	0	0	0	0	0	0	2003	0
LFQ	76	0	0	0	0	0	0	0	0	0	0	0	0	0	0	0	0	0	0	0	0	0	0	0	0	0	0	0	0	0	0	2003	0
LFQ	77	0	0	0	0	0	0	0	0	0	0	0	0	0	0	0	0	0	0	0	0	0	0	0	0	0	0	0	0	0	0	2003	0
LFQ	78	0	0	0	0	0	0	0	0	0	0	0	0	0	0	0	0	0	0	0	0	0	0	0	0	0	0	0	0	0	0	2003	0
LFQ	79	0	0	0	0	0	0	0	0	0	0	0	0	0	0	0	0	0	0	0	0	0	0	0	0	0	0	0	0	0	0	2003	0
LFQ	80	0	0	0	0	0	0	0	0	0	0	0	0	0	0	0	0	0	0	0	0	0	0	0	0	0	0	0	0	0	0	2003	0
LFQ	81	0	0	0	0	0	0	0	0	0	0	0	0	0	0	0	0	0	0	0	0	0	0	0	0	0	0	0	0	0	0	2003	0
LFQ	82	0	0	0	0	0	0	0	0	0	0	0	0	0	0	0	0	0	0	0	0	0	0	0	0	0	0	0	0	0	0	2003	0
LFQ	83	0	0	0	0	0	0	0	0	0	0	0	0	0	0	0	0	0	0	0	0	0	0	0	0	0	0	0	0	0	0	2003	0
LFQ	84	0	0	0	0	0	0	0	0	0	0	0	0	0	0	0	0	0	0	0	0	0	0	0	0	0	0	0	0	0	0	2003	0
LFQ	85	0	0	0	0	0	0	0	0	0	0	0	0	0	0	0	0	0	0	0	0	0	0	0	0	0	0	0	0	0	0	2003	0
LFQ	86	0	0	0	0	0	0	0	0	0	0	0	0	0	0	0	0	0	0	0	0	0	0	0	0	0	0	0	0	0	0	2003	0
LFQ	87	0	0	0	0	0	0	0	0	0	0	0	0	0	0	0	0	0	0	0	0	0	0	0	0	0	0	0	0	0	0	2003	0
LFQ	88	0	0	0	0	0	0	0	0	0	0	0	0	0	0	0	0	0	0	0	0	0	0	0	0	0	0	0	0	0	0	2003	0
LFQ	89	0	0	0	0	0	0	0	0	0	0	0	0	0	0	0	0	0	0	0	0	0	0	0	0	0	0	0	0	0	0	2003	0
LFQ	90	0	0	0	0	0	0	0	0	0	0	0	0	0	0	0	0	0	0	0	0	0	0	0	0	0	0	0	0	0	0	2003	0
LFQ	91	0	0	0	0	0	0	0	0	0	0	0	0	0	0	0	0	0	0	0	0	0	0	0	0	0	0	0	0	0	0	2003	0
LFQ	92	0	0	0	0	0	0	0	0	0	0	0	0	0	0	0	0	0	0	0	0	0	0	0	0	0	0	0	0	0	0	2003	0
LFQ	93	0	0	0	0	0	0	0	0	0	0	0	0	0	0	0	0	0	0	0	0	0	0	0	0	0	0	0	0	0	0	2003	0
LFQ	94	0	0	0	0	0	0	0	0	0	0	0	0	0	0	0	0	0	0	0	0	0	0	0	0	0	0	0	0	0	0	2003	0
LFQ	95	0	0	0	0	0	0	0	0	0	0	0	0	0	0	0	0	0	0	0	0	0	0	0	0	0	0	0	0	0	0	2003	0
LFQ	96	0	0	0	0	0	0	0	0	0	0	0	0	0	0	0	0	0	0	0	0	0	0	0	0	0	0	0	0	0	0	2003	0
LFQ	97	0	0	0	0	0	0	0	0	0	0	0	0	0	0	0	0	0	0	0	0	0	0	0	0	0	0	0	0	0	0	2003	0
LFQ	98	0	0	0	0	0	0	0	0	0	0	0	0	0	0	0	0	0	0	0	0	0	0	0	0	0	0	0	0	0	0	2003	0
LFQ	99	0	0	0	0	0	0	0	0	0	0	0	0	0	0	0	0	0	0	0	0	0	0	0	0	0	0	0	0	0	0	2003	0
LFQ	100	0	0	0	0	0	0	0	0	0	0	0	0	0	0	0	0	0	0	0	0	0	0	0	0	0	0	0	0	0	0	2003	0
LFQ	101	0	0	0	0	0	0	0	0	0	0	0	0	0	0	0	0	0	0	0	0	0	0	0	0	0	0	0	0	0	0	2003	0
LFQ	102	0	0	0	0	0	0	0	0	0	0	0	0	0	0	0	0	0	0	0	0	0	0	0	0	0	0	0	0	0	0	2003	0
LFQ	103	0	0	0	0	0	0	0	0	0	0	0	0	0	0	0	0	0	0	0	0	0	0	0	0	0	0	0	0	0	0	2003	0
LFQ	104	0	0	0	0	0	0	0	0	0	0	0	0	0	0	0	0	0	0	0	0	0	0	0	0	0	0	0	0	0	0	2003	0
LFQ	105	0	0	0	0	0	0	0	0	0	0	0	0	0	0	0	0	0	0	0	0	0	0	0	0	0	0	0	0	0	0	2003	0
LFQ	106	0	0	0	0	0	0	0	0	0	0	0	0	0	0	0	0	0	0	0	0	0	0	0	0	0	0	0	0	0	0	2003	0
LFQ	107	0	0	0	0	0	0	0	0	0	0	0	0	0	0	0	0	0	0	0	0	0	0	0	0	0	0	0	0	0	0	2003	0
LFQ	108	0	0	0	0	0	0	0	0	0	0	0	0	0	0	0	0	0	0	0	0	0	0	0	0	0	0	0	0	0	0	2003	0
LFQ	109	0	0	0	0	0	0	0	0	0	0	0	0	0	0	0	0	0	0	0	0	0	0	0	0	0	0	0	0	0	0	2003	0
LFQ	110	0	0	0	0	0	0	0	0	0	0	0	0	0	0	0	0	0	0	0	0	0	0	0	0	0	0	0	0	0	0	2003	0
LFQ	111	0	0	0	0	0	0	0	0	0	0	0	0	0	0	0	0	0	0	0	0	0	0	0	0	0	0	0	0	0	0	2003	0
LFQ	112	0	0	0	0	0	0	0	0	0	0	0	0	0	0	0	0	0	0	0	0	0	0	0	0	0	0	0	0	0	0	2003	0
LFQ	113	0	0	0	0	0	0	0	0	0	0	0	0	0	0	0	0	0	0	0	0	0	0	0	0	0	0	0	0	0	0	2003	0
LFQ	114	0	0	0	0	0	0	0	0	0	0	0	0	0	0	0	0	0	0	0	0	0	0	0	0	0	0	0	0	0	0	2003	0
LFQ	115	0	0	0	0	0	0	0	0	0	0	0	0	0	0	0	0	0	0	0	0	0	0	0	0	0	0	0	0	0	0	2003	0
LFQ	116	0	0	0	0	0	0	0	0	0	0	0	0	0	0	0	0	0	0	0	0	0	0	0	0	0	0	0	0	0	0	2003	0
LFQ	117	0	0	0	0	0	0	0	0	0	0	0	0	0	0	0	0	0	0	0	0	0	0	0	0	0	0	0	0	0	0	2003	0
LFQ	118	0	0	0	0	0	0	0	0	0	0	0	0	0	0	0	0	0	0	0	0	0	0	0	0	0	0	0	0	0	0	2003	0
LFQ	119	0	0	0	0	0	0	0	0	0	0	0	0	0	0	0	0	0	0	0	0	0	0	0	0	0	0	0	0	0	0	2003	0
LFQ	120	0	0	0	0	0	0	0	0	0	0	0	0	0	0	0	0	0	0	0	0	0	0	0	0	0	0	0	0	0	0	2003	0
LFQ	121	0	0	0	0	0	0	0	0	0	0	0	0	0	0	0	0	0	0	0	0	0	0	0	0	0	0	0	0	0	0	2003	0
LFQ	122	0	0	0	0	0	0	0	0	0	0	0	0	0	0	0	0	0	0	0	0	0	0	0	0	0	0	0	0	0	0	2003	0
LFQ	123	0	0	0	0	0	0	0	0	0	0	0	0	0	0	0	0	0	0	0	0	0	0	0	0	0	0	0	0	0	0	2003	0
LFQ	124	0	0	0	0	0	0	0	0	0	0	0	0	0	0	0	0	0	0	0	0	0	0	0	0	0	0	0	0	0	0	2003	0
LFQ	125	0	0	0	0	0	0	0	0	0	0	0	0	0	0	0	0	0	0	0	0	0	0	0	0	0	0	0	0	0	0	2003	0
LFQ	126	0	0	0	0	0	0	0	0	0	0	0	0	0	0	0	0	0	0	0	0	0	0	0	0	0	0	0	0	0	0	2003	0
LFQ	127	0	0	0	0	0	0	0	0	0	0	0	0	0	0	0	0	0	0	0	0	0	0	0	0	0	0	0	0	0	0	2003	0
LFQ	128	0	0	0	0	0	0	0	0	0	0	0	0	0	0	0	0	0	0	0	0	0	0	0	0	0	0	0	0	0	0	2003	0
LFQ	129	0	0	0	0	0	0	0	0	0	0	0	0	0	0	0	0	0	0	0	0	0	0	0	0	0	0	0	0	0	0	2003	0
LFQ	130	0	0	0	0	0	0	0	0	0	0	0	0	0	0	0	0	0	0	0	0	0	0	0	0	0	0	0	0	0	0	2003	0
LFQ	131	0	0	0	0	0	0	0	0	0	0	0	0	0	0	0	0	0	0	0	0	0	0	0	0	0	0	0	0	0	0	2003	0
LFQ	132	0	0	0	0	0	0	0	0	0	0	0	0	0	0	0	0	0	0	0	0	0	0	0	0	0	0	0	0	0	0	2003	0
LFQ	133	0	0	0	0	0	0	0	0	0	0	0	0	0	0	0	0	0	0	0	0	0	0	0	0	0	0	0	0	0	0	2003	0
LFQ	134	0	0	0	0	0	0	0	0	0	0	0	0	0	0	0	0	0	0	0	0	0	0	0	0	0	0	0	0	0	0	2003	0
LFQ	135	0	0	0	0	0	0	0	0	0	0	0	0	0	0	0	0	0	0	0	0	0	0	0	0	0	0	0	0	0	0	2003	0
LFQ	136	0	0	0	0	0	0	0	0	0	0	0	0	0	0	0	0	0	0	0	0	0	0	0	0	0	0	0	0	0	0	2003	0
LFQ	137	0	0	0	0	0	0	0	0	0	0	0	0	0	0	0	0	0	0	0	0	0	0	0	0	0	0	0	0	0	0	2003	0
LFQ	138	0	0	0	0	0	0	0	0	0	0	0	0	0	0	0	0	0	0	0	0	0	0	0	0	0	0	0	0	0	0	2003	0
LFQ	139	0	0	0	0	0	0	0	0	0	0	0	0	0	0	0	0	0	0	0	0	0	0	0	0	0	0	0	0	0	0	2003	0
LFQ	140	0	0	0	0	0	0	0	0	0	0	0	0	0	0	0	0	0	0	0	0	0	0	0	0	0	0	0	0	0	0	2003	0
LFQ	141	0	0	0	0	0	0	0	0	0	0	0	0	0	0	0	0	0	0	0	0	0	0	0	0	0	0	0	0	0	0	2003	0
LFQ	142	0	0	0	0	0	0	0	0	0	0	0	0	0	0	0	0	0	0	0	0	0	0	0	0	0	0	0	0	0	0	2003	0
LFQ	143	0	0	0	0	0	0	0	0	0	0	0	0	0	0	0	0	0	0	0	0	0	0	0	0	0	0	0	0	0	0	2003	0
LFQ	144	0	0	0	0	0	0	0	0	0	0	0	0	0	0	0	0	0	0	0	0	0	0	0	0	0	0	0	0	0	0	2003	0
LFQ	145	0	0	0	0	0	0	0	0	0	0	0	0	0	0	0	0	0	0	0	0	0	0	0	0	0	0	0	0	0	0	2003	0
LFQ	146	0	0	0	0	0	0	0	0	0	0	0	0	0	0	0	0	0	0	0	0	0	0	0	0	0	0	0	0	0	0	2003	0
LFQ	147	0	0	0	0	0	0	0	0	0	0	0	0	0	0	0	0	0	0	0	0	0	0	0	0	0	0	0	0	0	0	2003	0
LFQ	148	0	0	0	0	0	0	0	0	0	0	0	0	0	0	0	0	0	0	0	0	0	0	0	0	0	0	0	0	0	0	2003	0
LFQ	149	0	0	0	0	0	0	0	0	0	0	0	0	0	0	0	0	0	0	0	0	0	0	0	0	0	0	0	0	0	0	2003	0
LFQ	150	0	0	0	0	0	0	0	0	0	0	0	0	0	0	0	0	0	0	0	0	0	0	0	0	0	0	0	0	0	0	2003	0
# GC Content of first fragments. Use `grep ^GCF | cut -f 2-` to extract this part.
GCF	8.29	0
GCF	16.83	1
GCF	17.34	0
GCF	18.09	2
GCF	18.84	1
GCF	19.35	0
GCF	20.10	2
GCF	20.85	1
GCF	21.36	2
GCF	22.11	3
GCF	22.86	5
GCF	23.37	12
GCF	24.12	14
GCF	24.87	11
GCF	25.38	13
GCF	26.13	14
GCF	26.88	13
GCF	27.39	18
GCF	28.14	23
GCF	28.89	31
GCF	29.40	34
GCF	30.15	26
GCF	30.90	46
GCF	31.41	49
GCF	32.16	42
GCF	32.91	70
GCF	33.42	59
GCF	33.92	66
GCF	34.67	73
GCF	35.43	77
GCF	35.93	65
GCF	36.68	76
GCF	37.44	87
GCF	37.94	79
GCF	38.69	58
GCF	39.45	51
GCF	39.95	84
GCF	40.70	68
GCF	41.46	62
GCF	41.96	59
GCF	42.71	53
GCF	43.47	60
GCF	43.97	45
GCF	44.72	44
GCF	45.48	56
GCF	45.98	36
GCF	46.73	44
GCF	47.49	46
GCF	47.99	30
GCF	48.74	23
GCF	49.50	30
GCF	50.00	17
GCF	50.75	14
GCF	51.51	13
GCF	52.01	12
GCF	52.76	14
GCF	53.77	7
GCF	54.77	2
GCF	55.53	9
GCF	56.03	5
GCF	56.78	4
GCF	57.54	6
GCF	58.04	5
GCF	58.79	4
GCF	59.55	5
GCF	60.05	3
GCF	60.80	2
GCF	61.56	3
GCF	62.06	0
GCF	62.81	1
GCF	63.57	0
GCF	65.83	1
# GC Content of last fragments. Use `grep ^GCL | cut -f 2-` to extract this part.
GCL	3.27	0
GCL	6.78	2
GCL	7.29	1
GCL	8.04	0
GCL	8.79	1
GCL	12.06	0
GCL	15.33	1
GCL	16.33	0
GCL	17.34	1
GCL	18.34	2
GCL	19.35	0
GCL	20.10	1
GCL	21.11	2
GCL	22.11	1
GCL	22.86	3
GCL	23.37	9
GCL	24.12	8
GCL	24.87	10
GCL	25.38	18
GCL	26.13	10
GCL	26.88	14
GCL	27.39	25
GCL	28.14	23
GCL	28.89	26
GCL	29.40	29
GCL	30.15	45
GCL	30.90	41
GCL	31.41	42
GCL	32.16	47
GCL	32.91	48
GCL	33.42	71
GCL	33.92	61
GCL	34.67	72
GCL	35.43	87
GCL	35.93	85
GCL	36.68	76
GCL	37.44	79
GCL	38.44	59
GCL	39.45	71
GCL	39.95	74
GCL	40.70	76
GCL	41.46	61
GCL	41.96	65
GCL	42.71	47
GCL	43.47	45
GCL	43.97	48
GCL	44.72	40
GCL	45.48	43
GCL	45.98	57
GCL	46.73	36
GCL	47.49	44
GCL	48.49	35
GCL	49.50	18
GCL	50.00	16
GCL	50.75	27
GCL	51.51	14
GCL	52.01	12
GCL	52.76	9
GCL	53.52	8
GCL	54.02	3
GCL	54.77	9
GCL	55.53	8
GCL	56.03	2
GCL	56.78	14
GCL	57.79	1
GCL	58.79	3
GCL	59.55	4
GCL	60.05	3
GCL	60.80	1
GCL	61.56	0
GCL	62.06	2
GCL	63.07	0
GCL	64.07	1
GCL	64.82	0
GCL	65.58	2
GCL	66.08	0
GCL	66.58	2
GCL	67.34	0
GCL	68.09	1
GCL	69.35	0
GCL	70.60	2
# ACGT content per cycle. Use `grep ^GCC | cut -f 2-` to extract this part. The columns are: cycle; A,C,G,T base counts as a percentage of all A/C/G/T bases [%]; and N and O counts as a percentage of all A/C/G/T bases [%]
GCC	1	29.71	20.17	19.20	30.93	0.00	0.00
GCC	2	30.63	19.65	18.22	31.50	0.00	0.00
GCC	3	29.26	20.02	18.85	31.88	0.00	0.00
GCC	4	29.53	20.79	19.57	30.10	0.00	0.00
GCC	5	30.18	21.09	19.32	29.41	0.00	0.00
GCC	6	29.96	20.49	19.00	30.55	0.00	0.00
GCC	7	31.03	20.22	18.42	30.33	0.00	0.00
GCC	8	31.65	19.95	18.32	30.08	0.00	0.00
GCC	9	29.83	21.07	19.05	30.05	0.00	0.00
GCC	10	30.95	19.85	18.55	30.65	0.00	0.00
GCC	11	30.25	20.09	19.10	30.55	0.00	0.00
GCC	12	30.20	19.57	19.30	30.93	0.00	0.00
GCC	13	30.93	19.77	18.62	30.68	0.00	0.00
GCC	14	29.91	19.10	20.34	30.65	0.00	0.00
GCC	15	30.85	20.49	18.60	30.05	0.00	0.00
GCC	16	30.35	19.52	18.07	32.05	0.00	0.00
GCC	17	29.03	20.39	19.62	30.95	0.00	0.00
GCC	18	29.81	20.29	18.72	31.18	0.00	0.00
GCC	19	30.63	20.12	18.87	30.38	0.00	0.00
GCC	20	27.81	20.19	19.85	32.15	0.00	0.00
GCC	21	30.63	20.54	18.30	30.53	0.00	0.00
GCC	22	30.20	20.00	19.67	30.13	0.00	0.00
GCC	23	30.28	20.14	18.82	30.75	0.00	0.00
GCC	24	29.46	20.44	18.70	31.40	0.00	0.00
GCC	25	30.95	19.80	19.45	29.81	0.00	0.00
GCC	26	31.78	19.12	19.42	29.68	0.00	0.00
GCC	27	31.15	19.22	19.10	30.53	0.00	0.00
GCC	28	30.00	20.37	19.07	30.55	0.00	0.00
GCC	29	29.73	20.09	19.90	30.28	0.00	0.00
GCC	30	30.73	20.34	18.85	30.08	0.00	0.00
GCC	31	32.00	18.62	19.80	29.58	0.00	0.00
GCC	32	31.53	19.05	19.35	30.08	0.00	0.00
GCC	33	31.13	19.95	19.07	29.86	0.00	0.00
GCC	34	29.86	19.52	19.22	31.40	0.00	0.00
GCC	35	29.58	20.22	19.32	30.88	0.00	0.00
GCC	36	30.70	19.65	17.97	31.68	0.00	0.00
GCC	37	30.13	21.04	18.70	30.13	0.00	0.00
GCC	38	30.55	20.24	18.85	30.35	0.00	0.00
GCC	39	31.10	20.39	18.80	29.71	0.00	0.00
GCC	40	30.98	18.72	19.90	30.40	0.00	0.00
GCC	41	30.43	19.65	19.97	29.96	0.00	0.00
GCC	42	30.83	20.49	18.95	29.73	0.00	0.00
GCC	43	30.38	20.72	18.30	30.60	0.00	0.00
GCC	44	29.78	19.67	19.60	30.95	0.00	0.00
GCC	45	30.23	19.45	19.75	30.58	0.00	0.00
GCC	46	31.40	20.14	18.47	29.98	0.00	0.00
GCC	47	30.88	19.80	18.75	30.58	0.00	0.00
GCC	48	30.13	19.57	18.67	31.63	0.00	0.00
GCC	49	30.08	20.07	19.17	30.68	0.00	0.00
GCC	50	30.68	18.95	18.85	31.53	0.00	0.00
GCC	51	30.85	20.24	18.82	30.08	0.00	0.00
GCC	52	30.35	19.67	19.17	30.80	0.00	0.00
GCC	53	30.45	19.52	18.57	31.45	0.00	0.00
GCC	54	29.88	20.37	18.45	31.30	0.00	0.00
GCC	55	30.00	20.17	17.95	31.88	0.00	0.00
GCC	56	30.13	19.52	18.87	31.48	0.00	0.00
GCC	57	30.30	20.44	19.42	29.83	0.00	0.00
GCC	58	28.91	19.25	19.65	32.20	0.00	0.00
GCC	59	30.48	19.42	19.35	30.75	0.00	0.00
GCC	60	31.00	20.49	18.22	30.28	0.00	0.00
GCC	61	30.75	20.77	18.45	30.03	0.00	0.00
GCC	62	30.70	20.27	18.80	30.23	0.00	0.00
GCC	63	31.05	20.00	18.40	30.55	0.00	0.00
GCC	64	31.30	20.14	18.77	29.78	0.00	0.00
GCC	65	31.88	20.12	17.85	30.15	0.00	0.00
GCC	66	31.25	20.67	17.97	30.10	0.00	0.00
GCC	67	30.65	19.55	19.37	30.43	0.00	0.00
GCC	68	30.28	20.04	18.10	31.58	0.00	0.00
GCC	69	29.21	20.67	19.65	30.48	0.00	0.00
GCC	70	31.65	20.07	17.70	30.58	0.00	0.00
GCC	71	30.88	20.69	18.67	29.76	0.00	0.00
GCC	72	29.16	19.60	18.60	32.65	0.00	0.00
GCC	73	30.65	20.42	18.05	30.88	0.00	0.00
GCC	74	30.68	18.37	19.17	31.78	0.00	0.00
GCC	75	30.88	19.42	17.95	31.75	0.00	0.00
GCC	76	29.31	20.77	19.50	30.43	0.00	0.00
GCC	77	31.05	19.60	19.40	29.96	0.00	0.00
GCC	78	30.85	19.57	19.15	30.43	0.00	0.00
GCC	79	29.81	20.19	19.15	30.85	0.00	0.00
GCC	80	31.10	19.75	18.55	30.60	0.00	0.00
GCC	81	29.78	20.64	18.80	30.78	0.00	0.00
GCC	82	31.63	20.34	17.82	30.20	0.00	0.00
GCC	83	31.20	18.62	19.25	30.93	0.00	0.00
GCC	84	29.81	20.92	19.12	30.15	0.00	0.00
GCC	85	30.50	20.19	19.20	30.10	0.00	0.00
GCC	86	31.40	18.87	19.25	30.48	0.00	0.00
GCC	87	30.50	19.52	19.30	30.68	0.00	0.00
GCC	88	30.58	19.15	18.95	31.33	0.00	0.00
GCC	89	30.05	19.87	18.52	31.55	0.00	0.00
GCC	90	30.25	19.87	19.35	30.53	0.00	0.00
GCC	91	30.65	19.62	19.10	30.63	0.00	0.00
GCC	92	30.80	19.72	18.67	30.80	0.00	0.00
GCC	93	30.75	19.62	19.02	30.60	0.00	0.00
GCC	94	30.45	20.82	18.60	30.13	0.00	0.00
GCC	95	31.50	20.64	18.30	29.56	0.00	0.00
GCC	96	29.51	20.79	18.95	30.75	0.00	0.00
GCC	97	29.33	19.82	19.55	31.30	0.00	0.00
GCC	98	29.93	20.77	18.65	30.65	0.00	0.00
GCC	99	29.66	20.52	19.05	30.78	0.00	0.00
GCC	100	30.63	20.29	18.55	30.53	0.00	0.00
GCC	101	31.55	18.87	19.42	30.15	0.00	0.00
GCC	102	31.23	20.34	18.75	29.68	0.00	0.00
GCC	103	28.93	21.07	19.25	30.75	0.00	0.00
GCC	104	31.40	19.52	18.67	30.40	0.00	0.00
GCC	105	29.56	20.62	18.72	31.10	0.00	0.00
GCC	106	31.03	19.95	18.20	30.83	0.00	0.00
GCC	107	30.08	19.57	19.95	30.40	0.00	0.00
GCC	108	31.90	19.60	18.70	29.81	0.00	0.00
GCC	109	30.05	20.32	18.85	30.78	0.00	0.00
GCC	110	31.55	18.57	19.02	30.85	0.00	0.00
GCC	111	29.93	19.72	18.97	31.38	0.00	0.00
GCC	112	31.05	18.60	18.12	32.23	0.00	0.00
GCC	113	30.23	19.42	19.45	30.90	0.00	0.00
GCC	114	30.68	19.65	19.60	30.08	0.00	0.00
GCC	115	30.28	19.92	18.10	31.70	0.00	0.00
GCC	116	30.40	19.30	19.47	30.83	0.00	0.00
GCC	117	30.45	20.19	17.70	31.65	0.00	0.00
GCC	118	29.86	20.52	18.57	31.05	0.00	0.00
GCC	119	29.76	20.94	19.57	29.73	0.00	0.00
GCC	120	31.83	20.12	18.65	29.41	0.00	0.00
GCC	121	30.85	19.75	18.27	31.13	0.00	0.00
GCC	122	31.53	19.27	18.65	30.55	0.00	0.00
GCC	123	29.83	20.69	18.80	30.68	0.00	0.00
GCC	124	30.95	18.95	19.45	30.65	0.00	0.00
GCC	125	31.53	19.95	19.20	29.33	0.00	0.00
GCC	126	30.00	19.50	19.05	31.45	0.00	0.00
GCC	127	29.51	20.07	18.85	31.58	0.00	0.00
GCC	128	29.66	19.77	19.22	31.35	0.00	0.00
GCC	129	30.45	19.07	18.97	31.50	0.00	0.00
GCC	130	29.53	20.49	18.92	31.05	0.00	0.00
GCC	131	28.63	21.24	18.50	31.63	0.00	0.00
GCC	132	31.13	20.34	18.37	30.15	0.00	0.00
GCC	133	30.78	20.74	18.45	30.03	0.00	0.00
GCC	134	29.98	19.25	18.20	32.58	0.00	0.00
GCC	135	30.18	20.32	19.05	30.45	0.00	0.00
GCC	136	31.18	18.67	18.62	31.53	0.00	0.00
GCC	137	30.88	19.57	18.47	31.08	0.00	0.00
GCC	138	30.65	20.82	18.47	30.05	0.00	0.00
GCC	139	31.90	19.52	18.47	30.10	0.00	0.00
GCC	140	30.63	19.92	18.55	30.90	0.00	0.00
GCC	141	30.15	19.42	19.45	30.98	0.00	0.00
GCC	142	30.95	19.62	18.95	30.48	0.00	0.00
GCC	143	31.13	19.02	18.30	31.55	0.00	0.00
GCC	144	30.75	20.37	19.22	29.66	0.00	0.00
GCC	145	31.00	20.24	18.67	30.08	0.00	0.00
GCC	146	30.70	19.17	20.64	29.48	0.00	0.00
GCC	147	30.63	19.15	18.35	31.88	0.00	0.00
GCC	148	31.30	19.17	18.45	31.08	0.00	0.00
GCC	149	31.05	19.17	17.87	31.90	0.00	0.00
GCC	150	30.15	19.45	18.25	32.15	0.00	0.00
# ACGT content per cycle, read oriented. Use `grep ^GCT | cut -f 2-` to extract this part. The columns are: cycle; A,C,G,T base counts as a percentage of all A/C/G/T bases [%]
GCT	1	30.63	19.87	19.50	30.00
GCT	2	30.88	18.37	19.50	31.25
GCT	3	30.73	19.47	19.40	30.40
GCT	4	29.28	19.32	21.04	30.35
GCT	5	30.78	20.27	20.14	28.81
GCT	6	30.48	19.20	20.29	30.03
GCT	7	31.68	19.60	19.05	29.68
GCT	8	31.10	18.92	19.35	30.63
GCT	9	30.20	18.37	21.74	29.68
GCT	10	30.85	19.42	18.97	30.75
GCT	11	31.60	19.72	19.47	29.21
GCT	12	30.88	19.12	19.75	30.25
GCT	13	30.55	18.27	20.12	31.05
GCT	14	30.95	19.92	19.52	29.61
GCT	15	30.65	19.42	19.67	30.25
GCT	16	31.20	18.40	19.20	31.20
GCT	17	29.91	19.80	20.22	30.08
GCT	18	30.15	18.67	20.34	30.83
GCT	19	31.63	20.04	18.95	29.38
GCT	20	30.18	20.19	19.85	29.78
GCT	21	29.66	19.85	19.00	31.50
GCT	22	30.88	19.35	20.32	29.46
GCT	23	30.88	18.82	20.14	30.15
GCT	24	31.93	20.00	19.15	28.93
GCT	25	30.25	18.72	20.52	30.50
GCT	26	31.20	19.77	18.77	30.25
GCT	27	31.03	19.12	19.20	30.65
GCT	28	29.38	20.17	19.27	31.18
GCT	29	29.11	20.14	19.85	30.90
GCT	30	30.93	20.17	19.02	29.88
GCT	31	31.53	19.17	19.25	30.05
GCT	32	30.53	19.17	19.22	31.08
GCT	33	29.91	19.45	19.57	31.08
GCT	34	31.13	19.62	19.12	30.13
GCT	35	29.28	20.34	19.20	31.18
GCT	36	31.73	18.75	18.87	30.65
GCT	37	30.68	20.42	19.32	29.58
GCT	38	30.60	20.27	18.82	30.30
GCT	39	29.88	19.95	19.25	30.93
GCT	40	31.68	18.35	20.27	29.71
GCT	41	29.78	19.27	20.34	30.60
GCT	42	31.03	20.22	19.22	29.53
GCT	43	29.98	19.50	19.52	31.00
GCT	44	31.05	19.57	19.70	29.68
GCT	45	30.35	20.64	18.55	30.45
GCT	46	29.11	19.77	18.85	32.28
GCT	47	31.08	19.02	19.52	30.38
GCT	48	31.25	19.47	18.77	30.50
GCT	49	30.13	20.00	19.25	30.63
GCT	50	30.38	18.07	19.72	31.83
GCT	51	31.58	19.50	19.57	29.36
GCT	52	31.25	20.00	18.85	29.91
GCT	53	31.28	18.72	19.37	30.63
GCT	54	31.63	19.20	19.62	29.56
GCT	55	29.78	19.02	19.10	32.10
GCT	56	30.83	19.35	19.05	30.78
GCT	57	29.11	20.57	19.30	31.03
GCT	58	30.33	20.00	18.90	30.78
GCT	59	29.96	19.27	19.50	31.28
GCT	60	30.43	19.70	19.02	30.85
GCT	61	30.05	20.39	18.82	30.73
GCT	62	29.93	18.82	20.24	31.00
GCT	63	30.48	19.25	19.15	31.13
GCT	64	30.35	19.72	19.20	30.73
GCT	65	30.93	19.60	18.37	31.10
GCT	66	29.98	19.47	19.17	31.38
GCT	67	29.48	19.30	19.62	31.60
GCT	68	32.03	18.47	19.67	29.83
GCT	69	29.66	20.19	20.12	30.03
GCT	70	30.25	18.90	18.87	31.98
GCT	71	29.76	20.29	19.07	30.88
GCT	72	30.68	18.55	19.65	31.13
GCT	73	30.85	18.45	20.02	30.68
GCT	74	30.75	18.52	19.02	31.70
GCT	75	32.20	18.62	18.75	30.43
GCT	76	29.51	19.55	20.72	30.23
GCT	77	29.78	20.34	18.65	31.23
GCT	78	30.83	19.97	18.75	30.45
GCT	79	29.43	19.85	19.50	31.23
GCT	80	30.65	19.72	18.57	31.05
GCT	81	29.91	20.00	19.45	30.65
GCT	82	30.35	20.09	18.07	31.48
GCT	83	31.35	18.35	19.52	30.78
GCT	84	29.93	20.22	19.82	30.03
GCT	85	30.13	19.50	19.90	30.48
GCT	86	31.68	19.02	19.10	30.20
GCT	87	31.93	19.52	19.30	29.26
GCT	88	30.93	19.67	18.42	30.98
GCT	89	31.55	19.50	18.90	30.05
GCT	90	30.93	19.22	20.00	29.86
GCT	91	30.60	19.30	19.42	30.68
GCT	92	30.48	19.57	18.82	31.13
GCT	93	31.45	18.80	19.85	29.91
GCT	94	29.23	19.97	19.45	31.35
GCT	95	30.48	19.15	19.80	30.58
GCT	96	29.98	19.75	20.00	30.28
GCT	97	31.18	18.85	20.52	29.46
GCT	98	31.95	19.62	19.80	28.63
GCT	99	30.35	19.95	19.62	30.08
GCT	100	31.20	19.55	19.30	29.96
GCT	101	30.43	19.07	19.22	31.28
GCT	102	30.58	20.47	18.62	30.33
GCT	103	30.33	19.25	21.07	29.36
GCT	104	30.20	19.30	18.90	31.60
GCT	105	30.70	19.80	19.55	29.96
GCT	106	31.70	18.50	19.65	30.15
GCT	107	30.53	20.09	19.42	29.96
GCT	108	31.25	18.77	19.52	30.45
GCT	109	29.56	20.09	19.07	31.28
GCT	110	31.03	18.82	18.77	31.38
GCT	111	30.78	18.80	19.90	30.53
GCT	112	29.96	18.02	18.70	33.33
GCT	113	30.53	19.60	19.27	30.60
GCT	114	30.18	20.22	19.02	30.58
GCT	115	30.83	19.30	18.72	31.15
GCT	116	31.45	19.92	18.85	29.78
GCT	117	30.80	19.07	18.82	31.30
GCT	118	30.15	20.04	19.05	30.75
GCT	119	31.03	20.24	20.27	28.46
GCT	120	30.88	19.95	18.82	30.35
GCT	121	30.83	19.45	18.57	31.15
GCT	122	31.50	19.02	18.90	30.58
GCT	123	30.23	19.67	19.82	30.28
GCT	124	30.80	18.67	19.72	30.80
GCT	125	30.45	19.30	19.85	30.40
GCT	126	30.90	19.27	19.27	30.55
GCT	127	31.35	19.50	19.42	29.73
GCT	128	30.60	19.35	19.65	30.40
GCT	129	30.15	19.20	18.85	31.80
GCT	130	30.78	19.07	20.34	29.81
GCT	131	30.13	19.57	20.17	30.13
GCT	132	30.88	20.02	18.70	30.40
GCT	133	29.93	18.67	20.52	30.88
GCT	134	31.48	18.42	19.02	31.08
GCT	135	30.75	18.97	20.39	29.88
GCT	136	31.38	18.95	18.35	31.33
GCT	137	30.68	18.90	19.15	31.28
GCT	138	30.05	19.55	19.75	30.65
GCT	139	32.20	19.05	18.95	29.81
GCT	140	30.78	19.05	19.42	30.75
GCT	141	31.03	19.12	19.75	30.10
GCT	142	30.43	18.87	19.70	31.00
GCT	143	31.08	19.20	18.12	31.60
GCT	144	29.63	20.32	19.27	30.78
GCT	145	30.08	19.15	19.77	31.00
GCT	146	29.06	20.24	19.57	31.13
GCT	147	32.23	18.32	19.17	30.28
GCT	148	31.45	18.65	18.97	30.93
GCT	149	31.38	18.62	18.42	31.58
GCT	150	30.60	19.02	18.67	31.70
# ACGT content per cycle for first fragments. Use `grep ^FBC | cut -f 2-` to extract this part. The columns are: cycle; A,C,G,T base counts as a percentage of all A/C/G/T bases [%]; and N and O counts as a percentage of all A/C/G/T bases [%]
FBC	1	29.91	20.12	18.42	31.55	0.00	0.00
FBC	2	30.50	19.77	18.17	31.55	0.00	0.00
FBC	3	29.01	20.67	19.27	31.05	0.00	0.00
FBC	4	30.15	21.12	19.07	29.66	0.00	0.00
FBC	5	30.55	21.22	19.07	29.16	0.00	0.00
FBC	6	28.91	21.47	18.22	31.40	0.00	0.00
FBC	7	31.15	19.42	18.22	31.20	0.00	0.00
FBC	8	30.65	20.22	18.02	31.10	0.00	0.00
FBC	9	29.76	21.12	19.27	29.86	0.00	0.00
FBC	10	30.00	20.52	17.62	31.85	0.00	0.00
FBC	11	29.76	19.92	19.17	31.15	0.00	0.00
FBC	12	29.81	19.27	20.12	30.80	0.00	0.00
FBC	13	29.91	19.67	18.92	31.50	0.00	0.00
FBC	14	29.56	19.92	19.72	30.80	0.00	0.00
FBC	15	30.95	20.12	18.42	30.50	0.00	0.00
FBC	16	30.90	19.77	17.47	31.85	0.00	0.00
FBC	17	28.26	21.52	19.27	30.95	0.00	0.00
FBC	18	29.56	20.62	18.72	31.10	0.00	0.00
FBC	19	31.55	19.92	18.97	29.56	0.00	0.00
FBC	20	27.01	20.67	20.92	31.40	0.00	0.00
FBC	21	30.65	20.42	18.07	30.85	0.00	0.00
FBC	22	31.45	19.57	19.77	29.21	0.00	0.00
FBC	23	30.55	20.22	18.77	30.45	0.00	0.00
FBC	24	28.96	19.57	18.62	32.85	0.00	0.00
FBC	25	29.41	20.07	19.92	30.60	0.00	0.00
FBC	26	32.55	18.87	19.47	29.11	0.00	0.00
FBC	27	31.80	17.97	19.02	31.20	0.00	0.00
FBC	28	30.10	19.97	18.37	31.55	0.00	0.00
FBC	29	28.16	20.67	20.82	30.35	0.00	0.00
FBC	30	32.10	20.57	17.47	29.86	0.00	0.00
FBC	31	31.50	18.37	20.37	29.76	0.00	0.00
FBC	32	32.15	18.22	20.27	29.36	0.00	0.00
FBC	33	30.75	19.97	19.97	29.31	0.00	0.00
FBC	34	29.56	20.22	19.37	30.85	0.00	0.00
FBC	35	28.71	21.07	20.87	29.36	0.00	0.00
FBC	36	29.91	20.32	18.97	30.80	0.00	0.00
FBC	37	28.76	21.17	19.62	30.45	0.00	0.00
FBC	38	30.95	20.82	18.02	30.20	0.00	0.00
FBC	39	31.75	20.12	18.32	29.81	0.00	0.00
FBC	40	31.30	18.37	19.47	30.85	0.00	0.00
FBC	41	30.75	19.47	20.67	29.11	0.00	0.00
FBC	42	30.90	20.02	18.47	30.60	0.00	0.00
FBC	43	30.10	21.27	17.87	30.75	0.00	0.00
FBC	44	29.76	19.82	19.62	30.80	0.00	0.00
FBC	45	30.60	19.07	19.57	30.75	0.00	0.00
FBC	46	31.10	20.12	18.67	30.10	0.00	0.00
FBC	47	31.80	19.92	17.62	30.65	0.00	0.00
FBC	48	29.71	20.37	18.32	31.60	0.00	0.00
FBC	49	28.76	20.27	19.72	31.25	0.00	0.00
FBC	50	29.46	19.07	19.02	32.45	0.00	0.00
FBC	51	31.55	19.72	18.72	30.00	0.00	0.00
FBC	52	30.75	19.42	19.27	30.55	0.00	0.00
FBC	53	30.95	19.52	18.07	31.45	0.00	0.00
FBC	54	28.46	21.77	18.32	31.45	0.00	0.00
FBC	55	29.86	20.52	18.27	31.35	0.00	0.00
FBC	56	29.71	18.42	19.27	32.60	0.00	0.00
FBC	57	31.60	19.22	20.17	29.01	0.00	0.00
FBC	58	28.56	19.27	19.97	32.20	0.00	0.00
FBC	59	30.65	19.57	18.67	31.10	0.00	0.00
FBC	60	30.70	20.12	18.32	30.85	0.00	0.00
FBC	61	30.50	20.92	18.12	30.45	0.00	0.00
FBC	62	30.20	19.57	19.52	30.70	0.00	0.00
FBC	63	31.20	19.47	18.02	31.30	0.00	0.00
FBC	64	32.25	18.82	19.47	29.46	0.00	0.00
FBC	65	32.35	19.22	17.07	31.35	0.00	0.00
FBC	66	30.50	20.77	18.52	30.20	0.00	0.00
FBC	67	31.15	19.27	20.27	29.31	0.00	0.00
FBC	68	29.61	18.67	19.47	32.25	0.00	0.00
FBC	69	29.31	19.67	20.12	30.90	0.00	0.00
FBC	70	31.90	20.02	17.92	30.15	0.00	0.00
FBC	71	31.85	20.77	18.07	29.31	0.00	0.00
FBC	72	28.11	20.52	19.52	31.85	0.00	0.00
FBC	73	31.40	20.67	17.17	30.75	0.00	0.00
FBC	74	30.20	18.62	19.77	31.40	0.00	0.00
FBC	75	30.75	18.87	18.32	32.05	0.00	0.00
FBC	76	29.71	20.42	19.57	30.30	0.00	0.00
FBC	77	30.25	19.07	19.77	30.90	0.00	0.00
FBC	78	30.10	20.87	18.47	30.55	0.00	0.00
FBC	79	30.60	19.42	18.97	31.00	0.00	0.00
FBC	80	30.40	19.77	19.52	30.30	0.00	0.00
FBC	81	29.56	20.57	19.42	30.45	0.00	0.00
FBC	82	31.90	19.92	18.12	30.05	0.00	0.00
FBC	83	32.10	16.92	18.97	32.00	0.00	0.00
FBC	84	29.51	21.17	19.27	30.05	0.00	0.00
FBC	85	30.20	20.57	18.62	30.60	0.00	0.00
FBC	86	32.65	17.67	18.87	30.80	0.00	0.00
FBC	87	29.71	21.22	19.12	29.96	0.00	0.00
FBC	88	31.00	17.92	20.37	30.70	0.00	0.00
FBC	89	30.15	19.97	18.22	31.65	0.00	0.00
FBC	90	28.61	20.47	19.67	31.25	0.00	0.00
FBC	91	30.35	19.57	18.67	31.40	0.00	0.00
FBC	92	30.55	19.27	18.72	31.45	0.00	0.00
FBC	93	30.75	18.92	19.22	31.10	0.00	0.00
FBC	94	29.61	20.57	18.97	30.85	0.00	0.00
FBC	95	31.70	20.87	18.87	28.56	0.00	0.00
FBC	96	30.10	20.67	18.17	31.05	0.00	0.00
FBC	97	29.11	20.22	18.77	31.90	0.00	0.00
FBC	98	30.45	19.67	18.77	31.10	0.00	0.00
FBC	99	30.25	19.82	17.87	32.05	0.00	0.00
FBC	100	30.15	20.47	19.32	30.05	0.00	0.00
FBC	101	31.70	19.52	19.37	29.41	0.00	0.00
FBC	102	30.55	20.72	18.77	29.96	0.00	0.00
FBC	103	27.91	21.77	18.52	31.80	0.00	0.00
FBC	104	31.65	19.97	18.27	30.10	0.00	0.00
FBC	105	29.46	21.07	17.67	31.80	0.00	0.00
FBC	106	29.96	20.72	17.52	31.80	0.00	0.00
FBC	107	28.56	19.67	19.97	31.80	0.00	0.00
FBC	108	33.20	19.87	17.52	29.41	0.00	0.00
FBC	109	29.41	20.37	19.97	30.25	0.00	0.00
FBC	110	32.70	18.17	18.57	30.55	0.00	0.00
FBC	111	29.86	20.17	19.32	30.65	0.00	0.00
FBC	112	30.50	18.17	18.22	33.10	0.00	0.00
FBC	113	30.00	20.37	19.62	30.00	0.00	0.00
FBC	114	31.25	19.32	19.02	30.40	0.00	0.00
FBC	115	29.41	19.32	19.47	31.80	0.00	0.00
FBC	116	29.86	18.72	19.82	31.60	0.00	0.00
FBC	117	30.30	20.17	17.17	32.35	0.00	0.00
FBC	118	29.71	19.17	19.67	31.45	0.00	0.00
FBC	119	28.51	21.12	20.17	30.20	0.00	0.00
FBC	120	32.00	20.72	18.02	29.26	0.00	0.00
FBC	121	31.45	19.62	17.47	31.45	0.00	0.00
FBC	122	31.60	19.52	18.42	30.45	0.00	0.00
FBC	123	30.30	19.22	18.72	31.75	0.00	0.00
FBC	124	29.71	19.62	19.77	30.90	0.00	0.00
FBC	125	29.66	19.77	20.22	30.35	0.00	0.00
FBC	126	30.10	19.62	18.47	31.80	0.00	0.00
FBC	127	28.91	21.27	18.87	30.95	0.00	0.00
FBC	128	29.46	19.77	19.12	31.65	0.00	0.00
FBC	129	29.21	18.97	20.22	31.60	0.00	0.00
FBC	130	30.40	21.57	17.77	30.25	0.00	0.00
FBC	131	29.61	21.32	18.52	30.55	0.00	0.00
FBC	132	31.90	19.87	17.92	30.30	0.00	0.00
FBC	133	30.55	21.37	18.07	30.00	0.00	0.00
FBC	134	28.96	18.97	18.72	33.35	0.00	0.00
FBC	135	29.21	19.72	19.57	31.50	0.00	0.00
FBC	136	32.00	19.12	17.17	31.70	0.00	0.00
FBC	137	28.91	20.42	19.17	31.50	0.00	0.00
FBC	138	30.55	20.47	18.17	30.80	0.00	0.00
FBC	139	32.30	19.97	18.67	29.06	0.00	0.00
FBC	140	31.30	20.42	18.12	30.15	0.00	0.00
FBC	141	30.40	19.22	18.67	31.70	0.00	0.00
FBC	142	31.05	19.52	18.42	31.00	0.00	0.00
FBC	143	30.90	19.52	18.17	31.40	0.00	0.00
FBC	144	31.10	21.57	18.27	29.06	0.00	0.00
FBC	145	30.25	20.67	17.47	31.60	0.00	0.00
FBC	146	31.20	19.67	20.52	28.61	0.00	0.00
FBC	147	30.85	19.17	18.02	31.95	0.00	0.00
FBC	148	30.25	19.37	18.67	31.70	0.00	0.00
FBC	149	31.70	18.77	18.37	31.15	0.00	0.00
FBC	150	30.05	19.82	19.27	30.85	0.00	0.00
# ACGT raw counters for first fragments. Use `grep ^FTC | cut -f 2-` to extract this part. The columns are: A,C,G,T,N base counters
FTC	91254	59878	56740	92578	0
# ACGT content per cycle for last fragments. Use `grep ^LBC | cut -f 2-` to extract this part. The columns are: cycle; A,C,G,T base counts as a percentage of all A/C/G/T bases [%]; and N and O counts as a percentage of all A/C/G/T bases [%]
LBC	1	29.51	20.22	19.97	30.30	0.00	0.00
LBC	2	30.75	19.52	18.27	31.45	0.00	0.00
LBC	3	29.51	19.37	18.42	32.70	0.00	0.00
LBC	4	28.91	20.47	20.07	30.55	0.00	0.00
LBC	5	29.81	20.97	19.57	29.66	0.00	0.00
LBC	6	31.00	19.52	19.77	29.71	0.00	0.00
LBC	7	30.90	21.02	18.62	29.46	0.00	0.00
LBC	8	32.65	19.67	18.62	29.06	0.00	0.00
LBC	9	29.91	21.02	18.82	30.25	0.00	0.00
LBC	10	31.90	19.17	19.47	29.46	0.00	0.00
LBC	11	30.75	20.27	19.02	29.96	0.00	0.00
LBC	12	30.60	19.87	18.47	31.05	0.00	0.00
LBC	13	31.95	19.87	18.32	29.86	0.00	0.00
LBC	14	30.25	18.27	20.97	30.50	0.00	0.00
LBC	15	30.75	20.87	18.77	29.61	0.00	0.00
LBC	16	29.81	19.27	18.67	32.25	0.00	0.00
LBC	17	29.81	19.27	19.97	30.95	0.00	0.00
LBC	18	30.05	19.97	18.72	31.25	0.00	0.00
LBC	19	29.71	20.32	18.77	31.20	0.00	0.00
LBC	20	28.61	19.72	18.77	32.90	0.00	0.00
LBC	21	30.60	20.67	18.52	30.20	0.00	0.00
LBC	22	28.96	20.42	19.57	31.05	0.00	0.00
LBC	23	30.00	20.07	18.87	31.05	0.00	0.00
LBC	24	29.96	21.32	18.77	29.96	0.00	0.00
LBC	25	32.50	19.52	18.97	29.01	0.00	0.00
LBC	26	31.00	19.37	19.37	30.25	0.00	0.00
LBC	27	30.50	20.47	19.17	29.86	0.00	0.00
LBC	28	29.91	20.77	19.77	29.56	0.00	0.00
LBC	29	31.30	19.52	18.97	30.20	0.00	0.00
LBC	30	29.36	20.12	20.22	30.30	0.00	0.00
LBC	31	32.50	18.87	19.22	29.41	0.00	0.00
LBC	32	30.90	19.87	18.42	30.80	0.00	0.00
LBC	33	31.50	19.92	18.17	30.40	0.00	0.00
LBC	34	30.15	18.82	19.07	31.95	0.00	0.00
LBC	35	30.45	19.37	17.77	32.40	0.00	0.00
LBC	36	31.50	18.97	16.97	32.55	0.00	0.00
LBC	37	31.50	20.92	17.77	29.81	0.00	0.00
LBC	38	30.15	19.67	19.67	30.50	0.00	0.00
LBC	39	30.45	20.67	19.27	29.61	0.00	0.00
LBC	40	30.65	19.07	20.32	29.96	0.00	0.00
LBC	41	30.10	19.82	19.27	30.80	0.00	0.00
LBC	42	30.75	20.97	19.42	28.86	0.00	0.00
LBC	43	30.65	20.17	18.72	30.45	0.00	0.00
LBC	44	29.81	19.52	19.57	31.10	0.00	0.00
LBC	45	29.86	19.82	19.92	30.40	0.00	0.00
LBC	46	31.70	20.17	18.27	29.86	0.00	0.00
LBC	47	29.96	19.67	19.87	30.50	0.00	0.00
LBC	48	30.55	18.77	19.02	31.65	0.00	0.00
LBC	49	31.40	19.87	18.62	30.10	0.00	0.00
LBC	50	31.90	18.82	18.67	30.60	0.00	0.00
LBC	51	30.15	20.77	18.92	30.15	0.00	0.00
LBC	52	29.96	19.92	19.07	31.05	0.00	0.00
LBC	53	29.96	19.52	19.07	31.45	0.00	0.00
LBC	54	31.30	18.97	18.57	31.15	0.00	0.00
LBC	55	30.15	19.82	17.62	32.40	0.00	0.00
LBC	56	30.55	20.62	18.47	30.35	0.00	0.00
LBC	57	29.01	21.67	18.67	30.65	0.00	0.00
LBC	58	29.26	19.22	19.32	32.20	0.00	0.00
LBC	59	30.30	19.27	20.02	30.40	0.00	0.00
LBC	60	31.30	20.87	18.12	29.71	0.00	0.00
LBC	61	31.00	20.62	18.77	29.61	0.00	0.00
LBC	62	31.20	20.97	18.07	29.76	0.00	0.00
LBC	63	30.90	20.52	18.77	29.81	0.00	0.00
LBC	64	30.35	21.47	18.07	30.10	0.00	0.00
LBC	65	31.40	21.02	18.62	28.96	0.00	0.00
LBC	66	32.00	20.57	17.42	30.00	0.00	0.00
LBC	67	30.15	19.82	18.47	31.55	0.00	0.00
LBC	68	30.95	21.42	16.72	30.90	0.00	0.00
LBC	69	29.11	21.67	19.17	30.05	0.00	0.00
LBC	70	31.40	20.12	17.47	31.00	0.00	0.00
LBC	71	29.91	20.62	19.27	30.20	0.00	0.00
LBC	72	30.20	18.67	17.67	33.45	0.00	0.00
LBC	73	29.91	20.17	18.92	31.00	0.00	0.00
LBC	74	31.15	18.12	18.57	32.15	0.00	0.00
LBC	75	31.00	19.97	17.57	31.45	0.00	0.00
LBC	76	28.91	21.12	19.42	30.55	0.00	0.00
LBC	77	31.85	20.12	19.02	29.01	0.00	0.00
LBC	78	31.60	18.27	19.82	30.30	0.00	0.00
LBC	79	29.01	20.97	19.32	30.70	0.00	0.00
LBC	80	31.80	19.72	17.57	30.90	0.00	0.00
LBC	81	30.00	20.72	18.17	31.10	0.00	0.00
LBC	82	31.35	20.77	17.52	30.35	0.00	0.00
LBC	83	30.30	20.32	19.52	29.86	0.00	0.00
LBC	84	30.10	20.67	18.97	30.25	0.00	0.00
LBC	85	30.80	19.82	19.77	29.61	0.00	0.00
LBC	86	30.15	20.07	19.62	30.15	0.00	0.00
LBC	87	31.30	17.82	19.47	31.40	0.00	0.00
LBC	88	30.15	20.37	17.52	31.95	0.00	0.00
LBC	89	29.96	19.77	18.82	31.45	0.00	0.00
LBC	90	31.90	19.27	19.02	29.81	0.00	0.00
LBC	91	30.95	19.67	19.52	29.86	0.00	0.00
LBC	92	31.05	20.17	18.62	30.15	0.00	0.00
LBC	93	30.75	20.32	18.82	30.10	0.00	0.00
LBC	94	31.30	21.07	18.22	29.41	0.00	0.00
LBC	95	31.30	20.42	17.72	30.55	0.00	0.00
LBC	96	28.91	20.92	19.72	30.45	0.00	0.00
LBC	97	29.56	19.42	20.32	30.70	0.00	0.00
LBC	98	29.41	21.87	18.52	30.20	0.00	0.00
LBC	99	29.06	21.22	20.22	29.51	0.00	0.00
LBC	100	31.10	20.12	17.77	31.00	0.00	0.00
LBC	101	31.40	18.22	19.47	30.90	0.00	0.00
LBC	102	31.90	19.97	18.72	29.41	0.00	0.00
LBC	103	29.96	20.37	19.97	29.71	0.00	0.00
LBC	104	31.15	19.07	19.07	30.70	0.00	0.00
LBC	105	29.66	20.17	19.77	30.40	0.00	0.00
LBC	106	32.10	19.17	18.87	29.86	0.00	0.00
LBC	107	31.60	19.47	19.92	29.01	0.00	0.00
LBC	108	30.60	19.32	19.87	30.20	0.00	0.00
LBC	109	30.70	20.27	17.72	31.30	0.00	0.00
LBC	110	30.40	18.97	19.47	31.15	0.00	0.00
LBC	111	30.00	19.27	18.62	32.10	0.00	0.00
LBC	112	31.60	19.02	18.02	31.35	0.00	0.00
LBC	113	30.45	18.47	19.27	31.80	0.00	0.00
LBC	114	30.10	19.97	20.17	29.76	0.00	0.00
LBC	115	31.15	20.52	16.72	31.60	0.00	0.00
LBC	116	30.95	19.87	19.12	30.05	0.00	0.00
LBC	117	30.60	20.22	18.22	30.95	0.00	0.00
LBC	118	30.00	21.87	17.47	30.65	0.00	0.00
LBC	119	31.00	20.77	18.97	29.26	0.00	0.00
LBC	120	31.65	19.52	19.27	29.56	0.00	0.00
LBC	121	30.25	19.87	19.07	30.80	0.00	0.00
LBC	122	31.45	19.02	18.87	30.65	0.00	0.00
LBC	123	29.36	22.17	18.87	29.61	0.00	0.00
LBC	124	32.20	18.27	19.12	30.40	0.00	0.00
LBC	125	33.40	20.12	18.17	28.31	0.00	0.00
LBC	126	29.91	19.37	19.62	31.10	0.00	0.00
LBC	127	30.10	18.87	18.82	32.20	0.00	0.00
LBC	128	29.86	19.77	19.32	31.05	0.00	0.00
LBC	129	31.70	19.17	17.72	31.40	0.00	0.00
LBC	130	28.66	19.42	20.07	31.85	0.00	0.00
LBC	131	27.66	21.17	18.47	32.70	0.00	0.00
LBC	132	30.35	20.82	18.82	30.00	0.00	0.00
LBC	133	31.00	20.12	18.82	30.05	0.00	0.00
LBC	134	31.00	19.52	17.67	31.80	0.00	0.00
LBC	135	31.15	20.92	18.52	29.41	0.00	0.00
LBC	136	30.35	18.22	20.07	31.35	0.00	0.00
LBC	137	32.85	18.72	17.77	30.65	0.00	0.00
LBC	138	30.75	21.17	18.77	29.31	0.00	0.00
LBC	139	31.50	19.07	18.27	31.15	0.00	0.00
LBC	140	29.96	19.42	18.97	31.65	0.00	0.00
LBC	141	29.91	19.62	20.22	30.25	0.00	0.00
LBC	142	30.85	19.72	19.47	29.96	0.00	0.00
LBC	143	31.35	18.52	18.42	31.70	0.00	0.00
LBC	144	30.40	19.17	20.17	30.25	0.00	0.00
LBC	145	31.75	19.82	19.87	28.56	0.00	0.00
LBC	146	30.20	18.67	20.77	30.35	0.00	0.00
LBC	147	30.40	19.12	18.67	31.80	0.00	0.00
LBC	148	32.35	18.97	18.22	30.45	0.00	0.00
LBC	149	30.40	19.57	17.37	32.65	0.00	0.00
LBC	150	30.25	19.07	17.22	33.45	0.00	0.00
# ACGT raw counters for last fragments. Use `grep ^LTC | cut -f 2-` to extract this part. The columns are: A,C,G,T,N base counters
LTC	91964	59850	56721	91915	0
# Insert sizes. Use `grep ^IS | cut -f 2-` to extract this part. The columns are: insert size, pairs total, inward oriented pairs, outward oriented pairs, other pairs
IS	0	0	0	0	0
IS	1	0	0	0	0
IS	2	0	0	0	0
IS	3	0	0	0	0
IS	4	0	0	0	0
IS	5	0	0	0	0
IS	6	0	0	0	0
IS	7	0	0	0	0
IS	8	0	0	0	0
IS	9	0	0	0	0
IS	10	0	0	0	0
IS	11	0	0	0	0
IS	12	0	0	0	0
IS	13	0	0	0	0
IS	14	0	0	0	0
IS	15	0	0	0	0
IS	16	0	0	0	0
IS	17	0	0	0	0
IS	18	0	0	0	0
IS	19	0	0	0	0
IS	20	0	0	0	0
IS	21	0	0	0	0
IS	22	0	0	0	0
IS	23	0	0	0	0
IS	24	0	0	0	0
IS	25	0	0	0	0
IS	26	0	0	0	0
IS	27	0	0	0	0
IS	28	0	0	0	0
IS	29	0	0	0	0
IS	30	0	0	0	0
IS	31	0	0	0	0
IS	32	0	0	0	0
IS	33	0	0	0	0
IS	34	0	0	0	0
IS	35	0	0	0	0
IS	36	0	0	0	0
IS	37	0	0	0	0
IS	38	0	0	0	0
IS	39	0	0	0	0
IS	40	0	0	0	0
IS	41	0	0	0	0
IS	42	0	0	0	0
IS	43	0	0	0	0
IS	44	0	0	0	0
IS	45	0	0	0	0
IS	46	0	0	0	0
IS	47	0	0	0	0
IS	48	0	0	0	0
IS	49	0	0	0	0
IS	50	0	0	0	0
IS	51	0	0	0	0
IS	52	0	0	0	0
IS	53	0	0	0	0
IS	54	0	0	0	0
IS	55	0	0	0	0
IS	56	0	0	0	0
IS	57	0	0	0	0
IS	58	0	0	0	0
IS	59	0	0	0	0
IS	60	0	0	0	0
IS	61	0	0	0	0
IS	62	0	0	0	0
IS	63	0	0	0	0
IS	64	0	0	0	0
IS	65	0	0	0	0
IS	66	0	0	0	0
IS	67	0	0	0	0
IS	68	0	0	0	0
IS	69	0	0	0	0
IS	70	0	0	0	0
IS	71	0	0	0	0
IS	72	0	0	0	0
IS	73	0	0	0	0
IS	74	0	0	0	0
IS	75	0	0	0	0
IS	76	0	0	0	0
IS	77	0	0	0	0
IS	78	0	0	0	0
IS	79	0	0	0	0
IS	80	0	0	0	0
IS	81	0	0	0	0
IS	82	0	0	0	0
IS	83	0	0	0	0
IS	84	0	0	0	0
IS	85	0	0	0	0
IS	86	0	0	0	0
IS	87	0	0	0	0
IS	88	0	0	0	0
IS	89	0	0	0	0
IS	90	0	0	0	0
IS	91	0	0	0	0
IS	92	0	0	0	0
IS	93	0	0	0	0
IS	94	0	0	0	0
IS	95	0	0	0	0
IS	96	0	0	0	0
IS	97	0	0	0	0
IS	98	0	0	0	0
IS	99	0	0	0	0
IS	100	0	0	0	0
IS	101	0	0	0	0
IS	102	0	0	0	0
IS	103	0	0	0	0
IS	104	0	0	0	0
IS	105	0	0	0	0
IS	106	0	0	0	0
IS	107	0	0	0	0
IS	108	0	0	0	0
IS	109	0	0	0	0
IS	110	0	0	0	0
IS	111	0	0	0	0
IS	112	0	0	0	0
IS	113	0	0	0	0
IS	114	0	0	0	0
IS	115	0	0	0	0
IS	116	0	0	0	0
IS	117	0	0	0	0
IS	118	0	0	0	0
IS	119	0	0	0	0
IS	120	0	0	0	0
IS	121	0	0	0	0
IS	122	0	0	0	0
IS	123	0	0	0	0
IS	124	0	0	0	0
IS	125	0	0	0	0
IS	126	0	0	0	0
IS	127	0	0	0	0
IS	128	0	0	0	0
IS	129	0	0	0	0
IS	130	0	0	0	0
IS	131	0	0	0	0
IS	132	0	0	0	0
IS	133	0	0	0	0
IS	134	0	0	0	0
IS	135	0	0	0	0
IS	136	0	0	0	0
IS	137	0	0	0	0
IS	138	0	0	0	0
IS	139	0	0	0	0
IS	140	0	0	0	0
IS	141	0	0	0	0
IS	142	0	0	0	0
IS	143	0	0	0	0
IS	144	0	0	0	0
IS	145	0	0	0	0
IS	146	0	0	0	0
IS	147	0	0	0	0
IS	148	0	0	0	0
IS	149	0	0	0	0
IS	150	0	0	0	0
IS	151	0	0	0	0
IS	152	0	0	0	0
IS	153	0	0	0	0
IS	154	0	0	0	0
IS	155	0	0	0	0
IS	156	0	0	0	0
IS	157	0	0	0	0
IS	158	0	0	0	0
IS	159	0	0	0	0
IS	160	0	0	0	0
IS	161	0	0	0	0
IS	162	0	0	0	0
IS	163	0	0	0	0
IS	164	0	0	0	0
IS	165	0	0	0	0
IS	166	0	0	0	0
IS	167	0	0	0	0
IS	168	0	0	0	0
IS	169	0	0	0	0
IS	170	0	0	0	0
IS	171	0	0	0	0
IS	172	0	0	0	0
IS	173	0	0	0	0
IS	174	0	0	0	0
IS	175	0	0	0	0
IS	176	0	0	0	0
IS	177	0	0	0	0
IS	178	0	0	0	0
IS	179	0	0	0	0
IS	180	0	0	0	0
IS	181	0	0	0	0
IS	182	0	0	0	0
IS	183	0	0	0	0
IS	184	0	0	0	0
IS	185	0	0	0	0
IS	186	0	0	0	0
IS	187	0	0	0	0
IS	188	0	0	0	0
IS	189	0	0	0	0
IS	190	0	0	0	0
IS	191	0	0	0	0
IS	192	0	0	0	0
IS	193	0	0	0	0
IS	194	0	0	0	0
IS	195	0	0	0	0
IS	196	0	0	0	0
IS	197	0	0	0	0
IS	198	0	0	0	0
IS	199	0	0	0	0
IS	200	0	0	0	0
IS	201	0	0	0	0
IS	202	0	0	0	0
IS	203	0	0	0	0
IS	204	0	0	0	0
IS	205	0	0	0	0
IS	206	0	0	0	0
IS	207	0	0	0	0
IS	208	0	0	0	0
IS	209	0	0	0	0
IS	210	0	0	0	0
IS	211	0	0	0	0
IS	212	0	0	0	0
IS	213	0	0	0	0
IS	214	0	0	0	0
IS	215	0	0	0	0
IS	216	0	0	0	0
IS	217	0	0	0	0
IS	218	0	0	0	0
IS	219	0	0	0	0
IS	220	0	0	0	0
IS	221	0	0	0	0
IS	222	0	0	0	0
IS	223	0	0	0	0
IS	224	0	0	0	0
IS	225	0	0	0	0
IS	226	0	0	0	0
IS	227	0	0	0	0
IS	228	0	0	0	0
IS	229	0	0	0	0
IS	230	0	0	0	0
IS	231	0	0	0	0
IS	232	0	0	0	0
IS	233	0	0	0	0
IS	234	0	0	0	0
IS	235	0	0	0	0
IS	236	0	0	0	0
IS	237	0	0	0	0
IS	238	0	0	0	0
IS	239	0	0	0	0
IS	240	0	0	0	0
IS	241	0	0	0	0
IS	242	0	0	0	0
IS	243	0	0	0	0
IS	244	0	0	0	0
IS	245	0	0	0	0
IS	246	0	0	0	0
IS	247	0	0	0	0
IS	248	0	0	0	0
IS	249	0	0	0	0
IS	250	0	0	0	0
IS	251	0	0	0	0
IS	252	0	0	0	0
IS	253	0	0	0	0
IS	254	0	0	0	0
IS	255	0	0	0	0
IS	256	0	0	0	0
IS	257	0	0	0	0
IS	258	0	0	0	0
IS	259	0	0	0	0
IS	260	0	0	0	0
IS	261	0	0	0	0
IS	262	0	0	0	0
IS	263	0	0	0	0
IS	264	0	0	0	0
IS	265	0	0	0	0
IS	266	0	0	0	0
IS	267	0	0	0	0
IS	268	0	0	0	0
IS	269	0	0	0	0
IS	270	0	0	0	0
IS	271	0	0	0	0
IS	272	0	0	0	0
IS	273	0	0	0	0
IS	274	0	0	0	0
IS	275	0	0	0	0
IS	276	0	0	0	0
IS	277	0	0	0	0
IS	278	0	0	0	0
IS	279	0	0	0	0
IS	280	0	0	0	0
IS	281	0	0	0	0
IS	282	0	0	0	0
IS	283	0	0	0	0
IS	284	0	0	0	0
IS	285	0	0	0	0
IS	286	0	0	0	0
IS	287	0	0	0	0
IS	288	0	0	0	0
IS	289	0	0	0	0
IS	290	0	0	0	0
IS	291	0	0	0	0
IS	292	0	0	0	0
IS	293	0	0	0	0
IS	294	0	0	0	0
IS	295	0	0	0	0
IS	296	0	0	0	0
IS	297	0	0	0	0
IS	298	0	0	0	0
IS	299	0	0	0	0
IS	300	0	0	0	0
IS	301	0	0	0	0
IS	302	0	0	0	0
IS	303	0	0	0	0
IS	304	0	0	0	0
IS	305	0	0	0	0
IS	306	0	0	0	0
IS	307	0	0	0	0
IS	308	0	0	0	0
IS	309	0	0	0	0
IS	310	0	0	0	0
IS	311	0	0	0	0
IS	312	0	0	0	0
IS	313	0	0	0	0
IS	314	0	0	0	0
IS	315	0	0	0	0
IS	316	0	0	0	0
IS	317	0	0	0	0
IS	318	0	0	0	0
IS	319	0	0	0	0
IS	320	0	0	0	0
IS	321	0	0	0	0
IS	322	0	0	0	0
IS	323	0	0	0	0
IS	324	0	0	0	0
IS	325	0	0	0	0
IS	326	0	0	0	0
IS	327	1	1	0	0
IS	328	0	0	0	0
IS	329	0	0	0	0
IS	330	0	0	0	0
IS	331	0	0	0	0
IS	332	0	0	0	0
IS	333	0	0	0	0
IS	334	0	0	0	0
IS	335	0	0	0	0
IS	336	0	0	0	0
IS	337	0	0	0	0
IS	338	0	0	0	0
IS	339	0	0	0	0
IS	340	0	0	0	0
IS	341	0	0	0	0
IS	342	0	0	0	0
IS	343	0	0	0	0
IS	344	0	0	0	0
IS	345	0	0	0	0
IS	346	0	0	0	0
IS	347	0	0	0	0
IS	348	0	0	0	0
IS	349	0	0	0	0
IS	350	0	0	0	0
IS	351	0	0	0	0
IS	352	0	0	0	0
IS	353	2	2	0	0
IS	354	0	0	0	0
IS	355	0	0	0	0
IS	356	1	1	0	0
IS	357	0	0	0	0
IS	358	1	1	0	0
IS	359	0	0	0	0
IS	360	2	2	0	0
IS	361	1	1	0	0
IS	362	0	0	0	0
IS	363	0	0	0	0
IS	364	0	0	0	0
IS	365	0	0	0	0
IS	366	2	2	0	0
IS	367	0	0	0	0
IS	368	1	1	0	0
IS	369	0	0	0	0
IS	370	0	0	0	0
IS	371	2	2	0	0
IS	372	0	0	0	0
IS	373	0	0	0	0
IS	374	1	1	0	0
IS	375	0	0	0	0
IS	376	1	1	0	0
IS	377	0	0	0	0
IS	378	0	0	0	0
IS	379	2	2	0	0
IS	380	2	2	0	0
IS	381	0	0	0	0
IS	382	0	0	0	0
IS	383	0	0	0	0
IS	384	0	0	0	0
IS	385	1	1	0	0
IS	386	2	2	0	0
IS	387	1	1	0	0
IS	388	1	1	0	0
IS	389	2	2	0	0
IS	390	1	1	0	0
IS	391	4	4	0	0
IS	392	1	1	0	0
IS	393	2	2	0	0
IS	394	3	3	0	0
IS	395	0	0	0	0
IS	396	2	2	0	0
IS	397	2	2	0	0
IS	398	3	3	0	0
IS	399	2	2	0	0
IS	400	3	3	0	0
IS	401	7	7	0	0
IS	402	4	4	0	0
IS	403	4	4	0	0
IS	404	1	1	0	0
IS	405	3	3	0	0
IS	406	3	3	0	0
IS	407	1	1	0	0
IS	408	6	6	0	0
IS	409	1	1	0	0
IS	410	2	2	0	0
IS	411	3	3	0	0
IS	412	3	3	0	0
IS	413	1	1	0	0
IS	414	1	1	0	0
IS	415	6	6	0	0
IS	416	5	5	0	0
IS	417	4	4	0	0
IS	418	4	4	0	0
IS	419	2	2	0	0
IS	420	5	5	0	0
IS	421	4	4	0	0
IS	422	6	6	0	0
IS	423	2	2	0	0
IS	424	14	14	0	0
IS	425	2	2	0	0
IS	426	5	5	0	0
IS	427	5	5	0	0
IS	428	3	3	0	0
IS	429	7	7	0	0
IS	430	6	6	0	0
IS	431	4	4	0	0
IS	432	7	7	0	0
IS	433	3	3	0	0
IS	434	7	7	0	0
IS	435	8	8	0	0
IS	436	5	5	0	0
IS	437	11	11	0	0
IS	438	7	7	0	0
IS	439	11	11	0	0
IS	440	8	8	0	0
IS	441	11	11	0	0
IS	442	6	6	0	0
IS	443	6	6	0	0
IS	444	10	10	0	0
IS	445	9	9	0	0
IS	446	6	6	0	0
IS	447	3	3	0	0
IS	448	3	3	0	0
IS	449	10	10	0	0
IS	450	13	13	0	0
IS	451	3	3	0	0
IS	452	10	10	0	0
IS	453	6	6	0	0
IS	454	15	15	0	0
IS	455	14	14	0	0
IS	456	11	11	0	0
IS	457	6	6	0	0
IS	458	9	9	0	0
IS	459	7	7	0	0
IS	460	9	9	0	0
IS	461	10	10	0	0
IS	462	13	13	0	0
IS	463	10	10	0	0
IS	464	13	13	0	0
IS	465	14	14	0	0
IS	466	18	18	0	0
IS	467	6	6	0	0
IS	468	7	7	0	0
IS	469	19	19	0	0
IS	470	13	13	0	0
IS	471	17	17	0	0
IS	472	12	12	0	0
IS	473	15	15	0	0
IS	474	17	17	0	0
IS	475	12	12	0	0
IS	476	14	14	0	0
IS	477	13	13	0	0
IS	478	9	9	0	0
IS	479	13	13	0	0
IS	480	16	16	0	0
IS	481	14	14	0	0
IS	482	26	26	0	0
IS	483	16	16	0	0
IS	484	10	10	0	0
IS	485	24	24	0	0
IS	486	11	11	0	0
IS	487	17	17	0	0
IS	488	21	21	0	0
IS	489	14	14	0	0
IS	490	17	17	0	0
IS	491	20	20	0	0
IS	492	14	14	0	0
IS	493	17	17	0	0
IS	494	15	15	0	0
IS	495	13	13	0	0
IS	496	19	19	0	0
IS	497	15	15	0	0
IS	498	13	13	0	0
IS	499	10	10	0	0
IS	500	14	14	0	0
IS	501	15	15	0	0
IS	502	20	20	0	0
IS	503	21	21	0	0
IS	504	18	18	0	0
IS	505	22	22	0	0
IS	506	24	24	0	0
IS	507	18	18	0	0
IS	508	10	10	0	0
IS	509	19	19	0	0
IS	510	11	11	0	0
IS	511	11	11	0	0
IS	512	14	14	0	0
IS	513	14	14	0	0
IS	514	17	17	0	0
IS	515	10	10	0	0
IS	516	18	18	0	0
IS	517	15	15	0	0
IS	518	10	10	0	0
IS	519	16	16	0	0
IS	520	17	17	0	0
IS	521	13	13	0	0
IS	522	11	11	0	0
IS	523	11	11	0	0
IS	524	23	23	0	0
IS	525	11	11	0	0
IS	526	14	14	0	0
IS	527	15	15	0	0
IS	528	8	8	0	0
IS	529	14	14	0	0
IS	530	19	19	0	0
IS	531	9	9	0	0
IS	532	16	16	0	0
IS	533	10	10	0	0
IS	534	11	11	0	0
IS	535	15	15	0	0
IS	536	13	13	0	0
IS	537	15	15	0	0
IS	538	18	18	0	0
IS	539	10	10	0	0
IS	540	14	14	0	0
IS	541	12	12	0	0
IS	542	8	8	0	0
IS	543	11	11	0	0
IS	544	14	14	0	0
IS	545	12	12	0	0
IS	546	12	12	0	0
IS	547	14	14	0	0
IS	548	8	8	0	0
IS	549	11	11	0	0
IS	550	13	13	0	0
IS	551	10	10	0	0
IS	552	8	8	0	0
IS	553	8	8	0	0
IS	554	10	10	0	0
IS	555	8	8	0	0
IS	556	4	4	0	0
IS	557	12	12	0	0
IS	558	5	5	0	0
IS	559	9	9	0	0
IS	560	6	6	0	0
IS	561	9	9	0	0
IS	562	8	8	0	0
IS	563	7	7	0	0
IS	564	9	9	0	0
IS	565	8	8	0	0
IS	566	6	6	0	0
IS	567	6	6	0	0
IS	568	5	5	0	0
IS	569	9	9	0	0
IS	570	3	3	0	0
IS	571	2	2	0	0
IS	572	3	3	0	0
IS	573	9	9	0	0
IS	574	7	7	0	0
IS	575	4	4	0	0
IS	576	5	5	0	0
IS	577	5	5	0	0
IS	578	5	5	0	0
IS	579	5	5	0	0
IS	580	6	6	0	0
IS	581	2	2	0	0
IS	582	2	2	0	0
IS	583	5	5	0	0
IS	584	3	3	0	0
IS	585	4	4	0	0
IS	586	3	3	0	0
IS	587	7	7	0	0
IS	588	2	2	0	0
IS	589	4	4	0	0
IS	590	3	3	0	0
IS	591	5	5	0	0
IS	592	6	6	0	0
IS	593	2	2	0	0
IS	594	0	0	0	0
IS	595	3	3	0	0
IS	596	4	4	0	0
IS	597	4	4	0	0
IS	598	3	3	0	0
IS	599	4	4	0	0
IS	600	2	2	0	0
IS	601	0	0	0	0
IS	602	1	1	0	0
IS	603	3	3	0	0
IS	604	1	1	0	0
IS	605	3	3	0	0
IS	606	2	2	0	0
IS	607	2	2	0	0
IS	608	1	1	0	0
IS	609	3	3	0	0
IS	610	1	1	0	0
IS	611	3	3	0	0
IS	612	1	1	0	0
# Read lengths. Use `grep ^RL | cut -f 2-` to extract this part. The columns are: read length, count
RL	150	4006
# Read lengths - first fragments. Use `grep ^FRL | cut -f 2-` to extract this part. The columns are: read length, count
FRL	150	2003
# Read lengths - last fragments. Use `grep ^LRL | cut -f 2-` to extract this part. The columns are: read length, count
LRL	150	2003
# Mapping qualities for reads !(UNMAP|SECOND|SUPPL|QCFAIL|DUP). Use `grep ^MAPQ | cut -f 2-` to extract this part. The columns are: mapq, count
MAPQ	0	4
MAPQ	3	2
MAPQ	27	6
MAPQ	33	1
MAPQ	39	2
MAPQ	40	30
MAPQ	41	1
MAPQ	43	1
MAPQ	47	2
MAPQ	48	38
MAPQ	50	2
MAPQ	51	1
MAPQ	52	8
MAPQ	56	1
MAPQ	57	14
MAPQ	59	1
MAPQ	60	3892
# Indel distribution. Use `grep ^ID | cut -f 2-` to extract this part. The columns are: length, number of insertions, number of deletions
# Indels per cycle. Use `grep ^IC | cut -f 2-` to extract this part. The columns are: cycle, number of insertions (fwd), .. (rev) , number of deletions (fwd), .. (rev)
# Coverage distribution. Use `grep ^COV | cut -f 2-` to extract this part.
COV	[1-1]	1	4765
COV	[2-2]	2	9710
COV	[3-3]	3	13992
COV	[4-4]	4	19175
COV	[5-5]	5	20630
COV	[6-6]	6	18350
COV	[7-7]	7	12761
COV	[8-8]	8	7654
COV	[9-9]	9	4471
COV	[10-10]	10	2336
COV	[11-11]	11	1487
COV	[12-12]	12	741
COV	[13-13]	13	334
COV	[14-14]	14	58
COV	[15-15]	15	12
COV	[16-16]	16	3
# GC-depth. Use `grep ^GCD | cut -f 2-` to extract this part. The columns are: GC%, unique sequence percentiles, 10th, 25th, 50th, 75th and 90th depth percentile
GCD	0.0	15.385	0.000	0.000	0.000	0.000	0.000
GCD	36.0	23.077	2.505	2.505	2.505	2.505	2.505
GCD	38.0	61.538	2.490	2.497	2.505	2.505	2.505
GCD	39.0	76.923	2.505	2.505	2.505	2.505	2.505
GCD	40.0	84.615	2.505	2.505	2.505	2.505	2.505
GCD	41.0	92.308	2.505	2.505	2.505	2.505	2.505
GCD	45.0	100.000	2.505	2.505	2.505	2.505	2.505
