# This file was produced by samtools stats (1.20+htslib-1.21) and can be plotted using plot-bamstats
# This file contains statistics for all reads.
# The command line was:  stats sample3839.sorted.group.rmdup.bam
# CHK, Checksum	[2]Read Names	[3]Sequences	[4]Qualities
# CHK, CRC32 of reads which passed filtering followed by addition (32bit overflow)
CHK	de29a4ce	a45905c6	ae59858c
# Summary Numbers. Use `grep ^SN | cut -f 2-` to extract this part.
SN	raw total sequences:	4002	# excluding supplementary and secondary reads
SN	filtered sequences:	0
SN	sequences:	4002
SN	is sorted:	1
SN	1st fragments:	2001
SN	last fragments:	2001
SN	reads mapped:	4002
SN	reads mapped and paired:	4002	# paired-end technology bit set + both mates mapped
SN	reads unmapped:	0
SN	reads properly paired:	4002	# proper-pair bit set
SN	reads paired:	4002	# paired-end technology bit set
SN	reads duplicated:	0	# PCR or optical duplicate bit set
SN	reads MQ0:	14	# mapped and MQ=0
SN	reads QC failed:	0
SN	non-primary alignments:	0
SN	supplementary alignments:	0
SN	total length:	600299	# ignores clipping
SN	total first fragment length:	300150	# ignores clipping
SN	total last fragment length:	300149	# ignores clipping
SN	bases mapped:	600299	# ignores clipping
SN	bases mapped (cigar):	600299	# more accurate
SN	bases trimmed:	0
SN	bases duplicated:	0
SN	mismatches:	917	# from NM fields
SN	error rate:	1.527572e-03	# mismatches / bases mapped (cigar)
SN	average length:	150
SN	average first fragment length:	150
SN	average last fragment length:	150
SN	maximum length:	150
SN	maximum first fragment length:	150
SN	maximum last fragment length:	150
SN	average quality:	30.0
SN	insert size average:	501.4
SN	insert size standard deviation:	47.3
SN	inward oriented pairs:	2001
SN	outward oriented pairs:	0
SN	pairs with other orientation:	0
SN	pairs on different chromosomes:	0
SN	percentage of properly paired reads (%):	100.0
# First Fragment Qualities. Use `grep ^FFQ | cut -f 2-` to extract this part.
# Columns correspond to qualities and rows to cycles. First column is the cycle number.
FFQ	1	0	0	0	0	0	0	0	0	0	0	0	0	0	0	0	0	0	0	0	0	0	0	0	0	0	0	0	0	0	0	2001	0
FFQ	2	0	0	0	0	0	0	0	0	0	0	0	0	0	0	0	0	0	0	0	0	0	0	0	0	0	0	0	0	0	0	2001	0
FFQ	3	0	0	0	0	0	0	0	0	0	0	0	0	0	0	0	0	0	0	0	0	0	0	0	0	0	0	0	0	0	0	2001	0
FFQ	4	0	0	0	0	0	0	0	0	0	0	0	0	0	0	0	0	0	0	0	0	0	0	0	0	0	0	0	0	0	0	2001	0
FFQ	5	0	0	0	0	0	0	0	0	0	0	0	0	0	0	0	0	0	0	0	0	0	0	0	0	0	0	0	0	0	0	2001	0
FFQ	6	0	0	0	0	0	0	0	0	0	0	0	0	0	0	0	0	0	0	0	0	0	0	0	0	0	0	0	0	0	0	2001	0
FFQ	7	0	0	0	0	0	0	0	0	0	0	0	0	0	0	0	0	0	0	0	0	0	0	0	0	0	0	0	0	0	0	2001	0
FFQ	8	0	0	0	0	0	0	0	0	0	0	0	0	0	0	0	0	0	0	0	0	0	0	0	0	0	0	0	0	0	0	2001	0
FFQ	9	0	0	0	0	0	0	0	0	0	0	0	0	0	0	0	0	0	0	0	0	0	0	0	0	0	0	0	0	0	0	2001	0
FFQ	10	0	0	0	0	0	0	0	0	0	0	0	0	0	0	0	0	0	0	0	0	0	0	0	0	0	0	0	0	0	0	2001	0
FFQ	11	0	0	0	0	0	0	0	0	0	0	0	0	0	0	0	0	0	0	0	0	0	0	0	0	0	0	0	0	0	0	2001	0
FFQ	12	0	0	0	0	0	0	0	0	0	0	0	0	0	0	0	0	0	0	0	0	0	0	0	0	0	0	0	0	0	0	2001	0
FFQ	13	0	0	0	0	0	0	0	0	0	0	0	0	0	0	0	0	0	0	0	0	0	0	0	0	0	0	0	0	0	0	2001	0
FFQ	14	0	0	0	0	0	0	0	0	0	0	0	0	0	0	0	0	0	0	0	0	0	0	0	0	0	0	0	0	0	0	2001	0
FFQ	15	0	0	0	0	0	0	0	0	0	0	0	0	0	0	0	0	0	0	0	0	0	0	0	0	0	0	0	0	0	0	2001	0
FFQ	16	0	0	0	0	0	0	0	0	0	0	0	0	0	0	0	0	0	0	0	0	0	0	0	0	0	0	0	0	0	0	2001	0
FFQ	17	0	0	0	0	0	0	0	0	0	0	0	0	0	0	0	0	0	0	0	0	0	0	0	0	0	0	0	0	0	0	2001	0
FFQ	18	0	0	0	0	0	0	0	0	0	0	0	0	0	0	0	0	0	0	0	0	0	0	0	0	0	0	0	0	0	0	2001	0
FFQ	19	0	0	0	0	0	0	0	0	0	0	0	0	0	0	0	0	0	0	0	0	0	0	0	0	0	0	0	0	0	0	2001	0
FFQ	20	0	0	0	0	0	0	0	0	0	0	0	0	0	0	0	0	0	0	0	0	0	0	0	0	0	0	0	0	0	0	2001	0
FFQ	21	0	0	0	0	0	0	0	0	0	0	0	0	0	0	0	0	0	0	0	0	0	0	0	0	0	0	0	0	0	0	2001	0
FFQ	22	0	0	0	0	0	0	0	0	0	0	0	0	0	0	0	0	0	0	0	0	0	0	0	0	0	0	0	0	0	0	2001	0
FFQ	23	0	0	0	0	0	0	0	0	0	0	0	0	0	0	0	0	0	0	0	0	0	0	0	0	0	0	0	0	0	0	2001	0
FFQ	24	0	0	0	0	0	0	0	0	0	0	0	0	0	0	0	0	0	0	0	0	0	0	0	0	0	0	0	0	0	0	2001	0
FFQ	25	0	0	0	0	0	0	0	0	0	0	0	0	0	0	0	0	0	0	0	0	0	0	0	0	0	0	0	0	0	0	2001	0
FFQ	26	0	0	0	0	0	0	0	0	0	0	0	0	0	0	0	0	0	0	0	0	0	0	0	0	0	0	0	0	0	0	2001	0
FFQ	27	0	0	0	0	0	0	0	0	0	0	0	0	0	0	0	0	0	0	0	0	0	0	0	0	0	0	0	0	0	0	2001	0
FFQ	28	0	0	0	0	0	0	0	0	0	0	0	0	0	0	0	0	0	0	0	0	0	0	0	0	0	0	0	0	0	0	2001	0
FFQ	29	0	0	0	0	0	0	0	0	0	0	0	0	0	0	0	0	0	0	0	0	0	0	0	0	0	0	0	0	0	0	2001	0
FFQ	30	0	0	0	0	0	0	0	0	0	0	0	0	0	0	0	0	0	0	0	0	0	0	0	0	0	0	0	0	0	0	2001	0
FFQ	31	0	0	0	0	0	0	0	0	0	0	0	0	0	0	0	0	0	0	0	0	0	0	0	0	0	0	0	0	0	0	2001	0
FFQ	32	0	0	0	0	0	0	0	0	0	0	0	0	0	0	0	0	0	0	0	0	0	0	0	0	0	0	0	0	0	0	2001	0
FFQ	33	0	0	0	0	0	0	0	0	0	0	0	0	0	0	0	0	0	0	0	0	0	0	0	0	0	0	0	0	0	0	2001	0
FFQ	34	0	0	0	0	0	0	0	0	0	0	0	0	0	0	0	0	0	0	0	0	0	0	0	0	0	0	0	0	0	0	2001	0
FFQ	35	0	0	0	0	0	0	0	0	0	0	0	0	0	0	0	0	0	0	0	0	0	0	0	0	0	0	0	0	0	0	2001	0
FFQ	36	0	0	0	0	0	0	0	0	0	0	0	0	0	0	0	0	0	0	0	0	0	0	0	0	0	0	0	0	0	0	2001	0
FFQ	37	0	0	0	0	0	0	0	0	0	0	0	0	0	0	0	0	0	0	0	0	0	0	0	0	0	0	0	0	0	0	2001	0
FFQ	38	0	0	0	0	0	0	0	0	0	0	0	0	0	0	0	0	0	0	0	0	0	0	0	0	0	0	0	0	0	0	2001	0
FFQ	39	0	0	0	0	0	0	0	0	0	0	0	0	0	0	0	0	0	0	0	0	0	0	0	0	0	0	0	0	0	0	2001	0
FFQ	40	0	0	0	0	0	0	0	0	0	0	0	0	0	0	0	0	0	0	0	0	0	0	0	0	0	0	0	0	0	0	2001	0
FFQ	41	0	0	0	0	0	0	0	0	0	0	0	0	0	0	0	0	0	0	0	0	0	0	0	0	0	0	0	0	0	0	2001	0
FFQ	42	0	0	0	0	0	0	0	0	0	0	0	0	0	0	0	0	0	0	0	0	0	0	0	0	0	0	0	0	0	0	2001	0
FFQ	43	0	0	0	0	0	0	0	0	0	0	0	0	0	0	0	0	0	0	0	0	0	0	0	0	0	0	0	0	0	0	2001	0
FFQ	44	0	0	0	0	0	0	0	0	0	0	0	0	0	0	0	0	0	0	0	0	0	0	0	0	0	0	0	0	0	0	2001	0
FFQ	45	0	0	0	0	0	0	0	0	0	0	0	0	0	0	0	0	0	0	0	0	0	0	0	0	0	0	0	0	0	0	2001	0
FFQ	46	0	0	0	0	0	0	0	0	0	0	0	0	0	0	0	0	0	0	0	0	0	0	0	0	0	0	0	0	0	0	2001	0
FFQ	47	0	0	0	0	0	0	0	0	0	0	0	0	0	0	0	0	0	0	0	0	0	0	0	0	0	0	0	0	0	0	2001	0
FFQ	48	0	0	0	0	0	0	0	0	0	0	0	0	0	0	0	0	0	0	0	0	0	0	0	0	0	0	0	0	0	0	2001	0
FFQ	49	0	0	0	0	0	0	0	0	0	0	0	0	0	0	0	0	0	0	0	0	0	0	0	0	0	0	0	0	0	0	2001	0
FFQ	50	0	0	0	0	0	0	0	0	0	0	0	0	0	0	0	0	0	0	0	0	0	0	0	0	0	0	0	0	0	0	2001	0
FFQ	51	0	0	0	0	0	0	0	0	0	0	0	0	0	0	0	0	0	0	0	0	0	0	0	0	0	0	0	0	0	0	2001	0
FFQ	52	0	0	0	0	0	0	0	0	0	0	0	0	0	0	0	0	0	0	0	0	0	0	0	0	0	0	0	0	0	0	2001	0
FFQ	53	0	0	0	0	0	0	0	0	0	0	0	0	0	0	0	0	0	0	0	0	0	0	0	0	0	0	0	0	0	0	2001	0
FFQ	54	0	0	0	0	0	0	0	0	0	0	0	0	0	0	0	0	0	0	0	0	0	0	0	0	0	0	0	0	0	0	2001	0
FFQ	55	0	0	0	0	0	0	0	0	0	0	0	0	0	0	0	0	0	0	0	0	0	0	0	0	0	0	0	0	0	0	2001	0
FFQ	56	0	0	0	0	0	0	0	0	0	0	0	0	0	0	0	0	0	0	0	0	0	0	0	0	0	0	0	0	0	0	2001	0
FFQ	57	0	0	0	0	0	0	0	0	0	0	0	0	0	0	0	0	0	0	0	0	0	0	0	0	0	0	0	0	0	0	2001	0
FFQ	58	0	0	0	0	0	0	0	0	0	0	0	0	0	0	0	0	0	0	0	0	0	0	0	0	0	0	0	0	0	0	2001	0
FFQ	59	0	0	0	0	0	0	0	0	0	0	0	0	0	0	0	0	0	0	0	0	0	0	0	0	0	0	0	0	0	0	2001	0
FFQ	60	0	0	0	0	0	0	0	0	0	0	0	0	0	0	0	0	0	0	0	0	0	0	0	0	0	0	0	0	0	0	2001	0
FFQ	61	0	0	0	0	0	0	0	0	0	0	0	0	0	0	0	0	0	0	0	0	0	0	0	0	0	0	0	0	0	0	2001	0
FFQ	62	0	0	0	0	0	0	0	0	0	0	0	0	0	0	0	0	0	0	0	0	0	0	0	0	0	0	0	0	0	0	2001	0
FFQ	63	0	0	0	0	0	0	0	0	0	0	0	0	0	0	0	0	0	0	0	0	0	0	0	0	0	0	0	0	0	0	2001	0
FFQ	64	0	0	0	0	0	0	0	0	0	0	0	0	0	0	0	0	0	0	0	0	0	0	0	0	0	0	0	0	0	0	2001	0
FFQ	65	0	0	0	0	0	0	0	0	0	0	0	0	0	0	0	0	0	0	0	0	0	0	0	0	0	0	0	0	0	0	2001	0
FFQ	66	0	0	0	0	0	0	0	0	0	0	0	0	0	0	0	0	0	0	0	0	0	0	0	0	0	0	0	0	0	0	2001	0
FFQ	67	0	0	0	0	0	0	0	0	0	0	0	0	0	0	0	0	0	0	0	0	0	0	0	0	0	0	0	0	0	0	2001	0
FFQ	68	0	0	0	0	0	0	0	0	0	0	0	0	0	0	0	0	0	0	0	0	0	0	0	0	0	0	0	0	0	0	2001	0
FFQ	69	0	0	0	0	0	0	0	0	0	0	0	0	0	0	0	0	0	0	0	0	0	0	0	0	0	0	0	0	0	0	2001	0
FFQ	70	0	0	0	0	0	0	0	0	0	0	0	0	0	0	0	0	0	0	0	0	0	0	0	0	0	0	0	0	0	0	2001	0
FFQ	71	0	0	0	0	0	0	0	0	0	0	0	0	0	0	0	0	0	0	0	0	0	0	0	0	0	0	0	0	0	0	2001	0
FFQ	72	0	0	0	0	0	0	0	0	0	0	0	0	0	0	0	0	0	0	0	0	0	0	0	0	0	0	0	0	0	0	2001	0
FFQ	73	0	0	0	0	0	0	0	0	0	0	0	0	0	0	0	0	0	0	0	0	0	0	0	0	0	0	0	0	0	0	2001	0
FFQ	74	0	0	0	0	0	0	0	0	0	0	0	0	0	0	0	0	0	0	0	0	0	0	0	0	0	0	0	0	0	0	2001	0
FFQ	75	0	0	0	0	0	0	0	0	0	0	0	0	0	0	0	0	0	0	0	0	0	0	0	0	0	0	0	0	0	0	2001	0
FFQ	76	0	0	0	0	0	0	0	0	0	0	0	0	0	0	0	0	0	0	0	0	0	0	0	0	0	0	0	0	0	0	2001	0
FFQ	77	0	0	0	0	0	0	0	0	0	0	0	0	0	0	0	0	0	0	0	0	0	0	0	0	0	0	0	0	0	0	2001	0
FFQ	78	0	0	0	0	0	0	0	0	0	0	0	0	0	0	0	0	0	0	0	0	0	0	0	0	0	0	0	0	0	0	2001	0
FFQ	79	0	0	0	0	0	0	0	0	0	0	0	0	0	0	0	0	0	0	0	0	0	0	0	0	0	0	0	0	0	0	2001	0
FFQ	80	0	0	0	0	0	0	0	0	0	0	0	0	0	0	0	0	0	0	0	0	0	0	0	0	0	0	0	0	0	0	2001	0
FFQ	81	0	0	0	0	0	0	0	0	0	0	0	0	0	0	0	0	0	0	0	0	0	0	0	0	0	0	0	0	0	0	2001	0
FFQ	82	0	0	0	0	0	0	0	0	0	0	0	0	0	0	0	0	0	0	0	0	0	0	0	0	0	0	0	0	0	0	2001	0
FFQ	83	0	0	0	0	0	0	0	0	0	0	0	0	0	0	0	0	0	0	0	0	0	0	0	0	0	0	0	0	0	0	2001	0
FFQ	84	0	0	0	0	0	0	0	0	0	0	0	0	0	0	0	0	0	0	0	0	0	0	0	0	0	0	0	0	0	0	2001	0
FFQ	85	0	0	0	0	0	0	0	0	0	0	0	0	0	0	0	0	0	0	0	0	0	0	0	0	0	0	0	0	0	0	2001	0
FFQ	86	0	0	0	0	0	0	0	0	0	0	0	0	0	0	0	0	0	0	0	0	0	0	0	0	0	0	0	0	0	0	2001	0
FFQ	87	0	0	0	0	0	0	0	0	0	0	0	0	0	0	0	0	0	0	0	0	0	0	0	0	0	0	0	0	0	0	2001	0
FFQ	88	0	0	0	0	0	0	0	0	0	0	0	0	0	0	0	0	0	0	0	0	0	0	0	0	0	0	0	0	0	0	2001	0
FFQ	89	0	0	0	0	0	0	0	0	0	0	0	0	0	0	0	0	0	0	0	0	0	0	0	0	0	0	0	0	0	0	2001	0
FFQ	90	0	0	0	0	0	0	0	0	0	0	0	0	0	0	0	0	0	0	0	0	0	0	0	0	0	0	0	0	0	0	2001	0
FFQ	91	0	0	0	0	0	0	0	0	0	0	0	0	0	0	0	0	0	0	0	0	0	0	0	0	0	0	0	0	0	0	2001	0
FFQ	92	0	0	0	0	0	0	0	0	0	0	0	0	0	0	0	0	0	0	0	0	0	0	0	0	0	0	0	0	0	0	2001	0
FFQ	93	0	0	0	0	0	0	0	0	0	0	0	0	0	0	0	0	0	0	0	0	0	0	0	0	0	0	0	0	0	0	2001	0
FFQ	94	0	0	0	0	0	0	0	0	0	0	0	0	0	0	0	0	0	0	0	0	0	0	0	0	0	0	0	0	0	0	2001	0
FFQ	95	0	0	0	0	0	0	0	0	0	0	0	0	0	0	0	0	0	0	0	0	0	0	0	0	0	0	0	0	0	0	2001	0
FFQ	96	0	0	0	0	0	0	0	0	0	0	0	0	0	0	0	0	0	0	0	0	0	0	0	0	0	0	0	0	0	0	2001	0
FFQ	97	0	0	0	0	0	0	0	0	0	0	0	0	0	0	0	0	0	0	0	0	0	0	0	0	0	0	0	0	0	0	2001	0
FFQ	98	0	0	0	0	0	0	0	0	0	0	0	0	0	0	0	0	0	0	0	0	0	0	0	0	0	0	0	0	0	0	2001	0
FFQ	99	0	0	0	0	0	0	0	0	0	0	0	0	0	0	0	0	0	0	0	0	0	0	0	0	0	0	0	0	0	0	2001	0
FFQ	100	0	0	0	0	0	0	0	0	0	0	0	0	0	0	0	0	0	0	0	0	0	0	0	0	0	0	0	0	0	0	2001	0
FFQ	101	0	0	0	0	0	0	0	0	0	0	0	0	0	0	0	0	0	0	0	0	0	0	0	0	0	0	0	0	0	0	2001	0
FFQ	102	0	0	0	0	0	0	0	0	0	0	0	0	0	0	0	0	0	0	0	0	0	0	0	0	0	0	0	0	0	0	2001	0
FFQ	103	0	0	0	0	0	0	0	0	0	0	0	0	0	0	0	0	0	0	0	0	0	0	0	0	0	0	0	0	0	0	2001	0
FFQ	104	0	0	0	0	0	0	0	0	0	0	0	0	0	0	0	0	0	0	0	0	0	0	0	0	0	0	0	0	0	0	2001	0
FFQ	105	0	0	0	0	0	0	0	0	0	0	0	0	0	0	0	0	0	0	0	0	0	0	0	0	0	0	0	0	0	0	2001	0
FFQ	106	0	0	0	0	0	0	0	0	0	0	0	0	0	0	0	0	0	0	0	0	0	0	0	0	0	0	0	0	0	0	2001	0
FFQ	107	0	0	0	0	0	0	0	0	0	0	0	0	0	0	0	0	0	0	0	0	0	0	0	0	0	0	0	0	0	0	2001	0
FFQ	108	0	0	0	0	0	0	0	0	0	0	0	0	0	0	0	0	0	0	0	0	0	0	0	0	0	0	0	0	0	0	2001	0
FFQ	109	0	0	0	0	0	0	0	0	0	0	0	0	0	0	0	0	0	0	0	0	0	0	0	0	0	0	0	0	0	0	2001	0
FFQ	110	0	0	0	0	0	0	0	0	0	0	0	0	0	0	0	0	0	0	0	0	0	0	0	0	0	0	0	0	0	0	2001	0
FFQ	111	0	0	0	0	0	0	0	0	0	0	0	0	0	0	0	0	0	0	0	0	0	0	0	0	0	0	0	0	0	0	2001	0
FFQ	112	0	0	0	0	0	0	0	0	0	0	0	0	0	0	0	0	0	0	0	0	0	0	0	0	0	0	0	0	0	0	2001	0
FFQ	113	0	0	0	0	0	0	0	0	0	0	0	0	0	0	0	0	0	0	0	0	0	0	0	0	0	0	0	0	0	0	2001	0
FFQ	114	0	0	0	0	0	0	0	0	0	0	0	0	0	0	0	0	0	0	0	0	0	0	0	0	0	0	0	0	0	0	2001	0
FFQ	115	0	0	0	0	0	0	0	0	0	0	0	0	0	0	0	0	0	0	0	0	0	0	0	0	0	0	0	0	0	0	2001	0
FFQ	116	0	0	0	0	0	0	0	0	0	0	0	0	0	0	0	0	0	0	0	0	0	0	0	0	0	0	0	0	0	0	2001	0
FFQ	117	0	0	0	0	0	0	0	0	0	0	0	0	0	0	0	0	0	0	0	0	0	0	0	0	0	0	0	0	0	0	2001	0
FFQ	118	0	0	0	0	0	0	0	0	0	0	0	0	0	0	0	0	0	0	0	0	0	0	0	0	0	0	0	0	0	0	2001	0
FFQ	119	0	0	0	0	0	0	0	0	0	0	0	0	0	0	0	0	0	0	0	0	0	0	0	0	0	0	0	0	0	0	2001	0
FFQ	120	0	0	0	0	0	0	0	0	0	0	0	0	0	0	0	0	0	0	0	0	0	0	0	0	0	0	0	0	0	0	2001	0
FFQ	121	0	0	0	0	0	0	0	0	0	0	0	0	0	0	0	0	0	0	0	0	0	0	0	0	0	0	0	0	0	0	2001	0
FFQ	122	0	0	0	0	0	0	0	0	0	0	0	0	0	0	0	0	0	0	0	0	0	0	0	0	0	0	0	0	0	0	2001	0
FFQ	123	0	0	0	0	0	0	0	0	0	0	0	0	0	0	0	0	0	0	0	0	0	0	0	0	0	0	0	0	0	0	2001	0
FFQ	124	0	0	0	0	0	0	0	0	0	0	0	0	0	0	0	0	0	0	0	0	0	0	0	0	0	0	0	0	0	0	2001	0
FFQ	125	0	0	0	0	0	0	0	0	0	0	0	0	0	0	0	0	0	0	0	0	0	0	0	0	0	0	0	0	0	0	2001	0
FFQ	126	0	0	0	0	0	0	0	0	0	0	0	0	0	0	0	0	0	0	0	0	0	0	0	0	0	0	0	0	0	0	2001	0
FFQ	127	0	0	0	0	0	0	0	0	0	0	0	0	0	0	0	0	0	0	0	0	0	0	0	0	0	0	0	0	0	0	2001	0
FFQ	128	0	0	0	0	0	0	0	0	0	0	0	0	0	0	0	0	0	0	0	0	0	0	0	0	0	0	0	0	0	0	2001	0
FFQ	129	0	0	0	0	0	0	0	0	0	0	0	0	0	0	0	0	0	0	0	0	0	0	0	0	0	0	0	0	0	0	2001	0
FFQ	130	0	0	0	0	0	0	0	0	0	0	0	0	0	0	0	0	0	0	0	0	0	0	0	0	0	0	0	0	0	0	2001	0
FFQ	131	0	0	0	0	0	0	0	0	0	0	0	0	0	0	0	0	0	0	0	0	0	0	0	0	0	0	0	0	0	0	2001	0
FFQ	132	0	0	0	0	0	0	0	0	0	0	0	0	0	0	0	0	0	0	0	0	0	0	0	0	0	0	0	0	0	0	2001	0
FFQ	133	0	0	0	0	0	0	0	0	0	0	0	0	0	0	0	0	0	0	0	0	0	0	0	0	0	0	0	0	0	0	2001	0
FFQ	134	0	0	0	0	0	0	0	0	0	0	0	0	0	0	0	0	0	0	0	0	0	0	0	0	0	0	0	0	0	0	2001	0
FFQ	135	0	0	0	0	0	0	0	0	0	0	0	0	0	0	0	0	0	0	0	0	0	0	0	0	0	0	0	0	0	0	2001	0
FFQ	136	0	0	0	0	0	0	0	0	0	0	0	0	0	0	0	0	0	0	0	0	0	0	0	0	0	0	0	0	0	0	2001	0
FFQ	137	0	0	0	0	0	0	0	0	0	0	0	0	0	0	0	0	0	0	0	0	0	0	0	0	0	0	0	0	0	0	2001	0
FFQ	138	0	0	0	0	0	0	0	0	0	0	0	0	0	0	0	0	0	0	0	0	0	0	0	0	0	0	0	0	0	0	2001	0
FFQ	139	0	0	0	0	0	0	0	0	0	0	0	0	0	0	0	0	0	0	0	0	0	0	0	0	0	0	0	0	0	0	2001	0
FFQ	140	0	0	0	0	0	0	0	0	0	0	0	0	0	0	0	0	0	0	0	0	0	0	0	0	0	0	0	0	0	0	2001	0
FFQ	141	0	0	0	0	0	0	0	0	0	0	0	0	0	0	0	0	0	0	0	0	0	0	0	0	0	0	0	0	0	0	2001	0
FFQ	142	0	0	0	0	0	0	0	0	0	0	0	0	0	0	0	0	0	0	0	0	0	0	0	0	0	0	0	0	0	0	2001	0
FFQ	143	0	0	0	0	0	0	0	0	0	0	0	0	0	0	0	0	0	0	0	0	0	0	0	0	0	0	0	0	0	0	2001	0
FFQ	144	0	0	0	0	0	0	0	0	0	0	0	0	0	0	0	0	0	0	0	0	0	0	0	0	0	0	0	0	0	0	2001	0
FFQ	145	0	0	0	0	0	0	0	0	0	0	0	0	0	0	0	0	0	0	0	0	0	0	0	0	0	0	0	0	0	0	2001	0
FFQ	146	0	0	0	0	0	0	0	0	0	0	0	0	0	0	0	0	0	0	0	0	0	0	0	0	0	0	0	0	0	0	2001	0
FFQ	147	0	0	0	0	0	0	0	0	0	0	0	0	0	0	0	0	0	0	0	0	0	0	0	0	0	0	0	0	0	0	2001	0
FFQ	148	0	0	0	0	0	0	0	0	0	0	0	0	0	0	0	0	0	0	0	0	0	0	0	0	0	0	0	0	0	0	2001	0
FFQ	149	0	0	0	0	0	0	0	0	0	0	0	0	0	0	0	0	0	0	0	0	0	0	0	0	0	0	0	0	0	0	2001	0
FFQ	150	0	0	0	0	0	0	0	0	0	0	0	0	0	0	0	0	0	0	0	0	0	0	0	0	0	0	0	0	0	0	2001	0
# Last Fragment Qualities. Use `grep ^LFQ | cut -f 2-` to extract this part.
# Columns correspond to qualities and rows to cycles. First column is the cycle number.
LFQ	1	0	0	0	0	0	0	0	0	0	0	0	0	0	0	0	0	0	0	0	0	0	0	0	0	0	0	0	0	0	0	2001	0
LFQ	2	0	0	0	0	0	0	0	0	0	0	0	0	0	0	0	0	0	0	0	0	0	0	0	0	0	0	0	0	0	0	2001	0
LFQ	3	0	0	0	0	0	0	0	0	0	0	0	0	0	0	0	0	0	0	0	0	0	0	0	0	0	0	0	0	0	0	2001	0
LFQ	4	0	0	0	0	0	0	0	0	0	0	0	0	0	0	0	0	0	0	0	0	0	0	0	0	0	0	0	0	0	0	2001	0
LFQ	5	0	0	0	0	0	0	0	0	0	0	0	0	0	0	0	0	0	0	0	0	0	0	0	0	0	0	0	0	0	0	2001	0
LFQ	6	0	0	0	0	0	0	0	0	0	0	0	0	0	0	0	0	0	0	0	0	0	0	0	0	0	0	0	0	0	0	2001	0
LFQ	7	0	0	0	0	0	0	0	0	0	0	0	0	0	0	0	0	0	0	0	0	0	0	0	0	0	0	0	0	0	0	2001	0
LFQ	8	0	0	0	0	0	0	0	0	0	0	0	0	0	0	0	0	0	0	0	0	0	0	0	0	0	0	0	0	0	0	2001	0
LFQ	9	0	0	0	0	0	0	0	0	0	0	0	0	0	0	0	0	0	0	0	0	0	0	0	0	0	0	0	0	0	0	2001	0
LFQ	10	0	0	0	0	0	0	0	0	0	0	0	0	0	0	0	0	0	0	0	0	0	0	0	0	0	0	0	0	0	0	2001	0
LFQ	11	0	0	0	0	0	0	0	0	0	0	0	0	0	0	0	0	0	0	0	0	0	0	0	0	0	0	0	0	0	0	2001	0
LFQ	12	0	0	0	0	0	0	0	0	0	0	0	0	0	0	0	0	0	0	0	0	0	0	0	0	0	0	0	0	0	0	2001	0
LFQ	13	0	0	0	0	0	0	0	0	0	0	0	0	0	0	0	0	0	0	0	0	0	0	0	0	0	0	0	0	0	0	2001	0
LFQ	14	0	0	0	0	0	0	0	0	0	0	0	0	0	0	0	0	0	0	0	0	0	0	0	0	0	0	0	0	0	0	2001	0
LFQ	15	0	0	0	0	0	0	0	0	0	0	0	0	0	0	0	0	0	0	0	0	0	0	0	0	0	0	0	0	0	0	2001	0
LFQ	16	0	0	0	0	0	0	0	0	0	0	0	0	0	0	0	0	0	0	0	0	0	0	0	0	0	0	0	0	0	0	2001	0
LFQ	17	0	0	0	0	0	0	0	0	0	0	0	0	0	0	0	0	0	0	0	0	0	0	0	0	0	0	0	0	0	0	2001	0
LFQ	18	0	0	0	0	0	0	0	0	0	0	0	0	0	0	0	0	0	0	0	0	0	0	0	0	0	0	0	0	0	0	2001	0
LFQ	19	0	0	0	0	0	0	0	0	0	0	0	0	0	0	0	0	0	0	0	0	0	0	0	0	0	0	0	0	0	0	2001	0
LFQ	20	0	0	0	0	0	0	0	0	0	0	0	0	0	0	0	0	0	0	0	0	0	0	0	0	0	0	0	0	0	0	2001	0
LFQ	21	0	0	0	0	0	0	0	0	0	0	0	0	0	0	0	0	0	0	0	0	0	0	0	0	0	0	0	0	0	0	2001	0
LFQ	22	0	0	0	0	0	0	0	0	0	0	0	0	0	0	0	0	0	0	0	0	0	0	0	0	0	0	0	0	0	0	2001	0
LFQ	23	0	0	0	0	0	0	0	0	0	0	0	0	0	0	0	0	0	0	0	0	0	0	0	0	0	0	0	0	0	0	2001	0
LFQ	24	0	0	0	0	0	0	0	0	0	0	0	0	0	0	0	0	0	0	0	0	0	0	0	0	0	0	0	0	0	0	2001	0
LFQ	25	0	0	0	0	0	0	0	0	0	0	0	0	0	0	0	0	0	0	0	0	0	0	0	0	0	0	0	0	0	0	2001	0
LFQ	26	0	0	0	0	0	0	0	0	0	0	0	0	0	0	0	0	0	0	0	0	0	0	0	0	0	0	0	0	0	0	2001	0
LFQ	27	0	0	0	0	0	0	0	0	0	0	0	0	0	0	0	0	0	0	0	0	0	0	0	0	0	0	0	0	0	0	2001	0
LFQ	28	0	0	0	0	0	0	0	0	0	0	0	0	0	0	0	0	0	0	0	0	0	0	0	0	0	0	0	0	0	0	2001	0
LFQ	29	0	0	0	0	0	0	0	0	0	0	0	0	0	0	0	0	0	0	0	0	0	0	0	0	0	0	0	0	0	0	2001	0
LFQ	30	0	0	0	0	0	0	0	0	0	0	0	0	0	0	0	0	0	0	0	0	0	0	0	0	0	0	0	0	0	0	2001	0
LFQ	31	0	0	0	0	0	0	0	0	0	0	0	0	0	0	0	0	0	0	0	0	0	0	0	0	0	0	0	0	0	0	2001	0
LFQ	32	0	0	0	0	0	0	0	0	0	0	0	0	0	0	0	0	0	0	0	0	0	0	0	0	0	0	0	0	0	0	2001	0
LFQ	33	0	0	0	0	0	0	0	0	0	0	0	0	0	0	0	0	0	0	0	0	0	0	0	0	0	0	0	0	0	0	2001	0
LFQ	34	0	0	0	0	0	0	0	0	0	0	0	0	0	0	0	0	0	0	0	0	0	0	0	0	0	0	0	0	0	0	2001	0
LFQ	35	0	0	0	0	0	0	0	0	0	0	0	0	0	0	0	0	0	0	0	0	0	0	0	0	0	0	0	0	0	0	2001	0
LFQ	36	0	0	0	0	0	0	0	0	0	0	0	0	0	0	0	0	0	0	0	0	0	0	0	0	0	0	0	0	0	0	2001	0
LFQ	37	0	0	0	0	0	0	0	0	0	0	0	0	0	0	0	0	0	0	0	0	0	0	0	0	0	0	0	0	0	0	2001	0
LFQ	38	0	0	0	0	0	0	0	0	0	0	0	0	0	0	0	0	0	0	0	0	0	0	0	0	0	0	0	0	0	0	2001	0
LFQ	39	0	0	0	0	0	0	0	0	0	0	0	0	0	0	0	0	0	0	0	0	0	0	0	0	0	0	0	0	0	0	2001	0
LFQ	40	0	0	0	0	0	0	0	0	0	0	0	0	0	0	0	0	0	0	0	0	0	0	0	0	0	0	0	0	0	0	2001	0
LFQ	41	0	0	0	0	0	0	0	0	0	0	0	0	0	0	0	0	0	0	0	0	0	0	0	0	0	0	0	0	0	0	2001	0
LFQ	42	0	0	0	0	0	0	0	0	0	0	0	0	0	0	0	0	0	0	0	0	0	0	0	0	0	0	0	0	0	0	2001	0
LFQ	43	0	0	0	0	0	0	0	0	0	0	0	0	0	0	0	0	0	0	0	0	0	0	0	0	0	0	0	0	0	0	2001	0
LFQ	44	0	0	0	0	0	0	0	0	0	0	0	0	0	0	0	0	0	0	0	0	0	0	0	0	0	0	0	0	0	0	2001	0
LFQ	45	0	0	0	0	0	0	0	0	0	0	0	0	0	0	0	0	0	0	0	0	0	0	0	0	0	0	0	0	0	0	2001	0
LFQ	46	0	0	0	0	0	0	0	0	0	0	0	0	0	0	0	0	0	0	0	0	0	0	0	0	0	0	0	0	0	0	2001	0
LFQ	47	0	0	0	0	0	0	0	0	0	0	0	0	0	0	0	0	0	0	0	0	0	0	0	0	0	0	0	0	0	0	2001	0
LFQ	48	0	0	0	0	0	0	0	0	0	0	0	0	0	0	0	0	0	0	0	0	0	0	0	0	0	0	0	0	0	0	2001	0
LFQ	49	0	0	0	0	0	0	0	0	0	0	0	0	0	0	0	0	0	0	0	0	0	0	0	0	0	0	0	0	0	0	2001	0
LFQ	50	0	0	0	0	0	0	0	0	0	0	0	0	0	0	0	0	0	0	0	0	0	0	0	0	0	0	0	0	0	0	2001	0
LFQ	51	0	0	0	0	0	0	0	0	0	0	0	0	0	0	0	0	0	0	0	0	0	0	0	0	0	0	0	0	0	0	2001	0
LFQ	52	0	0	0	0	0	0	0	0	0	0	0	0	0	0	0	0	0	0	0	0	0	0	0	0	0	0	0	0	0	0	2001	0
LFQ	53	0	0	0	0	0	0	0	0	0	0	0	0	0	0	0	0	0	0	0	0	0	0	0	0	0	0	0	0	0	0	2001	0
LFQ	54	0	0	0	0	0	0	0	0	0	0	0	0	0	0	0	0	0	0	0	0	0	0	0	0	0	0	0	0	0	0	2001	0
LFQ	55	0	0	0	0	0	0	0	0	0	0	0	0	0	0	0	0	0	0	0	0	0	0	0	0	0	0	0	0	0	0	2001	0
LFQ	56	0	0	0	0	0	0	0	0	0	0	0	0	0	0	0	0	0	0	0	0	0	0	0	0	0	0	0	0	0	0	2001	0
LFQ	57	0	0	0	0	0	0	0	0	0	0	0	0	0	0	0	0	0	0	0	0	0	0	0	0	0	0	0	0	0	0	2001	0
LFQ	58	0	0	0	0	0	0	0	0	0	0	0	0	0	0	0	0	0	0	0	0	0	0	0	0	0	0	0	0	0	0	2001	0
LFQ	59	0	0	0	0	0	0	0	0	0	0	0	0	0	0	0	0	0	0	0	0	0	0	0	0	0	0	0	0	0	0	2001	0
LFQ	60	0	0	0	0	0	0	0	0	0	0	0	0	0	0	0	0	0	0	0	0	0	0	0	0	0	0	0	0	0	0	2001	0
LFQ	61	0	0	0	0	0	0	0	0	0	0	0	0	0	0	0	0	0	0	0	0	0	0	0	0	0	0	0	0	0	0	2001	0
LFQ	62	0	0	0	0	0	0	0	0	0	0	0	0	0	0	0	0	0	0	0	0	0	0	0	0	0	0	0	0	0	0	2001	0
LFQ	63	0	0	0	0	0	0	0	0	0	0	0	0	0	0	0	0	0	0	0	0	0	0	0	0	0	0	0	0	0	0	2001	0
LFQ	64	0	0	0	0	0	0	0	0	0	0	0	0	0	0	0	0	0	0	0	0	0	0	0	0	0	0	0	0	0	0	2001	0
LFQ	65	0	0	0	0	0	0	0	0	0	0	0	0	0	0	0	0	0	0	0	0	0	0	0	0	0	0	0	0	0	0	2001	0
LFQ	66	0	0	0	0	0	0	0	0	0	0	0	0	0	0	0	0	0	0	0	0	0	0	0	0	0	0	0	0	0	0	2001	0
LFQ	67	0	0	0	0	0	0	0	0	0	0	0	0	0	0	0	0	0	0	0	0	0	0	0	0	0	0	0	0	0	0	2001	0
LFQ	68	0	0	0	0	0	0	0	0	0	0	0	0	0	0	0	0	0	0	0	0	0	0	0	0	0	0	0	0	0	0	2001	0
LFQ	69	0	0	0	0	0	0	0	0	0	0	0	0	0	0	0	0	0	0	0	0	0	0	0	0	0	0	0	0	0	0	2001	0
LFQ	70	0	0	0	0	0	0	0	0	0	0	0	0	0	0	0	0	0	0	0	0	0	0	0	0	0	0	0	0	0	0	2001	0
LFQ	71	0	0	0	0	0	0	0	0	0	0	0	0	0	0	0	0	0	0	0	0	0	0	0	0	0	0	0	0	0	0	2001	0
LFQ	72	0	0	0	0	0	0	0	0	0	0	0	0	0	0	0	0	0	0	0	0	0	0	0	0	0	0	0	0	0	0	2001	0
LFQ	73	0	0	0	0	0	0	0	0	0	0	0	0	0	0	0	0	0	0	0	0	0	0	0	0	0	0	0	0	0	0	2001	0
LFQ	74	0	0	0	0	0	0	0	0	0	0	0	0	0	0	0	0	0	0	0	0	0	0	0	0	0	0	0	0	0	0	2001	0
LFQ	75	0	0	0	0	0	0	0	0	0	0	0	0	0	0	0	0	0	0	0	0	0	0	0	0	0	0	0	0	0	0	2001	0
LFQ	76	0	0	0	0	0	0	0	0	0	0	0	0	0	0	0	0	0	0	0	0	0	0	0	0	0	0	0	0	0	0	2001	0
LFQ	77	0	0	0	0	0	0	0	0	0	0	0	0	0	0	0	0	0	0	0	0	0	0	0	0	0	0	0	0	0	0	2001	0
LFQ	78	0	0	0	0	0	0	0	0	0	0	0	0	0	0	0	0	0	0	0	0	0	0	0	0	0	0	0	0	0	0	2001	0
LFQ	79	0	0	0	0	0	0	0	0	0	0	0	0	0	0	0	0	0	0	0	0	0	0	0	0	0	0	0	0	0	0	2001	0
LFQ	80	0	0	0	0	0	0	0	0	0	0	0	0	0	0	0	0	0	0	0	0	0	0	0	0	0	0	0	0	0	0	2001	0
LFQ	81	0	0	0	0	0	0	0	0	0	0	0	0	0	0	0	0	0	0	0	0	0	0	0	0	0	0	0	0	0	0	2001	0
LFQ	82	0	0	0	0	0	0	0	0	0	0	0	0	0	0	0	0	0	0	0	0	0	0	0	0	0	0	0	0	0	0	2001	0
LFQ	83	0	0	0	0	0	0	0	0	0	0	0	0	0	0	0	0	0	0	0	0	0	0	0	0	0	0	0	0	0	0	2001	0
LFQ	84	0	0	0	0	0	0	0	0	0	0	0	0	0	0	0	0	0	0	0	0	0	0	0	0	0	0	0	0	0	0	2001	0
LFQ	85	0	0	0	0	0	0	0	0	0	0	0	0	0	0	0	0	0	0	0	0	0	0	0	0	0	0	0	0	0	0	2001	0
LFQ	86	0	0	0	0	0	0	0	0	0	0	0	0	0	0	0	0	0	0	0	0	0	0	0	0	0	0	0	0	0	0	2001	0
LFQ	87	0	0	0	0	0	0	0	0	0	0	0	0	0	0	0	0	0	0	0	0	0	0	0	0	0	0	0	0	0	0	2001	0
LFQ	88	0	0	0	0	0	0	0	0	0	0	0	0	0	0	0	0	0	0	0	0	0	0	0	0	0	0	0	0	0	0	2001	0
LFQ	89	0	0	0	0	0	0	0	0	0	0	0	0	0	0	0	0	0	0	0	0	0	0	0	0	0	0	0	0	0	0	2001	0
LFQ	90	0	0	0	0	0	0	0	0	0	0	0	0	0	0	0	0	0	0	0	0	0	0	0	0	0	0	0	0	0	0	2001	0
LFQ	91	0	0	0	0	0	0	0	0	0	0	0	0	0	0	0	0	0	0	0	0	0	0	0	0	0	0	0	0	0	0	2001	0
LFQ	92	0	0	0	0	0	0	0	0	0	0	0	0	0	0	0	0	0	0	0	0	0	0	0	0	0	0	0	0	0	0	2001	0
LFQ	93	0	0	0	0	0	0	0	0	0	0	0	0	0	0	0	0	0	0	0	0	0	0	0	0	0	0	0	0	0	0	2001	0
LFQ	94	0	0	0	0	0	0	0	0	0	0	0	0	0	0	0	0	0	0	0	0	0	0	0	0	0	0	0	0	0	0	2001	0
LFQ	95	0	0	0	0	0	0	0	0	0	0	0	0	0	0	0	0	0	0	0	0	0	0	0	0	0	0	0	0	0	0	2001	0
LFQ	96	0	0	0	0	0	0	0	0	0	0	0	0	0	0	0	0	0	0	0	0	0	0	0	0	0	0	0	0	0	0	2001	0
LFQ	97	0	0	0	0	0	0	0	0	0	0	0	0	0	0	0	0	0	0	0	0	0	0	0	0	0	0	0	0	0	0	2001	0
LFQ	98	0	0	0	0	0	0	0	0	0	0	0	0	0	0	0	0	0	0	0	0	0	0	0	0	0	0	0	0	0	0	2001	0
LFQ	99	0	0	0	0	0	0	0	0	0	0	0	0	0	0	0	0	0	0	0	0	0	0	0	0	0	0	0	0	0	0	2001	0
LFQ	100	0	0	0	0	0	0	0	0	0	0	0	0	0	0	0	0	0	0	0	0	0	0	0	0	0	0	0	0	0	0	2001	0
LFQ	101	0	0	0	0	0	0	0	0	0	0	0	0	0	0	0	0	0	0	0	0	0	0	0	0	0	0	0	0	0	0	2001	0
LFQ	102	0	0	0	0	0	0	0	0	0	0	0	0	0	0	0	0	0	0	0	0	0	0	0	0	0	0	0	0	0	0	2001	0
LFQ	103	0	0	0	0	0	0	0	0	0	0	0	0	0	0	0	0	0	0	0	0	0	0	0	0	0	0	0	0	0	0	2001	0
LFQ	104	0	0	0	0	0	0	0	0	0	0	0	0	0	0	0	0	0	0	0	0	0	0	0	0	0	0	0	0	0	0	2001	0
LFQ	105	0	0	0	0	0	0	0	0	0	0	0	0	0	0	0	0	0	0	0	0	0	0	0	0	0	0	0	0	0	0	2001	0
LFQ	106	0	0	0	0	0	0	0	0	0	0	0	0	0	0	0	0	0	0	0	0	0	0	0	0	0	0	0	0	0	0	2001	0
LFQ	107	0	0	0	0	0	0	0	0	0	0	0	0	0	0	0	0	0	0	0	0	0	0	0	0	0	0	0	0	0	0	2001	0
LFQ	108	0	0	0	0	0	0	0	0	0	0	0	0	0	0	0	0	0	0	0	0	0	0	0	0	0	0	0	0	0	0	2001	0
LFQ	109	0	0	0	0	0	0	0	0	0	0	0	0	0	0	0	0	0	0	0	0	0	0	0	0	0	0	0	0	0	0	2001	0
LFQ	110	0	0	0	0	0	0	0	0	0	0	0	0	0	0	0	0	0	0	0	0	0	0	0	0	0	0	0	0	0	0	2001	0
LFQ	111	0	0	0	0	0	0	0	0	0	0	0	0	0	0	0	0	0	0	0	0	0	0	0	0	0	0	0	0	0	0	2001	0
LFQ	112	0	0	0	0	0	0	0	0	0	0	0	0	0	0	0	0	0	0	0	0	0	0	0	0	0	0	0	0	0	0	2001	0
LFQ	113	0	0	0	0	0	0	0	0	0	0	0	0	0	0	0	0	0	0	0	0	0	0	0	0	0	0	0	0	0	0	2001	0
LFQ	114	0	0	0	0	0	0	0	0	0	0	0	0	0	0	0	0	0	0	0	0	0	0	0	0	0	0	0	0	0	0	2001	0
LFQ	115	0	0	0	0	0	0	0	0	0	0	0	0	0	0	0	0	0	0	0	0	0	0	0	0	0	0	0	0	0	0	2001	0
LFQ	116	0	0	0	0	0	0	0	0	0	0	0	0	0	0	0	0	0	0	0	0	0	0	0	0	0	0	0	0	0	0	2001	0
LFQ	117	0	0	0	0	0	0	0	0	0	0	0	0	0	0	0	0	0	0	0	0	0	0	0	0	0	0	0	0	0	0	2001	0
LFQ	118	0	0	0	0	0	0	0	0	0	0	0	0	0	0	0	0	0	0	0	0	0	0	0	0	0	0	0	0	0	0	2001	0
LFQ	119	0	0	0	0	0	0	0	0	0	0	0	0	0	0	0	0	0	0	0	0	0	0	0	0	0	0	0	0	0	0	2001	0
LFQ	120	0	0	0	0	0	0	0	0	0	0	0	0	0	0	0	0	0	0	0	0	0	0	0	0	0	0	0	0	0	0	2001	0
LFQ	121	0	0	0	0	0	0	0	0	0	0	0	0	0	0	0	0	0	0	0	0	0	0	0	0	0	0	0	0	0	0	2001	0
LFQ	122	0	0	0	0	0	0	0	0	0	0	0	0	0	0	0	0	0	0	0	0	0	0	0	0	0	0	0	0	0	0	2001	0
LFQ	123	0	0	0	0	0	0	0	0	0	0	0	0	0	0	0	0	0	0	0	0	0	0	0	0	0	0	0	0	0	0	2001	0
LFQ	124	0	0	0	0	0	0	0	0	0	0	0	0	0	0	0	0	0	0	0	0	0	0	0	0	0	0	0	0	0	0	2001	0
LFQ	125	0	0	0	0	0	0	0	0	0	0	0	0	0	0	0	0	0	0	0	0	0	0	0	0	0	0	0	0	0	0	2001	0
LFQ	126	0	0	0	0	0	0	0	0	0	0	0	0	0	0	0	0	0	0	0	0	0	0	0	0	0	0	0	0	0	0	2001	0
LFQ	127	0	0	0	0	0	0	0	0	0	0	0	0	0	0	0	0	0	0	0	0	0	0	0	0	0	0	0	0	0	0	2001	0
LFQ	128	0	0	0	0	0	0	0	0	0	0	0	0	0	0	0	0	0	0	0	0	0	0	0	0	0	0	0	0	0	0	2001	0
LFQ	129	0	0	0	0	0	0	0	0	0	0	0	0	0	0	0	0	0	0	0	0	0	0	0	0	0	0	0	0	0	0	2001	0
LFQ	130	0	0	0	0	0	0	0	0	0	0	0	0	0	0	0	0	0	0	0	0	0	0	0	0	0	0	0	0	0	0	2001	0
LFQ	131	0	0	0	0	0	0	0	0	0	0	0	0	0	0	0	0	0	0	0	0	0	0	0	0	0	0	0	0	0	0	2001	0
LFQ	132	0	0	0	0	0	0	0	0	0	0	0	0	0	0	0	0	0	0	0	0	0	0	0	0	0	0	0	0	0	0	2001	0
LFQ	133	0	0	0	0	0	0	0	0	0	0	0	0	0	0	0	0	0	0	0	0	0	0	0	0	0	0	0	0	0	0	2001	0
LFQ	134	0	0	0	0	0	0	0	0	0	0	0	0	0	0	0	0	0	0	0	0	0	0	0	0	0	0	0	0	0	0	2001	0
LFQ	135	0	0	0	0	0	0	0	0	0	0	0	0	0	0	0	0	0	0	0	0	0	0	0	0	0	0	0	0	0	0	2001	0
LFQ	136	0	0	0	0	0	0	0	0	0	0	0	0	0	0	0	0	0	0	0	0	0	0	0	0	0	0	0	0	0	0	2001	0
LFQ	137	0	0	0	0	0	0	0	0	0	0	0	0	0	0	0	0	0	0	0	0	0	0	0	0	0	0	0	0	0	0	2001	0
LFQ	138	0	0	0	0	0	0	0	0	0	0	0	0	0	0	0	0	0	0	0	0	0	0	0	0	0	0	0	0	0	0	2001	0
LFQ	139	0	0	0	0	0	0	0	0	0	0	0	0	0	0	0	0	0	0	0	0	0	0	0	0	0	0	0	0	0	0	2001	0
LFQ	140	0	0	0	0	0	0	0	0	0	0	0	0	0	0	0	0	0	0	0	0	0	0	0	0	0	0	0	0	0	0	2001	0
LFQ	141	0	0	0	0	0	0	0	0	0	0	0	0	0	0	0	0	0	0	0	0	0	0	0	0	0	0	0	0	0	0	2001	0
LFQ	142	0	0	0	0	0	0	0	0	0	0	0	0	0	0	0	0	0	0	0	0	0	0	0	0	0	0	0	0	0	0	2001	0
LFQ	143	0	0	0	0	0	0	0	0	0	0	0	0	0	0	0	0	0	0	0	0	0	0	0	0	0	0	0	0	0	0	2001	0
LFQ	144	0	0	0	0	0	0	0	0	0	0	0	0	0	0	0	0	0	0	0	0	0	0	0	0	0	0	0	0	0	0	2001	0
LFQ	145	0	0	0	0	0	0	0	0	0	0	0	0	0	0	0	0	0	0	0	0	0	0	0	0	0	0	0	0	0	0	2001	0
LFQ	146	0	0	0	0	0	0	0	0	0	0	0	0	0	0	0	0	0	0	0	0	0	0	0	0	0	0	0	0	0	0	2001	0
LFQ	147	0	0	0	0	0	0	0	0	0	0	0	0	0	0	0	0	0	0	0	0	0	0	0	0	0	0	0	0	0	0	2001	0
LFQ	148	0	0	0	0	0	0	0	0	0	0	0	0	0	0	0	0	0	0	0	0	0	0	0	0	0	0	0	0	0	0	2001	0
LFQ	149	0	0	0	0	0	0	0	0	0	0	0	0	0	0	0	0	0	0	0	0	0	0	0	0	0	0	0	0	0	0	2001	0
LFQ	150	0	0	0	0	0	0	0	0	0	0	0	0	0	0	0	0	0	0	0	0	0	0	0	0	0	0	0	0	0	0	2000	0
# GC Content of first fragments. Use `grep ^GCF | cut -f 2-` to extract this part.
GCF	3.52	0
GCF	7.79	1
GCF	8.79	0
GCF	9.30	1
GCF	10.05	0
GCF	10.80	1
GCF	13.07	0
GCF	15.33	2
GCF	16.08	1
GCF	16.83	0
GCF	17.34	1
GCF	18.09	4
GCF	18.84	1
GCF	19.35	2
GCF	20.10	4
GCF	20.85	2
GCF	21.36	1
GCF	22.11	5
GCF	22.86	1
GCF	23.37	11
GCF	24.12	15
GCF	24.87	13
GCF	25.38	18
GCF	26.13	23
GCF	26.88	19
GCF	27.39	25
GCF	28.14	34
GCF	28.89	35
GCF	29.40	26
GCF	30.15	37
GCF	30.90	38
GCF	31.41	43
GCF	32.16	42
GCF	32.91	54
GCF	33.42	65
GCF	33.92	63
GCF	34.67	69
GCF	35.43	92
GCF	35.93	76
GCF	36.68	87
GCF	37.44	72
GCF	37.94	51
GCF	38.69	81
GCF	39.70	60
GCF	40.70	75
GCF	41.46	50
GCF	41.96	33
GCF	42.71	65
GCF	43.47	63
GCF	43.97	53
GCF	44.72	40
GCF	45.73	41
GCF	46.73	53
GCF	47.49	40
GCF	47.99	48
GCF	49.25	19
GCF	50.75	10
GCF	51.51	9
GCF	52.01	12
GCF	53.27	10
GCF	55.28	5
GCF	56.78	3
GCF	57.54	2
GCF	58.04	4
GCF	59.30	3
GCF	60.80	2
GCF	61.56	0
GCF	62.56	1
GCF	63.82	0
GCF	64.82	2
GCF	65.58	1
GCF	66.08	3
GCF	67.09	0
GCF	68.09	1
# GC Content of last fragments. Use `grep ^GCL | cut -f 2-` to extract this part.
GCL	8.79	0
GCL	18.34	1
GCL	20.35	2
GCL	22.11	4
GCL	22.86	3
GCL	23.37	7
GCL	24.12	10
GCL	24.87	9
GCL	25.38	10
GCL	26.13	17
GCL	26.88	16
GCL	27.39	23
GCL	28.14	28
GCL	28.89	23
GCL	29.40	20
GCL	30.15	39
GCL	30.90	37
GCL	31.41	39
GCL	32.16	51
GCL	32.91	54
GCL	33.42	62
GCL	33.92	70
GCL	34.67	72
GCL	35.43	66
GCL	35.93	71
GCL	36.68	82
GCL	37.44	78
GCL	37.94	72
GCL	38.69	78
GCL	39.45	67
GCL	39.95	80
GCL	40.70	74
GCL	41.46	55
GCL	41.96	69
GCL	42.71	54
GCL	43.47	57
GCL	43.97	65
GCL	44.72	51
GCL	45.48	56
GCL	45.98	41
GCL	46.73	48
GCL	47.49	39
GCL	47.99	33
GCL	48.74	27
GCL	49.75	18
GCL	50.75	14
GCL	51.51	12
GCL	52.01	9
GCL	52.76	10
GCL	53.52	7
GCL	54.02	9
GCL	55.03	5
GCL	56.53	4
GCL	57.54	2
GCL	58.04	5
GCL	59.05	2
GCL	60.05	1
GCL	60.80	3
GCL	61.56	1
GCL	62.06	0
GCL	63.07	1
GCL	66.08	0
GCL	68.59	1
# ACGT content per cycle. Use `grep ^GCC | cut -f 2-` to extract this part. The columns are: cycle; A,C,G,T base counts as a percentage of all A/C/G/T bases [%]; and N and O counts as a percentage of all A/C/G/T bases [%]
GCC	1	30.98	20.11	17.99	30.91	0.00	0.00
GCC	2	29.91	20.01	19.24	30.83	0.00	0.00
GCC	3	30.93	19.17	19.17	30.73	0.00	0.00
GCC	4	29.74	21.71	17.79	30.76	0.00	0.00
GCC	5	30.83	19.39	18.99	30.78	0.00	0.00
GCC	6	30.08	19.87	18.59	31.46	0.00	0.00
GCC	7	31.38	18.39	18.44	31.78	0.00	0.00
GCC	8	31.51	20.49	17.92	30.08	0.00	0.00
GCC	9	31.03	20.21	17.57	31.18	0.00	0.00
GCC	10	31.28	20.14	18.24	30.33	0.00	0.00
GCC	11	31.36	19.14	18.12	31.38	0.00	0.00
GCC	12	29.16	18.82	20.11	31.91	0.00	0.00
GCC	13	29.51	19.82	18.69	31.98	0.00	0.00
GCC	14	29.41	19.57	20.54	30.48	0.00	0.00
GCC	15	30.43	19.17	18.57	31.83	0.00	0.00
GCC	16	31.43	19.19	18.27	31.11	0.00	0.00
GCC	17	30.86	20.56	17.42	31.16	0.00	0.00
GCC	18	31.63	18.64	18.34	31.38	0.00	0.00
GCC	19	30.91	19.37	18.92	30.81	0.00	0.00
GCC	20	32.01	18.99	19.19	29.81	0.00	0.00
GCC	21	31.31	19.07	19.27	30.36	0.00	0.00
GCC	22	31.03	19.79	19.07	30.11	0.00	0.00
GCC	23	30.23	20.19	18.42	31.16	0.00	0.00
GCC	24	30.51	19.72	19.37	30.41	0.00	0.00
GCC	25	31.26	19.72	19.12	29.91	0.00	0.00
GCC	26	31.16	18.69	19.62	30.53	0.00	0.00
GCC	27	30.53	21.66	17.29	30.51	0.00	0.00
GCC	28	31.08	19.77	18.42	30.73	0.00	0.00
GCC	29	31.08	19.82	18.77	30.33	0.00	0.00
GCC	30	30.33	19.27	19.67	30.73	0.00	0.00
GCC	31	30.21	19.82	18.64	31.33	0.00	0.00
GCC	32	30.93	20.14	18.87	30.06	0.00	0.00
GCC	33	29.09	20.86	18.94	31.11	0.00	0.00
GCC	34	31.36	18.89	19.39	30.36	0.00	0.00
GCC	35	31.46	18.97	18.67	30.91	0.00	0.00
GCC	36	31.01	19.12	17.99	31.88	0.00	0.00
GCC	37	30.08	18.54	18.92	32.46	0.00	0.00
GCC	38	30.93	19.97	18.49	30.61	0.00	0.00
GCC	39	30.06	19.22	18.34	32.38	0.00	0.00
GCC	40	30.36	19.12	18.49	32.03	0.00	0.00
GCC	41	30.26	18.84	20.09	30.81	0.00	0.00
GCC	42	30.18	18.74	19.69	31.38	0.00	0.00
GCC	43	31.71	19.99	17.92	30.38	0.00	0.00
GCC	44	29.26	20.54	18.27	31.93	0.00	0.00
GCC	45	30.76	20.79	18.22	30.23	0.00	0.00
GCC	46	30.48	19.62	18.24	31.66	0.00	0.00
GCC	47	29.79	20.39	18.72	31.11	0.00	0.00
GCC	48	30.81	19.57	18.82	30.81	0.00	0.00
GCC	49	30.98	20.16	17.74	31.11	0.00	0.00
GCC	50	30.23	19.77	18.67	31.33	0.00	0.00
GCC	51	31.06	19.77	18.67	30.51	0.00	0.00
GCC	52	30.18	19.67	18.24	31.91	0.00	0.00
GCC	53	30.01	20.39	19.87	29.74	0.00	0.00
GCC	54	30.96	20.64	18.57	29.84	0.00	0.00
GCC	55	32.58	19.59	17.99	29.84	0.00	0.00
GCC	56	29.04	20.36	18.57	32.03	0.00	0.00
GCC	57	31.88	19.57	19.32	29.24	0.00	0.00
GCC	58	29.96	18.77	19.89	31.38	0.00	0.00
GCC	59	29.04	21.56	18.72	30.68	0.00	0.00
GCC	60	30.61	19.32	19.29	30.78	0.00	0.00
GCC	61	30.36	18.84	18.87	31.93	0.00	0.00
GCC	62	28.54	20.14	19.09	32.23	0.00	0.00
GCC	63	29.19	18.97	19.54	32.31	0.00	0.00
GCC	64	30.76	19.82	18.87	30.56	0.00	0.00
GCC	65	29.74	20.16	18.77	31.33	0.00	0.00
GCC	66	30.58	19.84	18.92	30.66	0.00	0.00
GCC	67	30.96	18.57	19.07	31.41	0.00	0.00
GCC	68	30.91	20.36	17.82	30.91	0.00	0.00
GCC	69	30.93	19.54	19.02	30.51	0.00	0.00
GCC	70	28.69	20.86	20.04	30.41	0.00	0.00
GCC	71	31.18	20.36	18.67	29.79	0.00	0.00
GCC	72	30.01	18.99	19.69	31.31	0.00	0.00
GCC	73	30.48	18.42	19.22	31.88	0.00	0.00
GCC	74	31.83	19.49	19.02	29.66	0.00	0.00
GCC	75	30.56	19.12	19.34	30.98	0.00	0.00
GCC	76	29.79	19.67	18.62	31.93	0.00	0.00
GCC	77	29.71	19.04	19.27	31.98	0.00	0.00
GCC	78	30.11	18.99	20.01	30.88	0.00	0.00
GCC	79	31.31	20.19	18.44	30.06	0.00	0.00
GCC	80	30.98	20.71	19.04	29.26	0.00	0.00
GCC	81	30.46	19.99	19.27	30.28	0.00	0.00
GCC	82	29.54	19.69	19.09	31.68	0.00	0.00
GCC	83	31.11	19.04	18.54	31.31	0.00	0.00
GCC	84	30.68	19.74	17.74	31.83	0.00	0.00
GCC	85	29.86	20.49	19.22	30.43	0.00	0.00
GCC	86	30.63	20.39	19.19	29.79	0.00	0.00
GCC	87	31.38	19.24	17.87	31.51	0.00	0.00
GCC	88	30.26	19.77	19.62	30.36	0.00	0.00
GCC	89	31.36	18.84	18.89	30.91	0.00	0.00
GCC	90	29.74	20.29	18.97	31.01	0.00	0.00
GCC	91	31.01	19.92	19.24	29.84	0.00	0.00
GCC	92	31.08	19.07	18.77	31.08	0.00	0.00
GCC	93	30.21	20.84	18.82	30.13	0.00	0.00
GCC	94	30.96	21.51	18.07	29.46	0.00	0.00
GCC	95	30.46	20.86	18.17	30.51	0.00	0.00
GCC	96	31.91	18.84	19.89	29.36	0.00	0.00
GCC	97	32.26	18.74	18.07	30.93	0.00	0.00
GCC	98	29.96	20.06	19.24	30.73	0.00	0.00
GCC	99	30.21	20.56	18.07	31.16	0.00	0.00
GCC	100	30.31	20.44	19.39	29.86	0.00	0.00
GCC	101	30.41	19.57	18.09	31.93	0.00	0.00
GCC	102	33.01	18.47	18.52	30.01	0.00	0.00
GCC	103	29.71	19.72	19.17	31.41	0.00	0.00
GCC	104	30.71	19.24	19.37	30.68	0.00	0.00
GCC	105	28.96	20.51	19.32	31.21	0.00	0.00
GCC	106	31.08	19.59	17.74	31.58	0.00	0.00
GCC	107	30.46	19.97	18.89	30.68	0.00	0.00
GCC	108	29.89	19.62	18.72	31.78	0.00	0.00
GCC	109	29.86	20.01	19.04	31.08	0.00	0.00
GCC	110	31.26	19.57	18.62	30.56	0.00	0.00
GCC	111	31.28	19.72	18.59	30.41	0.00	0.00
GCC	112	31.81	19.62	18.62	29.96	0.00	0.00
GCC	113	32.41	19.47	19.27	28.86	0.00	0.00
GCC	114	31.78	18.87	19.29	30.06	0.00	0.00
GCC	115	30.58	19.72	18.27	31.43	0.00	0.00
GCC	116	30.28	20.06	18.92	30.73	0.00	0.00
GCC	117	31.88	18.89	18.54	30.68	0.00	0.00
GCC	118	29.66	20.66	19.29	30.38	0.00	0.00
GCC	119	30.36	19.97	18.67	31.01	0.00	0.00
GCC	120	31.76	19.27	18.29	30.68	0.00	0.00
GCC	121	30.91	19.82	17.99	31.28	0.00	0.00
GCC	122	30.38	20.61	17.99	31.01	0.00	0.00
GCC	123	30.11	20.14	18.87	30.88	0.00	0.00
GCC	124	30.31	20.06	18.99	30.63	0.00	0.00
GCC	125	30.11	20.16	18.44	31.28	0.00	0.00
GCC	126	30.86	19.67	19.02	30.46	0.00	0.00
GCC	127	30.83	20.04	18.97	30.16	0.00	0.00
GCC	128	31.11	19.52	19.24	30.13	0.00	0.00
GCC	129	30.53	19.12	19.14	31.21	0.00	0.00
GCC	130	30.68	19.99	17.89	31.43	0.00	0.00
GCC	131	29.64	19.54	18.47	32.36	0.00	0.00
GCC	132	29.81	20.59	20.04	29.56	0.00	0.00
GCC	133	31.16	20.01	18.94	29.89	0.00	0.00
GCC	134	30.21	19.82	19.44	30.53	0.00	0.00
GCC	135	29.66	19.62	20.06	30.66	0.00	0.00
GCC	136	31.06	19.37	18.97	30.61	0.00	0.00
GCC	137	30.36	19.39	19.52	30.73	0.00	0.00
GCC	138	30.86	20.39	18.42	30.33	0.00	0.00
GCC	139	30.43	19.52	19.57	30.48	0.00	0.00
GCC	140	30.88	19.42	19.07	30.63	0.00	0.00
GCC	141	31.48	19.89	17.99	30.63	0.00	0.00
GCC	142	29.76	20.26	19.09	30.88	0.00	0.00
GCC	143	31.38	19.52	18.42	30.68	0.00	0.00
GCC	144	30.08	20.01	17.97	31.93	0.00	0.00
GCC	145	30.41	19.47	19.34	30.78	0.00	0.00
GCC	146	31.23	19.34	18.94	30.48	0.00	0.00
GCC	147	30.16	19.87	19.12	30.86	0.00	0.00
GCC	148	31.16	19.64	19.44	29.76	0.00	0.00
GCC	149	31.06	19.57	18.82	30.56	0.00	0.00
GCC	150	30.59	19.77	18.97	30.67	0.00	0.00
# ACGT content per cycle, read oriented. Use `grep ^GCT | cut -f 2-` to extract this part. The columns are: cycle; A,C,G,T base counts as a percentage of all A/C/G/T bases [%]
GCT	1	30.21	17.97	20.14	31.68
GCT	2	30.56	19.29	19.97	30.18
GCT	3	30.78	19.39	18.94	30.88
GCT	4	29.94	19.99	19.52	30.56
GCT	5	30.88	18.72	19.67	30.73
GCT	6	30.13	18.79	19.67	31.41
GCT	7	31.91	18.04	18.79	31.26
GCT	8	30.68	19.04	19.37	30.91
GCT	9	30.63	18.19	19.59	31.58
GCT	10	30.61	19.14	19.24	31.01
GCT	11	31.48	18.79	18.47	31.26
GCT	12	30.03	19.27	19.67	31.03
GCT	13	30.41	18.59	19.92	31.08
GCT	14	29.26	20.74	19.37	30.63
GCT	15	30.43	19.09	18.64	31.83
GCT	16	31.93	18.57	18.89	30.61
GCT	17	30.58	18.82	19.17	31.43
GCT	18	31.01	18.14	18.84	32.01
GCT	19	31.18	19.12	19.17	30.53
GCT	20	30.11	19.67	18.52	31.71
GCT	21	31.11	19.09	19.24	30.56
GCT	22	30.26	20.44	18.42	30.88
GCT	23	29.34	19.87	18.74	32.06
GCT	24	30.38	19.22	19.87	30.53
GCT	25	30.21	19.14	19.69	30.96
GCT	26	30.53	19.39	18.92	31.16
GCT	27	30.18	18.99	19.97	30.86
GCT	28	30.18	19.29	18.89	31.63
GCT	29	31.61	19.47	19.12	29.81
GCT	30	30.98	18.94	19.99	30.08
GCT	31	29.84	18.82	19.64	31.71
GCT	32	31.33	20.81	18.19	29.66
GCT	33	30.68	20.24	19.57	29.51
GCT	34	30.63	20.09	18.19	31.08
GCT	35	31.83	18.47	19.17	30.53
GCT	36	32.51	17.94	19.17	30.38
GCT	37	31.61	18.99	18.47	30.93
GCT	38	30.83	20.04	18.42	30.71
GCT	39	31.68	18.47	19.09	30.76
GCT	40	32.18	19.22	18.39	30.21
GCT	41	30.96	20.06	18.87	30.11
GCT	42	30.41	19.34	19.09	31.16
GCT	43	30.53	18.89	19.02	31.56
GCT	44	29.86	18.32	20.49	31.33
GCT	45	29.84	19.59	19.42	31.16
GCT	46	32.08	18.24	19.62	30.06
GCT	47	30.56	19.24	19.87	30.33
GCT	48	30.81	19.64	18.74	30.81
GCT	49	31.66	18.52	19.39	30.43
GCT	50	32.03	18.99	19.44	29.54
GCT	51	30.58	19.42	19.02	30.98
GCT	52	30.16	18.42	19.49	31.93
GCT	53	29.04	19.64	20.61	30.71
GCT	54	29.36	19.47	19.74	31.43
GCT	55	31.88	18.42	19.17	30.53
GCT	56	30.83	19.34	19.59	30.23
GCT	57	30.63	19.44	19.44	30.48
GCT	58	31.66	19.89	18.77	29.69
GCT	59	30.61	19.92	20.36	29.11
GCT	60	31.31	19.24	19.37	30.08
GCT	61	32.13	19.09	18.62	30.16
GCT	62	30.66	19.54	19.69	30.11
GCT	63	30.41	19.32	19.19	31.08
GCT	64	29.81	19.04	19.64	31.51
GCT	65	31.68	21.04	17.89	29.39
GCT	66	30.33	19.37	19.39	30.91
GCT	67	31.78	18.17	19.47	30.58
GCT	68	31.38	19.77	18.42	30.43
GCT	69	31.83	19.07	19.49	29.61
GCT	70	30.23	19.39	21.51	28.86
GCT	71	30.61	19.17	19.87	30.36
GCT	72	31.78	19.24	19.44	29.54
GCT	73	32.03	18.64	18.99	30.33
GCT	74	31.08	20.31	18.19	30.41
GCT	75	31.91	19.04	19.42	29.64
GCT	76	30.86	19.27	19.02	30.86
GCT	77	31.58	19.19	19.12	30.11
GCT	78	30.03	19.29	19.72	30.96
GCT	79	30.78	18.74	19.89	30.58
GCT	80	29.76	19.82	19.94	30.48
GCT	81	30.08	20.49	18.77	30.66
GCT	82	29.91	20.19	18.59	31.31
GCT	83	32.28	19.09	18.49	30.13
GCT	84	31.08	18.57	18.92	31.43
GCT	85	29.84	19.69	20.01	30.46
GCT	86	30.36	19.89	19.69	30.06
GCT	87	31.11	18.49	18.62	31.78
GCT	88	29.61	20.04	19.34	31.01
GCT	89	31.61	18.32	19.42	30.66
GCT	90	29.96	19.54	19.72	30.78
GCT	91	30.46	18.74	20.41	30.38
GCT	92	30.58	18.69	19.14	31.58
GCT	93	30.01	20.51	19.14	30.33
GCT	94	30.93	20.21	19.37	29.49
GCT	95	30.18	19.07	19.97	30.78
GCT	96	31.03	19.34	19.39	30.23
GCT	97	32.33	18.04	18.77	30.86
GCT	98	30.81	20.04	19.27	29.89
GCT	99	32.03	18.37	20.26	29.34
GCT	100	31.26	19.87	19.97	28.91
GCT	101	31.33	18.82	18.84	31.01
GCT	102	31.06	18.64	18.34	31.96
GCT	103	31.13	19.57	19.32	29.99
GCT	104	30.61	18.72	19.89	30.78
GCT	105	28.89	18.97	20.86	31.28
GCT	106	30.93	17.87	19.47	31.73
GCT	107	30.06	19.84	19.02	31.08
GCT	108	31.78	19.24	19.09	29.89
GCT	109	31.23	19.27	19.79	29.71
GCT	110	31.31	19.49	18.69	30.51
GCT	111	32.41	18.57	19.74	29.29
GCT	112	30.43	18.62	19.62	31.33
GCT	113	31.38	19.62	19.12	29.89
GCT	114	31.18	19.44	18.72	30.66
GCT	115	30.86	18.92	19.07	31.16
GCT	116	30.48	20.04	18.94	30.53
GCT	117	30.21	19.14	18.29	32.36
GCT	118	29.94	19.07	20.89	30.11
GCT	119	29.94	19.57	19.07	31.43
GCT	120	30.66	18.04	19.52	31.78
GCT	121	30.76	19.19	18.62	31.43
GCT	122	29.51	19.22	19.39	31.88
GCT	123	30.36	19.67	19.34	30.63
GCT	124	30.88	19.47	19.59	30.06
GCT	125	31.08	19.27	19.34	30.31
GCT	126	30.08	19.27	19.42	31.23
GCT	127	30.36	18.79	20.21	30.63
GCT	128	31.28	19.17	19.59	29.96
GCT	129	31.21	19.37	18.89	30.53
GCT	130	31.21	19.14	18.74	30.91
GCT	131	30.83	18.57	19.44	31.16
GCT	132	28.84	20.24	20.39	30.53
GCT	133	30.53	19.42	19.54	30.51
GCT	134	29.56	19.84	19.42	31.18
GCT	135	30.08	19.02	20.66	30.23
GCT	136	30.61	19.24	19.09	31.06
GCT	137	29.96	20.11	18.79	31.13
GCT	138	31.51	20.26	18.54	29.69
GCT	139	29.84	19.89	19.19	31.08
GCT	140	31.06	18.52	19.97	30.46
GCT	141	30.48	18.37	19.52	31.63
GCT	142	30.33	19.17	20.19	30.31
GCT	143	31.76	19.47	18.47	30.31
GCT	144	32.21	18.62	19.37	29.81
GCT	145	30.71	18.49	20.31	30.48
GCT	146	31.11	19.29	18.99	30.61
GCT	147	30.61	19.54	19.44	30.41
GCT	148	31.06	19.77	19.32	29.86
GCT	149	31.01	19.59	18.79	30.61
GCT	150	31.89	19.37	19.37	29.37
# ACGT content per cycle for first fragments. Use `grep ^FBC | cut -f 2-` to extract this part. The columns are: cycle; A,C,G,T base counts as a percentage of all A/C/G/T bases [%]; and N and O counts as a percentage of all A/C/G/T bases [%]
FBC	1	31.43	19.94	17.79	30.83	0.00	0.00
FBC	2	28.74	21.14	18.69	31.43	0.00	0.00
FBC	3	31.58	18.74	19.44	30.23	0.00	0.00
FBC	4	29.79	20.84	18.59	30.78	0.00	0.00
FBC	5	30.73	20.24	17.49	31.53	0.00	0.00
FBC	6	29.04	20.14	19.24	31.58	0.00	0.00
FBC	7	32.08	17.79	17.44	32.68	0.00	0.00
FBC	8	31.33	21.14	17.19	30.33	0.00	0.00
FBC	9	30.93	20.79	17.54	30.73	0.00	0.00
FBC	10	32.48	20.24	16.99	30.28	0.00	0.00
FBC	11	31.38	18.89	18.39	31.33	0.00	0.00
FBC	12	31.58	18.59	19.84	29.99	0.00	0.00
FBC	13	29.54	20.04	18.19	32.23	0.00	0.00
FBC	14	28.84	19.24	20.54	31.38	0.00	0.00
FBC	15	29.79	19.29	18.59	32.33	0.00	0.00
FBC	16	30.53	20.74	17.64	31.08	0.00	0.00
FBC	17	30.68	19.89	16.64	32.78	0.00	0.00
FBC	18	31.93	18.09	18.19	31.78	0.00	0.00
FBC	19	29.54	19.29	19.19	31.98	0.00	0.00
FBC	20	31.63	18.69	19.59	30.08	0.00	0.00
FBC	21	31.08	18.39	18.39	32.13	0.00	0.00
FBC	22	31.38	19.99	18.94	29.69	0.00	0.00
FBC	23	29.89	20.44	17.94	31.73	0.00	0.00
FBC	24	30.13	20.19	19.34	30.33	0.00	0.00
FBC	25	30.03	19.64	19.89	30.43	0.00	0.00
FBC	26	31.93	18.09	19.99	29.99	0.00	0.00
FBC	27	29.84	21.84	17.19	31.13	0.00	0.00
FBC	28	30.83	19.64	17.99	31.53	0.00	0.00
FBC	29	30.08	19.44	19.44	31.03	0.00	0.00
FBC	30	29.89	19.24	19.79	31.08	0.00	0.00
FBC	31	31.53	19.24	18.24	30.98	0.00	0.00
FBC	32	30.83	20.14	19.09	29.94	0.00	0.00
FBC	33	29.59	20.99	17.99	31.43	0.00	0.00
FBC	34	31.28	18.64	19.64	30.43	0.00	0.00
FBC	35	29.99	18.94	19.49	31.58	0.00	0.00
FBC	36	31.08	19.44	18.09	31.38	0.00	0.00
FBC	37	30.98	16.99	19.74	32.28	0.00	0.00
FBC	38	30.78	20.19	18.69	30.33	0.00	0.00
FBC	39	30.63	18.39	18.19	32.78	0.00	0.00
FBC	40	31.28	20.34	18.34	30.03	0.00	0.00
FBC	41	29.84	18.49	20.19	31.48	0.00	0.00
FBC	42	30.23	18.49	19.99	31.28	0.00	0.00
FBC	43	32.08	19.84	17.14	30.93	0.00	0.00
FBC	44	28.14	21.49	17.19	33.18	0.00	0.00
FBC	45	30.33	21.84	16.84	30.98	0.00	0.00
FBC	46	30.63	19.79	18.59	30.98	0.00	0.00
FBC	47	30.33	20.64	18.79	30.23	0.00	0.00
FBC	48	30.63	18.84	18.89	31.63	0.00	0.00
FBC	49	30.28	20.79	17.39	31.53	0.00	0.00
FBC	50	29.44	18.64	18.74	33.18	0.00	0.00
FBC	51	30.48	19.54	18.64	31.33	0.00	0.00
FBC	52	31.03	18.49	18.69	31.78	0.00	0.00
FBC	53	30.03	18.79	21.14	30.03	0.00	0.00
FBC	54	30.88	20.24	18.49	30.38	0.00	0.00
FBC	55	31.53	20.04	17.94	30.48	0.00	0.00
FBC	56	29.34	20.14	18.64	31.88	0.00	0.00
FBC	57	31.88	18.94	20.39	28.79	0.00	0.00
FBC	58	29.79	18.29	18.99	32.93	0.00	0.00
FBC	59	29.19	21.24	18.04	31.53	0.00	0.00
FBC	60	30.43	20.04	19.24	30.28	0.00	0.00
FBC	61	29.79	19.49	17.94	32.78	0.00	0.00
FBC	62	29.94	18.79	18.89	32.38	0.00	0.00
FBC	63	29.09	19.44	18.99	32.48	0.00	0.00
FBC	64	30.08	20.19	18.04	31.68	0.00	0.00
FBC	65	29.39	21.04	18.14	31.43	0.00	0.00
FBC	66	30.73	19.24	18.29	31.73	0.00	0.00
FBC	67	32.03	17.79	19.49	30.68	0.00	0.00
FBC	68	31.08	20.64	16.89	31.38	0.00	0.00
FBC	69	30.98	18.94	18.79	31.28	0.00	0.00
FBC	70	27.74	20.49	20.19	31.58	0.00	0.00
FBC	71	30.18	20.04	19.29	30.48	0.00	0.00
FBC	72	29.99	18.59	19.59	31.83	0.00	0.00
FBC	73	30.13	18.94	19.09	31.83	0.00	0.00
FBC	74	32.13	19.09	19.04	29.74	0.00	0.00
FBC	75	30.63	18.74	19.24	31.38	0.00	0.00
FBC	76	29.19	20.84	18.64	31.33	0.00	0.00
FBC	77	29.59	19.44	19.34	31.63	0.00	0.00
FBC	78	30.48	18.69	20.39	30.43	0.00	0.00
FBC	79	31.78	20.04	18.39	29.79	0.00	0.00
FBC	80	31.58	21.19	19.34	27.89	0.00	0.00
FBC	81	31.43	19.44	19.89	29.24	0.00	0.00
FBC	82	28.89	20.89	18.39	31.83	0.00	0.00
FBC	83	32.53	18.24	18.34	30.88	0.00	0.00
FBC	84	30.88	19.04	17.49	32.58	0.00	0.00
FBC	85	30.38	20.09	18.24	31.28	0.00	0.00
FBC	86	30.53	20.04	19.99	29.44	0.00	0.00
FBC	87	32.63	18.49	17.69	31.18	0.00	0.00
FBC	88	29.79	19.39	19.54	31.28	0.00	0.00
FBC	89	30.18	19.54	19.79	30.48	0.00	0.00
FBC	90	30.28	20.49	18.34	30.88	0.00	0.00
FBC	91	31.03	19.94	18.19	30.83	0.00	0.00
FBC	92	31.93	18.24	18.89	30.93	0.00	0.00
FBC	93	30.68	20.89	19.29	29.14	0.00	0.00
FBC	94	31.13	21.24	17.79	29.84	0.00	0.00
FBC	95	30.48	20.69	17.54	31.28	0.00	0.00
FBC	96	32.48	18.84	19.24	29.44	0.00	0.00
FBC	97	32.58	18.29	18.79	30.33	0.00	0.00
FBC	98	29.14	20.14	18.64	32.08	0.00	0.00
FBC	99	30.43	20.79	17.49	31.28	0.00	0.00
FBC	100	30.13	19.69	19.39	30.78	0.00	0.00
FBC	101	32.38	18.64	17.49	31.48	0.00	0.00
FBC	102	32.63	18.94	18.49	29.94	0.00	0.00
FBC	103	29.94	19.59	18.34	32.13	0.00	0.00
FBC	104	31.88	19.24	19.29	29.59	0.00	0.00
FBC	105	28.39	21.14	19.34	31.13	0.00	0.00
FBC	106	31.33	19.59	17.19	31.88	0.00	0.00
FBC	107	29.79	19.69	19.19	31.33	0.00	0.00
FBC	108	29.79	19.19	18.44	32.58	0.00	0.00
FBC	109	30.58	19.94	18.59	30.88	0.00	0.00
FBC	110	32.48	19.29	17.14	31.08	0.00	0.00
FBC	111	31.48	19.29	17.54	31.68	0.00	0.00
FBC	112	31.88	18.84	17.89	31.38	0.00	0.00
FBC	113	31.58	18.74	19.19	30.48	0.00	0.00
FBC	114	30.93	19.64	19.09	30.33	0.00	0.00
FBC	115	30.28	19.74	18.74	31.23	0.00	0.00
FBC	116	30.68	20.69	17.69	30.93	0.00	0.00
FBC	117	31.23	18.84	19.09	30.83	0.00	0.00
FBC	118	29.34	20.34	19.14	31.18	0.00	0.00
FBC	119	30.08	19.64	18.74	31.53	0.00	0.00
FBC	120	31.98	18.99	18.34	30.68	0.00	0.00
FBC	121	32.23	19.19	17.49	31.08	0.00	0.00
FBC	122	29.84	19.99	17.74	32.43	0.00	0.00
FBC	123	29.99	20.34	19.09	30.58	0.00	0.00
FBC	124	29.99	20.09	19.49	30.43	0.00	0.00
FBC	125	31.48	19.99	17.24	31.28	0.00	0.00
FBC	126	29.84	18.54	19.64	31.98	0.00	0.00
FBC	127	29.84	19.29	19.24	31.63	0.00	0.00
FBC	128	30.13	18.89	19.09	31.88	0.00	0.00
FBC	129	29.74	19.74	19.44	31.08	0.00	0.00
FBC	130	30.03	19.89	18.09	31.98	0.00	0.00
FBC	131	28.59	19.79	18.39	33.23	0.00	0.00
FBC	132	30.93	20.09	20.34	28.64	0.00	0.00
FBC	133	30.68	19.84	20.59	28.89	0.00	0.00
FBC	134	30.83	19.69	19.39	30.08	0.00	0.00
FBC	135	28.69	19.59	19.49	32.23	0.00	0.00
FBC	136	30.68	18.04	19.69	31.58	0.00	0.00
FBC	137	32.23	19.59	18.44	29.74	0.00	0.00
FBC	138	31.03	20.14	17.84	30.98	0.00	0.00
FBC	139	30.23	20.09	18.49	31.18	0.00	0.00
FBC	140	30.53	18.64	19.19	31.63	0.00	0.00
FBC	141	31.23	19.79	17.04	31.93	0.00	0.00
FBC	142	29.44	19.44	19.44	31.68	0.00	0.00
FBC	143	31.38	19.19	18.99	30.43	0.00	0.00
FBC	144	29.49	19.54	18.24	32.73	0.00	0.00
FBC	145	28.99	18.84	20.24	31.93	0.00	0.00
FBC	146	30.33	18.29	20.49	30.88	0.00	0.00
FBC	147	30.38	20.19	19.24	30.18	0.00	0.00
FBC	148	31.43	19.64	18.94	29.99	0.00	0.00
FBC	149	30.98	19.59	18.54	30.88	0.00	0.00
FBC	150	30.23	19.84	19.19	30.73	0.00	0.00
# ACGT raw counters for first fragments. Use `grep ^FTC | cut -f 2-` to extract this part. The columns are: A,C,G,T,N base counters
FTC	91796	58838	56154	93362	0
# ACGT content per cycle for last fragments. Use `grep ^LBC | cut -f 2-` to extract this part. The columns are: cycle; A,C,G,T base counts as a percentage of all A/C/G/T bases [%]; and N and O counts as a percentage of all A/C/G/T bases [%]
LBC	1	30.53	20.29	18.19	30.98	0.00	0.00
LBC	2	31.08	18.89	19.79	30.23	0.00	0.00
LBC	3	30.28	19.59	18.89	31.23	0.00	0.00
LBC	4	29.69	22.59	16.99	30.73	0.00	0.00
LBC	5	30.93	18.54	20.49	30.03	0.00	0.00
LBC	6	31.13	19.59	17.94	31.33	0.00	0.00
LBC	7	30.68	18.99	19.44	30.88	0.00	0.00
LBC	8	31.68	19.84	18.64	29.84	0.00	0.00
LBC	9	31.13	19.64	17.59	31.63	0.00	0.00
LBC	10	30.08	20.04	19.49	30.38	0.00	0.00
LBC	11	31.33	19.39	17.84	31.43	0.00	0.00
LBC	12	26.74	19.04	20.39	33.83	0.00	0.00
LBC	13	29.49	19.59	19.19	31.73	0.00	0.00
LBC	14	29.99	19.89	20.54	29.59	0.00	0.00
LBC	15	31.08	19.04	18.54	31.33	0.00	0.00
LBC	16	32.33	17.64	18.89	31.13	0.00	0.00
LBC	17	31.03	21.24	18.19	29.54	0.00	0.00
LBC	18	31.33	19.19	18.49	30.98	0.00	0.00
LBC	19	32.28	19.44	18.64	29.64	0.00	0.00
LBC	20	32.38	19.29	18.79	29.54	0.00	0.00
LBC	21	31.53	19.74	20.14	28.59	0.00	0.00
LBC	22	30.68	19.59	19.19	30.53	0.00	0.00
LBC	23	30.58	19.94	18.89	30.58	0.00	0.00
LBC	24	30.88	19.24	19.39	30.48	0.00	0.00
LBC	25	32.48	19.79	18.34	29.39	0.00	0.00
LBC	26	30.38	19.29	19.24	31.08	0.00	0.00
LBC	27	31.23	21.49	17.39	29.89	0.00	0.00
LBC	28	31.33	19.89	18.84	29.94	0.00	0.00
LBC	29	32.08	20.19	18.09	29.64	0.00	0.00
LBC	30	30.78	19.29	19.54	30.38	0.00	0.00
LBC	31	28.89	20.39	19.04	31.68	0.00	0.00
LBC	32	31.03	20.14	18.64	30.18	0.00	0.00
LBC	33	28.59	20.74	19.89	30.78	0.00	0.00
LBC	34	31.43	19.14	19.14	30.28	0.00	0.00
LBC	35	32.93	18.99	17.84	30.23	0.00	0.00
LBC	36	30.93	18.79	17.89	32.38	0.00	0.00
LBC	37	29.19	20.09	18.09	32.63	0.00	0.00
LBC	38	31.08	19.74	18.29	30.88	0.00	0.00
LBC	39	29.49	20.04	18.49	31.98	0.00	0.00
LBC	40	29.44	17.89	18.64	34.03	0.00	0.00
LBC	41	30.68	19.19	19.99	30.13	0.00	0.00
LBC	42	30.13	18.99	19.39	31.48	0.00	0.00
LBC	43	31.33	20.14	18.69	29.84	0.00	0.00
LBC	44	30.38	19.59	19.34	30.68	0.00	0.00
LBC	45	31.18	19.74	19.59	29.49	0.00	0.00
LBC	46	30.33	19.44	17.89	32.33	0.00	0.00
LBC	47	29.24	20.14	18.64	31.98	0.00	0.00
LBC	48	30.98	20.29	18.74	29.99	0.00	0.00
LBC	49	31.68	19.54	18.09	30.68	0.00	0.00
LBC	50	31.03	20.89	18.59	29.49	0.00	0.00
LBC	51	31.63	19.99	18.69	29.69	0.00	0.00
LBC	52	29.34	20.84	17.79	32.03	0.00	0.00
LBC	53	29.99	21.99	18.59	29.44	0.00	0.00
LBC	54	31.03	21.04	18.64	29.29	0.00	0.00
LBC	55	33.63	19.14	18.04	29.19	0.00	0.00
LBC	56	28.74	20.59	18.49	32.18	0.00	0.00
LBC	57	31.88	20.19	18.24	29.69	0.00	0.00
LBC	58	30.13	19.24	20.79	29.84	0.00	0.00
LBC	59	28.89	21.89	19.39	29.84	0.00	0.00
LBC	60	30.78	18.59	19.34	31.28	0.00	0.00
LBC	61	30.93	18.19	19.79	31.08	0.00	0.00
LBC	62	27.14	21.49	19.29	32.08	0.00	0.00
LBC	63	29.29	18.49	20.09	32.13	0.00	0.00
LBC	64	31.43	19.44	19.69	29.44	0.00	0.00
LBC	65	30.08	19.29	19.39	31.23	0.00	0.00
LBC	66	30.43	20.44	19.54	29.59	0.00	0.00
LBC	67	29.89	19.34	18.64	32.13	0.00	0.00
LBC	68	30.73	20.09	18.74	30.43	0.00	0.00
LBC	69	30.88	20.14	19.24	29.74	0.00	0.00
LBC	70	29.64	21.24	19.89	29.24	0.00	0.00
LBC	71	32.18	20.69	18.04	29.09	0.00	0.00
LBC	72	30.03	19.39	19.79	30.78	0.00	0.00
LBC	73	30.83	17.89	19.34	31.93	0.00	0.00
LBC	74	31.53	19.89	18.99	29.59	0.00	0.00
LBC	75	30.48	19.49	19.44	30.58	0.00	0.00
LBC	76	30.38	18.49	18.59	32.53	0.00	0.00
LBC	77	29.84	18.64	19.19	32.33	0.00	0.00
LBC	78	29.74	19.29	19.64	31.33	0.00	0.00
LBC	79	30.83	20.34	18.49	30.33	0.00	0.00
LBC	80	30.38	20.24	18.74	30.63	0.00	0.00
LBC	81	29.49	20.54	18.64	31.33	0.00	0.00
LBC	82	30.18	18.49	19.79	31.53	0.00	0.00
LBC	83	29.69	19.84	18.74	31.73	0.00	0.00
LBC	84	30.48	20.44	17.99	31.08	0.00	0.00
LBC	85	29.34	20.89	20.19	29.59	0.00	0.00
LBC	86	30.73	20.74	18.39	30.13	0.00	0.00
LBC	87	30.13	19.99	18.04	31.83	0.00	0.00
LBC	88	30.73	20.14	19.69	29.44	0.00	0.00
LBC	89	32.53	18.14	17.99	31.33	0.00	0.00
LBC	90	29.19	20.09	19.59	31.13	0.00	0.00
LBC	91	30.98	19.89	20.29	28.84	0.00	0.00
LBC	92	30.23	19.89	18.64	31.23	0.00	0.00
LBC	93	29.74	20.79	18.34	31.13	0.00	0.00
LBC	94	30.78	21.79	18.34	29.09	0.00	0.00
LBC	95	30.43	21.04	18.79	29.74	0.00	0.00
LBC	96	31.33	18.84	20.54	29.29	0.00	0.00
LBC	97	31.93	19.19	17.34	31.53	0.00	0.00
LBC	98	30.78	19.99	19.84	29.39	0.00	0.00
LBC	99	29.99	20.34	18.64	31.03	0.00	0.00
LBC	100	30.48	21.19	19.39	28.94	0.00	0.00
LBC	101	28.44	20.49	18.69	32.38	0.00	0.00
LBC	102	33.38	17.99	18.54	30.08	0.00	0.00
LBC	103	29.49	19.84	19.99	30.68	0.00	0.00
LBC	104	29.54	19.24	19.44	31.78	0.00	0.00
LBC	105	29.54	19.89	19.29	31.28	0.00	0.00
LBC	106	30.83	19.59	18.29	31.28	0.00	0.00
LBC	107	31.13	20.24	18.59	30.03	0.00	0.00
LBC	108	29.99	20.04	18.99	30.98	0.00	0.00
LBC	109	29.14	20.09	19.49	31.28	0.00	0.00
LBC	110	30.03	19.84	20.09	30.03	0.00	0.00
LBC	111	31.08	20.14	19.64	29.14	0.00	0.00
LBC	112	31.73	20.39	19.34	28.54	0.00	0.00
LBC	113	33.23	20.19	19.34	27.24	0.00	0.00
LBC	114	32.63	18.09	19.49	29.79	0.00	0.00
LBC	115	30.88	19.69	17.79	31.63	0.00	0.00
LBC	116	29.89	19.44	20.14	30.53	0.00	0.00
LBC	117	32.53	18.94	17.99	30.53	0.00	0.00
LBC	118	29.99	20.99	19.44	29.59	0.00	0.00
LBC	119	30.63	20.29	18.59	30.48	0.00	0.00
LBC	120	31.53	19.54	18.24	30.68	0.00	0.00
LBC	121	29.59	20.44	18.49	31.48	0.00	0.00
LBC	122	30.93	21.24	18.24	29.59	0.00	0.00
LBC	123	30.23	19.94	18.64	31.18	0.00	0.00
LBC	124	30.63	20.04	18.49	30.83	0.00	0.00
LBC	125	28.74	20.34	19.64	31.28	0.00	0.00
LBC	126	31.88	20.79	18.39	28.94	0.00	0.00
LBC	127	31.83	20.79	18.69	28.69	0.00	0.00
LBC	128	32.08	20.14	19.39	28.39	0.00	0.00
LBC	129	31.33	18.49	18.84	31.33	0.00	0.00
LBC	130	31.33	20.09	17.69	30.88	0.00	0.00
LBC	131	30.68	19.29	18.54	31.48	0.00	0.00
LBC	132	28.69	21.09	19.74	30.48	0.00	0.00
LBC	133	31.63	20.19	17.29	30.88	0.00	0.00
LBC	134	29.59	19.94	19.49	30.98	0.00	0.00
LBC	135	30.63	19.64	20.64	29.09	0.00	0.00
LBC	136	31.43	20.69	18.24	29.64	0.00	0.00
LBC	137	28.49	19.19	20.59	31.73	0.00	0.00
LBC	138	30.68	20.64	18.99	29.69	0.00	0.00
LBC	139	30.63	18.94	20.64	29.79	0.00	0.00
LBC	140	31.23	20.19	18.94	29.64	0.00	0.00
LBC	141	31.73	19.99	18.94	29.34	0.00	0.00
LBC	142	30.08	21.09	18.74	30.08	0.00	0.00
LBC	143	31.38	19.84	17.84	30.93	0.00	0.00
LBC	144	30.68	20.49	17.69	31.13	0.00	0.00
LBC	145	31.83	20.09	18.44	29.64	0.00	0.00
LBC	146	32.13	20.39	17.39	30.08	0.00	0.00
LBC	147	29.94	19.54	18.99	31.53	0.00	0.00
LBC	148	30.88	19.64	19.94	29.54	0.00	0.00
LBC	149	31.13	19.54	19.09	30.23	0.00	0.00
LBC	150	30.95	19.70	18.75	30.60	0.00	0.00
# ACGT raw counters for last fragments. Use `grep ^LTC | cut -f 2-` to extract this part. The columns are: A,C,G,T,N base counters
LTC	92003	59624	56819	91703	0
# Insert sizes. Use `grep ^IS | cut -f 2-` to extract this part. The columns are: insert size, pairs total, inward oriented pairs, outward oriented pairs, other pairs
IS	0	0	0	0	0
IS	1	0	0	0	0
IS	2	0	0	0	0
IS	3	0	0	0	0
IS	4	0	0	0	0
IS	5	0	0	0	0
IS	6	0	0	0	0
IS	7	0	0	0	0
IS	8	0	0	0	0
IS	9	0	0	0	0
IS	10	0	0	0	0
IS	11	0	0	0	0
IS	12	0	0	0	0
IS	13	0	0	0	0
IS	14	0	0	0	0
IS	15	0	0	0	0
IS	16	0	0	0	0
IS	17	0	0	0	0
IS	18	0	0	0	0
IS	19	0	0	0	0
IS	20	0	0	0	0
IS	21	0	0	0	0
IS	22	0	0	0	0
IS	23	0	0	0	0
IS	24	0	0	0	0
IS	25	0	0	0	0
IS	26	0	0	0	0
IS	27	0	0	0	0
IS	28	0	0	0	0
IS	29	0	0	0	0
IS	30	0	0	0	0
IS	31	0	0	0	0
IS	32	0	0	0	0
IS	33	0	0	0	0
IS	34	0	0	0	0
IS	35	0	0	0	0
IS	36	0	0	0	0
IS	37	0	0	0	0
IS	38	0	0	0	0
IS	39	0	0	0	0
IS	40	0	0	0	0
IS	41	0	0	0	0
IS	42	0	0	0	0
IS	43	0	0	0	0
IS	44	0	0	0	0
IS	45	0	0	0	0
IS	46	0	0	0	0
IS	47	0	0	0	0
IS	48	0	0	0	0
IS	49	0	0	0	0
IS	50	0	0	0	0
IS	51	0	0	0	0
IS	52	0	0	0	0
IS	53	0	0	0	0
IS	54	0	0	0	0
IS	55	0	0	0	0
IS	56	0	0	0	0
IS	57	0	0	0	0
IS	58	0	0	0	0
IS	59	0	0	0	0
IS	60	0	0	0	0
IS	61	0	0	0	0
IS	62	0	0	0	0
IS	63	0	0	0	0
IS	64	0	0	0	0
IS	65	0	0	0	0
IS	66	0	0	0	0
IS	67	0	0	0	0
IS	68	0	0	0	0
IS	69	0	0	0	0
IS	70	0	0	0	0
IS	71	0	0	0	0
IS	72	0	0	0	0
IS	73	0	0	0	0
IS	74	0	0	0	0
IS	75	0	0	0	0
IS	76	0	0	0	0
IS	77	0	0	0	0
IS	78	0	0	0	0
IS	79	0	0	0	0
IS	80	0	0	0	0
IS	81	0	0	0	0
IS	82	0	0	0	0
IS	83	0	0	0	0
IS	84	0	0	0	0
IS	85	0	0	0	0
IS	86	0	0	0	0
IS	87	0	0	0	0
IS	88	0	0	0	0
IS	89	0	0	0	0
IS	90	0	0	0	0
IS	91	0	0	0	0
IS	92	0	0	0	0
IS	93	0	0	0	0
IS	94	0	0	0	0
IS	95	0	0	0	0
IS	96	0	0	0	0
IS	97	0	0	0	0
IS	98	0	0	0	0
IS	99	0	0	0	0
IS	100	0	0	0	0
IS	101	0	0	0	0
IS	102	0	0	0	0
IS	103	0	0	0	0
IS	104	0	0	0	0
IS	105	0	0	0	0
IS	106	0	0	0	0
IS	107	0	0	0	0
IS	108	0	0	0	0
IS	109	0	0	0	0
IS	110	0	0	0	0
IS	111	0	0	0	0
IS	112	0	0	0	0
IS	113	0	0	0	0
IS	114	0	0	0	0
IS	115	0	0	0	0
IS	116	0	0	0	0
IS	117	0	0	0	0
IS	118	0	0	0	0
IS	119	0	0	0	0
IS	120	0	0	0	0
IS	121	0	0	0	0
IS	122	0	0	0	0
IS	123	0	0	0	0
IS	124	0	0	0	0
IS	125	0	0	0	0
IS	126	0	0	0	0
IS	127	0	0	0	0
IS	128	0	0	0	0
IS	129	0	0	0	0
IS	130	0	0	0	0
IS	131	0	0	0	0
IS	132	0	0	0	0
IS	133	0	0	0	0
IS	134	0	0	0	0
IS	135	0	0	0	0
IS	136	0	0	0	0
IS	137	0	0	0	0
IS	138	0	0	0	0
IS	139	0	0	0	0
IS	140	0	0	0	0
IS	141	0	0	0	0
IS	142	0	0	0	0
IS	143	0	0	0	0
IS	144	0	0	0	0
IS	145	0	0	0	0
IS	146	0	0	0	0
IS	147	0	0	0	0
IS	148	0	0	0	0
IS	149	0	0	0	0
IS	150	0	0	0	0
IS	151	0	0	0	0
IS	152	0	0	0	0
IS	153	0	0	0	0
IS	154	0	0	0	0
IS	155	0	0	0	0
IS	156	0	0	0	0
IS	157	0	0	0	0
IS	158	0	0	0	0
IS	159	0	0	0	0
IS	160	0	0	0	0
IS	161	0	0	0	0
IS	162	0	0	0	0
IS	163	0	0	0	0
IS	164	0	0	0	0
IS	165	0	0	0	0
IS	166	0	0	0	0
IS	167	0	0	0	0
IS	168	0	0	0	0
IS	169	0	0	0	0
IS	170	0	0	0	0
IS	171	0	0	0	0
IS	172	0	0	0	0
IS	173	0	0	0	0
IS	174	0	0	0	0
IS	175	0	0	0	0
IS	176	0	0	0	0
IS	177	0	0	0	0
IS	178	0	0	0	0
IS	179	0	0	0	0
IS	180	0	0	0	0
IS	181	0	0	0	0
IS	182	0	0	0	0
IS	183	0	0	0	0
IS	184	0	0	0	0
IS	185	0	0	0	0
IS	186	0	0	0	0
IS	187	0	0	0	0
IS	188	0	0	0	0
IS	189	0	0	0	0
IS	190	0	0	0	0
IS	191	0	0	0	0
IS	192	0	0	0	0
IS	193	0	0	0	0
IS	194	0	0	0	0
IS	195	0	0	0	0
IS	196	0	0	0	0
IS	197	0	0	0	0
IS	198	0	0	0	0
IS	199	0	0	0	0
IS	200	0	0	0	0
IS	201	0	0	0	0
IS	202	0	0	0	0
IS	203	0	0	0	0
IS	204	0	0	0	0
IS	205	0	0	0	0
IS	206	0	0	0	0
IS	207	0	0	0	0
IS	208	0	0	0	0
IS	209	0	0	0	0
IS	210	0	0	0	0
IS	211	0	0	0	0
IS	212	0	0	0	0
IS	213	0	0	0	0
IS	214	0	0	0	0
IS	215	0	0	0	0
IS	216	0	0	0	0
IS	217	0	0	0	0
IS	218	0	0	0	0
IS	219	0	0	0	0
IS	220	0	0	0	0
IS	221	0	0	0	0
IS	222	0	0	0	0
IS	223	0	0	0	0
IS	224	0	0	0	0
IS	225	0	0	0	0
IS	226	0	0	0	0
IS	227	0	0	0	0
IS	228	0	0	0	0
IS	229	0	0	0	0
IS	230	0	0	0	0
IS	231	0	0	0	0
IS	232	0	0	0	0
IS	233	0	0	0	0
IS	234	0	0	0	0
IS	235	0	0	0	0
IS	236	0	0	0	0
IS	237	0	0	0	0
IS	238	0	0	0	0
IS	239	0	0	0	0
IS	240	0	0	0	0
IS	241	0	0	0	0
IS	242	0	0	0	0
IS	243	0	0	0	0
IS	244	0	0	0	0
IS	245	0	0	0	0
IS	246	0	0	0	0
IS	247	0	0	0	0
IS	248	0	0	0	0
IS	249	0	0	0	0
IS	250	0	0	0	0
IS	251	0	0	0	0
IS	252	0	0	0	0
IS	253	0	0	0	0
IS	254	0	0	0	0
IS	255	0	0	0	0
IS	256	0	0	0	0
IS	257	0	0	0	0
IS	258	0	0	0	0
IS	259	0	0	0	0
IS	260	0	0	0	0
IS	261	0	0	0	0
IS	262	0	0	0	0
IS	263	0	0	0	0
IS	264	0	0	0	0
IS	265	0	0	0	0
IS	266	0	0	0	0
IS	267	0	0	0	0
IS	268	0	0	0	0
IS	269	0	0	0	0
IS	270	0	0	0	0
IS	271	0	0	0	0
IS	272	0	0	0	0
IS	273	0	0	0	0
IS	274	0	0	0	0
IS	275	0	0	0	0
IS	276	0	0	0	0
IS	277	0	0	0	0
IS	278	0	0	0	0
IS	279	0	0	0	0
IS	280	0	0	0	0
IS	281	0	0	0	0
IS	282	0	0	0	0
IS	283	0	0	0	0
IS	284	0	0	0	0
IS	285	0	0	0	0
IS	286	0	0	0	0
IS	287	0	0	0	0
IS	288	0	0	0	0
IS	289	0	0	0	0
IS	290	0	0	0	0
IS	291	0	0	0	0
IS	292	0	0	0	0
IS	293	0	0	0	0
IS	294	0	0	0	0
IS	295	0	0	0	0
IS	296	0	0	0	0
IS	297	0	0	0	0
IS	298	0	0	0	0
IS	299	0	0	0	0
IS	300	0	0	0	0
IS	301	0	0	0	0
IS	302	0	0	0	0
IS	303	0	0	0	0
IS	304	0	0	0	0
IS	305	0	0	0	0
IS	306	0	0	0	0
IS	307	0	0	0	0
IS	308	0	0	0	0
IS	309	0	0	0	0
IS	310	0	0	0	0
IS	311	0	0	0	0
IS	312	0	0	0	0
IS	313	0	0	0	0
IS	314	0	0	0	0
IS	315	0	0	0	0
IS	316	0	0	0	0
IS	317	0	0	0	0
IS	318	0	0	0	0
IS	319	0	0	0	0
IS	320	0	0	0	0
IS	321	0	0	0	0
IS	322	0	0	0	0
IS	323	0	0	0	0
IS	324	0	0	0	0
IS	325	0	0	0	0
IS	326	0	0	0	0
IS	327	0	0	0	0
IS	328	0	0	0	0
IS	329	0	0	0	0
IS	330	0	0	0	0
IS	331	0	0	0	0
IS	332	0	0	0	0
IS	333	0	0	0	0
IS	334	0	0	0	0
IS	335	0	0	0	0
IS	336	0	0	0	0
IS	337	0	0	0	0
IS	338	0	0	0	0
IS	339	0	0	0	0
IS	340	0	0	0	0
IS	341	0	0	0	0
IS	342	0	0	0	0
IS	343	0	0	0	0
IS	344	0	0	0	0
IS	345	0	0	0	0
IS	346	0	0	0	0
IS	347	0	0	0	0
IS	348	1	1	0	0
IS	349	2	2	0	0
IS	350	0	0	0	0
IS	351	0	0	0	0
IS	352	0	0	0	0
IS	353	0	0	0	0
IS	354	0	0	0	0
IS	355	0	0	0	0
IS	356	2	2	0	0
IS	357	0	0	0	0
IS	358	0	0	0	0
IS	359	0	0	0	0
IS	360	1	1	0	0
IS	361	0	0	0	0
IS	362	0	0	0	0
IS	363	0	0	0	0
IS	364	0	0	0	0
IS	365	0	0	0	0
IS	366	0	0	0	0
IS	367	0	0	0	0
IS	368	0	0	0	0
IS	369	0	0	0	0
IS	370	1	1	0	0
IS	371	0	0	0	0
IS	372	0	0	0	0
IS	373	0	0	0	0
IS	374	0	0	0	0
IS	375	1	1	0	0
IS	376	1	1	0	0
IS	377	0	0	0	0
IS	378	1	1	0	0
IS	379	1	1	0	0
IS	380	0	0	0	0
IS	381	2	2	0	0
IS	382	1	1	0	0
IS	383	0	0	0	0
IS	384	1	1	0	0
IS	385	0	0	0	0
IS	386	0	0	0	0
IS	387	0	0	0	0
IS	388	1	1	0	0
IS	389	1	1	0	0
IS	390	2	2	0	0
IS	391	1	1	0	0
IS	392	2	2	0	0
IS	393	3	3	0	0
IS	394	1	1	0	0
IS	395	1	1	0	0
IS	396	1	1	0	0
IS	397	1	1	0	0
IS	398	2	2	0	0
IS	399	2	2	0	0
IS	400	3	3	0	0
IS	401	3	3	0	0
IS	402	1	1	0	0
IS	403	1	1	0	0
IS	404	3	3	0	0
IS	405	1	1	0	0
IS	406	1	1	0	0
IS	407	3	3	0	0
IS	408	1	1	0	0
IS	409	5	5	0	0
IS	410	3	3	0	0
IS	411	1	1	0	0
IS	412	2	2	0	0
IS	413	5	5	0	0
IS	414	3	3	0	0
IS	415	1	1	0	0
IS	416	6	6	0	0
IS	417	7	7	0	0
IS	418	2	2	0	0
IS	419	6	6	0	0
IS	420	4	4	0	0
IS	421	2	2	0	0
IS	422	2	2	0	0
IS	423	6	6	0	0
IS	424	2	2	0	0
IS	425	6	6	0	0
IS	426	6	6	0	0
IS	427	4	4	0	0
IS	428	5	5	0	0
IS	429	9	9	0	0
IS	430	5	5	0	0
IS	431	7	7	0	0
IS	432	5	5	0	0
IS	433	9	9	0	0
IS	434	9	9	0	0
IS	435	5	5	0	0
IS	436	5	5	0	0
IS	437	8	8	0	0
IS	438	3	3	0	0
IS	439	9	9	0	0
IS	440	8	8	0	0
IS	441	9	9	0	0
IS	442	8	8	0	0
IS	443	7	7	0	0
IS	444	7	7	0	0
IS	445	9	9	0	0
IS	446	10	10	0	0
IS	447	10	10	0	0
IS	448	6	6	0	0
IS	449	15	15	0	0
IS	450	14	14	0	0
IS	451	6	6	0	0
IS	452	13	13	0	0
IS	453	9	9	0	0
IS	454	8	8	0	0
IS	455	10	10	0	0
IS	456	5	5	0	0
IS	457	10	10	0	0
IS	458	9	9	0	0
IS	459	9	9	0	0
IS	460	10	10	0	0
IS	461	6	6	0	0
IS	462	15	15	0	0
IS	463	10	10	0	0
IS	464	10	10	0	0
IS	465	18	18	0	0
IS	466	6	6	0	0
IS	467	12	12	0	0
IS	468	9	9	0	0
IS	469	7	7	0	0
IS	470	11	11	0	0
IS	471	9	9	0	0
IS	472	12	12	0	0
IS	473	11	11	0	0
IS	474	16	16	0	0
IS	475	14	14	0	0
IS	476	19	19	0	0
IS	477	16	16	0	0
IS	478	16	16	0	0
IS	479	15	15	0	0
IS	480	12	12	0	0
IS	481	16	16	0	0
IS	482	13	13	0	0
IS	483	13	13	0	0
IS	484	17	17	0	0
IS	485	17	17	0	0
IS	486	13	13	0	0
IS	487	13	13	0	0
IS	488	18	18	0	0
IS	489	22	22	0	0
IS	490	23	23	0	0
IS	491	18	18	0	0
IS	492	12	12	0	0
IS	493	16	16	0	0
IS	494	21	21	0	0
IS	495	19	19	0	0
IS	496	14	14	0	0
IS	497	22	22	0	0
IS	498	14	14	0	0
IS	499	16	16	0	0
IS	500	20	20	0	0
IS	501	16	16	0	0
IS	502	17	17	0	0
IS	503	16	16	0	0
IS	504	20	20	0	0
IS	505	11	11	0	0
IS	506	10	10	0	0
IS	507	17	17	0	0
IS	508	20	20	0	0
IS	509	12	12	0	0
IS	510	21	21	0	0
IS	511	17	17	0	0
IS	512	11	11	0	0
IS	513	18	18	0	0
IS	514	22	22	0	0
IS	515	9	9	0	0
IS	516	19	19	0	0
IS	517	12	12	0	0
IS	518	16	16	0	0
IS	519	11	11	0	0
IS	520	19	19	0	0
IS	521	18	18	0	0
IS	522	10	10	0	0
IS	523	16	16	0	0
IS	524	18	18	0	0
IS	525	9	9	0	0
IS	526	12	12	0	0
IS	527	12	12	0	0
IS	528	18	18	0	0
IS	529	8	8	0	0
IS	530	14	14	0	0
IS	531	11	11	0	0
IS	532	13	13	0	0
IS	533	11	11	0	0
IS	534	15	15	0	0
IS	535	13	13	0	0
IS	536	18	18	0	0
IS	537	12	12	0	0
IS	538	14	14	0	0
IS	539	10	10	0	0
IS	540	14	14	0	0
IS	541	11	11	0	0
IS	542	10	10	0	0
IS	543	9	9	0	0
IS	544	7	7	0	0
IS	545	13	13	0	0
IS	546	13	13	0	0
IS	547	9	9	0	0
IS	548	15	15	0	0
IS	549	14	14	0	0
IS	550	13	13	0	0
IS	551	15	15	0	0
IS	552	10	10	0	0
IS	553	10	10	0	0
IS	554	10	10	0	0
IS	555	11	11	0	0
IS	556	12	12	0	0
IS	557	10	10	0	0
IS	558	5	5	0	0
IS	559	9	9	0	0
IS	560	5	5	0	0
IS	561	5	5	0	0
IS	562	9	9	0	0
IS	563	6	6	0	0
IS	564	8	8	0	0
IS	565	6	6	0	0
IS	566	4	4	0	0
IS	567	8	8	0	0
IS	568	4	4	0	0
IS	569	2	2	0	0
IS	570	5	5	0	0
IS	571	8	8	0	0
IS	572	5	5	0	0
IS	573	7	7	0	0
IS	574	9	9	0	0
IS	575	3	3	0	0
IS	576	6	6	0	0
IS	577	5	5	0	0
IS	578	8	8	0	0
IS	579	2	2	0	0
IS	580	5	5	0	0
IS	581	8	8	0	0
IS	582	4	4	0	0
IS	583	10	10	0	0
IS	584	5	5	0	0
IS	585	5	5	0	0
IS	586	5	5	0	0
IS	587	4	4	0	0
IS	588	2	2	0	0
IS	589	4	4	0	0
IS	590	4	4	0	0
IS	591	6	6	0	0
IS	592	1	1	0	0
IS	593	3	3	0	0
IS	594	2	2	0	0
IS	595	1	1	0	0
IS	596	3	3	0	0
IS	597	3	3	0	0
IS	598	5	5	0	0
IS	599	4	4	0	0
IS	600	3	3	0	0
IS	601	7	7	0	0
IS	602	2	2	0	0
IS	603	4	4	0	0
IS	604	0	0	0	0
IS	605	2	2	0	0
IS	606	0	0	0	0
IS	607	1	1	0	0
IS	608	1	1	0	0
IS	609	2	2	0	0
# Read lengths. Use `grep ^RL | cut -f 2-` to extract this part. The columns are: read length, count
RL	149	1
RL	150	4001
# Read lengths - first fragments. Use `grep ^FRL | cut -f 2-` to extract this part. The columns are: read length, count
FRL	150	2001
# Read lengths - last fragments. Use `grep ^LRL | cut -f 2-` to extract this part. The columns are: read length, count
LRL	149	1
LRL	150	2000
# Mapping qualities for reads !(UNMAP|SECOND|SUPPL|QCFAIL|DUP). Use `grep ^MAPQ | cut -f 2-` to extract this part. The columns are: mapq, count
MAPQ	0	14
MAPQ	27	7
MAPQ	33	2
MAPQ	39	4
MAPQ	40	24
MAPQ	43	1
MAPQ	45	1
MAPQ	46	1
MAPQ	47	1
MAPQ	48	39
MAPQ	50	2
MAPQ	51	2
MAPQ	57	12
MAPQ	60	3892
# Indel distribution. Use `grep ^ID | cut -f 2-` to extract this part. The columns are: length, number of insertions, number of deletions
# Indels per cycle. Use `grep ^IC | cut -f 2-` to extract this part. The columns are: cycle, number of insertions (fwd), .. (rev) , number of deletions (fwd), .. (rev)
# Coverage distribution. Use `grep ^COV | cut -f 2-` to extract this part.
COV	[1-1]	1	4737
COV	[2-2]	2	9329
COV	[3-3]	3	15921
COV	[4-4]	4	19562
COV	[5-5]	5	20439
COV	[6-6]	6	16721
COV	[7-7]	7	12318
COV	[8-8]	8	8121
COV	[9-9]	9	5274
COV	[10-10]	10	2631
COV	[11-11]	11	1174
COV	[12-12]	12	456
COV	[13-13]	13	260
COV	[14-14]	14	104
COV	[15-15]	15	12
# GC-depth. Use `grep ^GCD | cut -f 2-` to extract this part. The columns are: GC%, unique sequence percentiles, 10th, 25th, 50th, 75th and 90th depth percentile
GCD	0.0	15.385	0.000	0.000	0.000	0.000	0.000
GCD	37.0	38.462	2.460	2.460	2.505	2.505	2.505
GCD	38.0	53.846	2.505	2.505	2.505	2.505	2.505
GCD	39.0	84.615	2.505	2.505	2.505	2.505	2.505
GCD	40.0	92.308	2.505	2.505	2.505	2.505	2.505
GCD	45.0	100.000	2.505	2.505	2.505	2.505	2.505
