# This file was produced by samtools stats (1.20+htslib-1.21) and can be plotted using plot-bamstats
# This file contains statistics for all reads.
# The command line was:  stats sample3790.sorted.bam
# CHK, Checksum	[2]Read Names	[3]Sequences	[4]Qualities
# CHK, CRC32 of reads which passed filtering followed by addition (32bit overflow)
CHK	eaea12aa	e7cc92da	93be98f0
# Summary Numbers. Use `grep ^SN | cut -f 2-` to extract this part.
SN	raw total sequences:	4008	# excluding supplementary and secondary reads
SN	filtered sequences:	0
SN	sequences:	4008
SN	is sorted:	1
SN	1st fragments:	2004
SN	last fragments:	2004
SN	reads mapped:	4008
SN	reads mapped and paired:	4008	# paired-end technology bit set + both mates mapped
SN	reads unmapped:	0
SN	reads properly paired:	4008	# proper-pair bit set
SN	reads paired:	4008	# paired-end technology bit set
SN	reads duplicated:	0	# PCR or optical duplicate bit set
SN	reads MQ0:	8	# mapped and MQ=0
SN	reads QC failed:	0
SN	non-primary alignments:	0
SN	supplementary alignments:	0
SN	total length:	601199	# ignores clipping
SN	total first fragment length:	300599	# ignores clipping
SN	total last fragment length:	300600	# ignores clipping
SN	bases mapped:	601199	# ignores clipping
SN	bases mapped (cigar):	601199	# more accurate
SN	bases trimmed:	0
SN	bases duplicated:	0
SN	mismatches:	1016	# from NM fields
SN	error rate:	1.689956e-03	# mismatches / bases mapped (cigar)
SN	average length:	150
SN	average first fragment length:	150
SN	average last fragment length:	150
SN	maximum length:	150
SN	maximum first fragment length:	150
SN	maximum last fragment length:	150
SN	average quality:	30.0
SN	insert size average:	498.2
SN	insert size standard deviation:	49.4
SN	inward oriented pairs:	2004
SN	outward oriented pairs:	0
SN	pairs with other orientation:	0
SN	pairs on different chromosomes:	0
SN	percentage of properly paired reads (%):	100.0
# First Fragment Qualities. Use `grep ^FFQ | cut -f 2-` to extract this part.
# Columns correspond to qualities and rows to cycles. First column is the cycle number.
FFQ	1	0	0	0	0	0	0	0	0	0	0	0	0	0	0	0	0	0	0	0	0	0	0	0	0	0	0	0	0	0	0	2004	0
FFQ	2	0	0	0	0	0	0	0	0	0	0	0	0	0	0	0	0	0	0	0	0	0	0	0	0	0	0	0	0	0	0	2004	0
FFQ	3	0	0	0	0	0	0	0	0	0	0	0	0	0	0	0	0	0	0	0	0	0	0	0	0	0	0	0	0	0	0	2004	0
FFQ	4	0	0	0	0	0	0	0	0	0	0	0	0	0	0	0	0	0	0	0	0	0	0	0	0	0	0	0	0	0	0	2004	0
FFQ	5	0	0	0	0	0	0	0	0	0	0	0	0	0	0	0	0	0	0	0	0	0	0	0	0	0	0	0	0	0	0	2004	0
FFQ	6	0	0	0	0	0	0	0	0	0	0	0	0	0	0	0	0	0	0	0	0	0	0	0	0	0	0	0	0	0	0	2004	0
FFQ	7	0	0	0	0	0	0	0	0	0	0	0	0	0	0	0	0	0	0	0	0	0	0	0	0	0	0	0	0	0	0	2004	0
FFQ	8	0	0	0	0	0	0	0	0	0	0	0	0	0	0	0	0	0	0	0	0	0	0	0	0	0	0	0	0	0	0	2004	0
FFQ	9	0	0	0	0	0	0	0	0	0	0	0	0	0	0	0	0	0	0	0	0	0	0	0	0	0	0	0	0	0	0	2004	0
FFQ	10	0	0	0	0	0	0	0	0	0	0	0	0	0	0	0	0	0	0	0	0	0	0	0	0	0	0	0	0	0	0	2004	0
FFQ	11	0	0	0	0	0	0	0	0	0	0	0	0	0	0	0	0	0	0	0	0	0	0	0	0	0	0	0	0	0	0	2004	0
FFQ	12	0	0	0	0	0	0	0	0	0	0	0	0	0	0	0	0	0	0	0	0	0	0	0	0	0	0	0	0	0	0	2004	0
FFQ	13	0	0	0	0	0	0	0	0	0	0	0	0	0	0	0	0	0	0	0	0	0	0	0	0	0	0	0	0	0	0	2004	0
FFQ	14	0	0	0	0	0	0	0	0	0	0	0	0	0	0	0	0	0	0	0	0	0	0	0	0	0	0	0	0	0	0	2004	0
FFQ	15	0	0	0	0	0	0	0	0	0	0	0	0	0	0	0	0	0	0	0	0	0	0	0	0	0	0	0	0	0	0	2004	0
FFQ	16	0	0	0	0	0	0	0	0	0	0	0	0	0	0	0	0	0	0	0	0	0	0	0	0	0	0	0	0	0	0	2004	0
FFQ	17	0	0	0	0	0	0	0	0	0	0	0	0	0	0	0	0	0	0	0	0	0	0	0	0	0	0	0	0	0	0	2004	0
FFQ	18	0	0	0	0	0	0	0	0	0	0	0	0	0	0	0	0	0	0	0	0	0	0	0	0	0	0	0	0	0	0	2004	0
FFQ	19	0	0	0	0	0	0	0	0	0	0	0	0	0	0	0	0	0	0	0	0	0	0	0	0	0	0	0	0	0	0	2004	0
FFQ	20	0	0	0	0	0	0	0	0	0	0	0	0	0	0	0	0	0	0	0	0	0	0	0	0	0	0	0	0	0	0	2004	0
FFQ	21	0	0	0	0	0	0	0	0	0	0	0	0	0	0	0	0	0	0	0	0	0	0	0	0	0	0	0	0	0	0	2004	0
FFQ	22	0	0	0	0	0	0	0	0	0	0	0	0	0	0	0	0	0	0	0	0	0	0	0	0	0	0	0	0	0	0	2004	0
FFQ	23	0	0	0	0	0	0	0	0	0	0	0	0	0	0	0	0	0	0	0	0	0	0	0	0	0	0	0	0	0	0	2004	0
FFQ	24	0	0	0	0	0	0	0	0	0	0	0	0	0	0	0	0	0	0	0	0	0	0	0	0	0	0	0	0	0	0	2004	0
FFQ	25	0	0	0	0	0	0	0	0	0	0	0	0	0	0	0	0	0	0	0	0	0	0	0	0	0	0	0	0	0	0	2004	0
FFQ	26	0	0	0	0	0	0	0	0	0	0	0	0	0	0	0	0	0	0	0	0	0	0	0	0	0	0	0	0	0	0	2004	0
FFQ	27	0	0	0	0	0	0	0	0	0	0	0	0	0	0	0	0	0	0	0	0	0	0	0	0	0	0	0	0	0	0	2004	0
FFQ	28	0	0	0	0	0	0	0	0	0	0	0	0	0	0	0	0	0	0	0	0	0	0	0	0	0	0	0	0	0	0	2004	0
FFQ	29	0	0	0	0	0	0	0	0	0	0	0	0	0	0	0	0	0	0	0	0	0	0	0	0	0	0	0	0	0	0	2004	0
FFQ	30	0	0	0	0	0	0	0	0	0	0	0	0	0	0	0	0	0	0	0	0	0	0	0	0	0	0	0	0	0	0	2004	0
FFQ	31	0	0	0	0	0	0	0	0	0	0	0	0	0	0	0	0	0	0	0	0	0	0	0	0	0	0	0	0	0	0	2004	0
FFQ	32	0	0	0	0	0	0	0	0	0	0	0	0	0	0	0	0	0	0	0	0	0	0	0	0	0	0	0	0	0	0	2004	0
FFQ	33	0	0	0	0	0	0	0	0	0	0	0	0	0	0	0	0	0	0	0	0	0	0	0	0	0	0	0	0	0	0	2004	0
FFQ	34	0	0	0	0	0	0	0	0	0	0	0	0	0	0	0	0	0	0	0	0	0	0	0	0	0	0	0	0	0	0	2004	0
FFQ	35	0	0	0	0	0	0	0	0	0	0	0	0	0	0	0	0	0	0	0	0	0	0	0	0	0	0	0	0	0	0	2004	0
FFQ	36	0	0	0	0	0	0	0	0	0	0	0	0	0	0	0	0	0	0	0	0	0	0	0	0	0	0	0	0	0	0	2004	0
FFQ	37	0	0	0	0	0	0	0	0	0	0	0	0	0	0	0	0	0	0	0	0	0	0	0	0	0	0	0	0	0	0	2004	0
FFQ	38	0	0	0	0	0	0	0	0	0	0	0	0	0	0	0	0	0	0	0	0	0	0	0	0	0	0	0	0	0	0	2004	0
FFQ	39	0	0	0	0	0	0	0	0	0	0	0	0	0	0	0	0	0	0	0	0	0	0	0	0	0	0	0	0	0	0	2004	0
FFQ	40	0	0	0	0	0	0	0	0	0	0	0	0	0	0	0	0	0	0	0	0	0	0	0	0	0	0	0	0	0	0	2004	0
FFQ	41	0	0	0	0	0	0	0	0	0	0	0	0	0	0	0	0	0	0	0	0	0	0	0	0	0	0	0	0	0	0	2004	0
FFQ	42	0	0	0	0	0	0	0	0	0	0	0	0	0	0	0	0	0	0	0	0	0	0	0	0	0	0	0	0	0	0	2004	0
FFQ	43	0	0	0	0	0	0	0	0	0	0	0	0	0	0	0	0	0	0	0	0	0	0	0	0	0	0	0	0	0	0	2004	0
FFQ	44	0	0	0	0	0	0	0	0	0	0	0	0	0	0	0	0	0	0	0	0	0	0	0	0	0	0	0	0	0	0	2004	0
FFQ	45	0	0	0	0	0	0	0	0	0	0	0	0	0	0	0	0	0	0	0	0	0	0	0	0	0	0	0	0	0	0	2004	0
FFQ	46	0	0	0	0	0	0	0	0	0	0	0	0	0	0	0	0	0	0	0	0	0	0	0	0	0	0	0	0	0	0	2004	0
FFQ	47	0	0	0	0	0	0	0	0	0	0	0	0	0	0	0	0	0	0	0	0	0	0	0	0	0	0	0	0	0	0	2004	0
FFQ	48	0	0	0	0	0	0	0	0	0	0	0	0	0	0	0	0	0	0	0	0	0	0	0	0	0	0	0	0	0	0	2004	0
FFQ	49	0	0	0	0	0	0	0	0	0	0	0	0	0	0	0	0	0	0	0	0	0	0	0	0	0	0	0	0	0	0	2004	0
FFQ	50	0	0	0	0	0	0	0	0	0	0	0	0	0	0	0	0	0	0	0	0	0	0	0	0	0	0	0	0	0	0	2004	0
FFQ	51	0	0	0	0	0	0	0	0	0	0	0	0	0	0	0	0	0	0	0	0	0	0	0	0	0	0	0	0	0	0	2004	0
FFQ	52	0	0	0	0	0	0	0	0	0	0	0	0	0	0	0	0	0	0	0	0	0	0	0	0	0	0	0	0	0	0	2004	0
FFQ	53	0	0	0	0	0	0	0	0	0	0	0	0	0	0	0	0	0	0	0	0	0	0	0	0	0	0	0	0	0	0	2004	0
FFQ	54	0	0	0	0	0	0	0	0	0	0	0	0	0	0	0	0	0	0	0	0	0	0	0	0	0	0	0	0	0	0	2004	0
FFQ	55	0	0	0	0	0	0	0	0	0	0	0	0	0	0	0	0	0	0	0	0	0	0	0	0	0	0	0	0	0	0	2004	0
FFQ	56	0	0	0	0	0	0	0	0	0	0	0	0	0	0	0	0	0	0	0	0	0	0	0	0	0	0	0	0	0	0	2004	0
FFQ	57	0	0	0	0	0	0	0	0	0	0	0	0	0	0	0	0	0	0	0	0	0	0	0	0	0	0	0	0	0	0	2004	0
FFQ	58	0	0	0	0	0	0	0	0	0	0	0	0	0	0	0	0	0	0	0	0	0	0	0	0	0	0	0	0	0	0	2004	0
FFQ	59	0	0	0	0	0	0	0	0	0	0	0	0	0	0	0	0	0	0	0	0	0	0	0	0	0	0	0	0	0	0	2004	0
FFQ	60	0	0	0	0	0	0	0	0	0	0	0	0	0	0	0	0	0	0	0	0	0	0	0	0	0	0	0	0	0	0	2004	0
FFQ	61	0	0	0	0	0	0	0	0	0	0	0	0	0	0	0	0	0	0	0	0	0	0	0	0	0	0	0	0	0	0	2004	0
FFQ	62	0	0	0	0	0	0	0	0	0	0	0	0	0	0	0	0	0	0	0	0	0	0	0	0	0	0	0	0	0	0	2004	0
FFQ	63	0	0	0	0	0	0	0	0	0	0	0	0	0	0	0	0	0	0	0	0	0	0	0	0	0	0	0	0	0	0	2004	0
FFQ	64	0	0	0	0	0	0	0	0	0	0	0	0	0	0	0	0	0	0	0	0	0	0	0	0	0	0	0	0	0	0	2004	0
FFQ	65	0	0	0	0	0	0	0	0	0	0	0	0	0	0	0	0	0	0	0	0	0	0	0	0	0	0	0	0	0	0	2004	0
FFQ	66	0	0	0	0	0	0	0	0	0	0	0	0	0	0	0	0	0	0	0	0	0	0	0	0	0	0	0	0	0	0	2004	0
FFQ	67	0	0	0	0	0	0	0	0	0	0	0	0	0	0	0	0	0	0	0	0	0	0	0	0	0	0	0	0	0	0	2004	0
FFQ	68	0	0	0	0	0	0	0	0	0	0	0	0	0	0	0	0	0	0	0	0	0	0	0	0	0	0	0	0	0	0	2004	0
FFQ	69	0	0	0	0	0	0	0	0	0	0	0	0	0	0	0	0	0	0	0	0	0	0	0	0	0	0	0	0	0	0	2004	0
FFQ	70	0	0	0	0	0	0	0	0	0	0	0	0	0	0	0	0	0	0	0	0	0	0	0	0	0	0	0	0	0	0	2004	0
FFQ	71	0	0	0	0	0	0	0	0	0	0	0	0	0	0	0	0	0	0	0	0	0	0	0	0	0	0	0	0	0	0	2004	0
FFQ	72	0	0	0	0	0	0	0	0	0	0	0	0	0	0	0	0	0	0	0	0	0	0	0	0	0	0	0	0	0	0	2004	0
FFQ	73	0	0	0	0	0	0	0	0	0	0	0	0	0	0	0	0	0	0	0	0	0	0	0	0	0	0	0	0	0	0	2004	0
FFQ	74	0	0	0	0	0	0	0	0	0	0	0	0	0	0	0	0	0	0	0	0	0	0	0	0	0	0	0	0	0	0	2004	0
FFQ	75	0	0	0	0	0	0	0	0	0	0	0	0	0	0	0	0	0	0	0	0	0	0	0	0	0	0	0	0	0	0	2004	0
FFQ	76	0	0	0	0	0	0	0	0	0	0	0	0	0	0	0	0	0	0	0	0	0	0	0	0	0	0	0	0	0	0	2004	0
FFQ	77	0	0	0	0	0	0	0	0	0	0	0	0	0	0	0	0	0	0	0	0	0	0	0	0	0	0	0	0	0	0	2004	0
FFQ	78	0	0	0	0	0	0	0	0	0	0	0	0	0	0	0	0	0	0	0	0	0	0	0	0	0	0	0	0	0	0	2004	0
FFQ	79	0	0	0	0	0	0	0	0	0	0	0	0	0	0	0	0	0	0	0	0	0	0	0	0	0	0	0	0	0	0	2004	0
FFQ	80	0	0	0	0	0	0	0	0	0	0	0	0	0	0	0	0	0	0	0	0	0	0	0	0	0	0	0	0	0	0	2004	0
FFQ	81	0	0	0	0	0	0	0	0	0	0	0	0	0	0	0	0	0	0	0	0	0	0	0	0	0	0	0	0	0	0	2004	0
FFQ	82	0	0	0	0	0	0	0	0	0	0	0	0	0	0	0	0	0	0	0	0	0	0	0	0	0	0	0	0	0	0	2004	0
FFQ	83	0	0	0	0	0	0	0	0	0	0	0	0	0	0	0	0	0	0	0	0	0	0	0	0	0	0	0	0	0	0	2004	0
FFQ	84	0	0	0	0	0	0	0	0	0	0	0	0	0	0	0	0	0	0	0	0	0	0	0	0	0	0	0	0	0	0	2004	0
FFQ	85	0	0	0	0	0	0	0	0	0	0	0	0	0	0	0	0	0	0	0	0	0	0	0	0	0	0	0	0	0	0	2004	0
FFQ	86	0	0	0	0	0	0	0	0	0	0	0	0	0	0	0	0	0	0	0	0	0	0	0	0	0	0	0	0	0	0	2004	0
FFQ	87	0	0	0	0	0	0	0	0	0	0	0	0	0	0	0	0	0	0	0	0	0	0	0	0	0	0	0	0	0	0	2004	0
FFQ	88	0	0	0	0	0	0	0	0	0	0	0	0	0	0	0	0	0	0	0	0	0	0	0	0	0	0	0	0	0	0	2004	0
FFQ	89	0	0	0	0	0	0	0	0	0	0	0	0	0	0	0	0	0	0	0	0	0	0	0	0	0	0	0	0	0	0	2004	0
FFQ	90	0	0	0	0	0	0	0	0	0	0	0	0	0	0	0	0	0	0	0	0	0	0	0	0	0	0	0	0	0	0	2004	0
FFQ	91	0	0	0	0	0	0	0	0	0	0	0	0	0	0	0	0	0	0	0	0	0	0	0	0	0	0	0	0	0	0	2004	0
FFQ	92	0	0	0	0	0	0	0	0	0	0	0	0	0	0	0	0	0	0	0	0	0	0	0	0	0	0	0	0	0	0	2004	0
FFQ	93	0	0	0	0	0	0	0	0	0	0	0	0	0	0	0	0	0	0	0	0	0	0	0	0	0	0	0	0	0	0	2004	0
FFQ	94	0	0	0	0	0	0	0	0	0	0	0	0	0	0	0	0	0	0	0	0	0	0	0	0	0	0	0	0	0	0	2004	0
FFQ	95	0	0	0	0	0	0	0	0	0	0	0	0	0	0	0	0	0	0	0	0	0	0	0	0	0	0	0	0	0	0	2004	0
FFQ	96	0	0	0	0	0	0	0	0	0	0	0	0	0	0	0	0	0	0	0	0	0	0	0	0	0	0	0	0	0	0	2004	0
FFQ	97	0	0	0	0	0	0	0	0	0	0	0	0	0	0	0	0	0	0	0	0	0	0	0	0	0	0	0	0	0	0	2004	0
FFQ	98	0	0	0	0	0	0	0	0	0	0	0	0	0	0	0	0	0	0	0	0	0	0	0	0	0	0	0	0	0	0	2004	0
FFQ	99	0	0	0	0	0	0	0	0	0	0	0	0	0	0	0	0	0	0	0	0	0	0	0	0	0	0	0	0	0	0	2004	0
FFQ	100	0	0	0	0	0	0	0	0	0	0	0	0	0	0	0	0	0	0	0	0	0	0	0	0	0	0	0	0	0	0	2004	0
FFQ	101	0	0	0	0	0	0	0	0	0	0	0	0	0	0	0	0	0	0	0	0	0	0	0	0	0	0	0	0	0	0	2004	0
FFQ	102	0	0	0	0	0	0	0	0	0	0	0	0	0	0	0	0	0	0	0	0	0	0	0	0	0	0	0	0	0	0	2004	0
FFQ	103	0	0	0	0	0	0	0	0	0	0	0	0	0	0	0	0	0	0	0	0	0	0	0	0	0	0	0	0	0	0	2004	0
FFQ	104	0	0	0	0	0	0	0	0	0	0	0	0	0	0	0	0	0	0	0	0	0	0	0	0	0	0	0	0	0	0	2004	0
FFQ	105	0	0	0	0	0	0	0	0	0	0	0	0	0	0	0	0	0	0	0	0	0	0	0	0	0	0	0	0	0	0	2004	0
FFQ	106	0	0	0	0	0	0	0	0	0	0	0	0	0	0	0	0	0	0	0	0	0	0	0	0	0	0	0	0	0	0	2004	0
FFQ	107	0	0	0	0	0	0	0	0	0	0	0	0	0	0	0	0	0	0	0	0	0	0	0	0	0	0	0	0	0	0	2004	0
FFQ	108	0	0	0	0	0	0	0	0	0	0	0	0	0	0	0	0	0	0	0	0	0	0	0	0	0	0	0	0	0	0	2004	0
FFQ	109	0	0	0	0	0	0	0	0	0	0	0	0	0	0	0	0	0	0	0	0	0	0	0	0	0	0	0	0	0	0	2004	0
FFQ	110	0	0	0	0	0	0	0	0	0	0	0	0	0	0	0	0	0	0	0	0	0	0	0	0	0	0	0	0	0	0	2004	0
FFQ	111	0	0	0	0	0	0	0	0	0	0	0	0	0	0	0	0	0	0	0	0	0	0	0	0	0	0	0	0	0	0	2004	0
FFQ	112	0	0	0	0	0	0	0	0	0	0	0	0	0	0	0	0	0	0	0	0	0	0	0	0	0	0	0	0	0	0	2004	0
FFQ	113	0	0	0	0	0	0	0	0	0	0	0	0	0	0	0	0	0	0	0	0	0	0	0	0	0	0	0	0	0	0	2004	0
FFQ	114	0	0	0	0	0	0	0	0	0	0	0	0	0	0	0	0	0	0	0	0	0	0	0	0	0	0	0	0	0	0	2004	0
FFQ	115	0	0	0	0	0	0	0	0	0	0	0	0	0	0	0	0	0	0	0	0	0	0	0	0	0	0	0	0	0	0	2004	0
FFQ	116	0	0	0	0	0	0	0	0	0	0	0	0	0	0	0	0	0	0	0	0	0	0	0	0	0	0	0	0	0	0	2004	0
FFQ	117	0	0	0	0	0	0	0	0	0	0	0	0	0	0	0	0	0	0	0	0	0	0	0	0	0	0	0	0	0	0	2004	0
FFQ	118	0	0	0	0	0	0	0	0	0	0	0	0	0	0	0	0	0	0	0	0	0	0	0	0	0	0	0	0	0	0	2004	0
FFQ	119	0	0	0	0	0	0	0	0	0	0	0	0	0	0	0	0	0	0	0	0	0	0	0	0	0	0	0	0	0	0	2004	0
FFQ	120	0	0	0	0	0	0	0	0	0	0	0	0	0	0	0	0	0	0	0	0	0	0	0	0	0	0	0	0	0	0	2004	0
FFQ	121	0	0	0	0	0	0	0	0	0	0	0	0	0	0	0	0	0	0	0	0	0	0	0	0	0	0	0	0	0	0	2004	0
FFQ	122	0	0	0	0	0	0	0	0	0	0	0	0	0	0	0	0	0	0	0	0	0	0	0	0	0	0	0	0	0	0	2004	0
FFQ	123	0	0	0	0	0	0	0	0	0	0	0	0	0	0	0	0	0	0	0	0	0	0	0	0	0	0	0	0	0	0	2004	0
FFQ	124	0	0	0	0	0	0	0	0	0	0	0	0	0	0	0	0	0	0	0	0	0	0	0	0	0	0	0	0	0	0	2004	0
FFQ	125	0	0	0	0	0	0	0	0	0	0	0	0	0	0	0	0	0	0	0	0	0	0	0	0	0	0	0	0	0	0	2004	0
FFQ	126	0	0	0	0	0	0	0	0	0	0	0	0	0	0	0	0	0	0	0	0	0	0	0	0	0	0	0	0	0	0	2004	0
FFQ	127	0	0	0	0	0	0	0	0	0	0	0	0	0	0	0	0	0	0	0	0	0	0	0	0	0	0	0	0	0	0	2004	0
FFQ	128	0	0	0	0	0	0	0	0	0	0	0	0	0	0	0	0	0	0	0	0	0	0	0	0	0	0	0	0	0	0	2004	0
FFQ	129	0	0	0	0	0	0	0	0	0	0	0	0	0	0	0	0	0	0	0	0	0	0	0	0	0	0	0	0	0	0	2004	0
FFQ	130	0	0	0	0	0	0	0	0	0	0	0	0	0	0	0	0	0	0	0	0	0	0	0	0	0	0	0	0	0	0	2004	0
FFQ	131	0	0	0	0	0	0	0	0	0	0	0	0	0	0	0	0	0	0	0	0	0	0	0	0	0	0	0	0	0	0	2004	0
FFQ	132	0	0	0	0	0	0	0	0	0	0	0	0	0	0	0	0	0	0	0	0	0	0	0	0	0	0	0	0	0	0	2004	0
FFQ	133	0	0	0	0	0	0	0	0	0	0	0	0	0	0	0	0	0	0	0	0	0	0	0	0	0	0	0	0	0	0	2004	0
FFQ	134	0	0	0	0	0	0	0	0	0	0	0	0	0	0	0	0	0	0	0	0	0	0	0	0	0	0	0	0	0	0	2004	0
FFQ	135	0	0	0	0	0	0	0	0	0	0	0	0	0	0	0	0	0	0	0	0	0	0	0	0	0	0	0	0	0	0	2004	0
FFQ	136	0	0	0	0	0	0	0	0	0	0	0	0	0	0	0	0	0	0	0	0	0	0	0	0	0	0	0	0	0	0	2004	0
FFQ	137	0	0	0	0	0	0	0	0	0	0	0	0	0	0	0	0	0	0	0	0	0	0	0	0	0	0	0	0	0	0	2004	0
FFQ	138	0	0	0	0	0	0	0	0	0	0	0	0	0	0	0	0	0	0	0	0	0	0	0	0	0	0	0	0	0	0	2004	0
FFQ	139	0	0	0	0	0	0	0	0	0	0	0	0	0	0	0	0	0	0	0	0	0	0	0	0	0	0	0	0	0	0	2004	0
FFQ	140	0	0	0	0	0	0	0	0	0	0	0	0	0	0	0	0	0	0	0	0	0	0	0	0	0	0	0	0	0	0	2004	0
FFQ	141	0	0	0	0	0	0	0	0	0	0	0	0	0	0	0	0	0	0	0	0	0	0	0	0	0	0	0	0	0	0	2004	0
FFQ	142	0	0	0	0	0	0	0	0	0	0	0	0	0	0	0	0	0	0	0	0	0	0	0	0	0	0	0	0	0	0	2004	0
FFQ	143	0	0	0	0	0	0	0	0	0	0	0	0	0	0	0	0	0	0	0	0	0	0	0	0	0	0	0	0	0	0	2004	0
FFQ	144	0	0	0	0	0	0	0	0	0	0	0	0	0	0	0	0	0	0	0	0	0	0	0	0	0	0	0	0	0	0	2004	0
FFQ	145	0	0	0	0	0	0	0	0	0	0	0	0	0	0	0	0	0	0	0	0	0	0	0	0	0	0	0	0	0	0	2004	0
FFQ	146	0	0	0	0	0	0	0	0	0	0	0	0	0	0	0	0	0	0	0	0	0	0	0	0	0	0	0	0	0	0	2004	0
FFQ	147	0	0	0	0	0	0	0	0	0	0	0	0	0	0	0	0	0	0	0	0	0	0	0	0	0	0	0	0	0	0	2004	0
FFQ	148	0	0	0	0	0	0	0	0	0	0	0	0	0	0	0	0	0	0	0	0	0	0	0	0	0	0	0	0	0	0	2004	0
FFQ	149	0	0	0	0	0	0	0	0	0	0	0	0	0	0	0	0	0	0	0	0	0	0	0	0	0	0	0	0	0	0	2004	0
FFQ	150	0	0	0	0	0	0	0	0	0	0	0	0	0	0	0	0	0	0	0	0	0	0	0	0	0	0	0	0	0	0	2003	0
# Last Fragment Qualities. Use `grep ^LFQ | cut -f 2-` to extract this part.
# Columns correspond to qualities and rows to cycles. First column is the cycle number.
LFQ	1	0	0	0	0	0	0	0	0	0	0	0	0	0	0	0	0	0	0	0	0	0	0	0	0	0	0	0	0	0	0	2004	0
LFQ	2	0	0	0	0	0	0	0	0	0	0	0	0	0	0	0	0	0	0	0	0	0	0	0	0	0	0	0	0	0	0	2004	0
LFQ	3	0	0	0	0	0	0	0	0	0	0	0	0	0	0	0	0	0	0	0	0	0	0	0	0	0	0	0	0	0	0	2004	0
LFQ	4	0	0	0	0	0	0	0	0	0	0	0	0	0	0	0	0	0	0	0	0	0	0	0	0	0	0	0	0	0	0	2004	0
LFQ	5	0	0	0	0	0	0	0	0	0	0	0	0	0	0	0	0	0	0	0	0	0	0	0	0	0	0	0	0	0	0	2004	0
LFQ	6	0	0	0	0	0	0	0	0	0	0	0	0	0	0	0	0	0	0	0	0	0	0	0	0	0	0	0	0	0	0	2004	0
LFQ	7	0	0	0	0	0	0	0	0	0	0	0	0	0	0	0	0	0	0	0	0	0	0	0	0	0	0	0	0	0	0	2004	0
LFQ	8	0	0	0	0	0	0	0	0	0	0	0	0	0	0	0	0	0	0	0	0	0	0	0	0	0	0	0	0	0	0	2004	0
LFQ	9	0	0	0	0	0	0	0	0	0	0	0	0	0	0	0	0	0	0	0	0	0	0	0	0	0	0	0	0	0	0	2004	0
LFQ	10	0	0	0	0	0	0	0	0	0	0	0	0	0	0	0	0	0	0	0	0	0	0	0	0	0	0	0	0	0	0	2004	0
LFQ	11	0	0	0	0	0	0	0	0	0	0	0	0	0	0	0	0	0	0	0	0	0	0	0	0	0	0	0	0	0	0	2004	0
LFQ	12	0	0	0	0	0	0	0	0	0	0	0	0	0	0	0	0	0	0	0	0	0	0	0	0	0	0	0	0	0	0	2004	0
LFQ	13	0	0	0	0	0	0	0	0	0	0	0	0	0	0	0	0	0	0	0	0	0	0	0	0	0	0	0	0	0	0	2004	0
LFQ	14	0	0	0	0	0	0	0	0	0	0	0	0	0	0	0	0	0	0	0	0	0	0	0	0	0	0	0	0	0	0	2004	0
LFQ	15	0	0	0	0	0	0	0	0	0	0	0	0	0	0	0	0	0	0	0	0	0	0	0	0	0	0	0	0	0	0	2004	0
LFQ	16	0	0	0	0	0	0	0	0	0	0	0	0	0	0	0	0	0	0	0	0	0	0	0	0	0	0	0	0	0	0	2004	0
LFQ	17	0	0	0	0	0	0	0	0	0	0	0	0	0	0	0	0	0	0	0	0	0	0	0	0	0	0	0	0	0	0	2004	0
LFQ	18	0	0	0	0	0	0	0	0	0	0	0	0	0	0	0	0	0	0	0	0	0	0	0	0	0	0	0	0	0	0	2004	0
LFQ	19	0	0	0	0	0	0	0	0	0	0	0	0	0	0	0	0	0	0	0	0	0	0	0	0	0	0	0	0	0	0	2004	0
LFQ	20	0	0	0	0	0	0	0	0	0	0	0	0	0	0	0	0	0	0	0	0	0	0	0	0	0	0	0	0	0	0	2004	0
LFQ	21	0	0	0	0	0	0	0	0	0	0	0	0	0	0	0	0	0	0	0	0	0	0	0	0	0	0	0	0	0	0	2004	0
LFQ	22	0	0	0	0	0	0	0	0	0	0	0	0	0	0	0	0	0	0	0	0	0	0	0	0	0	0	0	0	0	0	2004	0
LFQ	23	0	0	0	0	0	0	0	0	0	0	0	0	0	0	0	0	0	0	0	0	0	0	0	0	0	0	0	0	0	0	2004	0
LFQ	24	0	0	0	0	0	0	0	0	0	0	0	0	0	0	0	0	0	0	0	0	0	0	0	0	0	0	0	0	0	0	2004	0
LFQ	25	0	0	0	0	0	0	0	0	0	0	0	0	0	0	0	0	0	0	0	0	0	0	0	0	0	0	0	0	0	0	2004	0
LFQ	26	0	0	0	0	0	0	0	0	0	0	0	0	0	0	0	0	0	0	0	0	0	0	0	0	0	0	0	0	0	0	2004	0
LFQ	27	0	0	0	0	0	0	0	0	0	0	0	0	0	0	0	0	0	0	0	0	0	0	0	0	0	0	0	0	0	0	2004	0
LFQ	28	0	0	0	0	0	0	0	0	0	0	0	0	0	0	0	0	0	0	0	0	0	0	0	0	0	0	0	0	0	0	2004	0
LFQ	29	0	0	0	0	0	0	0	0	0	0	0	0	0	0	0	0	0	0	0	0	0	0	0	0	0	0	0	0	0	0	2004	0
LFQ	30	0	0	0	0	0	0	0	0	0	0	0	0	0	0	0	0	0	0	0	0	0	0	0	0	0	0	0	0	0	0	2004	0
LFQ	31	0	0	0	0	0	0	0	0	0	0	0	0	0	0	0	0	0	0	0	0	0	0	0	0	0	0	0	0	0	0	2004	0
LFQ	32	0	0	0	0	0	0	0	0	0	0	0	0	0	0	0	0	0	0	0	0	0	0	0	0	0	0	0	0	0	0	2004	0
LFQ	33	0	0	0	0	0	0	0	0	0	0	0	0	0	0	0	0	0	0	0	0	0	0	0	0	0	0	0	0	0	0	2004	0
LFQ	34	0	0	0	0	0	0	0	0	0	0	0	0	0	0	0	0	0	0	0	0	0	0	0	0	0	0	0	0	0	0	2004	0
LFQ	35	0	0	0	0	0	0	0	0	0	0	0	0	0	0	0	0	0	0	0	0	0	0	0	0	0	0	0	0	0	0	2004	0
LFQ	36	0	0	0	0	0	0	0	0	0	0	0	0	0	0	0	0	0	0	0	0	0	0	0	0	0	0	0	0	0	0	2004	0
LFQ	37	0	0	0	0	0	0	0	0	0	0	0	0	0	0	0	0	0	0	0	0	0	0	0	0	0	0	0	0	0	0	2004	0
LFQ	38	0	0	0	0	0	0	0	0	0	0	0	0	0	0	0	0	0	0	0	0	0	0	0	0	0	0	0	0	0	0	2004	0
LFQ	39	0	0	0	0	0	0	0	0	0	0	0	0	0	0	0	0	0	0	0	0	0	0	0	0	0	0	0	0	0	0	2004	0
LFQ	40	0	0	0	0	0	0	0	0	0	0	0	0	0	0	0	0	0	0	0	0	0	0	0	0	0	0	0	0	0	0	2004	0
LFQ	41	0	0	0	0	0	0	0	0	0	0	0	0	0	0	0	0	0	0	0	0	0	0	0	0	0	0	0	0	0	0	2004	0
LFQ	42	0	0	0	0	0	0	0	0	0	0	0	0	0	0	0	0	0	0	0	0	0	0	0	0	0	0	0	0	0	0	2004	0
LFQ	43	0	0	0	0	0	0	0	0	0	0	0	0	0	0	0	0	0	0	0	0	0	0	0	0	0	0	0	0	0	0	2004	0
LFQ	44	0	0	0	0	0	0	0	0	0	0	0	0	0	0	0	0	0	0	0	0	0	0	0	0	0	0	0	0	0	0	2004	0
LFQ	45	0	0	0	0	0	0	0	0	0	0	0	0	0	0	0	0	0	0	0	0	0	0	0	0	0	0	0	0	0	0	2004	0
LFQ	46	0	0	0	0	0	0	0	0	0	0	0	0	0	0	0	0	0	0	0	0	0	0	0	0	0	0	0	0	0	0	2004	0
LFQ	47	0	0	0	0	0	0	0	0	0	0	0	0	0	0	0	0	0	0	0	0	0	0	0	0	0	0	0	0	0	0	2004	0
LFQ	48	0	0	0	0	0	0	0	0	0	0	0	0	0	0	0	0	0	0	0	0	0	0	0	0	0	0	0	0	0	0	2004	0
LFQ	49	0	0	0	0	0	0	0	0	0	0	0	0	0	0	0	0	0	0	0	0	0	0	0	0	0	0	0	0	0	0	2004	0
LFQ	50	0	0	0	0	0	0	0	0	0	0	0	0	0	0	0	0	0	0	0	0	0	0	0	0	0	0	0	0	0	0	2004	0
LFQ	51	0	0	0	0	0	0	0	0	0	0	0	0	0	0	0	0	0	0	0	0	0	0	0	0	0	0	0	0	0	0	2004	0
LFQ	52	0	0	0	0	0	0	0	0	0	0	0	0	0	0	0	0	0	0	0	0	0	0	0	0	0	0	0	0	0	0	2004	0
LFQ	53	0	0	0	0	0	0	0	0	0	0	0	0	0	0	0	0	0	0	0	0	0	0	0	0	0	0	0	0	0	0	2004	0
LFQ	54	0	0	0	0	0	0	0	0	0	0	0	0	0	0	0	0	0	0	0	0	0	0	0	0	0	0	0	0	0	0	2004	0
LFQ	55	0	0	0	0	0	0	0	0	0	0	0	0	0	0	0	0	0	0	0	0	0	0	0	0	0	0	0	0	0	0	2004	0
LFQ	56	0	0	0	0	0	0	0	0	0	0	0	0	0	0	0	0	0	0	0	0	0	0	0	0	0	0	0	0	0	0	2004	0
LFQ	57	0	0	0	0	0	0	0	0	0	0	0	0	0	0	0	0	0	0	0	0	0	0	0	0	0	0	0	0	0	0	2004	0
LFQ	58	0	0	0	0	0	0	0	0	0	0	0	0	0	0	0	0	0	0	0	0	0	0	0	0	0	0	0	0	0	0	2004	0
LFQ	59	0	0	0	0	0	0	0	0	0	0	0	0	0	0	0	0	0	0	0	0	0	0	0	0	0	0	0	0	0	0	2004	0
LFQ	60	0	0	0	0	0	0	0	0	0	0	0	0	0	0	0	0	0	0	0	0	0	0	0	0	0	0	0	0	0	0	2004	0
LFQ	61	0	0	0	0	0	0	0	0	0	0	0	0	0	0	0	0	0	0	0	0	0	0	0	0	0	0	0	0	0	0	2004	0
LFQ	62	0	0	0	0	0	0	0	0	0	0	0	0	0	0	0	0	0	0	0	0	0	0	0	0	0	0	0	0	0	0	2004	0
LFQ	63	0	0	0	0	0	0	0	0	0	0	0	0	0	0	0	0	0	0	0	0	0	0	0	0	0	0	0	0	0	0	2004	0
LFQ	64	0	0	0	0	0	0	0	0	0	0	0	0	0	0	0	0	0	0	0	0	0	0	0	0	0	0	0	0	0	0	2004	0
LFQ	65	0	0	0	0	0	0	0	0	0	0	0	0	0	0	0	0	0	0	0	0	0	0	0	0	0	0	0	0	0	0	2004	0
LFQ	66	0	0	0	0	0	0	0	0	0	0	0	0	0	0	0	0	0	0	0	0	0	0	0	0	0	0	0	0	0	0	2004	0
LFQ	67	0	0	0	0	0	0	0	0	0	0	0	0	0	0	0	0	0	0	0	0	0	0	0	0	0	0	0	0	0	0	2004	0
LFQ	68	0	0	0	0	0	0	0	0	0	0	0	0	0	0	0	0	0	0	0	0	0	0	0	0	0	0	0	0	0	0	2004	0
LFQ	69	0	0	0	0	0	0	0	0	0	0	0	0	0	0	0	0	0	0	0	0	0	0	0	0	0	0	0	0	0	0	2004	0
LFQ	70	0	0	0	0	0	0	0	0	0	0	0	0	0	0	0	0	0	0	0	0	0	0	0	0	0	0	0	0	0	0	2004	0
LFQ	71	0	0	0	0	0	0	0	0	0	0	0	0	0	0	0	0	0	0	0	0	0	0	0	0	0	0	0	0	0	0	2004	0
LFQ	72	0	0	0	0	0	0	0	0	0	0	0	0	0	0	0	0	0	0	0	0	0	0	0	0	0	0	0	0	0	0	2004	0
LFQ	73	0	0	0	0	0	0	0	0	0	0	0	0	0	0	0	0	0	0	0	0	0	0	0	0	0	0	0	0	0	0	2004	0
LFQ	74	0	0	0	0	0	0	0	0	0	0	0	0	0	0	0	0	0	0	0	0	0	0	0	0	0	0	0	0	0	0	2004	0
LFQ	75	0	0	0	0	0	0	0	0	0	0	0	0	0	0	0	0	0	0	0	0	0	0	0	0	0	0	0	0	0	0	2004	0
LFQ	76	0	0	0	0	0	0	0	0	0	0	0	0	0	0	0	0	0	0	0	0	0	0	0	0	0	0	0	0	0	0	2004	0
LFQ	77	0	0	0	0	0	0	0	0	0	0	0	0	0	0	0	0	0	0	0	0	0	0	0	0	0	0	0	0	0	0	2004	0
LFQ	78	0	0	0	0	0	0	0	0	0	0	0	0	0	0	0	0	0	0	0	0	0	0	0	0	0	0	0	0	0	0	2004	0
LFQ	79	0	0	0	0	0	0	0	0	0	0	0	0	0	0	0	0	0	0	0	0	0	0	0	0	0	0	0	0	0	0	2004	0
LFQ	80	0	0	0	0	0	0	0	0	0	0	0	0	0	0	0	0	0	0	0	0	0	0	0	0	0	0	0	0	0	0	2004	0
LFQ	81	0	0	0	0	0	0	0	0	0	0	0	0	0	0	0	0	0	0	0	0	0	0	0	0	0	0	0	0	0	0	2004	0
LFQ	82	0	0	0	0	0	0	0	0	0	0	0	0	0	0	0	0	0	0	0	0	0	0	0	0	0	0	0	0	0	0	2004	0
LFQ	83	0	0	0	0	0	0	0	0	0	0	0	0	0	0	0	0	0	0	0	0	0	0	0	0	0	0	0	0	0	0	2004	0
LFQ	84	0	0	0	0	0	0	0	0	0	0	0	0	0	0	0	0	0	0	0	0	0	0	0	0	0	0	0	0	0	0	2004	0
LFQ	85	0	0	0	0	0	0	0	0	0	0	0	0	0	0	0	0	0	0	0	0	0	0	0	0	0	0	0	0	0	0	2004	0
LFQ	86	0	0	0	0	0	0	0	0	0	0	0	0	0	0	0	0	0	0	0	0	0	0	0	0	0	0	0	0	0	0	2004	0
LFQ	87	0	0	0	0	0	0	0	0	0	0	0	0	0	0	0	0	0	0	0	0	0	0	0	0	0	0	0	0	0	0	2004	0
LFQ	88	0	0	0	0	0	0	0	0	0	0	0	0	0	0	0	0	0	0	0	0	0	0	0	0	0	0	0	0	0	0	2004	0
LFQ	89	0	0	0	0	0	0	0	0	0	0	0	0	0	0	0	0	0	0	0	0	0	0	0	0	0	0	0	0	0	0	2004	0
LFQ	90	0	0	0	0	0	0	0	0	0	0	0	0	0	0	0	0	0	0	0	0	0	0	0	0	0	0	0	0	0	0	2004	0
LFQ	91	0	0	0	0	0	0	0	0	0	0	0	0	0	0	0	0	0	0	0	0	0	0	0	0	0	0	0	0	0	0	2004	0
LFQ	92	0	0	0	0	0	0	0	0	0	0	0	0	0	0	0	0	0	0	0	0	0	0	0	0	0	0	0	0	0	0	2004	0
LFQ	93	0	0	0	0	0	0	0	0	0	0	0	0	0	0	0	0	0	0	0	0	0	0	0	0	0	0	0	0	0	0	2004	0
LFQ	94	0	0	0	0	0	0	0	0	0	0	0	0	0	0	0	0	0	0	0	0	0	0	0	0	0	0	0	0	0	0	2004	0
LFQ	95	0	0	0	0	0	0	0	0	0	0	0	0	0	0	0	0	0	0	0	0	0	0	0	0	0	0	0	0	0	0	2004	0
LFQ	96	0	0	0	0	0	0	0	0	0	0	0	0	0	0	0	0	0	0	0	0	0	0	0	0	0	0	0	0	0	0	2004	0
LFQ	97	0	0	0	0	0	0	0	0	0	0	0	0	0	0	0	0	0	0	0	0	0	0	0	0	0	0	0	0	0	0	2004	0
LFQ	98	0	0	0	0	0	0	0	0	0	0	0	0	0	0	0	0	0	0	0	0	0	0	0	0	0	0	0	0	0	0	2004	0
LFQ	99	0	0	0	0	0	0	0	0	0	0	0	0	0	0	0	0	0	0	0	0	0	0	0	0	0	0	0	0	0	0	2004	0
LFQ	100	0	0	0	0	0	0	0	0	0	0	0	0	0	0	0	0	0	0	0	0	0	0	0	0	0	0	0	0	0	0	2004	0
LFQ	101	0	0	0	0	0	0	0	0	0	0	0	0	0	0	0	0	0	0	0	0	0	0	0	0	0	0	0	0	0	0	2004	0
LFQ	102	0	0	0	0	0	0	0	0	0	0	0	0	0	0	0	0	0	0	0	0	0	0	0	0	0	0	0	0	0	0	2004	0
LFQ	103	0	0	0	0	0	0	0	0	0	0	0	0	0	0	0	0	0	0	0	0	0	0	0	0	0	0	0	0	0	0	2004	0
LFQ	104	0	0	0	0	0	0	0	0	0	0	0	0	0	0	0	0	0	0	0	0	0	0	0	0	0	0	0	0	0	0	2004	0
LFQ	105	0	0	0	0	0	0	0	0	0	0	0	0	0	0	0	0	0	0	0	0	0	0	0	0	0	0	0	0	0	0	2004	0
LFQ	106	0	0	0	0	0	0	0	0	0	0	0	0	0	0	0	0	0	0	0	0	0	0	0	0	0	0	0	0	0	0	2004	0
LFQ	107	0	0	0	0	0	0	0	0	0	0	0	0	0	0	0	0	0	0	0	0	0	0	0	0	0	0	0	0	0	0	2004	0
LFQ	108	0	0	0	0	0	0	0	0	0	0	0	0	0	0	0	0	0	0	0	0	0	0	0	0	0	0	0	0	0	0	2004	0
LFQ	109	0	0	0	0	0	0	0	0	0	0	0	0	0	0	0	0	0	0	0	0	0	0	0	0	0	0	0	0	0	0	2004	0
LFQ	110	0	0	0	0	0	0	0	0	0	0	0	0	0	0	0	0	0	0	0	0	0	0	0	0	0	0	0	0	0	0	2004	0
LFQ	111	0	0	0	0	0	0	0	0	0	0	0	0	0	0	0	0	0	0	0	0	0	0	0	0	0	0	0	0	0	0	2004	0
LFQ	112	0	0	0	0	0	0	0	0	0	0	0	0	0	0	0	0	0	0	0	0	0	0	0	0	0	0	0	0	0	0	2004	0
LFQ	113	0	0	0	0	0	0	0	0	0	0	0	0	0	0	0	0	0	0	0	0	0	0	0	0	0	0	0	0	0	0	2004	0
LFQ	114	0	0	0	0	0	0	0	0	0	0	0	0	0	0	0	0	0	0	0	0	0	0	0	0	0	0	0	0	0	0	2004	0
LFQ	115	0	0	0	0	0	0	0	0	0	0	0	0	0	0	0	0	0	0	0	0	0	0	0	0	0	0	0	0	0	0	2004	0
LFQ	116	0	0	0	0	0	0	0	0	0	0	0	0	0	0	0	0	0	0	0	0	0	0	0	0	0	0	0	0	0	0	2004	0
LFQ	117	0	0	0	0	0	0	0	0	0	0	0	0	0	0	0	0	0	0	0	0	0	0	0	0	0	0	0	0	0	0	2004	0
LFQ	118	0	0	0	0	0	0	0	0	0	0	0	0	0	0	0	0	0	0	0	0	0	0	0	0	0	0	0	0	0	0	2004	0
LFQ	119	0	0	0	0	0	0	0	0	0	0	0	0	0	0	0	0	0	0	0	0	0	0	0	0	0	0	0	0	0	0	2004	0
LFQ	120	0	0	0	0	0	0	0	0	0	0	0	0	0	0	0	0	0	0	0	0	0	0	0	0	0	0	0	0	0	0	2004	0
LFQ	121	0	0	0	0	0	0	0	0	0	0	0	0	0	0	0	0	0	0	0	0	0	0	0	0	0	0	0	0	0	0	2004	0
LFQ	122	0	0	0	0	0	0	0	0	0	0	0	0	0	0	0	0	0	0	0	0	0	0	0	0	0	0	0	0	0	0	2004	0
LFQ	123	0	0	0	0	0	0	0	0	0	0	0	0	0	0	0	0	0	0	0	0	0	0	0	0	0	0	0	0	0	0	2004	0
LFQ	124	0	0	0	0	0	0	0	0	0	0	0	0	0	0	0	0	0	0	0	0	0	0	0	0	0	0	0	0	0	0	2004	0
LFQ	125	0	0	0	0	0	0	0	0	0	0	0	0	0	0	0	0	0	0	0	0	0	0	0	0	0	0	0	0	0	0	2004	0
LFQ	126	0	0	0	0	0	0	0	0	0	0	0	0	0	0	0	0	0	0	0	0	0	0	0	0	0	0	0	0	0	0	2004	0
LFQ	127	0	0	0	0	0	0	0	0	0	0	0	0	0	0	0	0	0	0	0	0	0	0	0	0	0	0	0	0	0	0	2004	0
LFQ	128	0	0	0	0	0	0	0	0	0	0	0	0	0	0	0	0	0	0	0	0	0	0	0	0	0	0	0	0	0	0	2004	0
LFQ	129	0	0	0	0	0	0	0	0	0	0	0	0	0	0	0	0	0	0	0	0	0	0	0	0	0	0	0	0	0	0	2004	0
LFQ	130	0	0	0	0	0	0	0	0	0	0	0	0	0	0	0	0	0	0	0	0	0	0	0	0	0	0	0	0	0	0	2004	0
LFQ	131	0	0	0	0	0	0	0	0	0	0	0	0	0	0	0	0	0	0	0	0	0	0	0	0	0	0	0	0	0	0	2004	0
LFQ	132	0	0	0	0	0	0	0	0	0	0	0	0	0	0	0	0	0	0	0	0	0	0	0	0	0	0	0	0	0	0	2004	0
LFQ	133	0	0	0	0	0	0	0	0	0	0	0	0	0	0	0	0	0	0	0	0	0	0	0	0	0	0	0	0	0	0	2004	0
LFQ	134	0	0	0	0	0	0	0	0	0	0	0	0	0	0	0	0	0	0	0	0	0	0	0	0	0	0	0	0	0	0	2004	0
LFQ	135	0	0	0	0	0	0	0	0	0	0	0	0	0	0	0	0	0	0	0	0	0	0	0	0	0	0	0	0	0	0	2004	0
LFQ	136	0	0	0	0	0	0	0	0	0	0	0	0	0	0	0	0	0	0	0	0	0	0	0	0	0	0	0	0	0	0	2004	0
LFQ	137	0	0	0	0	0	0	0	0	0	0	0	0	0	0	0	0	0	0	0	0	0	0	0	0	0	0	0	0	0	0	2004	0
LFQ	138	0	0	0	0	0	0	0	0	0	0	0	0	0	0	0	0	0	0	0	0	0	0	0	0	0	0	0	0	0	0	2004	0
LFQ	139	0	0	0	0	0	0	0	0	0	0	0	0	0	0	0	0	0	0	0	0	0	0	0	0	0	0	0	0	0	0	2004	0
LFQ	140	0	0	0	0	0	0	0	0	0	0	0	0	0	0	0	0	0	0	0	0	0	0	0	0	0	0	0	0	0	0	2004	0
LFQ	141	0	0	0	0	0	0	0	0	0	0	0	0	0	0	0	0	0	0	0	0	0	0	0	0	0	0	0	0	0	0	2004	0
LFQ	142	0	0	0	0	0	0	0	0	0	0	0	0	0	0	0	0	0	0	0	0	0	0	0	0	0	0	0	0	0	0	2004	0
LFQ	143	0	0	0	0	0	0	0	0	0	0	0	0	0	0	0	0	0	0	0	0	0	0	0	0	0	0	0	0	0	0	2004	0
LFQ	144	0	0	0	0	0	0	0	0	0	0	0	0	0	0	0	0	0	0	0	0	0	0	0	0	0	0	0	0	0	0	2004	0
LFQ	145	0	0	0	0	0	0	0	0	0	0	0	0	0	0	0	0	0	0	0	0	0	0	0	0	0	0	0	0	0	0	2004	0
LFQ	146	0	0	0	0	0	0	0	0	0	0	0	0	0	0	0	0	0	0	0	0	0	0	0	0	0	0	0	0	0	0	2004	0
LFQ	147	0	0	0	0	0	0	0	0	0	0	0	0	0	0	0	0	0	0	0	0	0	0	0	0	0	0	0	0	0	0	2004	0
LFQ	148	0	0	0	0	0	0	0	0	0	0	0	0	0	0	0	0	0	0	0	0	0	0	0	0	0	0	0	0	0	0	2004	0
LFQ	149	0	0	0	0	0	0	0	0	0	0	0	0	0	0	0	0	0	0	0	0	0	0	0	0	0	0	0	0	0	0	2004	0
LFQ	150	0	0	0	0	0	0	0	0	0	0	0	0	0	0	0	0	0	0	0	0	0	0	0	0	0	0	0	0	0	0	2004	0
# GC Content of first fragments. Use `grep ^GCF | cut -f 2-` to extract this part.
GCF	3.52	0
GCF	7.79	1
GCF	11.56	0
GCF	15.08	1
GCF	16.08	0
GCF	16.83	1
GCF	17.34	0
GCF	18.09	1
GCF	18.84	2
GCF	19.35	1
GCF	20.35	0
GCF	21.36	2
GCF	22.11	5
GCF	22.86	3
GCF	23.37	5
GCF	24.12	10
GCF	24.87	15
GCF	25.38	11
GCF	26.13	17
GCF	26.88	18
GCF	27.39	24
GCF	28.14	18
GCF	28.89	39
GCF	29.40	29
GCF	30.15	30
GCF	30.90	33
GCF	31.41	36
GCF	32.16	53
GCF	32.91	51
GCF	33.42	74
GCF	33.92	63
GCF	34.67	68
GCF	35.43	72
GCF	35.93	73
GCF	36.68	77
GCF	37.44	90
GCF	37.94	81
GCF	38.69	73
GCF	39.45	68
GCF	39.95	74
GCF	40.70	67
GCF	41.46	62
GCF	41.96	63
GCF	42.71	62
GCF	43.47	47
GCF	43.97	44
GCF	44.72	47
GCF	45.48	46
GCF	45.98	53
GCF	46.73	47
GCF	47.49	45
GCF	47.99	31
GCF	48.74	22
GCF	49.50	18
GCF	50.00	13
GCF	50.75	19
GCF	51.51	15
GCF	52.01	13
GCF	52.76	8
GCF	53.52	7
GCF	54.02	3
GCF	54.77	10
GCF	55.53	3
GCF	56.03	9
GCF	56.78	4
GCF	57.54	8
GCF	58.04	2
GCF	58.79	3
GCF	59.55	0
GCF	60.05	1
GCF	60.80	3
GCF	61.56	0
GCF	62.06	2
GCF	62.81	0
GCF	63.57	2
GCF	64.07	1
GCF	66.08	0
GCF	68.34	1
GCF	69.85	0
GCF	71.36	1
# GC Content of last fragments. Use `grep ^GCL | cut -f 2-` to extract this part.
GCL	7.29	0
GCL	14.82	1
GCL	15.83	0
GCL	17.59	1
GCL	18.84	0
GCL	19.35	1
GCL	20.10	0
GCL	20.85	2
GCL	21.36	8
GCL	22.11	3
GCL	22.86	6
GCL	23.37	7
GCL	24.12	13
GCL	24.87	10
GCL	25.38	11
GCL	26.13	15
GCL	26.88	12
GCL	27.39	21
GCL	28.14	32
GCL	28.89	24
GCL	29.40	42
GCL	30.15	41
GCL	30.90	26
GCL	31.41	49
GCL	32.16	57
GCL	32.91	42
GCL	33.42	58
GCL	33.92	67
GCL	34.67	71
GCL	35.43	93
GCL	35.93	72
GCL	36.68	89
GCL	37.44	66
GCL	37.94	59
GCL	38.69	69
GCL	39.45	62
GCL	39.95	60
GCL	40.70	68
GCL	41.46	71
GCL	41.96	68
GCL	42.71	63
GCL	43.47	50
GCL	43.97	63
GCL	44.72	48
GCL	45.48	47
GCL	45.98	37
GCL	46.73	38
GCL	47.49	40
GCL	47.99	34
GCL	48.99	22
GCL	50.00	19
GCL	50.75	15
GCL	51.51	13
GCL	52.01	15
GCL	52.76	13
GCL	53.52	11
GCL	54.02	4
GCL	54.77	10
GCL	55.53	7
GCL	57.04	4
GCL	58.79	1
GCL	59.55	0
GCL	60.05	4
GCL	60.80	2
GCL	61.56	1
GCL	62.06	2
GCL	63.07	0
GCL	64.07	1
GCL	64.82	0
GCL	65.58	3
GCL	66.08	0
GCL	66.58	1
GCL	67.34	0
GCL	68.34	1
GCL	69.60	0
GCL	70.60	1
# ACGT content per cycle. Use `grep ^GCC | cut -f 2-` to extract this part. The columns are: cycle; A,C,G,T base counts as a percentage of all A/C/G/T bases [%]; and N and O counts as a percentage of all A/C/G/T bases [%]
GCC	1	31.02	20.74	18.47	29.77	0.02	0.00
GCC	2	30.91	20.43	18.96	29.69	0.00	0.00
GCC	3	32.36	19.39	19.46	28.79	0.00	0.00
GCC	4	30.06	19.61	18.51	31.81	0.00	0.00
GCC	5	31.01	19.34	19.11	30.54	0.00	0.00
GCC	6	30.11	19.74	20.23	29.92	0.00	0.00
GCC	7	31.16	18.84	18.26	31.74	0.00	0.00
GCC	8	29.04	19.64	19.49	31.84	0.00	0.00
GCC	9	30.99	20.26	18.44	30.31	0.00	0.00
GCC	10	29.77	20.71	19.11	30.41	0.00	0.00
GCC	11	31.86	18.59	18.49	31.06	0.00	0.00
GCC	12	30.41	19.61	19.26	30.71	0.00	0.00
GCC	13	30.49	19.54	18.41	31.56	0.00	0.00
GCC	14	31.19	20.43	17.84	30.54	0.00	0.00
GCC	15	31.01	18.96	19.39	30.64	0.00	0.00
GCC	16	32.49	18.81	18.46	30.24	0.00	0.00
GCC	17	30.31	20.43	18.51	30.74	0.00	0.00
GCC	18	29.24	20.93	17.76	32.06	0.00	0.00
GCC	19	30.19	19.26	19.59	30.96	0.00	0.00
GCC	20	31.51	19.41	18.96	30.11	0.00	0.00
GCC	21	29.74	19.54	19.76	30.96	0.00	0.00
GCC	22	31.81	20.18	17.39	30.61	0.00	0.00
GCC	23	30.51	20.13	18.39	30.96	0.00	0.00
GCC	24	31.09	20.03	17.89	30.99	0.00	0.00
GCC	25	29.94	20.41	18.74	30.91	0.00	0.00
GCC	26	31.36	20.46	18.16	30.01	0.00	0.00
GCC	27	29.67	20.18	19.01	31.14	0.00	0.00
GCC	28	29.64	21.11	18.71	30.54	0.00	0.00
GCC	29	28.92	20.36	18.66	32.06	0.00	0.00
GCC	30	29.77	20.53	17.64	32.06	0.00	0.00
GCC	31	32.01	18.49	18.11	31.39	0.00	0.00
GCC	32	30.59	19.89	18.49	31.04	0.00	0.00
GCC	33	29.87	20.18	18.71	31.24	0.00	0.00
GCC	34	29.87	20.88	18.46	30.79	0.00	0.00
GCC	35	30.66	19.36	18.21	31.76	0.00	0.00
GCC	36	29.57	19.81	19.11	31.51	0.00	0.00
GCC	37	30.51	20.01	18.91	30.56	0.00	0.00
GCC	38	30.81	19.31	18.64	31.24	0.00	0.00
GCC	39	30.99	19.86	18.39	30.76	0.00	0.00
GCC	40	30.59	20.18	18.99	30.24	0.00	0.00
GCC	41	31.11	19.96	18.86	30.06	0.00	0.00
GCC	42	29.54	20.66	18.74	31.06	0.00	0.00
GCC	43	29.74	19.94	19.31	31.01	0.00	0.00
GCC	44	30.34	19.39	18.69	31.59	0.00	0.00
GCC	45	29.79	19.56	19.34	31.31	0.00	0.00
GCC	46	31.94	19.81	19.01	29.24	0.00	0.00
GCC	47	30.84	19.76	19.19	30.21	0.00	0.00
GCC	48	30.86	20.51	18.56	30.06	0.00	0.00
GCC	49	31.19	20.81	18.14	29.87	0.00	0.00
GCC	50	30.36	19.44	18.54	31.66	0.00	0.00
GCC	51	31.79	21.58	17.42	29.22	0.00	0.00
GCC	52	30.76	19.29	19.11	30.84	0.00	0.00
GCC	53	29.92	19.51	18.81	31.76	0.00	0.00
GCC	54	30.84	19.89	18.91	30.36	0.00	0.00
GCC	55	29.59	19.71	19.59	31.11	0.00	0.00
GCC	56	31.06	18.91	18.89	31.14	0.00	0.00
GCC	57	30.04	20.18	19.74	30.04	0.00	0.00
GCC	58	30.44	20.61	19.71	29.24	0.00	0.00
GCC	59	30.16	19.59	19.41	30.84	0.00	0.00
GCC	60	29.87	19.89	19.09	31.16	0.00	0.00
GCC	61	31.29	19.36	18.81	30.54	0.00	0.00
GCC	62	31.64	19.09	19.29	29.99	0.00	0.00
GCC	63	31.89	19.29	18.61	30.21	0.00	0.00
GCC	64	30.29	19.99	17.84	31.89	0.00	0.00
GCC	65	30.64	20.28	17.29	31.79	0.00	0.00
GCC	66	29.62	19.86	19.11	31.41	0.00	0.00
GCC	67	31.24	19.49	19.11	30.16	0.00	0.00
GCC	68	29.59	20.38	18.79	31.24	0.00	0.00
GCC	69	30.69	20.73	18.16	30.41	0.00	0.00
GCC	70	30.39	20.76	19.74	29.12	0.00	0.00
GCC	71	30.14	19.39	19.44	31.04	0.00	0.00
GCC	72	30.69	19.84	17.89	31.59	0.00	0.00
GCC	73	31.26	19.49	19.01	30.24	0.00	0.00
GCC	74	30.46	20.16	18.84	30.54	0.00	0.00
GCC	75	31.29	19.34	19.21	30.16	0.00	0.00
GCC	76	31.19	18.51	18.96	31.34	0.00	0.00
GCC	77	29.74	20.51	19.29	30.46	0.00	0.00
GCC	78	29.82	19.81	19.04	31.34	0.00	0.00
GCC	79	31.44	19.24	18.54	30.79	0.00	0.00
GCC	80	30.96	19.51	19.06	30.46	0.00	0.00
GCC	81	30.76	18.91	18.81	31.51	0.00	0.00
GCC	82	30.71	20.01	18.01	31.26	0.00	0.00
GCC	83	31.29	19.31	19.06	30.34	0.00	0.00
GCC	84	31.34	20.31	18.16	30.19	0.00	0.00
GCC	85	30.51	20.08	19.06	30.34	0.00	0.00
GCC	86	29.17	21.21	18.36	31.26	0.00	0.00
GCC	87	31.01	19.89	19.04	30.06	0.00	0.00
GCC	88	31.76	18.96	19.09	30.19	0.00	0.00
GCC	89	29.54	19.64	19.89	30.94	0.00	0.00
GCC	90	29.09	20.46	18.89	31.56	0.00	0.00
GCC	91	30.74	19.81	18.31	31.14	0.00	0.00
GCC	92	32.56	18.99	17.96	30.49	0.00	0.00
GCC	93	29.64	20.43	19.26	30.66	0.00	0.00
GCC	94	30.81	18.89	19.26	31.04	0.00	0.00
GCC	95	29.97	20.71	18.11	31.21	0.00	0.00
GCC	96	31.09	19.91	19.01	29.99	0.00	0.00
GCC	97	30.86	20.28	17.61	31.24	0.00	0.00
GCC	98	31.64	19.41	19.19	29.77	0.00	0.00
GCC	99	30.49	20.28	17.51	31.71	0.00	0.00
GCC	100	31.76	20.11	19.46	28.67	0.00	0.00
GCC	101	31.56	20.01	18.86	29.57	0.00	0.00
GCC	102	30.76	19.46	18.31	31.46	0.00	0.00
GCC	103	31.36	20.46	18.36	29.82	0.00	0.00
GCC	104	31.49	19.29	18.31	30.91	0.00	0.00
GCC	105	31.34	19.81	19.36	29.49	0.00	0.00
GCC	106	30.64	20.03	17.76	31.56	0.00	0.00
GCC	107	31.24	19.56	18.21	30.99	0.00	0.00
GCC	108	32.56	19.04	18.14	30.26	0.00	0.00
GCC	109	30.29	20.86	19.59	29.27	0.00	0.00
GCC	110	31.34	20.13	18.81	29.72	0.00	0.00
GCC	111	30.74	19.74	18.79	30.74	0.00	0.00
GCC	112	29.04	19.99	19.64	31.34	0.00	0.00
GCC	113	28.89	20.68	19.51	30.91	0.00	0.00
GCC	114	29.69	19.34	20.48	30.49	0.00	0.00
GCC	115	30.41	18.89	19.61	31.09	0.00	0.00
GCC	116	29.44	18.79	19.94	31.84	0.00	0.00
GCC	117	31.41	19.36	19.51	29.72	0.00	0.00
GCC	118	30.19	19.59	19.76	30.46	0.00	0.00
GCC	119	29.19	20.56	19.54	30.71	0.00	0.00
GCC	120	31.04	19.46	18.99	30.51	0.00	0.00
GCC	121	30.56	21.06	19.19	29.19	0.00	0.00
GCC	122	31.56	19.31	18.36	30.76	0.00	0.00
GCC	123	30.46	21.03	19.76	28.74	0.00	0.00
GCC	124	30.39	20.26	18.49	30.86	0.00	0.00
GCC	125	31.11	20.36	17.02	31.51	0.00	0.00
GCC	126	29.64	19.99	18.94	31.44	0.00	0.00
GCC	127	30.54	20.16	18.76	30.54	0.00	0.00
GCC	128	30.69	19.94	18.39	30.99	0.00	0.00
GCC	129	31.61	19.46	18.54	30.39	0.00	0.00
GCC	130	30.86	19.46	19.64	30.04	0.00	0.00
GCC	131	29.82	20.66	19.11	30.41	0.00	0.00
GCC	132	31.19	19.81	18.51	30.49	0.00	0.00
GCC	133	30.66	20.58	19.04	29.72	0.00	0.00
GCC	134	29.84	20.46	18.51	31.19	0.00	0.00
GCC	135	29.77	19.29	19.14	31.81	0.00	0.00
GCC	136	30.04	18.99	20.78	30.19	0.00	0.00
GCC	137	30.56	20.71	18.01	30.71	0.00	0.00
GCC	138	30.71	20.01	19.26	30.01	0.00	0.00
GCC	139	30.09	20.23	18.66	31.01	0.00	0.00
GCC	140	31.29	20.98	17.71	30.01	0.00	0.00
GCC	141	30.71	19.56	19.74	29.99	0.00	0.00
GCC	142	31.56	20.01	18.34	30.09	0.00	0.00
GCC	143	30.44	20.61	18.99	29.97	0.00	0.00
GCC	144	30.49	19.94	18.14	31.44	0.00	0.00
GCC	145	29.77	20.78	19.66	29.79	0.00	0.00
GCC	146	29.72	20.03	19.14	31.11	0.00	0.00
GCC	147	30.26	20.06	18.89	30.79	0.00	0.00
GCC	148	31.19	20.26	18.86	29.69	0.00	0.00
GCC	149	31.09	20.58	18.11	30.21	0.00	0.00
GCC	150	31.74	20.29	18.64	29.32	0.00	0.00
# ACGT content per cycle, read oriented. Use `grep ^GCT | cut -f 2-` to extract this part. The columns are: cycle; A,C,G,T base counts as a percentage of all A/C/G/T bases [%]
GCT	1	29.35	19.74	19.47	31.44
GCT	2	30.94	19.76	19.64	29.67
GCT	3	31.14	19.76	19.09	30.01
GCT	4	31.04	20.38	17.74	30.84
GCT	5	31.64	19.66	18.79	29.92
GCT	6	30.59	19.46	20.51	29.44
GCT	7	31.84	19.11	17.99	31.06
GCT	8	30.49	18.99	20.13	30.39
GCT	9	31.54	19.56	19.14	29.77
GCT	10	30.21	19.81	20.01	29.97
GCT	11	32.91	18.14	18.94	30.01
GCT	12	31.26	18.71	20.16	29.87
GCT	13	32.19	18.79	19.16	29.87
GCT	14	30.79	19.09	19.19	30.94
GCT	15	32.24	19.09	19.26	29.42
GCT	16	31.74	18.61	18.66	30.99
GCT	17	30.71	18.44	20.51	30.34
GCT	18	30.16	19.56	19.14	31.14
GCT	19	30.86	19.49	19.36	30.29
GCT	20	30.29	17.84	20.53	31.34
GCT	21	30.84	18.94	20.36	29.87
GCT	22	30.49	18.96	18.61	31.94
GCT	23	30.89	19.46	19.06	30.59
GCT	24	31.59	18.99	18.94	30.49
GCT	25	29.82	19.94	19.21	31.04
GCT	26	30.41	18.71	19.91	30.96
GCT	27	29.44	19.56	19.64	31.36
GCT	28	29.19	19.51	20.31	30.99
GCT	29	31.11	19.06	19.96	29.87
GCT	30	29.67	18.94	19.24	32.16
GCT	31	31.06	17.89	18.71	32.34
GCT	32	30.56	19.61	18.76	31.06
GCT	33	31.81	19.34	19.56	29.29
GCT	34	31.01	19.59	19.76	29.64
GCT	35	31.51	19.41	18.16	30.91
GCT	36	30.51	19.21	19.71	30.56
GCT	37	30.94	19.29	19.64	30.14
GCT	38	32.09	18.39	19.56	29.97
GCT	39	30.89	19.71	18.54	30.86
GCT	40	29.32	19.81	19.36	31.51
GCT	41	29.59	21.03	17.79	31.59
GCT	42	31.51	19.49	19.91	29.09
GCT	43	31.26	19.46	19.79	29.49
GCT	44	31.21	19.81	18.26	30.71
GCT	45	30.04	19.41	19.49	31.06
GCT	46	30.56	19.74	19.09	30.61
GCT	47	30.29	18.66	20.28	30.76
GCT	48	31.14	19.34	19.74	29.79
GCT	49	30.54	19.61	19.34	30.51
GCT	50	31.31	18.39	19.59	30.71
GCT	51	30.91	18.96	20.03	30.09
GCT	52	30.79	19.66	18.74	30.81
GCT	53	30.71	19.61	18.71	30.96
GCT	54	31.29	18.94	19.86	29.92
GCT	55	30.54	20.16	19.14	30.16
GCT	56	31.34	19.39	18.41	30.86
GCT	57	29.89	19.54	20.38	30.19
GCT	58	29.09	20.66	19.66	30.59
GCT	59	30.86	18.99	20.01	30.14
GCT	60	30.79	18.66	20.31	30.24
GCT	61	31.36	19.39	18.79	30.46
GCT	62	31.11	19.56	18.81	30.51
GCT	63	30.69	19.09	18.81	31.41
GCT	64	30.69	18.19	19.64	31.49
GCT	65	31.11	17.66	19.91	31.31
GCT	66	29.09	18.84	20.13	31.94
GCT	67	31.64	19.44	19.16	29.77
GCT	68	30.49	19.34	19.84	30.34
GCT	69	30.01	19.01	19.89	31.09
GCT	70	29.57	20.23	20.26	29.94
GCT	71	30.81	19.61	19.21	30.36
GCT	72	32.11	19.21	18.51	30.16
GCT	73	31.09	19.61	18.89	30.41
GCT	74	31.06	20.16	18.84	29.94
GCT	75	30.69	19.04	19.51	30.76
GCT	76	32.21	19.29	18.19	30.31
GCT	77	30.46	20.23	19.56	29.74
GCT	78	30.91	19.21	19.64	30.24
GCT	79	30.99	18.04	19.74	31.24
GCT	80	30.29	19.69	18.89	31.14
GCT	81	31.16	18.81	18.91	31.11
GCT	82	31.24	18.89	19.14	30.74
GCT	83	30.81	17.79	20.58	30.81
GCT	84	31.16	19.09	19.39	30.36
GCT	85	30.31	20.18	18.96	30.54
GCT	86	30.94	19.14	20.43	29.49
GCT	87	31.06	19.24	19.69	30.01
GCT	88	31.81	19.06	18.99	30.14
GCT	89	29.77	19.81	19.71	30.71
GCT	90	30.36	19.99	19.36	30.29
GCT	91	31.46	18.99	19.14	30.41
GCT	92	31.34	18.71	18.24	31.71
GCT	93	30.29	19.69	20.01	30.01
GCT	94	31.66	19.04	19.11	30.19
GCT	95	30.54	20.38	18.44	30.64
GCT	96	30.16	19.34	19.59	30.91
GCT	97	31.09	19.11	18.79	31.01
GCT	98	30.29	20.16	18.44	31.11
GCT	99	30.16	18.56	19.24	32.04
GCT	100	29.59	19.69	19.89	30.84
GCT	101	30.96	20.11	18.76	30.16
GCT	102	31.09	18.54	19.24	31.14
GCT	103	30.79	18.79	20.03	30.39
GCT	104	30.24	19.74	17.86	32.16
GCT	105	31.14	19.41	19.76	29.69
GCT	106	31.11	18.86	18.94	31.09
GCT	107	30.01	18.64	19.14	32.21
GCT	108	31.74	18.21	18.96	31.09
GCT	109	30.09	21.26	19.19	29.47
GCT	110	29.47	19.96	18.99	31.59
GCT	111	30.49	19.04	19.49	30.99
GCT	112	29.34	19.74	19.89	31.04
GCT	113	30.26	19.41	20.78	29.54
GCT	114	30.76	20.01	19.81	29.42
GCT	115	30.31	19.69	18.81	31.19
GCT	116	31.24	18.94	19.79	30.04
GCT	117	30.89	19.94	18.94	30.24
GCT	118	30.19	19.24	20.11	30.46
GCT	119	29.17	19.44	20.66	30.74
GCT	120	30.14	19.06	19.39	31.41
GCT	121	28.52	20.26	19.99	31.24
GCT	122	31.51	18.01	19.66	30.81
GCT	123	30.31	20.08	20.71	28.89
GCT	124	31.24	18.81	19.94	30.01
GCT	125	31.34	18.14	19.24	31.29
GCT	126	30.66	19.16	19.76	30.41
GCT	127	31.31	18.99	19.94	29.77
GCT	128	30.44	19.29	19.04	31.24
GCT	129	30.26	19.46	18.54	31.74
GCT	130	30.29	20.13	18.96	30.61
GCT	131	29.62	20.16	19.61	30.61
GCT	132	30.09	19.01	19.31	31.59
GCT	133	31.09	20.61	19.01	29.29
GCT	134	30.44	19.71	19.26	30.59
GCT	135	31.26	19.19	19.24	30.31
GCT	136	30.91	20.76	19.01	29.32
GCT	137	30.89	19.49	19.24	30.39
GCT	138	31.46	19.71	19.56	29.27
GCT	139	31.24	20.33	18.56	29.87
GCT	140	30.39	18.49	20.21	30.91
GCT	141	31.14	20.13	19.16	29.57
GCT	142	30.51	19.71	18.64	31.14
GCT	143	30.14	20.91	18.69	30.26
GCT	144	31.24	18.79	19.29	30.69
GCT	145	30.04	20.56	19.89	29.52
GCT	146	30.39	19.91	19.26	30.44
GCT	147	30.21	19.76	19.19	30.84
GCT	148	30.01	20.03	19.09	30.86
GCT	149	31.14	19.84	18.86	30.16
GCT	150	31.52	20.01	18.92	29.55
# ACGT content per cycle for first fragments. Use `grep ^FBC | cut -f 2-` to extract this part. The columns are: cycle; A,C,G,T base counts as a percentage of all A/C/G/T bases [%]; and N and O counts as a percentage of all A/C/G/T bases [%]
FBC	1	30.55	21.77	17.97	29.71	0.05	0.00
FBC	2	30.89	21.31	18.36	29.44	0.00	0.00
FBC	3	33.53	18.21	19.91	28.34	0.00	0.00
FBC	4	29.39	20.66	17.37	32.58	0.00	0.00
FBC	5	31.69	20.06	18.86	29.39	0.00	0.00
FBC	6	30.44	20.41	19.56	29.59	0.00	0.00
FBC	7	31.54	19.36	18.26	30.84	0.00	0.00
FBC	8	28.04	19.51	19.96	32.49	0.00	0.00
FBC	9	29.89	19.56	18.81	31.74	0.00	0.00
FBC	10	29.99	21.11	19.01	29.89	0.00	0.00
FBC	11	32.83	18.76	18.86	29.54	0.00	0.00
FBC	12	30.84	20.26	18.81	30.09	0.00	0.00
FBC	13	29.59	20.41	17.47	32.53	0.00	0.00
FBC	14	31.24	20.46	17.91	30.39	0.00	0.00
FBC	15	31.04	19.06	19.36	30.54	0.00	0.00
FBC	16	32.68	19.71	17.86	29.74	0.00	0.00
FBC	17	30.99	20.21	18.41	30.39	0.00	0.00
FBC	18	30.14	21.56	17.02	31.29	0.00	0.00
FBC	19	29.04	20.36	19.66	30.94	0.00	0.00
FBC	20	31.44	19.21	19.26	30.09	0.00	0.00
FBC	21	29.59	19.01	21.06	30.34	0.00	0.00
FBC	22	32.58	21.16	16.67	29.59	0.00	0.00
FBC	23	31.34	19.71	17.76	31.19	0.00	0.00
FBC	24	30.84	20.16	18.21	30.79	0.00	0.00
FBC	25	29.44	21.06	19.11	30.39	0.00	0.00
FBC	26	31.24	20.01	18.11	30.64	0.00	0.00
FBC	27	30.34	20.01	19.31	30.34	0.00	0.00
FBC	28	29.74	21.56	18.46	30.24	0.00	0.00
FBC	29	28.44	20.26	18.96	32.34	0.00	0.00
FBC	30	30.44	20.31	17.91	31.34	0.00	0.00
FBC	31	31.74	19.46	18.26	30.54	0.00	0.00
FBC	32	31.84	19.31	18.66	30.19	0.00	0.00
FBC	33	29.14	19.61	19.51	31.74	0.00	0.00
FBC	34	30.89	20.06	17.76	31.29	0.00	0.00
FBC	35	31.34	19.11	19.46	30.09	0.00	0.00
FBC	36	29.29	20.46	19.81	30.44	0.00	0.00
FBC	37	30.19	20.81	18.01	30.99	0.00	0.00
FBC	38	31.69	19.51	18.66	30.14	0.00	0.00
FBC	39	31.29	20.11	18.36	30.24	0.00	0.00
FBC	40	30.04	21.91	18.71	29.34	0.00	0.00
FBC	41	31.04	19.71	19.41	29.84	0.00	0.00
FBC	42	28.59	21.26	19.56	30.59	0.00	0.00
FBC	43	29.69	19.21	19.01	32.09	0.00	0.00
FBC	44	29.89	19.41	19.56	31.14	0.00	0.00
FBC	45	29.59	19.46	18.76	32.19	0.00	0.00
FBC	46	33.23	19.96	18.81	27.99	0.00	0.00
FBC	47	32.24	19.21	18.46	30.09	0.00	0.00
FBC	48	31.09	21.51	18.26	29.14	0.00	0.00
FBC	49	30.84	21.66	18.11	29.39	0.00	0.00
FBC	50	31.39	19.11	17.86	31.64	0.00	0.00
FBC	51	32.24	21.86	16.92	28.99	0.00	0.00
FBC	52	30.54	19.81	18.96	30.69	0.00	0.00
FBC	53	30.04	19.36	20.06	30.54	0.00	0.00
FBC	54	30.54	20.11	18.41	30.94	0.00	0.00
FBC	55	29.59	18.91	19.96	31.54	0.00	0.00
FBC	56	31.84	18.41	17.91	31.84	0.00	0.00
FBC	57	30.49	20.36	20.06	29.09	0.00	0.00
FBC	58	30.69	20.91	19.76	28.64	0.00	0.00
FBC	59	31.19	19.36	18.96	30.49	0.00	0.00
FBC	60	28.79	20.16	19.21	31.84	0.00	0.00
FBC	61	31.29	20.36	19.01	29.34	0.00	0.00
FBC	62	31.39	19.26	19.81	29.54	0.00	0.00
FBC	63	31.54	18.91	19.26	30.29	0.00	0.00
FBC	64	31.59	19.11	17.27	32.04	0.00	0.00
FBC	65	30.89	19.46	17.37	32.29	0.00	0.00
FBC	66	30.79	19.66	19.06	30.49	0.00	0.00
FBC	67	31.74	19.36	18.91	29.99	0.00	0.00
FBC	68	29.84	20.06	19.41	30.69	0.00	0.00
FBC	69	30.89	20.91	17.27	30.94	0.00	0.00
FBC	70	31.04	20.41	19.76	28.79	0.00	0.00
FBC	71	30.04	19.06	20.01	30.89	0.00	0.00
FBC	72	31.39	19.21	16.97	32.44	0.00	0.00
FBC	73	31.04	20.01	19.06	29.89	0.00	0.00
FBC	74	28.54	20.76	19.51	31.19	0.00	0.00
FBC	75	30.54	18.66	19.71	31.09	0.00	0.00
FBC	76	30.99	18.01	18.36	32.63	0.00	0.00
FBC	77	30.34	19.76	19.26	30.64	0.00	0.00
FBC	78	28.74	20.16	19.26	31.84	0.00	0.00
FBC	79	32.14	19.41	17.37	31.09	0.00	0.00
FBC	80	30.29	19.61	19.76	30.34	0.00	0.00
FBC	81	28.94	19.06	19.36	32.63	0.00	0.00
FBC	82	31.59	18.76	18.06	31.59	0.00	0.00
FBC	83	30.89	19.61	18.81	30.69	0.00	0.00
FBC	84	31.44	20.16	18.41	29.99	0.00	0.00
FBC	85	30.24	20.01	19.31	30.44	0.00	0.00
FBC	86	30.39	20.16	18.56	30.89	0.00	0.00
FBC	87	30.89	18.71	18.66	31.74	0.00	0.00
FBC	88	30.99	19.16	17.86	31.99	0.00	0.00
FBC	89	29.69	19.86	19.76	30.69	0.00	0.00
FBC	90	28.79	20.11	19.06	32.04	0.00	0.00
FBC	91	30.54	20.56	18.26	30.64	0.00	0.00
FBC	92	31.44	19.51	17.07	31.99	0.00	0.00
FBC	93	29.79	21.26	19.11	29.84	0.00	0.00
FBC	94	32.34	18.91	18.71	30.04	0.00	0.00
FBC	95	30.39	20.06	18.01	31.54	0.00	0.00
FBC	96	30.89	19.76	19.46	29.89	0.00	0.00
FBC	97	31.49	20.26	16.07	32.19	0.00	0.00
FBC	98	30.79	19.31	20.06	29.84	0.00	0.00
FBC	99	30.04	20.51	17.66	31.79	0.00	0.00
FBC	100	31.29	20.81	20.11	27.79	0.00	0.00
FBC	101	33.63	18.21	18.01	30.14	0.00	0.00
FBC	102	31.34	19.01	17.91	31.74	0.00	0.00
FBC	103	31.24	20.81	19.11	28.84	0.00	0.00
FBC	104	30.34	19.41	18.81	31.44	0.00	0.00
FBC	105	31.09	20.71	19.56	28.64	0.00	0.00
FBC	106	30.49	20.41	18.06	31.04	0.00	0.00
FBC	107	31.59	20.06	18.76	29.59	0.00	0.00
FBC	108	32.14	19.36	17.71	30.79	0.00	0.00
FBC	109	30.24	21.56	19.06	29.14	0.00	0.00
FBC	110	31.64	21.06	18.01	29.29	0.00	0.00
FBC	111	30.74	19.46	18.41	31.39	0.00	0.00
FBC	112	29.34	21.26	18.41	30.99	0.00	0.00
FBC	113	29.09	20.26	19.26	31.39	0.00	0.00
FBC	114	30.09	19.26	18.91	31.74	0.00	0.00
FBC	115	29.54	19.31	19.26	31.89	0.00	0.00
FBC	116	30.29	18.66	19.71	31.34	0.00	0.00
FBC	117	31.69	18.66	18.91	30.74	0.00	0.00
FBC	118	30.69	19.51	19.01	30.79	0.00	0.00
FBC	119	28.94	21.16	19.31	30.59	0.00	0.00
FBC	120	31.04	18.91	18.96	31.09	0.00	0.00
FBC	121	31.34	20.91	19.16	28.59	0.00	0.00
FBC	122	31.14	19.86	17.91	31.09	0.00	0.00
FBC	123	31.19	19.91	19.96	28.94	0.00	0.00
FBC	124	30.19	21.26	18.41	30.14	0.00	0.00
FBC	125	31.69	19.91	16.97	31.44	0.00	0.00
FBC	126	30.49	19.46	19.11	30.94	0.00	0.00
FBC	127	30.09	20.51	18.41	30.99	0.00	0.00
FBC	128	29.74	20.51	17.71	32.04	0.00	0.00
FBC	129	30.59	19.16	18.56	31.69	0.00	0.00
FBC	130	30.04	19.96	19.66	30.34	0.00	0.00
FBC	131	29.94	21.01	19.46	29.59	0.00	0.00
FBC	132	30.49	19.71	18.86	30.94	0.00	0.00
FBC	133	31.59	19.71	18.31	30.39	0.00	0.00
FBC	134	29.94	20.21	18.51	31.34	0.00	0.00
FBC	135	29.89	19.41	19.01	31.69	0.00	0.00
FBC	136	29.89	18.11	20.16	31.84	0.00	0.00
FBC	137	29.99	20.71	18.16	31.14	0.00	0.00
FBC	138	31.09	20.56	19.91	28.44	0.00	0.00
FBC	139	30.69	20.31	18.01	30.99	0.00	0.00
FBC	140	30.89	21.56	18.06	29.49	0.00	0.00
FBC	141	30.69	19.86	19.01	30.44	0.00	0.00
FBC	142	30.44	19.96	19.31	30.29	0.00	0.00
FBC	143	29.79	20.46	19.81	29.94	0.00	0.00
FBC	144	30.64	19.11	18.01	32.24	0.00	0.00
FBC	145	29.14	21.91	19.96	28.99	0.00	0.00
FBC	146	30.34	18.91	18.56	32.19	0.00	0.00
FBC	147	29.94	19.41	19.46	31.19	0.00	0.00
FBC	148	31.04	19.81	19.36	29.79	0.00	0.00
FBC	149	30.99	20.76	18.41	29.84	0.00	0.00
FBC	150	31.05	21.02	18.82	29.11	0.00	0.00
# ACGT raw counters for first fragments. Use `grep ^FTC | cut -f 2-` to extract this part. The columns are: A,C,G,T,N base counters
FTC	92157	60020	56365	92056	1
# ACGT content per cycle for last fragments. Use `grep ^LBC | cut -f 2-` to extract this part. The columns are: cycle; A,C,G,T base counts as a percentage of all A/C/G/T bases [%]; and N and O counts as a percentage of all A/C/G/T bases [%]
LBC	1	31.49	19.71	18.96	29.84	0.00	0.00
LBC	2	30.94	19.56	19.56	29.94	0.00	0.00
LBC	3	31.19	20.56	19.01	29.24	0.00	0.00
LBC	4	30.74	18.56	19.66	31.04	0.00	0.00
LBC	5	30.34	18.61	19.36	31.69	0.00	0.00
LBC	6	29.79	19.06	20.91	30.24	0.00	0.00
LBC	7	30.79	18.31	18.26	32.63	0.00	0.00
LBC	8	30.04	19.76	19.01	31.19	0.00	0.00
LBC	9	32.09	20.96	18.06	28.89	0.00	0.00
LBC	10	29.54	20.31	19.21	30.94	0.00	0.00
LBC	11	30.89	18.41	18.11	32.58	0.00	0.00
LBC	12	29.99	18.96	19.71	31.34	0.00	0.00
LBC	13	31.39	18.66	19.36	30.59	0.00	0.00
LBC	14	31.14	20.41	17.76	30.69	0.00	0.00
LBC	15	30.99	18.86	19.41	30.74	0.00	0.00
LBC	16	32.29	17.91	19.06	30.74	0.00	0.00
LBC	17	29.64	20.66	18.61	31.09	0.00	0.00
LBC	18	28.34	20.31	18.51	32.83	0.00	0.00
LBC	19	31.34	18.16	19.51	30.99	0.00	0.00
LBC	20	31.59	19.61	18.66	30.14	0.00	0.00
LBC	21	29.89	20.06	18.46	31.59	0.00	0.00
LBC	22	31.04	19.21	18.11	31.64	0.00	0.00
LBC	23	29.69	20.56	19.01	30.74	0.00	0.00
LBC	24	31.34	19.91	17.56	31.19	0.00	0.00
LBC	25	30.44	19.76	18.36	31.44	0.00	0.00
LBC	26	31.49	20.91	18.21	29.39	0.00	0.00
LBC	27	28.99	20.36	18.71	31.94	0.00	0.00
LBC	28	29.54	20.66	18.96	30.84	0.00	0.00
LBC	29	29.39	20.46	18.36	31.79	0.00	0.00
LBC	30	29.09	20.76	17.37	32.78	0.00	0.00
LBC	31	32.29	17.51	17.96	32.24	0.00	0.00
LBC	32	29.34	20.46	18.31	31.89	0.00	0.00
LBC	33	30.59	20.76	17.91	30.74	0.00	0.00
LBC	34	28.84	21.71	19.16	30.29	0.00	0.00
LBC	35	29.99	19.61	16.97	33.43	0.00	0.00
LBC	36	29.84	19.16	18.41	32.58	0.00	0.00
LBC	37	30.84	19.21	19.81	30.14	0.00	0.00
LBC	38	29.94	19.11	18.61	32.34	0.00	0.00
LBC	39	30.69	19.61	18.41	31.29	0.00	0.00
LBC	40	31.14	18.46	19.26	31.14	0.00	0.00
LBC	41	31.19	20.21	18.31	30.29	0.00	0.00
LBC	42	30.49	20.06	17.91	31.54	0.00	0.00
LBC	43	29.79	20.66	19.61	29.94	0.00	0.00
LBC	44	30.79	19.36	17.81	32.04	0.00	0.00
LBC	45	29.99	19.66	19.91	30.44	0.00	0.00
LBC	46	30.64	19.66	19.21	30.49	0.00	0.00
LBC	47	29.44	20.31	19.91	30.34	0.00	0.00
LBC	48	30.64	19.51	18.86	30.99	0.00	0.00
LBC	49	31.54	19.96	18.16	30.34	0.00	0.00
LBC	50	29.34	19.76	19.21	31.69	0.00	0.00
LBC	51	31.34	21.31	17.91	29.44	0.00	0.00
LBC	52	30.99	18.76	19.26	30.99	0.00	0.00
LBC	53	29.79	19.66	17.56	32.98	0.00	0.00
LBC	54	31.14	19.66	19.41	29.79	0.00	0.00
LBC	55	29.59	20.51	19.21	30.69	0.00	0.00
LBC	56	30.29	19.41	19.86	30.44	0.00	0.00
LBC	57	29.59	20.01	19.41	30.99	0.00	0.00
LBC	58	30.19	20.31	19.66	29.84	0.00	0.00
LBC	59	29.14	19.81	19.86	31.19	0.00	0.00
LBC	60	30.94	19.61	18.96	30.49	0.00	0.00
LBC	61	31.29	18.36	18.61	31.74	0.00	0.00
LBC	62	31.89	18.91	18.76	30.44	0.00	0.00
LBC	63	32.24	19.66	17.96	30.14	0.00	0.00
LBC	64	28.99	20.86	18.41	31.74	0.00	0.00
LBC	65	30.39	21.11	17.22	31.29	0.00	0.00
LBC	66	28.44	20.06	19.16	32.34	0.00	0.00
LBC	67	30.74	19.61	19.31	30.34	0.00	0.00
LBC	68	29.34	20.71	18.16	31.79	0.00	0.00
LBC	69	30.49	20.56	19.06	29.89	0.00	0.00
LBC	70	29.74	21.11	19.71	29.44	0.00	0.00
LBC	71	30.24	19.71	18.86	31.19	0.00	0.00
LBC	72	29.99	20.46	18.81	30.74	0.00	0.00
LBC	73	31.49	18.96	18.96	30.59	0.00	0.00
LBC	74	32.39	19.56	18.16	29.89	0.00	0.00
LBC	75	32.04	20.01	18.71	29.24	0.00	0.00
LBC	76	31.39	19.01	19.56	30.04	0.00	0.00
LBC	77	29.14	21.26	19.31	30.29	0.00	0.00
LBC	78	30.89	19.46	18.81	30.84	0.00	0.00
LBC	79	30.74	19.06	19.71	30.49	0.00	0.00
LBC	80	31.64	19.41	18.36	30.59	0.00	0.00
LBC	81	32.58	18.76	18.26	30.39	0.00	0.00
LBC	82	29.84	21.26	17.96	30.94	0.00	0.00
LBC	83	31.69	19.01	19.31	29.99	0.00	0.00
LBC	84	31.24	20.46	17.91	30.39	0.00	0.00
LBC	85	30.79	20.16	18.81	30.24	0.00	0.00
LBC	86	27.94	22.26	18.16	31.64	0.00	0.00
LBC	87	31.14	21.06	19.41	28.39	0.00	0.00
LBC	88	32.53	18.76	20.31	28.39	0.00	0.00
LBC	89	29.39	19.41	20.01	31.19	0.00	0.00
LBC	90	29.39	20.81	18.71	31.09	0.00	0.00
LBC	91	30.94	19.06	18.36	31.64	0.00	0.00
LBC	92	33.68	18.46	18.86	28.99	0.00	0.00
LBC	93	29.49	19.61	19.41	31.49	0.00	0.00
LBC	94	29.29	18.86	19.81	32.04	0.00	0.00
LBC	95	29.54	21.36	18.21	30.89	0.00	0.00
LBC	96	31.29	20.06	18.56	30.09	0.00	0.00
LBC	97	30.24	20.31	19.16	30.29	0.00	0.00
LBC	98	32.49	19.51	18.31	29.69	0.00	0.00
LBC	99	30.94	20.06	17.37	31.64	0.00	0.00
LBC	100	32.24	19.41	18.81	29.54	0.00	0.00
LBC	101	29.49	21.81	19.71	28.99	0.00	0.00
LBC	102	30.19	19.91	18.71	31.19	0.00	0.00
LBC	103	31.49	20.11	17.61	30.79	0.00	0.00
LBC	104	32.63	19.16	17.81	30.39	0.00	0.00
LBC	105	31.59	18.91	19.16	30.34	0.00	0.00
LBC	106	30.79	19.66	17.47	32.09	0.00	0.00
LBC	107	30.89	19.06	17.66	32.39	0.00	0.00
LBC	108	32.98	18.71	18.56	29.74	0.00	0.00
LBC	109	30.34	20.16	20.11	29.39	0.00	0.00
LBC	110	31.04	19.21	19.61	30.14	0.00	0.00
LBC	111	30.74	20.01	19.16	30.09	0.00	0.00
LBC	112	28.74	18.71	20.86	31.69	0.00	0.00
LBC	113	28.69	21.11	19.76	30.44	0.00	0.00
LBC	114	29.29	19.41	22.06	29.24	0.00	0.00
LBC	115	31.29	18.46	19.96	30.29	0.00	0.00
LBC	116	28.59	18.91	20.16	32.34	0.00	0.00
LBC	117	31.14	20.06	20.11	28.69	0.00	0.00
LBC	118	29.69	19.66	20.51	30.14	0.00	0.00
LBC	119	29.44	19.96	19.76	30.84	0.00	0.00
LBC	120	31.04	20.01	19.01	29.94	0.00	0.00
LBC	121	29.79	21.21	19.21	29.79	0.00	0.00
LBC	122	31.99	18.76	18.81	30.44	0.00	0.00
LBC	123	29.74	22.16	19.56	28.54	0.00	0.00
LBC	124	30.59	19.26	18.56	31.59	0.00	0.00
LBC	125	30.54	20.81	17.07	31.59	0.00	0.00
LBC	126	28.79	20.51	18.76	31.94	0.00	0.00
LBC	127	30.99	19.81	19.11	30.09	0.00	0.00
LBC	128	31.64	19.36	19.06	29.94	0.00	0.00
LBC	129	32.63	19.76	18.51	29.09	0.00	0.00
LBC	130	31.69	18.96	19.61	29.74	0.00	0.00
LBC	131	29.69	20.31	18.76	31.24	0.00	0.00
LBC	132	31.89	19.91	18.16	30.04	0.00	0.00
LBC	133	29.74	21.46	19.76	29.04	0.00	0.00
LBC	134	29.74	20.71	18.51	31.04	0.00	0.00
LBC	135	29.64	19.16	19.26	31.94	0.00	0.00
LBC	136	30.19	19.86	21.41	28.54	0.00	0.00
LBC	137	31.14	20.71	17.86	30.29	0.00	0.00
LBC	138	30.34	19.46	18.61	31.59	0.00	0.00
LBC	139	29.49	20.16	19.31	31.04	0.00	0.00
LBC	140	31.69	20.41	17.37	30.54	0.00	0.00
LBC	141	30.74	19.26	20.46	29.54	0.00	0.00
LBC	142	32.68	20.06	17.37	29.89	0.00	0.00
LBC	143	31.09	20.76	18.16	29.99	0.00	0.00
LBC	144	30.34	20.76	18.26	30.64	0.00	0.00
LBC	145	30.39	19.66	19.36	30.59	0.00	0.00
LBC	146	29.09	21.16	19.71	30.04	0.00	0.00
LBC	147	30.59	20.71	18.31	30.39	0.00	0.00
LBC	148	31.34	20.71	18.36	29.59	0.00	0.00
LBC	149	31.19	20.41	17.81	30.59	0.00	0.00
LBC	150	32.44	19.56	18.46	29.54	0.00	0.00
# ACGT raw counters for last fragments. Use `grep ^LTC | cut -f 2-` to extract this part. The columns are: A,C,G,T,N base counters
LTC	91939	59702	56743	92216	0
# Insert sizes. Use `grep ^IS | cut -f 2-` to extract this part. The columns are: insert size, pairs total, inward oriented pairs, outward oriented pairs, other pairs
IS	0	0	0	0	0
IS	1	0	0	0	0
IS	2	0	0	0	0
IS	3	0	0	0	0
IS	4	0	0	0	0
IS	5	0	0	0	0
IS	6	0	0	0	0
IS	7	0	0	0	0
IS	8	0	0	0	0
IS	9	0	0	0	0
IS	10	0	0	0	0
IS	11	0	0	0	0
IS	12	0	0	0	0
IS	13	0	0	0	0
IS	14	0	0	0	0
IS	15	0	0	0	0
IS	16	0	0	0	0
IS	17	0	0	0	0
IS	18	0	0	0	0
IS	19	0	0	0	0
IS	20	0	0	0	0
IS	21	0	0	0	0
IS	22	0	0	0	0
IS	23	0	0	0	0
IS	24	0	0	0	0
IS	25	0	0	0	0
IS	26	0	0	0	0
IS	27	0	0	0	0
IS	28	0	0	0	0
IS	29	0	0	0	0
IS	30	0	0	0	0
IS	31	0	0	0	0
IS	32	0	0	0	0
IS	33	0	0	0	0
IS	34	0	0	0	0
IS	35	0	0	0	0
IS	36	0	0	0	0
IS	37	0	0	0	0
IS	38	0	0	0	0
IS	39	0	0	0	0
IS	40	0	0	0	0
IS	41	0	0	0	0
IS	42	0	0	0	0
IS	43	0	0	0	0
IS	44	0	0	0	0
IS	45	0	0	0	0
IS	46	0	0	0	0
IS	47	0	0	0	0
IS	48	0	0	0	0
IS	49	0	0	0	0
IS	50	0	0	0	0
IS	51	0	0	0	0
IS	52	0	0	0	0
IS	53	0	0	0	0
IS	54	0	0	0	0
IS	55	0	0	0	0
IS	56	0	0	0	0
IS	57	0	0	0	0
IS	58	0	0	0	0
IS	59	0	0	0	0
IS	60	0	0	0	0
IS	61	0	0	0	0
IS	62	0	0	0	0
IS	63	0	0	0	0
IS	64	0	0	0	0
IS	65	0	0	0	0
IS	66	0	0	0	0
IS	67	0	0	0	0
IS	68	0	0	0	0
IS	69	0	0	0	0
IS	70	0	0	0	0
IS	71	0	0	0	0
IS	72	0	0	0	0
IS	73	0	0	0	0
IS	74	0	0	0	0
IS	75	0	0	0	0
IS	76	0	0	0	0
IS	77	0	0	0	0
IS	78	0	0	0	0
IS	79	0	0	0	0
IS	80	0	0	0	0
IS	81	0	0	0	0
IS	82	0	0	0	0
IS	83	0	0	0	0
IS	84	0	0	0	0
IS	85	0	0	0	0
IS	86	0	0	0	0
IS	87	0	0	0	0
IS	88	0	0	0	0
IS	89	0	0	0	0
IS	90	0	0	0	0
IS	91	0	0	0	0
IS	92	0	0	0	0
IS	93	0	0	0	0
IS	94	0	0	0	0
IS	95	0	0	0	0
IS	96	0	0	0	0
IS	97	0	0	0	0
IS	98	0	0	0	0
IS	99	0	0	0	0
IS	100	0	0	0	0
IS	101	0	0	0	0
IS	102	0	0	0	0
IS	103	0	0	0	0
IS	104	0	0	0	0
IS	105	0	0	0	0
IS	106	0	0	0	0
IS	107	0	0	0	0
IS	108	0	0	0	0
IS	109	0	0	0	0
IS	110	0	0	0	0
IS	111	0	0	0	0
IS	112	0	0	0	0
IS	113	0	0	0	0
IS	114	0	0	0	0
IS	115	0	0	0	0
IS	116	0	0	0	0
IS	117	0	0	0	0
IS	118	0	0	0	0
IS	119	0	0	0	0
IS	120	0	0	0	0
IS	121	0	0	0	0
IS	122	0	0	0	0
IS	123	0	0	0	0
IS	124	0	0	0	0
IS	125	0	0	0	0
IS	126	0	0	0	0
IS	127	0	0	0	0
IS	128	0	0	0	0
IS	129	0	0	0	0
IS	130	0	0	0	0
IS	131	0	0	0	0
IS	132	0	0	0	0
IS	133	0	0	0	0
IS	134	0	0	0	0
IS	135	0	0	0	0
IS	136	0	0	0	0
IS	137	0	0	0	0
IS	138	0	0	0	0
IS	139	0	0	0	0
IS	140	0	0	0	0
IS	141	0	0	0	0
IS	142	0	0	0	0
IS	143	0	0	0	0
IS	144	0	0	0	0
IS	145	0	0	0	0
IS	146	0	0	0	0
IS	147	0	0	0	0
IS	148	0	0	0	0
IS	149	0	0	0	0
IS	150	0	0	0	0
IS	151	0	0	0	0
IS	152	0	0	0	0
IS	153	0	0	0	0
IS	154	0	0	0	0
IS	155	0	0	0	0
IS	156	0	0	0	0
IS	157	0	0	0	0
IS	158	0	0	0	0
IS	159	0	0	0	0
IS	160	0	0	0	0
IS	161	0	0	0	0
IS	162	0	0	0	0
IS	163	0	0	0	0
IS	164	0	0	0	0
IS	165	0	0	0	0
IS	166	0	0	0	0
IS	167	0	0	0	0
IS	168	0	0	0	0
IS	169	0	0	0	0
IS	170	0	0	0	0
IS	171	0	0	0	0
IS	172	0	0	0	0
IS	173	0	0	0	0
IS	174	0	0	0	0
IS	175	0	0	0	0
IS	176	0	0	0	0
IS	177	0	0	0	0
IS	178	0	0	0	0
IS	179	0	0	0	0
IS	180	0	0	0	0
IS	181	0	0	0	0
IS	182	0	0	0	0
IS	183	0	0	0	0
IS	184	0	0	0	0
IS	185	0	0	0	0
IS	186	0	0	0	0
IS	187	0	0	0	0
IS	188	0	0	0	0
IS	189	0	0	0	0
IS	190	0	0	0	0
IS	191	0	0	0	0
IS	192	0	0	0	0
IS	193	0	0	0	0
IS	194	0	0	0	0
IS	195	0	0	0	0
IS	196	0	0	0	0
IS	197	0	0	0	0
IS	198	0	0	0	0
IS	199	0	0	0	0
IS	200	0	0	0	0
IS	201	0	0	0	0
IS	202	0	0	0	0
IS	203	0	0	0	0
IS	204	0	0	0	0
IS	205	0	0	0	0
IS	206	0	0	0	0
IS	207	0	0	0	0
IS	208	0	0	0	0
IS	209	0	0	0	0
IS	210	0	0	0	0
IS	211	0	0	0	0
IS	212	0	0	0	0
IS	213	0	0	0	0
IS	214	0	0	0	0
IS	215	0	0	0	0
IS	216	0	0	0	0
IS	217	0	0	0	0
IS	218	0	0	0	0
IS	219	0	0	0	0
IS	220	0	0	0	0
IS	221	0	0	0	0
IS	222	0	0	0	0
IS	223	0	0	0	0
IS	224	0	0	0	0
IS	225	0	0	0	0
IS	226	0	0	0	0
IS	227	0	0	0	0
IS	228	0	0	0	0
IS	229	0	0	0	0
IS	230	0	0	0	0
IS	231	0	0	0	0
IS	232	0	0	0	0
IS	233	0	0	0	0
IS	234	0	0	0	0
IS	235	0	0	0	0
IS	236	0	0	0	0
IS	237	0	0	0	0
IS	238	0	0	0	0
IS	239	0	0	0	0
IS	240	0	0	0	0
IS	241	0	0	0	0
IS	242	0	0	0	0
IS	243	0	0	0	0
IS	244	0	0	0	0
IS	245	0	0	0	0
IS	246	0	0	0	0
IS	247	0	0	0	0
IS	248	0	0	0	0
IS	249	0	0	0	0
IS	250	0	0	0	0
IS	251	0	0	0	0
IS	252	0	0	0	0
IS	253	0	0	0	0
IS	254	0	0	0	0
IS	255	0	0	0	0
IS	256	0	0	0	0
IS	257	0	0	0	0
IS	258	0	0	0	0
IS	259	0	0	0	0
IS	260	0	0	0	0
IS	261	0	0	0	0
IS	262	0	0	0	0
IS	263	0	0	0	0
IS	264	0	0	0	0
IS	265	0	0	0	0
IS	266	0	0	0	0
IS	267	0	0	0	0
IS	268	0	0	0	0
IS	269	0	0	0	0
IS	270	0	0	0	0
IS	271	0	0	0	0
IS	272	0	0	0	0
IS	273	0	0	0	0
IS	274	0	0	0	0
IS	275	0	0	0	0
IS	276	0	0	0	0
IS	277	0	0	0	0
IS	278	0	0	0	0
IS	279	0	0	0	0
IS	280	0	0	0	0
IS	281	0	0	0	0
IS	282	0	0	0	0
IS	283	0	0	0	0
IS	284	0	0	0	0
IS	285	0	0	0	0
IS	286	0	0	0	0
IS	287	0	0	0	0
IS	288	0	0	0	0
IS	289	0	0	0	0
IS	290	0	0	0	0
IS	291	0	0	0	0
IS	292	0	0	0	0
IS	293	0	0	0	0
IS	294	0	0	0	0
IS	295	0	0	0	0
IS	296	0	0	0	0
IS	297	0	0	0	0
IS	298	0	0	0	0
IS	299	0	0	0	0
IS	300	0	0	0	0
IS	301	0	0	0	0
IS	302	0	0	0	0
IS	303	0	0	0	0
IS	304	0	0	0	0
IS	305	0	0	0	0
IS	306	0	0	0	0
IS	307	0	0	0	0
IS	308	0	0	0	0
IS	309	0	0	0	0
IS	310	0	0	0	0
IS	311	0	0	0	0
IS	312	0	0	0	0
IS	313	0	0	0	0
IS	314	0	0	0	0
IS	315	0	0	0	0
IS	316	0	0	0	0
IS	317	0	0	0	0
IS	318	0	0	0	0
IS	319	0	0	0	0
IS	320	0	0	0	0
IS	321	0	0	0	0
IS	322	0	0	0	0
IS	323	0	0	0	0
IS	324	0	0	0	0
IS	325	1	1	0	0
IS	326	0	0	0	0
IS	327	0	0	0	0
IS	328	0	0	0	0
IS	329	0	0	0	0
IS	330	1	1	0	0
IS	331	0	0	0	0
IS	332	0	0	0	0
IS	333	0	0	0	0
IS	334	0	0	0	0
IS	335	0	0	0	0
IS	336	1	1	0	0
IS	337	0	0	0	0
IS	338	0	0	0	0
IS	339	0	0	0	0
IS	340	1	1	0	0
IS	341	0	0	0	0
IS	342	0	0	0	0
IS	343	0	0	0	0
IS	344	1	1	0	0
IS	345	0	0	0	0
IS	346	0	0	0	0
IS	347	0	0	0	0
IS	348	0	0	0	0
IS	349	0	0	0	0
IS	350	0	0	0	0
IS	351	0	0	0	0
IS	352	0	0	0	0
IS	353	0	0	0	0
IS	354	0	0	0	0
IS	355	0	0	0	0
IS	356	0	0	0	0
IS	357	1	1	0	0
IS	358	1	1	0	0
IS	359	0	0	0	0
IS	360	0	0	0	0
IS	361	0	0	0	0
IS	362	1	1	0	0
IS	363	1	1	0	0
IS	364	0	0	0	0
IS	365	0	0	0	0
IS	366	0	0	0	0
IS	367	0	0	0	0
IS	368	1	1	0	0
IS	369	3	3	0	0
IS	370	0	0	0	0
IS	371	0	0	0	0
IS	372	0	0	0	0
IS	373	1	1	0	0
IS	374	1	1	0	0
IS	375	2	2	0	0
IS	376	0	0	0	0
IS	377	1	1	0	0
IS	378	0	0	0	0
IS	379	2	2	0	0
IS	380	1	1	0	0
IS	381	4	4	0	0
IS	382	1	1	0	0
IS	383	2	2	0	0
IS	384	0	0	0	0
IS	385	1	1	0	0
IS	386	0	0	0	0
IS	387	0	0	0	0
IS	388	0	0	0	0
IS	389	0	0	0	0
IS	390	0	0	0	0
IS	391	0	0	0	0
IS	392	2	2	0	0
IS	393	1	1	0	0
IS	394	1	1	0	0
IS	395	1	1	0	0
IS	396	1	1	0	0
IS	397	2	2	0	0
IS	398	2	2	0	0
IS	399	3	3	0	0
IS	400	4	4	0	0
IS	401	2	2	0	0
IS	402	5	5	0	0
IS	403	3	3	0	0
IS	404	1	1	0	0
IS	405	4	4	0	0
IS	406	3	3	0	0
IS	407	2	2	0	0
IS	408	3	3	0	0
IS	409	1	1	0	0
IS	410	4	4	0	0
IS	411	3	3	0	0
IS	412	3	3	0	0
IS	413	3	3	0	0
IS	414	5	5	0	0
IS	415	7	7	0	0
IS	416	7	7	0	0
IS	417	5	5	0	0
IS	418	4	4	0	0
IS	419	2	2	0	0
IS	420	6	6	0	0
IS	421	4	4	0	0
IS	422	4	4	0	0
IS	423	6	6	0	0
IS	424	8	8	0	0
IS	425	3	3	0	0
IS	426	5	5	0	0
IS	427	5	5	0	0
IS	428	2	2	0	0
IS	429	8	8	0	0
IS	430	4	4	0	0
IS	431	11	11	0	0
IS	432	8	8	0	0
IS	433	9	9	0	0
IS	434	8	8	0	0
IS	435	11	11	0	0
IS	436	9	9	0	0
IS	437	12	12	0	0
IS	438	6	6	0	0
IS	439	6	6	0	0
IS	440	8	8	0	0
IS	441	4	4	0	0
IS	442	7	7	0	0
IS	443	12	12	0	0
IS	444	6	6	0	0
IS	445	11	11	0	0
IS	446	11	11	0	0
IS	447	6	6	0	0
IS	448	8	8	0	0
IS	449	12	12	0	0
IS	450	10	10	0	0
IS	451	8	8	0	0
IS	452	11	11	0	0
IS	453	9	9	0	0
IS	454	5	5	0	0
IS	455	10	10	0	0
IS	456	10	10	0	0
IS	457	9	9	0	0
IS	458	8	8	0	0
IS	459	4	4	0	0
IS	460	19	19	0	0
IS	461	18	18	0	0
IS	462	12	12	0	0
IS	463	13	13	0	0
IS	464	17	17	0	0
IS	465	12	12	0	0
IS	466	10	10	0	0
IS	467	13	13	0	0
IS	468	9	9	0	0
IS	469	14	14	0	0
IS	470	16	16	0	0
IS	471	10	10	0	0
IS	472	12	12	0	0
IS	473	5	5	0	0
IS	474	19	19	0	0
IS	475	23	23	0	0
IS	476	18	18	0	0
IS	477	12	12	0	0
IS	478	12	12	0	0
IS	479	22	22	0	0
IS	480	13	13	0	0
IS	481	18	18	0	0
IS	482	10	10	0	0
IS	483	14	14	0	0
IS	484	11	11	0	0
IS	485	15	15	0	0
IS	486	14	14	0	0
IS	487	11	11	0	0
IS	488	11	11	0	0
IS	489	10	10	0	0
IS	490	22	22	0	0
IS	491	18	18	0	0
IS	492	10	10	0	0
IS	493	17	17	0	0
IS	494	17	17	0	0
IS	495	23	23	0	0
IS	496	12	12	0	0
IS	497	13	13	0	0
IS	498	25	25	0	0
IS	499	21	21	0	0
IS	500	13	13	0	0
IS	501	17	17	0	0
IS	502	11	11	0	0
IS	503	15	15	0	0
IS	504	7	7	0	0
IS	505	19	19	0	0
IS	506	19	19	0	0
IS	507	20	20	0	0
IS	508	11	11	0	0
IS	509	23	23	0	0
IS	510	20	20	0	0
IS	511	10	10	0	0
IS	512	18	18	0	0
IS	513	16	16	0	0
IS	514	15	15	0	0
IS	515	17	17	0	0
IS	516	17	17	0	0
IS	517	15	15	0	0
IS	518	19	19	0	0
IS	519	12	12	0	0
IS	520	20	20	0	0
IS	521	14	14	0	0
IS	522	15	15	0	0
IS	523	12	12	0	0
IS	524	15	15	0	0
IS	525	13	13	0	0
IS	526	11	11	0	0
IS	527	11	11	0	0
IS	528	17	17	0	0
IS	529	14	14	0	0
IS	530	13	13	0	0
IS	531	10	10	0	0
IS	532	7	7	0	0
IS	533	11	11	0	0
IS	534	16	16	0	0
IS	535	10	10	0	0
IS	536	12	12	0	0
IS	537	11	11	0	0
IS	538	21	21	0	0
IS	539	12	12	0	0
IS	540	9	9	0	0
IS	541	9	9	0	0
IS	542	12	12	0	0
IS	543	8	8	0	0
IS	544	16	16	0	0
IS	545	9	9	0	0
IS	546	12	12	0	0
IS	547	7	7	0	0
IS	548	7	7	0	0
IS	549	10	10	0	0
IS	550	5	5	0	0
IS	551	9	9	0	0
IS	552	9	9	0	0
IS	553	5	5	0	0
IS	554	9	9	0	0
IS	555	10	10	0	0
IS	556	8	8	0	0
IS	557	7	7	0	0
IS	558	7	7	0	0
IS	559	8	8	0	0
IS	560	7	7	0	0
IS	561	7	7	0	0
IS	562	7	7	0	0
IS	563	5	5	0	0
IS	564	4	4	0	0
IS	565	5	5	0	0
IS	566	11	11	0	0
IS	567	7	7	0	0
IS	568	4	4	0	0
IS	569	9	9	0	0
IS	570	14	14	0	0
IS	571	4	4	0	0
IS	572	4	4	0	0
IS	573	3	3	0	0
IS	574	3	3	0	0
IS	575	6	6	0	0
IS	576	5	5	0	0
IS	577	4	4	0	0
IS	578	6	6	0	0
IS	579	5	5	0	0
IS	580	8	8	0	0
IS	581	3	3	0	0
IS	582	2	2	0	0
IS	583	3	3	0	0
IS	584	7	7	0	0
IS	585	3	3	0	0
IS	586	3	3	0	0
IS	587	3	3	0	0
IS	588	3	3	0	0
IS	589	1	1	0	0
IS	590	5	5	0	0
IS	591	5	5	0	0
IS	592	2	2	0	0
IS	593	3	3	0	0
IS	594	2	2	0	0
IS	595	4	4	0	0
IS	596	3	3	0	0
IS	597	4	4	0	0
IS	598	1	1	0	0
IS	599	5	5	0	0
IS	600	0	0	0	0
IS	601	3	3	0	0
IS	602	0	0	0	0
IS	603	0	0	0	0
IS	604	1	1	0	0
IS	605	1	1	0	0
IS	606	1	1	0	0
IS	607	4	4	0	0
IS	608	3	3	0	0
IS	609	3	3	0	0
IS	610	0	0	0	0
IS	611	2	2	0	0
IS	612	1	1	0	0
IS	613	3	3	0	0
IS	614	2	2	0	0
IS	615	0	0	0	0
IS	616	0	0	0	0
IS	617	1	1	0	0
IS	618	1	1	0	0
IS	619	6	6	0	0
# Read lengths. Use `grep ^RL | cut -f 2-` to extract this part. The columns are: read length, count
RL	149	1
RL	150	4007
# Read lengths - first fragments. Use `grep ^FRL | cut -f 2-` to extract this part. The columns are: read length, count
FRL	149	1
FRL	150	2003
# Read lengths - last fragments. Use `grep ^LRL | cut -f 2-` to extract this part. The columns are: read length, count
LRL	150	2004
# Mapping qualities for reads !(UNMAP|SECOND|SUPPL|QCFAIL|DUP). Use `grep ^MAPQ | cut -f 2-` to extract this part. The columns are: mapq, count
MAPQ	0	8
MAPQ	3	2
MAPQ	9	2
MAPQ	15	2
MAPQ	27	8
MAPQ	33	1
MAPQ	40	34
MAPQ	41	1
MAPQ	45	2
MAPQ	46	2
MAPQ	47	2
MAPQ	48	49
MAPQ	50	3
MAPQ	51	1
MAPQ	52	5
MAPQ	56	1
MAPQ	57	12
MAPQ	59	3
MAPQ	60	3870
# Indel distribution. Use `grep ^ID | cut -f 2-` to extract this part. The columns are: length, number of insertions, number of deletions
# Indels per cycle. Use `grep ^IC | cut -f 2-` to extract this part. The columns are: cycle, number of insertions (fwd), .. (rev) , number of deletions (fwd), .. (rev)
# Coverage distribution. Use `grep ^COV | cut -f 2-` to extract this part.
COV	[1-1]	1	5228
COV	[2-2]	2	9992
COV	[3-3]	3	14848
COV	[4-4]	4	19464
COV	[5-5]	5	19816
COV	[6-6]	6	16893
COV	[7-7]	7	11909
COV	[8-8]	8	8070
COV	[9-9]	9	5059
COV	[10-10]	10	2957
COV	[11-11]	11	1405
COV	[12-12]	12	677
COV	[13-13]	13	340
COV	[14-14]	14	115
COV	[15-15]	15	28
COV	[16-16]	16	6
# GC-depth. Use `grep ^GCD | cut -f 2-` to extract this part. The columns are: GC%, unique sequence percentiles, 10th, 25th, 50th, 75th and 90th depth percentile
GCD	0.0	15.385	0.000	0.000	0.000	0.000	0.000
GCD	37.0	30.769	2.505	2.505	2.505	2.505	2.505
GCD	38.0	46.154	2.505	2.505	2.505	2.505	2.505
GCD	39.0	84.615	2.505	2.505	2.505	2.505	2.505
GCD	40.0	92.308	2.505	2.505	2.505	2.505	2.505
GCD	46.0	100.000	2.505	2.505	2.505	2.505	2.505
