# This file was produced by samtools stats (1.20+htslib-1.21) and can be plotted using plot-bamstats
# This file contains statistics for all reads.
# The command line was:  stats sample3793.sorted.bam
# CHK, Checksum	[2]Read Names	[3]Sequences	[4]Qualities
# CHK, CRC32 of reads which passed filtering followed by addition (32bit overflow)
CHK	0f627c0c	5c49b6a4	a26dc328
# Summary Numbers. Use `grep ^SN | cut -f 2-` to extract this part.
SN	raw total sequences:	4008	# excluding supplementary and secondary reads
SN	filtered sequences:	0
SN	sequences:	4008
SN	is sorted:	1
SN	1st fragments:	2004
SN	last fragments:	2004
SN	reads mapped:	4008
SN	reads mapped and paired:	4008	# paired-end technology bit set + both mates mapped
SN	reads unmapped:	0
SN	reads properly paired:	4008	# proper-pair bit set
SN	reads paired:	4008	# paired-end technology bit set
SN	reads duplicated:	0	# PCR or optical duplicate bit set
SN	reads MQ0:	14	# mapped and MQ=0
SN	reads QC failed:	0
SN	non-primary alignments:	0
SN	supplementary alignments:	0
SN	total length:	601191	# ignores clipping
SN	total first fragment length:	300593	# ignores clipping
SN	total last fragment length:	300598	# ignores clipping
SN	bases mapped:	601191	# ignores clipping
SN	bases mapped (cigar):	601191	# more accurate
SN	bases trimmed:	0
SN	bases duplicated:	0
SN	mismatches:	1051	# from NM fields
SN	error rate:	1.748197e-03	# mismatches / bases mapped (cigar)
SN	average length:	150
SN	average first fragment length:	150
SN	average last fragment length:	150
SN	maximum length:	150
SN	maximum first fragment length:	150
SN	maximum last fragment length:	150
SN	average quality:	30.0
SN	insert size average:	497.8
SN	insert size standard deviation:	46.3
SN	inward oriented pairs:	2004
SN	outward oriented pairs:	0
SN	pairs with other orientation:	0
SN	pairs on different chromosomes:	0
SN	percentage of properly paired reads (%):	100.0
# First Fragment Qualities. Use `grep ^FFQ | cut -f 2-` to extract this part.
# Columns correspond to qualities and rows to cycles. First column is the cycle number.
FFQ	1	0	0	0	0	0	0	0	0	0	0	0	0	0	0	0	0	0	0	0	0	0	0	0	0	0	0	0	0	0	0	2004	0
FFQ	2	0	0	0	0	0	0	0	0	0	0	0	0	0	0	0	0	0	0	0	0	0	0	0	0	0	0	0	0	0	0	2004	0
FFQ	3	0	0	0	0	0	0	0	0	0	0	0	0	0	0	0	0	0	0	0	0	0	0	0	0	0	0	0	0	0	0	2004	0
FFQ	4	0	0	0	0	0	0	0	0	0	0	0	0	0	0	0	0	0	0	0	0	0	0	0	0	0	0	0	0	0	0	2004	0
FFQ	5	0	0	0	0	0	0	0	0	0	0	0	0	0	0	0	0	0	0	0	0	0	0	0	0	0	0	0	0	0	0	2004	0
FFQ	6	0	0	0	0	0	0	0	0	0	0	0	0	0	0	0	0	0	0	0	0	0	0	0	0	0	0	0	0	0	0	2004	0
FFQ	7	0	0	0	0	0	0	0	0	0	0	0	0	0	0	0	0	0	0	0	0	0	0	0	0	0	0	0	0	0	0	2004	0
FFQ	8	0	0	0	0	0	0	0	0	0	0	0	0	0	0	0	0	0	0	0	0	0	0	0	0	0	0	0	0	0	0	2004	0
FFQ	9	0	0	0	0	0	0	0	0	0	0	0	0	0	0	0	0	0	0	0	0	0	0	0	0	0	0	0	0	0	0	2004	0
FFQ	10	0	0	0	0	0	0	0	0	0	0	0	0	0	0	0	0	0	0	0	0	0	0	0	0	0	0	0	0	0	0	2004	0
FFQ	11	0	0	0	0	0	0	0	0	0	0	0	0	0	0	0	0	0	0	0	0	0	0	0	0	0	0	0	0	0	0	2004	0
FFQ	12	0	0	0	0	0	0	0	0	0	0	0	0	0	0	0	0	0	0	0	0	0	0	0	0	0	0	0	0	0	0	2004	0
FFQ	13	0	0	0	0	0	0	0	0	0	0	0	0	0	0	0	0	0	0	0	0	0	0	0	0	0	0	0	0	0	0	2004	0
FFQ	14	0	0	0	0	0	0	0	0	0	0	0	0	0	0	0	0	0	0	0	0	0	0	0	0	0	0	0	0	0	0	2004	0
FFQ	15	0	0	0	0	0	0	0	0	0	0	0	0	0	0	0	0	0	0	0	0	0	0	0	0	0	0	0	0	0	0	2004	0
FFQ	16	0	0	0	0	0	0	0	0	0	0	0	0	0	0	0	0	0	0	0	0	0	0	0	0	0	0	0	0	0	0	2004	0
FFQ	17	0	0	0	0	0	0	0	0	0	0	0	0	0	0	0	0	0	0	0	0	0	0	0	0	0	0	0	0	0	0	2004	0
FFQ	18	0	0	0	0	0	0	0	0	0	0	0	0	0	0	0	0	0	0	0	0	0	0	0	0	0	0	0	0	0	0	2004	0
FFQ	19	0	0	0	0	0	0	0	0	0	0	0	0	0	0	0	0	0	0	0	0	0	0	0	0	0	0	0	0	0	0	2004	0
FFQ	20	0	0	0	0	0	0	0	0	0	0	0	0	0	0	0	0	0	0	0	0	0	0	0	0	0	0	0	0	0	0	2004	0
FFQ	21	0	0	0	0	0	0	0	0	0	0	0	0	0	0	0	0	0	0	0	0	0	0	0	0	0	0	0	0	0	0	2004	0
FFQ	22	0	0	0	0	0	0	0	0	0	0	0	0	0	0	0	0	0	0	0	0	0	0	0	0	0	0	0	0	0	0	2004	0
FFQ	23	0	0	0	0	0	0	0	0	0	0	0	0	0	0	0	0	0	0	0	0	0	0	0	0	0	0	0	0	0	0	2004	0
FFQ	24	0	0	0	0	0	0	0	0	0	0	0	0	0	0	0	0	0	0	0	0	0	0	0	0	0	0	0	0	0	0	2004	0
FFQ	25	0	0	0	0	0	0	0	0	0	0	0	0	0	0	0	0	0	0	0	0	0	0	0	0	0	0	0	0	0	0	2004	0
FFQ	26	0	0	0	0	0	0	0	0	0	0	0	0	0	0	0	0	0	0	0	0	0	0	0	0	0	0	0	0	0	0	2004	0
FFQ	27	0	0	0	0	0	0	0	0	0	0	0	0	0	0	0	0	0	0	0	0	0	0	0	0	0	0	0	0	0	0	2004	0
FFQ	28	0	0	0	0	0	0	0	0	0	0	0	0	0	0	0	0	0	0	0	0	0	0	0	0	0	0	0	0	0	0	2004	0
FFQ	29	0	0	0	0	0	0	0	0	0	0	0	0	0	0	0	0	0	0	0	0	0	0	0	0	0	0	0	0	0	0	2004	0
FFQ	30	0	0	0	0	0	0	0	0	0	0	0	0	0	0	0	0	0	0	0	0	0	0	0	0	0	0	0	0	0	0	2004	0
FFQ	31	0	0	0	0	0	0	0	0	0	0	0	0	0	0	0	0	0	0	0	0	0	0	0	0	0	0	0	0	0	0	2004	0
FFQ	32	0	0	0	0	0	0	0	0	0	0	0	0	0	0	0	0	0	0	0	0	0	0	0	0	0	0	0	0	0	0	2004	0
FFQ	33	0	0	0	0	0	0	0	0	0	0	0	0	0	0	0	0	0	0	0	0	0	0	0	0	0	0	0	0	0	0	2004	0
FFQ	34	0	0	0	0	0	0	0	0	0	0	0	0	0	0	0	0	0	0	0	0	0	0	0	0	0	0	0	0	0	0	2004	0
FFQ	35	0	0	0	0	0	0	0	0	0	0	0	0	0	0	0	0	0	0	0	0	0	0	0	0	0	0	0	0	0	0	2004	0
FFQ	36	0	0	0	0	0	0	0	0	0	0	0	0	0	0	0	0	0	0	0	0	0	0	0	0	0	0	0	0	0	0	2004	0
FFQ	37	0	0	0	0	0	0	0	0	0	0	0	0	0	0	0	0	0	0	0	0	0	0	0	0	0	0	0	0	0	0	2004	0
FFQ	38	0	0	0	0	0	0	0	0	0	0	0	0	0	0	0	0	0	0	0	0	0	0	0	0	0	0	0	0	0	0	2004	0
FFQ	39	0	0	0	0	0	0	0	0	0	0	0	0	0	0	0	0	0	0	0	0	0	0	0	0	0	0	0	0	0	0	2004	0
FFQ	40	0	0	0	0	0	0	0	0	0	0	0	0	0	0	0	0	0	0	0	0	0	0	0	0	0	0	0	0	0	0	2004	0
FFQ	41	0	0	0	0	0	0	0	0	0	0	0	0	0	0	0	0	0	0	0	0	0	0	0	0	0	0	0	0	0	0	2004	0
FFQ	42	0	0	0	0	0	0	0	0	0	0	0	0	0	0	0	0	0	0	0	0	0	0	0	0	0	0	0	0	0	0	2004	0
FFQ	43	0	0	0	0	0	0	0	0	0	0	0	0	0	0	0	0	0	0	0	0	0	0	0	0	0	0	0	0	0	0	2004	0
FFQ	44	0	0	0	0	0	0	0	0	0	0	0	0	0	0	0	0	0	0	0	0	0	0	0	0	0	0	0	0	0	0	2004	0
FFQ	45	0	0	0	0	0	0	0	0	0	0	0	0	0	0	0	0	0	0	0	0	0	0	0	0	0	0	0	0	0	0	2004	0
FFQ	46	0	0	0	0	0	0	0	0	0	0	0	0	0	0	0	0	0	0	0	0	0	0	0	0	0	0	0	0	0	0	2004	0
FFQ	47	0	0	0	0	0	0	0	0	0	0	0	0	0	0	0	0	0	0	0	0	0	0	0	0	0	0	0	0	0	0	2004	0
FFQ	48	0	0	0	0	0	0	0	0	0	0	0	0	0	0	0	0	0	0	0	0	0	0	0	0	0	0	0	0	0	0	2004	0
FFQ	49	0	0	0	0	0	0	0	0	0	0	0	0	0	0	0	0	0	0	0	0	0	0	0	0	0	0	0	0	0	0	2004	0
FFQ	50	0	0	0	0	0	0	0	0	0	0	0	0	0	0	0	0	0	0	0	0	0	0	0	0	0	0	0	0	0	0	2004	0
FFQ	51	0	0	0	0	0	0	0	0	0	0	0	0	0	0	0	0	0	0	0	0	0	0	0	0	0	0	0	0	0	0	2004	0
FFQ	52	0	0	0	0	0	0	0	0	0	0	0	0	0	0	0	0	0	0	0	0	0	0	0	0	0	0	0	0	0	0	2004	0
FFQ	53	0	0	0	0	0	0	0	0	0	0	0	0	0	0	0	0	0	0	0	0	0	0	0	0	0	0	0	0	0	0	2004	0
FFQ	54	0	0	0	0	0	0	0	0	0	0	0	0	0	0	0	0	0	0	0	0	0	0	0	0	0	0	0	0	0	0	2004	0
FFQ	55	0	0	0	0	0	0	0	0	0	0	0	0	0	0	0	0	0	0	0	0	0	0	0	0	0	0	0	0	0	0	2004	0
FFQ	56	0	0	0	0	0	0	0	0	0	0	0	0	0	0	0	0	0	0	0	0	0	0	0	0	0	0	0	0	0	0	2004	0
FFQ	57	0	0	0	0	0	0	0	0	0	0	0	0	0	0	0	0	0	0	0	0	0	0	0	0	0	0	0	0	0	0	2004	0
FFQ	58	0	0	0	0	0	0	0	0	0	0	0	0	0	0	0	0	0	0	0	0	0	0	0	0	0	0	0	0	0	0	2004	0
FFQ	59	0	0	0	0	0	0	0	0	0	0	0	0	0	0	0	0	0	0	0	0	0	0	0	0	0	0	0	0	0	0	2004	0
FFQ	60	0	0	0	0	0	0	0	0	0	0	0	0	0	0	0	0	0	0	0	0	0	0	0	0	0	0	0	0	0	0	2004	0
FFQ	61	0	0	0	0	0	0	0	0	0	0	0	0	0	0	0	0	0	0	0	0	0	0	0	0	0	0	0	0	0	0	2004	0
FFQ	62	0	0	0	0	0	0	0	0	0	0	0	0	0	0	0	0	0	0	0	0	0	0	0	0	0	0	0	0	0	0	2004	0
FFQ	63	0	0	0	0	0	0	0	0	0	0	0	0	0	0	0	0	0	0	0	0	0	0	0	0	0	0	0	0	0	0	2004	0
FFQ	64	0	0	0	0	0	0	0	0	0	0	0	0	0	0	0	0	0	0	0	0	0	0	0	0	0	0	0	0	0	0	2004	0
FFQ	65	0	0	0	0	0	0	0	0	0	0	0	0	0	0	0	0	0	0	0	0	0	0	0	0	0	0	0	0	0	0	2004	0
FFQ	66	0	0	0	0	0	0	0	0	0	0	0	0	0	0	0	0	0	0	0	0	0	0	0	0	0	0	0	0	0	0	2004	0
FFQ	67	0	0	0	0	0	0	0	0	0	0	0	0	0	0	0	0	0	0	0	0	0	0	0	0	0	0	0	0	0	0	2004	0
FFQ	68	0	0	0	0	0	0	0	0	0	0	0	0	0	0	0	0	0	0	0	0	0	0	0	0	0	0	0	0	0	0	2004	0
FFQ	69	0	0	0	0	0	0	0	0	0	0	0	0	0	0	0	0	0	0	0	0	0	0	0	0	0	0	0	0	0	0	2004	0
FFQ	70	0	0	0	0	0	0	0	0	0	0	0	0	0	0	0	0	0	0	0	0	0	0	0	0	0	0	0	0	0	0	2004	0
FFQ	71	0	0	0	0	0	0	0	0	0	0	0	0	0	0	0	0	0	0	0	0	0	0	0	0	0	0	0	0	0	0	2004	0
FFQ	72	0	0	0	0	0	0	0	0	0	0	0	0	0	0	0	0	0	0	0	0	0	0	0	0	0	0	0	0	0	0	2004	0
FFQ	73	0	0	0	0	0	0	0	0	0	0	0	0	0	0	0	0	0	0	0	0	0	0	0	0	0	0	0	0	0	0	2004	0
FFQ	74	0	0	0	0	0	0	0	0	0	0	0	0	0	0	0	0	0	0	0	0	0	0	0	0	0	0	0	0	0	0	2004	0
FFQ	75	0	0	0	0	0	0	0	0	0	0	0	0	0	0	0	0	0	0	0	0	0	0	0	0	0	0	0	0	0	0	2004	0
FFQ	76	0	0	0	0	0	0	0	0	0	0	0	0	0	0	0	0	0	0	0	0	0	0	0	0	0	0	0	0	0	0	2004	0
FFQ	77	0	0	0	0	0	0	0	0	0	0	0	0	0	0	0	0	0	0	0	0	0	0	0	0	0	0	0	0	0	0	2004	0
FFQ	78	0	0	0	0	0	0	0	0	0	0	0	0	0	0	0	0	0	0	0	0	0	0	0	0	0	0	0	0	0	0	2004	0
FFQ	79	0	0	0	0	0	0	0	0	0	0	0	0	0	0	0	0	0	0	0	0	0	0	0	0	0	0	0	0	0	0	2004	0
FFQ	80	0	0	0	0	0	0	0	0	0	0	0	0	0	0	0	0	0	0	0	0	0	0	0	0	0	0	0	0	0	0	2004	0
FFQ	81	0	0	0	0	0	0	0	0	0	0	0	0	0	0	0	0	0	0	0	0	0	0	0	0	0	0	0	0	0	0	2004	0
FFQ	82	0	0	0	0	0	0	0	0	0	0	0	0	0	0	0	0	0	0	0	0	0	0	0	0	0	0	0	0	0	0	2004	0
FFQ	83	0	0	0	0	0	0	0	0	0	0	0	0	0	0	0	0	0	0	0	0	0	0	0	0	0	0	0	0	0	0	2004	0
FFQ	84	0	0	0	0	0	0	0	0	0	0	0	0	0	0	0	0	0	0	0	0	0	0	0	0	0	0	0	0	0	0	2004	0
FFQ	85	0	0	0	0	0	0	0	0	0	0	0	0	0	0	0	0	0	0	0	0	0	0	0	0	0	0	0	0	0	0	2004	0
FFQ	86	0	0	0	0	0	0	0	0	0	0	0	0	0	0	0	0	0	0	0	0	0	0	0	0	0	0	0	0	0	0	2004	0
FFQ	87	0	0	0	0	0	0	0	0	0	0	0	0	0	0	0	0	0	0	0	0	0	0	0	0	0	0	0	0	0	0	2004	0
FFQ	88	0	0	0	0	0	0	0	0	0	0	0	0	0	0	0	0	0	0	0	0	0	0	0	0	0	0	0	0	0	0	2004	0
FFQ	89	0	0	0	0	0	0	0	0	0	0	0	0	0	0	0	0	0	0	0	0	0	0	0	0	0	0	0	0	0	0	2004	0
FFQ	90	0	0	0	0	0	0	0	0	0	0	0	0	0	0	0	0	0	0	0	0	0	0	0	0	0	0	0	0	0	0	2004	0
FFQ	91	0	0	0	0	0	0	0	0	0	0	0	0	0	0	0	0	0	0	0	0	0	0	0	0	0	0	0	0	0	0	2004	0
FFQ	92	0	0	0	0	0	0	0	0	0	0	0	0	0	0	0	0	0	0	0	0	0	0	0	0	0	0	0	0	0	0	2004	0
FFQ	93	0	0	0	0	0	0	0	0	0	0	0	0	0	0	0	0	0	0	0	0	0	0	0	0	0	0	0	0	0	0	2004	0
FFQ	94	0	0	0	0	0	0	0	0	0	0	0	0	0	0	0	0	0	0	0	0	0	0	0	0	0	0	0	0	0	0	2004	0
FFQ	95	0	0	0	0	0	0	0	0	0	0	0	0	0	0	0	0	0	0	0	0	0	0	0	0	0	0	0	0	0	0	2004	0
FFQ	96	0	0	0	0	0	0	0	0	0	0	0	0	0	0	0	0	0	0	0	0	0	0	0	0	0	0	0	0	0	0	2004	0
FFQ	97	0	0	0	0	0	0	0	0	0	0	0	0	0	0	0	0	0	0	0	0	0	0	0	0	0	0	0	0	0	0	2004	0
FFQ	98	0	0	0	0	0	0	0	0	0	0	0	0	0	0	0	0	0	0	0	0	0	0	0	0	0	0	0	0	0	0	2004	0
FFQ	99	0	0	0	0	0	0	0	0	0	0	0	0	0	0	0	0	0	0	0	0	0	0	0	0	0	0	0	0	0	0	2004	0
FFQ	100	0	0	0	0	0	0	0	0	0	0	0	0	0	0	0	0	0	0	0	0	0	0	0	0	0	0	0	0	0	0	2004	0
FFQ	101	0	0	0	0	0	0	0	0	0	0	0	0	0	0	0	0	0	0	0	0	0	0	0	0	0	0	0	0	0	0	2004	0
FFQ	102	0	0	0	0	0	0	0	0	0	0	0	0	0	0	0	0	0	0	0	0	0	0	0	0	0	0	0	0	0	0	2004	0
FFQ	103	0	0	0	0	0	0	0	0	0	0	0	0	0	0	0	0	0	0	0	0	0	0	0	0	0	0	0	0	0	0	2004	0
FFQ	104	0	0	0	0	0	0	0	0	0	0	0	0	0	0	0	0	0	0	0	0	0	0	0	0	0	0	0	0	0	0	2004	0
FFQ	105	0	0	0	0	0	0	0	0	0	0	0	0	0	0	0	0	0	0	0	0	0	0	0	0	0	0	0	0	0	0	2004	0
FFQ	106	0	0	0	0	0	0	0	0	0	0	0	0	0	0	0	0	0	0	0	0	0	0	0	0	0	0	0	0	0	0	2004	0
FFQ	107	0	0	0	0	0	0	0	0	0	0	0	0	0	0	0	0	0	0	0	0	0	0	0	0	0	0	0	0	0	0	2004	0
FFQ	108	0	0	0	0	0	0	0	0	0	0	0	0	0	0	0	0	0	0	0	0	0	0	0	0	0	0	0	0	0	0	2004	0
FFQ	109	0	0	0	0	0	0	0	0	0	0	0	0	0	0	0	0	0	0	0	0	0	0	0	0	0	0	0	0	0	0	2004	0
FFQ	110	0	0	0	0	0	0	0	0	0	0	0	0	0	0	0	0	0	0	0	0	0	0	0	0	0	0	0	0	0	0	2004	0
FFQ	111	0	0	0	0	0	0	0	0	0	0	0	0	0	0	0	0	0	0	0	0	0	0	0	0	0	0	0	0	0	0	2004	0
FFQ	112	0	0	0	0	0	0	0	0	0	0	0	0	0	0	0	0	0	0	0	0	0	0	0	0	0	0	0	0	0	0	2004	0
FFQ	113	0	0	0	0	0	0	0	0	0	0	0	0	0	0	0	0	0	0	0	0	0	0	0	0	0	0	0	0	0	0	2004	0
FFQ	114	0	0	0	0	0	0	0	0	0	0	0	0	0	0	0	0	0	0	0	0	0	0	0	0	0	0	0	0	0	0	2004	0
FFQ	115	0	0	0	0	0	0	0	0	0	0	0	0	0	0	0	0	0	0	0	0	0	0	0	0	0	0	0	0	0	0	2004	0
FFQ	116	0	0	0	0	0	0	0	0	0	0	0	0	0	0	0	0	0	0	0	0	0	0	0	0	0	0	0	0	0	0	2004	0
FFQ	117	0	0	0	0	0	0	0	0	0	0	0	0	0	0	0	0	0	0	0	0	0	0	0	0	0	0	0	0	0	0	2004	0
FFQ	118	0	0	0	0	0	0	0	0	0	0	0	0	0	0	0	0	0	0	0	0	0	0	0	0	0	0	0	0	0	0	2004	0
FFQ	119	0	0	0	0	0	0	0	0	0	0	0	0	0	0	0	0	0	0	0	0	0	0	0	0	0	0	0	0	0	0	2004	0
FFQ	120	0	0	0	0	0	0	0	0	0	0	0	0	0	0	0	0	0	0	0	0	0	0	0	0	0	0	0	0	0	0	2004	0
FFQ	121	0	0	0	0	0	0	0	0	0	0	0	0	0	0	0	0	0	0	0	0	0	0	0	0	0	0	0	0	0	0	2004	0
FFQ	122	0	0	0	0	0	0	0	0	0	0	0	0	0	0	0	0	0	0	0	0	0	0	0	0	0	0	0	0	0	0	2004	0
FFQ	123	0	0	0	0	0	0	0	0	0	0	0	0	0	0	0	0	0	0	0	0	0	0	0	0	0	0	0	0	0	0	2004	0
FFQ	124	0	0	0	0	0	0	0	0	0	0	0	0	0	0	0	0	0	0	0	0	0	0	0	0	0	0	0	0	0	0	2004	0
FFQ	125	0	0	0	0	0	0	0	0	0	0	0	0	0	0	0	0	0	0	0	0	0	0	0	0	0	0	0	0	0	0	2004	0
FFQ	126	0	0	0	0	0	0	0	0	0	0	0	0	0	0	0	0	0	0	0	0	0	0	0	0	0	0	0	0	0	0	2004	0
FFQ	127	0	0	0	0	0	0	0	0	0	0	0	0	0	0	0	0	0	0	0	0	0	0	0	0	0	0	0	0	0	0	2004	0
FFQ	128	0	0	0	0	0	0	0	0	0	0	0	0	0	0	0	0	0	0	0	0	0	0	0	0	0	0	0	0	0	0	2004	0
FFQ	129	0	0	0	0	0	0	0	0	0	0	0	0	0	0	0	0	0	0	0	0	0	0	0	0	0	0	0	0	0	0	2004	0
FFQ	130	0	0	0	0	0	0	0	0	0	0	0	0	0	0	0	0	0	0	0	0	0	0	0	0	0	0	0	0	0	0	2004	0
FFQ	131	0	0	0	0	0	0	0	0	0	0	0	0	0	0	0	0	0	0	0	0	0	0	0	0	0	0	0	0	0	0	2004	0
FFQ	132	0	0	0	0	0	0	0	0	0	0	0	0	0	0	0	0	0	0	0	0	0	0	0	0	0	0	0	0	0	0	2004	0
FFQ	133	0	0	0	0	0	0	0	0	0	0	0	0	0	0	0	0	0	0	0	0	0	0	0	0	0	0	0	0	0	0	2004	0
FFQ	134	0	0	0	0	0	0	0	0	0	0	0	0	0	0	0	0	0	0	0	0	0	0	0	0	0	0	0	0	0	0	2004	0
FFQ	135	0	0	0	0	0	0	0	0	0	0	0	0	0	0	0	0	0	0	0	0	0	0	0	0	0	0	0	0	0	0	2004	0
FFQ	136	0	0	0	0	0	0	0	0	0	0	0	0	0	0	0	0	0	0	0	0	0	0	0	0	0	0	0	0	0	0	2004	0
FFQ	137	0	0	0	0	0	0	0	0	0	0	0	0	0	0	0	0	0	0	0	0	0	0	0	0	0	0	0	0	0	0	2004	0
FFQ	138	0	0	0	0	0	0	0	0	0	0	0	0	0	0	0	0	0	0	0	0	0	0	0	0	0	0	0	0	0	0	2004	0
FFQ	139	0	0	0	0	0	0	0	0	0	0	0	0	0	0	0	0	0	0	0	0	0	0	0	0	0	0	0	0	0	0	2004	0
FFQ	140	0	0	0	0	0	0	0	0	0	0	0	0	0	0	0	0	0	0	0	0	0	0	0	0	0	0	0	0	0	0	2004	0
FFQ	141	0	0	0	0	0	0	0	0	0	0	0	0	0	0	0	0	0	0	0	0	0	0	0	0	0	0	0	0	0	0	2004	0
FFQ	142	0	0	0	0	0	0	0	0	0	0	0	0	0	0	0	0	0	0	0	0	0	0	0	0	0	0	0	0	0	0	2004	0
FFQ	143	0	0	0	0	0	0	0	0	0	0	0	0	0	0	0	0	0	0	0	0	0	0	0	0	0	0	0	0	0	0	2004	0
FFQ	144	0	0	0	0	0	0	0	0	0	0	0	0	0	0	0	0	0	0	0	0	0	0	0	0	0	0	0	0	0	0	2003	0
FFQ	145	0	0	0	0	0	0	0	0	0	0	0	0	0	0	0	0	0	0	0	0	0	0	0	0	0	0	0	0	0	0	2003	0
FFQ	146	0	0	0	0	0	0	0	0	0	0	0	0	0	0	0	0	0	0	0	0	0	0	0	0	0	0	0	0	0	0	2003	0
FFQ	147	0	0	0	0	0	0	0	0	0	0	0	0	0	0	0	0	0	0	0	0	0	0	0	0	0	0	0	0	0	0	2003	0
FFQ	148	0	0	0	0	0	0	0	0	0	0	0	0	0	0	0	0	0	0	0	0	0	0	0	0	0	0	0	0	0	0	2003	0
FFQ	149	0	0	0	0	0	0	0	0	0	0	0	0	0	0	0	0	0	0	0	0	0	0	0	0	0	0	0	0	0	0	2003	0
FFQ	150	0	0	0	0	0	0	0	0	0	0	0	0	0	0	0	0	0	0	0	0	0	0	0	0	0	0	0	0	0	0	2003	0
# Last Fragment Qualities. Use `grep ^LFQ | cut -f 2-` to extract this part.
# Columns correspond to qualities and rows to cycles. First column is the cycle number.
LFQ	1	0	0	0	0	0	0	0	0	0	0	0	0	0	0	0	0	0	0	0	0	0	0	0	0	0	0	0	0	0	0	2004	0
LFQ	2	0	0	0	0	0	0	0	0	0	0	0	0	0	0	0	0	0	0	0	0	0	0	0	0	0	0	0	0	0	0	2004	0
LFQ	3	0	0	0	0	0	0	0	0	0	0	0	0	0	0	0	0	0	0	0	0	0	0	0	0	0	0	0	0	0	0	2004	0
LFQ	4	0	0	0	0	0	0	0	0	0	0	0	0	0	0	0	0	0	0	0	0	0	0	0	0	0	0	0	0	0	0	2004	0
LFQ	5	0	0	0	0	0	0	0	0	0	0	0	0	0	0	0	0	0	0	0	0	0	0	0	0	0	0	0	0	0	0	2004	0
LFQ	6	0	0	0	0	0	0	0	0	0	0	0	0	0	0	0	0	0	0	0	0	0	0	0	0	0	0	0	0	0	0	2004	0
LFQ	7	0	0	0	0	0	0	0	0	0	0	0	0	0	0	0	0	0	0	0	0	0	0	0	0	0	0	0	0	0	0	2004	0
LFQ	8	0	0	0	0	0	0	0	0	0	0	0	0	0	0	0	0	0	0	0	0	0	0	0	0	0	0	0	0	0	0	2004	0
LFQ	9	0	0	0	0	0	0	0	0	0	0	0	0	0	0	0	0	0	0	0	0	0	0	0	0	0	0	0	0	0	0	2004	0
LFQ	10	0	0	0	0	0	0	0	0	0	0	0	0	0	0	0	0	0	0	0	0	0	0	0	0	0	0	0	0	0	0	2004	0
LFQ	11	0	0	0	0	0	0	0	0	0	0	0	0	0	0	0	0	0	0	0	0	0	0	0	0	0	0	0	0	0	0	2004	0
LFQ	12	0	0	0	0	0	0	0	0	0	0	0	0	0	0	0	0	0	0	0	0	0	0	0	0	0	0	0	0	0	0	2004	0
LFQ	13	0	0	0	0	0	0	0	0	0	0	0	0	0	0	0	0	0	0	0	0	0	0	0	0	0	0	0	0	0	0	2004	0
LFQ	14	0	0	0	0	0	0	0	0	0	0	0	0	0	0	0	0	0	0	0	0	0	0	0	0	0	0	0	0	0	0	2004	0
LFQ	15	0	0	0	0	0	0	0	0	0	0	0	0	0	0	0	0	0	0	0	0	0	0	0	0	0	0	0	0	0	0	2004	0
LFQ	16	0	0	0	0	0	0	0	0	0	0	0	0	0	0	0	0	0	0	0	0	0	0	0	0	0	0	0	0	0	0	2004	0
LFQ	17	0	0	0	0	0	0	0	0	0	0	0	0	0	0	0	0	0	0	0	0	0	0	0	0	0	0	0	0	0	0	2004	0
LFQ	18	0	0	0	0	0	0	0	0	0	0	0	0	0	0	0	0	0	0	0	0	0	0	0	0	0	0	0	0	0	0	2004	0
LFQ	19	0	0	0	0	0	0	0	0	0	0	0	0	0	0	0	0	0	0	0	0	0	0	0	0	0	0	0	0	0	0	2004	0
LFQ	20	0	0	0	0	0	0	0	0	0	0	0	0	0	0	0	0	0	0	0	0	0	0	0	0	0	0	0	0	0	0	2004	0
LFQ	21	0	0	0	0	0	0	0	0	0	0	0	0	0	0	0	0	0	0	0	0	0	0	0	0	0	0	0	0	0	0	2004	0
LFQ	22	0	0	0	0	0	0	0	0	0	0	0	0	0	0	0	0	0	0	0	0	0	0	0	0	0	0	0	0	0	0	2004	0
LFQ	23	0	0	0	0	0	0	0	0	0	0	0	0	0	0	0	0	0	0	0	0	0	0	0	0	0	0	0	0	0	0	2004	0
LFQ	24	0	0	0	0	0	0	0	0	0	0	0	0	0	0	0	0	0	0	0	0	0	0	0	0	0	0	0	0	0	0	2004	0
LFQ	25	0	0	0	0	0	0	0	0	0	0	0	0	0	0	0	0	0	0	0	0	0	0	0	0	0	0	0	0	0	0	2004	0
LFQ	26	0	0	0	0	0	0	0	0	0	0	0	0	0	0	0	0	0	0	0	0	0	0	0	0	0	0	0	0	0	0	2004	0
LFQ	27	0	0	0	0	0	0	0	0	0	0	0	0	0	0	0	0	0	0	0	0	0	0	0	0	0	0	0	0	0	0	2004	0
LFQ	28	0	0	0	0	0	0	0	0	0	0	0	0	0	0	0	0	0	0	0	0	0	0	0	0	0	0	0	0	0	0	2004	0
LFQ	29	0	0	0	0	0	0	0	0	0	0	0	0	0	0	0	0	0	0	0	0	0	0	0	0	0	0	0	0	0	0	2004	0
LFQ	30	0	0	0	0	0	0	0	0	0	0	0	0	0	0	0	0	0	0	0	0	0	0	0	0	0	0	0	0	0	0	2004	0
LFQ	31	0	0	0	0	0	0	0	0	0	0	0	0	0	0	0	0	0	0	0	0	0	0	0	0	0	0	0	0	0	0	2004	0
LFQ	32	0	0	0	0	0	0	0	0	0	0	0	0	0	0	0	0	0	0	0	0	0	0	0	0	0	0	0	0	0	0	2004	0
LFQ	33	0	0	0	0	0	0	0	0	0	0	0	0	0	0	0	0	0	0	0	0	0	0	0	0	0	0	0	0	0	0	2004	0
LFQ	34	0	0	0	0	0	0	0	0	0	0	0	0	0	0	0	0	0	0	0	0	0	0	0	0	0	0	0	0	0	0	2004	0
LFQ	35	0	0	0	0	0	0	0	0	0	0	0	0	0	0	0	0	0	0	0	0	0	0	0	0	0	0	0	0	0	0	2004	0
LFQ	36	0	0	0	0	0	0	0	0	0	0	0	0	0	0	0	0	0	0	0	0	0	0	0	0	0	0	0	0	0	0	2004	0
LFQ	37	0	0	0	0	0	0	0	0	0	0	0	0	0	0	0	0	0	0	0	0	0	0	0	0	0	0	0	0	0	0	2004	0
LFQ	38	0	0	0	0	0	0	0	0	0	0	0	0	0	0	0	0	0	0	0	0	0	0	0	0	0	0	0	0	0	0	2004	0
LFQ	39	0	0	0	0	0	0	0	0	0	0	0	0	0	0	0	0	0	0	0	0	0	0	0	0	0	0	0	0	0	0	2004	0
LFQ	40	0	0	0	0	0	0	0	0	0	0	0	0	0	0	0	0	0	0	0	0	0	0	0	0	0	0	0	0	0	0	2004	0
LFQ	41	0	0	0	0	0	0	0	0	0	0	0	0	0	0	0	0	0	0	0	0	0	0	0	0	0	0	0	0	0	0	2004	0
LFQ	42	0	0	0	0	0	0	0	0	0	0	0	0	0	0	0	0	0	0	0	0	0	0	0	0	0	0	0	0	0	0	2004	0
LFQ	43	0	0	0	0	0	0	0	0	0	0	0	0	0	0	0	0	0	0	0	0	0	0	0	0	0	0	0	0	0	0	2004	0
LFQ	44	0	0	0	0	0	0	0	0	0	0	0	0	0	0	0	0	0	0	0	0	0	0	0	0	0	0	0	0	0	0	2004	0
LFQ	45	0	0	0	0	0	0	0	0	0	0	0	0	0	0	0	0	0	0	0	0	0	0	0	0	0	0	0	0	0	0	2004	0
LFQ	46	0	0	0	0	0	0	0	0	0	0	0	0	0	0	0	0	0	0	0	0	0	0	0	0	0	0	0	0	0	0	2004	0
LFQ	47	0	0	0	0	0	0	0	0	0	0	0	0	0	0	0	0	0	0	0	0	0	0	0	0	0	0	0	0	0	0	2004	0
LFQ	48	0	0	0	0	0	0	0	0	0	0	0	0	0	0	0	0	0	0	0	0	0	0	0	0	0	0	0	0	0	0	2004	0
LFQ	49	0	0	0	0	0	0	0	0	0	0	0	0	0	0	0	0	0	0	0	0	0	0	0	0	0	0	0	0	0	0	2004	0
LFQ	50	0	0	0	0	0	0	0	0	0	0	0	0	0	0	0	0	0	0	0	0	0	0	0	0	0	0	0	0	0	0	2004	0
LFQ	51	0	0	0	0	0	0	0	0	0	0	0	0	0	0	0	0	0	0	0	0	0	0	0	0	0	0	0	0	0	0	2004	0
LFQ	52	0	0	0	0	0	0	0	0	0	0	0	0	0	0	0	0	0	0	0	0	0	0	0	0	0	0	0	0	0	0	2004	0
LFQ	53	0	0	0	0	0	0	0	0	0	0	0	0	0	0	0	0	0	0	0	0	0	0	0	0	0	0	0	0	0	0	2004	0
LFQ	54	0	0	0	0	0	0	0	0	0	0	0	0	0	0	0	0	0	0	0	0	0	0	0	0	0	0	0	0	0	0	2004	0
LFQ	55	0	0	0	0	0	0	0	0	0	0	0	0	0	0	0	0	0	0	0	0	0	0	0	0	0	0	0	0	0	0	2004	0
LFQ	56	0	0	0	0	0	0	0	0	0	0	0	0	0	0	0	0	0	0	0	0	0	0	0	0	0	0	0	0	0	0	2004	0
LFQ	57	0	0	0	0	0	0	0	0	0	0	0	0	0	0	0	0	0	0	0	0	0	0	0	0	0	0	0	0	0	0	2004	0
LFQ	58	0	0	0	0	0	0	0	0	0	0	0	0	0	0	0	0	0	0	0	0	0	0	0	0	0	0	0	0	0	0	2004	0
LFQ	59	0	0	0	0	0	0	0	0	0	0	0	0	0	0	0	0	0	0	0	0	0	0	0	0	0	0	0	0	0	0	2004	0
LFQ	60	0	0	0	0	0	0	0	0	0	0	0	0	0	0	0	0	0	0	0	0	0	0	0	0	0	0	0	0	0	0	2004	0
LFQ	61	0	0	0	0	0	0	0	0	0	0	0	0	0	0	0	0	0	0	0	0	0	0	0	0	0	0	0	0	0	0	2004	0
LFQ	62	0	0	0	0	0	0	0	0	0	0	0	0	0	0	0	0	0	0	0	0	0	0	0	0	0	0	0	0	0	0	2004	0
LFQ	63	0	0	0	0	0	0	0	0	0	0	0	0	0	0	0	0	0	0	0	0	0	0	0	0	0	0	0	0	0	0	2004	0
LFQ	64	0	0	0	0	0	0	0	0	0	0	0	0	0	0	0	0	0	0	0	0	0	0	0	0	0	0	0	0	0	0	2004	0
LFQ	65	0	0	0	0	0	0	0	0	0	0	0	0	0	0	0	0	0	0	0	0	0	0	0	0	0	0	0	0	0	0	2004	0
LFQ	66	0	0	0	0	0	0	0	0	0	0	0	0	0	0	0	0	0	0	0	0	0	0	0	0	0	0	0	0	0	0	2004	0
LFQ	67	0	0	0	0	0	0	0	0	0	0	0	0	0	0	0	0	0	0	0	0	0	0	0	0	0	0	0	0	0	0	2004	0
LFQ	68	0	0	0	0	0	0	0	0	0	0	0	0	0	0	0	0	0	0	0	0	0	0	0	0	0	0	0	0	0	0	2004	0
LFQ	69	0	0	0	0	0	0	0	0	0	0	0	0	0	0	0	0	0	0	0	0	0	0	0	0	0	0	0	0	0	0	2004	0
LFQ	70	0	0	0	0	0	0	0	0	0	0	0	0	0	0	0	0	0	0	0	0	0	0	0	0	0	0	0	0	0	0	2004	0
LFQ	71	0	0	0	0	0	0	0	0	0	0	0	0	0	0	0	0	0	0	0	0	0	0	0	0	0	0	0	0	0	0	2004	0
LFQ	72	0	0	0	0	0	0	0	0	0	0	0	0	0	0	0	0	0	0	0	0	0	0	0	0	0	0	0	0	0	0	2004	0
LFQ	73	0	0	0	0	0	0	0	0	0	0	0	0	0	0	0	0	0	0	0	0	0	0	0	0	0	0	0	0	0	0	2004	0
LFQ	74	0	0	0	0	0	0	0	0	0	0	0	0	0	0	0	0	0	0	0	0	0	0	0	0	0	0	0	0	0	0	2004	0
LFQ	75	0	0	0	0	0	0	0	0	0	0	0	0	0	0	0	0	0	0	0	0	0	0	0	0	0	0	0	0	0	0	2004	0
LFQ	76	0	0	0	0	0	0	0	0	0	0	0	0	0	0	0	0	0	0	0	0	0	0	0	0	0	0	0	0	0	0	2004	0
LFQ	77	0	0	0	0	0	0	0	0	0	0	0	0	0	0	0	0	0	0	0	0	0	0	0	0	0	0	0	0	0	0	2004	0
LFQ	78	0	0	0	0	0	0	0	0	0	0	0	0	0	0	0	0	0	0	0	0	0	0	0	0	0	0	0	0	0	0	2004	0
LFQ	79	0	0	0	0	0	0	0	0	0	0	0	0	0	0	0	0	0	0	0	0	0	0	0	0	0	0	0	0	0	0	2004	0
LFQ	80	0	0	0	0	0	0	0	0	0	0	0	0	0	0	0	0	0	0	0	0	0	0	0	0	0	0	0	0	0	0	2004	0
LFQ	81	0	0	0	0	0	0	0	0	0	0	0	0	0	0	0	0	0	0	0	0	0	0	0	0	0	0	0	0	0	0	2004	0
LFQ	82	0	0	0	0	0	0	0	0	0	0	0	0	0	0	0	0	0	0	0	0	0	0	0	0	0	0	0	0	0	0	2004	0
LFQ	83	0	0	0	0	0	0	0	0	0	0	0	0	0	0	0	0	0	0	0	0	0	0	0	0	0	0	0	0	0	0	2004	0
LFQ	84	0	0	0	0	0	0	0	0	0	0	0	0	0	0	0	0	0	0	0	0	0	0	0	0	0	0	0	0	0	0	2004	0
LFQ	85	0	0	0	0	0	0	0	0	0	0	0	0	0	0	0	0	0	0	0	0	0	0	0	0	0	0	0	0	0	0	2004	0
LFQ	86	0	0	0	0	0	0	0	0	0	0	0	0	0	0	0	0	0	0	0	0	0	0	0	0	0	0	0	0	0	0	2004	0
LFQ	87	0	0	0	0	0	0	0	0	0	0	0	0	0	0	0	0	0	0	0	0	0	0	0	0	0	0	0	0	0	0	2004	0
LFQ	88	0	0	0	0	0	0	0	0	0	0	0	0	0	0	0	0	0	0	0	0	0	0	0	0	0	0	0	0	0	0	2004	0
LFQ	89	0	0	0	0	0	0	0	0	0	0	0	0	0	0	0	0	0	0	0	0	0	0	0	0	0	0	0	0	0	0	2004	0
LFQ	90	0	0	0	0	0	0	0	0	0	0	0	0	0	0	0	0	0	0	0	0	0	0	0	0	0	0	0	0	0	0	2004	0
LFQ	91	0	0	0	0	0	0	0	0	0	0	0	0	0	0	0	0	0	0	0	0	0	0	0	0	0	0	0	0	0	0	2004	0
LFQ	92	0	0	0	0	0	0	0	0	0	0	0	0	0	0	0	0	0	0	0	0	0	0	0	0	0	0	0	0	0	0	2004	0
LFQ	93	0	0	0	0	0	0	0	0	0	0	0	0	0	0	0	0	0	0	0	0	0	0	0	0	0	0	0	0	0	0	2004	0
LFQ	94	0	0	0	0	0	0	0	0	0	0	0	0	0	0	0	0	0	0	0	0	0	0	0	0	0	0	0	0	0	0	2004	0
LFQ	95	0	0	0	0	0	0	0	0	0	0	0	0	0	0	0	0	0	0	0	0	0	0	0	0	0	0	0	0	0	0	2004	0
LFQ	96	0	0	0	0	0	0	0	0	0	0	0	0	0	0	0	0	0	0	0	0	0	0	0	0	0	0	0	0	0	0	2004	0
LFQ	97	0	0	0	0	0	0	0	0	0	0	0	0	0	0	0	0	0	0	0	0	0	0	0	0	0	0	0	0	0	0	2004	0
LFQ	98	0	0	0	0	0	0	0	0	0	0	0	0	0	0	0	0	0	0	0	0	0	0	0	0	0	0	0	0	0	0	2004	0
LFQ	99	0	0	0	0	0	0	0	0	0	0	0	0	0	0	0	0	0	0	0	0	0	0	0	0	0	0	0	0	0	0	2004	0
LFQ	100	0	0	0	0	0	0	0	0	0	0	0	0	0	0	0	0	0	0	0	0	0	0	0	0	0	0	0	0	0	0	2004	0
LFQ	101	0	0	0	0	0	0	0	0	0	0	0	0	0	0	0	0	0	0	0	0	0	0	0	0	0	0	0	0	0	0	2004	0
LFQ	102	0	0	0	0	0	0	0	0	0	0	0	0	0	0	0	0	0	0	0	0	0	0	0	0	0	0	0	0	0	0	2004	0
LFQ	103	0	0	0	0	0	0	0	0	0	0	0	0	0	0	0	0	0	0	0	0	0	0	0	0	0	0	0	0	0	0	2004	0
LFQ	104	0	0	0	0	0	0	0	0	0	0	0	0	0	0	0	0	0	0	0	0	0	0	0	0	0	0	0	0	0	0	2004	0
LFQ	105	0	0	0	0	0	0	0	0	0	0	0	0	0	0	0	0	0	0	0	0	0	0	0	0	0	0	0	0	0	0	2004	0
LFQ	106	0	0	0	0	0	0	0	0	0	0	0	0	0	0	0	0	0	0	0	0	0	0	0	0	0	0	0	0	0	0	2004	0
LFQ	107	0	0	0	0	0	0	0	0	0	0	0	0	0	0	0	0	0	0	0	0	0	0	0	0	0	0	0	0	0	0	2004	0
LFQ	108	0	0	0	0	0	0	0	0	0	0	0	0	0	0	0	0	0	0	0	0	0	0	0	0	0	0	0	0	0	0	2004	0
LFQ	109	0	0	0	0	0	0	0	0	0	0	0	0	0	0	0	0	0	0	0	0	0	0	0	0	0	0	0	0	0	0	2004	0
LFQ	110	0	0	0	0	0	0	0	0	0	0	0	0	0	0	0	0	0	0	0	0	0	0	0	0	0	0	0	0	0	0	2004	0
LFQ	111	0	0	0	0	0	0	0	0	0	0	0	0	0	0	0	0	0	0	0	0	0	0	0	0	0	0	0	0	0	0	2004	0
LFQ	112	0	0	0	0	0	0	0	0	0	0	0	0	0	0	0	0	0	0	0	0	0	0	0	0	0	0	0	0	0	0	2004	0
LFQ	113	0	0	0	0	0	0	0	0	0	0	0	0	0	0	0	0	0	0	0	0	0	0	0	0	0	0	0	0	0	0	2004	0
LFQ	114	0	0	0	0	0	0	0	0	0	0	0	0	0	0	0	0	0	0	0	0	0	0	0	0	0	0	0	0	0	0	2004	0
LFQ	115	0	0	0	0	0	0	0	0	0	0	0	0	0	0	0	0	0	0	0	0	0	0	0	0	0	0	0	0	0	0	2004	0
LFQ	116	0	0	0	0	0	0	0	0	0	0	0	0	0	0	0	0	0	0	0	0	0	0	0	0	0	0	0	0	0	0	2004	0
LFQ	117	0	0	0	0	0	0	0	0	0	0	0	0	0	0	0	0	0	0	0	0	0	0	0	0	0	0	0	0	0	0	2004	0
LFQ	118	0	0	0	0	0	0	0	0	0	0	0	0	0	0	0	0	0	0	0	0	0	0	0	0	0	0	0	0	0	0	2004	0
LFQ	119	0	0	0	0	0	0	0	0	0	0	0	0	0	0	0	0	0	0	0	0	0	0	0	0	0	0	0	0	0	0	2004	0
LFQ	120	0	0	0	0	0	0	0	0	0	0	0	0	0	0	0	0	0	0	0	0	0	0	0	0	0	0	0	0	0	0	2004	0
LFQ	121	0	0	0	0	0	0	0	0	0	0	0	0	0	0	0	0	0	0	0	0	0	0	0	0	0	0	0	0	0	0	2004	0
LFQ	122	0	0	0	0	0	0	0	0	0	0	0	0	0	0	0	0	0	0	0	0	0	0	0	0	0	0	0	0	0	0	2004	0
LFQ	123	0	0	0	0	0	0	0	0	0	0	0	0	0	0	0	0	0	0	0	0	0	0	0	0	0	0	0	0	0	0	2004	0
LFQ	124	0	0	0	0	0	0	0	0	0	0	0	0	0	0	0	0	0	0	0	0	0	0	0	0	0	0	0	0	0	0	2004	0
LFQ	125	0	0	0	0	0	0	0	0	0	0	0	0	0	0	0	0	0	0	0	0	0	0	0	0	0	0	0	0	0	0	2004	0
LFQ	126	0	0	0	0	0	0	0	0	0	0	0	0	0	0	0	0	0	0	0	0	0	0	0	0	0	0	0	0	0	0	2004	0
LFQ	127	0	0	0	0	0	0	0	0	0	0	0	0	0	0	0	0	0	0	0	0	0	0	0	0	0	0	0	0	0	0	2004	0
LFQ	128	0	0	0	0	0	0	0	0	0	0	0	0	0	0	0	0	0	0	0	0	0	0	0	0	0	0	0	0	0	0	2004	0
LFQ	129	0	0	0	0	0	0	0	0	0	0	0	0	0	0	0	0	0	0	0	0	0	0	0	0	0	0	0	0	0	0	2004	0
LFQ	130	0	0	0	0	0	0	0	0	0	0	0	0	0	0	0	0	0	0	0	0	0	0	0	0	0	0	0	0	0	0	2004	0
LFQ	131	0	0	0	0	0	0	0	0	0	0	0	0	0	0	0	0	0	0	0	0	0	0	0	0	0	0	0	0	0	0	2004	0
LFQ	132	0	0	0	0	0	0	0	0	0	0	0	0	0	0	0	0	0	0	0	0	0	0	0	0	0	0	0	0	0	0	2004	0
LFQ	133	0	0	0	0	0	0	0	0	0	0	0	0	0	0	0	0	0	0	0	0	0	0	0	0	0	0	0	0	0	0	2004	0
LFQ	134	0	0	0	0	0	0	0	0	0	0	0	0	0	0	0	0	0	0	0	0	0	0	0	0	0	0	0	0	0	0	2004	0
LFQ	135	0	0	0	0	0	0	0	0	0	0	0	0	0	0	0	0	0	0	0	0	0	0	0	0	0	0	0	0	0	0	2004	0
LFQ	136	0	0	0	0	0	0	0	0	0	0	0	0	0	0	0	0	0	0	0	0	0	0	0	0	0	0	0	0	0	0	2004	0
LFQ	137	0	0	0	0	0	0	0	0	0	0	0	0	0	0	0	0	0	0	0	0	0	0	0	0	0	0	0	0	0	0	2004	0
LFQ	138	0	0	0	0	0	0	0	0	0	0	0	0	0	0	0	0	0	0	0	0	0	0	0	0	0	0	0	0	0	0	2004	0
LFQ	139	0	0	0	0	0	0	0	0	0	0	0	0	0	0	0	0	0	0	0	0	0	0	0	0	0	0	0	0	0	0	2004	0
LFQ	140	0	0	0	0	0	0	0	0	0	0	0	0	0	0	0	0	0	0	0	0	0	0	0	0	0	0	0	0	0	0	2004	0
LFQ	141	0	0	0	0	0	0	0	0	0	0	0	0	0	0	0	0	0	0	0	0	0	0	0	0	0	0	0	0	0	0	2004	0
LFQ	142	0	0	0	0	0	0	0	0	0	0	0	0	0	0	0	0	0	0	0	0	0	0	0	0	0	0	0	0	0	0	2004	0
LFQ	143	0	0	0	0	0	0	0	0	0	0	0	0	0	0	0	0	0	0	0	0	0	0	0	0	0	0	0	0	0	0	2004	0
LFQ	144	0	0	0	0	0	0	0	0	0	0	0	0	0	0	0	0	0	0	0	0	0	0	0	0	0	0	0	0	0	0	2004	0
LFQ	145	0	0	0	0	0	0	0	0	0	0	0	0	0	0	0	0	0	0	0	0	0	0	0	0	0	0	0	0	0	0	2004	0
LFQ	146	0	0	0	0	0	0	0	0	0	0	0	0	0	0	0	0	0	0	0	0	0	0	0	0	0	0	0	0	0	0	2004	0
LFQ	147	0	0	0	0	0	0	0	0	0	0	0	0	0	0	0	0	0	0	0	0	0	0	0	0	0	0	0	0	0	0	2004	0
LFQ	148	0	0	0	0	0	0	0	0	0	0	0	0	0	0	0	0	0	0	0	0	0	0	0	0	0	0	0	0	0	0	2004	0
LFQ	149	0	0	0	0	0	0	0	0	0	0	0	0	0	0	0	0	0	0	0	0	0	0	0	0	0	0	0	0	0	0	2003	0
LFQ	150	0	0	0	0	0	0	0	0	0	0	0	0	0	0	0	0	0	0	0	0	0	0	0	0	0	0	0	0	0	0	2003	0
# GC Content of first fragments. Use `grep ^GCF | cut -f 2-` to extract this part.
GCF	3.27	0
GCF	6.78	2
GCF	12.06	0
GCF	17.34	1
GCF	17.84	2
GCF	18.34	1
GCF	19.10	2
GCF	20.10	1
GCF	20.85	2
GCF	21.36	1
GCF	22.11	2
GCF	22.86	4
GCF	23.37	8
GCF	24.12	7
GCF	24.87	9
GCF	25.38	8
GCF	26.13	10
GCF	26.88	15
GCF	27.39	27
GCF	28.14	30
GCF	28.89	25
GCF	29.40	37
GCF	30.15	24
GCF	30.90	47
GCF	31.41	42
GCF	32.16	45
GCF	32.91	61
GCF	33.42	64
GCF	33.92	77
GCF	34.67	81
GCF	35.43	71
GCF	35.93	72
GCF	36.68	76
GCF	37.44	88
GCF	37.94	62
GCF	38.69	65
GCF	39.45	58
GCF	40.45	69
GCF	41.46	57
GCF	41.96	59
GCF	42.71	57
GCF	43.47	55
GCF	43.97	61
GCF	44.72	50
GCF	45.48	56
GCF	45.98	51
GCF	46.73	37
GCF	47.49	41
GCF	47.99	30
GCF	48.74	27
GCF	49.50	30
GCF	50.00	18
GCF	50.75	11
GCF	51.51	16
GCF	52.01	9
GCF	52.76	8
GCF	54.27	7
GCF	55.53	4
GCF	56.03	8
GCF	56.78	5
GCF	57.54	4
GCF	58.54	2
GCF	59.55	1
GCF	60.55	3
GCF	61.56	2
GCF	62.06	0
GCF	62.81	2
GCF	63.57	0
GCF	64.07	2
GCF	64.82	0
GCF	65.58	1
GCF	66.83	0
GCF	68.34	1
GCF	69.35	2
GCF	70.10	0
GCF	70.60	2
# GC Content of last fragments. Use `grep ^GCL | cut -f 2-` to extract this part.
GCL	3.77	0
GCL	8.29	1
GCL	10.30	0
GCL	12.06	1
GCL	13.07	0
GCL	14.07	2
GCL	14.82	1
GCL	15.33	3
GCL	17.09	0
GCL	18.84	2
GCL	19.35	1
GCL	20.10	2
GCL	20.85	0
GCL	21.36	4
GCL	22.11	2
GCL	22.86	11
GCL	23.37	12
GCL	24.12	8
GCL	24.87	11
GCL	25.38	15
GCL	26.13	11
GCL	26.88	25
GCL	27.39	19
GCL	28.14	27
GCL	28.89	29
GCL	29.40	40
GCL	30.15	39
GCL	30.90	34
GCL	31.41	33
GCL	32.16	40
GCL	32.91	45
GCL	33.42	51
GCL	33.92	65
GCL	34.67	77
GCL	35.43	90
GCL	35.93	68
GCL	36.68	74
GCL	37.44	78
GCL	37.94	83
GCL	38.69	76
GCL	39.45	68
GCL	39.95	73
GCL	40.95	66
GCL	41.96	56
GCL	42.71	62
GCL	43.47	46
GCL	43.97	58
GCL	44.72	43
GCL	45.48	42
GCL	45.98	36
GCL	46.73	38
GCL	47.49	41
GCL	47.99	32
GCL	48.74	35
GCL	49.50	19
GCL	50.00	21
GCL	50.75	15
GCL	51.51	19
GCL	52.01	16
GCL	52.76	5
GCL	53.77	8
GCL	54.77	7
GCL	55.53	8
GCL	56.03	2
GCL	56.78	8
GCL	57.54	4
GCL	58.04	2
GCL	58.79	3
GCL	59.55	0
GCL	60.05	4
GCL	60.80	3
GCL	61.56	1
GCL	62.06	3
GCL	62.81	0
GCL	63.57	2
GCL	64.57	0
GCL	65.58	3
# ACGT content per cycle. Use `grep ^GCC | cut -f 2-` to extract this part. The columns are: cycle; A,C,G,T base counts as a percentage of all A/C/G/T bases [%]; and N and O counts as a percentage of all A/C/G/T bases [%]
GCC	1	30.09	20.76	18.44	30.71	0.00	0.00
GCC	2	30.56	19.39	18.59	31.46	0.00	0.00
GCC	3	30.21	19.74	18.86	31.19	0.00	0.00
GCC	4	31.11	18.41	19.36	31.11	0.00	0.00
GCC	5	30.44	19.61	18.61	31.34	0.00	0.00
GCC	6	30.16	19.51	20.08	30.24	0.00	0.00
GCC	7	30.44	20.21	18.04	31.31	0.00	0.00
GCC	8	31.21	20.53	18.39	29.87	0.00	0.00
GCC	9	29.79	20.21	19.16	30.84	0.00	0.00
GCC	10	30.34	20.03	18.66	30.96	0.00	0.00
GCC	11	31.34	19.96	18.86	29.84	0.00	0.00
GCC	12	31.59	19.39	17.91	31.11	0.00	0.00
GCC	13	31.04	20.18	18.91	29.87	0.00	0.00
GCC	14	31.16	19.34	18.04	31.46	0.00	0.00
GCC	15	30.19	19.34	20.18	30.29	0.00	0.00
GCC	16	31.04	21.18	18.71	29.07	0.00	0.00
GCC	17	30.46	20.33	19.09	30.11	0.00	0.00
GCC	18	29.67	20.18	20.16	29.99	0.00	0.00
GCC	19	29.74	19.74	19.24	31.29	0.00	0.00
GCC	20	29.82	19.64	20.21	30.34	0.00	0.00
GCC	21	29.92	19.56	18.01	32.51	0.00	0.00
GCC	22	31.61	19.49	19.19	29.72	0.00	0.00
GCC	23	31.71	19.19	18.94	30.16	0.00	0.00
GCC	24	31.71	19.26	19.41	29.62	0.00	0.00
GCC	25	30.56	19.64	19.44	30.36	0.00	0.00
GCC	26	30.49	18.89	19.29	31.34	0.00	0.00
GCC	27	30.46	20.03	18.59	30.91	0.00	0.00
GCC	28	30.46	19.84	19.19	30.51	0.00	0.00
GCC	29	31.04	19.84	18.39	30.74	0.00	0.00
GCC	30	31.04	20.11	18.01	30.84	0.00	0.00
GCC	31	29.34	20.68	19.24	30.74	0.00	0.00
GCC	32	30.84	18.94	19.39	30.84	0.00	0.00
GCC	33	31.51	19.74	17.69	31.06	0.00	0.00
GCC	34	30.31	19.89	19.86	29.94	0.00	0.00
GCC	35	30.34	19.36	18.69	31.61	0.00	0.00
GCC	36	29.54	20.88	19.14	30.44	0.00	0.00
GCC	37	29.59	20.26	19.39	30.76	0.00	0.00
GCC	38	30.46	20.68	18.44	30.41	0.00	0.00
GCC	39	30.74	20.43	18.81	30.01	0.00	0.00
GCC	40	30.56	19.56	19.11	30.76	0.00	0.00
GCC	41	31.79	19.14	18.74	30.34	0.00	0.00
GCC	42	29.87	20.11	19.91	30.11	0.00	0.00
GCC	43	30.94	19.16	18.16	31.74	0.00	0.00
GCC	44	30.74	19.74	18.71	30.81	0.00	0.00
GCC	45	31.46	18.74	18.36	31.44	0.00	0.00
GCC	46	31.34	19.41	18.94	30.31	0.00	0.00
GCC	47	31.19	19.99	18.94	29.89	0.00	0.00
GCC	48	30.59	20.53	18.86	30.01	0.00	0.00
GCC	49	30.64	19.46	19.61	30.29	0.00	0.00
GCC	50	30.54	19.64	19.71	30.11	0.00	0.00
GCC	51	30.64	19.76	18.51	31.09	0.00	0.00
GCC	52	30.19	19.64	19.21	30.96	0.00	0.00
GCC	53	30.76	21.36	16.89	30.99	0.00	0.00
GCC	54	29.67	21.13	18.06	31.14	0.00	0.00
GCC	55	30.16	19.66	18.71	31.46	0.00	0.00
GCC	56	29.54	19.86	19.84	30.76	0.00	0.00
GCC	57	31.26	18.81	18.91	31.01	0.00	0.00
GCC	58	31.34	20.11	18.84	29.72	0.00	0.00
GCC	59	30.69	19.34	18.71	31.26	0.00	0.00
GCC	60	30.39	19.79	17.99	31.84	0.00	0.00
GCC	61	29.82	19.44	19.21	31.54	0.00	0.00
GCC	62	28.79	19.71	19.29	32.21	0.00	0.00
GCC	63	30.04	20.06	19.29	30.61	0.00	0.00
GCC	64	29.89	20.71	19.64	29.77	0.00	0.00
GCC	65	29.99	20.31	19.66	30.04	0.00	0.00
GCC	66	30.11	18.99	19.04	31.86	0.00	0.00
GCC	67	30.79	18.99	19.14	31.09	0.00	0.00
GCC	68	30.26	20.21	19.01	30.51	0.00	0.00
GCC	69	31.69	19.64	18.01	30.66	0.00	0.00
GCC	70	30.94	20.03	18.99	30.04	0.00	0.00
GCC	71	30.86	19.54	19.06	30.54	0.00	0.00
GCC	72	30.96	18.56	19.74	30.74	0.00	0.00
GCC	73	31.94	20.28	18.11	29.67	0.00	0.00
GCC	74	29.74	19.59	19.26	31.41	0.00	0.00
GCC	75	31.34	19.04	18.76	30.86	0.00	0.00
GCC	76	31.31	20.06	18.31	30.31	0.00	0.00
GCC	77	31.51	19.94	17.76	30.79	0.00	0.00
GCC	78	30.56	19.61	19.34	30.49	0.00	0.00
GCC	79	29.69	20.16	18.31	31.84	0.00	0.00
GCC	80	30.14	19.06	20.18	30.61	0.00	0.00
GCC	81	31.76	20.06	18.51	29.67	0.00	0.00
GCC	82	30.66	19.49	19.06	30.79	0.00	0.00
GCC	83	30.86	19.84	19.41	29.89	0.00	0.00
GCC	84	31.59	19.21	19.94	29.27	0.00	0.00
GCC	85	32.63	19.04	19.06	29.27	0.00	0.00
GCC	86	30.69	20.51	19.11	29.69	0.00	0.00
GCC	87	29.74	19.34	19.76	31.16	0.00	0.00
GCC	88	32.44	19.86	18.16	29.54	0.00	0.00
GCC	89	30.79	20.41	18.39	30.41	0.00	0.00
GCC	90	29.99	19.19	20.03	30.79	0.00	0.00
GCC	91	29.94	19.64	20.03	30.39	0.00	0.00
GCC	92	30.26	19.36	18.46	31.91	0.00	0.00
GCC	93	30.01	19.94	18.04	32.01	0.00	0.00
GCC	94	31.81	19.11	19.91	29.17	0.00	0.00
GCC	95	30.99	19.66	19.04	30.31	0.00	0.00
GCC	96	30.31	20.63	18.86	30.19	0.00	0.00
GCC	97	30.66	19.34	19.81	30.19	0.00	0.00
GCC	98	31.64	19.44	18.14	30.79	0.00	0.00
GCC	99	31.16	20.03	17.29	31.51	0.00	0.00
GCC	100	30.46	20.06	19.61	29.87	0.00	0.00
GCC	101	30.61	20.46	18.31	30.61	0.00	0.00
GCC	102	30.76	20.43	18.66	30.14	0.00	0.00
GCC	103	30.76	19.49	18.44	31.31	0.00	0.00
GCC	104	31.04	19.41	18.54	31.01	0.00	0.00
GCC	105	30.36	21.56	18.31	29.77	0.00	0.00
GCC	106	29.77	19.41	19.54	31.29	0.00	0.00
GCC	107	30.86	20.41	19.06	29.67	0.00	0.00
GCC	108	29.97	20.96	19.34	29.74	0.00	0.00
GCC	109	29.99	20.16	18.46	31.39	0.00	0.00
GCC	110	31.04	20.38	17.96	30.61	0.00	0.00
GCC	111	30.99	19.19	18.54	31.29	0.00	0.00
GCC	112	30.74	19.44	18.64	31.19	0.00	0.00
GCC	113	29.92	20.46	19.01	30.61	0.00	0.00
GCC	114	29.44	21.41	18.51	30.64	0.00	0.00
GCC	115	29.32	18.91	18.49	33.28	0.00	0.00
GCC	116	30.54	19.31	18.19	31.96	0.00	0.00
GCC	117	29.64	19.91	19.19	31.26	0.00	0.00
GCC	118	30.76	19.94	19.11	30.19	0.00	0.00
GCC	119	30.71	20.36	19.01	29.92	0.00	0.00
GCC	120	30.59	19.29	19.31	30.81	0.00	0.00
GCC	121	30.91	19.99	19.36	29.74	0.00	0.00
GCC	122	31.29	19.71	18.56	30.44	0.00	0.00
GCC	123	31.19	19.89	18.54	30.39	0.00	0.00
GCC	124	29.59	20.31	19.89	30.21	0.00	0.00
GCC	125	31.21	19.91	19.06	29.82	0.00	0.00
GCC	126	32.58	19.86	17.59	29.97	0.00	0.00
GCC	127	29.89	20.63	19.06	30.41	0.00	0.00
GCC	128	31.14	19.54	18.66	30.66	0.00	0.00
GCC	129	29.89	19.24	20.01	30.86	0.00	0.00
GCC	130	31.14	20.26	18.29	30.31	0.00	0.00
GCC	131	30.19	19.46	19.41	30.94	0.00	0.00
GCC	132	30.44	20.18	20.03	29.34	0.00	0.00
GCC	133	30.91	20.38	18.91	29.79	0.00	0.00
GCC	134	31.09	19.46	19.14	30.31	0.00	0.00
GCC	135	31.31	19.29	18.76	30.64	0.00	0.00
GCC	136	29.42	21.11	18.89	30.59	0.00	0.00
GCC	137	30.11	20.26	19.44	30.19	0.00	0.00
GCC	138	30.24	19.49	19.49	30.79	0.00	0.00
GCC	139	29.47	19.94	18.89	31.71	0.00	0.00
GCC	140	30.56	18.99	19.51	30.94	0.00	0.00
GCC	141	30.81	20.23	19.46	29.49	0.00	0.00
GCC	142	31.19	19.44	18.84	30.54	0.00	0.00
GCC	143	30.54	20.03	18.59	30.84	0.00	0.00
GCC	144	30.65	20.51	18.94	29.90	0.00	0.00
GCC	145	30.57	19.87	18.37	31.20	0.00	0.00
GCC	146	30.92	18.42	19.09	31.57	0.00	0.00
GCC	147	31.10	20.51	18.12	30.27	0.00	0.00
GCC	148	31.42	19.77	18.99	29.82	0.00	0.00
GCC	149	29.88	20.00	19.22	30.90	0.00	0.00
GCC	150	30.45	19.62	18.02	31.90	0.00	0.00
# ACGT content per cycle, read oriented. Use `grep ^GCT | cut -f 2-` to extract this part. The columns are: cycle; A,C,G,T base counts as a percentage of all A/C/G/T bases [%]
GCT	1	30.09	19.96	19.24	30.71
GCT	2	31.34	18.96	19.01	30.69
GCT	3	30.59	20.06	18.54	30.81
GCT	4	30.49	18.99	18.79	31.74
GCT	5	31.54	19.71	18.51	30.24
GCT	6	30.54	19.24	20.36	29.87
GCT	7	30.81	19.29	18.96	30.94
GCT	8	30.04	19.66	19.26	31.04
GCT	9	30.74	19.46	19.91	29.89
GCT	10	31.31	19.46	19.24	29.99
GCT	11	31.84	18.51	20.31	29.34
GCT	12	31.74	18.64	18.66	30.96
GCT	13	30.44	19.09	20.01	30.46
GCT	14	32.01	18.94	18.44	30.61
GCT	15	31.31	19.86	19.66	29.17
GCT	16	30.81	19.06	20.83	29.29
GCT	17	31.04	19.86	19.56	29.54
GCT	18	30.71	20.83	19.51	28.94
GCT	19	30.41	19.91	19.06	30.61
GCT	20	30.94	20.06	19.79	29.22
GCT	21	31.94	19.19	18.39	30.49
GCT	22	30.49	19.16	19.51	30.84
GCT	23	30.39	18.96	19.16	31.49
GCT	24	31.11	19.86	18.81	30.21
GCT	25	31.06	19.64	19.44	29.87
GCT	26	30.71	19.06	19.11	31.11
GCT	27	30.84	18.86	19.76	30.54
GCT	28	30.21	20.43	18.59	30.76
GCT	29	30.59	18.84	19.39	31.19
GCT	30	31.36	19.19	18.94	30.51
GCT	31	29.74	19.89	20.03	30.34
GCT	32	30.39	19.69	18.64	31.29
GCT	33	32.14	19.81	17.61	30.44
GCT	34	31.56	18.99	20.76	28.69
GCT	35	32.24	20.21	17.84	29.72
GCT	36	30.41	20.31	19.71	29.57
GCT	37	30.76	19.99	19.66	29.59
GCT	38	30.51	19.34	19.79	30.36
GCT	39	29.29	19.44	19.81	31.46
GCT	40	32.24	18.39	20.28	29.09
GCT	41	31.31	18.81	19.06	30.81
GCT	42	28.69	19.29	20.73	31.29
GCT	43	31.79	18.56	18.76	30.89
GCT	44	32.29	19.04	19.41	29.27
GCT	45	31.46	18.14	18.96	31.44
GCT	46	32.06	18.89	19.46	29.59
GCT	47	30.81	19.01	19.91	30.26
GCT	48	31.59	20.08	19.31	29.02
GCT	49	31.29	19.56	19.51	29.64
GCT	50	30.01	19.41	19.94	30.64
GCT	51	31.86	18.89	19.39	29.87
GCT	52	30.56	19.46	19.39	30.59
GCT	53	30.49	19.59	18.66	31.26
GCT	54	30.54	20.81	18.39	30.26
GCT	55	31.39	19.64	18.74	30.24
GCT	56	30.59	19.81	19.89	29.72
GCT	57	31.09	19.44	18.29	31.19
GCT	58	30.99	19.31	19.64	30.06
GCT	59	31.01	19.11	18.94	30.94
GCT	60	32.14	19.69	18.09	30.09
GCT	61	30.41	19.49	19.16	30.94
GCT	62	31.16	19.34	19.66	29.84
GCT	63	31.26	19.69	19.66	29.39
GCT	64	30.81	20.03	20.31	28.84
GCT	65	30.71	20.53	19.44	29.32
GCT	66	31.11	19.29	18.74	30.86
GCT	67	31.39	19.49	18.64	30.49
GCT	68	32.04	20.58	18.64	28.74
GCT	69	31.51	19.41	18.24	30.84
GCT	70	30.84	18.24	20.78	30.14
GCT	71	31.51	19.39	19.21	29.89
GCT	72	29.74	19.49	18.81	31.96
GCT	73	30.19	19.14	19.26	31.41
GCT	74	30.66	19.46	19.39	30.49
GCT	75	31.79	19.14	18.66	30.41
GCT	76	30.59	19.29	19.09	31.04
GCT	77	31.99	19.06	18.64	30.31
GCT	78	31.06	19.51	19.44	29.99
GCT	79	31.44	19.26	19.21	30.09
GCT	80	31.39	20.01	19.24	29.37
GCT	81	30.44	20.18	18.39	30.99
GCT	82	30.49	18.71	19.84	30.96
GCT	83	30.34	18.61	20.63	30.41
GCT	84	30.79	19.31	19.84	30.06
GCT	85	30.39	19.54	18.56	31.51
GCT	86	30.56	20.18	19.44	29.82
GCT	87	31.09	19.59	19.51	29.82
GCT	88	31.24	19.31	18.71	30.74
GCT	89	30.79	18.91	19.89	30.41
GCT	90	29.99	20.38	18.84	30.79
GCT	91	31.54	20.43	19.24	28.79
GCT	92	31.81	18.86	18.96	30.36
GCT	93	31.61	17.94	20.03	30.41
GCT	94	31.99	19.54	19.49	28.99
GCT	95	30.66	19.89	18.81	30.64
GCT	96	31.86	20.73	18.76	28.64
GCT	97	33.01	19.64	19.51	27.84
GCT	98	33.06	18.91	18.66	29.37
GCT	99	31.49	18.81	18.51	31.19
GCT	100	31.44	20.18	19.49	28.89
GCT	101	29.94	19.99	18.79	31.29
GCT	102	30.26	20.53	18.56	30.64
GCT	103	31.89	18.76	19.16	30.19
GCT	104	31.89	18.56	19.39	30.16
GCT	105	30.84	20.13	19.74	29.29
GCT	106	30.76	18.56	20.38	30.29
GCT	107	29.97	19.91	19.56	30.56
GCT	108	30.11	20.11	20.18	29.59
GCT	109	31.69	19.46	19.16	29.69
GCT	110	31.69	20.33	18.01	29.97
GCT	111	31.56	18.16	19.56	30.71
GCT	112	32.24	19.44	18.64	29.69
GCT	113	30.09	19.84	19.64	30.44
GCT	114	31.01	20.83	19.09	29.07
GCT	115	32.41	18.86	18.54	30.19
GCT	116	32.61	19.39	18.11	29.89
GCT	117	30.21	19.99	19.11	30.69
GCT	118	29.99	19.56	19.49	30.96
GCT	119	29.62	20.56	18.81	31.01
GCT	120	30.91	18.71	19.89	30.49
GCT	121	30.54	19.11	20.23	30.11
GCT	122	31.19	18.81	19.46	30.54
GCT	123	29.29	19.14	19.29	32.29
GCT	124	29.47	18.44	21.76	30.34
GCT	125	30.64	19.09	19.89	30.39
GCT	126	31.66	18.34	19.11	30.89
GCT	127	30.21	19.76	19.94	30.09
GCT	128	29.87	19.36	18.84	31.94
GCT	129	29.79	19.64	19.61	30.96
GCT	130	30.49	19.21	19.34	30.96
GCT	131	30.64	19.16	19.71	30.49
GCT	132	30.24	20.18	20.03	29.54
GCT	133	30.41	19.09	20.21	30.29
GCT	134	31.09	19.36	19.24	30.31
GCT	135	30.76	18.59	19.46	31.19
GCT	136	30.39	19.99	20.01	29.62
GCT	137	30.46	20.01	19.69	29.84
GCT	138	30.54	18.99	19.99	30.49
GCT	139	31.14	19.91	18.91	30.04
GCT	140	30.36	19.89	18.61	31.14
GCT	141	30.16	19.64	20.06	30.14
GCT	142	30.91	19.01	19.26	30.81
GCT	143	31.04	19.39	19.24	30.34
GCT	144	29.97	20.26	19.19	30.57
GCT	145	31.05	19.62	18.62	30.72
GCT	146	32.27	18.54	18.97	30.22
GCT	147	31.79	18.54	20.09	29.57
GCT	148	31.74	19.82	18.94	29.50
GCT	149	30.65	19.30	19.92	30.13
GCT	150	31.90	18.95	18.70	30.45
# ACGT content per cycle for first fragments. Use `grep ^FBC | cut -f 2-` to extract this part. The columns are: cycle; A,C,G,T base counts as a percentage of all A/C/G/T bases [%]; and N and O counts as a percentage of all A/C/G/T bases [%]
FBC	1	31.39	20.61	18.21	29.79	0.00	0.00
FBC	2	31.54	18.91	18.61	30.94	0.00	0.00
FBC	3	30.09	19.41	18.76	31.74	0.00	0.00
FBC	4	30.84	17.86	18.46	32.83	0.00	0.00
FBC	5	29.94	19.71	18.96	31.39	0.00	0.00
FBC	6	30.34	19.76	19.21	30.69	0.00	0.00
FBC	7	30.74	20.31	17.47	31.49	0.00	0.00
FBC	8	29.44	21.16	19.11	30.29	0.00	0.00
FBC	9	29.39	19.26	20.11	31.24	0.00	0.00
FBC	10	30.84	20.11	18.91	30.14	0.00	0.00
FBC	11	31.59	20.21	18.16	30.04	0.00	0.00
FBC	12	30.69	19.56	18.16	31.59	0.00	0.00
FBC	13	31.44	20.31	19.16	29.09	0.00	0.00
FBC	14	30.54	19.41	17.91	32.14	0.00	0.00
FBC	15	31.54	19.26	19.76	29.44	0.00	0.00
FBC	16	31.59	21.51	18.86	28.04	0.00	0.00
FBC	17	30.39	20.01	19.86	29.74	0.00	0.00
FBC	18	29.69	20.46	19.96	29.89	0.00	0.00
FBC	19	30.99	19.81	20.11	29.09	0.00	0.00
FBC	20	31.09	21.06	19.56	28.29	0.00	0.00
FBC	21	29.94	19.21	18.06	32.78	0.00	0.00
FBC	22	30.94	20.41	18.56	30.09	0.00	0.00
FBC	23	31.69	19.56	18.86	29.89	0.00	0.00
FBC	24	32.44	18.56	19.66	29.34	0.00	0.00
FBC	25	30.94	19.46	19.06	30.54	0.00	0.00
FBC	26	30.59	18.51	18.96	31.94	0.00	0.00
FBC	27	29.69	20.41	18.96	30.94	0.00	0.00
FBC	28	30.24	19.31	18.96	31.49	0.00	0.00
FBC	29	30.64	19.96	19.26	30.14	0.00	0.00
FBC	30	30.54	19.31	19.06	31.09	0.00	0.00
FBC	31	29.89	20.16	18.66	31.29	0.00	0.00
FBC	32	29.59	19.66	20.41	30.34	0.00	0.00
FBC	33	31.29	20.51	17.66	30.54	0.00	0.00
FBC	34	30.14	20.76	19.66	29.44	0.00	0.00
FBC	35	31.79	19.36	17.96	30.89	0.00	0.00
FBC	36	30.09	21.86	18.66	29.39	0.00	0.00
FBC	37	29.34	20.66	17.91	32.09	0.00	0.00
FBC	38	31.79	21.51	17.42	29.29	0.00	0.00
FBC	39	31.69	21.31	18.56	28.44	0.00	0.00
FBC	40	31.44	19.61	18.61	30.34	0.00	0.00
FBC	41	32.88	18.76	17.76	30.59	0.00	0.00
FBC	42	28.99	19.86	20.81	30.34	0.00	0.00
FBC	43	30.59	19.01	18.71	31.69	0.00	0.00
FBC	44	29.39	19.76	19.41	31.44	0.00	0.00
FBC	45	31.09	18.56	18.81	31.54	0.00	0.00
FBC	46	32.53	18.26	18.71	30.49	0.00	0.00
FBC	47	32.19	19.16	18.26	30.39	0.00	0.00
FBC	48	29.99	21.06	18.31	30.64	0.00	0.00
FBC	49	29.89	20.21	19.41	30.49	0.00	0.00
FBC	50	29.69	20.61	20.06	29.64	0.00	0.00
FBC	51	28.54	20.91	19.41	31.14	0.00	0.00
FBC	52	28.74	19.91	20.01	31.34	0.00	0.00
FBC	53	29.69	22.41	17.12	30.79	0.00	0.00
FBC	54	29.19	21.61	17.81	31.39	0.00	0.00
FBC	55	29.24	20.36	18.46	31.94	0.00	0.00
FBC	56	29.39	19.66	19.66	31.29	0.00	0.00
FBC	57	31.84	19.36	18.71	30.09	0.00	0.00
FBC	58	30.89	19.91	18.91	30.29	0.00	0.00
FBC	59	31.19	18.46	19.01	31.34	0.00	0.00
FBC	60	30.69	20.01	17.27	32.04	0.00	0.00
FBC	61	30.04	19.51	19.66	30.79	0.00	0.00
FBC	62	28.49	19.66	19.46	32.39	0.00	0.00
FBC	63	30.94	19.96	17.71	31.39	0.00	0.00
FBC	64	29.59	20.46	19.71	30.24	0.00	0.00
FBC	65	29.54	22.01	19.91	28.54	0.00	0.00
FBC	66	31.79	18.41	18.51	31.29	0.00	0.00
FBC	67	31.34	18.86	18.86	30.94	0.00	0.00
FBC	68	29.64	21.06	19.26	30.04	0.00	0.00
FBC	69	31.59	20.76	18.36	29.29	0.00	0.00
FBC	70	31.04	20.06	17.91	30.99	0.00	0.00
FBC	71	32.09	19.61	18.76	29.54	0.00	0.00
FBC	72	31.99	18.46	19.36	30.19	0.00	0.00
FBC	73	32.34	20.96	17.86	28.84	0.00	0.00
FBC	74	29.64	20.01	19.76	30.59	0.00	0.00
FBC	75	31.94	19.86	18.66	29.54	0.00	0.00
FBC	76	31.99	20.41	18.06	29.54	0.00	0.00
FBC	77	31.99	19.81	17.37	30.84	0.00	0.00
FBC	78	30.99	20.11	19.61	29.29	0.00	0.00
FBC	79	30.09	20.56	17.47	31.89	0.00	0.00
FBC	80	30.64	20.26	19.41	29.69	0.00	0.00
FBC	81	31.79	18.96	19.31	29.94	0.00	0.00
FBC	82	29.94	20.06	18.96	31.04	0.00	0.00
FBC	83	31.89	20.06	19.96	28.09	0.00	0.00
FBC	84	31.19	19.31	20.06	29.44	0.00	0.00
FBC	85	31.59	18.86	19.11	30.44	0.00	0.00
FBC	86	30.04	20.96	19.76	29.24	0.00	0.00
FBC	87	30.14	20.46	20.06	29.34	0.00	0.00
FBC	88	31.74	20.11	18.26	29.89	0.00	0.00
FBC	89	29.99	19.91	19.41	30.69	0.00	0.00
FBC	90	29.94	17.96	20.26	31.84	0.00	0.00
FBC	91	28.54	20.26	20.31	30.89	0.00	0.00
FBC	92	28.79	19.56	17.56	34.08	0.00	0.00
FBC	93	30.44	20.01	17.27	32.29	0.00	0.00
FBC	94	31.74	18.66	20.76	28.84	0.00	0.00
FBC	95	30.99	20.41	19.31	29.29	0.00	0.00
FBC	96	30.54	22.11	18.61	28.74	0.00	0.00
FBC	97	31.29	18.16	18.86	31.69	0.00	0.00
FBC	98	31.69	18.61	18.61	31.09	0.00	0.00
FBC	99	30.39	20.11	17.42	32.09	0.00	0.00
FBC	100	30.84	20.16	20.26	28.74	0.00	0.00
FBC	101	29.44	20.66	18.81	31.09	0.00	0.00
FBC	102	30.59	19.66	19.41	30.34	0.00	0.00
FBC	103	30.74	19.81	18.81	30.64	0.00	0.00
FBC	104	29.59	20.16	18.31	31.94	0.00	0.00
FBC	105	29.89	22.01	17.76	30.34	0.00	0.00
FBC	106	28.54	19.76	20.11	31.59	0.00	0.00
FBC	107	31.29	21.31	18.86	28.54	0.00	0.00
FBC	108	30.49	21.01	19.26	29.24	0.00	0.00
FBC	109	29.49	21.36	19.01	30.14	0.00	0.00
FBC	110	30.24	20.66	17.71	31.39	0.00	0.00
FBC	111	29.54	19.36	19.21	31.89	0.00	0.00
FBC	112	30.84	19.11	17.86	32.19	0.00	0.00
FBC	113	29.89	20.76	19.76	29.59	0.00	0.00
FBC	114	27.84	21.21	19.31	31.64	0.00	0.00
FBC	115	28.39	18.81	19.01	33.78	0.00	0.00
FBC	116	30.19	18.21	17.81	33.78	0.00	0.00
FBC	117	30.19	19.71	19.66	30.44	0.00	0.00
FBC	118	30.09	19.76	19.01	31.14	0.00	0.00
FBC	119	30.89	20.41	19.46	29.24	0.00	0.00
FBC	120	32.34	19.21	18.11	30.34	0.00	0.00
FBC	121	30.74	19.16	19.61	30.49	0.00	0.00
FBC	122	30.84	20.56	18.46	30.14	0.00	0.00
FBC	123	29.74	19.91	19.06	31.29	0.00	0.00
FBC	124	30.79	19.91	19.01	30.29	0.00	0.00
FBC	125	31.64	19.91	19.61	28.84	0.00	0.00
FBC	126	33.68	19.61	16.82	29.89	0.00	0.00
FBC	127	29.64	20.91	18.91	30.54	0.00	0.00
FBC	128	31.54	19.96	17.37	31.14	0.00	0.00
FBC	129	30.49	18.81	20.11	30.59	0.00	0.00
FBC	130	31.14	20.26	17.81	30.79	0.00	0.00
FBC	131	29.69	19.31	20.56	30.44	0.00	0.00
FBC	132	29.89	20.41	20.51	29.19	0.00	0.00
FBC	133	31.24	19.26	19.61	29.89	0.00	0.00
FBC	134	31.19	19.76	19.26	29.79	0.00	0.00
FBC	135	30.74	20.11	17.56	31.59	0.00	0.00
FBC	136	29.04	21.51	19.16	30.29	0.00	0.00
FBC	137	28.99	21.46	19.86	29.69	0.00	0.00
FBC	138	30.09	18.56	19.01	32.34	0.00	0.00
FBC	139	29.59	20.46	19.01	30.94	0.00	0.00
FBC	140	31.54	18.26	19.16	31.04	0.00	0.00
FBC	141	31.64	19.31	20.01	29.04	0.00	0.00
FBC	142	30.84	20.21	19.76	29.19	0.00	0.00
FBC	143	30.84	19.46	18.91	30.79	0.00	0.00
FBC	144	30.35	20.32	19.52	29.81	0.00	0.00
FBC	145	31.70	20.22	17.72	30.35	0.00	0.00
FBC	146	31.10	19.32	18.57	31.00	0.00	0.00
FBC	147	31.10	20.52	17.82	30.55	0.00	0.00
FBC	148	32.30	19.87	18.42	29.41	0.00	0.00
FBC	149	30.05	19.42	19.97	30.55	0.00	0.00
FBC	150	31.30	19.22	18.27	31.20	0.00	0.00
# ACGT raw counters for first fragments. Use `grep ^FTC | cut -f 2-` to extract this part. The columns are: A,C,G,T,N base counters
FTC	91991	59940	56863	91799	0
# ACGT content per cycle for last fragments. Use `grep ^LBC | cut -f 2-` to extract this part. The columns are: cycle; A,C,G,T base counts as a percentage of all A/C/G/T bases [%]; and N and O counts as a percentage of all A/C/G/T bases [%]
LBC	1	28.79	20.91	18.66	31.64	0.00	0.00
LBC	2	29.59	19.86	18.56	31.99	0.00	0.00
LBC	3	30.34	20.06	18.96	30.64	0.00	0.00
LBC	4	31.39	18.96	20.26	29.39	0.00	0.00
LBC	5	30.94	19.51	18.26	31.29	0.00	0.00
LBC	6	29.99	19.26	20.96	29.79	0.00	0.00
LBC	7	30.14	20.11	18.61	31.14	0.00	0.00
LBC	8	32.98	19.91	17.66	29.44	0.00	0.00
LBC	9	30.19	21.16	18.21	30.44	0.00	0.00
LBC	10	29.84	19.96	18.41	31.79	0.00	0.00
LBC	11	31.09	19.71	19.56	29.64	0.00	0.00
LBC	12	32.49	19.21	17.66	30.64	0.00	0.00
LBC	13	30.64	20.06	18.66	30.64	0.00	0.00
LBC	14	31.79	19.26	18.16	30.79	0.00	0.00
LBC	15	28.84	19.41	20.61	31.14	0.00	0.00
LBC	16	30.49	20.86	18.56	30.09	0.00	0.00
LBC	17	30.54	20.66	18.31	30.49	0.00	0.00
LBC	18	29.64	19.91	20.36	30.09	0.00	0.00
LBC	19	28.49	19.66	18.36	33.48	0.00	0.00
LBC	20	28.54	18.21	20.86	32.39	0.00	0.00
LBC	21	29.89	19.91	17.96	32.24	0.00	0.00
LBC	22	32.29	18.56	19.81	29.34	0.00	0.00
LBC	23	31.74	18.81	19.01	30.44	0.00	0.00
LBC	24	30.99	19.96	19.16	29.89	0.00	0.00
LBC	25	30.19	19.81	19.81	30.19	0.00	0.00
LBC	26	30.39	19.26	19.61	30.74	0.00	0.00
LBC	27	31.24	19.66	18.21	30.89	0.00	0.00
LBC	28	30.69	20.36	19.41	29.54	0.00	0.00
LBC	29	31.44	19.71	17.51	31.34	0.00	0.00
LBC	30	31.54	20.91	16.97	30.59	0.00	0.00
LBC	31	28.79	21.21	19.81	30.19	0.00	0.00
LBC	32	32.09	18.21	18.36	31.34	0.00	0.00
LBC	33	31.74	18.96	17.71	31.59	0.00	0.00
LBC	34	30.49	19.01	20.06	30.44	0.00	0.00
LBC	35	28.89	19.36	19.41	32.34	0.00	0.00
LBC	36	28.99	19.91	19.61	31.49	0.00	0.00
LBC	37	29.84	19.86	20.86	29.44	0.00	0.00
LBC	38	29.14	19.86	19.46	31.54	0.00	0.00
LBC	39	29.79	19.56	19.06	31.59	0.00	0.00
LBC	40	29.69	19.51	19.61	31.19	0.00	0.00
LBC	41	30.69	19.51	19.71	30.09	0.00	0.00
LBC	42	30.74	20.36	19.01	29.89	0.00	0.00
LBC	43	31.29	19.31	17.61	31.79	0.00	0.00
LBC	44	32.09	19.71	18.01	30.19	0.00	0.00
LBC	45	31.84	18.91	17.91	31.34	0.00	0.00
LBC	46	30.14	20.56	19.16	30.14	0.00	0.00
LBC	47	30.19	20.81	19.61	29.39	0.00	0.00
LBC	48	31.19	20.01	19.41	29.39	0.00	0.00
LBC	49	31.39	18.71	19.81	30.09	0.00	0.00
LBC	50	31.39	18.66	19.36	30.59	0.00	0.00
LBC	51	32.73	18.61	17.61	31.04	0.00	0.00
LBC	52	31.64	19.36	18.41	30.59	0.00	0.00
LBC	53	31.84	20.31	16.67	31.19	0.00	0.00
LBC	54	30.14	20.66	18.31	30.89	0.00	0.00
LBC	55	31.09	18.96	18.96	30.99	0.00	0.00
LBC	56	29.69	20.06	20.01	30.24	0.00	0.00
LBC	57	30.69	18.26	19.11	31.94	0.00	0.00
LBC	58	31.79	20.31	18.76	29.14	0.00	0.00
LBC	59	30.19	20.21	18.41	31.19	0.00	0.00
LBC	60	30.09	19.56	18.71	31.64	0.00	0.00
LBC	61	29.59	19.36	18.76	32.29	0.00	0.00
LBC	62	29.09	19.76	19.11	32.04	0.00	0.00
LBC	63	29.14	20.16	20.86	29.84	0.00	0.00
LBC	64	30.19	20.96	19.56	29.29	0.00	0.00
LBC	65	30.44	18.61	19.41	31.54	0.00	0.00
LBC	66	28.44	19.56	19.56	32.44	0.00	0.00
LBC	67	30.24	19.11	19.41	31.24	0.00	0.00
LBC	68	30.89	19.36	18.76	30.99	0.00	0.00
LBC	69	31.79	18.51	17.66	32.04	0.00	0.00
LBC	70	30.84	20.01	20.06	29.09	0.00	0.00
LBC	71	29.64	19.46	19.36	31.54	0.00	0.00
LBC	72	29.94	18.66	20.11	31.29	0.00	0.00
LBC	73	31.54	19.61	18.36	30.49	0.00	0.00
LBC	74	29.84	19.16	18.76	32.24	0.00	0.00
LBC	75	30.74	18.21	18.86	32.19	0.00	0.00
LBC	76	30.64	19.71	18.56	31.09	0.00	0.00
LBC	77	31.04	20.06	18.16	30.74	0.00	0.00
LBC	78	30.14	19.11	19.06	31.69	0.00	0.00
LBC	79	29.29	19.76	19.16	31.79	0.00	0.00
LBC	80	29.64	17.86	20.96	31.54	0.00	0.00
LBC	81	31.74	21.16	17.71	29.39	0.00	0.00
LBC	82	31.39	18.91	19.16	30.54	0.00	0.00
LBC	83	29.84	19.61	18.86	31.69	0.00	0.00
LBC	84	31.99	19.11	19.81	29.09	0.00	0.00
LBC	85	33.68	19.21	19.01	28.09	0.00	0.00
LBC	86	31.34	20.06	18.46	30.14	0.00	0.00
LBC	87	29.34	18.21	19.46	32.98	0.00	0.00
LBC	88	33.13	19.61	18.06	29.19	0.00	0.00
LBC	89	31.59	20.91	17.37	30.14	0.00	0.00
LBC	90	30.04	20.41	19.81	29.74	0.00	0.00
LBC	91	31.34	19.01	19.76	29.89	0.00	0.00
LBC	92	31.74	19.16	19.36	29.74	0.00	0.00
LBC	93	29.59	19.86	18.81	31.74	0.00	0.00
LBC	94	31.89	19.56	19.06	29.49	0.00	0.00
LBC	95	30.99	18.91	18.76	31.34	0.00	0.00
LBC	96	30.09	19.16	19.11	31.64	0.00	0.00
LBC	97	30.04	20.51	20.76	28.69	0.00	0.00
LBC	98	31.59	20.26	17.66	30.49	0.00	0.00
LBC	99	31.94	19.96	17.17	30.94	0.00	0.00
LBC	100	30.09	19.96	18.96	30.99	0.00	0.00
LBC	101	31.79	20.26	17.81	30.14	0.00	0.00
LBC	102	30.94	21.21	17.91	29.94	0.00	0.00
LBC	103	30.79	19.16	18.06	31.99	0.00	0.00
LBC	104	32.49	18.66	18.76	30.09	0.00	0.00
LBC	105	30.84	21.11	18.86	29.19	0.00	0.00
LBC	106	30.99	19.06	18.96	30.99	0.00	0.00
LBC	107	30.44	19.51	19.26	30.79	0.00	0.00
LBC	108	29.44	20.91	19.41	30.24	0.00	0.00
LBC	109	30.49	18.96	17.91	32.63	0.00	0.00
LBC	110	31.84	20.11	18.21	29.84	0.00	0.00
LBC	111	32.44	19.01	17.86	30.69	0.00	0.00
LBC	112	30.64	19.76	19.41	30.19	0.00	0.00
LBC	113	29.94	20.16	18.26	31.64	0.00	0.00
LBC	114	31.04	21.61	17.71	29.64	0.00	0.00
LBC	115	30.24	19.01	17.96	32.78	0.00	0.00
LBC	116	30.89	20.41	18.56	30.14	0.00	0.00
LBC	117	29.09	20.11	18.71	32.09	0.00	0.00
LBC	118	31.44	20.11	19.21	29.24	0.00	0.00
LBC	119	30.54	20.31	18.56	30.59	0.00	0.00
LBC	120	28.84	19.36	20.51	31.29	0.00	0.00
LBC	121	31.09	20.81	19.11	28.99	0.00	0.00
LBC	122	31.74	18.86	18.66	30.74	0.00	0.00
LBC	123	32.63	19.86	18.01	29.49	0.00	0.00
LBC	124	28.39	20.71	20.76	30.14	0.00	0.00
LBC	125	30.79	19.91	18.51	30.79	0.00	0.00
LBC	126	31.49	20.11	18.36	30.04	0.00	0.00
LBC	127	30.14	20.36	19.21	30.29	0.00	0.00
LBC	128	30.74	19.11	19.96	30.19	0.00	0.00
LBC	129	29.29	19.66	19.91	31.14	0.00	0.00
LBC	130	31.14	20.26	18.76	29.84	0.00	0.00
LBC	131	30.69	19.61	18.26	31.44	0.00	0.00
LBC	132	30.99	19.96	19.56	29.49	0.00	0.00
LBC	133	30.59	21.51	18.21	29.69	0.00	0.00
LBC	134	30.99	19.16	19.01	30.84	0.00	0.00
LBC	135	31.89	18.46	19.96	29.69	0.00	0.00
LBC	136	29.79	20.71	18.61	30.89	0.00	0.00
LBC	137	31.24	19.06	19.01	30.69	0.00	0.00
LBC	138	30.39	20.41	19.96	29.24	0.00	0.00
LBC	139	29.34	19.41	18.76	32.49	0.00	0.00
LBC	140	29.59	19.71	19.86	30.84	0.00	0.00
LBC	141	29.99	21.16	18.91	29.94	0.00	0.00
LBC	142	31.54	18.66	17.91	31.89	0.00	0.00
LBC	143	30.24	20.61	18.26	30.89	0.00	0.00
LBC	144	30.94	20.71	18.36	29.99	0.00	0.00
LBC	145	29.44	19.51	19.01	32.04	0.00	0.00
LBC	146	30.74	17.51	19.61	32.14	0.00	0.00
LBC	147	31.09	20.51	18.41	29.99	0.00	0.00
LBC	148	30.54	19.66	19.56	30.24	0.00	0.00
LBC	149	29.71	20.57	18.47	31.25	0.00	0.00
LBC	150	29.61	20.02	17.77	32.60	0.00	0.00
# ACGT raw counters for last fragments. Use `grep ^LTC | cut -f 2-` to extract this part. The columns are: A,C,G,T,N base counters
LTC	92097	59276	56876	92349	0
# Insert sizes. Use `grep ^IS | cut -f 2-` to extract this part. The columns are: insert size, pairs total, inward oriented pairs, outward oriented pairs, other pairs
IS	0	0	0	0	0
IS	1	0	0	0	0
IS	2	0	0	0	0
IS	3	0	0	0	0
IS	4	0	0	0	0
IS	5	0	0	0	0
IS	6	0	0	0	0
IS	7	0	0	0	0
IS	8	0	0	0	0
IS	9	0	0	0	0
IS	10	0	0	0	0
IS	11	0	0	0	0
IS	12	0	0	0	0
IS	13	0	0	0	0
IS	14	0	0	0	0
IS	15	0	0	0	0
IS	16	0	0	0	0
IS	17	0	0	0	0
IS	18	0	0	0	0
IS	19	0	0	0	0
IS	20	0	0	0	0
IS	21	0	0	0	0
IS	22	0	0	0	0
IS	23	0	0	0	0
IS	24	0	0	0	0
IS	25	0	0	0	0
IS	26	0	0	0	0
IS	27	0	0	0	0
IS	28	0	0	0	0
IS	29	0	0	0	0
IS	30	0	0	0	0
IS	31	0	0	0	0
IS	32	0	0	0	0
IS	33	0	0	0	0
IS	34	0	0	0	0
IS	35	0	0	0	0
IS	36	0	0	0	0
IS	37	0	0	0	0
IS	38	0	0	0	0
IS	39	0	0	0	0
IS	40	0	0	0	0
IS	41	0	0	0	0
IS	42	0	0	0	0
IS	43	0	0	0	0
IS	44	0	0	0	0
IS	45	0	0	0	0
IS	46	0	0	0	0
IS	47	0	0	0	0
IS	48	0	0	0	0
IS	49	0	0	0	0
IS	50	0	0	0	0
IS	51	0	0	0	0
IS	52	0	0	0	0
IS	53	0	0	0	0
IS	54	0	0	0	0
IS	55	0	0	0	0
IS	56	0	0	0	0
IS	57	0	0	0	0
IS	58	0	0	0	0
IS	59	0	0	0	0
IS	60	0	0	0	0
IS	61	0	0	0	0
IS	62	0	0	0	0
IS	63	0	0	0	0
IS	64	0	0	0	0
IS	65	0	0	0	0
IS	66	0	0	0	0
IS	67	0	0	0	0
IS	68	0	0	0	0
IS	69	0	0	0	0
IS	70	0	0	0	0
IS	71	0	0	0	0
IS	72	0	0	0	0
IS	73	0	0	0	0
IS	74	0	0	0	0
IS	75	0	0	0	0
IS	76	0	0	0	0
IS	77	0	0	0	0
IS	78	0	0	0	0
IS	79	0	0	0	0
IS	80	0	0	0	0
IS	81	0	0	0	0
IS	82	0	0	0	0
IS	83	0	0	0	0
IS	84	0	0	0	0
IS	85	0	0	0	0
IS	86	0	0	0	0
IS	87	0	0	0	0
IS	88	0	0	0	0
IS	89	0	0	0	0
IS	90	0	0	0	0
IS	91	0	0	0	0
IS	92	0	0	0	0
IS	93	0	0	0	0
IS	94	0	0	0	0
IS	95	0	0	0	0
IS	96	0	0	0	0
IS	97	0	0	0	0
IS	98	0	0	0	0
IS	99	0	0	0	0
IS	100	0	0	0	0
IS	101	0	0	0	0
IS	102	0	0	0	0
IS	103	0	0	0	0
IS	104	0	0	0	0
IS	105	0	0	0	0
IS	106	0	0	0	0
IS	107	0	0	0	0
IS	108	0	0	0	0
IS	109	0	0	0	0
IS	110	0	0	0	0
IS	111	0	0	0	0
IS	112	0	0	0	0
IS	113	0	0	0	0
IS	114	0	0	0	0
IS	115	0	0	0	0
IS	116	0	0	0	0
IS	117	0	0	0	0
IS	118	0	0	0	0
IS	119	0	0	0	0
IS	120	0	0	0	0
IS	121	0	0	0	0
IS	122	0	0	0	0
IS	123	0	0	0	0
IS	124	0	0	0	0
IS	125	0	0	0	0
IS	126	0	0	0	0
IS	127	0	0	0	0
IS	128	0	0	0	0
IS	129	0	0	0	0
IS	130	0	0	0	0
IS	131	0	0	0	0
IS	132	0	0	0	0
IS	133	0	0	0	0
IS	134	0	0	0	0
IS	135	0	0	0	0
IS	136	0	0	0	0
IS	137	0	0	0	0
IS	138	0	0	0	0
IS	139	0	0	0	0
IS	140	0	0	0	0
IS	141	0	0	0	0
IS	142	0	0	0	0
IS	143	0	0	0	0
IS	144	0	0	0	0
IS	145	0	0	0	0
IS	146	0	0	0	0
IS	147	0	0	0	0
IS	148	0	0	0	0
IS	149	0	0	0	0
IS	150	0	0	0	0
IS	151	0	0	0	0
IS	152	0	0	0	0
IS	153	0	0	0	0
IS	154	0	0	0	0
IS	155	0	0	0	0
IS	156	0	0	0	0
IS	157	0	0	0	0
IS	158	0	0	0	0
IS	159	0	0	0	0
IS	160	0	0	0	0
IS	161	0	0	0	0
IS	162	0	0	0	0
IS	163	0	0	0	0
IS	164	0	0	0	0
IS	165	0	0	0	0
IS	166	0	0	0	0
IS	167	0	0	0	0
IS	168	0	0	0	0
IS	169	0	0	0	0
IS	170	0	0	0	0
IS	171	0	0	0	0
IS	172	0	0	0	0
IS	173	0	0	0	0
IS	174	0	0	0	0
IS	175	0	0	0	0
IS	176	0	0	0	0
IS	177	0	0	0	0
IS	178	0	0	0	0
IS	179	0	0	0	0
IS	180	0	0	0	0
IS	181	0	0	0	0
IS	182	0	0	0	0
IS	183	0	0	0	0
IS	184	0	0	0	0
IS	185	0	0	0	0
IS	186	0	0	0	0
IS	187	0	0	0	0
IS	188	0	0	0	0
IS	189	0	0	0	0
IS	190	0	0	0	0
IS	191	0	0	0	0
IS	192	0	0	0	0
IS	193	0	0	0	0
IS	194	0	0	0	0
IS	195	0	0	0	0
IS	196	0	0	0	0
IS	197	0	0	0	0
IS	198	0	0	0	0
IS	199	0	0	0	0
IS	200	0	0	0	0
IS	201	0	0	0	0
IS	202	0	0	0	0
IS	203	0	0	0	0
IS	204	0	0	0	0
IS	205	0	0	0	0
IS	206	0	0	0	0
IS	207	0	0	0	0
IS	208	0	0	0	0
IS	209	0	0	0	0
IS	210	0	0	0	0
IS	211	0	0	0	0
IS	212	0	0	0	0
IS	213	0	0	0	0
IS	214	0	0	0	0
IS	215	0	0	0	0
IS	216	0	0	0	0
IS	217	0	0	0	0
IS	218	0	0	0	0
IS	219	0	0	0	0
IS	220	0	0	0	0
IS	221	0	0	0	0
IS	222	0	0	0	0
IS	223	0	0	0	0
IS	224	0	0	0	0
IS	225	0	0	0	0
IS	226	0	0	0	0
IS	227	0	0	0	0
IS	228	0	0	0	0
IS	229	0	0	0	0
IS	230	0	0	0	0
IS	231	0	0	0	0
IS	232	0	0	0	0
IS	233	0	0	0	0
IS	234	0	0	0	0
IS	235	0	0	0	0
IS	236	0	0	0	0
IS	237	0	0	0	0
IS	238	0	0	0	0
IS	239	0	0	0	0
IS	240	0	0	0	0
IS	241	0	0	0	0
IS	242	0	0	0	0
IS	243	0	0	0	0
IS	244	0	0	0	0
IS	245	0	0	0	0
IS	246	0	0	0	0
IS	247	0	0	0	0
IS	248	0	0	0	0
IS	249	0	0	0	0
IS	250	0	0	0	0
IS	251	0	0	0	0
IS	252	0	0	0	0
IS	253	0	0	0	0
IS	254	0	0	0	0
IS	255	0	0	0	0
IS	256	0	0	0	0
IS	257	0	0	0	0
IS	258	0	0	0	0
IS	259	0	0	0	0
IS	260	0	0	0	0
IS	261	0	0	0	0
IS	262	0	0	0	0
IS	263	0	0	0	0
IS	264	0	0	0	0
IS	265	0	0	0	0
IS	266	0	0	0	0
IS	267	0	0	0	0
IS	268	0	0	0	0
IS	269	0	0	0	0
IS	270	0	0	0	0
IS	271	0	0	0	0
IS	272	0	0	0	0
IS	273	0	0	0	0
IS	274	0	0	0	0
IS	275	0	0	0	0
IS	276	0	0	0	0
IS	277	0	0	0	0
IS	278	0	0	0	0
IS	279	0	0	0	0
IS	280	0	0	0	0
IS	281	0	0	0	0
IS	282	0	0	0	0
IS	283	0	0	0	0
IS	284	0	0	0	0
IS	285	0	0	0	0
IS	286	0	0	0	0
IS	287	0	0	0	0
IS	288	0	0	0	0
IS	289	0	0	0	0
IS	290	0	0	0	0
IS	291	0	0	0	0
IS	292	0	0	0	0
IS	293	0	0	0	0
IS	294	0	0	0	0
IS	295	0	0	0	0
IS	296	0	0	0	0
IS	297	0	0	0	0
IS	298	0	0	0	0
IS	299	0	0	0	0
IS	300	0	0	0	0
IS	301	0	0	0	0
IS	302	0	0	0	0
IS	303	0	0	0	0
IS	304	0	0	0	0
IS	305	0	0	0	0
IS	306	0	0	0	0
IS	307	0	0	0	0
IS	308	0	0	0	0
IS	309	0	0	0	0
IS	310	0	0	0	0
IS	311	0	0	0	0
IS	312	0	0	0	0
IS	313	0	0	0	0
IS	314	0	0	0	0
IS	315	0	0	0	0
IS	316	0	0	0	0
IS	317	0	0	0	0
IS	318	0	0	0	0
IS	319	0	0	0	0
IS	320	0	0	0	0
IS	321	0	0	0	0
IS	322	0	0	0	0
IS	323	0	0	0	0
IS	324	0	0	0	0
IS	325	0	0	0	0
IS	326	0	0	0	0
IS	327	0	0	0	0
IS	328	0	0	0	0
IS	329	0	0	0	0
IS	330	0	0	0	0
IS	331	0	0	0	0
IS	332	0	0	0	0
IS	333	0	0	0	0
IS	334	0	0	0	0
IS	335	1	1	0	0
IS	336	0	0	0	0
IS	337	0	0	0	0
IS	338	0	0	0	0
IS	339	0	0	0	0
IS	340	0	0	0	0
IS	341	0	0	0	0
IS	342	0	0	0	0
IS	343	0	0	0	0
IS	344	0	0	0	0
IS	345	0	0	0	0
IS	346	0	0	0	0
IS	347	0	0	0	0
IS	348	0	0	0	0
IS	349	0	0	0	0
IS	350	0	0	0	0
IS	351	0	0	0	0
IS	352	0	0	0	0
IS	353	0	0	0	0
IS	354	0	0	0	0
IS	355	0	0	0	0
IS	356	0	0	0	0
IS	357	0	0	0	0
IS	358	1	1	0	0
IS	359	0	0	0	0
IS	360	0	0	0	0
IS	361	1	1	0	0
IS	362	0	0	0	0
IS	363	0	0	0	0
IS	364	0	0	0	0
IS	365	1	1	0	0
IS	366	1	1	0	0
IS	367	3	3	0	0
IS	368	0	0	0	0
IS	369	0	0	0	0
IS	370	0	0	0	0
IS	371	0	0	0	0
IS	372	0	0	0	0
IS	373	2	2	0	0
IS	374	0	0	0	0
IS	375	2	2	0	0
IS	376	2	2	0	0
IS	377	0	0	0	0
IS	378	2	2	0	0
IS	379	2	2	0	0
IS	380	0	0	0	0
IS	381	1	1	0	0
IS	382	1	1	0	0
IS	383	0	0	0	0
IS	384	1	1	0	0
IS	385	0	0	0	0
IS	386	1	1	0	0
IS	387	2	2	0	0
IS	388	0	0	0	0
IS	389	2	2	0	0
IS	390	1	1	0	0
IS	391	0	0	0	0
IS	392	3	3	0	0
IS	393	1	1	0	0
IS	394	5	5	0	0
IS	395	2	2	0	0
IS	396	0	0	0	0
IS	397	2	2	0	0
IS	398	0	0	0	0
IS	399	5	5	0	0
IS	400	1	1	0	0
IS	401	2	2	0	0
IS	402	3	3	0	0
IS	403	2	2	0	0
IS	404	2	2	0	0
IS	405	4	4	0	0
IS	406	2	2	0	0
IS	407	4	4	0	0
IS	408	4	4	0	0
IS	409	2	2	0	0
IS	410	1	1	0	0
IS	411	3	3	0	0
IS	412	6	6	0	0
IS	413	1	1	0	0
IS	414	4	4	0	0
IS	415	4	4	0	0
IS	416	2	2	0	0
IS	417	3	3	0	0
IS	418	2	2	0	0
IS	419	1	1	0	0
IS	420	3	3	0	0
IS	421	7	7	0	0
IS	422	1	1	0	0
IS	423	8	8	0	0
IS	424	3	3	0	0
IS	425	4	4	0	0
IS	426	7	7	0	0
IS	427	4	4	0	0
IS	428	7	7	0	0
IS	429	6	6	0	0
IS	430	7	7	0	0
IS	431	3	3	0	0
IS	432	11	11	0	0
IS	433	3	3	0	0
IS	434	8	8	0	0
IS	435	11	11	0	0
IS	436	8	8	0	0
IS	437	7	7	0	0
IS	438	7	7	0	0
IS	439	6	6	0	0
IS	440	7	7	0	0
IS	441	12	12	0	0
IS	442	7	7	0	0
IS	443	11	11	0	0
IS	444	5	5	0	0
IS	445	7	7	0	0
IS	446	15	15	0	0
IS	447	11	11	0	0
IS	448	2	2	0	0
IS	449	9	9	0	0
IS	450	13	13	0	0
IS	451	13	13	0	0
IS	452	5	5	0	0
IS	453	7	7	0	0
IS	454	11	11	0	0
IS	455	11	11	0	0
IS	456	11	11	0	0
IS	457	8	8	0	0
IS	458	10	10	0	0
IS	459	12	12	0	0
IS	460	13	13	0	0
IS	461	12	12	0	0
IS	462	14	14	0	0
IS	463	8	8	0	0
IS	464	12	12	0	0
IS	465	12	12	0	0
IS	466	14	14	0	0
IS	467	15	15	0	0
IS	468	16	16	0	0
IS	469	13	13	0	0
IS	470	14	14	0	0
IS	471	9	9	0	0
IS	472	14	14	0	0
IS	473	16	16	0	0
IS	474	13	13	0	0
IS	475	9	9	0	0
IS	476	10	10	0	0
IS	477	16	16	0	0
IS	478	21	21	0	0
IS	479	16	16	0	0
IS	480	14	14	0	0
IS	481	17	17	0	0
IS	482	10	10	0	0
IS	483	15	15	0	0
IS	484	20	20	0	0
IS	485	18	18	0	0
IS	486	14	14	0	0
IS	487	7	7	0	0
IS	488	12	12	0	0
IS	489	22	22	0	0
IS	490	13	13	0	0
IS	491	14	14	0	0
IS	492	17	17	0	0
IS	493	13	13	0	0
IS	494	21	21	0	0
IS	495	19	19	0	0
IS	496	13	13	0	0
IS	497	19	19	0	0
IS	498	20	20	0	0
IS	499	17	17	0	0
IS	500	18	18	0	0
IS	501	17	17	0	0
IS	502	15	15	0	0
IS	503	18	18	0	0
IS	504	13	13	0	0
IS	505	15	15	0	0
IS	506	19	19	0	0
IS	507	15	15	0	0
IS	508	14	14	0	0
IS	509	16	16	0	0
IS	510	20	20	0	0
IS	511	17	17	0	0
IS	512	16	16	0	0
IS	513	14	14	0	0
IS	514	19	19	0	0
IS	515	19	19	0	0
IS	516	24	24	0	0
IS	517	21	21	0	0
IS	518	19	19	0	0
IS	519	21	21	0	0
IS	520	17	17	0	0
IS	521	9	9	0	0
IS	522	16	16	0	0
IS	523	24	24	0	0
IS	524	18	18	0	0
IS	525	13	13	0	0
IS	526	13	13	0	0
IS	527	8	8	0	0
IS	528	20	20	0	0
IS	529	18	18	0	0
IS	530	16	16	0	0
IS	531	15	15	0	0
IS	532	9	9	0	0
IS	533	7	7	0	0
IS	534	9	9	0	0
IS	535	11	11	0	0
IS	536	13	13	0	0
IS	537	10	10	0	0
IS	538	15	15	0	0
IS	539	10	10	0	0
IS	540	12	12	0	0
IS	541	12	12	0	0
IS	542	14	14	0	0
IS	543	6	6	0	0
IS	544	21	21	0	0
IS	545	8	8	0	0
IS	546	9	9	0	0
IS	547	10	10	0	0
IS	548	7	7	0	0
IS	549	14	14	0	0
IS	550	12	12	0	0
IS	551	8	8	0	0
IS	552	10	10	0	0
IS	553	8	8	0	0
IS	554	11	11	0	0
IS	555	6	6	0	0
IS	556	10	10	0	0
IS	557	6	6	0	0
IS	558	12	12	0	0
IS	559	6	6	0	0
IS	560	4	4	0	0
IS	561	10	10	0	0
IS	562	8	8	0	0
IS	563	4	4	0	0
IS	564	7	7	0	0
IS	565	7	7	0	0
IS	566	9	9	0	0
IS	567	8	8	0	0
IS	568	5	5	0	0
IS	569	4	4	0	0
IS	570	6	6	0	0
IS	571	5	5	0	0
IS	572	0	0	0	0
IS	573	6	6	0	0
IS	574	2	2	0	0
IS	575	4	4	0	0
IS	576	3	3	0	0
IS	577	2	2	0	0
IS	578	3	3	0	0
IS	579	3	3	0	0
IS	580	2	2	0	0
IS	581	1	1	0	0
IS	582	3	3	0	0
IS	583	2	2	0	0
IS	584	3	3	0	0
IS	585	3	3	0	0
IS	586	3	3	0	0
IS	587	5	5	0	0
IS	588	5	5	0	0
IS	589	2	2	0	0
IS	590	8	8	0	0
IS	591	2	2	0	0
IS	592	3	3	0	0
IS	593	2	2	0	0
IS	594	4	4	0	0
IS	595	1	1	0	0
IS	596	1	1	0	0
IS	597	3	3	0	0
IS	598	4	4	0	0
IS	599	1	1	0	0
IS	600	0	0	0	0
IS	601	0	0	0	0
IS	602	3	3	0	0
IS	603	0	0	0	0
IS	604	3	3	0	0
IS	605	2	2	0	0
IS	606	1	1	0	0
IS	607	0	0	0	0
IS	608	4	4	0	0
IS	609	0	0	0	0
IS	610	1	1	0	0
IS	611	0	0	0	0
IS	612	0	0	0	0
IS	613	1	1	0	0
# Read lengths. Use `grep ^RL | cut -f 2-` to extract this part. The columns are: read length, count
RL	143	1
RL	148	1
RL	150	4006
# Read lengths - first fragments. Use `grep ^FRL | cut -f 2-` to extract this part. The columns are: read length, count
FRL	143	1
FRL	150	2003
# Read lengths - last fragments. Use `grep ^LRL | cut -f 2-` to extract this part. The columns are: read length, count
LRL	148	1
LRL	150	2003
# Mapping qualities for reads !(UNMAP|SECOND|SUPPL|QCFAIL|DUP). Use `grep ^MAPQ | cut -f 2-` to extract this part. The columns are: mapq, count
MAPQ	0	14
MAPQ	9	2
MAPQ	27	4
MAPQ	39	2
MAPQ	40	40
MAPQ	41	1
MAPQ	43	2
MAPQ	45	1
MAPQ	46	1
MAPQ	47	6
MAPQ	48	37
MAPQ	51	1
MAPQ	52	2
MAPQ	57	17
MAPQ	60	3878
# Indel distribution. Use `grep ^ID | cut -f 2-` to extract this part. The columns are: length, number of insertions, number of deletions
# Indels per cycle. Use `grep ^IC | cut -f 2-` to extract this part. The columns are: cycle, number of insertions (fwd), .. (rev) , number of deletions (fwd), .. (rev)
# Coverage distribution. Use `grep ^COV | cut -f 2-` to extract this part.
COV	[1-1]	1	5204
COV	[2-2]	2	10313
COV	[3-3]	3	15945
COV	[4-4]	4	18436
COV	[5-5]	5	18505
COV	[6-6]	6	16671
COV	[7-7]	7	12775
COV	[8-8]	8	8615
COV	[9-9]	9	5357
COV	[10-10]	10	2800
COV	[11-11]	11	1344
COV	[12-12]	12	403
COV	[13-13]	13	317
COV	[14-14]	14	112
COV	[15-15]	15	22
COV	[16-16]	16	23
COV	[17-17]	17	18
COV	[18-18]	18	20
# GC-depth. Use `grep ^GCD | cut -f 2-` to extract this part. The columns are: GC%, unique sequence percentiles, 10th, 25th, 50th, 75th and 90th depth percentile
GCD	0.0	15.385	0.000	0.000	0.000	0.000	0.000
GCD	37.0	23.077	2.505	2.505	2.505	2.505	2.505
GCD	38.0	53.846	2.505	2.505	2.505	2.505	2.505
GCD	39.0	84.615	2.505	2.505	2.505	2.505	2.505
GCD	40.0	92.308	2.505	2.505	2.505	2.505	2.505
GCD	45.0	100.000	2.505	2.505	2.505	2.505	2.505
