# This file was produced by samtools stats (1.20+htslib-1.21) and can be plotted using plot-bamstats
# This file contains statistics for all reads.
# The command line was:  stats sample3805.sorted.bam
# CHK, Checksum	[2]Read Names	[3]Sequences	[4]Qualities
# CHK, CRC32 of reads which passed filtering followed by addition (32bit overflow)
CHK	e97a102e	0164a12e	ea028f31
# Summary Numbers. Use `grep ^SN | cut -f 2-` to extract this part.
SN	raw total sequences:	4008	# excluding supplementary and secondary reads
SN	filtered sequences:	0
SN	sequences:	4008
SN	is sorted:	1
SN	1st fragments:	2004
SN	last fragments:	2004
SN	reads mapped:	4008
SN	reads mapped and paired:	4008	# paired-end technology bit set + both mates mapped
SN	reads unmapped:	0
SN	reads properly paired:	4008	# proper-pair bit set
SN	reads paired:	4008	# paired-end technology bit set
SN	reads duplicated:	0	# PCR or optical duplicate bit set
SN	reads MQ0:	8	# mapped and MQ=0
SN	reads QC failed:	0
SN	non-primary alignments:	0
SN	supplementary alignments:	0
SN	total length:	601192	# ignores clipping
SN	total first fragment length:	300599	# ignores clipping
SN	total last fragment length:	300593	# ignores clipping
SN	bases mapped:	601192	# ignores clipping
SN	bases mapped (cigar):	601188	# more accurate
SN	bases trimmed:	0
SN	bases duplicated:	0
SN	mismatches:	1143	# from NM fields
SN	error rate:	1.901236e-03	# mismatches / bases mapped (cigar)
SN	average length:	150
SN	average first fragment length:	150
SN	average last fragment length:	150
SN	maximum length:	150
SN	maximum first fragment length:	150
SN	maximum last fragment length:	150
SN	average quality:	30.0
SN	insert size average:	500.3
SN	insert size standard deviation:	49.5
SN	inward oriented pairs:	2004
SN	outward oriented pairs:	0
SN	pairs with other orientation:	0
SN	pairs on different chromosomes:	0
SN	percentage of properly paired reads (%):	100.0
# First Fragment Qualities. Use `grep ^FFQ | cut -f 2-` to extract this part.
# Columns correspond to qualities and rows to cycles. First column is the cycle number.
FFQ	1	0	0	0	0	0	0	0	0	0	0	0	0	0	0	0	0	0	0	0	0	0	0	0	0	0	0	0	0	0	0	2004	0
FFQ	2	0	0	0	0	0	0	0	0	0	0	0	0	0	0	0	0	0	0	0	0	0	0	0	0	0	0	0	0	0	0	2004	0
FFQ	3	0	0	0	0	0	0	0	0	0	0	0	0	0	0	0	0	0	0	0	0	0	0	0	0	0	0	0	0	0	0	2004	0
FFQ	4	0	0	0	0	0	0	0	0	0	0	0	0	0	0	0	0	0	0	0	0	0	0	0	0	0	0	0	0	0	0	2004	0
FFQ	5	0	0	0	0	0	0	0	0	0	0	0	0	0	0	0	0	0	0	0	0	0	0	0	0	0	0	0	0	0	0	2004	0
FFQ	6	0	0	0	0	0	0	0	0	0	0	0	0	0	0	0	0	0	0	0	0	0	0	0	0	0	0	0	0	0	0	2004	0
FFQ	7	0	0	0	0	0	0	0	0	0	0	0	0	0	0	0	0	0	0	0	0	0	0	0	0	0	0	0	0	0	0	2004	0
FFQ	8	0	0	0	0	0	0	0	0	0	0	0	0	0	0	0	0	0	0	0	0	0	0	0	0	0	0	0	0	0	0	2004	0
FFQ	9	0	0	0	0	0	0	0	0	0	0	0	0	0	0	0	0	0	0	0	0	0	0	0	0	0	0	0	0	0	0	2004	0
FFQ	10	0	0	0	0	0	0	0	0	0	0	0	0	0	0	0	0	0	0	0	0	0	0	0	0	0	0	0	0	0	0	2004	0
FFQ	11	0	0	0	0	0	0	0	0	0	0	0	0	0	0	0	0	0	0	0	0	0	0	0	0	0	0	0	0	0	0	2004	0
FFQ	12	0	0	0	0	0	0	0	0	0	0	0	0	0	0	0	0	0	0	0	0	0	0	0	0	0	0	0	0	0	0	2004	0
FFQ	13	0	0	0	0	0	0	0	0	0	0	0	0	0	0	0	0	0	0	0	0	0	0	0	0	0	0	0	0	0	0	2004	0
FFQ	14	0	0	0	0	0	0	0	0	0	0	0	0	0	0	0	0	0	0	0	0	0	0	0	0	0	0	0	0	0	0	2004	0
FFQ	15	0	0	0	0	0	0	0	0	0	0	0	0	0	0	0	0	0	0	0	0	0	0	0	0	0	0	0	0	0	0	2004	0
FFQ	16	0	0	0	0	0	0	0	0	0	0	0	0	0	0	0	0	0	0	0	0	0	0	0	0	0	0	0	0	0	0	2004	0
FFQ	17	0	0	0	0	0	0	0	0	0	0	0	0	0	0	0	0	0	0	0	0	0	0	0	0	0	0	0	0	0	0	2004	0
FFQ	18	0	0	0	0	0	0	0	0	0	0	0	0	0	0	0	0	0	0	0	0	0	0	0	0	0	0	0	0	0	0	2004	0
FFQ	19	0	0	0	0	0	0	0	0	0	0	0	0	0	0	0	0	0	0	0	0	0	0	0	0	0	0	0	0	0	0	2004	0
FFQ	20	0	0	0	0	0	0	0	0	0	0	0	0	0	0	0	0	0	0	0	0	0	0	0	0	0	0	0	0	0	0	2004	0
FFQ	21	0	0	0	0	0	0	0	0	0	0	0	0	0	0	0	0	0	0	0	0	0	0	0	0	0	0	0	0	0	0	2004	0
FFQ	22	0	0	0	0	0	0	0	0	0	0	0	0	0	0	0	0	0	0	0	0	0	0	0	0	0	0	0	0	0	0	2004	0
FFQ	23	0	0	0	0	0	0	0	0	0	0	0	0	0	0	0	0	0	0	0	0	0	0	0	0	0	0	0	0	0	0	2004	0
FFQ	24	0	0	0	0	0	0	0	0	0	0	0	0	0	0	0	0	0	0	0	0	0	0	0	0	0	0	0	0	0	0	2004	0
FFQ	25	0	0	0	0	0	0	0	0	0	0	0	0	0	0	0	0	0	0	0	0	0	0	0	0	0	0	0	0	0	0	2004	0
FFQ	26	0	0	0	0	0	0	0	0	0	0	0	0	0	0	0	0	0	0	0	0	0	0	0	0	0	0	0	0	0	0	2004	0
FFQ	27	0	0	0	0	0	0	0	0	0	0	0	0	0	0	0	0	0	0	0	0	0	0	0	0	0	0	0	0	0	0	2004	0
FFQ	28	0	0	0	0	0	0	0	0	0	0	0	0	0	0	0	0	0	0	0	0	0	0	0	0	0	0	0	0	0	0	2004	0
FFQ	29	0	0	0	0	0	0	0	0	0	0	0	0	0	0	0	0	0	0	0	0	0	0	0	0	0	0	0	0	0	0	2004	0
FFQ	30	0	0	0	0	0	0	0	0	0	0	0	0	0	0	0	0	0	0	0	0	0	0	0	0	0	0	0	0	0	0	2004	0
FFQ	31	0	0	0	0	0	0	0	0	0	0	0	0	0	0	0	0	0	0	0	0	0	0	0	0	0	0	0	0	0	0	2004	0
FFQ	32	0	0	0	0	0	0	0	0	0	0	0	0	0	0	0	0	0	0	0	0	0	0	0	0	0	0	0	0	0	0	2004	0
FFQ	33	0	0	0	0	0	0	0	0	0	0	0	0	0	0	0	0	0	0	0	0	0	0	0	0	0	0	0	0	0	0	2004	0
FFQ	34	0	0	0	0	0	0	0	0	0	0	0	0	0	0	0	0	0	0	0	0	0	0	0	0	0	0	0	0	0	0	2004	0
FFQ	35	0	0	0	0	0	0	0	0	0	0	0	0	0	0	0	0	0	0	0	0	0	0	0	0	0	0	0	0	0	0	2004	0
FFQ	36	0	0	0	0	0	0	0	0	0	0	0	0	0	0	0	0	0	0	0	0	0	0	0	0	0	0	0	0	0	0	2004	0
FFQ	37	0	0	0	0	0	0	0	0	0	0	0	0	0	0	0	0	0	0	0	0	0	0	0	0	0	0	0	0	0	0	2004	0
FFQ	38	0	0	0	0	0	0	0	0	0	0	0	0	0	0	0	0	0	0	0	0	0	0	0	0	0	0	0	0	0	0	2004	0
FFQ	39	0	0	0	0	0	0	0	0	0	0	0	0	0	0	0	0	0	0	0	0	0	0	0	0	0	0	0	0	0	0	2004	0
FFQ	40	0	0	0	0	0	0	0	0	0	0	0	0	0	0	0	0	0	0	0	0	0	0	0	0	0	0	0	0	0	0	2004	0
FFQ	41	0	0	0	0	0	0	0	0	0	0	0	0	0	0	0	0	0	0	0	0	0	0	0	0	0	0	0	0	0	0	2004	0
FFQ	42	0	0	0	0	0	0	0	0	0	0	0	0	0	0	0	0	0	0	0	0	0	0	0	0	0	0	0	0	0	0	2004	0
FFQ	43	0	0	0	0	0	0	0	0	0	0	0	0	0	0	0	0	0	0	0	0	0	0	0	0	0	0	0	0	0	0	2004	0
FFQ	44	0	0	0	0	0	0	0	0	0	0	0	0	0	0	0	0	0	0	0	0	0	0	0	0	0	0	0	0	0	0	2004	0
FFQ	45	0	0	0	0	0	0	0	0	0	0	0	0	0	0	0	0	0	0	0	0	0	0	0	0	0	0	0	0	0	0	2004	0
FFQ	46	0	0	0	0	0	0	0	0	0	0	0	0	0	0	0	0	0	0	0	0	0	0	0	0	0	0	0	0	0	0	2004	0
FFQ	47	0	0	0	0	0	0	0	0	0	0	0	0	0	0	0	0	0	0	0	0	0	0	0	0	0	0	0	0	0	0	2004	0
FFQ	48	0	0	0	0	0	0	0	0	0	0	0	0	0	0	0	0	0	0	0	0	0	0	0	0	0	0	0	0	0	0	2004	0
FFQ	49	0	0	0	0	0	0	0	0	0	0	0	0	0	0	0	0	0	0	0	0	0	0	0	0	0	0	0	0	0	0	2004	0
FFQ	50	0	0	0	0	0	0	0	0	0	0	0	0	0	0	0	0	0	0	0	0	0	0	0	0	0	0	0	0	0	0	2004	0
FFQ	51	0	0	0	0	0	0	0	0	0	0	0	0	0	0	0	0	0	0	0	0	0	0	0	0	0	0	0	0	0	0	2004	0
FFQ	52	0	0	0	0	0	0	0	0	0	0	0	0	0	0	0	0	0	0	0	0	0	0	0	0	0	0	0	0	0	0	2004	0
FFQ	53	0	0	0	0	0	0	0	0	0	0	0	0	0	0	0	0	0	0	0	0	0	0	0	0	0	0	0	0	0	0	2004	0
FFQ	54	0	0	0	0	0	0	0	0	0	0	0	0	0	0	0	0	0	0	0	0	0	0	0	0	0	0	0	0	0	0	2004	0
FFQ	55	0	0	0	0	0	0	0	0	0	0	0	0	0	0	0	0	0	0	0	0	0	0	0	0	0	0	0	0	0	0	2004	0
FFQ	56	0	0	0	0	0	0	0	0	0	0	0	0	0	0	0	0	0	0	0	0	0	0	0	0	0	0	0	0	0	0	2004	0
FFQ	57	0	0	0	0	0	0	0	0	0	0	0	0	0	0	0	0	0	0	0	0	0	0	0	0	0	0	0	0	0	0	2004	0
FFQ	58	0	0	0	0	0	0	0	0	0	0	0	0	0	0	0	0	0	0	0	0	0	0	0	0	0	0	0	0	0	0	2004	0
FFQ	59	0	0	0	0	0	0	0	0	0	0	0	0	0	0	0	0	0	0	0	0	0	0	0	0	0	0	0	0	0	0	2004	0
FFQ	60	0	0	0	0	0	0	0	0	0	0	0	0	0	0	0	0	0	0	0	0	0	0	0	0	0	0	0	0	0	0	2004	0
FFQ	61	0	0	0	0	0	0	0	0	0	0	0	0	0	0	0	0	0	0	0	0	0	0	0	0	0	0	0	0	0	0	2004	0
FFQ	62	0	0	0	0	0	0	0	0	0	0	0	0	0	0	0	0	0	0	0	0	0	0	0	0	0	0	0	0	0	0	2004	0
FFQ	63	0	0	0	0	0	0	0	0	0	0	0	0	0	0	0	0	0	0	0	0	0	0	0	0	0	0	0	0	0	0	2004	0
FFQ	64	0	0	0	0	0	0	0	0	0	0	0	0	0	0	0	0	0	0	0	0	0	0	0	0	0	0	0	0	0	0	2004	0
FFQ	65	0	0	0	0	0	0	0	0	0	0	0	0	0	0	0	0	0	0	0	0	0	0	0	0	0	0	0	0	0	0	2004	0
FFQ	66	0	0	0	0	0	0	0	0	0	0	0	0	0	0	0	0	0	0	0	0	0	0	0	0	0	0	0	0	0	0	2004	0
FFQ	67	0	0	0	0	0	0	0	0	0	0	0	0	0	0	0	0	0	0	0	0	0	0	0	0	0	0	0	0	0	0	2004	0
FFQ	68	0	0	0	0	0	0	0	0	0	0	0	0	0	0	0	0	0	0	0	0	0	0	0	0	0	0	0	0	0	0	2004	0
FFQ	69	0	0	0	0	0	0	0	0	0	0	0	0	0	0	0	0	0	0	0	0	0	0	0	0	0	0	0	0	0	0	2004	0
FFQ	70	0	0	0	0	0	0	0	0	0	0	0	0	0	0	0	0	0	0	0	0	0	0	0	0	0	0	0	0	0	0	2004	0
FFQ	71	0	0	0	0	0	0	0	0	0	0	0	0	0	0	0	0	0	0	0	0	0	0	0	0	0	0	0	0	0	0	2004	0
FFQ	72	0	0	0	0	0	0	0	0	0	0	0	0	0	0	0	0	0	0	0	0	0	0	0	0	0	0	0	0	0	0	2004	0
FFQ	73	0	0	0	0	0	0	0	0	0	0	0	0	0	0	0	0	0	0	0	0	0	0	0	0	0	0	0	0	0	0	2004	0
FFQ	74	0	0	0	0	0	0	0	0	0	0	0	0	0	0	0	0	0	0	0	0	0	0	0	0	0	0	0	0	0	0	2004	0
FFQ	75	0	0	0	0	0	0	0	0	0	0	0	0	0	0	0	0	0	0	0	0	0	0	0	0	0	0	0	0	0	0	2004	0
FFQ	76	0	0	0	0	0	0	0	0	0	0	0	0	0	0	0	0	0	0	0	0	0	0	0	0	0	0	0	0	0	0	2004	0
FFQ	77	0	0	0	0	0	0	0	0	0	0	0	0	0	0	0	0	0	0	0	0	0	0	0	0	0	0	0	0	0	0	2004	0
FFQ	78	0	0	0	0	0	0	0	0	0	0	0	0	0	0	0	0	0	0	0	0	0	0	0	0	0	0	0	0	0	0	2004	0
FFQ	79	0	0	0	0	0	0	0	0	0	0	0	0	0	0	0	0	0	0	0	0	0	0	0	0	0	0	0	0	0	0	2004	0
FFQ	80	0	0	0	0	0	0	0	0	0	0	0	0	0	0	0	0	0	0	0	0	0	0	0	0	0	0	0	0	0	0	2004	0
FFQ	81	0	0	0	0	0	0	0	0	0	0	0	0	0	0	0	0	0	0	0	0	0	0	0	0	0	0	0	0	0	0	2004	0
FFQ	82	0	0	0	0	0	0	0	0	0	0	0	0	0	0	0	0	0	0	0	0	0	0	0	0	0	0	0	0	0	0	2004	0
FFQ	83	0	0	0	0	0	0	0	0	0	0	0	0	0	0	0	0	0	0	0	0	0	0	0	0	0	0	0	0	0	0	2004	0
FFQ	84	0	0	0	0	0	0	0	0	0	0	0	0	0	0	0	0	0	0	0	0	0	0	0	0	0	0	0	0	0	0	2004	0
FFQ	85	0	0	0	0	0	0	0	0	0	0	0	0	0	0	0	0	0	0	0	0	0	0	0	0	0	0	0	0	0	0	2004	0
FFQ	86	0	0	0	0	0	0	0	0	0	0	0	0	0	0	0	0	0	0	0	0	0	0	0	0	0	0	0	0	0	0	2004	0
FFQ	87	0	0	0	0	0	0	0	0	0	0	0	0	0	0	0	0	0	0	0	0	0	0	0	0	0	0	0	0	0	0	2004	0
FFQ	88	0	0	0	0	0	0	0	0	0	0	0	0	0	0	0	0	0	0	0	0	0	0	0	0	0	0	0	0	0	0	2004	0
FFQ	89	0	0	0	0	0	0	0	0	0	0	0	0	0	0	0	0	0	0	0	0	0	0	0	0	0	0	0	0	0	0	2004	0
FFQ	90	0	0	0	0	0	0	0	0	0	0	0	0	0	0	0	0	0	0	0	0	0	0	0	0	0	0	0	0	0	0	2004	0
FFQ	91	0	0	0	0	0	0	0	0	0	0	0	0	0	0	0	0	0	0	0	0	0	0	0	0	0	0	0	0	0	0	2004	0
FFQ	92	0	0	0	0	0	0	0	0	0	0	0	0	0	0	0	0	0	0	0	0	0	0	0	0	0	0	0	0	0	0	2004	0
FFQ	93	0	0	0	0	0	0	0	0	0	0	0	0	0	0	0	0	0	0	0	0	0	0	0	0	0	0	0	0	0	0	2004	0
FFQ	94	0	0	0	0	0	0	0	0	0	0	0	0	0	0	0	0	0	0	0	0	0	0	0	0	0	0	0	0	0	0	2004	0
FFQ	95	0	0	0	0	0	0	0	0	0	0	0	0	0	0	0	0	0	0	0	0	0	0	0	0	0	0	0	0	0	0	2004	0
FFQ	96	0	0	0	0	0	0	0	0	0	0	0	0	0	0	0	0	0	0	0	0	0	0	0	0	0	0	0	0	0	0	2004	0
FFQ	97	0	0	0	0	0	0	0	0	0	0	0	0	0	0	0	0	0	0	0	0	0	0	0	0	0	0	0	0	0	0	2004	0
FFQ	98	0	0	0	0	0	0	0	0	0	0	0	0	0	0	0	0	0	0	0	0	0	0	0	0	0	0	0	0	0	0	2004	0
FFQ	99	0	0	0	0	0	0	0	0	0	0	0	0	0	0	0	0	0	0	0	0	0	0	0	0	0	0	0	0	0	0	2004	0
FFQ	100	0	0	0	0	0	0	0	0	0	0	0	0	0	0	0	0	0	0	0	0	0	0	0	0	0	0	0	0	0	0	2004	0
FFQ	101	0	0	0	0	0	0	0	0	0	0	0	0	0	0	0	0	0	0	0	0	0	0	0	0	0	0	0	0	0	0	2004	0
FFQ	102	0	0	0	0	0	0	0	0	0	0	0	0	0	0	0	0	0	0	0	0	0	0	0	0	0	0	0	0	0	0	2004	0
FFQ	103	0	0	0	0	0	0	0	0	0	0	0	0	0	0	0	0	0	0	0	0	0	0	0	0	0	0	0	0	0	0	2004	0
FFQ	104	0	0	0	0	0	0	0	0	0	0	0	0	0	0	0	0	0	0	0	0	0	0	0	0	0	0	0	0	0	0	2004	0
FFQ	105	0	0	0	0	0	0	0	0	0	0	0	0	0	0	0	0	0	0	0	0	0	0	0	0	0	0	0	0	0	0	2004	0
FFQ	106	0	0	0	0	0	0	0	0	0	0	0	0	0	0	0	0	0	0	0	0	0	0	0	0	0	0	0	0	0	0	2004	0
FFQ	107	0	0	0	0	0	0	0	0	0	0	0	0	0	0	0	0	0	0	0	0	0	0	0	0	0	0	0	0	0	0	2004	0
FFQ	108	0	0	0	0	0	0	0	0	0	0	0	0	0	0	0	0	0	0	0	0	0	0	0	0	0	0	0	0	0	0	2004	0
FFQ	109	0	0	0	0	0	0	0	0	0	0	0	0	0	0	0	0	0	0	0	0	0	0	0	0	0	0	0	0	0	0	2004	0
FFQ	110	0	0	0	0	0	0	0	0	0	0	0	0	0	0	0	0	0	0	0	0	0	0	0	0	0	0	0	0	0	0	2004	0
FFQ	111	0	0	0	0	0	0	0	0	0	0	0	0	0	0	0	0	0	0	0	0	0	0	0	0	0	0	0	0	0	0	2004	0
FFQ	112	0	0	0	0	0	0	0	0	0	0	0	0	0	0	0	0	0	0	0	0	0	0	0	0	0	0	0	0	0	0	2004	0
FFQ	113	0	0	0	0	0	0	0	0	0	0	0	0	0	0	0	0	0	0	0	0	0	0	0	0	0	0	0	0	0	0	2004	0
FFQ	114	0	0	0	0	0	0	0	0	0	0	0	0	0	0	0	0	0	0	0	0	0	0	0	0	0	0	0	0	0	0	2004	0
FFQ	115	0	0	0	0	0	0	0	0	0	0	0	0	0	0	0	0	0	0	0	0	0	0	0	0	0	0	0	0	0	0	2004	0
FFQ	116	0	0	0	0	0	0	0	0	0	0	0	0	0	0	0	0	0	0	0	0	0	0	0	0	0	0	0	0	0	0	2004	0
FFQ	117	0	0	0	0	0	0	0	0	0	0	0	0	0	0	0	0	0	0	0	0	0	0	0	0	0	0	0	0	0	0	2004	0
FFQ	118	0	0	0	0	0	0	0	0	0	0	0	0	0	0	0	0	0	0	0	0	0	0	0	0	0	0	0	0	0	0	2004	0
FFQ	119	0	0	0	0	0	0	0	0	0	0	0	0	0	0	0	0	0	0	0	0	0	0	0	0	0	0	0	0	0	0	2004	0
FFQ	120	0	0	0	0	0	0	0	0	0	0	0	0	0	0	0	0	0	0	0	0	0	0	0	0	0	0	0	0	0	0	2004	0
FFQ	121	0	0	0	0	0	0	0	0	0	0	0	0	0	0	0	0	0	0	0	0	0	0	0	0	0	0	0	0	0	0	2004	0
FFQ	122	0	0	0	0	0	0	0	0	0	0	0	0	0	0	0	0	0	0	0	0	0	0	0	0	0	0	0	0	0	0	2004	0
FFQ	123	0	0	0	0	0	0	0	0	0	0	0	0	0	0	0	0	0	0	0	0	0	0	0	0	0	0	0	0	0	0	2004	0
FFQ	124	0	0	0	0	0	0	0	0	0	0	0	0	0	0	0	0	0	0	0	0	0	0	0	0	0	0	0	0	0	0	2004	0
FFQ	125	0	0	0	0	0	0	0	0	0	0	0	0	0	0	0	0	0	0	0	0	0	0	0	0	0	0	0	0	0	0	2004	0
FFQ	126	0	0	0	0	0	0	0	0	0	0	0	0	0	0	0	0	0	0	0	0	0	0	0	0	0	0	0	0	0	0	2004	0
FFQ	127	0	0	0	0	0	0	0	0	0	0	0	0	0	0	0	0	0	0	0	0	0	0	0	0	0	0	0	0	0	0	2004	0
FFQ	128	0	0	0	0	0	0	0	0	0	0	0	0	0	0	0	0	0	0	0	0	0	0	0	0	0	0	0	0	0	0	2004	0
FFQ	129	0	0	0	0	0	0	0	0	0	0	0	0	0	0	0	0	0	0	0	0	0	0	0	0	0	0	0	0	0	0	2004	0
FFQ	130	0	0	0	0	0	0	0	0	0	0	0	0	0	0	0	0	0	0	0	0	0	0	0	0	0	0	0	0	0	0	2004	0
FFQ	131	0	0	0	0	0	0	0	0	0	0	0	0	0	0	0	0	0	0	0	0	0	0	0	0	0	0	0	0	0	0	2004	0
FFQ	132	0	0	0	0	0	0	0	0	0	0	0	0	0	0	0	0	0	0	0	0	0	0	0	0	0	0	0	0	0	0	2004	0
FFQ	133	0	0	0	0	0	0	0	0	0	0	0	0	0	0	0	0	0	0	0	0	0	0	0	0	0	0	0	0	0	0	2004	0
FFQ	134	0	0	0	0	0	0	0	0	0	0	0	0	0	0	0	0	0	0	0	0	0	0	0	0	0	0	0	0	0	0	2004	0
FFQ	135	0	0	0	0	0	0	0	0	0	0	0	0	0	0	0	0	0	0	0	0	0	0	0	0	0	0	0	0	0	0	2004	0
FFQ	136	0	0	0	0	0	0	0	0	0	0	0	0	0	0	0	0	0	0	0	0	0	0	0	0	0	0	0	0	0	0	2004	0
FFQ	137	0	0	0	0	0	0	0	0	0	0	0	0	0	0	0	0	0	0	0	0	0	0	0	0	0	0	0	0	0	0	2004	0
FFQ	138	0	0	0	0	0	0	0	0	0	0	0	0	0	0	0	0	0	0	0	0	0	0	0	0	0	0	0	0	0	0	2004	0
FFQ	139	0	0	0	0	0	0	0	0	0	0	0	0	0	0	0	0	0	0	0	0	0	0	0	0	0	0	0	0	0	0	2004	0
FFQ	140	0	0	0	0	0	0	0	0	0	0	0	0	0	0	0	0	0	0	0	0	0	0	0	0	0	0	0	0	0	0	2004	0
FFQ	141	0	0	0	0	0	0	0	0	0	0	0	0	0	0	0	0	0	0	0	0	0	0	0	0	0	0	0	0	0	0	2004	0
FFQ	142	0	0	0	0	0	0	0	0	0	0	0	0	0	0	0	0	0	0	0	0	0	0	0	0	0	0	0	0	0	0	2004	0
FFQ	143	0	0	0	0	0	0	0	0	0	0	0	0	0	0	0	0	0	0	0	0	0	0	0	0	0	0	0	0	0	0	2004	0
FFQ	144	0	0	0	0	0	0	0	0	0	0	0	0	0	0	0	0	0	0	0	0	0	0	0	0	0	0	0	0	0	0	2004	0
FFQ	145	0	0	0	0	0	0	0	0	0	0	0	0	0	0	0	0	0	0	0	0	0	0	0	0	0	0	0	0	0	0	2004	0
FFQ	146	0	0	0	0	0	0	0	0	0	0	0	0	0	0	0	0	0	0	0	0	0	0	0	0	0	0	0	0	0	0	2004	0
FFQ	147	0	0	0	0	0	0	0	0	0	0	0	0	0	0	0	0	0	0	0	0	0	0	0	0	0	0	0	0	0	0	2004	0
FFQ	148	0	0	0	0	0	0	0	0	0	0	0	0	0	0	0	0	0	0	0	0	0	0	0	0	0	0	0	0	0	0	2004	0
FFQ	149	0	0	0	0	0	0	0	0	0	0	0	0	0	0	0	0	0	0	0	0	0	0	0	0	0	0	0	0	0	0	2004	0
FFQ	150	0	0	0	0	0	0	0	0	0	0	0	0	0	0	0	0	0	0	0	0	0	0	0	0	0	0	0	0	0	0	2003	0
# Last Fragment Qualities. Use `grep ^LFQ | cut -f 2-` to extract this part.
# Columns correspond to qualities and rows to cycles. First column is the cycle number.
LFQ	1	0	0	0	0	0	0	0	0	0	0	0	0	0	0	0	0	0	0	0	0	0	0	0	0	0	0	0	0	0	0	2004	0
LFQ	2	0	0	0	0	0	0	0	0	0	0	0	0	0	0	0	0	0	0	0	0	0	0	0	0	0	0	0	0	0	0	2004	0
LFQ	3	0	0	0	0	0	0	0	0	0	0	0	0	0	0	0	0	0	0	0	0	0	0	0	0	0	0	0	0	0	0	2004	0
LFQ	4	0	0	0	0	0	0	0	0	0	0	0	0	0	0	0	0	0	0	0	0	0	0	0	0	0	0	0	0	0	0	2004	0
LFQ	5	0	0	0	0	0	0	0	0	0	0	0	0	0	0	0	0	0	0	0	0	0	0	0	0	0	0	0	0	0	0	2004	0
LFQ	6	0	0	0	0	0	0	0	0	0	0	0	0	0	0	0	0	0	0	0	0	0	0	0	0	0	0	0	0	0	0	2004	0
LFQ	7	0	0	0	0	0	0	0	0	0	0	0	0	0	0	0	0	0	0	0	0	0	0	0	0	0	0	0	0	0	0	2004	0
LFQ	8	0	0	0	0	0	0	0	0	0	0	0	0	0	0	0	0	0	0	0	0	0	0	0	0	0	0	0	0	0	0	2004	0
LFQ	9	0	0	0	0	0	0	0	0	0	0	0	0	0	0	0	0	0	0	0	0	0	0	0	0	0	0	0	0	0	0	2004	0
LFQ	10	0	0	0	0	0	0	0	0	0	0	0	0	0	0	0	0	0	0	0	0	0	0	0	0	0	0	0	0	0	0	2004	0
LFQ	11	0	0	0	0	0	0	0	0	0	0	0	0	0	0	0	0	0	0	0	0	0	0	0	0	0	0	0	0	0	0	2004	0
LFQ	12	0	0	0	0	0	0	0	0	0	0	0	0	0	0	0	0	0	0	0	0	0	0	0	0	0	0	0	0	0	0	2004	0
LFQ	13	0	0	0	0	0	0	0	0	0	0	0	0	0	0	0	0	0	0	0	0	0	0	0	0	0	0	0	0	0	0	2004	0
LFQ	14	0	0	0	0	0	0	0	0	0	0	0	0	0	0	0	0	0	0	0	0	0	0	0	0	0	0	0	0	0	0	2004	0
LFQ	15	0	0	0	0	0	0	0	0	0	0	0	0	0	0	0	0	0	0	0	0	0	0	0	0	0	0	0	0	0	0	2004	0
LFQ	16	0	0	0	0	0	0	0	0	0	0	0	0	0	0	0	0	0	0	0	0	0	0	0	0	0	0	0	0	0	0	2004	0
LFQ	17	0	0	0	0	0	0	0	0	0	0	0	0	0	0	0	0	0	0	0	0	0	0	0	0	0	0	0	0	0	0	2004	0
LFQ	18	0	0	0	0	0	0	0	0	0	0	0	0	0	0	0	0	0	0	0	0	0	0	0	0	0	0	0	0	0	0	2004	0
LFQ	19	0	0	0	0	0	0	0	0	0	0	0	0	0	0	0	0	0	0	0	0	0	0	0	0	0	0	0	0	0	0	2004	0
LFQ	20	0	0	0	0	0	0	0	0	0	0	0	0	0	0	0	0	0	0	0	0	0	0	0	0	0	0	0	0	0	0	2004	0
LFQ	21	0	0	0	0	0	0	0	0	0	0	0	0	0	0	0	0	0	0	0	0	0	0	0	0	0	0	0	0	0	0	2004	0
LFQ	22	0	0	0	0	0	0	0	0	0	0	0	0	0	0	0	0	0	0	0	0	0	0	0	0	0	0	0	0	0	0	2004	0
LFQ	23	0	0	0	0	0	0	0	0	0	0	0	0	0	0	0	0	0	0	0	0	0	0	0	0	0	0	0	0	0	0	2004	0
LFQ	24	0	0	0	0	0	0	0	0	0	0	0	0	0	0	0	0	0	0	0	0	0	0	0	0	0	0	0	0	0	0	2004	0
LFQ	25	0	0	0	0	0	0	0	0	0	0	0	0	0	0	0	0	0	0	0	0	0	0	0	0	0	0	0	0	0	0	2004	0
LFQ	26	0	0	0	0	0	0	0	0	0	0	0	0	0	0	0	0	0	0	0	0	0	0	0	0	0	0	0	0	0	0	2004	0
LFQ	27	0	0	0	0	0	0	0	0	0	0	0	0	0	0	0	0	0	0	0	0	0	0	0	0	0	0	0	0	0	0	2004	0
LFQ	28	0	0	0	0	0	0	0	0	0	0	0	0	0	0	0	0	0	0	0	0	0	0	0	0	0	0	0	0	0	0	2004	0
LFQ	29	0	0	0	0	0	0	0	0	0	0	0	0	0	0	0	0	0	0	0	0	0	0	0	0	0	0	0	0	0	0	2004	0
LFQ	30	0	0	0	0	0	0	0	0	0	0	0	0	0	0	0	0	0	0	0	0	0	0	0	0	0	0	0	0	0	0	2004	0
LFQ	31	0	0	0	0	0	0	0	0	0	0	0	0	0	0	0	0	0	0	0	0	0	0	0	0	0	0	0	0	0	0	2004	0
LFQ	32	0	0	0	0	0	0	0	0	0	0	0	0	0	0	0	0	0	0	0	0	0	0	0	0	0	0	0	0	0	0	2004	0
LFQ	33	0	0	0	0	0	0	0	0	0	0	0	0	0	0	0	0	0	0	0	0	0	0	0	0	0	0	0	0	0	0	2004	0
LFQ	34	0	0	0	0	0	0	0	0	0	0	0	0	0	0	0	0	0	0	0	0	0	0	0	0	0	0	0	0	0	0	2004	0
LFQ	35	0	0	0	0	0	0	0	0	0	0	0	0	0	0	0	0	0	0	0	0	0	0	0	0	0	0	0	0	0	0	2004	0
LFQ	36	0	0	0	0	0	0	0	0	0	0	0	0	0	0	0	0	0	0	0	0	0	0	0	0	0	0	0	0	0	0	2004	0
LFQ	37	0	0	0	0	0	0	0	0	0	0	0	0	0	0	0	0	0	0	0	0	0	0	0	0	0	0	0	0	0	0	2004	0
LFQ	38	0	0	0	0	0	0	0	0	0	0	0	0	0	0	0	0	0	0	0	0	0	0	0	0	0	0	0	0	0	0	2004	0
LFQ	39	0	0	0	0	0	0	0	0	0	0	0	0	0	0	0	0	0	0	0	0	0	0	0	0	0	0	0	0	0	0	2004	0
LFQ	40	0	0	0	0	0	0	0	0	0	0	0	0	0	0	0	0	0	0	0	0	0	0	0	0	0	0	0	0	0	0	2004	0
LFQ	41	0	0	0	0	0	0	0	0	0	0	0	0	0	0	0	0	0	0	0	0	0	0	0	0	0	0	0	0	0	0	2004	0
LFQ	42	0	0	0	0	0	0	0	0	0	0	0	0	0	0	0	0	0	0	0	0	0	0	0	0	0	0	0	0	0	0	2004	0
LFQ	43	0	0	0	0	0	0	0	0	0	0	0	0	0	0	0	0	0	0	0	0	0	0	0	0	0	0	0	0	0	0	2004	0
LFQ	44	0	0	0	0	0	0	0	0	0	0	0	0	0	0	0	0	0	0	0	0	0	0	0	0	0	0	0	0	0	0	2004	0
LFQ	45	0	0	0	0	0	0	0	0	0	0	0	0	0	0	0	0	0	0	0	0	0	0	0	0	0	0	0	0	0	0	2004	0
LFQ	46	0	0	0	0	0	0	0	0	0	0	0	0	0	0	0	0	0	0	0	0	0	0	0	0	0	0	0	0	0	0	2004	0
LFQ	47	0	0	0	0	0	0	0	0	0	0	0	0	0	0	0	0	0	0	0	0	0	0	0	0	0	0	0	0	0	0	2004	0
LFQ	48	0	0	0	0	0	0	0	0	0	0	0	0	0	0	0	0	0	0	0	0	0	0	0	0	0	0	0	0	0	0	2004	0
LFQ	49	0	0	0	0	0	0	0	0	0	0	0	0	0	0	0	0	0	0	0	0	0	0	0	0	0	0	0	0	0	0	2004	0
LFQ	50	0	0	0	0	0	0	0	0	0	0	0	0	0	0	0	0	0	0	0	0	0	0	0	0	0	0	0	0	0	0	2004	0
LFQ	51	0	0	0	0	0	0	0	0	0	0	0	0	0	0	0	0	0	0	0	0	0	0	0	0	0	0	0	0	0	0	2004	0
LFQ	52	0	0	0	0	0	0	0	0	0	0	0	0	0	0	0	0	0	0	0	0	0	0	0	0	0	0	0	0	0	0	2004	0
LFQ	53	0	0	0	0	0	0	0	0	0	0	0	0	0	0	0	0	0	0	0	0	0	0	0	0	0	0	0	0	0	0	2004	0
LFQ	54	0	0	0	0	0	0	0	0	0	0	0	0	0	0	0	0	0	0	0	0	0	0	0	0	0	0	0	0	0	0	2004	0
LFQ	55	0	0	0	0	0	0	0	0	0	0	0	0	0	0	0	0	0	0	0	0	0	0	0	0	0	0	0	0	0	0	2004	0
LFQ	56	0	0	0	0	0	0	0	0	0	0	0	0	0	0	0	0	0	0	0	0	0	0	0	0	0	0	0	0	0	0	2004	0
LFQ	57	0	0	0	0	0	0	0	0	0	0	0	0	0	0	0	0	0	0	0	0	0	0	0	0	0	0	0	0	0	0	2004	0
LFQ	58	0	0	0	0	0	0	0	0	0	0	0	0	0	0	0	0	0	0	0	0	0	0	0	0	0	0	0	0	0	0	2004	0
LFQ	59	0	0	0	0	0	0	0	0	0	0	0	0	0	0	0	0	0	0	0	0	0	0	0	0	0	0	0	0	0	0	2004	0
LFQ	60	0	0	0	0	0	0	0	0	0	0	0	0	0	0	0	0	0	0	0	0	0	0	0	0	0	0	0	0	0	0	2004	0
LFQ	61	0	0	0	0	0	0	0	0	0	0	0	0	0	0	0	0	0	0	0	0	0	0	0	0	0	0	0	0	0	0	2004	0
LFQ	62	0	0	0	0	0	0	0	0	0	0	0	0	0	0	0	0	0	0	0	0	0	0	0	0	0	0	0	0	0	0	2004	0
LFQ	63	0	0	0	0	0	0	0	0	0	0	0	0	0	0	0	0	0	0	0	0	0	0	0	0	0	0	0	0	0	0	2004	0
LFQ	64	0	0	0	0	0	0	0	0	0	0	0	0	0	0	0	0	0	0	0	0	0	0	0	0	0	0	0	0	0	0	2004	0
LFQ	65	0	0	0	0	0	0	0	0	0	0	0	0	0	0	0	0	0	0	0	0	0	0	0	0	0	0	0	0	0	0	2004	0
LFQ	66	0	0	0	0	0	0	0	0	0	0	0	0	0	0	0	0	0	0	0	0	0	0	0	0	0	0	0	0	0	0	2004	0
LFQ	67	0	0	0	0	0	0	0	0	0	0	0	0	0	0	0	0	0	0	0	0	0	0	0	0	0	0	0	0	0	0	2004	0
LFQ	68	0	0	0	0	0	0	0	0	0	0	0	0	0	0	0	0	0	0	0	0	0	0	0	0	0	0	0	0	0	0	2004	0
LFQ	69	0	0	0	0	0	0	0	0	0	0	0	0	0	0	0	0	0	0	0	0	0	0	0	0	0	0	0	0	0	0	2004	0
LFQ	70	0	0	0	0	0	0	0	0	0	0	0	0	0	0	0	0	0	0	0	0	0	0	0	0	0	0	0	0	0	0	2004	0
LFQ	71	0	0	0	0	0	0	0	0	0	0	0	0	0	0	0	0	0	0	0	0	0	0	0	0	0	0	0	0	0	0	2004	0
LFQ	72	0	0	0	0	0	0	0	0	0	0	0	0	0	0	0	0	0	0	0	0	0	0	0	0	0	0	0	0	0	0	2004	0
LFQ	73	0	0	0	0	0	0	0	0	0	0	0	0	0	0	0	0	0	0	0	0	0	0	0	0	0	0	0	0	0	0	2004	0
LFQ	74	0	0	0	0	0	0	0	0	0	0	0	0	0	0	0	0	0	0	0	0	0	0	0	0	0	0	0	0	0	0	2004	0
LFQ	75	0	0	0	0	0	0	0	0	0	0	0	0	0	0	0	0	0	0	0	0	0	0	0	0	0	0	0	0	0	0	2004	0
LFQ	76	0	0	0	0	0	0	0	0	0	0	0	0	0	0	0	0	0	0	0	0	0	0	0	0	0	0	0	0	0	0	2004	0
LFQ	77	0	0	0	0	0	0	0	0	0	0	0	0	0	0	0	0	0	0	0	0	0	0	0	0	0	0	0	0	0	0	2004	0
LFQ	78	0	0	0	0	0	0	0	0	0	0	0	0	0	0	0	0	0	0	0	0	0	0	0	0	0	0	0	0	0	0	2004	0
LFQ	79	0	0	0	0	0	0	0	0	0	0	0	0	0	0	0	0	0	0	0	0	0	0	0	0	0	0	0	0	0	0	2004	0
LFQ	80	0	0	0	0	0	0	0	0	0	0	0	0	0	0	0	0	0	0	0	0	0	0	0	0	0	0	0	0	0	0	2004	0
LFQ	81	0	0	0	0	0	0	0	0	0	0	0	0	0	0	0	0	0	0	0	0	0	0	0	0	0	0	0	0	0	0	2004	0
LFQ	82	0	0	0	0	0	0	0	0	0	0	0	0	0	0	0	0	0	0	0	0	0	0	0	0	0	0	0	0	0	0	2004	0
LFQ	83	0	0	0	0	0	0	0	0	0	0	0	0	0	0	0	0	0	0	0	0	0	0	0	0	0	0	0	0	0	0	2004	0
LFQ	84	0	0	0	0	0	0	0	0	0	0	0	0	0	0	0	0	0	0	0	0	0	0	0	0	0	0	0	0	0	0	2004	0
LFQ	85	0	0	0	0	0	0	0	0	0	0	0	0	0	0	0	0	0	0	0	0	0	0	0	0	0	0	0	0	0	0	2004	0
LFQ	86	0	0	0	0	0	0	0	0	0	0	0	0	0	0	0	0	0	0	0	0	0	0	0	0	0	0	0	0	0	0	2004	0
LFQ	87	0	0	0	0	0	0	0	0	0	0	0	0	0	0	0	0	0	0	0	0	0	0	0	0	0	0	0	0	0	0	2004	0
LFQ	88	0	0	0	0	0	0	0	0	0	0	0	0	0	0	0	0	0	0	0	0	0	0	0	0	0	0	0	0	0	0	2004	0
LFQ	89	0	0	0	0	0	0	0	0	0	0	0	0	0	0	0	0	0	0	0	0	0	0	0	0	0	0	0	0	0	0	2004	0
LFQ	90	0	0	0	0	0	0	0	0	0	0	0	0	0	0	0	0	0	0	0	0	0	0	0	0	0	0	0	0	0	0	2004	0
LFQ	91	0	0	0	0	0	0	0	0	0	0	0	0	0	0	0	0	0	0	0	0	0	0	0	0	0	0	0	0	0	0	2004	0
LFQ	92	0	0	0	0	0	0	0	0	0	0	0	0	0	0	0	0	0	0	0	0	0	0	0	0	0	0	0	0	0	0	2004	0
LFQ	93	0	0	0	0	0	0	0	0	0	0	0	0	0	0	0	0	0	0	0	0	0	0	0	0	0	0	0	0	0	0	2004	0
LFQ	94	0	0	0	0	0	0	0	0	0	0	0	0	0	0	0	0	0	0	0	0	0	0	0	0	0	0	0	0	0	0	2004	0
LFQ	95	0	0	0	0	0	0	0	0	0	0	0	0	0	0	0	0	0	0	0	0	0	0	0	0	0	0	0	0	0	0	2004	0
LFQ	96	0	0	0	0	0	0	0	0	0	0	0	0	0	0	0	0	0	0	0	0	0	0	0	0	0	0	0	0	0	0	2004	0
LFQ	97	0	0	0	0	0	0	0	0	0	0	0	0	0	0	0	0	0	0	0	0	0	0	0	0	0	0	0	0	0	0	2004	0
LFQ	98	0	0	0	0	0	0	0	0	0	0	0	0	0	0	0	0	0	0	0	0	0	0	0	0	0	0	0	0	0	0	2004	0
LFQ	99	0	0	0	0	0	0	0	0	0	0	0	0	0	0	0	0	0	0	0	0	0	0	0	0	0	0	0	0	0	0	2004	0
LFQ	100	0	0	0	0	0	0	0	0	0	0	0	0	0	0	0	0	0	0	0	0	0	0	0	0	0	0	0	0	0	0	2004	0
LFQ	101	0	0	0	0	0	0	0	0	0	0	0	0	0	0	0	0	0	0	0	0	0	0	0	0	0	0	0	0	0	0	2004	0
LFQ	102	0	0	0	0	0	0	0	0	0	0	0	0	0	0	0	0	0	0	0	0	0	0	0	0	0	0	0	0	0	0	2004	0
LFQ	103	0	0	0	0	0	0	0	0	0	0	0	0	0	0	0	0	0	0	0	0	0	0	0	0	0	0	0	0	0	0	2004	0
LFQ	104	0	0	0	0	0	0	0	0	0	0	0	0	0	0	0	0	0	0	0	0	0	0	0	0	0	0	0	0	0	0	2004	0
LFQ	105	0	0	0	0	0	0	0	0	0	0	0	0	0	0	0	0	0	0	0	0	0	0	0	0	0	0	0	0	0	0	2004	0
LFQ	106	0	0	0	0	0	0	0	0	0	0	0	0	0	0	0	0	0	0	0	0	0	0	0	0	0	0	0	0	0	0	2004	0
LFQ	107	0	0	0	0	0	0	0	0	0	0	0	0	0	0	0	0	0	0	0	0	0	0	0	0	0	0	0	0	0	0	2004	0
LFQ	108	0	0	0	0	0	0	0	0	0	0	0	0	0	0	0	0	0	0	0	0	0	0	0	0	0	0	0	0	0	0	2004	0
LFQ	109	0	0	0	0	0	0	0	0	0	0	0	0	0	0	0	0	0	0	0	0	0	0	0	0	0	0	0	0	0	0	2004	0
LFQ	110	0	0	0	0	0	0	0	0	0	0	0	0	0	0	0	0	0	0	0	0	0	0	0	0	0	0	0	0	0	0	2004	0
LFQ	111	0	0	0	0	0	0	0	0	0	0	0	0	0	0	0	0	0	0	0	0	0	0	0	0	0	0	0	0	0	0	2004	0
LFQ	112	0	0	0	0	0	0	0	0	0	0	0	0	0	0	0	0	0	0	0	0	0	0	0	0	0	0	0	0	0	0	2004	0
LFQ	113	0	0	0	0	0	0	0	0	0	0	0	0	0	0	0	0	0	0	0	0	0	0	0	0	0	0	0	0	0	0	2004	0
LFQ	114	0	0	0	0	0	0	0	0	0	0	0	0	0	0	0	0	0	0	0	0	0	0	0	0	0	0	0	0	0	0	2004	0
LFQ	115	0	0	0	0	0	0	0	0	0	0	0	0	0	0	0	0	0	0	0	0	0	0	0	0	0	0	0	0	0	0	2004	0
LFQ	116	0	0	0	0	0	0	0	0	0	0	0	0	0	0	0	0	0	0	0	0	0	0	0	0	0	0	0	0	0	0	2004	0
LFQ	117	0	0	0	0	0	0	0	0	0	0	0	0	0	0	0	0	0	0	0	0	0	0	0	0	0	0	0	0	0	0	2004	0
LFQ	118	0	0	0	0	0	0	0	0	0	0	0	0	0	0	0	0	0	0	0	0	0	0	0	0	0	0	0	0	0	0	2004	0
LFQ	119	0	0	0	0	0	0	0	0	0	0	0	0	0	0	0	0	0	0	0	0	0	0	0	0	0	0	0	0	0	0	2004	0
LFQ	120	0	0	0	0	0	0	0	0	0	0	0	0	0	0	0	0	0	0	0	0	0	0	0	0	0	0	0	0	0	0	2004	0
LFQ	121	0	0	0	0	0	0	0	0	0	0	0	0	0	0	0	0	0	0	0	0	0	0	0	0	0	0	0	0	0	0	2004	0
LFQ	122	0	0	0	0	0	0	0	0	0	0	0	0	0	0	0	0	0	0	0	0	0	0	0	0	0	0	0	0	0	0	2004	0
LFQ	123	0	0	0	0	0	0	0	0	0	0	0	0	0	0	0	0	0	0	0	0	0	0	0	0	0	0	0	0	0	0	2004	0
LFQ	124	0	0	0	0	0	0	0	0	0	0	0	0	0	0	0	0	0	0	0	0	0	0	0	0	0	0	0	0	0	0	2004	0
LFQ	125	0	0	0	0	0	0	0	0	0	0	0	0	0	0	0	0	0	0	0	0	0	0	0	0	0	0	0	0	0	0	2004	0
LFQ	126	0	0	0	0	0	0	0	0	0	0	0	0	0	0	0	0	0	0	0	0	0	0	0	0	0	0	0	0	0	0	2004	0
LFQ	127	0	0	0	0	0	0	0	0	0	0	0	0	0	0	0	0	0	0	0	0	0	0	0	0	0	0	0	0	0	0	2004	0
LFQ	128	0	0	0	0	0	0	0	0	0	0	0	0	0	0	0	0	0	0	0	0	0	0	0	0	0	0	0	0	0	0	2004	0
LFQ	129	0	0	0	0	0	0	0	0	0	0	0	0	0	0	0	0	0	0	0	0	0	0	0	0	0	0	0	0	0	0	2004	0
LFQ	130	0	0	0	0	0	0	0	0	0	0	0	0	0	0	0	0	0	0	0	0	0	0	0	0	0	0	0	0	0	0	2004	0
LFQ	131	0	0	0	0	0	0	0	0	0	0	0	0	0	0	0	0	0	0	0	0	0	0	0	0	0	0	0	0	0	0	2004	0
LFQ	132	0	0	0	0	0	0	0	0	0	0	0	0	0	0	0	0	0	0	0	0	0	0	0	0	0	0	0	0	0	0	2004	0
LFQ	133	0	0	0	0	0	0	0	0	0	0	0	0	0	0	0	0	0	0	0	0	0	0	0	0	0	0	0	0	0	0	2004	0
LFQ	134	0	0	0	0	0	0	0	0	0	0	0	0	0	0	0	0	0	0	0	0	0	0	0	0	0	0	0	0	0	0	2004	0
LFQ	135	0	0	0	0	0	0	0	0	0	0	0	0	0	0	0	0	0	0	0	0	0	0	0	0	0	0	0	0	0	0	2004	0
LFQ	136	0	0	0	0	0	0	0	0	0	0	0	0	0	0	0	0	0	0	0	0	0	0	0	0	0	0	0	0	0	0	2004	0
LFQ	137	0	0	0	0	0	0	0	0	0	0	0	0	0	0	0	0	0	0	0	0	0	0	0	0	0	0	0	0	0	0	2004	0
LFQ	138	0	0	0	0	0	0	0	0	0	0	0	0	0	0	0	0	0	0	0	0	0	0	0	0	0	0	0	0	0	0	2004	0
LFQ	139	0	0	0	0	0	0	0	0	0	0	0	0	0	0	0	0	0	0	0	0	0	0	0	0	0	0	0	0	0	0	2004	0
LFQ	140	0	0	0	0	0	0	0	0	0	0	0	0	0	0	0	0	0	0	0	0	0	0	0	0	0	0	0	0	0	0	2004	0
LFQ	141	0	0	0	0	0	0	0	0	0	0	0	0	0	0	0	0	0	0	0	0	0	0	0	0	0	0	0	0	0	0	2004	0
LFQ	142	0	0	0	0	0	0	0	0	0	0	0	0	0	0	0	0	0	0	0	0	0	0	0	0	0	0	0	0	0	0	2004	0
LFQ	143	0	0	0	0	0	0	0	0	0	0	0	0	0	0	0	0	0	0	0	0	0	0	0	0	0	0	0	0	0	0	2004	0
LFQ	144	0	0	0	0	0	0	0	0	0	0	0	0	0	0	0	0	0	0	0	0	0	0	0	0	0	0	0	0	0	0	2003	0
LFQ	145	0	0	0	0	0	0	0	0	0	0	0	0	0	0	0	0	0	0	0	0	0	0	0	0	0	0	0	0	0	0	2003	0
LFQ	146	0	0	0	0	0	0	0	0	0	0	0	0	0	0	0	0	0	0	0	0	0	0	0	0	0	0	0	0	0	0	2003	0
LFQ	147	0	0	0	0	0	0	0	0	0	0	0	0	0	0	0	0	0	0	0	0	0	0	0	0	0	0	0	0	0	0	2003	0
LFQ	148	0	0	0	0	0	0	0	0	0	0	0	0	0	0	0	0	0	0	0	0	0	0	0	0	0	0	0	0	0	0	2003	0
LFQ	149	0	0	0	0	0	0	0	0	0	0	0	0	0	0	0	0	0	0	0	0	0	0	0	0	0	0	0	0	0	0	2003	0
LFQ	150	0	0	0	0	0	0	0	0	0	0	0	0	0	0	0	0	0	0	0	0	0	0	0	0	0	0	0	0	0	0	2003	0
# GC Content of first fragments. Use `grep ^GCF | cut -f 2-` to extract this part.
GCF	7.54	0
GCF	15.33	1
GCF	16.08	0
GCF	17.59	1
GCF	19.10	2
GCF	20.35	3
GCF	21.36	4
GCF	22.36	2
GCF	23.37	5
GCF	24.12	13
GCF	24.87	12
GCF	25.88	15
GCF	26.88	21
GCF	27.39	22
GCF	28.14	21
GCF	28.89	30
GCF	29.40	32
GCF	30.15	26
GCF	30.90	33
GCF	31.41	35
GCF	32.16	58
GCF	32.91	49
GCF	33.42	74
GCF	33.92	78
GCF	34.67	72
GCF	35.43	83
GCF	35.93	88
GCF	36.68	80
GCF	37.44	71
GCF	37.94	62
GCF	38.69	61
GCF	39.45	67
GCF	39.95	77
GCF	40.70	82
GCF	41.46	70
GCF	41.96	54
GCF	42.71	45
GCF	43.47	46
GCF	43.97	59
GCF	44.72	56
GCF	45.48	35
GCF	45.98	43
GCF	46.73	42
GCF	47.49	35
GCF	47.99	28
GCF	48.74	31
GCF	49.50	20
GCF	50.00	13
GCF	50.75	15
GCF	51.51	10
GCF	52.01	14
GCF	52.76	9
GCF	53.52	10
GCF	54.02	5
GCF	54.77	2
GCF	55.53	4
GCF	56.03	12
GCF	56.78	4
GCF	57.54	1
GCF	58.04	8
GCF	58.79	2
GCF	59.80	3
GCF	60.80	5
GCF	61.56	0
GCF	62.06	2
GCF	62.81	0
GCF	63.57	2
GCF	64.07	4
GCF	64.82	0
GCF	65.58	3
GCF	66.33	0
GCF	67.34	2
GCF	68.34	0
GCF	69.60	1
GCF	70.60	0
GCF	71.36	1
# GC Content of last fragments. Use `grep ^GCL | cut -f 2-` to extract this part.
GCL	3.52	0
GCL	7.29	1
GCL	10.55	0
GCL	14.07	1
GCL	15.58	0
GCL	16.83	1
GCL	17.84	0
GCL	18.84	3
GCL	19.35	1
GCL	20.10	4
GCL	20.85	1
GCL	21.86	3
GCL	22.86	7
GCL	23.37	5
GCL	24.12	10
GCL	24.87	9
GCL	25.38	13
GCL	26.13	16
GCL	26.88	24
GCL	27.39	22
GCL	28.14	26
GCL	28.89	31
GCL	29.40	32
GCL	30.40	42
GCL	31.41	49
GCL	32.16	34
GCL	32.91	48
GCL	33.42	62
GCL	33.92	61
GCL	34.67	66
GCL	35.43	69
GCL	35.93	68
GCL	36.68	72
GCL	37.44	67
GCL	37.94	69
GCL	38.69	78
GCL	39.45	82
GCL	39.95	69
GCL	40.70	67
GCL	41.46	63
GCL	41.96	49
GCL	42.71	65
GCL	43.47	54
GCL	43.97	46
GCL	44.72	48
GCL	45.48	50
GCL	45.98	62
GCL	46.73	33
GCL	47.49	43
GCL	47.99	37
GCL	48.74	18
GCL	49.50	25
GCL	50.00	24
GCL	50.75	17
GCL	51.51	18
GCL	52.01	9
GCL	52.76	8
GCL	53.77	7
GCL	54.77	10
GCL	55.53	5
GCL	56.03	7
GCL	56.78	5
GCL	57.54	3
GCL	58.04	8
GCL	58.79	6
GCL	59.55	3
GCL	60.05	0
GCL	60.80	4
GCL	61.56	0
GCL	62.06	3
GCL	62.81	2
GCL	64.32	0
GCL	65.58	2
GCL	66.08	1
GCL	66.58	2
GCL	67.59	0
GCL	69.10	1
# ACGT content per cycle. Use `grep ^GCC | cut -f 2-` to extract this part. The columns are: cycle; A,C,G,T base counts as a percentage of all A/C/G/T bases [%]; and N and O counts as a percentage of all A/C/G/T bases [%]
GCC	1	31.77	19.17	18.79	30.27	0.02	0.00
GCC	2	30.41	20.26	18.49	30.84	0.00	0.00
GCC	3	30.41	20.01	18.49	31.09	0.00	0.00
GCC	4	29.39	20.18	19.41	31.01	0.00	0.00
GCC	5	29.09	21.28	18.66	30.96	0.00	0.00
GCC	6	29.97	19.89	18.36	31.79	0.00	0.00
GCC	7	30.11	20.18	18.59	31.11	0.00	0.00
GCC	8	31.26	19.76	19.71	29.27	0.00	0.00
GCC	9	30.54	19.41	19.44	30.61	0.00	0.00
GCC	10	30.49	20.08	19.54	29.89	0.00	0.00
GCC	11	30.71	20.36	18.61	30.31	0.00	0.00
GCC	12	31.31	20.33	18.89	29.47	0.00	0.00
GCC	13	30.06	21.03	18.56	30.34	0.00	0.00
GCC	14	30.09	19.64	19.66	30.61	0.00	0.00
GCC	15	30.86	19.71	18.89	30.54	0.00	0.00
GCC	16	30.76	19.86	17.81	31.56	0.00	0.00
GCC	17	30.09	19.59	19.86	30.46	0.00	0.00
GCC	18	30.56	20.63	18.09	30.71	0.00	0.00
GCC	19	30.41	20.18	18.61	30.79	0.00	0.00
GCC	20	31.24	20.36	18.39	30.01	0.00	0.00
GCC	21	29.72	19.76	18.86	31.66	0.00	0.00
GCC	22	29.47	20.86	19.14	30.54	0.00	0.00
GCC	23	30.76	19.96	18.16	31.11	0.00	0.00
GCC	24	29.62	20.16	17.69	32.53	0.00	0.00
GCC	25	30.36	20.06	19.36	30.21	0.00	0.00
GCC	26	30.24	20.23	19.19	30.34	0.00	0.00
GCC	27	30.34	19.84	18.41	31.41	0.00	0.00
GCC	28	31.06	19.76	18.39	30.79	0.00	0.00
GCC	29	30.69	20.66	18.09	30.56	0.00	0.00
GCC	30	29.54	20.01	19.69	30.76	0.00	0.00
GCC	31	31.04	19.46	18.79	30.71	0.00	0.00
GCC	32	30.86	19.61	19.16	30.36	0.00	0.00
GCC	33	30.31	20.71	19.41	29.57	0.00	0.00
GCC	34	32.29	19.81	18.01	29.89	0.00	0.00
GCC	35	30.81	19.56	18.54	31.09	0.00	0.00
GCC	36	29.97	20.51	19.46	30.06	0.00	0.00
GCC	37	30.01	19.69	18.96	31.34	0.00	0.00
GCC	38	30.41	19.89	19.31	30.39	0.00	0.00
GCC	39	30.24	20.01	18.74	31.01	0.00	0.00
GCC	40	29.64	19.19	20.06	31.11	0.00	0.00
GCC	41	30.71	19.71	18.49	31.09	0.00	0.00
GCC	42	29.64	19.14	19.26	31.96	0.00	0.00
GCC	43	30.99	20.16	18.39	30.46	0.00	0.00
GCC	44	30.71	18.36	19.21	31.71	0.00	0.00
GCC	45	30.61	20.01	19.44	29.94	0.00	0.00
GCC	46	30.44	20.26	18.06	31.24	0.00	0.00
GCC	47	30.91	19.54	18.21	31.34	0.00	0.00
GCC	48	31.06	18.56	18.31	32.06	0.00	0.00
GCC	49	29.84	21.11	18.24	30.81	0.00	0.00
GCC	50	30.79	20.28	17.59	31.34	0.00	0.00
GCC	51	30.29	20.36	18.36	30.99	0.00	0.00
GCC	52	30.66	19.89	18.46	30.99	0.00	0.00
GCC	53	30.89	20.53	18.89	29.69	0.00	0.00
GCC	54	31.56	19.54	17.79	31.11	0.00	0.00
GCC	55	30.04	19.44	19.54	30.99	0.00	0.00
GCC	56	31.44	19.59	18.21	30.76	0.00	0.00
GCC	57	29.94	20.46	18.49	31.11	0.00	0.00
GCC	58	30.29	20.66	18.56	30.49	0.00	0.00
GCC	59	31.21	20.06	18.86	29.87	0.00	0.00
GCC	60	29.84	19.69	19.99	30.49	0.00	0.00
GCC	61	31.76	18.96	18.99	30.29	0.00	0.00
GCC	62	30.66	19.44	19.01	30.89	0.00	0.00
GCC	63	30.64	20.83	19.04	29.49	0.00	0.00
GCC	64	29.42	20.48	18.96	31.14	0.00	0.00
GCC	65	30.26	18.69	19.46	31.59	0.00	0.00
GCC	66	29.74	20.58	18.71	30.96	0.00	0.00
GCC	67	29.34	20.13	18.76	31.76	0.00	0.00
GCC	68	30.26	19.41	19.24	31.09	0.00	0.00
GCC	69	29.74	20.63	18.21	31.41	0.00	0.00
GCC	70	30.59	20.26	18.89	30.26	0.00	0.00
GCC	71	30.61	20.11	19.19	30.09	0.00	0.00
GCC	72	30.61	20.41	18.86	30.11	0.00	0.00
GCC	73	30.49	18.99	19.89	30.64	0.00	0.00
GCC	74	31.04	20.11	17.99	30.86	0.00	0.00
GCC	75	30.56	20.43	19.44	29.57	0.00	0.00
GCC	76	31.59	20.88	17.86	29.67	0.00	0.00
GCC	77	31.19	19.71	18.51	30.59	0.00	0.00
GCC	78	30.49	20.03	19.49	29.99	0.00	0.00
GCC	79	30.94	20.96	17.99	30.11	0.00	0.00
GCC	80	30.59	19.04	19.41	30.96	0.00	0.00
GCC	81	31.56	19.39	19.04	30.01	0.00	0.00
GCC	82	30.76	19.16	18.74	31.34	0.00	0.00
GCC	83	31.89	19.11	17.84	31.16	0.00	0.00
GCC	84	29.99	19.59	19.64	30.79	0.00	0.00
GCC	85	30.59	20.08	19.79	29.54	0.00	0.00
GCC	86	30.91	19.94	19.01	30.14	0.00	0.00
GCC	87	29.77	20.53	19.74	29.97	0.00	0.00
GCC	88	30.06	19.86	19.71	30.36	0.00	0.00
GCC	89	30.01	20.58	19.21	30.19	0.00	0.00
GCC	90	31.29	19.84	17.96	30.91	0.00	0.00
GCC	91	30.24	20.43	19.51	29.82	0.00	0.00
GCC	92	30.04	19.74	18.76	31.46	0.00	0.00
GCC	93	31.16	19.29	18.74	30.81	0.00	0.00
GCC	94	31.04	20.23	18.71	30.01	0.00	0.00
GCC	95	31.36	20.18	18.84	29.62	0.00	0.00
GCC	96	30.86	20.11	18.84	30.19	0.00	0.00
GCC	97	30.49	19.51	19.39	30.61	0.00	0.00
GCC	98	30.76	19.26	18.64	31.34	0.00	0.00
GCC	99	29.87	20.91	19.14	30.09	0.00	0.00
GCC	100	30.81	19.99	18.51	30.69	0.00	0.00
GCC	101	30.56	20.21	18.66	30.56	0.00	0.00
GCC	102	30.06	19.61	19.41	30.91	0.00	0.00
GCC	103	30.71	18.69	17.96	32.63	0.00	0.00
GCC	104	29.19	21.06	18.96	30.79	0.00	0.00
GCC	105	29.99	21.33	18.39	30.29	0.00	0.00
GCC	106	30.89	20.68	17.71	30.71	0.00	0.00
GCC	107	30.34	19.81	20.08	29.77	0.00	0.00
GCC	108	30.71	20.46	18.04	30.79	0.00	0.00
GCC	109	30.49	18.16	20.21	31.14	0.00	0.00
GCC	110	30.64	19.86	18.71	30.79	0.00	0.00
GCC	111	30.91	20.81	16.94	31.34	0.00	0.00
GCC	112	31.14	19.81	18.74	30.31	0.00	0.00
GCC	113	30.56	19.71	18.49	31.24	0.00	0.00
GCC	114	29.84	19.39	18.64	32.14	0.00	0.00
GCC	115	31.61	19.34	18.74	30.31	0.00	0.00
GCC	116	31.69	19.19	18.54	30.59	0.00	0.00
GCC	117	31.31	19.76	18.34	30.59	0.00	0.00
GCC	118	30.84	20.31	19.14	29.72	0.00	0.00
GCC	119	30.51	19.31	19.76	30.41	0.00	0.00
GCC	120	30.26	20.03	19.74	29.97	0.00	0.00
GCC	121	32.06	20.03	18.64	29.27	0.00	0.00
GCC	122	31.34	20.71	17.91	30.04	0.00	0.00
GCC	123	30.21	19.29	19.46	31.04	0.00	0.00
GCC	124	31.24	19.44	18.49	30.84	0.00	0.00
GCC	125	28.92	20.41	19.44	31.24	0.00	0.00
GCC	126	28.54	20.43	20.08	30.94	0.00	0.00
GCC	127	30.56	19.64	19.04	30.76	0.00	0.00
GCC	128	31.24	20.28	17.91	30.56	0.00	0.00
GCC	129	29.92	19.34	19.24	31.51	0.00	0.00
GCC	130	31.04	19.44	19.59	29.94	0.00	0.00
GCC	131	30.86	20.76	18.26	30.11	0.00	0.00
GCC	132	29.89	18.96	19.96	31.19	0.00	0.00
GCC	133	30.51	19.81	19.36	30.31	0.00	0.00
GCC	134	30.79	20.61	18.41	30.19	0.00	0.00
GCC	135	30.31	20.41	18.74	30.54	0.00	0.00
GCC	136	30.34	20.83	18.66	30.16	0.00	0.00
GCC	137	29.44	20.96	19.06	30.54	0.00	0.00
GCC	138	29.54	20.51	17.99	31.96	0.00	0.00
GCC	139	29.84	18.96	20.53	30.66	0.00	0.00
GCC	140	29.57	18.96	19.89	31.59	0.00	0.00
GCC	141	30.49	19.46	19.14	30.91	0.00	0.00
GCC	142	31.41	20.53	17.89	30.16	0.00	0.00
GCC	143	30.61	19.44	19.29	30.66	0.00	0.00
GCC	144	31.10	20.31	17.57	31.02	0.00	0.00
GCC	145	31.10	20.06	18.64	30.20	0.00	0.00
GCC	146	30.35	20.39	18.39	30.87	0.00	0.00
GCC	147	31.32	20.36	18.94	29.37	0.00	0.00
GCC	148	30.47	21.41	18.12	30.00	0.00	0.00
GCC	149	29.70	19.07	20.41	30.82	0.00	0.00
GCC	150	30.60	19.35	20.09	29.96	0.00	0.00
# ACGT content per cycle, read oriented. Use `grep ^GCT | cut -f 2-` to extract this part. The columns are: cycle; A,C,G,T base counts as a percentage of all A/C/G/T bases [%]
GCT	1	30.02	19.77	18.19	32.02
GCT	2	30.54	20.28	18.46	30.71
GCT	3	31.19	19.29	19.21	30.31
GCT	4	29.67	20.11	19.49	30.74
GCT	5	28.94	19.79	20.16	31.11
GCT	6	30.86	20.33	17.91	30.89
GCT	7	32.04	18.81	19.96	29.19
GCT	8	31.61	19.86	19.61	28.92
GCT	9	31.29	18.96	19.89	29.87
GCT	10	31.14	19.84	19.79	29.24
GCT	11	31.01	19.51	19.46	30.01
GCT	12	30.16	19.54	19.69	30.61
GCT	13	30.21	19.69	19.91	30.19
GCT	14	28.94	19.49	19.81	31.76
GCT	15	30.94	19.54	19.06	30.46
GCT	16	31.86	19.06	18.61	30.46
GCT	17	30.69	19.54	19.91	29.87
GCT	18	31.54	19.66	19.06	29.74
GCT	19	30.54	19.21	19.59	30.66
GCT	20	31.54	20.26	18.49	29.72
GCT	21	30.51	19.56	19.06	30.86
GCT	22	30.16	20.06	19.94	29.84
GCT	23	31.44	18.24	19.89	30.44
GCT	24	31.49	19.94	17.91	30.66
GCT	25	29.67	18.96	20.46	30.91
GCT	26	29.14	19.39	20.03	31.44
GCT	27	31.54	18.84	19.41	30.21
GCT	28	31.94	19.04	19.11	29.92
GCT	29	31.01	20.08	18.66	30.24
GCT	30	29.67	20.23	19.46	30.64
GCT	31	31.74	18.61	19.64	30.01
GCT	32	30.69	19.19	19.59	30.54
GCT	33	29.84	20.58	19.54	30.04
GCT	34	30.59	19.01	18.81	31.59
GCT	35	31.11	18.91	19.19	30.79
GCT	36	30.11	19.66	20.31	29.92
GCT	37	30.41	20.13	18.51	30.94
GCT	38	30.31	19.54	19.66	30.49
GCT	39	30.29	19.81	18.94	30.96
GCT	40	29.79	19.64	19.61	30.96
GCT	41	31.84	18.89	19.31	29.97
GCT	42	31.16	19.11	19.29	30.44
GCT	43	30.66	19.34	19.21	30.79
GCT	44	31.21	19.16	18.41	31.21
GCT	45	30.69	20.93	18.51	29.87
GCT	46	32.14	19.26	19.06	29.54
GCT	47	31.39	19.11	18.64	30.86
GCT	48	32.46	19.16	17.71	30.66
GCT	49	30.91	20.03	19.31	29.74
GCT	50	30.66	18.46	19.41	31.46
GCT	51	30.84	19.01	19.71	30.44
GCT	52	31.09	19.71	18.64	30.56
GCT	53	30.94	20.13	19.29	29.64
GCT	54	30.64	18.41	18.91	32.04
GCT	55	30.56	19.26	19.71	30.46
GCT	56	30.91	19.41	18.39	31.29
GCT	57	29.94	20.21	18.74	31.11
GCT	58	30.49	19.36	19.86	30.29
GCT	59	31.39	19.44	19.49	29.69
GCT	60	30.89	19.54	20.13	29.44
GCT	61	31.59	19.69	18.26	30.46
GCT	62	29.44	20.11	18.34	32.11
GCT	63	30.39	20.03	19.84	29.74
GCT	64	30.21	20.08	19.36	30.34
GCT	65	31.34	18.56	19.59	30.51
GCT	66	30.61	19.76	19.54	30.09
GCT	67	30.61	18.16	20.73	30.49
GCT	68	30.56	18.56	20.08	30.79
GCT	69	30.86	20.41	18.44	30.29
GCT	70	31.44	19.81	19.34	29.42
GCT	71	30.86	19.86	19.44	29.84
GCT	72	30.64	19.64	19.64	30.09
GCT	73	30.41	19.16	19.71	30.71
GCT	74	30.89	19.41	18.69	31.01
GCT	75	30.31	20.93	18.94	29.82
GCT	76	31.19	18.69	20.06	30.06
GCT	77	30.76	18.59	19.64	31.01
GCT	78	30.59	19.84	19.69	29.89
GCT	79	30.89	18.86	20.08	30.16
GCT	80	31.84	18.79	19.66	29.72
GCT	81	29.94	19.96	18.46	31.64
GCT	82	31.21	19.51	18.39	30.89
GCT	83	30.99	18.21	18.74	32.06
GCT	84	31.89	19.39	19.84	28.89
GCT	85	30.54	19.64	20.23	29.59
GCT	86	30.89	19.86	19.09	30.16
GCT	87	30.04	20.71	19.56	29.69
GCT	88	30.46	21.21	18.36	29.97
GCT	89	31.01	19.79	20.01	29.19
GCT	90	31.91	19.51	18.29	30.29
GCT	91	29.09	19.69	20.26	30.96
GCT	92	31.34	18.84	19.66	30.16
GCT	93	30.06	19.89	18.14	31.91
GCT	94	31.54	19.69	19.26	29.52
GCT	95	30.44	19.61	19.41	30.54
GCT	96	30.94	18.74	20.21	30.11
GCT	97	30.46	19.34	19.56	30.64
GCT	98	30.89	19.14	18.76	31.21
GCT	99	29.72	20.36	19.69	30.24
GCT	100	30.59	18.91	19.59	30.91
GCT	101	30.86	20.61	18.26	30.26
GCT	102	30.31	19.81	19.21	30.66
GCT	103	31.26	18.34	18.31	32.09
GCT	104	29.67	20.38	19.64	30.31
GCT	105	29.89	19.24	20.48	30.39
GCT	106	30.91	19.21	19.19	30.69
GCT	107	31.01	20.28	19.61	29.09
GCT	108	30.74	20.33	18.16	30.76
GCT	109	29.52	19.54	18.84	32.11
GCT	110	30.74	20.16	18.41	30.69
GCT	111	30.49	19.44	18.31	31.76
GCT	112	30.94	19.01	19.54	30.51
GCT	113	31.99	19.34	18.86	29.82
GCT	114	31.16	19.11	18.91	30.81
GCT	115	32.29	19.86	18.21	29.64
GCT	116	30.84	18.74	18.99	31.44
GCT	117	31.01	18.61	19.49	30.89
GCT	118	30.51	20.13	19.31	30.04
GCT	119	31.04	18.99	20.08	29.89
GCT	120	29.74	20.46	19.31	30.49
GCT	121	30.86	19.94	18.74	30.46
GCT	122	30.69	19.66	18.96	30.69
GCT	123	30.96	19.69	19.06	30.29
GCT	124	30.91	19.06	18.86	31.16
GCT	125	29.72	20.16	19.69	30.44
GCT	126	30.71	20.86	19.66	28.77
GCT	127	31.79	19.61	19.06	29.54
GCT	128	31.31	18.31	19.89	30.49
GCT	129	31.44	19.91	18.66	29.99
GCT	130	30.84	20.23	18.79	30.14
GCT	131	30.76	20.16	18.86	30.21
GCT	132	30.21	19.14	19.79	30.86
GCT	133	30.59	19.44	19.74	30.24
GCT	134	30.56	19.24	19.79	30.41
GCT	135	30.51	19.66	19.49	30.34
GCT	136	29.64	19.59	19.91	30.86
GCT	137	30.46	20.83	19.19	29.52
GCT	138	29.89	19.11	19.39	31.61
GCT	139	29.62	19.59	19.91	30.89
GCT	140	30.21	19.51	19.34	30.94
GCT	141	31.26	18.94	19.66	30.14
GCT	142	30.41	18.89	19.54	31.16
GCT	143	30.69	20.26	18.46	30.59
GCT	144	30.20	18.69	19.19	31.92
GCT	145	30.40	19.54	19.17	30.90
GCT	146	30.12	20.09	18.69	31.10
GCT	147	30.72	19.24	20.06	29.97
GCT	148	30.60	20.96	18.57	29.87
GCT	149	30.32	19.87	19.62	30.20
GCT	150	30.98	19.42	20.02	29.58
# ACGT content per cycle for first fragments. Use `grep ^FBC | cut -f 2-` to extract this part. The columns are: cycle; A,C,G,T base counts as a percentage of all A/C/G/T bases [%]; and N and O counts as a percentage of all A/C/G/T bases [%]
FBC	1	31.40	19.17	19.07	30.35	0.05	0.00
FBC	2	31.69	19.86	18.56	29.89	0.00	0.00
FBC	3	30.04	20.11	18.46	31.39	0.00	0.00
FBC	4	29.09	20.01	19.46	31.44	0.00	0.00
FBC	5	28.19	20.56	19.51	31.74	0.00	0.00
FBC	6	29.44	20.46	18.26	31.84	0.00	0.00
FBC	7	29.54	21.11	18.46	30.89	0.00	0.00
FBC	8	31.24	19.31	20.36	29.09	0.00	0.00
FBC	9	30.09	18.11	21.26	30.54	0.00	0.00
FBC	10	30.34	19.61	20.91	29.14	0.00	0.00
FBC	11	30.29	20.21	19.46	30.04	0.00	0.00
FBC	12	29.89	20.16	19.96	29.99	0.00	0.00
FBC	13	29.14	21.31	18.71	30.84	0.00	0.00
FBC	14	30.69	19.76	19.21	30.34	0.00	0.00
FBC	15	31.59	18.96	18.31	31.14	0.00	0.00
FBC	16	32.09	20.11	17.27	30.54	0.00	0.00
FBC	17	30.14	19.51	20.26	30.09	0.00	0.00
FBC	18	30.74	20.71	18.26	30.29	0.00	0.00
FBC	19	31.99	19.01	18.46	30.54	0.00	0.00
FBC	20	31.04	20.51	18.66	29.79	0.00	0.00
FBC	21	30.69	19.16	18.96	31.19	0.00	0.00
FBC	22	28.54	21.16	18.81	31.49	0.00	0.00
FBC	23	30.99	20.06	18.21	30.74	0.00	0.00
FBC	24	30.14	18.56	18.81	32.49	0.00	0.00
FBC	25	32.34	19.66	18.91	29.09	0.00	0.00
FBC	26	30.29	19.56	18.91	31.24	0.00	0.00
FBC	27	29.29	20.91	18.81	30.99	0.00	0.00
FBC	28	32.39	20.06	17.47	30.09	0.00	0.00
FBC	29	30.94	21.61	17.71	29.74	0.00	0.00
FBC	30	29.89	20.21	19.91	29.99	0.00	0.00
FBC	31	31.84	19.01	18.56	30.59	0.00	0.00
FBC	32	31.09	19.56	18.31	31.04	0.00	0.00
FBC	33	30.14	20.46	20.26	29.14	0.00	0.00
FBC	34	31.19	21.16	17.71	29.94	0.00	0.00
FBC	35	30.19	20.86	18.01	30.94	0.00	0.00
FBC	36	31.14	19.76	19.11	29.99	0.00	0.00
FBC	37	30.14	19.11	19.31	31.44	0.00	0.00
FBC	38	30.04	19.71	18.86	31.39	0.00	0.00
FBC	39	30.59	19.51	18.36	31.54	0.00	0.00
FBC	40	29.79	19.11	20.51	30.59	0.00	0.00
FBC	41	30.39	20.26	18.21	31.14	0.00	0.00
FBC	42	29.99	19.91	19.41	30.69	0.00	0.00
FBC	43	31.49	20.01	17.81	30.69	0.00	0.00
FBC	44	29.69	17.42	19.31	33.58	0.00	0.00
FBC	45	30.94	20.01	18.66	30.39	0.00	0.00
FBC	46	30.64	20.11	17.86	31.39	0.00	0.00
FBC	47	31.54	19.26	17.37	31.84	0.00	0.00
FBC	48	31.34	17.76	18.71	32.19	0.00	0.00
FBC	49	29.89	21.21	17.86	31.04	0.00	0.00
FBC	50	29.94	20.51	17.61	31.94	0.00	0.00
FBC	51	30.74	19.76	18.56	30.94	0.00	0.00
FBC	52	29.99	20.06	17.12	32.83	0.00	0.00
FBC	53	31.99	20.01	17.56	30.44	0.00	0.00
FBC	54	31.99	19.81	17.17	31.04	0.00	0.00
FBC	55	30.99	18.26	19.16	31.59	0.00	0.00
FBC	56	31.49	19.76	17.22	31.54	0.00	0.00
FBC	57	29.29	20.11	18.86	31.74	0.00	0.00
FBC	58	30.99	20.41	18.76	29.84	0.00	0.00
FBC	59	32.04	20.21	17.96	29.79	0.00	0.00
FBC	60	29.44	18.96	20.26	31.34	0.00	0.00
FBC	61	31.69	19.41	18.71	30.19	0.00	0.00
FBC	62	31.34	19.61	18.76	30.29	0.00	0.00
FBC	63	31.89	20.96	17.71	29.44	0.00	0.00
FBC	64	30.49	18.96	18.61	31.94	0.00	0.00
FBC	65	29.94	19.91	18.96	31.19	0.00	0.00
FBC	66	31.04	20.01	18.11	30.84	0.00	0.00
FBC	67	30.04	18.71	19.91	31.34	0.00	0.00
FBC	68	31.19	20.26	18.66	29.89	0.00	0.00
FBC	69	29.24	20.31	19.36	31.09	0.00	0.00
FBC	70	29.84	20.31	19.16	30.69	0.00	0.00
FBC	71	29.24	19.76	20.56	30.44	0.00	0.00
FBC	72	30.34	20.26	18.51	30.89	0.00	0.00
FBC	73	30.89	18.61	19.16	31.34	0.00	0.00
FBC	74	31.59	20.41	17.76	30.24	0.00	0.00
FBC	75	30.59	20.61	18.36	30.44	0.00	0.00
FBC	76	31.49	20.71	17.81	29.99	0.00	0.00
FBC	77	31.79	19.51	18.61	30.09	0.00	0.00
FBC	78	31.34	19.11	19.06	30.49	0.00	0.00
FBC	79	31.74	21.71	17.07	29.49	0.00	0.00
FBC	80	30.09	18.26	19.96	31.69	0.00	0.00
FBC	81	31.49	19.41	19.61	29.49	0.00	0.00
FBC	82	31.39	18.26	19.86	30.49	0.00	0.00
FBC	83	32.09	19.36	18.21	30.34	0.00	0.00
FBC	84	30.49	19.81	18.91	30.79	0.00	0.00
FBC	85	31.24	19.66	19.06	30.04	0.00	0.00
FBC	86	31.64	20.16	18.81	29.39	0.00	0.00
FBC	87	30.19	20.71	20.46	28.64	0.00	0.00
FBC	88	29.74	20.36	18.96	30.94	0.00	0.00
FBC	89	30.14	20.96	19.61	29.29	0.00	0.00
FBC	90	30.79	19.91	18.06	31.24	0.00	0.00
FBC	91	30.09	20.01	19.06	30.84	0.00	0.00
FBC	92	31.84	19.06	18.31	30.79	0.00	0.00
FBC	93	31.49	20.06	19.16	29.29	0.00	0.00
FBC	94	30.89	20.31	18.51	30.29	0.00	0.00
FBC	95	31.09	21.36	17.22	30.34	0.00	0.00
FBC	96	30.09	21.11	18.31	30.49	0.00	0.00
FBC	97	29.64	20.06	19.01	31.29	0.00	0.00
FBC	98	31.54	19.51	18.81	30.14	0.00	0.00
FBC	99	29.84	21.01	19.26	29.89	0.00	0.00
FBC	100	31.44	18.96	19.36	30.24	0.00	0.00
FBC	101	31.34	20.41	17.96	30.29	0.00	0.00
FBC	102	29.74	18.96	19.76	31.54	0.00	0.00
FBC	103	30.14	18.56	19.01	32.29	0.00	0.00
FBC	104	28.99	21.41	18.71	30.89	0.00	0.00
FBC	105	31.29	20.96	17.76	29.99	0.00	0.00
FBC	106	30.09	21.11	17.81	30.99	0.00	0.00
FBC	107	32.09	20.31	18.76	28.84	0.00	0.00
FBC	108	30.54	20.86	18.01	30.59	0.00	0.00
FBC	109	29.89	18.51	19.91	31.69	0.00	0.00
FBC	110	30.74	19.91	18.51	30.84	0.00	0.00
FBC	111	31.99	20.81	17.22	29.99	0.00	0.00
FBC	112	30.59	20.51	18.06	30.84	0.00	0.00
FBC	113	28.94	20.66	18.26	32.14	0.00	0.00
FBC	114	29.39	19.31	18.41	32.88	0.00	0.00
FBC	115	30.89	19.66	19.31	30.14	0.00	0.00
FBC	116	31.99	19.36	18.26	30.39	0.00	0.00
FBC	117	31.24	18.56	18.81	31.39	0.00	0.00
FBC	118	31.44	20.51	19.16	28.89	0.00	0.00
FBC	119	30.44	19.21	18.96	31.39	0.00	0.00
FBC	120	30.89	19.16	20.81	29.14	0.00	0.00
FBC	121	32.19	19.16	19.26	29.39	0.00	0.00
FBC	122	31.09	21.06	18.51	29.34	0.00	0.00
FBC	123	30.09	18.41	19.81	31.69	0.00	0.00
FBC	124	30.49	19.51	18.76	31.24	0.00	0.00
FBC	125	29.44	20.56	18.96	31.04	0.00	0.00
FBC	126	29.34	20.41	19.31	30.94	0.00	0.00
FBC	127	31.34	18.91	19.01	30.74	0.00	0.00
FBC	128	31.04	20.21	18.26	30.49	0.00	0.00
FBC	129	30.39	18.81	19.36	31.44	0.00	0.00
FBC	130	30.69	19.46	19.76	30.09	0.00	0.00
FBC	131	30.44	21.16	17.91	30.49	0.00	0.00
FBC	132	28.29	18.86	20.91	31.94	0.00	0.00
FBC	133	28.84	20.96	19.31	30.89	0.00	0.00
FBC	134	30.79	20.76	18.01	30.44	0.00	0.00
FBC	135	29.24	21.01	19.36	30.39	0.00	0.00
FBC	136	31.09	20.01	18.31	30.59	0.00	0.00
FBC	137	30.54	20.61	18.81	30.04	0.00	0.00
FBC	138	29.84	20.36	17.22	32.58	0.00	0.00
FBC	139	30.09	19.76	19.51	30.64	0.00	0.00
FBC	140	28.44	19.16	19.86	32.53	0.00	0.00
FBC	141	31.54	18.31	19.31	30.84	0.00	0.00
FBC	142	31.59	19.76	17.91	30.74	0.00	0.00
FBC	143	31.34	19.51	18.91	30.24	0.00	0.00
FBC	144	31.29	19.61	17.56	31.54	0.00	0.00
FBC	145	29.94	21.26	18.71	30.09	0.00	0.00
FBC	146	29.39	19.26	19.11	32.24	0.00	0.00
FBC	147	30.69	20.71	19.61	28.99	0.00	0.00
FBC	148	30.29	22.11	18.66	28.94	0.00	0.00
FBC	149	29.64	19.01	20.21	31.14	0.00	0.00
FBC	150	30.05	19.42	20.72	29.81	0.00	0.00
# ACGT raw counters for first fragments. Use `grep ^FTC | cut -f 2-` to extract this part. The columns are: A,C,G,T,N base counters
FTC	91983	59837	56549	92229	1
# ACGT content per cycle for last fragments. Use `grep ^LBC | cut -f 2-` to extract this part. The columns are: cycle; A,C,G,T base counts as a percentage of all A/C/G/T bases [%]; and N and O counts as a percentage of all A/C/G/T bases [%]
LBC	1	32.14	19.16	18.51	30.19	0.00	0.00
LBC	2	29.14	20.66	18.41	31.79	0.00	0.00
LBC	3	30.79	19.91	18.51	30.79	0.00	0.00
LBC	4	29.69	20.36	19.36	30.59	0.00	0.00
LBC	5	29.99	22.01	17.81	30.19	0.00	0.00
LBC	6	30.49	19.31	18.46	31.74	0.00	0.00
LBC	7	30.69	19.26	18.71	31.34	0.00	0.00
LBC	8	31.29	20.21	19.06	29.44	0.00	0.00
LBC	9	30.99	20.71	17.61	30.69	0.00	0.00
LBC	10	30.64	20.56	18.16	30.64	0.00	0.00
LBC	11	31.14	20.51	17.76	30.59	0.00	0.00
LBC	12	32.73	20.51	17.81	28.94	0.00	0.00
LBC	13	30.99	20.76	18.41	29.84	0.00	0.00
LBC	14	29.49	19.51	20.11	30.89	0.00	0.00
LBC	15	30.14	20.46	19.46	29.94	0.00	0.00
LBC	16	29.44	19.61	18.36	32.58	0.00	0.00
LBC	17	30.04	19.66	19.46	30.84	0.00	0.00
LBC	18	30.39	20.56	17.91	31.14	0.00	0.00
LBC	19	28.84	21.36	18.76	31.04	0.00	0.00
LBC	20	31.44	20.21	18.11	30.24	0.00	0.00
LBC	21	28.74	20.36	18.76	32.14	0.00	0.00
LBC	22	30.39	20.56	19.46	29.59	0.00	0.00
LBC	23	30.54	19.86	18.11	31.49	0.00	0.00
LBC	24	29.09	21.76	16.57	32.58	0.00	0.00
LBC	25	28.39	20.46	19.81	31.34	0.00	0.00
LBC	26	30.19	20.91	19.46	29.44	0.00	0.00
LBC	27	31.39	18.76	18.01	31.84	0.00	0.00
LBC	28	29.74	19.46	19.31	31.49	0.00	0.00
LBC	29	30.44	19.71	18.46	31.39	0.00	0.00
LBC	30	29.19	19.81	19.46	31.54	0.00	0.00
LBC	31	30.24	19.91	19.01	30.84	0.00	0.00
LBC	32	30.64	19.66	20.01	29.69	0.00	0.00
LBC	33	30.49	20.96	18.56	29.99	0.00	0.00
LBC	34	33.38	18.46	18.31	29.84	0.00	0.00
LBC	35	31.44	18.26	19.06	31.24	0.00	0.00
LBC	36	28.79	21.26	19.81	30.14	0.00	0.00
LBC	37	29.89	20.26	18.61	31.24	0.00	0.00
LBC	38	30.79	20.06	19.76	29.39	0.00	0.00
LBC	39	29.89	20.51	19.11	30.49	0.00	0.00
LBC	40	29.49	19.26	19.61	31.64	0.00	0.00
LBC	41	31.04	19.16	18.76	31.04	0.00	0.00
LBC	42	29.29	18.36	19.11	33.23	0.00	0.00
LBC	43	30.49	20.31	18.96	30.24	0.00	0.00
LBC	44	31.74	19.31	19.11	29.84	0.00	0.00
LBC	45	30.29	20.01	20.21	29.49	0.00	0.00
LBC	46	30.24	20.41	18.26	31.09	0.00	0.00
LBC	47	30.29	19.81	19.06	30.84	0.00	0.00
LBC	48	30.79	19.36	17.91	31.94	0.00	0.00
LBC	49	29.79	21.01	18.61	30.59	0.00	0.00
LBC	50	31.64	20.06	17.56	30.74	0.00	0.00
LBC	51	29.84	20.96	18.16	31.04	0.00	0.00
LBC	52	31.34	19.71	19.81	29.14	0.00	0.00
LBC	53	29.79	21.06	20.21	28.94	0.00	0.00
LBC	54	31.14	19.26	18.41	31.19	0.00	0.00
LBC	55	29.09	20.61	19.91	30.39	0.00	0.00
LBC	56	31.39	19.41	19.21	29.99	0.00	0.00
LBC	57	30.59	20.81	18.11	30.49	0.00	0.00
LBC	58	29.59	20.91	18.36	31.14	0.00	0.00
LBC	59	30.39	19.91	19.76	29.94	0.00	0.00
LBC	60	30.24	20.41	19.71	29.64	0.00	0.00
LBC	61	31.84	18.51	19.26	30.39	0.00	0.00
LBC	62	29.99	19.26	19.26	31.49	0.00	0.00
LBC	63	29.39	20.71	20.36	29.54	0.00	0.00
LBC	64	28.34	22.01	19.31	30.34	0.00	0.00
LBC	65	30.59	17.47	19.96	31.99	0.00	0.00
LBC	66	28.44	21.16	19.31	31.09	0.00	0.00
LBC	67	28.64	21.56	17.61	32.19	0.00	0.00
LBC	68	29.34	18.56	19.81	32.29	0.00	0.00
LBC	69	30.24	20.96	17.07	31.74	0.00	0.00
LBC	70	31.34	20.21	18.61	29.84	0.00	0.00
LBC	71	31.99	20.46	17.81	29.74	0.00	0.00
LBC	72	30.89	20.56	19.21	29.34	0.00	0.00
LBC	73	30.09	19.36	20.61	29.94	0.00	0.00
LBC	74	30.49	19.81	18.21	31.49	0.00	0.00
LBC	75	30.54	20.26	20.51	28.69	0.00	0.00
LBC	76	31.69	21.06	17.91	29.34	0.00	0.00
LBC	77	30.59	19.91	18.41	31.09	0.00	0.00
LBC	78	29.64	20.96	19.91	29.49	0.00	0.00
LBC	79	30.14	20.21	18.91	30.74	0.00	0.00
LBC	80	31.09	19.81	18.86	30.24	0.00	0.00
LBC	81	31.64	19.36	18.46	30.54	0.00	0.00
LBC	82	30.14	20.06	17.61	32.19	0.00	0.00
LBC	83	31.69	18.86	17.47	31.99	0.00	0.00
LBC	84	29.49	19.36	20.36	30.79	0.00	0.00
LBC	85	29.94	20.51	20.51	29.04	0.00	0.00
LBC	86	30.19	19.71	19.21	30.89	0.00	0.00
LBC	87	29.34	20.36	19.01	31.29	0.00	0.00
LBC	88	30.39	19.36	20.46	29.79	0.00	0.00
LBC	89	29.89	20.21	18.81	31.09	0.00	0.00
LBC	90	31.79	19.76	17.86	30.59	0.00	0.00
LBC	91	30.39	20.86	19.96	28.79	0.00	0.00
LBC	92	28.24	20.41	19.21	32.14	0.00	0.00
LBC	93	30.84	18.51	18.31	32.34	0.00	0.00
LBC	94	31.19	20.16	18.91	29.74	0.00	0.00
LBC	95	31.64	19.01	20.46	28.89	0.00	0.00
LBC	96	31.64	19.11	19.36	29.89	0.00	0.00
LBC	97	31.34	18.96	19.76	29.94	0.00	0.00
LBC	98	29.99	19.01	18.46	32.53	0.00	0.00
LBC	99	29.89	20.81	19.01	30.29	0.00	0.00
LBC	100	30.19	21.01	17.66	31.14	0.00	0.00
LBC	101	29.79	20.01	19.36	30.84	0.00	0.00
LBC	102	30.39	20.26	19.06	30.29	0.00	0.00
LBC	103	31.29	18.81	16.92	32.98	0.00	0.00
LBC	104	29.39	20.71	19.21	30.69	0.00	0.00
LBC	105	28.69	21.71	19.01	30.59	0.00	0.00
LBC	106	31.69	20.26	17.61	30.44	0.00	0.00
LBC	107	28.59	19.31	21.41	30.69	0.00	0.00
LBC	108	30.89	20.06	18.06	30.99	0.00	0.00
LBC	109	31.09	17.81	20.51	30.59	0.00	0.00
LBC	110	30.54	19.81	18.91	30.74	0.00	0.00
LBC	111	29.84	20.81	16.67	32.68	0.00	0.00
LBC	112	31.69	19.11	19.41	29.79	0.00	0.00
LBC	113	32.19	18.76	18.71	30.34	0.00	0.00
LBC	114	30.29	19.46	18.86	31.39	0.00	0.00
LBC	115	32.34	19.01	18.16	30.49	0.00	0.00
LBC	116	31.39	19.01	18.81	30.79	0.00	0.00
LBC	117	31.39	20.96	17.86	29.79	0.00	0.00
LBC	118	30.24	20.11	19.11	30.54	0.00	0.00
LBC	119	30.59	19.41	20.56	29.44	0.00	0.00
LBC	120	29.64	20.91	18.66	30.79	0.00	0.00
LBC	121	31.94	20.91	18.01	29.14	0.00	0.00
LBC	122	31.59	20.36	17.32	30.74	0.00	0.00
LBC	123	30.34	20.16	19.11	30.39	0.00	0.00
LBC	124	31.99	19.36	18.21	30.44	0.00	0.00
LBC	125	28.39	20.26	19.91	31.44	0.00	0.00
LBC	126	27.74	20.46	20.86	30.94	0.00	0.00
LBC	127	29.79	20.36	19.06	30.79	0.00	0.00
LBC	128	31.44	20.36	17.56	30.64	0.00	0.00
LBC	129	29.44	19.86	19.11	31.59	0.00	0.00
LBC	130	31.39	19.41	19.41	29.79	0.00	0.00
LBC	131	31.29	20.36	18.61	29.74	0.00	0.00
LBC	132	31.49	19.06	19.01	30.44	0.00	0.00
LBC	133	32.19	18.66	19.41	29.74	0.00	0.00
LBC	134	30.79	20.46	18.81	29.94	0.00	0.00
LBC	135	31.39	19.81	18.11	30.69	0.00	0.00
LBC	136	29.59	21.66	19.01	29.74	0.00	0.00
LBC	137	28.34	21.31	19.31	31.04	0.00	0.00
LBC	138	29.24	20.66	18.76	31.34	0.00	0.00
LBC	139	29.59	18.16	21.56	30.69	0.00	0.00
LBC	140	30.69	18.76	19.91	30.64	0.00	0.00
LBC	141	29.44	20.61	18.96	30.99	0.00	0.00
LBC	142	31.24	21.31	17.86	29.59	0.00	0.00
LBC	143	29.89	19.36	19.66	31.09	0.00	0.00
LBC	144	30.90	21.02	17.57	30.50	0.00	0.00
LBC	145	32.25	18.87	18.57	30.30	0.00	0.00
LBC	146	31.30	21.52	17.67	29.51	0.00	0.00
LBC	147	31.95	20.02	18.27	29.76	0.00	0.00
LBC	148	30.65	20.72	17.57	31.05	0.00	0.00
LBC	149	29.76	19.12	20.62	30.50	0.00	0.00
LBC	150	31.15	19.27	19.47	30.10	0.00	0.00
# ACGT raw counters for last fragments. Use `grep ^LTC | cut -f 2-` to extract this part. The columns are: A,C,G,T,N base counters
LTC	91517	60181	56820	92075	0
# Insert sizes. Use `grep ^IS | cut -f 2-` to extract this part. The columns are: insert size, pairs total, inward oriented pairs, outward oriented pairs, other pairs
IS	0	0	0	0	0
IS	1	0	0	0	0
IS	2	0	0	0	0
IS	3	0	0	0	0
IS	4	0	0	0	0
IS	5	0	0	0	0
IS	6	0	0	0	0
IS	7	0	0	0	0
IS	8	0	0	0	0
IS	9	0	0	0	0
IS	10	0	0	0	0
IS	11	0	0	0	0
IS	12	0	0	0	0
IS	13	0	0	0	0
IS	14	0	0	0	0
IS	15	0	0	0	0
IS	16	0	0	0	0
IS	17	0	0	0	0
IS	18	0	0	0	0
IS	19	0	0	0	0
IS	20	0	0	0	0
IS	21	0	0	0	0
IS	22	0	0	0	0
IS	23	0	0	0	0
IS	24	0	0	0	0
IS	25	0	0	0	0
IS	26	0	0	0	0
IS	27	0	0	0	0
IS	28	0	0	0	0
IS	29	0	0	0	0
IS	30	0	0	0	0
IS	31	0	0	0	0
IS	32	0	0	0	0
IS	33	0	0	0	0
IS	34	0	0	0	0
IS	35	0	0	0	0
IS	36	0	0	0	0
IS	37	0	0	0	0
IS	38	0	0	0	0
IS	39	0	0	0	0
IS	40	0	0	0	0
IS	41	0	0	0	0
IS	42	0	0	0	0
IS	43	0	0	0	0
IS	44	0	0	0	0
IS	45	0	0	0	0
IS	46	0	0	0	0
IS	47	0	0	0	0
IS	48	0	0	0	0
IS	49	0	0	0	0
IS	50	0	0	0	0
IS	51	0	0	0	0
IS	52	0	0	0	0
IS	53	0	0	0	0
IS	54	0	0	0	0
IS	55	0	0	0	0
IS	56	0	0	0	0
IS	57	0	0	0	0
IS	58	0	0	0	0
IS	59	0	0	0	0
IS	60	0	0	0	0
IS	61	0	0	0	0
IS	62	0	0	0	0
IS	63	0	0	0	0
IS	64	0	0	0	0
IS	65	0	0	0	0
IS	66	0	0	0	0
IS	67	0	0	0	0
IS	68	0	0	0	0
IS	69	0	0	0	0
IS	70	0	0	0	0
IS	71	0	0	0	0
IS	72	0	0	0	0
IS	73	0	0	0	0
IS	74	0	0	0	0
IS	75	0	0	0	0
IS	76	0	0	0	0
IS	77	0	0	0	0
IS	78	0	0	0	0
IS	79	0	0	0	0
IS	80	0	0	0	0
IS	81	0	0	0	0
IS	82	0	0	0	0
IS	83	0	0	0	0
IS	84	0	0	0	0
IS	85	0	0	0	0
IS	86	0	0	0	0
IS	87	0	0	0	0
IS	88	0	0	0	0
IS	89	0	0	0	0
IS	90	0	0	0	0
IS	91	0	0	0	0
IS	92	0	0	0	0
IS	93	0	0	0	0
IS	94	0	0	0	0
IS	95	0	0	0	0
IS	96	0	0	0	0
IS	97	0	0	0	0
IS	98	0	0	0	0
IS	99	0	0	0	0
IS	100	0	0	0	0
IS	101	0	0	0	0
IS	102	0	0	0	0
IS	103	0	0	0	0
IS	104	0	0	0	0
IS	105	0	0	0	0
IS	106	0	0	0	0
IS	107	0	0	0	0
IS	108	0	0	0	0
IS	109	0	0	0	0
IS	110	0	0	0	0
IS	111	0	0	0	0
IS	112	0	0	0	0
IS	113	0	0	0	0
IS	114	0	0	0	0
IS	115	0	0	0	0
IS	116	0	0	0	0
IS	117	0	0	0	0
IS	118	0	0	0	0
IS	119	0	0	0	0
IS	120	0	0	0	0
IS	121	0	0	0	0
IS	122	0	0	0	0
IS	123	0	0	0	0
IS	124	0	0	0	0
IS	125	0	0	0	0
IS	126	0	0	0	0
IS	127	0	0	0	0
IS	128	0	0	0	0
IS	129	0	0	0	0
IS	130	0	0	0	0
IS	131	0	0	0	0
IS	132	0	0	0	0
IS	133	0	0	0	0
IS	134	0	0	0	0
IS	135	0	0	0	0
IS	136	0	0	0	0
IS	137	0	0	0	0
IS	138	0	0	0	0
IS	139	0	0	0	0
IS	140	0	0	0	0
IS	141	0	0	0	0
IS	142	0	0	0	0
IS	143	0	0	0	0
IS	144	0	0	0	0
IS	145	0	0	0	0
IS	146	0	0	0	0
IS	147	0	0	0	0
IS	148	0	0	0	0
IS	149	0	0	0	0
IS	150	0	0	0	0
IS	151	0	0	0	0
IS	152	0	0	0	0
IS	153	0	0	0	0
IS	154	0	0	0	0
IS	155	0	0	0	0
IS	156	0	0	0	0
IS	157	0	0	0	0
IS	158	0	0	0	0
IS	159	0	0	0	0
IS	160	0	0	0	0
IS	161	0	0	0	0
IS	162	0	0	0	0
IS	163	0	0	0	0
IS	164	0	0	0	0
IS	165	0	0	0	0
IS	166	0	0	0	0
IS	167	0	0	0	0
IS	168	0	0	0	0
IS	169	0	0	0	0
IS	170	0	0	0	0
IS	171	0	0	0	0
IS	172	0	0	0	0
IS	173	0	0	0	0
IS	174	0	0	0	0
IS	175	0	0	0	0
IS	176	0	0	0	0
IS	177	0	0	0	0
IS	178	0	0	0	0
IS	179	0	0	0	0
IS	180	0	0	0	0
IS	181	0	0	0	0
IS	182	0	0	0	0
IS	183	0	0	0	0
IS	184	0	0	0	0
IS	185	0	0	0	0
IS	186	0	0	0	0
IS	187	0	0	0	0
IS	188	0	0	0	0
IS	189	0	0	0	0
IS	190	0	0	0	0
IS	191	0	0	0	0
IS	192	0	0	0	0
IS	193	0	0	0	0
IS	194	0	0	0	0
IS	195	0	0	0	0
IS	196	0	0	0	0
IS	197	0	0	0	0
IS	198	0	0	0	0
IS	199	0	0	0	0
IS	200	0	0	0	0
IS	201	0	0	0	0
IS	202	0	0	0	0
IS	203	0	0	0	0
IS	204	0	0	0	0
IS	205	0	0	0	0
IS	206	0	0	0	0
IS	207	0	0	0	0
IS	208	0	0	0	0
IS	209	0	0	0	0
IS	210	0	0	0	0
IS	211	0	0	0	0
IS	212	0	0	0	0
IS	213	0	0	0	0
IS	214	0	0	0	0
IS	215	0	0	0	0
IS	216	0	0	0	0
IS	217	0	0	0	0
IS	218	0	0	0	0
IS	219	0	0	0	0
IS	220	0	0	0	0
IS	221	0	0	0	0
IS	222	0	0	0	0
IS	223	0	0	0	0
IS	224	0	0	0	0
IS	225	0	0	0	0
IS	226	0	0	0	0
IS	227	0	0	0	0
IS	228	0	0	0	0
IS	229	0	0	0	0
IS	230	0	0	0	0
IS	231	0	0	0	0
IS	232	0	0	0	0
IS	233	0	0	0	0
IS	234	0	0	0	0
IS	235	0	0	0	0
IS	236	0	0	0	0
IS	237	0	0	0	0
IS	238	0	0	0	0
IS	239	0	0	0	0
IS	240	0	0	0	0
IS	241	0	0	0	0
IS	242	0	0	0	0
IS	243	0	0	0	0
IS	244	0	0	0	0
IS	245	0	0	0	0
IS	246	0	0	0	0
IS	247	0	0	0	0
IS	248	0	0	0	0
IS	249	0	0	0	0
IS	250	0	0	0	0
IS	251	0	0	0	0
IS	252	0	0	0	0
IS	253	0	0	0	0
IS	254	0	0	0	0
IS	255	0	0	0	0
IS	256	0	0	0	0
IS	257	0	0	0	0
IS	258	0	0	0	0
IS	259	0	0	0	0
IS	260	0	0	0	0
IS	261	0	0	0	0
IS	262	0	0	0	0
IS	263	0	0	0	0
IS	264	0	0	0	0
IS	265	0	0	0	0
IS	266	0	0	0	0
IS	267	0	0	0	0
IS	268	0	0	0	0
IS	269	0	0	0	0
IS	270	0	0	0	0
IS	271	0	0	0	0
IS	272	0	0	0	0
IS	273	0	0	0	0
IS	274	0	0	0	0
IS	275	0	0	0	0
IS	276	0	0	0	0
IS	277	0	0	0	0
IS	278	0	0	0	0
IS	279	0	0	0	0
IS	280	0	0	0	0
IS	281	0	0	0	0
IS	282	0	0	0	0
IS	283	0	0	0	0
IS	284	0	0	0	0
IS	285	0	0	0	0
IS	286	0	0	0	0
IS	287	0	0	0	0
IS	288	0	0	0	0
IS	289	0	0	0	0
IS	290	0	0	0	0
IS	291	0	0	0	0
IS	292	0	0	0	0
IS	293	0	0	0	0
IS	294	0	0	0	0
IS	295	0	0	0	0
IS	296	0	0	0	0
IS	297	0	0	0	0
IS	298	0	0	0	0
IS	299	0	0	0	0
IS	300	0	0	0	0
IS	301	0	0	0	0
IS	302	0	0	0	0
IS	303	0	0	0	0
IS	304	0	0	0	0
IS	305	0	0	0	0
IS	306	0	0	0	0
IS	307	0	0	0	0
IS	308	0	0	0	0
IS	309	0	0	0	0
IS	310	0	0	0	0
IS	311	0	0	0	0
IS	312	0	0	0	0
IS	313	0	0	0	0
IS	314	0	0	0	0
IS	315	0	0	0	0
IS	316	0	0	0	0
IS	317	0	0	0	0
IS	318	0	0	0	0
IS	319	0	0	0	0
IS	320	0	0	0	0
IS	321	0	0	0	0
IS	322	0	0	0	0
IS	323	0	0	0	0
IS	324	0	0	0	0
IS	325	0	0	0	0
IS	326	0	0	0	0
IS	327	0	0	0	0
IS	328	0	0	0	0
IS	329	0	0	0	0
IS	330	0	0	0	0
IS	331	0	0	0	0
IS	332	0	0	0	0
IS	333	0	0	0	0
IS	334	0	0	0	0
IS	335	0	0	0	0
IS	336	2	2	0	0
IS	337	1	1	0	0
IS	338	0	0	0	0
IS	339	0	0	0	0
IS	340	2	2	0	0
IS	341	0	0	0	0
IS	342	0	0	0	0
IS	343	0	0	0	0
IS	344	0	0	0	0
IS	345	0	0	0	0
IS	346	0	0	0	0
IS	347	0	0	0	0
IS	348	0	0	0	0
IS	349	0	0	0	0
IS	350	0	0	0	0
IS	351	0	0	0	0
IS	352	0	0	0	0
IS	353	0	0	0	0
IS	354	0	0	0	0
IS	355	0	0	0	0
IS	356	0	0	0	0
IS	357	0	0	0	0
IS	358	0	0	0	0
IS	359	0	0	0	0
IS	360	0	0	0	0
IS	361	0	0	0	0
IS	362	1	1	0	0
IS	363	0	0	0	0
IS	364	2	2	0	0
IS	365	0	0	0	0
IS	366	0	0	0	0
IS	367	1	1	0	0
IS	368	1	1	0	0
IS	369	0	0	0	0
IS	370	0	0	0	0
IS	371	0	0	0	0
IS	372	0	0	0	0
IS	373	1	1	0	0
IS	374	0	0	0	0
IS	375	1	1	0	0
IS	376	1	1	0	0
IS	377	1	1	0	0
IS	378	0	0	0	0
IS	379	1	1	0	0
IS	380	0	0	0	0
IS	381	1	1	0	0
IS	382	3	3	0	0
IS	383	1	1	0	0
IS	384	1	1	0	0
IS	385	0	0	0	0
IS	386	1	1	0	0
IS	387	1	1	0	0
IS	388	0	0	0	0
IS	389	0	0	0	0
IS	390	2	2	0	0
IS	391	0	0	0	0
IS	392	2	2	0	0
IS	393	3	3	0	0
IS	394	2	2	0	0
IS	395	1	1	0	0
IS	396	3	3	0	0
IS	397	0	0	0	0
IS	398	2	2	0	0
IS	399	2	2	0	0
IS	400	1	1	0	0
IS	401	3	3	0	0
IS	402	2	2	0	0
IS	403	1	1	0	0
IS	404	0	0	0	0
IS	405	3	3	0	0
IS	406	4	4	0	0
IS	407	3	3	0	0
IS	408	7	7	0	0
IS	409	2	2	0	0
IS	410	5	5	0	0
IS	411	5	5	0	0
IS	412	2	2	0	0
IS	413	4	4	0	0
IS	414	7	7	0	0
IS	415	4	4	0	0
IS	416	3	3	0	0
IS	417	3	3	0	0
IS	418	2	2	0	0
IS	419	3	3	0	0
IS	420	8	8	0	0
IS	421	7	7	0	0
IS	422	6	6	0	0
IS	423	4	4	0	0
IS	424	2	2	0	0
IS	425	2	2	0	0
IS	426	7	7	0	0
IS	427	9	9	0	0
IS	428	3	3	0	0
IS	429	6	6	0	0
IS	430	3	3	0	0
IS	431	6	6	0	0
IS	432	2	2	0	0
IS	433	9	9	0	0
IS	434	6	6	0	0
IS	435	6	6	0	0
IS	436	7	7	0	0
IS	437	12	12	0	0
IS	438	8	8	0	0
IS	439	8	8	0	0
IS	440	7	7	0	0
IS	441	5	5	0	0
IS	442	8	8	0	0
IS	443	8	8	0	0
IS	444	7	7	0	0
IS	445	8	8	0	0
IS	446	9	9	0	0
IS	447	5	5	0	0
IS	448	9	9	0	0
IS	449	9	9	0	0
IS	450	10	10	0	0
IS	451	6	6	0	0
IS	452	15	15	0	0
IS	453	13	13	0	0
IS	454	11	11	0	0
IS	455	15	15	0	0
IS	456	10	10	0	0
IS	457	5	5	0	0
IS	458	11	11	0	0
IS	459	10	10	0	0
IS	460	10	10	0	0
IS	461	8	8	0	0
IS	462	10	10	0	0
IS	463	13	13	0	0
IS	464	7	7	0	0
IS	465	14	14	0	0
IS	466	13	13	0	0
IS	467	10	10	0	0
IS	468	6	6	0	0
IS	469	7	7	0	0
IS	470	19	19	0	0
IS	471	12	12	0	0
IS	472	23	23	0	0
IS	473	17	17	0	0
IS	474	15	15	0	0
IS	475	13	13	0	0
IS	476	12	12	0	0
IS	477	13	13	0	0
IS	478	19	19	0	0
IS	479	13	13	0	0
IS	480	16	16	0	0
IS	481	17	17	0	0
IS	482	17	17	0	0
IS	483	31	31	0	0
IS	484	12	12	0	0
IS	485	15	15	0	0
IS	486	20	20	0	0
IS	487	9	9	0	0
IS	488	11	11	0	0
IS	489	12	12	0	0
IS	490	19	19	0	0
IS	491	18	18	0	0
IS	492	20	20	0	0
IS	493	17	17	0	0
IS	494	13	13	0	0
IS	495	21	21	0	0
IS	496	17	17	0	0
IS	497	24	24	0	0
IS	498	24	24	0	0
IS	499	16	16	0	0
IS	500	15	15	0	0
IS	501	11	11	0	0
IS	502	19	19	0	0
IS	503	11	11	0	0
IS	504	16	16	0	0
IS	505	13	13	0	0
IS	506	11	11	0	0
IS	507	16	16	0	0
IS	508	12	12	0	0
IS	509	21	21	0	0
IS	510	16	16	0	0
IS	511	10	10	0	0
IS	512	20	20	0	0
IS	513	11	11	0	0
IS	514	16	16	0	0
IS	515	11	11	0	0
IS	516	18	18	0	0
IS	517	18	18	0	0
IS	518	11	11	0	0
IS	519	12	12	0	0
IS	520	12	12	0	0
IS	521	9	9	0	0
IS	522	12	12	0	0
IS	523	13	13	0	0
IS	524	13	13	0	0
IS	525	11	11	0	0
IS	526	12	12	0	0
IS	527	8	8	0	0
IS	528	16	16	0	0
IS	529	11	11	0	0
IS	530	18	18	0	0
IS	531	10	10	0	0
IS	532	13	13	0	0
IS	533	17	17	0	0
IS	534	10	10	0	0
IS	535	11	11	0	0
IS	536	10	10	0	0
IS	537	14	14	0	0
IS	538	12	12	0	0
IS	539	6	6	0	0
IS	540	11	11	0	0
IS	541	8	8	0	0
IS	542	9	9	0	0
IS	543	18	18	0	0
IS	544	12	12	0	0
IS	545	19	19	0	0
IS	546	5	5	0	0
IS	547	10	10	0	0
IS	548	12	12	0	0
IS	549	8	8	0	0
IS	550	11	11	0	0
IS	551	16	16	0	0
IS	552	15	15	0	0
IS	553	7	7	0	0
IS	554	12	12	0	0
IS	555	9	9	0	0
IS	556	12	12	0	0
IS	557	6	6	0	0
IS	558	9	9	0	0
IS	559	7	7	0	0
IS	560	7	7	0	0
IS	561	7	7	0	0
IS	562	6	6	0	0
IS	563	7	7	0	0
IS	564	9	9	0	0
IS	565	12	12	0	0
IS	566	10	10	0	0
IS	567	3	3	0	0
IS	568	6	6	0	0
IS	569	5	5	0	0
IS	570	7	7	0	0
IS	571	7	7	0	0
IS	572	4	4	0	0
IS	573	3	3	0	0
IS	574	5	5	0	0
IS	575	4	4	0	0
IS	576	3	3	0	0
IS	577	2	2	0	0
IS	578	10	10	0	0
IS	579	5	5	0	0
IS	580	3	3	0	0
IS	581	4	4	0	0
IS	582	4	4	0	0
IS	583	1	1	0	0
IS	584	6	6	0	0
IS	585	2	2	0	0
IS	586	3	3	0	0
IS	587	1	1	0	0
IS	588	3	3	0	0
IS	589	5	5	0	0
IS	590	4	4	0	0
IS	591	6	6	0	0
IS	592	1	1	0	0
IS	593	4	4	0	0
IS	594	2	2	0	0
IS	595	0	0	0	0
IS	596	3	3	0	0
IS	597	3	3	0	0
IS	598	2	2	0	0
IS	599	3	3	0	0
IS	600	4	4	0	0
IS	601	4	4	0	0
IS	602	6	6	0	0
IS	603	3	3	0	0
IS	604	2	2	0	0
IS	605	2	2	0	0
IS	606	3	3	0	0
IS	607	5	5	0	0
IS	608	6	6	0	0
IS	609	1	1	0	0
IS	610	3	3	0	0
IS	611	4	4	0	0
IS	612	0	0	0	0
IS	613	0	0	0	0
IS	614	2	2	0	0
IS	615	1	1	0	0
IS	616	2	2	0	0
IS	617	0	0	0	0
IS	618	2	2	0	0
IS	619	2	2	0	0
# Read lengths. Use `grep ^RL | cut -f 2-` to extract this part. The columns are: read length, count
RL	143	1
RL	149	1
RL	150	4006
# Read lengths - first fragments. Use `grep ^FRL | cut -f 2-` to extract this part. The columns are: read length, count
FRL	149	1
FRL	150	2003
# Read lengths - last fragments. Use `grep ^LRL | cut -f 2-` to extract this part. The columns are: read length, count
LRL	143	1
LRL	150	2003
# Mapping qualities for reads !(UNMAP|SECOND|SUPPL|QCFAIL|DUP). Use `grep ^MAPQ | cut -f 2-` to extract this part. The columns are: mapq, count
MAPQ	0	8
MAPQ	27	8
MAPQ	40	36
MAPQ	43	1
MAPQ	45	1
MAPQ	48	43
MAPQ	50	2
MAPQ	52	2
MAPQ	57	15
MAPQ	59	3
MAPQ	60	3889
# Indel distribution. Use `grep ^ID | cut -f 2-` to extract this part. The columns are: length, number of insertions, number of deletions
# Indels per cycle. Use `grep ^IC | cut -f 2-` to extract this part. The columns are: cycle, number of insertions (fwd), .. (rev) , number of deletions (fwd), .. (rev)
# Coverage distribution. Use `grep ^COV | cut -f 2-` to extract this part.
COV	[1-1]	1	5148
COV	[2-2]	2	9686
COV	[3-3]	3	13765
COV	[4-4]	4	18952
COV	[5-5]	5	20035
COV	[6-6]	6	17560
COV	[7-7]	7	13298
COV	[8-8]	8	8901
COV	[9-9]	9	4657
COV	[10-10]	10	2318
COV	[11-11]	11	1170
COV	[12-12]	12	506
COV	[13-13]	13	238
COV	[14-14]	14	131
COV	[15-15]	15	27
COV	[16-16]	16	23
# GC-depth. Use `grep ^GCD | cut -f 2-` to extract this part. The columns are: GC%, unique sequence percentiles, 10th, 25th, 50th, 75th and 90th depth percentile
GCD	0.0	15.385	0.000	0.000	0.000	0.000	0.000
GCD	37.0	23.077	2.505	2.505	2.505	2.505	2.505
GCD	38.0	46.154	2.505	2.505	2.505	2.505	2.505
GCD	39.0	84.615	2.505	2.505	2.505	2.505	2.505
GCD	40.0	92.308	2.505	2.505	2.505	2.505	2.505
GCD	46.0	100.000	2.505	2.505	2.505	2.505	2.505
