# This file was produced by samtools stats (1.20+htslib-1.21) and can be plotted using plot-bamstats
# This file contains statistics for all reads.
# The command line was:  stats sample3827.sorted.group.rmdup.bam
# CHK, Checksum	[2]Read Names	[3]Sequences	[4]Qualities
# CHK, CRC32 of reads which passed filtering followed by addition (32bit overflow)
CHK	4cafb66c	818af060	1f02c4cd
# Summary Numbers. Use `grep ^SN | cut -f 2-` to extract this part.
SN	raw total sequences:	4006	# excluding supplementary and secondary reads
SN	filtered sequences:	0
SN	sequences:	4006
SN	is sorted:	1
SN	1st fragments:	2003
SN	last fragments:	2003
SN	reads mapped:	4006
SN	reads mapped and paired:	4006	# paired-end technology bit set + both mates mapped
SN	reads unmapped:	0
SN	reads properly paired:	4006	# proper-pair bit set
SN	reads paired:	4006	# paired-end technology bit set
SN	reads duplicated:	0	# PCR or optical duplicate bit set
SN	reads MQ0:	8	# mapped and MQ=0
SN	reads QC failed:	0
SN	non-primary alignments:	0
SN	supplementary alignments:	0
SN	total length:	600888	# ignores clipping
SN	total first fragment length:	300444	# ignores clipping
SN	total last fragment length:	300444	# ignores clipping
SN	bases mapped:	600888	# ignores clipping
SN	bases mapped (cigar):	600888	# more accurate
SN	bases trimmed:	0
SN	bases duplicated:	0
SN	mismatches:	1052	# from NM fields
SN	error rate:	1.750742e-03	# mismatches / bases mapped (cigar)
SN	average length:	150
SN	average first fragment length:	150
SN	average last fragment length:	150
SN	maximum length:	150
SN	maximum first fragment length:	150
SN	maximum last fragment length:	150
SN	average quality:	30.0
SN	insert size average:	497.3
SN	insert size standard deviation:	49.5
SN	inward oriented pairs:	2003
SN	outward oriented pairs:	0
SN	pairs with other orientation:	0
SN	pairs on different chromosomes:	0
SN	percentage of properly paired reads (%):	100.0
# First Fragment Qualities. Use `grep ^FFQ | cut -f 2-` to extract this part.
# Columns correspond to qualities and rows to cycles. First column is the cycle number.
FFQ	1	0	0	0	0	0	0	0	0	0	0	0	0	0	0	0	0	0	0	0	0	0	0	0	0	0	0	0	0	0	0	2003	0
FFQ	2	0	0	0	0	0	0	0	0	0	0	0	0	0	0	0	0	0	0	0	0	0	0	0	0	0	0	0	0	0	0	2003	0
FFQ	3	0	0	0	0	0	0	0	0	0	0	0	0	0	0	0	0	0	0	0	0	0	0	0	0	0	0	0	0	0	0	2003	0
FFQ	4	0	0	0	0	0	0	0	0	0	0	0	0	0	0	0	0	0	0	0	0	0	0	0	0	0	0	0	0	0	0	2003	0
FFQ	5	0	0	0	0	0	0	0	0	0	0	0	0	0	0	0	0	0	0	0	0	0	0	0	0	0	0	0	0	0	0	2003	0
FFQ	6	0	0	0	0	0	0	0	0	0	0	0	0	0	0	0	0	0	0	0	0	0	0	0	0	0	0	0	0	0	0	2003	0
FFQ	7	0	0	0	0	0	0	0	0	0	0	0	0	0	0	0	0	0	0	0	0	0	0	0	0	0	0	0	0	0	0	2003	0
FFQ	8	0	0	0	0	0	0	0	0	0	0	0	0	0	0	0	0	0	0	0	0	0	0	0	0	0	0	0	0	0	0	2003	0
FFQ	9	0	0	0	0	0	0	0	0	0	0	0	0	0	0	0	0	0	0	0	0	0	0	0	0	0	0	0	0	0	0	2003	0
FFQ	10	0	0	0	0	0	0	0	0	0	0	0	0	0	0	0	0	0	0	0	0	0	0	0	0	0	0	0	0	0	0	2003	0
FFQ	11	0	0	0	0	0	0	0	0	0	0	0	0	0	0	0	0	0	0	0	0	0	0	0	0	0	0	0	0	0	0	2003	0
FFQ	12	0	0	0	0	0	0	0	0	0	0	0	0	0	0	0	0	0	0	0	0	0	0	0	0	0	0	0	0	0	0	2003	0
FFQ	13	0	0	0	0	0	0	0	0	0	0	0	0	0	0	0	0	0	0	0	0	0	0	0	0	0	0	0	0	0	0	2003	0
FFQ	14	0	0	0	0	0	0	0	0	0	0	0	0	0	0	0	0	0	0	0	0	0	0	0	0	0	0	0	0	0	0	2003	0
FFQ	15	0	0	0	0	0	0	0	0	0	0	0	0	0	0	0	0	0	0	0	0	0	0	0	0	0	0	0	0	0	0	2003	0
FFQ	16	0	0	0	0	0	0	0	0	0	0	0	0	0	0	0	0	0	0	0	0	0	0	0	0	0	0	0	0	0	0	2003	0
FFQ	17	0	0	0	0	0	0	0	0	0	0	0	0	0	0	0	0	0	0	0	0	0	0	0	0	0	0	0	0	0	0	2003	0
FFQ	18	0	0	0	0	0	0	0	0	0	0	0	0	0	0	0	0	0	0	0	0	0	0	0	0	0	0	0	0	0	0	2003	0
FFQ	19	0	0	0	0	0	0	0	0	0	0	0	0	0	0	0	0	0	0	0	0	0	0	0	0	0	0	0	0	0	0	2003	0
FFQ	20	0	0	0	0	0	0	0	0	0	0	0	0	0	0	0	0	0	0	0	0	0	0	0	0	0	0	0	0	0	0	2003	0
FFQ	21	0	0	0	0	0	0	0	0	0	0	0	0	0	0	0	0	0	0	0	0	0	0	0	0	0	0	0	0	0	0	2003	0
FFQ	22	0	0	0	0	0	0	0	0	0	0	0	0	0	0	0	0	0	0	0	0	0	0	0	0	0	0	0	0	0	0	2003	0
FFQ	23	0	0	0	0	0	0	0	0	0	0	0	0	0	0	0	0	0	0	0	0	0	0	0	0	0	0	0	0	0	0	2003	0
FFQ	24	0	0	0	0	0	0	0	0	0	0	0	0	0	0	0	0	0	0	0	0	0	0	0	0	0	0	0	0	0	0	2003	0
FFQ	25	0	0	0	0	0	0	0	0	0	0	0	0	0	0	0	0	0	0	0	0	0	0	0	0	0	0	0	0	0	0	2003	0
FFQ	26	0	0	0	0	0	0	0	0	0	0	0	0	0	0	0	0	0	0	0	0	0	0	0	0	0	0	0	0	0	0	2003	0
FFQ	27	0	0	0	0	0	0	0	0	0	0	0	0	0	0	0	0	0	0	0	0	0	0	0	0	0	0	0	0	0	0	2003	0
FFQ	28	0	0	0	0	0	0	0	0	0	0	0	0	0	0	0	0	0	0	0	0	0	0	0	0	0	0	0	0	0	0	2003	0
FFQ	29	0	0	0	0	0	0	0	0	0	0	0	0	0	0	0	0	0	0	0	0	0	0	0	0	0	0	0	0	0	0	2003	0
FFQ	30	0	0	0	0	0	0	0	0	0	0	0	0	0	0	0	0	0	0	0	0	0	0	0	0	0	0	0	0	0	0	2003	0
FFQ	31	0	0	0	0	0	0	0	0	0	0	0	0	0	0	0	0	0	0	0	0	0	0	0	0	0	0	0	0	0	0	2003	0
FFQ	32	0	0	0	0	0	0	0	0	0	0	0	0	0	0	0	0	0	0	0	0	0	0	0	0	0	0	0	0	0	0	2003	0
FFQ	33	0	0	0	0	0	0	0	0	0	0	0	0	0	0	0	0	0	0	0	0	0	0	0	0	0	0	0	0	0	0	2003	0
FFQ	34	0	0	0	0	0	0	0	0	0	0	0	0	0	0	0	0	0	0	0	0	0	0	0	0	0	0	0	0	0	0	2003	0
FFQ	35	0	0	0	0	0	0	0	0	0	0	0	0	0	0	0	0	0	0	0	0	0	0	0	0	0	0	0	0	0	0	2003	0
FFQ	36	0	0	0	0	0	0	0	0	0	0	0	0	0	0	0	0	0	0	0	0	0	0	0	0	0	0	0	0	0	0	2003	0
FFQ	37	0	0	0	0	0	0	0	0	0	0	0	0	0	0	0	0	0	0	0	0	0	0	0	0	0	0	0	0	0	0	2003	0
FFQ	38	0	0	0	0	0	0	0	0	0	0	0	0	0	0	0	0	0	0	0	0	0	0	0	0	0	0	0	0	0	0	2003	0
FFQ	39	0	0	0	0	0	0	0	0	0	0	0	0	0	0	0	0	0	0	0	0	0	0	0	0	0	0	0	0	0	0	2003	0
FFQ	40	0	0	0	0	0	0	0	0	0	0	0	0	0	0	0	0	0	0	0	0	0	0	0	0	0	0	0	0	0	0	2003	0
FFQ	41	0	0	0	0	0	0	0	0	0	0	0	0	0	0	0	0	0	0	0	0	0	0	0	0	0	0	0	0	0	0	2003	0
FFQ	42	0	0	0	0	0	0	0	0	0	0	0	0	0	0	0	0	0	0	0	0	0	0	0	0	0	0	0	0	0	0	2003	0
FFQ	43	0	0	0	0	0	0	0	0	0	0	0	0	0	0	0	0	0	0	0	0	0	0	0	0	0	0	0	0	0	0	2003	0
FFQ	44	0	0	0	0	0	0	0	0	0	0	0	0	0	0	0	0	0	0	0	0	0	0	0	0	0	0	0	0	0	0	2003	0
FFQ	45	0	0	0	0	0	0	0	0	0	0	0	0	0	0	0	0	0	0	0	0	0	0	0	0	0	0	0	0	0	0	2003	0
FFQ	46	0	0	0	0	0	0	0	0	0	0	0	0	0	0	0	0	0	0	0	0	0	0	0	0	0	0	0	0	0	0	2003	0
FFQ	47	0	0	0	0	0	0	0	0	0	0	0	0	0	0	0	0	0	0	0	0	0	0	0	0	0	0	0	0	0	0	2003	0
FFQ	48	0	0	0	0	0	0	0	0	0	0	0	0	0	0	0	0	0	0	0	0	0	0	0	0	0	0	0	0	0	0	2003	0
FFQ	49	0	0	0	0	0	0	0	0	0	0	0	0	0	0	0	0	0	0	0	0	0	0	0	0	0	0	0	0	0	0	2003	0
FFQ	50	0	0	0	0	0	0	0	0	0	0	0	0	0	0	0	0	0	0	0	0	0	0	0	0	0	0	0	0	0	0	2003	0
FFQ	51	0	0	0	0	0	0	0	0	0	0	0	0	0	0	0	0	0	0	0	0	0	0	0	0	0	0	0	0	0	0	2003	0
FFQ	52	0	0	0	0	0	0	0	0	0	0	0	0	0	0	0	0	0	0	0	0	0	0	0	0	0	0	0	0	0	0	2003	0
FFQ	53	0	0	0	0	0	0	0	0	0	0	0	0	0	0	0	0	0	0	0	0	0	0	0	0	0	0	0	0	0	0	2003	0
FFQ	54	0	0	0	0	0	0	0	0	0	0	0	0	0	0	0	0	0	0	0	0	0	0	0	0	0	0	0	0	0	0	2003	0
FFQ	55	0	0	0	0	0	0	0	0	0	0	0	0	0	0	0	0	0	0	0	0	0	0	0	0	0	0	0	0	0	0	2003	0
FFQ	56	0	0	0	0	0	0	0	0	0	0	0	0	0	0	0	0	0	0	0	0	0	0	0	0	0	0	0	0	0	0	2003	0
FFQ	57	0	0	0	0	0	0	0	0	0	0	0	0	0	0	0	0	0	0	0	0	0	0	0	0	0	0	0	0	0	0	2003	0
FFQ	58	0	0	0	0	0	0	0	0	0	0	0	0	0	0	0	0	0	0	0	0	0	0	0	0	0	0	0	0	0	0	2003	0
FFQ	59	0	0	0	0	0	0	0	0	0	0	0	0	0	0	0	0	0	0	0	0	0	0	0	0	0	0	0	0	0	0	2003	0
FFQ	60	0	0	0	0	0	0	0	0	0	0	0	0	0	0	0	0	0	0	0	0	0	0	0	0	0	0	0	0	0	0	2003	0
FFQ	61	0	0	0	0	0	0	0	0	0	0	0	0	0	0	0	0	0	0	0	0	0	0	0	0	0	0	0	0	0	0	2003	0
FFQ	62	0	0	0	0	0	0	0	0	0	0	0	0	0	0	0	0	0	0	0	0	0	0	0	0	0	0	0	0	0	0	2003	0
FFQ	63	0	0	0	0	0	0	0	0	0	0	0	0	0	0	0	0	0	0	0	0	0	0	0	0	0	0	0	0	0	0	2003	0
FFQ	64	0	0	0	0	0	0	0	0	0	0	0	0	0	0	0	0	0	0	0	0	0	0	0	0	0	0	0	0	0	0	2003	0
FFQ	65	0	0	0	0	0	0	0	0	0	0	0	0	0	0	0	0	0	0	0	0	0	0	0	0	0	0	0	0	0	0	2003	0
FFQ	66	0	0	0	0	0	0	0	0	0	0	0	0	0	0	0	0	0	0	0	0	0	0	0	0	0	0	0	0	0	0	2003	0
FFQ	67	0	0	0	0	0	0	0	0	0	0	0	0	0	0	0	0	0	0	0	0	0	0	0	0	0	0	0	0	0	0	2003	0
FFQ	68	0	0	0	0	0	0	0	0	0	0	0	0	0	0	0	0	0	0	0	0	0	0	0	0	0	0	0	0	0	0	2003	0
FFQ	69	0	0	0	0	0	0	0	0	0	0	0	0	0	0	0	0	0	0	0	0	0	0	0	0	0	0	0	0	0	0	2003	0
FFQ	70	0	0	0	0	0	0	0	0	0	0	0	0	0	0	0	0	0	0	0	0	0	0	0	0	0	0	0	0	0	0	2003	0
FFQ	71	0	0	0	0	0	0	0	0	0	0	0	0	0	0	0	0	0	0	0	0	0	0	0	0	0	0	0	0	0	0	2003	0
FFQ	72	0	0	0	0	0	0	0	0	0	0	0	0	0	0	0	0	0	0	0	0	0	0	0	0	0	0	0	0	0	0	2003	0
FFQ	73	0	0	0	0	0	0	0	0	0	0	0	0	0	0	0	0	0	0	0	0	0	0	0	0	0	0	0	0	0	0	2003	0
FFQ	74	0	0	0	0	0	0	0	0	0	0	0	0	0	0	0	0	0	0	0	0	0	0	0	0	0	0	0	0	0	0	2003	0
FFQ	75	0	0	0	0	0	0	0	0	0	0	0	0	0	0	0	0	0	0	0	0	0	0	0	0	0	0	0	0	0	0	2003	0
FFQ	76	0	0	0	0	0	0	0	0	0	0	0	0	0	0	0	0	0	0	0	0	0	0	0	0	0	0	0	0	0	0	2003	0
FFQ	77	0	0	0	0	0	0	0	0	0	0	0	0	0	0	0	0	0	0	0	0	0	0	0	0	0	0	0	0	0	0	2003	0
FFQ	78	0	0	0	0	0	0	0	0	0	0	0	0	0	0	0	0	0	0	0	0	0	0	0	0	0	0	0	0	0	0	2003	0
FFQ	79	0	0	0	0	0	0	0	0	0	0	0	0	0	0	0	0	0	0	0	0	0	0	0	0	0	0	0	0	0	0	2003	0
FFQ	80	0	0	0	0	0	0	0	0	0	0	0	0	0	0	0	0	0	0	0	0	0	0	0	0	0	0	0	0	0	0	2003	0
FFQ	81	0	0	0	0	0	0	0	0	0	0	0	0	0	0	0	0	0	0	0	0	0	0	0	0	0	0	0	0	0	0	2003	0
FFQ	82	0	0	0	0	0	0	0	0	0	0	0	0	0	0	0	0	0	0	0	0	0	0	0	0	0	0	0	0	0	0	2003	0
FFQ	83	0	0	0	0	0	0	0	0	0	0	0	0	0	0	0	0	0	0	0	0	0	0	0	0	0	0	0	0	0	0	2003	0
FFQ	84	0	0	0	0	0	0	0	0	0	0	0	0	0	0	0	0	0	0	0	0	0	0	0	0	0	0	0	0	0	0	2003	0
FFQ	85	0	0	0	0	0	0	0	0	0	0	0	0	0	0	0	0	0	0	0	0	0	0	0	0	0	0	0	0	0	0	2003	0
FFQ	86	0	0	0	0	0	0	0	0	0	0	0	0	0	0	0	0	0	0	0	0	0	0	0	0	0	0	0	0	0	0	2003	0
FFQ	87	0	0	0	0	0	0	0	0	0	0	0	0	0	0	0	0	0	0	0	0	0	0	0	0	0	0	0	0	0	0	2003	0
FFQ	88	0	0	0	0	0	0	0	0	0	0	0	0	0	0	0	0	0	0	0	0	0	0	0	0	0	0	0	0	0	0	2003	0
FFQ	89	0	0	0	0	0	0	0	0	0	0	0	0	0	0	0	0	0	0	0	0	0	0	0	0	0	0	0	0	0	0	2003	0
FFQ	90	0	0	0	0	0	0	0	0	0	0	0	0	0	0	0	0	0	0	0	0	0	0	0	0	0	0	0	0	0	0	2003	0
FFQ	91	0	0	0	0	0	0	0	0	0	0	0	0	0	0	0	0	0	0	0	0	0	0	0	0	0	0	0	0	0	0	2003	0
FFQ	92	0	0	0	0	0	0	0	0	0	0	0	0	0	0	0	0	0	0	0	0	0	0	0	0	0	0	0	0	0	0	2003	0
FFQ	93	0	0	0	0	0	0	0	0	0	0	0	0	0	0	0	0	0	0	0	0	0	0	0	0	0	0	0	0	0	0	2003	0
FFQ	94	0	0	0	0	0	0	0	0	0	0	0	0	0	0	0	0	0	0	0	0	0	0	0	0	0	0	0	0	0	0	2003	0
FFQ	95	0	0	0	0	0	0	0	0	0	0	0	0	0	0	0	0	0	0	0	0	0	0	0	0	0	0	0	0	0	0	2003	0
FFQ	96	0	0	0	0	0	0	0	0	0	0	0	0	0	0	0	0	0	0	0	0	0	0	0	0	0	0	0	0	0	0	2003	0
FFQ	97	0	0	0	0	0	0	0	0	0	0	0	0	0	0	0	0	0	0	0	0	0	0	0	0	0	0	0	0	0	0	2003	0
FFQ	98	0	0	0	0	0	0	0	0	0	0	0	0	0	0	0	0	0	0	0	0	0	0	0	0	0	0	0	0	0	0	2003	0
FFQ	99	0	0	0	0	0	0	0	0	0	0	0	0	0	0	0	0	0	0	0	0	0	0	0	0	0	0	0	0	0	0	2003	0
FFQ	100	0	0	0	0	0	0	0	0	0	0	0	0	0	0	0	0	0	0	0	0	0	0	0	0	0	0	0	0	0	0	2003	0
FFQ	101	0	0	0	0	0	0	0	0	0	0	0	0	0	0	0	0	0	0	0	0	0	0	0	0	0	0	0	0	0	0	2003	0
FFQ	102	0	0	0	0	0	0	0	0	0	0	0	0	0	0	0	0	0	0	0	0	0	0	0	0	0	0	0	0	0	0	2003	0
FFQ	103	0	0	0	0	0	0	0	0	0	0	0	0	0	0	0	0	0	0	0	0	0	0	0	0	0	0	0	0	0	0	2003	0
FFQ	104	0	0	0	0	0	0	0	0	0	0	0	0	0	0	0	0	0	0	0	0	0	0	0	0	0	0	0	0	0	0	2003	0
FFQ	105	0	0	0	0	0	0	0	0	0	0	0	0	0	0	0	0	0	0	0	0	0	0	0	0	0	0	0	0	0	0	2003	0
FFQ	106	0	0	0	0	0	0	0	0	0	0	0	0	0	0	0	0	0	0	0	0	0	0	0	0	0	0	0	0	0	0	2003	0
FFQ	107	0	0	0	0	0	0	0	0	0	0	0	0	0	0	0	0	0	0	0	0	0	0	0	0	0	0	0	0	0	0	2003	0
FFQ	108	0	0	0	0	0	0	0	0	0	0	0	0	0	0	0	0	0	0	0	0	0	0	0	0	0	0	0	0	0	0	2003	0
FFQ	109	0	0	0	0	0	0	0	0	0	0	0	0	0	0	0	0	0	0	0	0	0	0	0	0	0	0	0	0	0	0	2003	0
FFQ	110	0	0	0	0	0	0	0	0	0	0	0	0	0	0	0	0	0	0	0	0	0	0	0	0	0	0	0	0	0	0	2003	0
FFQ	111	0	0	0	0	0	0	0	0	0	0	0	0	0	0	0	0	0	0	0	0	0	0	0	0	0	0	0	0	0	0	2003	0
FFQ	112	0	0	0	0	0	0	0	0	0	0	0	0	0	0	0	0	0	0	0	0	0	0	0	0	0	0	0	0	0	0	2003	0
FFQ	113	0	0	0	0	0	0	0	0	0	0	0	0	0	0	0	0	0	0	0	0	0	0	0	0	0	0	0	0	0	0	2003	0
FFQ	114	0	0	0	0	0	0	0	0	0	0	0	0	0	0	0	0	0	0	0	0	0	0	0	0	0	0	0	0	0	0	2003	0
FFQ	115	0	0	0	0	0	0	0	0	0	0	0	0	0	0	0	0	0	0	0	0	0	0	0	0	0	0	0	0	0	0	2003	0
FFQ	116	0	0	0	0	0	0	0	0	0	0	0	0	0	0	0	0	0	0	0	0	0	0	0	0	0	0	0	0	0	0	2003	0
FFQ	117	0	0	0	0	0	0	0	0	0	0	0	0	0	0	0	0	0	0	0	0	0	0	0	0	0	0	0	0	0	0	2003	0
FFQ	118	0	0	0	0	0	0	0	0	0	0	0	0	0	0	0	0	0	0	0	0	0	0	0	0	0	0	0	0	0	0	2003	0
FFQ	119	0	0	0	0	0	0	0	0	0	0	0	0	0	0	0	0	0	0	0	0	0	0	0	0	0	0	0	0	0	0	2003	0
FFQ	120	0	0	0	0	0	0	0	0	0	0	0	0	0	0	0	0	0	0	0	0	0	0	0	0	0	0	0	0	0	0	2003	0
FFQ	121	0	0	0	0	0	0	0	0	0	0	0	0	0	0	0	0	0	0	0	0	0	0	0	0	0	0	0	0	0	0	2003	0
FFQ	122	0	0	0	0	0	0	0	0	0	0	0	0	0	0	0	0	0	0	0	0	0	0	0	0	0	0	0	0	0	0	2003	0
FFQ	123	0	0	0	0	0	0	0	0	0	0	0	0	0	0	0	0	0	0	0	0	0	0	0	0	0	0	0	0	0	0	2003	0
FFQ	124	0	0	0	0	0	0	0	0	0	0	0	0	0	0	0	0	0	0	0	0	0	0	0	0	0	0	0	0	0	0	2003	0
FFQ	125	0	0	0	0	0	0	0	0	0	0	0	0	0	0	0	0	0	0	0	0	0	0	0	0	0	0	0	0	0	0	2003	0
FFQ	126	0	0	0	0	0	0	0	0	0	0	0	0	0	0	0	0	0	0	0	0	0	0	0	0	0	0	0	0	0	0	2003	0
FFQ	127	0	0	0	0	0	0	0	0	0	0	0	0	0	0	0	0	0	0	0	0	0	0	0	0	0	0	0	0	0	0	2003	0
FFQ	128	0	0	0	0	0	0	0	0	0	0	0	0	0	0	0	0	0	0	0	0	0	0	0	0	0	0	0	0	0	0	2003	0
FFQ	129	0	0	0	0	0	0	0	0	0	0	0	0	0	0	0	0	0	0	0	0	0	0	0	0	0	0	0	0	0	0	2003	0
FFQ	130	0	0	0	0	0	0	0	0	0	0	0	0	0	0	0	0	0	0	0	0	0	0	0	0	0	0	0	0	0	0	2003	0
FFQ	131	0	0	0	0	0	0	0	0	0	0	0	0	0	0	0	0	0	0	0	0	0	0	0	0	0	0	0	0	0	0	2003	0
FFQ	132	0	0	0	0	0	0	0	0	0	0	0	0	0	0	0	0	0	0	0	0	0	0	0	0	0	0	0	0	0	0	2003	0
FFQ	133	0	0	0	0	0	0	0	0	0	0	0	0	0	0	0	0	0	0	0	0	0	0	0	0	0	0	0	0	0	0	2003	0
FFQ	134	0	0	0	0	0	0	0	0	0	0	0	0	0	0	0	0	0	0	0	0	0	0	0	0	0	0	0	0	0	0	2003	0
FFQ	135	0	0	0	0	0	0	0	0	0	0	0	0	0	0	0	0	0	0	0	0	0	0	0	0	0	0	0	0	0	0	2003	0
FFQ	136	0	0	0	0	0	0	0	0	0	0	0	0	0	0	0	0	0	0	0	0	0	0	0	0	0	0	0	0	0	0	2003	0
FFQ	137	0	0	0	0	0	0	0	0	0	0	0	0	0	0	0	0	0	0	0	0	0	0	0	0	0	0	0	0	0	0	2003	0
FFQ	138	0	0	0	0	0	0	0	0	0	0	0	0	0	0	0	0	0	0	0	0	0	0	0	0	0	0	0	0	0	0	2003	0
FFQ	139	0	0	0	0	0	0	0	0	0	0	0	0	0	0	0	0	0	0	0	0	0	0	0	0	0	0	0	0	0	0	2003	0
FFQ	140	0	0	0	0	0	0	0	0	0	0	0	0	0	0	0	0	0	0	0	0	0	0	0	0	0	0	0	0	0	0	2003	0
FFQ	141	0	0	0	0	0	0	0	0	0	0	0	0	0	0	0	0	0	0	0	0	0	0	0	0	0	0	0	0	0	0	2003	0
FFQ	142	0	0	0	0	0	0	0	0	0	0	0	0	0	0	0	0	0	0	0	0	0	0	0	0	0	0	0	0	0	0	2003	0
FFQ	143	0	0	0	0	0	0	0	0	0	0	0	0	0	0	0	0	0	0	0	0	0	0	0	0	0	0	0	0	0	0	2003	0
FFQ	144	0	0	0	0	0	0	0	0	0	0	0	0	0	0	0	0	0	0	0	0	0	0	0	0	0	0	0	0	0	0	2003	0
FFQ	145	0	0	0	0	0	0	0	0	0	0	0	0	0	0	0	0	0	0	0	0	0	0	0	0	0	0	0	0	0	0	2003	0
FFQ	146	0	0	0	0	0	0	0	0	0	0	0	0	0	0	0	0	0	0	0	0	0	0	0	0	0	0	0	0	0	0	2002	0
FFQ	147	0	0	0	0	0	0	0	0	0	0	0	0	0	0	0	0	0	0	0	0	0	0	0	0	0	0	0	0	0	0	2002	0
FFQ	148	0	0	0	0	0	0	0	0	0	0	0	0	0	0	0	0	0	0	0	0	0	0	0	0	0	0	0	0	0	0	2002	0
FFQ	149	0	0	0	0	0	0	0	0	0	0	0	0	0	0	0	0	0	0	0	0	0	0	0	0	0	0	0	0	0	0	2002	0
FFQ	150	0	0	0	0	0	0	0	0	0	0	0	0	0	0	0	0	0	0	0	0	0	0	0	0	0	0	0	0	0	0	2001	0
# Last Fragment Qualities. Use `grep ^LFQ | cut -f 2-` to extract this part.
# Columns correspond to qualities and rows to cycles. First column is the cycle number.
LFQ	1	0	0	0	0	0	0	0	0	0	0	0	0	0	0	0	0	0	0	0	0	0	0	0	0	0	0	0	0	0	0	2003	0
LFQ	2	0	0	0	0	0	0	0	0	0	0	0	0	0	0	0	0	0	0	0	0	0	0	0	0	0	0	0	0	0	0	2003	0
LFQ	3	0	0	0	0	0	0	0	0	0	0	0	0	0	0	0	0	0	0	0	0	0	0	0	0	0	0	0	0	0	0	2003	0
LFQ	4	0	0	0	0	0	0	0	0	0	0	0	0	0	0	0	0	0	0	0	0	0	0	0	0	0	0	0	0	0	0	2003	0
LFQ	5	0	0	0	0	0	0	0	0	0	0	0	0	0	0	0	0	0	0	0	0	0	0	0	0	0	0	0	0	0	0	2003	0
LFQ	6	0	0	0	0	0	0	0	0	0	0	0	0	0	0	0	0	0	0	0	0	0	0	0	0	0	0	0	0	0	0	2003	0
LFQ	7	0	0	0	0	0	0	0	0	0	0	0	0	0	0	0	0	0	0	0	0	0	0	0	0	0	0	0	0	0	0	2003	0
LFQ	8	0	0	0	0	0	0	0	0	0	0	0	0	0	0	0	0	0	0	0	0	0	0	0	0	0	0	0	0	0	0	2003	0
LFQ	9	0	0	0	0	0	0	0	0	0	0	0	0	0	0	0	0	0	0	0	0	0	0	0	0	0	0	0	0	0	0	2003	0
LFQ	10	0	0	0	0	0	0	0	0	0	0	0	0	0	0	0	0	0	0	0	0	0	0	0	0	0	0	0	0	0	0	2003	0
LFQ	11	0	0	0	0	0	0	0	0	0	0	0	0	0	0	0	0	0	0	0	0	0	0	0	0	0	0	0	0	0	0	2003	0
LFQ	12	0	0	0	0	0	0	0	0	0	0	0	0	0	0	0	0	0	0	0	0	0	0	0	0	0	0	0	0	0	0	2003	0
LFQ	13	0	0	0	0	0	0	0	0	0	0	0	0	0	0	0	0	0	0	0	0	0	0	0	0	0	0	0	0	0	0	2003	0
LFQ	14	0	0	0	0	0	0	0	0	0	0	0	0	0	0	0	0	0	0	0	0	0	0	0	0	0	0	0	0	0	0	2003	0
LFQ	15	0	0	0	0	0	0	0	0	0	0	0	0	0	0	0	0	0	0	0	0	0	0	0	0	0	0	0	0	0	0	2003	0
LFQ	16	0	0	0	0	0	0	0	0	0	0	0	0	0	0	0	0	0	0	0	0	0	0	0	0	0	0	0	0	0	0	2003	0
LFQ	17	0	0	0	0	0	0	0	0	0	0	0	0	0	0	0	0	0	0	0	0	0	0	0	0	0	0	0	0	0	0	2003	0
LFQ	18	0	0	0	0	0	0	0	0	0	0	0	0	0	0	0	0	0	0	0	0	0	0	0	0	0	0	0	0	0	0	2003	0
LFQ	19	0	0	0	0	0	0	0	0	0	0	0	0	0	0	0	0	0	0	0	0	0	0	0	0	0	0	0	0	0	0	2003	0
LFQ	20	0	0	0	0	0	0	0	0	0	0	0	0	0	0	0	0	0	0	0	0	0	0	0	0	0	0	0	0	0	0	2003	0
LFQ	21	0	0	0	0	0	0	0	0	0	0	0	0	0	0	0	0	0	0	0	0	0	0	0	0	0	0	0	0	0	0	2003	0
LFQ	22	0	0	0	0	0	0	0	0	0	0	0	0	0	0	0	0	0	0	0	0	0	0	0	0	0	0	0	0	0	0	2003	0
LFQ	23	0	0	0	0	0	0	0	0	0	0	0	0	0	0	0	0	0	0	0	0	0	0	0	0	0	0	0	0	0	0	2003	0
LFQ	24	0	0	0	0	0	0	0	0	0	0	0	0	0	0	0	0	0	0	0	0	0	0	0	0	0	0	0	0	0	0	2003	0
LFQ	25	0	0	0	0	0	0	0	0	0	0	0	0	0	0	0	0	0	0	0	0	0	0	0	0	0	0	0	0	0	0	2003	0
LFQ	26	0	0	0	0	0	0	0	0	0	0	0	0	0	0	0	0	0	0	0	0	0	0	0	0	0	0	0	0	0	0	2003	0
LFQ	27	0	0	0	0	0	0	0	0	0	0	0	0	0	0	0	0	0	0	0	0	0	0	0	0	0	0	0	0	0	0	2003	0
LFQ	28	0	0	0	0	0	0	0	0	0	0	0	0	0	0	0	0	0	0	0	0	0	0	0	0	0	0	0	0	0	0	2003	0
LFQ	29	0	0	0	0	0	0	0	0	0	0	0	0	0	0	0	0	0	0	0	0	0	0	0	0	0	0	0	0	0	0	2003	0
LFQ	30	0	0	0	0	0	0	0	0	0	0	0	0	0	0	0	0	0	0	0	0	0	0	0	0	0	0	0	0	0	0	2003	0
LFQ	31	0	0	0	0	0	0	0	0	0	0	0	0	0	0	0	0	0	0	0	0	0	0	0	0	0	0	0	0	0	0	2003	0
LFQ	32	0	0	0	0	0	0	0	0	0	0	0	0	0	0	0	0	0	0	0	0	0	0	0	0	0	0	0	0	0	0	2003	0
LFQ	33	0	0	0	0	0	0	0	0	0	0	0	0	0	0	0	0	0	0	0	0	0	0	0	0	0	0	0	0	0	0	2003	0
LFQ	34	0	0	0	0	0	0	0	0	0	0	0	0	0	0	0	0	0	0	0	0	0	0	0	0	0	0	0	0	0	0	2003	0
LFQ	35	0	0	0	0	0	0	0	0	0	0	0	0	0	0	0	0	0	0	0	0	0	0	0	0	0	0	0	0	0	0	2003	0
LFQ	36	0	0	0	0	0	0	0	0	0	0	0	0	0	0	0	0	0	0	0	0	0	0	0	0	0	0	0	0	0	0	2003	0
LFQ	37	0	0	0	0	0	0	0	0	0	0	0	0	0	0	0	0	0	0	0	0	0	0	0	0	0	0	0	0	0	0	2003	0
LFQ	38	0	0	0	0	0	0	0	0	0	0	0	0	0	0	0	0	0	0	0	0	0	0	0	0	0	0	0	0	0	0	2003	0
LFQ	39	0	0	0	0	0	0	0	0	0	0	0	0	0	0	0	0	0	0	0	0	0	0	0	0	0	0	0	0	0	0	2003	0
LFQ	40	0	0	0	0	0	0	0	0	0	0	0	0	0	0	0	0	0	0	0	0	0	0	0	0	0	0	0	0	0	0	2003	0
LFQ	41	0	0	0	0	0	0	0	0	0	0	0	0	0	0	0	0	0	0	0	0	0	0	0	0	0	0	0	0	0	0	2003	0
LFQ	42	0	0	0	0	0	0	0	0	0	0	0	0	0	0	0	0	0	0	0	0	0	0	0	0	0	0	0	0	0	0	2003	0
LFQ	43	0	0	0	0	0	0	0	0	0	0	0	0	0	0	0	0	0	0	0	0	0	0	0	0	0	0	0	0	0	0	2003	0
LFQ	44	0	0	0	0	0	0	0	0	0	0	0	0	0	0	0	0	0	0	0	0	0	0	0	0	0	0	0	0	0	0	2003	0
LFQ	45	0	0	0	0	0	0	0	0	0	0	0	0	0	0	0	0	0	0	0	0	0	0	0	0	0	0	0	0	0	0	2003	0
LFQ	46	0	0	0	0	0	0	0	0	0	0	0	0	0	0	0	0	0	0	0	0	0	0	0	0	0	0	0	0	0	0	2003	0
LFQ	47	0	0	0	0	0	0	0	0	0	0	0	0	0	0	0	0	0	0	0	0	0	0	0	0	0	0	0	0	0	0	2003	0
LFQ	48	0	0	0	0	0	0	0	0	0	0	0	0	0	0	0	0	0	0	0	0	0	0	0	0	0	0	0	0	0	0	2003	0
LFQ	49	0	0	0	0	0	0	0	0	0	0	0	0	0	0	0	0	0	0	0	0	0	0	0	0	0	0	0	0	0	0	2003	0
LFQ	50	0	0	0	0	0	0	0	0	0	0	0	0	0	0	0	0	0	0	0	0	0	0	0	0	0	0	0	0	0	0	2003	0
LFQ	51	0	0	0	0	0	0	0	0	0	0	0	0	0	0	0	0	0	0	0	0	0	0	0	0	0	0	0	0	0	0	2003	0
LFQ	52	0	0	0	0	0	0	0	0	0	0	0	0	0	0	0	0	0	0	0	0	0	0	0	0	0	0	0	0	0	0	2003	0
LFQ	53	0	0	0	0	0	0	0	0	0	0	0	0	0	0	0	0	0	0	0	0	0	0	0	0	0	0	0	0	0	0	2003	0
LFQ	54	0	0	0	0	0	0	0	0	0	0	0	0	0	0	0	0	0	0	0	0	0	0	0	0	0	0	0	0	0	0	2003	0
LFQ	55	0	0	0	0	0	0	0	0	0	0	0	0	0	0	0	0	0	0	0	0	0	0	0	0	0	0	0	0	0	0	2003	0
LFQ	56	0	0	0	0	0	0	0	0	0	0	0	0	0	0	0	0	0	0	0	0	0	0	0	0	0	0	0	0	0	0	2003	0
LFQ	57	0	0	0	0	0	0	0	0	0	0	0	0	0	0	0	0	0	0	0	0	0	0	0	0	0	0	0	0	0	0	2003	0
LFQ	58	0	0	0	0	0	0	0	0	0	0	0	0	0	0	0	0	0	0	0	0	0	0	0	0	0	0	0	0	0	0	2003	0
LFQ	59	0	0	0	0	0	0	0	0	0	0	0	0	0	0	0	0	0	0	0	0	0	0	0	0	0	0	0	0	0	0	2003	0
LFQ	60	0	0	0	0	0	0	0	0	0	0	0	0	0	0	0	0	0	0	0	0	0	0	0	0	0	0	0	0	0	0	2003	0
LFQ	61	0	0	0	0	0	0	0	0	0	0	0	0	0	0	0	0	0	0	0	0	0	0	0	0	0	0	0	0	0	0	2003	0
LFQ	62	0	0	0	0	0	0	0	0	0	0	0	0	0	0	0	0	0	0	0	0	0	0	0	0	0	0	0	0	0	0	2003	0
LFQ	63	0	0	0	0	0	0	0	0	0	0	0	0	0	0	0	0	0	0	0	0	0	0	0	0	0	0	0	0	0	0	2003	0
LFQ	64	0	0	0	0	0	0	0	0	0	0	0	0	0	0	0	0	0	0	0	0	0	0	0	0	0	0	0	0	0	0	2003	0
LFQ	65	0	0	0	0	0	0	0	0	0	0	0	0	0	0	0	0	0	0	0	0	0	0	0	0	0	0	0	0	0	0	2003	0
LFQ	66	0	0	0	0	0	0	0	0	0	0	0	0	0	0	0	0	0	0	0	0	0	0	0	0	0	0	0	0	0	0	2003	0
LFQ	67	0	0	0	0	0	0	0	0	0	0	0	0	0	0	0	0	0	0	0	0	0	0	0	0	0	0	0	0	0	0	2003	0
LFQ	68	0	0	0	0	0	0	0	0	0	0	0	0	0	0	0	0	0	0	0	0	0	0	0	0	0	0	0	0	0	0	2003	0
LFQ	69	0	0	0	0	0	0	0	0	0	0	0	0	0	0	0	0	0	0	0	0	0	0	0	0	0	0	0	0	0	0	2003	0
LFQ	70	0	0	0	0	0	0	0	0	0	0	0	0	0	0	0	0	0	0	0	0	0	0	0	0	0	0	0	0	0	0	2003	0
LFQ	71	0	0	0	0	0	0	0	0	0	0	0	0	0	0	0	0	0	0	0	0	0	0	0	0	0	0	0	0	0	0	2003	0
LFQ	72	0	0	0	0	0	0	0	0	0	0	0	0	0	0	0	0	0	0	0	0	0	0	0	0	0	0	0	0	0	0	2003	0
LFQ	73	0	0	0	0	0	0	0	0	0	0	0	0	0	0	0	0	0	0	0	0	0	0	0	0	0	0	0	0	0	0	2003	0
LFQ	74	0	0	0	0	0	0	0	0	0	0	0	0	0	0	0	0	0	0	0	0	0	0	0	0	0	0	0	0	0	0	2003	0
LFQ	75	0	0	0	0	0	0	0	0	0	0	0	0	0	0	0	0	0	0	0	0	0	0	0	0	0	0	0	0	0	0	2003	0
LFQ	76	0	0	0	0	0	0	0	0	0	0	0	0	0	0	0	0	0	0	0	0	0	0	0	0	0	0	0	0	0	0	2003	0
LFQ	77	0	0	0	0	0	0	0	0	0	0	0	0	0	0	0	0	0	0	0	0	0	0	0	0	0	0	0	0	0	0	2003	0
LFQ	78	0	0	0	0	0	0	0	0	0	0	0	0	0	0	0	0	0	0	0	0	0	0	0	0	0	0	0	0	0	0	2003	0
LFQ	79	0	0	0	0	0	0	0	0	0	0	0	0	0	0	0	0	0	0	0	0	0	0	0	0	0	0	0	0	0	0	2003	0
LFQ	80	0	0	0	0	0	0	0	0	0	0	0	0	0	0	0	0	0	0	0	0	0	0	0	0	0	0	0	0	0	0	2003	0
LFQ	81	0	0	0	0	0	0	0	0	0	0	0	0	0	0	0	0	0	0	0	0	0	0	0	0	0	0	0	0	0	0	2003	0
LFQ	82	0	0	0	0	0	0	0	0	0	0	0	0	0	0	0	0	0	0	0	0	0	0	0	0	0	0	0	0	0	0	2003	0
LFQ	83	0	0	0	0	0	0	0	0	0	0	0	0	0	0	0	0	0	0	0	0	0	0	0	0	0	0	0	0	0	0	2003	0
LFQ	84	0	0	0	0	0	0	0	0	0	0	0	0	0	0	0	0	0	0	0	0	0	0	0	0	0	0	0	0	0	0	2003	0
LFQ	85	0	0	0	0	0	0	0	0	0	0	0	0	0	0	0	0	0	0	0	0	0	0	0	0	0	0	0	0	0	0	2003	0
LFQ	86	0	0	0	0	0	0	0	0	0	0	0	0	0	0	0	0	0	0	0	0	0	0	0	0	0	0	0	0	0	0	2003	0
LFQ	87	0	0	0	0	0	0	0	0	0	0	0	0	0	0	0	0	0	0	0	0	0	0	0	0	0	0	0	0	0	0	2003	0
LFQ	88	0	0	0	0	0	0	0	0	0	0	0	0	0	0	0	0	0	0	0	0	0	0	0	0	0	0	0	0	0	0	2003	0
LFQ	89	0	0	0	0	0	0	0	0	0	0	0	0	0	0	0	0	0	0	0	0	0	0	0	0	0	0	0	0	0	0	2003	0
LFQ	90	0	0	0	0	0	0	0	0	0	0	0	0	0	0	0	0	0	0	0	0	0	0	0	0	0	0	0	0	0	0	2003	0
LFQ	91	0	0	0	0	0	0	0	0	0	0	0	0	0	0	0	0	0	0	0	0	0	0	0	0	0	0	0	0	0	0	2003	0
LFQ	92	0	0	0	0	0	0	0	0	0	0	0	0	0	0	0	0	0	0	0	0	0	0	0	0	0	0	0	0	0	0	2003	0
LFQ	93	0	0	0	0	0	0	0	0	0	0	0	0	0	0	0	0	0	0	0	0	0	0	0	0	0	0	0	0	0	0	2003	0
LFQ	94	0	0	0	0	0	0	0	0	0	0	0	0	0	0	0	0	0	0	0	0	0	0	0	0	0	0	0	0	0	0	2003	0
LFQ	95	0	0	0	0	0	0	0	0	0	0	0	0	0	0	0	0	0	0	0	0	0	0	0	0	0	0	0	0	0	0	2003	0
LFQ	96	0	0	0	0	0	0	0	0	0	0	0	0	0	0	0	0	0	0	0	0	0	0	0	0	0	0	0	0	0	0	2003	0
LFQ	97	0	0	0	0	0	0	0	0	0	0	0	0	0	0	0	0	0	0	0	0	0	0	0	0	0	0	0	0	0	0	2003	0
LFQ	98	0	0	0	0	0	0	0	0	0	0	0	0	0	0	0	0	0	0	0	0	0	0	0	0	0	0	0	0	0	0	2003	0
LFQ	99	0	0	0	0	0	0	0	0	0	0	0	0	0	0	0	0	0	0	0	0	0	0	0	0	0	0	0	0	0	0	2003	0
LFQ	100	0	0	0	0	0	0	0	0	0	0	0	0	0	0	0	0	0	0	0	0	0	0	0	0	0	0	0	0	0	0	2003	0
LFQ	101	0	0	0	0	0	0	0	0	0	0	0	0	0	0	0	0	0	0	0	0	0	0	0	0	0	0	0	0	0	0	2003	0
LFQ	102	0	0	0	0	0	0	0	0	0	0	0	0	0	0	0	0	0	0	0	0	0	0	0	0	0	0	0	0	0	0	2003	0
LFQ	103	0	0	0	0	0	0	0	0	0	0	0	0	0	0	0	0	0	0	0	0	0	0	0	0	0	0	0	0	0	0	2003	0
LFQ	104	0	0	0	0	0	0	0	0	0	0	0	0	0	0	0	0	0	0	0	0	0	0	0	0	0	0	0	0	0	0	2003	0
LFQ	105	0	0	0	0	0	0	0	0	0	0	0	0	0	0	0	0	0	0	0	0	0	0	0	0	0	0	0	0	0	0	2003	0
LFQ	106	0	0	0	0	0	0	0	0	0	0	0	0	0	0	0	0	0	0	0	0	0	0	0	0	0	0	0	0	0	0	2003	0
LFQ	107	0	0	0	0	0	0	0	0	0	0	0	0	0	0	0	0	0	0	0	0	0	0	0	0	0	0	0	0	0	0	2003	0
LFQ	108	0	0	0	0	0	0	0	0	0	0	0	0	0	0	0	0	0	0	0	0	0	0	0	0	0	0	0	0	0	0	2003	0
LFQ	109	0	0	0	0	0	0	0	0	0	0	0	0	0	0	0	0	0	0	0	0	0	0	0	0	0	0	0	0	0	0	2003	0
LFQ	110	0	0	0	0	0	0	0	0	0	0	0	0	0	0	0	0	0	0	0	0	0	0	0	0	0	0	0	0	0	0	2003	0
LFQ	111	0	0	0	0	0	0	0	0	0	0	0	0	0	0	0	0	0	0	0	0	0	0	0	0	0	0	0	0	0	0	2003	0
LFQ	112	0	0	0	0	0	0	0	0	0	0	0	0	0	0	0	0	0	0	0	0	0	0	0	0	0	0	0	0	0	0	2003	0
LFQ	113	0	0	0	0	0	0	0	0	0	0	0	0	0	0	0	0	0	0	0	0	0	0	0	0	0	0	0	0	0	0	2003	0
LFQ	114	0	0	0	0	0	0	0	0	0	0	0	0	0	0	0	0	0	0	0	0	0	0	0	0	0	0	0	0	0	0	2003	0
LFQ	115	0	0	0	0	0	0	0	0	0	0	0	0	0	0	0	0	0	0	0	0	0	0	0	0	0	0	0	0	0	0	2003	0
LFQ	116	0	0	0	0	0	0	0	0	0	0	0	0	0	0	0	0	0	0	0	0	0	0	0	0	0	0	0	0	0	0	2003	0
LFQ	117	0	0	0	0	0	0	0	0	0	0	0	0	0	0	0	0	0	0	0	0	0	0	0	0	0	0	0	0	0	0	2003	0
LFQ	118	0	0	0	0	0	0	0	0	0	0	0	0	0	0	0	0	0	0	0	0	0	0	0	0	0	0	0	0	0	0	2003	0
LFQ	119	0	0	0	0	0	0	0	0	0	0	0	0	0	0	0	0	0	0	0	0	0	0	0	0	0	0	0	0	0	0	2003	0
LFQ	120	0	0	0	0	0	0	0	0	0	0	0	0	0	0	0	0	0	0	0	0	0	0	0	0	0	0	0	0	0	0	2003	0
LFQ	121	0	0	0	0	0	0	0	0	0	0	0	0	0	0	0	0	0	0	0	0	0	0	0	0	0	0	0	0	0	0	2003	0
LFQ	122	0	0	0	0	0	0	0	0	0	0	0	0	0	0	0	0	0	0	0	0	0	0	0	0	0	0	0	0	0	0	2003	0
LFQ	123	0	0	0	0	0	0	0	0	0	0	0	0	0	0	0	0	0	0	0	0	0	0	0	0	0	0	0	0	0	0	2003	0
LFQ	124	0	0	0	0	0	0	0	0	0	0	0	0	0	0	0	0	0	0	0	0	0	0	0	0	0	0	0	0	0	0	2003	0
LFQ	125	0	0	0	0	0	0	0	0	0	0	0	0	0	0	0	0	0	0	0	0	0	0	0	0	0	0	0	0	0	0	2003	0
LFQ	126	0	0	0	0	0	0	0	0	0	0	0	0	0	0	0	0	0	0	0	0	0	0	0	0	0	0	0	0	0	0	2003	0
LFQ	127	0	0	0	0	0	0	0	0	0	0	0	0	0	0	0	0	0	0	0	0	0	0	0	0	0	0	0	0	0	0	2003	0
LFQ	128	0	0	0	0	0	0	0	0	0	0	0	0	0	0	0	0	0	0	0	0	0	0	0	0	0	0	0	0	0	0	2003	0
LFQ	129	0	0	0	0	0	0	0	0	0	0	0	0	0	0	0	0	0	0	0	0	0	0	0	0	0	0	0	0	0	0	2003	0
LFQ	130	0	0	0	0	0	0	0	0	0	0	0	0	0	0	0	0	0	0	0	0	0	0	0	0	0	0	0	0	0	0	2003	0
LFQ	131	0	0	0	0	0	0	0	0	0	0	0	0	0	0	0	0	0	0	0	0	0	0	0	0	0	0	0	0	0	0	2003	0
LFQ	132	0	0	0	0	0	0	0	0	0	0	0	0	0	0	0	0	0	0	0	0	0	0	0	0	0	0	0	0	0	0	2003	0
LFQ	133	0	0	0	0	0	0	0	0	0	0	0	0	0	0	0	0	0	0	0	0	0	0	0	0	0	0	0	0	0	0	2003	0
LFQ	134	0	0	0	0	0	0	0	0	0	0	0	0	0	0	0	0	0	0	0	0	0	0	0	0	0	0	0	0	0	0	2003	0
LFQ	135	0	0	0	0	0	0	0	0	0	0	0	0	0	0	0	0	0	0	0	0	0	0	0	0	0	0	0	0	0	0	2003	0
LFQ	136	0	0	0	0	0	0	0	0	0	0	0	0	0	0	0	0	0	0	0	0	0	0	0	0	0	0	0	0	0	0	2003	0
LFQ	137	0	0	0	0	0	0	0	0	0	0	0	0	0	0	0	0	0	0	0	0	0	0	0	0	0	0	0	0	0	0	2003	0
LFQ	138	0	0	0	0	0	0	0	0	0	0	0	0	0	0	0	0	0	0	0	0	0	0	0	0	0	0	0	0	0	0	2003	0
LFQ	139	0	0	0	0	0	0	0	0	0	0	0	0	0	0	0	0	0	0	0	0	0	0	0	0	0	0	0	0	0	0	2003	0
LFQ	140	0	0	0	0	0	0	0	0	0	0	0	0	0	0	0	0	0	0	0	0	0	0	0	0	0	0	0	0	0	0	2003	0
LFQ	141	0	0	0	0	0	0	0	0	0	0	0	0	0	0	0	0	0	0	0	0	0	0	0	0	0	0	0	0	0	0	2003	0
LFQ	142	0	0	0	0	0	0	0	0	0	0	0	0	0	0	0	0	0	0	0	0	0	0	0	0	0	0	0	0	0	0	2003	0
LFQ	143	0	0	0	0	0	0	0	0	0	0	0	0	0	0	0	0	0	0	0	0	0	0	0	0	0	0	0	0	0	0	2003	0
LFQ	144	0	0	0	0	0	0	0	0	0	0	0	0	0	0	0	0	0	0	0	0	0	0	0	0	0	0	0	0	0	0	2003	0
LFQ	145	0	0	0	0	0	0	0	0	0	0	0	0	0	0	0	0	0	0	0	0	0	0	0	0	0	0	0	0	0	0	2003	0
LFQ	146	0	0	0	0	0	0	0	0	0	0	0	0	0	0	0	0	0	0	0	0	0	0	0	0	0	0	0	0	0	0	2003	0
LFQ	147	0	0	0	0	0	0	0	0	0	0	0	0	0	0	0	0	0	0	0	0	0	0	0	0	0	0	0	0	0	0	2003	0
LFQ	148	0	0	0	0	0	0	0	0	0	0	0	0	0	0	0	0	0	0	0	0	0	0	0	0	0	0	0	0	0	0	2001	0
LFQ	149	0	0	0	0	0	0	0	0	0	0	0	0	0	0	0	0	0	0	0	0	0	0	0	0	0	0	0	0	0	0	2001	0
LFQ	150	0	0	0	0	0	0	0	0	0	0	0	0	0	0	0	0	0	0	0	0	0	0	0	0	0	0	0	0	0	0	2001	0
# GC Content of first fragments. Use `grep ^GCF | cut -f 2-` to extract this part.
GCF	7.79	0
GCF	16.08	2
GCF	16.83	0
GCF	17.34	1
GCF	18.09	0
GCF	18.84	1
GCF	19.35	5
GCF	20.10	0
GCF	20.85	1
GCF	21.36	4
GCF	22.11	1
GCF	22.86	8
GCF	23.37	7
GCF	24.12	18
GCF	24.87	11
GCF	25.38	17
GCF	26.13	18
GCF	26.88	19
GCF	27.39	20
GCF	28.14	23
GCF	28.89	24
GCF	29.40	39
GCF	30.15	31
GCF	31.16	40
GCF	31.91	46
GCF	32.41	45
GCF	32.91	61
GCF	33.42	74
GCF	33.92	71
GCF	34.67	77
GCF	35.43	68
GCF	35.93	91
GCF	36.68	96
GCF	37.44	58
GCF	37.94	63
GCF	38.69	71
GCF	39.45	45
GCF	39.95	75
GCF	40.70	53
GCF	41.46	69
GCF	41.96	53
GCF	42.71	56
GCF	43.47	54
GCF	43.97	56
GCF	44.72	36
GCF	45.48	50
GCF	45.98	43
GCF	46.73	38
GCF	47.49	48
GCF	47.99	36
GCF	48.74	21
GCF	49.50	24
GCF	50.00	14
GCF	50.75	22
GCF	51.51	11
GCF	52.51	10
GCF	53.52	6
GCF	54.02	9
GCF	54.77	6
GCF	55.53	9
GCF	56.03	5
GCF	56.78	9
GCF	57.54	5
GCF	58.04	2
GCF	58.79	5
GCF	59.55	4
GCF	60.05	3
GCF	61.06	0
GCF	62.06	2
GCF	62.81	1
GCF	63.57	2
GCF	64.57	0
GCF	66.08	1
GCF	67.59	0
GCF	68.59	1
GCF	69.60	0
GCF	70.60	1
# GC Content of last fragments. Use `grep ^GCL | cut -f 2-` to extract this part.
GCL	3.27	0
GCL	6.78	1
GCL	9.05	0
GCL	11.81	1
GCL	14.57	0
GCL	16.83	1
GCL	17.34	0
GCL	18.09	3
GCL	18.84	1
GCL	19.35	2
GCL	20.60	4
GCL	22.36	3
GCL	23.37	5
GCL	24.12	9
GCL	24.87	11
GCL	25.38	17
GCL	26.13	14
GCL	26.88	9
GCL	27.89	27
GCL	28.89	37
GCL	29.40	22
GCL	30.15	37
GCL	30.90	41
GCL	31.41	42
GCL	31.91	44
GCL	32.41	45
GCL	32.91	47
GCL	33.42	61
GCL	33.92	74
GCL	34.67	67
GCL	35.43	75
GCL	35.93	82
GCL	36.68	85
GCL	37.44	90
GCL	37.94	72
GCL	38.69	82
GCL	39.45	68
GCL	39.95	72
GCL	40.70	69
GCL	41.46	65
GCL	41.96	54
GCL	42.71	53
GCL	43.47	50
GCL	43.97	47
GCL	44.72	39
GCL	45.48	43
GCL	46.73	42
GCL	47.99	36
GCL	48.74	24
GCL	49.50	22
GCL	50.00	24
GCL	50.75	12
GCL	51.76	11
GCL	52.76	15
GCL	53.52	10
GCL	54.02	7
GCL	54.77	3
GCL	55.53	9
GCL	56.03	6
GCL	56.78	4
GCL	57.54	0
GCL	58.04	6
GCL	59.05	2
GCL	60.05	0
GCL	60.80	2
GCL	61.56	1
GCL	62.56	0
GCL	63.82	1
GCL	64.82	0
GCL	65.58	1
GCL	67.34	0
GCL	69.35	1
GCL	70.10	0
GCL	70.60	1
# ACGT content per cycle. Use `grep ^GCC | cut -f 2-` to extract this part. The columns are: cycle; A,C,G,T base counts as a percentage of all A/C/G/T bases [%]; and N and O counts as a percentage of all A/C/G/T bases [%]
GCC	1	30.61	20.07	18.45	30.86	0.02	0.00
GCC	2	30.65	19.17	19.80	30.38	0.00	0.00
GCC	3	31.98	19.42	19.32	29.28	0.00	0.00
GCC	4	31.20	20.17	19.60	29.03	0.00	0.00
GCC	5	32.33	19.70	18.37	29.61	0.00	0.00
GCC	6	30.70	20.39	18.90	30.00	0.00	0.00
GCC	7	32.20	19.67	18.20	29.93	0.00	0.00
GCC	8	31.48	19.57	18.70	30.25	0.00	0.00
GCC	9	31.53	19.82	18.17	30.48	0.00	0.00
GCC	10	31.88	19.95	18.42	29.76	0.00	0.00
GCC	11	29.98	20.02	18.95	31.05	0.00	0.00
GCC	12	30.58	19.60	19.75	30.08	0.00	0.00
GCC	13	30.93	19.05	19.47	30.55	0.00	0.00
GCC	14	31.20	20.04	18.25	30.50	0.00	0.00
GCC	15	31.45	19.92	18.22	30.40	0.00	0.00
GCC	16	29.96	20.29	18.25	31.50	0.00	0.00
GCC	17	29.78	20.82	18.82	30.58	0.00	0.00
GCC	18	30.48	20.42	19.22	29.88	0.00	0.00
GCC	19	32.45	18.35	18.07	31.13	0.00	0.00
GCC	20	29.51	21.54	18.70	30.25	0.00	0.00
GCC	21	30.13	20.39	19.30	30.18	0.00	0.00
GCC	22	30.08	19.67	19.77	30.48	0.00	0.00
GCC	23	30.90	19.22	18.10	31.78	0.00	0.00
GCC	24	29.66	19.62	19.20	31.53	0.00	0.00
GCC	25	30.65	19.55	18.77	31.03	0.00	0.00
GCC	26	29.41	20.37	18.70	31.53	0.00	0.00
GCC	27	30.10	20.04	18.12	31.73	0.00	0.00
GCC	28	29.13	20.64	19.00	31.23	0.00	0.00
GCC	29	31.28	19.65	17.57	31.50	0.00	0.00
GCC	30	31.58	19.42	18.47	30.53	0.00	0.00
GCC	31	30.60	19.70	18.80	30.90	0.00	0.00
GCC	32	30.63	19.95	18.07	31.35	0.00	0.00
GCC	33	31.28	20.02	17.95	30.75	0.00	0.00
GCC	34	30.53	19.37	18.32	31.78	0.00	0.00
GCC	35	30.73	18.80	18.85	31.63	0.00	0.00
GCC	36	30.53	19.82	19.42	30.23	0.00	0.00
GCC	37	30.10	19.77	17.65	32.48	0.00	0.00
GCC	38	29.63	19.50	20.19	30.68	0.00	0.00
GCC	39	31.48	19.02	18.42	31.08	0.00	0.00
GCC	40	30.28	19.72	19.15	30.85	0.00	0.00
GCC	41	29.58	18.85	20.64	30.93	0.00	0.00
GCC	42	30.33	21.04	17.57	31.05	0.00	0.00
GCC	43	31.30	19.35	19.30	30.05	0.00	0.00
GCC	44	31.43	20.44	18.35	29.78	0.00	0.00
GCC	45	31.18	20.27	18.60	29.96	0.00	0.00
GCC	46	31.00	19.42	18.42	31.15	0.00	0.00
GCC	47	30.30	20.19	18.67	30.83	0.00	0.00
GCC	48	30.80	19.62	18.50	31.08	0.00	0.00
GCC	49	30.18	20.99	18.95	29.88	0.00	0.00
GCC	50	30.58	18.77	19.27	31.38	0.00	0.00
GCC	51	31.00	21.12	17.30	30.58	0.00	0.00
GCC	52	30.28	19.55	19.50	30.68	0.00	0.00
GCC	53	31.13	19.25	18.12	31.50	0.00	0.00
GCC	54	31.45	19.12	19.60	29.83	0.00	0.00
GCC	55	30.25	19.30	18.97	31.48	0.00	0.00
GCC	56	29.16	20.87	18.97	31.00	0.00	0.00
GCC	57	31.35	19.47	19.32	29.86	0.00	0.00
GCC	58	29.66	21.62	17.85	30.88	0.00	0.00
GCC	59	30.80	20.27	17.97	30.95	0.00	0.00
GCC	60	30.75	19.67	18.65	30.93	0.00	0.00
GCC	61	31.18	20.39	18.17	30.25	0.00	0.00
GCC	62	31.63	19.80	18.07	30.50	0.00	0.00
GCC	63	31.10	21.04	18.27	29.58	0.00	0.00
GCC	64	29.83	19.82	18.70	31.65	0.00	0.00
GCC	65	30.05	19.62	20.02	30.30	0.00	0.00
GCC	66	30.93	20.07	18.40	30.60	0.00	0.00
GCC	67	30.05	20.59	18.47	30.88	0.00	0.00
GCC	68	31.50	18.97	19.00	30.53	0.00	0.00
GCC	69	32.20	19.25	18.00	30.55	0.00	0.00
GCC	70	30.68	20.44	18.45	30.43	0.00	0.00
GCC	71	30.95	19.45	18.67	30.93	0.00	0.00
GCC	72	30.98	20.94	17.00	31.08	0.00	0.00
GCC	73	31.28	20.62	18.67	29.43	0.00	0.00
GCC	74	31.78	19.02	17.95	31.25	0.00	0.00
GCC	75	31.28	19.72	18.15	30.85	0.00	0.00
GCC	76	30.78	19.55	19.07	30.60	0.00	0.00
GCC	77	30.70	19.62	19.65	30.03	0.00	0.00
GCC	78	31.73	19.40	19.32	29.56	0.00	0.00
GCC	79	30.65	20.39	18.27	30.68	0.00	0.00
GCC	80	31.83	19.50	18.32	30.35	0.00	0.00
GCC	81	31.93	20.87	17.57	29.63	0.00	0.00
GCC	82	30.60	19.77	19.25	30.38	0.00	0.00
GCC	83	31.68	19.57	18.10	30.65	0.00	0.00
GCC	84	30.10	20.24	19.42	30.23	0.00	0.00
GCC	85	31.43	19.15	19.37	30.05	0.00	0.00
GCC	86	31.80	20.37	18.30	29.53	0.00	0.00
GCC	87	32.85	19.25	18.32	29.58	0.00	0.00
GCC	88	31.05	19.15	18.60	31.20	0.00	0.00
GCC	89	30.18	19.95	18.25	31.63	0.00	0.00
GCC	90	30.48	20.69	18.82	30.00	0.00	0.00
GCC	91	30.75	19.90	18.05	31.30	0.00	0.00
GCC	92	30.20	19.40	19.47	30.93	0.00	0.00
GCC	93	28.06	20.22	20.47	31.25	0.00	0.00
GCC	94	29.08	20.19	19.12	31.60	0.00	0.00
GCC	95	31.23	19.70	18.10	30.98	0.00	0.00
GCC	96	31.53	19.15	18.25	31.08	0.00	0.00
GCC	97	31.38	20.00	18.15	30.48	0.00	0.00
GCC	98	32.58	19.05	18.92	29.46	0.00	0.00
GCC	99	31.73	21.12	18.17	28.98	0.00	0.00
GCC	100	32.25	19.50	18.67	29.58	0.00	0.00
GCC	101	29.78	18.62	19.50	32.10	0.00	0.00
GCC	102	31.35	19.90	19.07	29.68	0.00	0.00
GCC	103	31.80	20.39	18.57	29.23	0.00	0.00
GCC	104	31.10	19.87	19.00	30.03	0.00	0.00
GCC	105	29.28	19.77	19.10	31.85	0.00	0.00
GCC	106	30.65	20.44	17.60	31.30	0.00	0.00
GCC	107	30.35	20.39	18.55	30.70	0.00	0.00
GCC	108	31.80	20.77	17.67	29.76	0.00	0.00
GCC	109	30.65	19.70	19.10	30.55	0.00	0.00
GCC	110	29.33	20.34	19.30	31.03	0.00	0.00
GCC	111	31.63	19.30	18.75	30.33	0.00	0.00
GCC	112	31.20	20.89	18.15	29.76	0.00	0.00
GCC	113	30.08	19.67	18.30	31.95	0.00	0.00
GCC	114	31.53	19.25	17.95	31.28	0.00	0.00
GCC	115	31.63	19.85	18.97	29.56	0.00	0.00
GCC	116	31.70	19.62	17.90	30.78	0.00	0.00
GCC	117	30.15	20.42	19.45	29.98	0.00	0.00
GCC	118	31.28	19.25	18.05	31.43	0.00	0.00
GCC	119	30.60	19.42	18.75	31.23	0.00	0.00
GCC	120	29.23	19.90	19.35	31.53	0.00	0.00
GCC	121	30.08	19.47	18.80	31.65	0.00	0.00
GCC	122	30.23	20.14	18.37	31.25	0.00	0.00
GCC	123	30.43	19.82	18.82	30.93	0.00	0.00
GCC	124	31.05	20.02	18.57	30.35	0.00	0.00
GCC	125	31.03	19.95	19.07	29.96	0.00	0.00
GCC	126	30.90	20.49	18.15	30.45	0.00	0.00
GCC	127	29.88	20.37	18.60	31.15	0.00	0.00
GCC	128	30.50	19.87	19.65	29.98	0.00	0.00
GCC	129	31.33	20.12	17.35	31.20	0.00	0.00
GCC	130	30.03	20.72	17.95	31.30	0.00	0.00
GCC	131	29.66	20.04	19.30	31.00	0.00	0.00
GCC	132	30.48	18.72	20.12	30.68	0.00	0.00
GCC	133	31.83	19.22	17.52	31.43	0.00	0.00
GCC	134	30.45	19.97	18.90	30.68	0.00	0.00
GCC	135	30.08	19.47	19.20	31.25	0.00	0.00
GCC	136	30.95	20.69	18.15	30.20	0.00	0.00
GCC	137	30.95	19.62	17.87	31.55	0.00	0.00
GCC	138	30.88	19.92	18.50	30.70	0.00	0.00
GCC	139	30.88	19.57	18.82	30.73	0.00	0.00
GCC	140	31.23	18.97	18.05	31.75	0.00	0.00
GCC	141	31.18	20.72	18.35	29.76	0.00	0.00
GCC	142	30.85	19.85	18.97	30.33	0.00	0.00
GCC	143	30.35	19.50	19.70	30.45	0.00	0.00
GCC	144	29.93	20.97	19.27	29.83	0.00	0.00
GCC	145	30.63	20.77	19.35	29.26	0.00	0.00
GCC	146	30.56	20.97	18.83	29.64	0.00	0.00
GCC	147	30.66	19.98	17.70	31.66	0.00	0.00
GCC	148	30.80	19.84	17.94	31.43	0.00	0.00
GCC	149	29.93	21.08	18.86	30.13	0.00	0.00
GCC	150	30.56	20.11	19.19	30.13	0.00	0.00
# ACGT content per cycle, read oriented. Use `grep ^GCT | cut -f 2-` to extract this part. The columns are: cycle; A,C,G,T base counts as a percentage of all A/C/G/T bases [%]
GCT	1	31.54	19.43	19.10	29.94
GCT	2	30.73	19.82	19.15	30.30
GCT	3	30.90	19.87	18.87	30.35
GCT	4	30.45	20.49	19.27	29.78
GCT	5	30.35	18.75	19.32	31.58
GCT	6	30.38	20.04	19.25	30.33
GCT	7	29.36	19.20	18.67	32.78
GCT	8	30.58	18.60	19.67	31.15
GCT	9	30.10	18.67	19.32	31.90
GCT	10	31.93	18.67	19.70	29.71
GCT	11	29.33	19.40	19.57	31.70
GCT	12	29.71	19.55	19.80	30.95
GCT	13	30.05	18.85	19.67	31.43
GCT	14	30.10	19.27	19.02	31.60
GCT	15	31.55	19.25	18.90	30.30
GCT	16	30.40	18.82	19.72	31.05
GCT	17	31.05	19.67	19.97	29.31
GCT	18	31.85	19.87	19.77	28.51
GCT	19	32.28	17.35	19.07	31.30
GCT	20	30.13	20.19	20.04	29.63
GCT	21	29.73	20.22	19.47	30.58
GCT	22	29.91	19.87	19.57	30.65
GCT	23	31.58	18.72	18.60	31.10
GCT	24	29.53	18.72	20.09	31.65
GCT	25	29.93	19.50	18.82	31.75
GCT	26	31.00	19.90	19.17	29.93
GCT	27	31.05	18.62	19.55	30.78
GCT	28	30.63	19.82	19.82	29.73
GCT	29	31.90	18.00	19.22	30.88
GCT	30	31.58	18.15	19.75	30.53
GCT	31	30.93	19.40	19.10	30.58
GCT	32	30.53	18.97	19.05	31.45
GCT	33	31.33	19.10	18.87	30.70
GCT	34	31.53	18.70	19.00	30.78
GCT	35	31.10	19.25	18.40	31.25
GCT	36	29.96	19.22	20.02	30.80
GCT	37	30.43	18.12	19.30	32.15
GCT	38	30.45	20.29	19.40	29.86
GCT	39	32.53	18.55	18.90	30.03
GCT	40	30.68	18.30	20.57	30.45
GCT	41	30.95	20.00	19.50	29.56
GCT	42	31.25	18.90	19.72	30.13
GCT	43	30.78	18.00	20.64	30.58
GCT	44	30.40	19.35	19.45	30.80
GCT	45	29.91	19.17	19.70	31.23
GCT	46	31.03	18.57	19.27	31.13
GCT	47	30.68	19.95	18.92	30.45
GCT	48	30.75	18.75	19.37	31.13
GCT	49	30.10	19.95	20.00	29.96
GCT	50	30.53	19.10	18.95	31.43
GCT	51	30.83	19.17	19.25	30.75
GCT	52	30.53	19.02	20.02	30.43
GCT	53	31.25	18.55	18.82	31.38
GCT	54	30.45	19.15	19.57	30.83
GCT	55	30.33	18.80	19.47	31.40
GCT	56	29.81	19.60	20.24	30.35
GCT	57	30.08	19.67	19.12	31.13
GCT	58	30.00	19.70	19.77	30.53
GCT	59	30.83	19.02	19.22	30.93
GCT	60	30.70	19.55	18.77	30.98
GCT	61	31.78	19.67	18.90	29.66
GCT	62	32.03	19.77	18.10	30.10
GCT	63	30.63	19.60	19.72	30.05
GCT	64	30.88	19.65	18.87	30.60
GCT	65	30.65	19.35	20.29	29.71
GCT	66	31.53	19.50	18.97	30.00
GCT	67	31.05	20.02	19.05	29.88
GCT	68	31.45	19.05	18.92	30.58
GCT	69	32.13	18.35	18.90	30.63
GCT	70	29.68	19.22	19.67	31.43
GCT	71	31.65	18.52	19.60	30.23
GCT	72	31.75	18.30	19.65	30.30
GCT	73	30.40	19.67	19.62	30.30
GCT	74	32.23	17.90	19.07	30.80
GCT	75	32.13	19.45	18.42	30.00
GCT	76	31.83	19.62	19.00	29.56
GCT	77	31.73	20.07	19.20	29.01
GCT	78	31.95	19.35	19.37	29.33
GCT	79	31.08	18.70	19.97	30.25
GCT	80	30.58	19.62	18.20	31.60
GCT	81	31.43	19.10	19.35	30.13
GCT	82	31.25	19.75	19.27	29.73
GCT	83	31.70	19.92	17.75	30.63
GCT	84	29.96	20.62	19.05	30.38
GCT	85	30.73	19.32	19.20	30.75
GCT	86	31.05	19.10	19.57	30.28
GCT	87	31.75	18.82	18.75	30.68
GCT	88	31.35	19.37	18.37	30.90
GCT	89	29.73	18.52	19.67	32.08
GCT	90	30.13	19.62	19.90	30.35
GCT	91	31.35	19.92	18.02	30.70
GCT	92	29.91	19.02	19.85	31.23
GCT	93	29.53	20.27	20.42	29.78
GCT	94	30.53	19.77	19.55	30.15
GCT	95	31.93	17.82	19.97	30.28
GCT	96	31.35	18.90	18.50	31.25
GCT	97	31.08	18.72	19.42	30.78
GCT	98	31.13	19.22	18.75	30.90
GCT	99	29.58	19.15	20.14	31.13
GCT	100	30.88	18.70	19.47	30.95
GCT	101	30.58	18.15	19.97	31.30
GCT	102	30.80	19.07	19.90	30.23
GCT	103	30.30	19.22	19.75	30.73
GCT	104	30.45	20.09	18.77	30.68
GCT	105	30.58	19.10	19.77	30.55
GCT	106	30.83	19.25	18.80	31.13
GCT	107	31.10	19.67	19.27	29.96
GCT	108	30.70	18.95	19.50	30.85
GCT	109	31.13	19.05	19.75	30.08
GCT	110	31.33	19.37	20.27	29.03
GCT	111	31.73	18.47	19.57	30.23
GCT	112	29.86	19.42	19.62	31.10
GCT	113	31.88	19.15	18.82	30.15
GCT	114	31.50	18.90	18.30	31.30
GCT	115	30.23	18.92	19.90	30.95
GCT	116	31.33	18.27	19.25	31.15
GCT	117	29.93	19.62	20.24	30.20
GCT	118	31.35	18.75	18.55	31.35
GCT	119	30.90	19.25	18.92	30.93
GCT	120	30.30	19.30	19.95	30.45
GCT	121	30.98	19.70	18.57	30.75
GCT	122	29.88	19.52	19.00	31.60
GCT	123	30.28	19.80	18.85	31.08
GCT	124	29.66	19.20	19.40	31.75
GCT	125	31.48	19.47	19.55	29.51
GCT	126	31.15	19.22	19.42	30.20
GCT	127	30.50	19.87	19.10	30.53
GCT	128	29.76	18.65	20.87	30.73
GCT	129	32.58	19.35	18.12	29.96
GCT	130	30.45	18.52	20.14	30.88
GCT	131	30.15	19.97	19.37	30.50
GCT	132	30.85	19.62	19.22	30.30
GCT	133	31.75	18.07	18.67	31.50
GCT	134	30.70	19.25	19.62	30.43
GCT	135	31.20	19.12	19.55	30.13
GCT	136	31.05	19.87	18.97	30.10
GCT	137	32.45	18.65	18.85	30.05
GCT	138	31.45	19.37	19.05	30.13
GCT	139	31.28	19.35	19.05	30.33
GCT	140	32.50	18.37	18.65	30.48
GCT	141	30.05	19.07	20.00	30.88
GCT	142	30.80	19.07	19.75	30.38
GCT	143	31.80	19.07	20.12	29.01
GCT	144	30.03	19.95	20.29	29.73
GCT	145	30.63	20.54	19.57	29.26
GCT	146	31.14	20.42	19.38	29.06
GCT	147	31.91	19.40	18.28	30.41
GCT	148	31.23	18.56	19.21	31.00
GCT	149	30.68	19.49	20.46	29.38
GCT	150	31.11	18.84	20.46	29.59
# ACGT content per cycle for first fragments. Use `grep ^FBC | cut -f 2-` to extract this part. The columns are: cycle; A,C,G,T base counts as a percentage of all A/C/G/T bases [%]; and N and O counts as a percentage of all A/C/G/T bases [%]
FBC	1	32.17	20.53	16.78	30.52	0.05	0.00
FBC	2	31.05	18.82	19.97	30.15	0.00	0.00
FBC	3	31.60	19.27	19.92	29.21	0.00	0.00
FBC	4	30.90	20.37	20.07	28.66	0.00	0.00
FBC	5	32.90	18.87	18.57	29.66	0.00	0.00
FBC	6	29.86	21.17	19.02	29.96	0.00	0.00
FBC	7	31.35	18.87	18.02	31.75	0.00	0.00
FBC	8	31.70	19.67	17.97	30.65	0.00	0.00
FBC	9	31.65	19.57	17.12	31.65	0.00	0.00
FBC	10	32.05	20.32	19.07	28.56	0.00	0.00
FBC	11	29.31	21.02	18.67	31.00	0.00	0.00
FBC	12	30.25	18.97	19.72	31.05	0.00	0.00
FBC	13	29.36	19.52	19.82	31.30	0.00	0.00
FBC	14	30.30	21.67	17.97	30.05	0.00	0.00
FBC	15	30.55	20.12	17.32	32.00	0.00	0.00
FBC	16	28.86	20.12	18.47	32.55	0.00	0.00
FBC	17	30.60	20.77	18.17	30.45	0.00	0.00
FBC	18	30.60	19.57	19.17	30.65	0.00	0.00
FBC	19	33.20	17.52	18.22	31.05	0.00	0.00
FBC	20	28.96	21.67	19.12	30.25	0.00	0.00
FBC	21	30.20	20.52	18.32	30.95	0.00	0.00
FBC	22	30.70	20.32	18.72	30.25	0.00	0.00
FBC	23	30.70	18.87	17.87	32.55	0.00	0.00
FBC	24	30.05	19.47	19.12	31.35	0.00	0.00
FBC	25	30.65	19.07	18.27	32.00	0.00	0.00
FBC	26	30.40	19.87	18.37	31.35	0.00	0.00
FBC	27	30.65	19.77	18.27	31.30	0.00	0.00
FBC	28	28.46	20.12	19.77	31.65	0.00	0.00
FBC	29	32.00	19.47	16.58	31.95	0.00	0.00
FBC	30	31.75	18.67	18.97	30.60	0.00	0.00
FBC	31	30.00	20.67	18.92	30.40	0.00	0.00
FBC	32	31.10	19.37	18.42	31.10	0.00	0.00
FBC	33	31.90	20.22	18.32	29.56	0.00	0.00
FBC	34	29.81	18.72	18.97	32.50	0.00	0.00
FBC	35	29.61	19.22	19.07	32.10	0.00	0.00
FBC	36	29.41	20.57	20.12	29.91	0.00	0.00
FBC	37	31.00	19.67	17.67	31.65	0.00	0.00
FBC	38	29.41	20.02	21.22	29.36	0.00	0.00
FBC	39	32.15	19.57	17.97	30.30	0.00	0.00
FBC	40	30.55	20.27	18.17	31.00	0.00	0.00
FBC	41	29.26	18.57	20.02	32.15	0.00	0.00
FBC	42	30.30	21.52	17.22	30.95	0.00	0.00
FBC	43	32.55	19.77	18.42	29.26	0.00	0.00
FBC	44	29.61	20.57	19.77	30.05	0.00	0.00
FBC	45	31.45	19.87	17.97	30.70	0.00	0.00
FBC	46	30.85	19.17	18.57	31.40	0.00	0.00
FBC	47	30.10	20.17	19.37	30.35	0.00	0.00
FBC	48	31.00	18.37	19.37	31.25	0.00	0.00
FBC	49	29.66	21.77	18.77	29.81	0.00	0.00
FBC	50	30.80	19.37	18.57	31.25	0.00	0.00
FBC	51	31.45	21.57	16.97	30.00	0.00	0.00
FBC	52	29.31	20.27	19.57	30.85	0.00	0.00
FBC	53	30.00	19.07	18.42	32.50	0.00	0.00
FBC	54	31.55	18.42	20.77	29.26	0.00	0.00
FBC	55	30.55	19.17	17.77	32.50	0.00	0.00
FBC	56	27.56	21.47	19.67	31.30	0.00	0.00
FBC	57	30.20	20.92	19.07	29.81	0.00	0.00
FBC	58	29.26	21.62	17.07	32.05	0.00	0.00
FBC	59	30.05	20.87	18.92	30.15	0.00	0.00
FBC	60	32.05	18.27	18.87	30.80	0.00	0.00
FBC	61	30.75	20.37	17.87	31.00	0.00	0.00
FBC	62	32.25	20.02	17.27	30.45	0.00	0.00
FBC	63	31.45	21.82	17.47	29.26	0.00	0.00
FBC	64	29.91	20.32	18.42	31.35	0.00	0.00
FBC	65	30.20	19.22	20.12	30.45	0.00	0.00
FBC	66	31.05	20.12	17.82	31.00	0.00	0.00
FBC	67	30.50	20.12	18.47	30.90	0.00	0.00
FBC	68	32.15	18.47	19.82	29.56	0.00	0.00
FBC	69	32.40	19.77	17.32	30.50	0.00	0.00
FBC	70	31.25	20.17	19.12	29.46	0.00	0.00
FBC	71	30.85	19.22	19.77	30.15	0.00	0.00
FBC	72	29.81	21.02	17.82	31.35	0.00	0.00
FBC	73	30.20	20.57	17.72	31.50	0.00	0.00
FBC	74	30.60	19.92	18.57	30.90	0.00	0.00
FBC	75	31.05	19.02	18.37	31.55	0.00	0.00
FBC	76	30.20	18.67	19.77	31.35	0.00	0.00
FBC	77	31.00	19.17	18.87	30.95	0.00	0.00
FBC	78	31.05	19.47	19.12	30.35	0.00	0.00
FBC	79	30.65	20.57	17.72	31.05	0.00	0.00
FBC	80	30.90	20.22	19.42	29.46	0.00	0.00
FBC	81	31.90	20.42	17.72	29.96	0.00	0.00
FBC	82	30.65	19.97	19.32	30.05	0.00	0.00
FBC	83	33.50	18.72	18.47	29.31	0.00	0.00
FBC	84	30.65	19.82	19.67	29.86	0.00	0.00
FBC	85	31.55	19.27	19.87	29.31	0.00	0.00
FBC	86	32.20	19.67	19.12	29.01	0.00	0.00
FBC	87	33.75	18.42	18.02	29.81	0.00	0.00
FBC	88	31.70	18.52	18.22	31.55	0.00	0.00
FBC	89	30.45	19.52	18.52	31.50	0.00	0.00
FBC	90	30.40	20.62	18.97	30.00	0.00	0.00
FBC	91	30.85	19.27	18.92	30.95	0.00	0.00
FBC	92	29.86	19.17	20.27	30.70	0.00	0.00
FBC	93	28.66	21.02	19.52	30.80	0.00	0.00
FBC	94	28.36	21.72	19.42	30.50	0.00	0.00
FBC	95	30.65	19.17	18.62	31.55	0.00	0.00
FBC	96	32.00	18.67	17.42	31.90	0.00	0.00
FBC	97	32.05	20.22	18.77	28.96	0.00	0.00
FBC	98	33.50	19.27	19.37	27.86	0.00	0.00
FBC	99	31.75	21.27	17.97	29.01	0.00	0.00
FBC	100	32.80	19.02	17.82	30.35	0.00	0.00
FBC	101	29.01	18.97	21.37	30.65	0.00	0.00
FBC	102	30.90	20.02	19.72	29.36	0.00	0.00
FBC	103	32.80	19.87	18.62	28.71	0.00	0.00
FBC	104	32.35	19.62	18.92	29.11	0.00	0.00
FBC	105	29.61	19.12	19.22	32.05	0.00	0.00
FBC	106	30.85	20.97	17.07	31.10	0.00	0.00
FBC	107	30.60	21.17	18.12	30.10	0.00	0.00
FBC	108	31.35	20.67	17.67	30.30	0.00	0.00
FBC	109	30.15	19.42	19.62	30.80	0.00	0.00
FBC	110	28.91	19.97	19.62	31.50	0.00	0.00
FBC	111	31.00	19.37	18.97	30.65	0.00	0.00
FBC	112	31.45	20.52	18.47	29.56	0.00	0.00
FBC	113	30.55	19.37	19.27	30.80	0.00	0.00
FBC	114	31.70	19.92	18.47	29.91	0.00	0.00
FBC	115	31.20	21.22	18.32	29.26	0.00	0.00
FBC	116	31.45	19.77	18.92	29.86	0.00	0.00
FBC	117	29.26	20.92	19.32	30.50	0.00	0.00
FBC	118	30.10	19.52	18.57	31.80	0.00	0.00
FBC	119	29.66	19.42	18.87	32.05	0.00	0.00
FBC	120	28.96	20.07	19.02	31.95	0.00	0.00
FBC	121	29.91	18.82	19.42	31.85	0.00	0.00
FBC	122	30.95	18.57	18.92	31.55	0.00	0.00
FBC	123	30.05	19.77	19.12	31.05	0.00	0.00
FBC	124	29.06	20.57	20.52	29.86	0.00	0.00
FBC	125	30.35	19.22	19.37	31.05	0.00	0.00
FBC	126	30.80	20.82	17.92	30.45	0.00	0.00
FBC	127	29.61	21.07	17.87	31.45	0.00	0.00
FBC	128	30.95	19.32	19.02	30.70	0.00	0.00
FBC	129	30.40	19.52	18.27	31.80	0.00	0.00
FBC	130	29.96	20.32	18.37	31.35	0.00	0.00
FBC	131	29.51	20.02	19.37	31.10	0.00	0.00
FBC	132	29.86	19.07	19.57	31.50	0.00	0.00
FBC	133	31.30	18.42	18.17	32.10	0.00	0.00
FBC	134	31.20	19.72	18.02	31.05	0.00	0.00
FBC	135	29.71	20.77	19.47	30.05	0.00	0.00
FBC	136	31.35	20.37	18.27	30.00	0.00	0.00
FBC	137	30.65	19.42	17.92	32.00	0.00	0.00
FBC	138	30.50	20.22	18.47	30.80	0.00	0.00
FBC	139	30.55	20.02	18.22	31.20	0.00	0.00
FBC	140	31.20	18.47	18.17	32.15	0.00	0.00
FBC	141	31.30	20.42	18.87	29.41	0.00	0.00
FBC	142	31.70	19.67	18.77	29.86	0.00	0.00
FBC	143	29.36	20.52	19.97	30.15	0.00	0.00
FBC	144	30.65	20.72	18.62	30.00	0.00	0.00
FBC	145	30.85	20.72	19.42	29.01	0.00	0.00
FBC	146	30.07	21.18	18.68	30.07	0.00	0.00
FBC	147	31.02	18.83	17.73	32.42	0.00	0.00
FBC	148	31.52	19.53	17.53	31.42	0.00	0.00
FBC	149	29.47	21.28	19.83	29.42	0.00	0.00
FBC	150	31.73	19.84	18.29	30.13	0.00	0.00
# ACGT raw counters for first fragments. Use `grep ^FTC | cut -f 2-` to extract this part. The columns are: A,C,G,T,N base counters
FTC	92303	59744	56260	92136	1
# ACGT content per cycle for last fragments. Use `grep ^LBC | cut -f 2-` to extract this part. The columns are: cycle; A,C,G,T base counts as a percentage of all A/C/G/T bases [%]; and N and O counts as a percentage of all A/C/G/T bases [%]
LBC	1	29.06	19.62	20.12	31.20	0.00	0.00
LBC	2	30.25	19.52	19.62	30.60	0.00	0.00
LBC	3	32.35	19.57	18.72	29.36	0.00	0.00
LBC	4	31.50	19.97	19.12	29.41	0.00	0.00
LBC	5	31.75	20.52	18.17	29.56	0.00	0.00
LBC	6	31.55	19.62	18.77	30.05	0.00	0.00
LBC	7	33.05	20.47	18.37	28.11	0.00	0.00
LBC	8	31.25	19.47	19.42	29.86	0.00	0.00
LBC	9	31.40	20.07	19.22	29.31	0.00	0.00
LBC	10	31.70	19.57	17.77	30.95	0.00	0.00
LBC	11	30.65	19.02	19.22	31.10	0.00	0.00
LBC	12	30.90	20.22	19.77	29.11	0.00	0.00
LBC	13	32.50	18.57	19.12	29.81	0.00	0.00
LBC	14	32.10	18.42	18.52	30.95	0.00	0.00
LBC	15	32.35	19.72	19.12	28.81	0.00	0.00
LBC	16	31.05	20.47	18.02	30.45	0.00	0.00
LBC	17	28.96	20.87	19.47	30.70	0.00	0.00
LBC	18	30.35	21.27	19.27	29.11	0.00	0.00
LBC	19	31.70	19.17	17.92	31.20	0.00	0.00
LBC	20	30.05	21.42	18.27	30.25	0.00	0.00
LBC	21	30.05	20.27	20.27	29.41	0.00	0.00
LBC	22	29.46	19.02	20.82	30.70	0.00	0.00
LBC	23	31.10	19.57	18.32	31.00	0.00	0.00
LBC	24	29.26	19.77	19.27	31.70	0.00	0.00
LBC	25	30.65	20.02	19.27	30.05	0.00	0.00
LBC	26	28.41	20.87	19.02	31.70	0.00	0.00
LBC	27	29.56	20.32	17.97	32.15	0.00	0.00
LBC	28	29.81	21.17	18.22	30.80	0.00	0.00
LBC	29	30.55	19.82	18.57	31.05	0.00	0.00
LBC	30	31.40	20.17	17.97	30.45	0.00	0.00
LBC	31	31.20	18.72	18.67	31.40	0.00	0.00
LBC	32	30.15	20.52	17.72	31.60	0.00	0.00
LBC	33	30.65	19.82	17.57	31.95	0.00	0.00
LBC	34	31.25	20.02	17.67	31.05	0.00	0.00
LBC	35	31.85	18.37	18.62	31.15	0.00	0.00
LBC	36	31.65	19.07	18.72	30.55	0.00	0.00
LBC	37	29.21	19.87	17.62	33.30	0.00	0.00
LBC	38	29.86	18.97	19.17	32.00	0.00	0.00
LBC	39	30.80	18.47	18.87	31.85	0.00	0.00
LBC	40	30.00	19.17	20.12	30.70	0.00	0.00
LBC	41	29.91	19.12	21.27	29.71	0.00	0.00
LBC	42	30.35	20.57	17.92	31.15	0.00	0.00
LBC	43	30.05	18.92	20.17	30.85	0.00	0.00
LBC	44	33.25	20.32	16.92	29.51	0.00	0.00
LBC	45	30.90	20.67	19.22	29.21	0.00	0.00
LBC	46	31.15	19.67	18.27	30.90	0.00	0.00
LBC	47	30.50	20.22	17.97	31.30	0.00	0.00
LBC	48	30.60	20.87	17.62	30.90	0.00	0.00
LBC	49	30.70	20.22	19.12	29.96	0.00	0.00
LBC	50	30.35	18.17	19.97	31.50	0.00	0.00
LBC	51	30.55	20.67	17.62	31.15	0.00	0.00
LBC	52	31.25	18.82	19.42	30.50	0.00	0.00
LBC	53	32.25	19.42	17.82	30.50	0.00	0.00
LBC	54	31.35	19.82	18.42	30.40	0.00	0.00
LBC	55	29.96	19.42	20.17	30.45	0.00	0.00
LBC	56	30.75	20.27	18.27	30.70	0.00	0.00
LBC	57	32.50	18.02	19.57	29.91	0.00	0.00
LBC	58	30.05	21.62	18.62	29.71	0.00	0.00
LBC	59	31.55	19.67	17.02	31.75	0.00	0.00
LBC	60	29.46	21.07	18.42	31.05	0.00	0.00
LBC	61	31.60	20.42	18.47	29.51	0.00	0.00
LBC	62	31.00	19.57	18.87	30.55	0.00	0.00
LBC	63	30.75	20.27	19.07	29.91	0.00	0.00
LBC	64	29.76	19.32	18.97	31.95	0.00	0.00
LBC	65	29.91	20.02	19.92	30.15	0.00	0.00
LBC	66	30.80	20.02	18.97	30.20	0.00	0.00
LBC	67	29.61	21.07	18.47	30.85	0.00	0.00
LBC	68	30.85	19.47	18.17	31.50	0.00	0.00
LBC	69	32.00	18.72	18.67	30.60	0.00	0.00
LBC	70	30.10	20.72	17.77	31.40	0.00	0.00
LBC	71	31.05	19.67	17.57	31.70	0.00	0.00
LBC	72	32.15	20.87	16.18	30.80	0.00	0.00
LBC	73	32.35	20.67	19.62	27.36	0.00	0.00
LBC	74	32.95	18.12	17.32	31.60	0.00	0.00
LBC	75	31.50	20.42	17.92	30.15	0.00	0.00
LBC	76	31.35	20.42	18.37	29.86	0.00	0.00
LBC	77	30.40	20.07	20.42	29.11	0.00	0.00
LBC	78	32.40	19.32	19.52	28.76	0.00	0.00
LBC	79	30.65	20.22	18.82	30.30	0.00	0.00
LBC	80	32.75	18.77	17.22	31.25	0.00	0.00
LBC	81	31.95	21.32	17.42	29.31	0.00	0.00
LBC	82	30.55	19.57	19.17	30.70	0.00	0.00
LBC	83	29.86	20.42	17.72	32.00	0.00	0.00
LBC	84	29.56	20.67	19.17	30.60	0.00	0.00
LBC	85	31.30	19.02	18.87	30.80	0.00	0.00
LBC	86	31.40	21.07	17.47	30.05	0.00	0.00
LBC	87	31.95	20.07	18.62	29.36	0.00	0.00
LBC	88	30.40	19.77	18.97	30.85	0.00	0.00
LBC	89	29.91	20.37	17.97	31.75	0.00	0.00
LBC	90	30.55	20.77	18.67	30.00	0.00	0.00
LBC	91	30.65	20.52	17.17	31.65	0.00	0.00
LBC	92	30.55	19.62	18.67	31.15	0.00	0.00
LBC	93	27.46	19.42	21.42	31.70	0.00	0.00
LBC	94	29.81	18.67	18.82	32.70	0.00	0.00
LBC	95	31.80	20.22	17.57	30.40	0.00	0.00
LBC	96	31.05	19.62	19.07	30.25	0.00	0.00
LBC	97	30.70	19.77	17.52	32.00	0.00	0.00
LBC	98	31.65	18.82	18.47	31.05	0.00	0.00
LBC	99	31.70	20.97	18.37	28.96	0.00	0.00
LBC	100	31.70	19.97	19.52	28.81	0.00	0.00
LBC	101	30.55	18.27	17.62	33.55	0.00	0.00
LBC	102	31.80	19.77	18.42	30.00	0.00	0.00
LBC	103	30.80	20.92	18.52	29.76	0.00	0.00
LBC	104	29.86	20.12	19.07	30.95	0.00	0.00
LBC	105	28.96	20.42	18.97	31.65	0.00	0.00
LBC	106	30.45	19.92	18.12	31.50	0.00	0.00
LBC	107	30.10	19.62	18.97	31.30	0.00	0.00
LBC	108	32.25	20.87	17.67	29.21	0.00	0.00
LBC	109	31.15	19.97	18.57	30.30	0.00	0.00
LBC	110	29.76	20.72	18.97	30.55	0.00	0.00
LBC	111	32.25	19.22	18.52	30.00	0.00	0.00
LBC	112	30.95	21.27	17.82	29.96	0.00	0.00
LBC	113	29.61	19.97	17.32	33.10	0.00	0.00
LBC	114	31.35	18.57	17.42	32.65	0.00	0.00
LBC	115	32.05	18.47	19.62	29.86	0.00	0.00
LBC	116	31.95	19.47	16.87	31.70	0.00	0.00
LBC	117	31.05	19.92	19.57	29.46	0.00	0.00
LBC	118	32.45	18.97	17.52	31.05	0.00	0.00
LBC	119	31.55	19.42	18.62	30.40	0.00	0.00
LBC	120	29.51	19.72	19.67	31.10	0.00	0.00
LBC	121	30.25	20.12	18.17	31.45	0.00	0.00
LBC	122	29.51	21.72	17.82	30.95	0.00	0.00
LBC	123	30.80	19.87	18.52	30.80	0.00	0.00
LBC	124	33.05	19.47	16.63	30.85	0.00	0.00
LBC	125	31.70	20.67	18.77	28.86	0.00	0.00
LBC	126	31.00	20.17	18.37	30.45	0.00	0.00
LBC	127	30.15	19.67	19.32	30.85	0.00	0.00
LBC	128	30.05	20.42	20.27	29.26	0.00	0.00
LBC	129	32.25	20.72	16.43	30.60	0.00	0.00
LBC	130	30.10	21.12	17.52	31.25	0.00	0.00
LBC	131	29.81	20.07	19.22	30.90	0.00	0.00
LBC	132	31.10	18.37	20.67	29.86	0.00	0.00
LBC	133	32.35	20.02	16.87	30.75	0.00	0.00
LBC	134	29.71	20.22	19.77	30.30	0.00	0.00
LBC	135	30.45	18.17	18.92	32.45	0.00	0.00
LBC	136	30.55	21.02	18.02	30.40	0.00	0.00
LBC	137	31.25	19.82	17.82	31.10	0.00	0.00
LBC	138	31.25	19.62	18.52	30.60	0.00	0.00
LBC	139	31.20	19.12	19.42	30.25	0.00	0.00
LBC	140	31.25	19.47	17.92	31.35	0.00	0.00
LBC	141	31.05	21.02	17.82	30.10	0.00	0.00
LBC	142	30.00	20.02	19.17	30.80	0.00	0.00
LBC	143	31.35	18.47	19.42	30.75	0.00	0.00
LBC	144	29.21	21.22	19.92	29.66	0.00	0.00
LBC	145	30.40	20.82	19.27	29.51	0.00	0.00
LBC	146	31.05	20.77	18.97	29.21	0.00	0.00
LBC	147	30.30	21.12	17.67	30.90	0.00	0.00
LBC	148	30.08	20.14	18.34	31.43	0.00	0.00
LBC	149	30.38	20.89	17.89	30.83	0.00	0.00
LBC	150	29.39	20.39	20.09	30.13	0.00	0.00
# ACGT raw counters for last fragments. Use `grep ^LTC | cut -f 2-` to extract this part. The columns are: A,C,G,T,N base counters
LTC	92674	59853	55940	91977	0
# Insert sizes. Use `grep ^IS | cut -f 2-` to extract this part. The columns are: insert size, pairs total, inward oriented pairs, outward oriented pairs, other pairs
IS	0	0	0	0	0
IS	1	0	0	0	0
IS	2	0	0	0	0
IS	3	0	0	0	0
IS	4	0	0	0	0
IS	5	0	0	0	0
IS	6	0	0	0	0
IS	7	0	0	0	0
IS	8	0	0	0	0
IS	9	0	0	0	0
IS	10	0	0	0	0
IS	11	0	0	0	0
IS	12	0	0	0	0
IS	13	0	0	0	0
IS	14	0	0	0	0
IS	15	0	0	0	0
IS	16	0	0	0	0
IS	17	0	0	0	0
IS	18	0	0	0	0
IS	19	0	0	0	0
IS	20	0	0	0	0
IS	21	0	0	0	0
IS	22	0	0	0	0
IS	23	0	0	0	0
IS	24	0	0	0	0
IS	25	0	0	0	0
IS	26	0	0	0	0
IS	27	0	0	0	0
IS	28	0	0	0	0
IS	29	0	0	0	0
IS	30	0	0	0	0
IS	31	0	0	0	0
IS	32	0	0	0	0
IS	33	0	0	0	0
IS	34	0	0	0	0
IS	35	0	0	0	0
IS	36	0	0	0	0
IS	37	0	0	0	0
IS	38	0	0	0	0
IS	39	0	0	0	0
IS	40	0	0	0	0
IS	41	0	0	0	0
IS	42	0	0	0	0
IS	43	0	0	0	0
IS	44	0	0	0	0
IS	45	0	0	0	0
IS	46	0	0	0	0
IS	47	0	0	0	0
IS	48	0	0	0	0
IS	49	0	0	0	0
IS	50	0	0	0	0
IS	51	0	0	0	0
IS	52	0	0	0	0
IS	53	0	0	0	0
IS	54	0	0	0	0
IS	55	0	0	0	0
IS	56	0	0	0	0
IS	57	0	0	0	0
IS	58	0	0	0	0
IS	59	0	0	0	0
IS	60	0	0	0	0
IS	61	0	0	0	0
IS	62	0	0	0	0
IS	63	0	0	0	0
IS	64	0	0	0	0
IS	65	0	0	0	0
IS	66	0	0	0	0
IS	67	0	0	0	0
IS	68	0	0	0	0
IS	69	0	0	0	0
IS	70	0	0	0	0
IS	71	0	0	0	0
IS	72	0	0	0	0
IS	73	0	0	0	0
IS	74	0	0	0	0
IS	75	0	0	0	0
IS	76	0	0	0	0
IS	77	0	0	0	0
IS	78	0	0	0	0
IS	79	0	0	0	0
IS	80	0	0	0	0
IS	81	0	0	0	0
IS	82	0	0	0	0
IS	83	0	0	0	0
IS	84	0	0	0	0
IS	85	0	0	0	0
IS	86	0	0	0	0
IS	87	0	0	0	0
IS	88	0	0	0	0
IS	89	0	0	0	0
IS	90	0	0	0	0
IS	91	0	0	0	0
IS	92	0	0	0	0
IS	93	0	0	0	0
IS	94	0	0	0	0
IS	95	0	0	0	0
IS	96	0	0	0	0
IS	97	0	0	0	0
IS	98	0	0	0	0
IS	99	0	0	0	0
IS	100	0	0	0	0
IS	101	0	0	0	0
IS	102	0	0	0	0
IS	103	0	0	0	0
IS	104	0	0	0	0
IS	105	0	0	0	0
IS	106	0	0	0	0
IS	107	0	0	0	0
IS	108	0	0	0	0
IS	109	0	0	0	0
IS	110	0	0	0	0
IS	111	0	0	0	0
IS	112	0	0	0	0
IS	113	0	0	0	0
IS	114	0	0	0	0
IS	115	0	0	0	0
IS	116	0	0	0	0
IS	117	0	0	0	0
IS	118	0	0	0	0
IS	119	0	0	0	0
IS	120	0	0	0	0
IS	121	0	0	0	0
IS	122	0	0	0	0
IS	123	0	0	0	0
IS	124	0	0	0	0
IS	125	0	0	0	0
IS	126	0	0	0	0
IS	127	0	0	0	0
IS	128	0	0	0	0
IS	129	0	0	0	0
IS	130	0	0	0	0
IS	131	0	0	0	0
IS	132	0	0	0	0
IS	133	0	0	0	0
IS	134	0	0	0	0
IS	135	0	0	0	0
IS	136	0	0	0	0
IS	137	0	0	0	0
IS	138	0	0	0	0
IS	139	0	0	0	0
IS	140	0	0	0	0
IS	141	0	0	0	0
IS	142	0	0	0	0
IS	143	0	0	0	0
IS	144	0	0	0	0
IS	145	0	0	0	0
IS	146	0	0	0	0
IS	147	0	0	0	0
IS	148	0	0	0	0
IS	149	0	0	0	0
IS	150	0	0	0	0
IS	151	0	0	0	0
IS	152	0	0	0	0
IS	153	0	0	0	0
IS	154	0	0	0	0
IS	155	0	0	0	0
IS	156	0	0	0	0
IS	157	0	0	0	0
IS	158	0	0	0	0
IS	159	0	0	0	0
IS	160	0	0	0	0
IS	161	0	0	0	0
IS	162	0	0	0	0
IS	163	0	0	0	0
IS	164	0	0	0	0
IS	165	0	0	0	0
IS	166	0	0	0	0
IS	167	0	0	0	0
IS	168	0	0	0	0
IS	169	0	0	0	0
IS	170	0	0	0	0
IS	171	0	0	0	0
IS	172	0	0	0	0
IS	173	0	0	0	0
IS	174	0	0	0	0
IS	175	0	0	0	0
IS	176	0	0	0	0
IS	177	0	0	0	0
IS	178	0	0	0	0
IS	179	0	0	0	0
IS	180	0	0	0	0
IS	181	0	0	0	0
IS	182	0	0	0	0
IS	183	0	0	0	0
IS	184	0	0	0	0
IS	185	0	0	0	0
IS	186	0	0	0	0
IS	187	0	0	0	0
IS	188	0	0	0	0
IS	189	0	0	0	0
IS	190	0	0	0	0
IS	191	0	0	0	0
IS	192	0	0	0	0
IS	193	0	0	0	0
IS	194	0	0	0	0
IS	195	0	0	0	0
IS	196	0	0	0	0
IS	197	0	0	0	0
IS	198	0	0	0	0
IS	199	0	0	0	0
IS	200	0	0	0	0
IS	201	0	0	0	0
IS	202	0	0	0	0
IS	203	0	0	0	0
IS	204	0	0	0	0
IS	205	0	0	0	0
IS	206	0	0	0	0
IS	207	0	0	0	0
IS	208	0	0	0	0
IS	209	0	0	0	0
IS	210	0	0	0	0
IS	211	0	0	0	0
IS	212	0	0	0	0
IS	213	0	0	0	0
IS	214	0	0	0	0
IS	215	0	0	0	0
IS	216	0	0	0	0
IS	217	0	0	0	0
IS	218	0	0	0	0
IS	219	0	0	0	0
IS	220	0	0	0	0
IS	221	0	0	0	0
IS	222	0	0	0	0
IS	223	0	0	0	0
IS	224	0	0	0	0
IS	225	0	0	0	0
IS	226	0	0	0	0
IS	227	0	0	0	0
IS	228	0	0	0	0
IS	229	0	0	0	0
IS	230	0	0	0	0
IS	231	0	0	0	0
IS	232	0	0	0	0
IS	233	0	0	0	0
IS	234	0	0	0	0
IS	235	0	0	0	0
IS	236	0	0	0	0
IS	237	0	0	0	0
IS	238	0	0	0	0
IS	239	0	0	0	0
IS	240	0	0	0	0
IS	241	0	0	0	0
IS	242	0	0	0	0
IS	243	0	0	0	0
IS	244	0	0	0	0
IS	245	0	0	0	0
IS	246	0	0	0	0
IS	247	0	0	0	0
IS	248	0	0	0	0
IS	249	0	0	0	0
IS	250	0	0	0	0
IS	251	0	0	0	0
IS	252	0	0	0	0
IS	253	0	0	0	0
IS	254	0	0	0	0
IS	255	0	0	0	0
IS	256	0	0	0	0
IS	257	0	0	0	0
IS	258	0	0	0	0
IS	259	0	0	0	0
IS	260	0	0	0	0
IS	261	0	0	0	0
IS	262	0	0	0	0
IS	263	0	0	0	0
IS	264	0	0	0	0
IS	265	0	0	0	0
IS	266	0	0	0	0
IS	267	0	0	0	0
IS	268	0	0	0	0
IS	269	0	0	0	0
IS	270	0	0	0	0
IS	271	0	0	0	0
IS	272	0	0	0	0
IS	273	0	0	0	0
IS	274	0	0	0	0
IS	275	0	0	0	0
IS	276	0	0	0	0
IS	277	0	0	0	0
IS	278	0	0	0	0
IS	279	0	0	0	0
IS	280	0	0	0	0
IS	281	0	0	0	0
IS	282	0	0	0	0
IS	283	0	0	0	0
IS	284	0	0	0	0
IS	285	0	0	0	0
IS	286	0	0	0	0
IS	287	0	0	0	0
IS	288	0	0	0	0
IS	289	0	0	0	0
IS	290	0	0	0	0
IS	291	0	0	0	0
IS	292	0	0	0	0
IS	293	0	0	0	0
IS	294	0	0	0	0
IS	295	0	0	0	0
IS	296	0	0	0	0
IS	297	0	0	0	0
IS	298	0	0	0	0
IS	299	0	0	0	0
IS	300	0	0	0	0
IS	301	0	0	0	0
IS	302	0	0	0	0
IS	303	0	0	0	0
IS	304	0	0	0	0
IS	305	0	0	0	0
IS	306	0	0	0	0
IS	307	0	0	0	0
IS	308	0	0	0	0
IS	309	0	0	0	0
IS	310	0	0	0	0
IS	311	1	1	0	0
IS	312	0	0	0	0
IS	313	0	0	0	0
IS	314	0	0	0	0
IS	315	0	0	0	0
IS	316	0	0	0	0
IS	317	0	0	0	0
IS	318	0	0	0	0
IS	319	0	0	0	0
IS	320	0	0	0	0
IS	321	0	0	0	0
IS	322	0	0	0	0
IS	323	0	0	0	0
IS	324	0	0	0	0
IS	325	0	0	0	0
IS	326	0	0	0	0
IS	327	0	0	0	0
IS	328	0	0	0	0
IS	329	0	0	0	0
IS	330	0	0	0	0
IS	331	0	0	0	0
IS	332	0	0	0	0
IS	333	0	0	0	0
IS	334	0	0	0	0
IS	335	0	0	0	0
IS	336	0	0	0	0
IS	337	0	0	0	0
IS	338	0	0	0	0
IS	339	0	0	0	0
IS	340	0	0	0	0
IS	341	0	0	0	0
IS	342	0	0	0	0
IS	343	1	1	0	0
IS	344	1	1	0	0
IS	345	0	0	0	0
IS	346	0	0	0	0
IS	347	0	0	0	0
IS	348	0	0	0	0
IS	349	0	0	0	0
IS	350	0	0	0	0
IS	351	1	1	0	0
IS	352	0	0	0	0
IS	353	1	1	0	0
IS	354	0	0	0	0
IS	355	1	1	0	0
IS	356	2	2	0	0
IS	357	0	0	0	0
IS	358	1	1	0	0
IS	359	0	0	0	0
IS	360	0	0	0	0
IS	361	1	1	0	0
IS	362	1	1	0	0
IS	363	0	0	0	0
IS	364	0	0	0	0
IS	365	0	0	0	0
IS	366	1	1	0	0
IS	367	0	0	0	0
IS	368	0	0	0	0
IS	369	0	0	0	0
IS	370	1	1	0	0
IS	371	0	0	0	0
IS	372	1	1	0	0
IS	373	1	1	0	0
IS	374	0	0	0	0
IS	375	1	1	0	0
IS	376	3	3	0	0
IS	377	0	0	0	0
IS	378	0	0	0	0
IS	379	1	1	0	0
IS	380	0	0	0	0
IS	381	2	2	0	0
IS	382	1	1	0	0
IS	383	2	2	0	0
IS	384	0	0	0	0
IS	385	1	1	0	0
IS	386	0	0	0	0
IS	387	1	1	0	0
IS	388	2	2	0	0
IS	389	1	1	0	0
IS	390	1	1	0	0
IS	391	0	0	0	0
IS	392	3	3	0	0
IS	393	1	1	0	0
IS	394	2	2	0	0
IS	395	2	2	0	0
IS	396	1	1	0	0
IS	397	3	3	0	0
IS	398	1	1	0	0
IS	399	3	3	0	0
IS	400	1	1	0	0
IS	401	2	2	0	0
IS	402	1	1	0	0
IS	403	2	2	0	0
IS	404	4	4	0	0
IS	405	2	2	0	0
IS	406	3	3	0	0
IS	407	3	3	0	0
IS	408	2	2	0	0
IS	409	2	2	0	0
IS	410	3	3	0	0
IS	411	2	2	0	0
IS	412	3	3	0	0
IS	413	4	4	0	0
IS	414	10	10	0	0
IS	415	3	3	0	0
IS	416	8	8	0	0
IS	417	4	4	0	0
IS	418	3	3	0	0
IS	419	6	6	0	0
IS	420	8	8	0	0
IS	421	9	9	0	0
IS	422	2	2	0	0
IS	423	9	9	0	0
IS	424	4	4	0	0
IS	425	4	4	0	0
IS	426	4	4	0	0
IS	427	6	6	0	0
IS	428	4	4	0	0
IS	429	5	5	0	0
IS	430	7	7	0	0
IS	431	9	9	0	0
IS	432	8	8	0	0
IS	433	7	7	0	0
IS	434	8	8	0	0
IS	435	15	15	0	0
IS	436	9	9	0	0
IS	437	3	3	0	0
IS	438	7	7	0	0
IS	439	6	6	0	0
IS	440	7	7	0	0
IS	441	5	5	0	0
IS	442	8	8	0	0
IS	443	4	4	0	0
IS	444	2	2	0	0
IS	445	9	9	0	0
IS	446	13	13	0	0
IS	447	10	10	0	0
IS	448	12	12	0	0
IS	449	14	14	0	0
IS	450	7	7	0	0
IS	451	8	8	0	0
IS	452	10	10	0	0
IS	453	15	15	0	0
IS	454	10	10	0	0
IS	455	11	11	0	0
IS	456	17	17	0	0
IS	457	16	16	0	0
IS	458	11	11	0	0
IS	459	16	16	0	0
IS	460	12	12	0	0
IS	461	6	6	0	0
IS	462	18	18	0	0
IS	463	10	10	0	0
IS	464	13	13	0	0
IS	465	9	9	0	0
IS	466	13	13	0	0
IS	467	11	11	0	0
IS	468	18	18	0	0
IS	469	15	15	0	0
IS	470	14	14	0	0
IS	471	8	8	0	0
IS	472	8	8	0	0
IS	473	12	12	0	0
IS	474	14	14	0	0
IS	475	15	15	0	0
IS	476	14	14	0	0
IS	477	10	10	0	0
IS	478	16	16	0	0
IS	479	14	14	0	0
IS	480	15	15	0	0
IS	481	16	16	0	0
IS	482	18	18	0	0
IS	483	20	20	0	0
IS	484	8	8	0	0
IS	485	23	23	0	0
IS	486	13	13	0	0
IS	487	15	15	0	0
IS	488	16	16	0	0
IS	489	15	15	0	0
IS	490	17	17	0	0
IS	491	15	15	0	0
IS	492	16	16	0	0
IS	493	16	16	0	0
IS	494	18	18	0	0
IS	495	18	18	0	0
IS	496	16	16	0	0
IS	497	14	14	0	0
IS	498	20	20	0	0
IS	499	25	25	0	0
IS	500	17	17	0	0
IS	501	15	15	0	0
IS	502	20	20	0	0
IS	503	10	10	0	0
IS	504	10	10	0	0
IS	505	20	20	0	0
IS	506	20	20	0	0
IS	507	18	18	0	0
IS	508	17	17	0	0
IS	509	11	11	0	0
IS	510	12	12	0	0
IS	511	17	17	0	0
IS	512	18	18	0	0
IS	513	14	14	0	0
IS	514	20	20	0	0
IS	515	12	12	0	0
IS	516	17	17	0	0
IS	517	12	12	0	0
IS	518	15	15	0	0
IS	519	12	12	0	0
IS	520	16	16	0	0
IS	521	10	10	0	0
IS	522	8	8	0	0
IS	523	10	10	0	0
IS	524	15	15	0	0
IS	525	10	10	0	0
IS	526	14	14	0	0
IS	527	12	12	0	0
IS	528	12	12	0	0
IS	529	8	8	0	0
IS	530	8	8	0	0
IS	531	9	9	0	0
IS	532	21	21	0	0
IS	533	8	8	0	0
IS	534	9	9	0	0
IS	535	13	13	0	0
IS	536	7	7	0	0
IS	537	13	13	0	0
IS	538	9	9	0	0
IS	539	16	16	0	0
IS	540	14	14	0	0
IS	541	9	9	0	0
IS	542	11	11	0	0
IS	543	11	11	0	0
IS	544	13	13	0	0
IS	545	17	17	0	0
IS	546	8	8	0	0
IS	547	8	8	0	0
IS	548	6	6	0	0
IS	549	10	10	0	0
IS	550	13	13	0	0
IS	551	5	5	0	0
IS	552	13	13	0	0
IS	553	7	7	0	0
IS	554	7	7	0	0
IS	555	6	6	0	0
IS	556	11	11	0	0
IS	557	4	4	0	0
IS	558	5	5	0	0
IS	559	17	17	0	0
IS	560	7	7	0	0
IS	561	4	4	0	0
IS	562	6	6	0	0
IS	563	7	7	0	0
IS	564	3	3	0	0
IS	565	5	5	0	0
IS	566	6	6	0	0
IS	567	8	8	0	0
IS	568	5	5	0	0
IS	569	2	2	0	0
IS	570	5	5	0	0
IS	571	4	4	0	0
IS	572	5	5	0	0
IS	573	6	6	0	0
IS	574	4	4	0	0
IS	575	7	7	0	0
IS	576	7	7	0	0
IS	577	4	4	0	0
IS	578	5	5	0	0
IS	579	7	7	0	0
IS	580	3	3	0	0
IS	581	6	6	0	0
IS	582	3	3	0	0
IS	583	10	10	0	0
IS	584	4	4	0	0
IS	585	8	8	0	0
IS	586	5	5	0	0
IS	587	3	3	0	0
IS	588	3	3	0	0
IS	589	5	5	0	0
IS	590	3	3	0	0
IS	591	3	3	0	0
IS	592	1	1	0	0
IS	593	4	4	0	0
IS	594	5	5	0	0
IS	595	3	3	0	0
IS	596	2	2	0	0
IS	597	1	1	0	0
IS	598	5	5	0	0
IS	599	1	1	0	0
IS	600	3	3	0	0
IS	601	0	0	0	0
IS	602	3	3	0	0
IS	603	6	6	0	0
IS	604	4	4	0	0
IS	605	1	1	0	0
IS	606	0	0	0	0
IS	607	0	0	0	0
IS	608	4	4	0	0
IS	609	2	2	0	0
IS	610	2	2	0	0
IS	611	3	3	0	0
IS	612	3	3	0	0
# Read lengths. Use `grep ^RL | cut -f 2-` to extract this part. The columns are: read length, count
RL	145	1
RL	147	2
RL	149	1
RL	150	4002
# Read lengths - first fragments. Use `grep ^FRL | cut -f 2-` to extract this part. The columns are: read length, count
FRL	145	1
FRL	149	1
FRL	150	2001
# Read lengths - last fragments. Use `grep ^LRL | cut -f 2-` to extract this part. The columns are: read length, count
LRL	147	2
LRL	150	2001
# Mapping qualities for reads !(UNMAP|SECOND|SUPPL|QCFAIL|DUP). Use `grep ^MAPQ | cut -f 2-` to extract this part. The columns are: mapq, count
MAPQ	0	8
MAPQ	9	2
MAPQ	27	20
MAPQ	40	31
MAPQ	48	32
MAPQ	50	3
MAPQ	52	5
MAPQ	57	18
MAPQ	60	3887
# Indel distribution. Use `grep ^ID | cut -f 2-` to extract this part. The columns are: length, number of insertions, number of deletions
# Indels per cycle. Use `grep ^IC | cut -f 2-` to extract this part. The columns are: cycle, number of insertions (fwd), .. (rev) , number of deletions (fwd), .. (rev)
# Coverage distribution. Use `grep ^COV | cut -f 2-` to extract this part.
COV	[1-1]	1	4563
COV	[2-2]	2	9165
COV	[3-3]	3	15269
COV	[4-4]	4	19959
COV	[5-5]	5	20238
COV	[6-6]	6	17278
COV	[7-7]	7	12597
COV	[8-8]	8	7843
COV	[9-9]	9	4903
COV	[10-10]	10	2356
COV	[11-11]	11	1260
COV	[12-12]	12	450
COV	[13-13]	13	306
COV	[14-14]	14	187
COV	[15-15]	15	54
COV	[16-16]	16	96
COV	[17-17]	17	38
COV	[18-18]	18	2
# GC-depth. Use `grep ^GCD | cut -f 2-` to extract this part. The columns are: GC%, unique sequence percentiles, 10th, 25th, 50th, 75th and 90th depth percentile
GCD	0.0	15.385	0.000	0.000	0.000	0.000	0.000
GCD	37.0	30.769	2.505	2.505	2.505	2.505	2.505
GCD	38.0	61.538	2.490	2.494	2.505	2.505	2.505
GCD	39.0	84.615	2.505	2.505	2.505	2.505	2.505
GCD	40.0	92.308	2.505	2.505	2.505	2.505	2.505
GCD	45.0	100.000	2.505	2.505	2.505	2.505	2.505
