# This file was produced by samtools stats (1.20+htslib-1.21) and can be plotted using plot-bamstats
# This file contains statistics for all reads.
# The command line was:  stats sample3796.sorted.bam
# CHK, Checksum	[2]Read Names	[3]Sequences	[4]Qualities
# CHK, CRC32 of reads which passed filtering followed by addition (32bit overflow)
CHK	9b4be364	3a2d5d8b	f1f23d24
# Summary Numbers. Use `grep ^SN | cut -f 2-` to extract this part.
SN	raw total sequences:	4006	# excluding supplementary and secondary reads
SN	filtered sequences:	0
SN	sequences:	4006
SN	is sorted:	1
SN	1st fragments:	2003
SN	last fragments:	2003
SN	reads mapped:	4006
SN	reads mapped and paired:	4006	# paired-end technology bit set + both mates mapped
SN	reads unmapped:	0
SN	reads properly paired:	4006	# proper-pair bit set
SN	reads paired:	4006	# paired-end technology bit set
SN	reads duplicated:	0	# PCR or optical duplicate bit set
SN	reads MQ0:	14	# mapped and MQ=0
SN	reads QC failed:	0
SN	non-primary alignments:	0
SN	supplementary alignments:	0
SN	total length:	600900	# ignores clipping
SN	total first fragment length:	300450	# ignores clipping
SN	total last fragment length:	300450	# ignores clipping
SN	bases mapped:	600900	# ignores clipping
SN	bases mapped (cigar):	600900	# more accurate
SN	bases trimmed:	0
SN	bases duplicated:	0
SN	mismatches:	1048	# from NM fields
SN	error rate:	1.744051e-03	# mismatches / bases mapped (cigar)
SN	average length:	150
SN	average first fragment length:	150
SN	average last fragment length:	150
SN	maximum length:	150
SN	maximum first fragment length:	150
SN	maximum last fragment length:	150
SN	average quality:	30.0
SN	insert size average:	496.9
SN	insert size standard deviation:	49.1
SN	inward oriented pairs:	2003
SN	outward oriented pairs:	0
SN	pairs with other orientation:	0
SN	pairs on different chromosomes:	0
SN	percentage of properly paired reads (%):	100.0
# First Fragment Qualities. Use `grep ^FFQ | cut -f 2-` to extract this part.
# Columns correspond to qualities and rows to cycles. First column is the cycle number.
FFQ	1	0	0	0	0	0	0	0	0	0	0	0	0	0	0	0	0	0	0	0	0	0	0	0	0	0	0	0	0	0	0	2003	0
FFQ	2	0	0	0	0	0	0	0	0	0	0	0	0	0	0	0	0	0	0	0	0	0	0	0	0	0	0	0	0	0	0	2003	0
FFQ	3	0	0	0	0	0	0	0	0	0	0	0	0	0	0	0	0	0	0	0	0	0	0	0	0	0	0	0	0	0	0	2003	0
FFQ	4	0	0	0	0	0	0	0	0	0	0	0	0	0	0	0	0	0	0	0	0	0	0	0	0	0	0	0	0	0	0	2003	0
FFQ	5	0	0	0	0	0	0	0	0	0	0	0	0	0	0	0	0	0	0	0	0	0	0	0	0	0	0	0	0	0	0	2003	0
FFQ	6	0	0	0	0	0	0	0	0	0	0	0	0	0	0	0	0	0	0	0	0	0	0	0	0	0	0	0	0	0	0	2003	0
FFQ	7	0	0	0	0	0	0	0	0	0	0	0	0	0	0	0	0	0	0	0	0	0	0	0	0	0	0	0	0	0	0	2003	0
FFQ	8	0	0	0	0	0	0	0	0	0	0	0	0	0	0	0	0	0	0	0	0	0	0	0	0	0	0	0	0	0	0	2003	0
FFQ	9	0	0	0	0	0	0	0	0	0	0	0	0	0	0	0	0	0	0	0	0	0	0	0	0	0	0	0	0	0	0	2003	0
FFQ	10	0	0	0	0	0	0	0	0	0	0	0	0	0	0	0	0	0	0	0	0	0	0	0	0	0	0	0	0	0	0	2003	0
FFQ	11	0	0	0	0	0	0	0	0	0	0	0	0	0	0	0	0	0	0	0	0	0	0	0	0	0	0	0	0	0	0	2003	0
FFQ	12	0	0	0	0	0	0	0	0	0	0	0	0	0	0	0	0	0	0	0	0	0	0	0	0	0	0	0	0	0	0	2003	0
FFQ	13	0	0	0	0	0	0	0	0	0	0	0	0	0	0	0	0	0	0	0	0	0	0	0	0	0	0	0	0	0	0	2003	0
FFQ	14	0	0	0	0	0	0	0	0	0	0	0	0	0	0	0	0	0	0	0	0	0	0	0	0	0	0	0	0	0	0	2003	0
FFQ	15	0	0	0	0	0	0	0	0	0	0	0	0	0	0	0	0	0	0	0	0	0	0	0	0	0	0	0	0	0	0	2003	0
FFQ	16	0	0	0	0	0	0	0	0	0	0	0	0	0	0	0	0	0	0	0	0	0	0	0	0	0	0	0	0	0	0	2003	0
FFQ	17	0	0	0	0	0	0	0	0	0	0	0	0	0	0	0	0	0	0	0	0	0	0	0	0	0	0	0	0	0	0	2003	0
FFQ	18	0	0	0	0	0	0	0	0	0	0	0	0	0	0	0	0	0	0	0	0	0	0	0	0	0	0	0	0	0	0	2003	0
FFQ	19	0	0	0	0	0	0	0	0	0	0	0	0	0	0	0	0	0	0	0	0	0	0	0	0	0	0	0	0	0	0	2003	0
FFQ	20	0	0	0	0	0	0	0	0	0	0	0	0	0	0	0	0	0	0	0	0	0	0	0	0	0	0	0	0	0	0	2003	0
FFQ	21	0	0	0	0	0	0	0	0	0	0	0	0	0	0	0	0	0	0	0	0	0	0	0	0	0	0	0	0	0	0	2003	0
FFQ	22	0	0	0	0	0	0	0	0	0	0	0	0	0	0	0	0	0	0	0	0	0	0	0	0	0	0	0	0	0	0	2003	0
FFQ	23	0	0	0	0	0	0	0	0	0	0	0	0	0	0	0	0	0	0	0	0	0	0	0	0	0	0	0	0	0	0	2003	0
FFQ	24	0	0	0	0	0	0	0	0	0	0	0	0	0	0	0	0	0	0	0	0	0	0	0	0	0	0	0	0	0	0	2003	0
FFQ	25	0	0	0	0	0	0	0	0	0	0	0	0	0	0	0	0	0	0	0	0	0	0	0	0	0	0	0	0	0	0	2003	0
FFQ	26	0	0	0	0	0	0	0	0	0	0	0	0	0	0	0	0	0	0	0	0	0	0	0	0	0	0	0	0	0	0	2003	0
FFQ	27	0	0	0	0	0	0	0	0	0	0	0	0	0	0	0	0	0	0	0	0	0	0	0	0	0	0	0	0	0	0	2003	0
FFQ	28	0	0	0	0	0	0	0	0	0	0	0	0	0	0	0	0	0	0	0	0	0	0	0	0	0	0	0	0	0	0	2003	0
FFQ	29	0	0	0	0	0	0	0	0	0	0	0	0	0	0	0	0	0	0	0	0	0	0	0	0	0	0	0	0	0	0	2003	0
FFQ	30	0	0	0	0	0	0	0	0	0	0	0	0	0	0	0	0	0	0	0	0	0	0	0	0	0	0	0	0	0	0	2003	0
FFQ	31	0	0	0	0	0	0	0	0	0	0	0	0	0	0	0	0	0	0	0	0	0	0	0	0	0	0	0	0	0	0	2003	0
FFQ	32	0	0	0	0	0	0	0	0	0	0	0	0	0	0	0	0	0	0	0	0	0	0	0	0	0	0	0	0	0	0	2003	0
FFQ	33	0	0	0	0	0	0	0	0	0	0	0	0	0	0	0	0	0	0	0	0	0	0	0	0	0	0	0	0	0	0	2003	0
FFQ	34	0	0	0	0	0	0	0	0	0	0	0	0	0	0	0	0	0	0	0	0	0	0	0	0	0	0	0	0	0	0	2003	0
FFQ	35	0	0	0	0	0	0	0	0	0	0	0	0	0	0	0	0	0	0	0	0	0	0	0	0	0	0	0	0	0	0	2003	0
FFQ	36	0	0	0	0	0	0	0	0	0	0	0	0	0	0	0	0	0	0	0	0	0	0	0	0	0	0	0	0	0	0	2003	0
FFQ	37	0	0	0	0	0	0	0	0	0	0	0	0	0	0	0	0	0	0	0	0	0	0	0	0	0	0	0	0	0	0	2003	0
FFQ	38	0	0	0	0	0	0	0	0	0	0	0	0	0	0	0	0	0	0	0	0	0	0	0	0	0	0	0	0	0	0	2003	0
FFQ	39	0	0	0	0	0	0	0	0	0	0	0	0	0	0	0	0	0	0	0	0	0	0	0	0	0	0	0	0	0	0	2003	0
FFQ	40	0	0	0	0	0	0	0	0	0	0	0	0	0	0	0	0	0	0	0	0	0	0	0	0	0	0	0	0	0	0	2003	0
FFQ	41	0	0	0	0	0	0	0	0	0	0	0	0	0	0	0	0	0	0	0	0	0	0	0	0	0	0	0	0	0	0	2003	0
FFQ	42	0	0	0	0	0	0	0	0	0	0	0	0	0	0	0	0	0	0	0	0	0	0	0	0	0	0	0	0	0	0	2003	0
FFQ	43	0	0	0	0	0	0	0	0	0	0	0	0	0	0	0	0	0	0	0	0	0	0	0	0	0	0	0	0	0	0	2003	0
FFQ	44	0	0	0	0	0	0	0	0	0	0	0	0	0	0	0	0	0	0	0	0	0	0	0	0	0	0	0	0	0	0	2003	0
FFQ	45	0	0	0	0	0	0	0	0	0	0	0	0	0	0	0	0	0	0	0	0	0	0	0	0	0	0	0	0	0	0	2003	0
FFQ	46	0	0	0	0	0	0	0	0	0	0	0	0	0	0	0	0	0	0	0	0	0	0	0	0	0	0	0	0	0	0	2003	0
FFQ	47	0	0	0	0	0	0	0	0	0	0	0	0	0	0	0	0	0	0	0	0	0	0	0	0	0	0	0	0	0	0	2003	0
FFQ	48	0	0	0	0	0	0	0	0	0	0	0	0	0	0	0	0	0	0	0	0	0	0	0	0	0	0	0	0	0	0	2003	0
FFQ	49	0	0	0	0	0	0	0	0	0	0	0	0	0	0	0	0	0	0	0	0	0	0	0	0	0	0	0	0	0	0	2003	0
FFQ	50	0	0	0	0	0	0	0	0	0	0	0	0	0	0	0	0	0	0	0	0	0	0	0	0	0	0	0	0	0	0	2003	0
FFQ	51	0	0	0	0	0	0	0	0	0	0	0	0	0	0	0	0	0	0	0	0	0	0	0	0	0	0	0	0	0	0	2003	0
FFQ	52	0	0	0	0	0	0	0	0	0	0	0	0	0	0	0	0	0	0	0	0	0	0	0	0	0	0	0	0	0	0	2003	0
FFQ	53	0	0	0	0	0	0	0	0	0	0	0	0	0	0	0	0	0	0	0	0	0	0	0	0	0	0	0	0	0	0	2003	0
FFQ	54	0	0	0	0	0	0	0	0	0	0	0	0	0	0	0	0	0	0	0	0	0	0	0	0	0	0	0	0	0	0	2003	0
FFQ	55	0	0	0	0	0	0	0	0	0	0	0	0	0	0	0	0	0	0	0	0	0	0	0	0	0	0	0	0	0	0	2003	0
FFQ	56	0	0	0	0	0	0	0	0	0	0	0	0	0	0	0	0	0	0	0	0	0	0	0	0	0	0	0	0	0	0	2003	0
FFQ	57	0	0	0	0	0	0	0	0	0	0	0	0	0	0	0	0	0	0	0	0	0	0	0	0	0	0	0	0	0	0	2003	0
FFQ	58	0	0	0	0	0	0	0	0	0	0	0	0	0	0	0	0	0	0	0	0	0	0	0	0	0	0	0	0	0	0	2003	0
FFQ	59	0	0	0	0	0	0	0	0	0	0	0	0	0	0	0	0	0	0	0	0	0	0	0	0	0	0	0	0	0	0	2003	0
FFQ	60	0	0	0	0	0	0	0	0	0	0	0	0	0	0	0	0	0	0	0	0	0	0	0	0	0	0	0	0	0	0	2003	0
FFQ	61	0	0	0	0	0	0	0	0	0	0	0	0	0	0	0	0	0	0	0	0	0	0	0	0	0	0	0	0	0	0	2003	0
FFQ	62	0	0	0	0	0	0	0	0	0	0	0	0	0	0	0	0	0	0	0	0	0	0	0	0	0	0	0	0	0	0	2003	0
FFQ	63	0	0	0	0	0	0	0	0	0	0	0	0	0	0	0	0	0	0	0	0	0	0	0	0	0	0	0	0	0	0	2003	0
FFQ	64	0	0	0	0	0	0	0	0	0	0	0	0	0	0	0	0	0	0	0	0	0	0	0	0	0	0	0	0	0	0	2003	0
FFQ	65	0	0	0	0	0	0	0	0	0	0	0	0	0	0	0	0	0	0	0	0	0	0	0	0	0	0	0	0	0	0	2003	0
FFQ	66	0	0	0	0	0	0	0	0	0	0	0	0	0	0	0	0	0	0	0	0	0	0	0	0	0	0	0	0	0	0	2003	0
FFQ	67	0	0	0	0	0	0	0	0	0	0	0	0	0	0	0	0	0	0	0	0	0	0	0	0	0	0	0	0	0	0	2003	0
FFQ	68	0	0	0	0	0	0	0	0	0	0	0	0	0	0	0	0	0	0	0	0	0	0	0	0	0	0	0	0	0	0	2003	0
FFQ	69	0	0	0	0	0	0	0	0	0	0	0	0	0	0	0	0	0	0	0	0	0	0	0	0	0	0	0	0	0	0	2003	0
FFQ	70	0	0	0	0	0	0	0	0	0	0	0	0	0	0	0	0	0	0	0	0	0	0	0	0	0	0	0	0	0	0	2003	0
FFQ	71	0	0	0	0	0	0	0	0	0	0	0	0	0	0	0	0	0	0	0	0	0	0	0	0	0	0	0	0	0	0	2003	0
FFQ	72	0	0	0	0	0	0	0	0	0	0	0	0	0	0	0	0	0	0	0	0	0	0	0	0	0	0	0	0	0	0	2003	0
FFQ	73	0	0	0	0	0	0	0	0	0	0	0	0	0	0	0	0	0	0	0	0	0	0	0	0	0	0	0	0	0	0	2003	0
FFQ	74	0	0	0	0	0	0	0	0	0	0	0	0	0	0	0	0	0	0	0	0	0	0	0	0	0	0	0	0	0	0	2003	0
FFQ	75	0	0	0	0	0	0	0	0	0	0	0	0	0	0	0	0	0	0	0	0	0	0	0	0	0	0	0	0	0	0	2003	0
FFQ	76	0	0	0	0	0	0	0	0	0	0	0	0	0	0	0	0	0	0	0	0	0	0	0	0	0	0	0	0	0	0	2003	0
FFQ	77	0	0	0	0	0	0	0	0	0	0	0	0	0	0	0	0	0	0	0	0	0	0	0	0	0	0	0	0	0	0	2003	0
FFQ	78	0	0	0	0	0	0	0	0	0	0	0	0	0	0	0	0	0	0	0	0	0	0	0	0	0	0	0	0	0	0	2003	0
FFQ	79	0	0	0	0	0	0	0	0	0	0	0	0	0	0	0	0	0	0	0	0	0	0	0	0	0	0	0	0	0	0	2003	0
FFQ	80	0	0	0	0	0	0	0	0	0	0	0	0	0	0	0	0	0	0	0	0	0	0	0	0	0	0	0	0	0	0	2003	0
FFQ	81	0	0	0	0	0	0	0	0	0	0	0	0	0	0	0	0	0	0	0	0	0	0	0	0	0	0	0	0	0	0	2003	0
FFQ	82	0	0	0	0	0	0	0	0	0	0	0	0	0	0	0	0	0	0	0	0	0	0	0	0	0	0	0	0	0	0	2003	0
FFQ	83	0	0	0	0	0	0	0	0	0	0	0	0	0	0	0	0	0	0	0	0	0	0	0	0	0	0	0	0	0	0	2003	0
FFQ	84	0	0	0	0	0	0	0	0	0	0	0	0	0	0	0	0	0	0	0	0	0	0	0	0	0	0	0	0	0	0	2003	0
FFQ	85	0	0	0	0	0	0	0	0	0	0	0	0	0	0	0	0	0	0	0	0	0	0	0	0	0	0	0	0	0	0	2003	0
FFQ	86	0	0	0	0	0	0	0	0	0	0	0	0	0	0	0	0	0	0	0	0	0	0	0	0	0	0	0	0	0	0	2003	0
FFQ	87	0	0	0	0	0	0	0	0	0	0	0	0	0	0	0	0	0	0	0	0	0	0	0	0	0	0	0	0	0	0	2003	0
FFQ	88	0	0	0	0	0	0	0	0	0	0	0	0	0	0	0	0	0	0	0	0	0	0	0	0	0	0	0	0	0	0	2003	0
FFQ	89	0	0	0	0	0	0	0	0	0	0	0	0	0	0	0	0	0	0	0	0	0	0	0	0	0	0	0	0	0	0	2003	0
FFQ	90	0	0	0	0	0	0	0	0	0	0	0	0	0	0	0	0	0	0	0	0	0	0	0	0	0	0	0	0	0	0	2003	0
FFQ	91	0	0	0	0	0	0	0	0	0	0	0	0	0	0	0	0	0	0	0	0	0	0	0	0	0	0	0	0	0	0	2003	0
FFQ	92	0	0	0	0	0	0	0	0	0	0	0	0	0	0	0	0	0	0	0	0	0	0	0	0	0	0	0	0	0	0	2003	0
FFQ	93	0	0	0	0	0	0	0	0	0	0	0	0	0	0	0	0	0	0	0	0	0	0	0	0	0	0	0	0	0	0	2003	0
FFQ	94	0	0	0	0	0	0	0	0	0	0	0	0	0	0	0	0	0	0	0	0	0	0	0	0	0	0	0	0	0	0	2003	0
FFQ	95	0	0	0	0	0	0	0	0	0	0	0	0	0	0	0	0	0	0	0	0	0	0	0	0	0	0	0	0	0	0	2003	0
FFQ	96	0	0	0	0	0	0	0	0	0	0	0	0	0	0	0	0	0	0	0	0	0	0	0	0	0	0	0	0	0	0	2003	0
FFQ	97	0	0	0	0	0	0	0	0	0	0	0	0	0	0	0	0	0	0	0	0	0	0	0	0	0	0	0	0	0	0	2003	0
FFQ	98	0	0	0	0	0	0	0	0	0	0	0	0	0	0	0	0	0	0	0	0	0	0	0	0	0	0	0	0	0	0	2003	0
FFQ	99	0	0	0	0	0	0	0	0	0	0	0	0	0	0	0	0	0	0	0	0	0	0	0	0	0	0	0	0	0	0	2003	0
FFQ	100	0	0	0	0	0	0	0	0	0	0	0	0	0	0	0	0	0	0	0	0	0	0	0	0	0	0	0	0	0	0	2003	0
FFQ	101	0	0	0	0	0	0	0	0	0	0	0	0	0	0	0	0	0	0	0	0	0	0	0	0	0	0	0	0	0	0	2003	0
FFQ	102	0	0	0	0	0	0	0	0	0	0	0	0	0	0	0	0	0	0	0	0	0	0	0	0	0	0	0	0	0	0	2003	0
FFQ	103	0	0	0	0	0	0	0	0	0	0	0	0	0	0	0	0	0	0	0	0	0	0	0	0	0	0	0	0	0	0	2003	0
FFQ	104	0	0	0	0	0	0	0	0	0	0	0	0	0	0	0	0	0	0	0	0	0	0	0	0	0	0	0	0	0	0	2003	0
FFQ	105	0	0	0	0	0	0	0	0	0	0	0	0	0	0	0	0	0	0	0	0	0	0	0	0	0	0	0	0	0	0	2003	0
FFQ	106	0	0	0	0	0	0	0	0	0	0	0	0	0	0	0	0	0	0	0	0	0	0	0	0	0	0	0	0	0	0	2003	0
FFQ	107	0	0	0	0	0	0	0	0	0	0	0	0	0	0	0	0	0	0	0	0	0	0	0	0	0	0	0	0	0	0	2003	0
FFQ	108	0	0	0	0	0	0	0	0	0	0	0	0	0	0	0	0	0	0	0	0	0	0	0	0	0	0	0	0	0	0	2003	0
FFQ	109	0	0	0	0	0	0	0	0	0	0	0	0	0	0	0	0	0	0	0	0	0	0	0	0	0	0	0	0	0	0	2003	0
FFQ	110	0	0	0	0	0	0	0	0	0	0	0	0	0	0	0	0	0	0	0	0	0	0	0	0	0	0	0	0	0	0	2003	0
FFQ	111	0	0	0	0	0	0	0	0	0	0	0	0	0	0	0	0	0	0	0	0	0	0	0	0	0	0	0	0	0	0	2003	0
FFQ	112	0	0	0	0	0	0	0	0	0	0	0	0	0	0	0	0	0	0	0	0	0	0	0	0	0	0	0	0	0	0	2003	0
FFQ	113	0	0	0	0	0	0	0	0	0	0	0	0	0	0	0	0	0	0	0	0	0	0	0	0	0	0	0	0	0	0	2003	0
FFQ	114	0	0	0	0	0	0	0	0	0	0	0	0	0	0	0	0	0	0	0	0	0	0	0	0	0	0	0	0	0	0	2003	0
FFQ	115	0	0	0	0	0	0	0	0	0	0	0	0	0	0	0	0	0	0	0	0	0	0	0	0	0	0	0	0	0	0	2003	0
FFQ	116	0	0	0	0	0	0	0	0	0	0	0	0	0	0	0	0	0	0	0	0	0	0	0	0	0	0	0	0	0	0	2003	0
FFQ	117	0	0	0	0	0	0	0	0	0	0	0	0	0	0	0	0	0	0	0	0	0	0	0	0	0	0	0	0	0	0	2003	0
FFQ	118	0	0	0	0	0	0	0	0	0	0	0	0	0	0	0	0	0	0	0	0	0	0	0	0	0	0	0	0	0	0	2003	0
FFQ	119	0	0	0	0	0	0	0	0	0	0	0	0	0	0	0	0	0	0	0	0	0	0	0	0	0	0	0	0	0	0	2003	0
FFQ	120	0	0	0	0	0	0	0	0	0	0	0	0	0	0	0	0	0	0	0	0	0	0	0	0	0	0	0	0	0	0	2003	0
FFQ	121	0	0	0	0	0	0	0	0	0	0	0	0	0	0	0	0	0	0	0	0	0	0	0	0	0	0	0	0	0	0	2003	0
FFQ	122	0	0	0	0	0	0	0	0	0	0	0	0	0	0	0	0	0	0	0	0	0	0	0	0	0	0	0	0	0	0	2003	0
FFQ	123	0	0	0	0	0	0	0	0	0	0	0	0	0	0	0	0	0	0	0	0	0	0	0	0	0	0	0	0	0	0	2003	0
FFQ	124	0	0	0	0	0	0	0	0	0	0	0	0	0	0	0	0	0	0	0	0	0	0	0	0	0	0	0	0	0	0	2003	0
FFQ	125	0	0	0	0	0	0	0	0	0	0	0	0	0	0	0	0	0	0	0	0	0	0	0	0	0	0	0	0	0	0	2003	0
FFQ	126	0	0	0	0	0	0	0	0	0	0	0	0	0	0	0	0	0	0	0	0	0	0	0	0	0	0	0	0	0	0	2003	0
FFQ	127	0	0	0	0	0	0	0	0	0	0	0	0	0	0	0	0	0	0	0	0	0	0	0	0	0	0	0	0	0	0	2003	0
FFQ	128	0	0	0	0	0	0	0	0	0	0	0	0	0	0	0	0	0	0	0	0	0	0	0	0	0	0	0	0	0	0	2003	0
FFQ	129	0	0	0	0	0	0	0	0	0	0	0	0	0	0	0	0	0	0	0	0	0	0	0	0	0	0	0	0	0	0	2003	0
FFQ	130	0	0	0	0	0	0	0	0	0	0	0	0	0	0	0	0	0	0	0	0	0	0	0	0	0	0	0	0	0	0	2003	0
FFQ	131	0	0	0	0	0	0	0	0	0	0	0	0	0	0	0	0	0	0	0	0	0	0	0	0	0	0	0	0	0	0	2003	0
FFQ	132	0	0	0	0	0	0	0	0	0	0	0	0	0	0	0	0	0	0	0	0	0	0	0	0	0	0	0	0	0	0	2003	0
FFQ	133	0	0	0	0	0	0	0	0	0	0	0	0	0	0	0	0	0	0	0	0	0	0	0	0	0	0	0	0	0	0	2003	0
FFQ	134	0	0	0	0	0	0	0	0	0	0	0	0	0	0	0	0	0	0	0	0	0	0	0	0	0	0	0	0	0	0	2003	0
FFQ	135	0	0	0	0	0	0	0	0	0	0	0	0	0	0	0	0	0	0	0	0	0	0	0	0	0	0	0	0	0	0	2003	0
FFQ	136	0	0	0	0	0	0	0	0	0	0	0	0	0	0	0	0	0	0	0	0	0	0	0	0	0	0	0	0	0	0	2003	0
FFQ	137	0	0	0	0	0	0	0	0	0	0	0	0	0	0	0	0	0	0	0	0	0	0	0	0	0	0	0	0	0	0	2003	0
FFQ	138	0	0	0	0	0	0	0	0	0	0	0	0	0	0	0	0	0	0	0	0	0	0	0	0	0	0	0	0	0	0	2003	0
FFQ	139	0	0	0	0	0	0	0	0	0	0	0	0	0	0	0	0	0	0	0	0	0	0	0	0	0	0	0	0	0	0	2003	0
FFQ	140	0	0	0	0	0	0	0	0	0	0	0	0	0	0	0	0	0	0	0	0	0	0	0	0	0	0	0	0	0	0	2003	0
FFQ	141	0	0	0	0	0	0	0	0	0	0	0	0	0	0	0	0	0	0	0	0	0	0	0	0	0	0	0	0	0	0	2003	0
FFQ	142	0	0	0	0	0	0	0	0	0	0	0	0	0	0	0	0	0	0	0	0	0	0	0	0	0	0	0	0	0	0	2003	0
FFQ	143	0	0	0	0	0	0	0	0	0	0	0	0	0	0	0	0	0	0	0	0	0	0	0	0	0	0	0	0	0	0	2003	0
FFQ	144	0	0	0	0	0	0	0	0	0	0	0	0	0	0	0	0	0	0	0	0	0	0	0	0	0	0	0	0	0	0	2003	0
FFQ	145	0	0	0	0	0	0	0	0	0	0	0	0	0	0	0	0	0	0	0	0	0	0	0	0	0	0	0	0	0	0	2003	0
FFQ	146	0	0	0	0	0	0	0	0	0	0	0	0	0	0	0	0	0	0	0	0	0	0	0	0	0	0	0	0	0	0	2003	0
FFQ	147	0	0	0	0	0	0	0	0	0	0	0	0	0	0	0	0	0	0	0	0	0	0	0	0	0	0	0	0	0	0	2003	0
FFQ	148	0	0	0	0	0	0	0	0	0	0	0	0	0	0	0	0	0	0	0	0	0	0	0	0	0	0	0	0	0	0	2003	0
FFQ	149	0	0	0	0	0	0	0	0	0	0	0	0	0	0	0	0	0	0	0	0	0	0	0	0	0	0	0	0	0	0	2003	0
FFQ	150	0	0	0	0	0	0	0	0	0	0	0	0	0	0	0	0	0	0	0	0	0	0	0	0	0	0	0	0	0	0	2003	0
# Last Fragment Qualities. Use `grep ^LFQ | cut -f 2-` to extract this part.
# Columns correspond to qualities and rows to cycles. First column is the cycle number.
LFQ	1	0	0	0	0	0	0	0	0	0	0	0	0	0	0	0	0	0	0	0	0	0	0	0	0	0	0	0	0	0	0	2003	0
LFQ	2	0	0	0	0	0	0	0	0	0	0	0	0	0	0	0	0	0	0	0	0	0	0	0	0	0	0	0	0	0	0	2003	0
LFQ	3	0	0	0	0	0	0	0	0	0	0	0	0	0	0	0	0	0	0	0	0	0	0	0	0	0	0	0	0	0	0	2003	0
LFQ	4	0	0	0	0	0	0	0	0	0	0	0	0	0	0	0	0	0	0	0	0	0	0	0	0	0	0	0	0	0	0	2003	0
LFQ	5	0	0	0	0	0	0	0	0	0	0	0	0	0	0	0	0	0	0	0	0	0	0	0	0	0	0	0	0	0	0	2003	0
LFQ	6	0	0	0	0	0	0	0	0	0	0	0	0	0	0	0	0	0	0	0	0	0	0	0	0	0	0	0	0	0	0	2003	0
LFQ	7	0	0	0	0	0	0	0	0	0	0	0	0	0	0	0	0	0	0	0	0	0	0	0	0	0	0	0	0	0	0	2003	0
LFQ	8	0	0	0	0	0	0	0	0	0	0	0	0	0	0	0	0	0	0	0	0	0	0	0	0	0	0	0	0	0	0	2003	0
LFQ	9	0	0	0	0	0	0	0	0	0	0	0	0	0	0	0	0	0	0	0	0	0	0	0	0	0	0	0	0	0	0	2003	0
LFQ	10	0	0	0	0	0	0	0	0	0	0	0	0	0	0	0	0	0	0	0	0	0	0	0	0	0	0	0	0	0	0	2003	0
LFQ	11	0	0	0	0	0	0	0	0	0	0	0	0	0	0	0	0	0	0	0	0	0	0	0	0	0	0	0	0	0	0	2003	0
LFQ	12	0	0	0	0	0	0	0	0	0	0	0	0	0	0	0	0	0	0	0	0	0	0	0	0	0	0	0	0	0	0	2003	0
LFQ	13	0	0	0	0	0	0	0	0	0	0	0	0	0	0	0	0	0	0	0	0	0	0	0	0	0	0	0	0	0	0	2003	0
LFQ	14	0	0	0	0	0	0	0	0	0	0	0	0	0	0	0	0	0	0	0	0	0	0	0	0	0	0	0	0	0	0	2003	0
LFQ	15	0	0	0	0	0	0	0	0	0	0	0	0	0	0	0	0	0	0	0	0	0	0	0	0	0	0	0	0	0	0	2003	0
LFQ	16	0	0	0	0	0	0	0	0	0	0	0	0	0	0	0	0	0	0	0	0	0	0	0	0	0	0	0	0	0	0	2003	0
LFQ	17	0	0	0	0	0	0	0	0	0	0	0	0	0	0	0	0	0	0	0	0	0	0	0	0	0	0	0	0	0	0	2003	0
LFQ	18	0	0	0	0	0	0	0	0	0	0	0	0	0	0	0	0	0	0	0	0	0	0	0	0	0	0	0	0	0	0	2003	0
LFQ	19	0	0	0	0	0	0	0	0	0	0	0	0	0	0	0	0	0	0	0	0	0	0	0	0	0	0	0	0	0	0	2003	0
LFQ	20	0	0	0	0	0	0	0	0	0	0	0	0	0	0	0	0	0	0	0	0	0	0	0	0	0	0	0	0	0	0	2003	0
LFQ	21	0	0	0	0	0	0	0	0	0	0	0	0	0	0	0	0	0	0	0	0	0	0	0	0	0	0	0	0	0	0	2003	0
LFQ	22	0	0	0	0	0	0	0	0	0	0	0	0	0	0	0	0	0	0	0	0	0	0	0	0	0	0	0	0	0	0	2003	0
LFQ	23	0	0	0	0	0	0	0	0	0	0	0	0	0	0	0	0	0	0	0	0	0	0	0	0	0	0	0	0	0	0	2003	0
LFQ	24	0	0	0	0	0	0	0	0	0	0	0	0	0	0	0	0	0	0	0	0	0	0	0	0	0	0	0	0	0	0	2003	0
LFQ	25	0	0	0	0	0	0	0	0	0	0	0	0	0	0	0	0	0	0	0	0	0	0	0	0	0	0	0	0	0	0	2003	0
LFQ	26	0	0	0	0	0	0	0	0	0	0	0	0	0	0	0	0	0	0	0	0	0	0	0	0	0	0	0	0	0	0	2003	0
LFQ	27	0	0	0	0	0	0	0	0	0	0	0	0	0	0	0	0	0	0	0	0	0	0	0	0	0	0	0	0	0	0	2003	0
LFQ	28	0	0	0	0	0	0	0	0	0	0	0	0	0	0	0	0	0	0	0	0	0	0	0	0	0	0	0	0	0	0	2003	0
LFQ	29	0	0	0	0	0	0	0	0	0	0	0	0	0	0	0	0	0	0	0	0	0	0	0	0	0	0	0	0	0	0	2003	0
LFQ	30	0	0	0	0	0	0	0	0	0	0	0	0	0	0	0	0	0	0	0	0	0	0	0	0	0	0	0	0	0	0	2003	0
LFQ	31	0	0	0	0	0	0	0	0	0	0	0	0	0	0	0	0	0	0	0	0	0	0	0	0	0	0	0	0	0	0	2003	0
LFQ	32	0	0	0	0	0	0	0	0	0	0	0	0	0	0	0	0	0	0	0	0	0	0	0	0	0	0	0	0	0	0	2003	0
LFQ	33	0	0	0	0	0	0	0	0	0	0	0	0	0	0	0	0	0	0	0	0	0	0	0	0	0	0	0	0	0	0	2003	0
LFQ	34	0	0	0	0	0	0	0	0	0	0	0	0	0	0	0	0	0	0	0	0	0	0	0	0	0	0	0	0	0	0	2003	0
LFQ	35	0	0	0	0	0	0	0	0	0	0	0	0	0	0	0	0	0	0	0	0	0	0	0	0	0	0	0	0	0	0	2003	0
LFQ	36	0	0	0	0	0	0	0	0	0	0	0	0	0	0	0	0	0	0	0	0	0	0	0	0	0	0	0	0	0	0	2003	0
LFQ	37	0	0	0	0	0	0	0	0	0	0	0	0	0	0	0	0	0	0	0	0	0	0	0	0	0	0	0	0	0	0	2003	0
LFQ	38	0	0	0	0	0	0	0	0	0	0	0	0	0	0	0	0	0	0	0	0	0	0	0	0	0	0	0	0	0	0	2003	0
LFQ	39	0	0	0	0	0	0	0	0	0	0	0	0	0	0	0	0	0	0	0	0	0	0	0	0	0	0	0	0	0	0	2003	0
LFQ	40	0	0	0	0	0	0	0	0	0	0	0	0	0	0	0	0	0	0	0	0	0	0	0	0	0	0	0	0	0	0	2003	0
LFQ	41	0	0	0	0	0	0	0	0	0	0	0	0	0	0	0	0	0	0	0	0	0	0	0	0	0	0	0	0	0	0	2003	0
LFQ	42	0	0	0	0	0	0	0	0	0	0	0	0	0	0	0	0	0	0	0	0	0	0	0	0	0	0	0	0	0	0	2003	0
LFQ	43	0	0	0	0	0	0	0	0	0	0	0	0	0	0	0	0	0	0	0	0	0	0	0	0	0	0	0	0	0	0	2003	0
LFQ	44	0	0	0	0	0	0	0	0	0	0	0	0	0	0	0	0	0	0	0	0	0	0	0	0	0	0	0	0	0	0	2003	0
LFQ	45	0	0	0	0	0	0	0	0	0	0	0	0	0	0	0	0	0	0	0	0	0	0	0	0	0	0	0	0	0	0	2003	0
LFQ	46	0	0	0	0	0	0	0	0	0	0	0	0	0	0	0	0	0	0	0	0	0	0	0	0	0	0	0	0	0	0	2003	0
LFQ	47	0	0	0	0	0	0	0	0	0	0	0	0	0	0	0	0	0	0	0	0	0	0	0	0	0	0	0	0	0	0	2003	0
LFQ	48	0	0	0	0	0	0	0	0	0	0	0	0	0	0	0	0	0	0	0	0	0	0	0	0	0	0	0	0	0	0	2003	0
LFQ	49	0	0	0	0	0	0	0	0	0	0	0	0	0	0	0	0	0	0	0	0	0	0	0	0	0	0	0	0	0	0	2003	0
LFQ	50	0	0	0	0	0	0	0	0	0	0	0	0	0	0	0	0	0	0	0	0	0	0	0	0	0	0	0	0	0	0	2003	0
LFQ	51	0	0	0	0	0	0	0	0	0	0	0	0	0	0	0	0	0	0	0	0	0	0	0	0	0	0	0	0	0	0	2003	0
LFQ	52	0	0	0	0	0	0	0	0	0	0	0	0	0	0	0	0	0	0	0	0	0	0	0	0	0	0	0	0	0	0	2003	0
LFQ	53	0	0	0	0	0	0	0	0	0	0	0	0	0	0	0	0	0	0	0	0	0	0	0	0	0	0	0	0	0	0	2003	0
LFQ	54	0	0	0	0	0	0	0	0	0	0	0	0	0	0	0	0	0	0	0	0	0	0	0	0	0	0	0	0	0	0	2003	0
LFQ	55	0	0	0	0	0	0	0	0	0	0	0	0	0	0	0	0	0	0	0	0	0	0	0	0	0	0	0	0	0	0	2003	0
LFQ	56	0	0	0	0	0	0	0	0	0	0	0	0	0	0	0	0	0	0	0	0	0	0	0	0	0	0	0	0	0	0	2003	0
LFQ	57	0	0	0	0	0	0	0	0	0	0	0	0	0	0	0	0	0	0	0	0	0	0	0	0	0	0	0	0	0	0	2003	0
LFQ	58	0	0	0	0	0	0	0	0	0	0	0	0	0	0	0	0	0	0	0	0	0	0	0	0	0	0	0	0	0	0	2003	0
LFQ	59	0	0	0	0	0	0	0	0	0	0	0	0	0	0	0	0	0	0	0	0	0	0	0	0	0	0	0	0	0	0	2003	0
LFQ	60	0	0	0	0	0	0	0	0	0	0	0	0	0	0	0	0	0	0	0	0	0	0	0	0	0	0	0	0	0	0	2003	0
LFQ	61	0	0	0	0	0	0	0	0	0	0	0	0	0	0	0	0	0	0	0	0	0	0	0	0	0	0	0	0	0	0	2003	0
LFQ	62	0	0	0	0	0	0	0	0	0	0	0	0	0	0	0	0	0	0	0	0	0	0	0	0	0	0	0	0	0	0	2003	0
LFQ	63	0	0	0	0	0	0	0	0	0	0	0	0	0	0	0	0	0	0	0	0	0	0	0	0	0	0	0	0	0	0	2003	0
LFQ	64	0	0	0	0	0	0	0	0	0	0	0	0	0	0	0	0	0	0	0	0	0	0	0	0	0	0	0	0	0	0	2003	0
LFQ	65	0	0	0	0	0	0	0	0	0	0	0	0	0	0	0	0	0	0	0	0	0	0	0	0	0	0	0	0	0	0	2003	0
LFQ	66	0	0	0	0	0	0	0	0	0	0	0	0	0	0	0	0	0	0	0	0	0	0	0	0	0	0	0	0	0	0	2003	0
LFQ	67	0	0	0	0	0	0	0	0	0	0	0	0	0	0	0	0	0	0	0	0	0	0	0	0	0	0	0	0	0	0	2003	0
LFQ	68	0	0	0	0	0	0	0	0	0	0	0	0	0	0	0	0	0	0	0	0	0	0	0	0	0	0	0	0	0	0	2003	0
LFQ	69	0	0	0	0	0	0	0	0	0	0	0	0	0	0	0	0	0	0	0	0	0	0	0	0	0	0	0	0	0	0	2003	0
LFQ	70	0	0	0	0	0	0	0	0	0	0	0	0	0	0	0	0	0	0	0	0	0	0	0	0	0	0	0	0	0	0	2003	0
LFQ	71	0	0	0	0	0	0	0	0	0	0	0	0	0	0	0	0	0	0	0	0	0	0	0	0	0	0	0	0	0	0	2003	0
LFQ	72	0	0	0	0	0	0	0	0	0	0	0	0	0	0	0	0	0	0	0	0	0	0	0	0	0	0	0	0	0	0	2003	0
LFQ	73	0	0	0	0	0	0	0	0	0	0	0	0	0	0	0	0	0	0	0	0	0	0	0	0	0	0	0	0	0	0	2003	0
LFQ	74	0	0	0	0	0	0	0	0	0	0	0	0	0	0	0	0	0	0	0	0	0	0	0	0	0	0	0	0	0	0	2003	0
LFQ	75	0	0	0	0	0	0	0	0	0	0	0	0	0	0	0	0	0	0	0	0	0	0	0	0	0	0	0	0	0	0	2003	0
LFQ	76	0	0	0	0	0	0	0	0	0	0	0	0	0	0	0	0	0	0	0	0	0	0	0	0	0	0	0	0	0	0	2003	0
LFQ	77	0	0	0	0	0	0	0	0	0	0	0	0	0	0	0	0	0	0	0	0	0	0	0	0	0	0	0	0	0	0	2003	0
LFQ	78	0	0	0	0	0	0	0	0	0	0	0	0	0	0	0	0	0	0	0	0	0	0	0	0	0	0	0	0	0	0	2003	0
LFQ	79	0	0	0	0	0	0	0	0	0	0	0	0	0	0	0	0	0	0	0	0	0	0	0	0	0	0	0	0	0	0	2003	0
LFQ	80	0	0	0	0	0	0	0	0	0	0	0	0	0	0	0	0	0	0	0	0	0	0	0	0	0	0	0	0	0	0	2003	0
LFQ	81	0	0	0	0	0	0	0	0	0	0	0	0	0	0	0	0	0	0	0	0	0	0	0	0	0	0	0	0	0	0	2003	0
LFQ	82	0	0	0	0	0	0	0	0	0	0	0	0	0	0	0	0	0	0	0	0	0	0	0	0	0	0	0	0	0	0	2003	0
LFQ	83	0	0	0	0	0	0	0	0	0	0	0	0	0	0	0	0	0	0	0	0	0	0	0	0	0	0	0	0	0	0	2003	0
LFQ	84	0	0	0	0	0	0	0	0	0	0	0	0	0	0	0	0	0	0	0	0	0	0	0	0	0	0	0	0	0	0	2003	0
LFQ	85	0	0	0	0	0	0	0	0	0	0	0	0	0	0	0	0	0	0	0	0	0	0	0	0	0	0	0	0	0	0	2003	0
LFQ	86	0	0	0	0	0	0	0	0	0	0	0	0	0	0	0	0	0	0	0	0	0	0	0	0	0	0	0	0	0	0	2003	0
LFQ	87	0	0	0	0	0	0	0	0	0	0	0	0	0	0	0	0	0	0	0	0	0	0	0	0	0	0	0	0	0	0	2003	0
LFQ	88	0	0	0	0	0	0	0	0	0	0	0	0	0	0	0	0	0	0	0	0	0	0	0	0	0	0	0	0	0	0	2003	0
LFQ	89	0	0	0	0	0	0	0	0	0	0	0	0	0	0	0	0	0	0	0	0	0	0	0	0	0	0	0	0	0	0	2003	0
LFQ	90	0	0	0	0	0	0	0	0	0	0	0	0	0	0	0	0	0	0	0	0	0	0	0	0	0	0	0	0	0	0	2003	0
LFQ	91	0	0	0	0	0	0	0	0	0	0	0	0	0	0	0	0	0	0	0	0	0	0	0	0	0	0	0	0	0	0	2003	0
LFQ	92	0	0	0	0	0	0	0	0	0	0	0	0	0	0	0	0	0	0	0	0	0	0	0	0	0	0	0	0	0	0	2003	0
LFQ	93	0	0	0	0	0	0	0	0	0	0	0	0	0	0	0	0	0	0	0	0	0	0	0	0	0	0	0	0	0	0	2003	0
LFQ	94	0	0	0	0	0	0	0	0	0	0	0	0	0	0	0	0	0	0	0	0	0	0	0	0	0	0	0	0	0	0	2003	0
LFQ	95	0	0	0	0	0	0	0	0	0	0	0	0	0	0	0	0	0	0	0	0	0	0	0	0	0	0	0	0	0	0	2003	0
LFQ	96	0	0	0	0	0	0	0	0	0	0	0	0	0	0	0	0	0	0	0	0	0	0	0	0	0	0	0	0	0	0	2003	0
LFQ	97	0	0	0	0	0	0	0	0	0	0	0	0	0	0	0	0	0	0	0	0	0	0	0	0	0	0	0	0	0	0	2003	0
LFQ	98	0	0	0	0	0	0	0	0	0	0	0	0	0	0	0	0	0	0	0	0	0	0	0	0	0	0	0	0	0	0	2003	0
LFQ	99	0	0	0	0	0	0	0	0	0	0	0	0	0	0	0	0	0	0	0	0	0	0	0	0	0	0	0	0	0	0	2003	0
LFQ	100	0	0	0	0	0	0	0	0	0	0	0	0	0	0	0	0	0	0	0	0	0	0	0	0	0	0	0	0	0	0	2003	0
LFQ	101	0	0	0	0	0	0	0	0	0	0	0	0	0	0	0	0	0	0	0	0	0	0	0	0	0	0	0	0	0	0	2003	0
LFQ	102	0	0	0	0	0	0	0	0	0	0	0	0	0	0	0	0	0	0	0	0	0	0	0	0	0	0	0	0	0	0	2003	0
LFQ	103	0	0	0	0	0	0	0	0	0	0	0	0	0	0	0	0	0	0	0	0	0	0	0	0	0	0	0	0	0	0	2003	0
LFQ	104	0	0	0	0	0	0	0	0	0	0	0	0	0	0	0	0	0	0	0	0	0	0	0	0	0	0	0	0	0	0	2003	0
LFQ	105	0	0	0	0	0	0	0	0	0	0	0	0	0	0	0	0	0	0	0	0	0	0	0	0	0	0	0	0	0	0	2003	0
LFQ	106	0	0	0	0	0	0	0	0	0	0	0	0	0	0	0	0	0	0	0	0	0	0	0	0	0	0	0	0	0	0	2003	0
LFQ	107	0	0	0	0	0	0	0	0	0	0	0	0	0	0	0	0	0	0	0	0	0	0	0	0	0	0	0	0	0	0	2003	0
LFQ	108	0	0	0	0	0	0	0	0	0	0	0	0	0	0	0	0	0	0	0	0	0	0	0	0	0	0	0	0	0	0	2003	0
LFQ	109	0	0	0	0	0	0	0	0	0	0	0	0	0	0	0	0	0	0	0	0	0	0	0	0	0	0	0	0	0	0	2003	0
LFQ	110	0	0	0	0	0	0	0	0	0	0	0	0	0	0	0	0	0	0	0	0	0	0	0	0	0	0	0	0	0	0	2003	0
LFQ	111	0	0	0	0	0	0	0	0	0	0	0	0	0	0	0	0	0	0	0	0	0	0	0	0	0	0	0	0	0	0	2003	0
LFQ	112	0	0	0	0	0	0	0	0	0	0	0	0	0	0	0	0	0	0	0	0	0	0	0	0	0	0	0	0	0	0	2003	0
LFQ	113	0	0	0	0	0	0	0	0	0	0	0	0	0	0	0	0	0	0	0	0	0	0	0	0	0	0	0	0	0	0	2003	0
LFQ	114	0	0	0	0	0	0	0	0	0	0	0	0	0	0	0	0	0	0	0	0	0	0	0	0	0	0	0	0	0	0	2003	0
LFQ	115	0	0	0	0	0	0	0	0	0	0	0	0	0	0	0	0	0	0	0	0	0	0	0	0	0	0	0	0	0	0	2003	0
LFQ	116	0	0	0	0	0	0	0	0	0	0	0	0	0	0	0	0	0	0	0	0	0	0	0	0	0	0	0	0	0	0	2003	0
LFQ	117	0	0	0	0	0	0	0	0	0	0	0	0	0	0	0	0	0	0	0	0	0	0	0	0	0	0	0	0	0	0	2003	0
LFQ	118	0	0	0	0	0	0	0	0	0	0	0	0	0	0	0	0	0	0	0	0	0	0	0	0	0	0	0	0	0	0	2003	0
LFQ	119	0	0	0	0	0	0	0	0	0	0	0	0	0	0	0	0	0	0	0	0	0	0	0	0	0	0	0	0	0	0	2003	0
LFQ	120	0	0	0	0	0	0	0	0	0	0	0	0	0	0	0	0	0	0	0	0	0	0	0	0	0	0	0	0	0	0	2003	0
LFQ	121	0	0	0	0	0	0	0	0	0	0	0	0	0	0	0	0	0	0	0	0	0	0	0	0	0	0	0	0	0	0	2003	0
LFQ	122	0	0	0	0	0	0	0	0	0	0	0	0	0	0	0	0	0	0	0	0	0	0	0	0	0	0	0	0	0	0	2003	0
LFQ	123	0	0	0	0	0	0	0	0	0	0	0	0	0	0	0	0	0	0	0	0	0	0	0	0	0	0	0	0	0	0	2003	0
LFQ	124	0	0	0	0	0	0	0	0	0	0	0	0	0	0	0	0	0	0	0	0	0	0	0	0	0	0	0	0	0	0	2003	0
LFQ	125	0	0	0	0	0	0	0	0	0	0	0	0	0	0	0	0	0	0	0	0	0	0	0	0	0	0	0	0	0	0	2003	0
LFQ	126	0	0	0	0	0	0	0	0	0	0	0	0	0	0	0	0	0	0	0	0	0	0	0	0	0	0	0	0	0	0	2003	0
LFQ	127	0	0	0	0	0	0	0	0	0	0	0	0	0	0	0	0	0	0	0	0	0	0	0	0	0	0	0	0	0	0	2003	0
LFQ	128	0	0	0	0	0	0	0	0	0	0	0	0	0	0	0	0	0	0	0	0	0	0	0	0	0	0	0	0	0	0	2003	0
LFQ	129	0	0	0	0	0	0	0	0	0	0	0	0	0	0	0	0	0	0	0	0	0	0	0	0	0	0	0	0	0	0	2003	0
LFQ	130	0	0	0	0	0	0	0	0	0	0	0	0	0	0	0	0	0	0	0	0	0	0	0	0	0	0	0	0	0	0	2003	0
LFQ	131	0	0	0	0	0	0	0	0	0	0	0	0	0	0	0	0	0	0	0	0	0	0	0	0	0	0	0	0	0	0	2003	0
LFQ	132	0	0	0	0	0	0	0	0	0	0	0	0	0	0	0	0	0	0	0	0	0	0	0	0	0	0	0	0	0	0	2003	0
LFQ	133	0	0	0	0	0	0	0	0	0	0	0	0	0	0	0	0	0	0	0	0	0	0	0	0	0	0	0	0	0	0	2003	0
LFQ	134	0	0	0	0	0	0	0	0	0	0	0	0	0	0	0	0	0	0	0	0	0	0	0	0	0	0	0	0	0	0	2003	0
LFQ	135	0	0	0	0	0	0	0	0	0	0	0	0	0	0	0	0	0	0	0	0	0	0	0	0	0	0	0	0	0	0	2003	0
LFQ	136	0	0	0	0	0	0	0	0	0	0	0	0	0	0	0	0	0	0	0	0	0	0	0	0	0	0	0	0	0	0	2003	0
LFQ	137	0	0	0	0	0	0	0	0	0	0	0	0	0	0	0	0	0	0	0	0	0	0	0	0	0	0	0	0	0	0	2003	0
LFQ	138	0	0	0	0	0	0	0	0	0	0	0	0	0	0	0	0	0	0	0	0	0	0	0	0	0	0	0	0	0	0	2003	0
LFQ	139	0	0	0	0	0	0	0	0	0	0	0	0	0	0	0	0	0	0	0	0	0	0	0	0	0	0	0	0	0	0	2003	0
LFQ	140	0	0	0	0	0	0	0	0	0	0	0	0	0	0	0	0	0	0	0	0	0	0	0	0	0	0	0	0	0	0	2003	0
LFQ	141	0	0	0	0	0	0	0	0	0	0	0	0	0	0	0	0	0	0	0	0	0	0	0	0	0	0	0	0	0	0	2003	0
LFQ	142	0	0	0	0	0	0	0	0	0	0	0	0	0	0	0	0	0	0	0	0	0	0	0	0	0	0	0	0	0	0	2003	0
LFQ	143	0	0	0	0	0	0	0	0	0	0	0	0	0	0	0	0	0	0	0	0	0	0	0	0	0	0	0	0	0	0	2003	0
LFQ	144	0	0	0	0	0	0	0	0	0	0	0	0	0	0	0	0	0	0	0	0	0	0	0	0	0	0	0	0	0	0	2003	0
LFQ	145	0	0	0	0	0	0	0	0	0	0	0	0	0	0	0	0	0	0	0	0	0	0	0	0	0	0	0	0	0	0	2003	0
LFQ	146	0	0	0	0	0	0	0	0	0	0	0	0	0	0	0	0	0	0	0	0	0	0	0	0	0	0	0	0	0	0	2003	0
LFQ	147	0	0	0	0	0	0	0	0	0	0	0	0	0	0	0	0	0	0	0	0	0	0	0	0	0	0	0	0	0	0	2003	0
LFQ	148	0	0	0	0	0	0	0	0	0	0	0	0	0	0	0	0	0	0	0	0	0	0	0	0	0	0	0	0	0	0	2003	0
LFQ	149	0	0	0	0	0	0	0	0	0	0	0	0	0	0	0	0	0	0	0	0	0	0	0	0	0	0	0	0	0	0	2003	0
LFQ	150	0	0	0	0	0	0	0	0	0	0	0	0	0	0	0	0	0	0	0	0	0	0	0	0	0	0	0	0	0	0	2003	0
# GC Content of first fragments. Use `grep ^GCF | cut -f 2-` to extract this part.
GCF	3.27	0
GCF	7.04	1
GCF	12.56	0
GCF	19.10	2
GCF	21.11	3
GCF	22.11	1
GCF	22.86	6
GCF	23.37	7
GCF	24.12	9
GCF	25.13	10
GCF	26.13	12
GCF	26.88	18
GCF	27.39	19
GCF	28.14	21
GCF	28.89	39
GCF	29.40	36
GCF	30.15	27
GCF	30.90	33
GCF	31.41	52
GCF	32.16	46
GCF	32.91	55
GCF	33.42	66
GCF	33.92	77
GCF	34.67	74
GCF	35.43	64
GCF	35.93	86
GCF	36.68	80
GCF	37.44	72
GCF	37.94	70
GCF	38.69	61
GCF	39.45	60
GCF	39.95	73
GCF	40.70	65
GCF	41.46	63
GCF	41.96	45
GCF	42.71	57
GCF	43.47	51
GCF	43.97	57
GCF	44.72	49
GCF	45.73	53
GCF	46.73	47
GCF	47.49	38
GCF	47.99	31
GCF	48.74	30
GCF	49.50	27
GCF	50.00	16
GCF	50.75	17
GCF	51.51	19
GCF	52.01	15
GCF	52.76	9
GCF	53.77	11
GCF	54.77	8
GCF	55.78	2
GCF	56.78	5
GCF	57.79	3
GCF	58.79	2
GCF	59.55	3
GCF	60.05	4
GCF	60.80	2
GCF	61.81	0
GCF	63.07	1
GCF	65.33	0
GCF	67.34	1
GCF	69.10	0
GCF	71.11	1
# GC Content of last fragments. Use `grep ^GCL | cut -f 2-` to extract this part.
GCL	8.79	0
GCL	18.34	2
GCL	19.35	0
GCL	20.35	2
GCL	21.36	3
GCL	22.11	7
GCL	22.86	4
GCL	23.37	5
GCL	24.12	9
GCL	24.87	19
GCL	25.38	13
GCL	26.13	15
GCL	26.88	17
GCL	27.39	19
GCL	28.14	31
GCL	28.89	27
GCL	29.90	30
GCL	30.90	36
GCL	31.91	41
GCL	32.91	58
GCL	33.42	51
GCL	33.92	71
GCL	34.67	79
GCL	35.43	92
GCL	35.93	89
GCL	36.68	79
GCL	37.44	88
GCL	37.94	74
GCL	38.69	61
GCL	39.45	56
GCL	39.95	80
GCL	40.70	75
GCL	41.46	59
GCL	41.96	74
GCL	42.71	60
GCL	43.47	48
GCL	43.97	38
GCL	44.97	49
GCL	45.98	31
GCL	46.98	42
GCL	47.99	35
GCL	48.74	27
GCL	49.50	13
GCL	50.00	8
GCL	50.75	16
GCL	51.51	19
GCL	52.01	13
GCL	52.76	15
GCL	53.52	9
GCL	54.02	4
GCL	54.77	7
GCL	55.53	4
GCL	56.03	6
GCL	57.29	4
GCL	58.79	5
GCL	59.55	0
GCL	60.80	1
GCL	62.06	0
GCL	62.81	2
GCL	63.82	0
GCL	64.82	1
GCL	65.58	0
GCL	66.08	1
GCL	67.09	0
GCL	68.34	1
GCL	69.60	0
GCL	70.60	1
# ACGT content per cycle. Use `grep ^GCC | cut -f 2-` to extract this part. The columns are: cycle; A,C,G,T base counts as a percentage of all A/C/G/T bases [%]; and N and O counts as a percentage of all A/C/G/T bases [%]
GCC	1	29.66	20.24	18.75	31.35	0.00	0.00
GCC	2	31.93	19.20	17.32	31.55	0.00	0.00
GCC	3	30.10	20.04	18.72	31.13	0.00	0.00
GCC	4	30.88	19.92	17.85	31.35	0.00	0.00
GCC	5	30.83	20.24	18.62	30.30	0.00	0.00
GCC	6	31.05	20.34	18.35	30.25	0.00	0.00
GCC	7	30.58	19.75	18.40	31.28	0.00	0.00
GCC	8	29.93	19.90	18.05	32.13	0.00	0.00
GCC	9	30.78	19.95	18.10	31.18	0.00	0.00
GCC	10	31.35	20.44	17.40	30.80	0.00	0.00
GCC	11	30.35	21.02	18.75	29.88	0.00	0.00
GCC	12	31.78	19.40	18.20	30.63	0.00	0.00
GCC	13	31.83	20.02	18.32	29.83	0.00	0.00
GCC	14	30.53	19.57	18.17	31.73	0.00	0.00
GCC	15	29.16	20.57	18.80	31.48	0.00	0.00
GCC	16	30.68	20.02	18.87	30.43	0.00	0.00
GCC	17	29.46	20.09	18.50	31.95	0.00	0.00
GCC	18	31.38	19.50	17.72	31.40	0.00	0.00
GCC	19	32.20	19.45	17.82	30.53	0.00	0.00
GCC	20	30.55	21.09	18.40	29.96	0.00	0.00
GCC	21	31.08	19.15	17.82	31.95	0.00	0.00
GCC	22	30.83	20.29	18.42	30.45	0.00	0.00
GCC	23	29.66	19.75	18.82	31.78	0.00	0.00
GCC	24	30.23	20.04	17.95	31.78	0.00	0.00
GCC	25	31.08	19.55	19.35	30.03	0.00	0.00
GCC	26	29.38	20.99	18.10	31.53	0.00	0.00
GCC	27	30.25	20.17	18.82	30.75	0.00	0.00
GCC	28	31.50	19.62	18.30	30.58	0.00	0.00
GCC	29	31.33	20.27	18.10	30.30	0.00	0.00
GCC	30	31.30	19.75	19.32	29.63	0.00	0.00
GCC	31	30.28	19.80	18.77	31.15	0.00	0.00
GCC	32	30.55	20.14	18.52	30.78	0.00	0.00
GCC	33	29.78	21.37	19.82	29.03	0.00	0.00
GCC	34	30.35	19.25	18.90	31.50	0.00	0.00
GCC	35	31.05	18.60	19.67	30.68	0.00	0.00
GCC	36	29.83	19.90	18.60	31.68	0.00	0.00
GCC	37	30.75	20.19	18.82	30.23	0.00	0.00
GCC	38	30.85	19.52	18.92	30.70	0.00	0.00
GCC	39	30.00	20.07	18.45	31.48	0.00	0.00
GCC	40	30.58	20.52	18.40	30.50	0.00	0.00
GCC	41	29.88	19.52	18.70	31.90	0.00	0.00
GCC	42	30.43	20.24	19.17	30.15	0.00	0.00
GCC	43	30.23	20.84	18.32	30.60	0.00	0.00
GCC	44	29.66	19.47	20.22	30.65	0.00	0.00
GCC	45	30.63	19.37	19.27	30.73	0.00	0.00
GCC	46	30.13	20.09	18.72	31.05	0.00	0.00
GCC	47	30.58	20.77	18.35	30.30	0.00	0.00
GCC	48	30.53	20.37	18.75	30.35	0.00	0.00
GCC	49	30.28	19.95	18.12	31.65	0.00	0.00
GCC	50	31.10	19.32	20.39	29.18	0.00	0.00
GCC	51	30.30	20.22	18.77	30.70	0.00	0.00
GCC	52	30.20	19.77	18.77	31.25	0.00	0.00
GCC	53	30.53	20.49	19.10	29.88	0.00	0.00
GCC	54	30.58	19.92	18.47	31.03	0.00	0.00
GCC	55	30.90	19.00	18.52	31.58	0.00	0.00
GCC	56	29.91	20.17	18.97	30.95	0.00	0.00
GCC	57	31.13	19.17	18.17	31.53	0.00	0.00
GCC	58	29.56	19.87	19.10	31.48	0.00	0.00
GCC	59	31.45	19.00	18.47	31.08	0.00	0.00
GCC	60	31.45	19.62	17.87	31.05	0.00	0.00
GCC	61	30.43	20.24	19.60	29.73	0.00	0.00
GCC	62	31.48	19.75	17.95	30.83	0.00	0.00
GCC	63	30.80	19.72	20.00	29.48	0.00	0.00
GCC	64	30.83	19.90	18.50	30.78	0.00	0.00
GCC	65	30.93	19.12	18.42	31.53	0.00	0.00
GCC	66	29.93	20.57	18.05	31.45	0.00	0.00
GCC	67	30.10	20.54	18.85	30.50	0.00	0.00
GCC	68	30.98	19.35	17.82	31.85	0.00	0.00
GCC	69	30.90	19.70	18.52	30.88	0.00	0.00
GCC	70	30.95	19.75	18.12	31.18	0.00	0.00
GCC	71	29.13	20.39	19.27	31.20	0.00	0.00
GCC	72	30.63	20.22	18.55	30.60	0.00	0.00
GCC	73	31.08	19.92	19.50	29.51	0.00	0.00
GCC	74	29.03	20.24	19.35	31.38	0.00	0.00
GCC	75	30.08	19.37	18.55	32.00	0.00	0.00
GCC	76	30.03	20.47	18.92	30.58	0.00	0.00
GCC	77	31.93	19.02	18.25	30.80	0.00	0.00
GCC	78	31.40	19.32	19.50	29.78	0.00	0.00
GCC	79	29.93	20.84	18.52	30.70	0.00	0.00
GCC	80	30.98	19.42	18.90	30.70	0.00	0.00
GCC	81	29.13	19.87	18.92	32.08	0.00	0.00
GCC	82	30.13	20.22	19.37	30.28	0.00	0.00
GCC	83	30.75	20.19	18.82	30.23	0.00	0.00
GCC	84	30.10	19.37	18.70	31.83	0.00	0.00
GCC	85	29.26	20.87	19.65	30.23	0.00	0.00
GCC	86	29.86	20.67	18.67	30.80	0.00	0.00
GCC	87	31.05	19.45	18.12	31.38	0.00	0.00
GCC	88	30.90	19.42	19.25	30.43	0.00	0.00
GCC	89	29.56	19.67	20.12	30.65	0.00	0.00
GCC	90	30.78	19.50	19.37	30.35	0.00	0.00
GCC	91	30.78	20.42	18.47	30.33	0.00	0.00
GCC	92	29.48	20.62	18.25	31.65	0.00	0.00
GCC	93	30.45	19.67	19.37	30.50	0.00	0.00
GCC	94	29.86	20.89	18.60	30.65	0.00	0.00
GCC	95	29.18	21.14	19.02	30.65	0.00	0.00
GCC	96	31.10	19.97	19.57	29.36	0.00	0.00
GCC	97	30.85	19.02	19.15	30.98	0.00	0.00
GCC	98	29.88	20.59	18.60	30.93	0.00	0.00
GCC	99	30.58	18.90	19.42	31.10	0.00	0.00
GCC	100	30.70	19.60	19.12	30.58	0.00	0.00
GCC	101	30.68	19.62	18.82	30.88	0.00	0.00
GCC	102	30.48	19.97	19.02	30.53	0.00	0.00
GCC	103	29.73	19.97	18.90	31.40	0.00	0.00
GCC	104	30.43	19.45	18.90	31.23	0.00	0.00
GCC	105	30.55	19.47	18.85	31.13	0.00	0.00
GCC	106	30.53	20.64	18.77	30.05	0.00	0.00
GCC	107	30.30	19.60	19.15	30.95	0.00	0.00
GCC	108	31.35	19.15	19.17	30.33	0.00	0.00
GCC	109	31.43	19.17	19.32	30.08	0.00	0.00
GCC	110	30.38	20.04	19.57	30.00	0.00	0.00
GCC	111	30.85	19.10	18.75	31.30	0.00	0.00
GCC	112	31.08	21.29	18.20	29.43	0.00	0.00
GCC	113	30.60	20.39	18.52	30.48	0.00	0.00
GCC	114	31.53	20.34	18.85	29.28	0.00	0.00
GCC	115	29.98	20.29	18.60	31.13	0.00	0.00
GCC	116	29.61	19.85	19.25	31.30	0.00	0.00
GCC	117	29.83	20.24	19.25	30.68	0.00	0.00
GCC	118	30.13	19.27	20.12	30.48	0.00	0.00
GCC	119	31.25	19.97	18.07	30.70	0.00	0.00
GCC	120	30.98	20.27	19.10	29.66	0.00	0.00
GCC	121	30.10	20.72	19.22	29.96	0.00	0.00
GCC	122	29.78	20.87	17.95	31.40	0.00	0.00
GCC	123	30.45	19.87	18.45	31.23	0.00	0.00
GCC	124	30.65	20.04	19.00	30.30	0.00	0.00
GCC	125	30.60	19.80	18.95	30.65	0.00	0.00
GCC	126	30.48	19.72	18.60	31.20	0.00	0.00
GCC	127	29.81	19.45	19.50	31.25	0.00	0.00
GCC	128	30.03	20.37	17.32	32.28	0.00	0.00
GCC	129	30.13	20.34	18.70	30.83	0.00	0.00
GCC	130	30.35	19.82	18.80	31.03	0.00	0.00
GCC	131	30.70	19.45	18.72	31.13	0.00	0.00
GCC	132	31.15	20.02	19.10	29.73	0.00	0.00
GCC	133	30.43	19.17	20.02	30.38	0.00	0.00
GCC	134	30.85	20.59	18.27	30.28	0.00	0.00
GCC	135	29.31	19.55	19.32	31.83	0.00	0.00
GCC	136	30.68	20.12	19.20	30.00	0.00	0.00
GCC	137	29.71	21.29	17.95	31.05	0.00	0.00
GCC	138	29.68	19.45	18.77	32.10	0.00	0.00
GCC	139	29.68	19.57	19.07	31.68	0.00	0.00
GCC	140	29.88	19.65	19.65	30.83	0.00	0.00
GCC	141	31.23	18.47	18.05	32.25	0.00	0.00
GCC	142	29.48	20.32	18.80	31.40	0.00	0.00
GCC	143	30.30	18.85	20.34	30.50	0.00	0.00
GCC	144	30.13	20.49	18.97	30.40	0.00	0.00
GCC	145	31.83	18.85	19.05	30.28	0.00	0.00
GCC	146	29.23	20.82	18.47	31.48	0.00	0.00
GCC	147	30.73	19.27	18.55	31.45	0.00	0.00
GCC	148	30.58	19.27	19.82	30.33	0.00	0.00
GCC	149	29.56	19.72	19.00	31.73	0.00	0.00
GCC	150	29.48	19.20	18.37	32.95	0.00	0.00
# ACGT content per cycle, read oriented. Use `grep ^GCT | cut -f 2-` to extract this part. The columns are: cycle; A,C,G,T base counts as a percentage of all A/C/G/T bases [%]
GCT	1	30.93	19.70	19.30	30.08
GCT	2	31.80	19.25	17.27	31.68
GCT	3	29.78	19.50	19.27	31.45
GCT	4	31.03	18.95	18.82	31.20
GCT	5	29.13	19.87	19.00	32.00
GCT	6	30.65	19.52	19.17	30.65
GCT	7	30.50	19.55	18.60	31.35
GCT	8	31.40	19.75	18.20	30.65
GCT	9	30.53	19.57	18.47	31.43
GCT	10	30.05	19.52	18.32	32.10
GCT	11	30.68	18.97	20.79	29.56
GCT	12	31.35	19.05	18.55	31.05
GCT	13	30.23	19.75	18.60	31.43
GCT	14	30.98	19.10	18.65	31.28
GCT	15	30.95	19.75	19.62	29.68
GCT	16	30.23	19.30	19.60	30.88
GCT	17	30.73	19.80	18.80	30.68
GCT	18	31.65	19.25	17.97	31.13
GCT	19	31.40	18.92	18.35	31.33
GCT	20	29.71	20.47	19.02	30.80
GCT	21	31.28	19.22	17.75	31.75
GCT	22	30.35	20.29	18.42	30.93
GCT	23	30.90	19.87	18.70	30.53
GCT	24	30.95	18.75	19.25	31.05
GCT	25	31.05	19.50	19.40	30.05
GCT	26	29.16	19.45	19.65	31.75
GCT	27	29.58	19.62	19.37	31.43
GCT	28	32.10	18.85	19.07	29.98
GCT	29	31.40	19.22	19.15	30.23
GCT	30	30.73	18.80	20.27	30.20
GCT	31	30.75	19.40	19.17	30.68
GCT	32	30.73	19.75	18.92	30.60
GCT	33	29.73	20.44	20.74	29.08
GCT	34	31.10	19.17	18.97	30.75
GCT	35	31.48	20.64	17.62	30.25
GCT	36	30.38	19.47	19.02	31.13
GCT	37	30.70	19.72	19.30	30.28
GCT	38	30.58	19.02	19.42	30.98
GCT	39	31.15	19.85	18.67	30.33
GCT	40	29.78	18.90	20.02	31.30
GCT	41	30.98	19.15	19.07	30.80
GCT	42	30.35	19.35	20.07	30.23
GCT	43	31.48	19.92	19.25	29.36
GCT	44	30.55	19.90	19.80	29.76
GCT	45	30.25	19.52	19.12	31.10
GCT	46	30.65	19.60	19.22	30.53
GCT	47	30.95	20.82	18.30	29.93
GCT	48	30.18	19.45	19.67	30.70
GCT	49	30.90	19.35	18.72	31.03
GCT	50	30.03	19.67	20.04	30.25
GCT	51	29.83	19.02	19.97	31.18
GCT	52	30.28	19.12	19.42	31.18
GCT	53	29.38	20.07	19.52	31.03
GCT	54	31.05	19.07	19.32	30.55
GCT	55	31.25	18.17	19.35	31.23
GCT	56	31.03	19.42	19.72	29.83
GCT	57	31.73	17.95	19.40	30.93
GCT	58	30.68	18.97	20.00	30.35
GCT	59	31.78	19.05	18.42	30.75
GCT	60	31.13	19.12	18.37	31.38
GCT	61	29.96	19.30	20.54	30.20
GCT	62	30.55	19.45	18.25	31.75
GCT	63	30.05	20.34	19.37	30.23
GCT	64	30.38	18.37	20.02	31.23
GCT	65	31.35	18.77	18.77	31.10
GCT	66	29.96	18.32	20.29	31.43
GCT	67	31.93	19.65	19.75	28.68
GCT	68	31.95	18.30	18.87	30.88
GCT	69	31.43	19.10	19.12	30.35
GCT	70	31.23	19.15	18.72	30.90
GCT	71	29.81	19.80	19.87	30.53
GCT	72	31.18	19.65	19.12	30.05
GCT	73	30.30	19.97	19.45	30.28
GCT	74	30.70	19.75	19.85	29.71
GCT	75	30.38	18.80	19.12	31.70
GCT	76	31.10	20.02	19.37	29.51
GCT	77	32.25	19.07	18.20	30.48
GCT	78	32.08	19.12	19.70	29.11
GCT	79	30.63	20.32	19.05	30.00
GCT	80	31.25	19.47	18.85	30.43
GCT	81	30.15	18.72	20.07	31.05
GCT	82	29.78	20.74	18.85	30.63
GCT	83	30.30	19.52	19.50	30.68
GCT	84	31.80	19.60	18.47	30.13
GCT	85	30.05	20.59	19.92	29.43
GCT	86	30.45	20.04	19.30	30.20
GCT	87	30.25	19.12	18.45	32.18
GCT	88	31.15	19.60	19.07	30.18
GCT	89	29.43	19.92	19.87	30.78
GCT	90	32.13	19.82	19.05	29.01
GCT	91	30.98	19.20	19.70	30.13
GCT	92	31.85	20.42	18.45	29.28
GCT	93	30.35	19.80	19.25	30.60
GCT	94	30.15	19.37	20.12	30.35
GCT	95	29.88	20.57	19.60	29.96
GCT	96	30.43	19.72	19.82	30.03
GCT	97	31.30	19.35	18.82	30.53
GCT	98	30.95	19.40	19.80	29.86
GCT	99	30.73	18.87	19.45	30.95
GCT	100	30.58	19.20	19.52	30.70
GCT	101	30.68	18.10	20.34	30.88
GCT	102	31.13	19.50	19.50	29.88
GCT	103	31.13	19.25	19.62	30.00
GCT	104	31.93	19.22	19.12	29.73
GCT	105	30.08	18.87	19.45	31.60
GCT	106	30.75	19.30	20.12	29.83
GCT	107	31.20	20.37	18.37	30.05
GCT	108	30.23	19.15	19.17	31.45
GCT	109	31.15	18.82	19.67	30.35
GCT	110	30.23	19.97	19.65	30.15
GCT	111	31.45	19.12	18.72	30.70
GCT	112	30.85	19.75	19.75	29.66
GCT	113	29.73	19.20	19.72	31.35
GCT	114	30.48	19.52	19.67	30.33
GCT	115	29.78	18.22	20.67	31.33
GCT	116	30.95	20.17	18.92	29.96
GCT	117	31.25	19.75	19.75	29.26
GCT	118	30.43	19.50	19.90	30.18
GCT	119	30.20	19.35	18.70	31.75
GCT	120	30.20	19.17	20.19	30.43
GCT	121	31.60	20.00	19.95	28.46
GCT	122	30.93	19.65	19.17	30.25
GCT	123	30.85	19.65	18.67	30.83
GCT	124	29.46	19.87	19.17	31.50
GCT	125	30.60	20.12	18.62	30.65
GCT	126	31.15	19.22	19.10	30.53
GCT	127	31.00	19.97	18.97	30.05
GCT	128	32.15	18.27	19.42	30.15
GCT	129	30.93	18.72	20.32	30.03
GCT	130	31.50	20.04	18.57	29.88
GCT	131	29.28	19.55	18.62	32.55
GCT	132	31.68	20.12	19.00	29.21
GCT	133	29.91	19.37	19.82	30.90
GCT	134	30.18	20.29	18.57	30.95
GCT	135	30.43	19.95	18.92	30.70
GCT	136	30.70	18.77	20.54	29.98
GCT	137	29.88	19.35	19.90	30.88
GCT	138	30.40	18.70	19.52	31.38
GCT	139	30.75	19.87	18.77	30.60
GCT	140	31.30	19.80	19.50	29.41
GCT	141	30.98	17.30	19.22	32.50
GCT	142	29.58	19.15	19.97	31.30
GCT	143	30.30	19.57	19.62	30.50
GCT	144	30.83	20.42	19.05	29.71
GCT	145	31.93	19.72	18.17	30.18
GCT	146	30.60	19.87	19.42	30.10
GCT	147	30.73	18.45	19.37	31.45
GCT	148	30.85	19.02	20.07	30.05
GCT	149	31.15	19.60	19.12	30.13
GCT	150	30.90	19.15	18.42	31.53
# ACGT content per cycle for first fragments. Use `grep ^FBC | cut -f 2-` to extract this part. The columns are: cycle; A,C,G,T base counts as a percentage of all A/C/G/T bases [%]; and N and O counts as a percentage of all A/C/G/T bases [%]
FBC	1	28.96	20.62	19.32	31.10	0.00	0.00
FBC	2	30.80	19.42	17.27	32.50	0.00	0.00
FBC	3	30.30	19.67	19.07	30.95	0.00	0.00
FBC	4	30.55	19.47	19.67	30.30	0.00	0.00
FBC	5	30.20	19.17	18.87	31.75	0.00	0.00
FBC	6	30.25	20.47	17.62	31.65	0.00	0.00
FBC	7	29.51	18.82	18.37	33.30	0.00	0.00
FBC	8	28.91	19.42	18.37	33.30	0.00	0.00
FBC	9	30.00	20.42	18.52	31.05	0.00	0.00
FBC	10	31.90	20.32	18.02	29.76	0.00	0.00
FBC	11	30.70	21.17	19.07	29.06	0.00	0.00
FBC	12	31.10	19.57	18.42	30.90	0.00	0.00
FBC	13	32.30	19.67	18.32	29.71	0.00	0.00
FBC	14	31.80	19.22	18.57	30.40	0.00	0.00
FBC	15	29.76	21.12	18.47	30.65	0.00	0.00
FBC	16	30.50	20.07	18.52	30.90	0.00	0.00
FBC	17	28.71	20.77	18.92	31.60	0.00	0.00
FBC	18	31.25	19.97	18.12	30.65	0.00	0.00
FBC	19	33.30	19.77	17.12	29.81	0.00	0.00
FBC	20	30.85	21.02	19.12	29.01	0.00	0.00
FBC	21	30.75	18.27	17.82	33.15	0.00	0.00
FBC	22	31.25	20.32	18.12	30.30	0.00	0.00
FBC	23	30.05	18.47	19.47	32.00	0.00	0.00
FBC	24	29.66	19.47	19.07	31.80	0.00	0.00
FBC	25	31.15	19.77	19.02	30.05	0.00	0.00
FBC	26	29.91	20.37	18.77	30.95	0.00	0.00
FBC	27	31.55	20.12	18.12	30.20	0.00	0.00
FBC	28	32.55	18.22	19.17	30.05	0.00	0.00
FBC	29	32.25	18.92	18.62	30.20	0.00	0.00
FBC	30	31.90	20.22	18.72	29.16	0.00	0.00
FBC	31	31.50	20.77	16.97	30.75	0.00	0.00
FBC	32	30.65	20.42	18.87	30.05	0.00	0.00
FBC	33	28.61	21.62	19.67	30.10	0.00	0.00
FBC	34	29.41	18.97	18.67	32.95	0.00	0.00
FBC	35	30.45	19.02	20.17	30.35	0.00	0.00
FBC	36	29.66	20.22	19.92	30.20	0.00	0.00
FBC	37	31.10	20.12	19.62	29.16	0.00	0.00
FBC	38	30.70	20.27	18.62	30.40	0.00	0.00
FBC	39	29.86	20.27	19.02	30.85	0.00	0.00
FBC	40	30.75	20.12	18.57	30.55	0.00	0.00
FBC	41	28.86	19.67	18.52	32.95	0.00	0.00
FBC	42	31.65	18.52	19.47	30.35	0.00	0.00
FBC	43	29.96	20.92	17.47	31.65	0.00	0.00
FBC	44	29.26	19.52	21.02	30.20	0.00	0.00
FBC	45	30.45	19.67	19.62	30.25	0.00	0.00
FBC	46	29.46	19.97	19.07	31.50	0.00	0.00
FBC	47	30.55	20.27	17.87	31.30	0.00	0.00
FBC	48	29.66	18.97	19.82	31.55	0.00	0.00
FBC	49	31.00	19.77	18.57	30.65	0.00	0.00
FBC	50	32.20	18.42	19.32	30.05	0.00	0.00
FBC	51	29.81	20.67	19.02	30.50	0.00	0.00
FBC	52	29.46	20.37	19.07	31.10	0.00	0.00
FBC	53	30.30	19.87	20.57	29.26	0.00	0.00
FBC	54	31.50	18.42	18.47	31.60	0.00	0.00
FBC	55	31.45	19.62	19.37	29.56	0.00	0.00
FBC	56	29.51	20.32	19.92	30.25	0.00	0.00
FBC	57	29.96	19.82	19.67	30.55	0.00	0.00
FBC	58	30.40	19.77	19.57	30.25	0.00	0.00
FBC	59	31.95	19.42	18.72	29.91	0.00	0.00
FBC	60	31.45	20.67	17.97	29.91	0.00	0.00
FBC	61	29.86	20.47	19.87	29.81	0.00	0.00
FBC	62	31.10	19.87	18.12	30.90	0.00	0.00
FBC	63	30.85	18.72	20.87	29.56	0.00	0.00
FBC	64	30.50	20.17	18.52	30.80	0.00	0.00
FBC	65	31.30	18.02	18.77	31.90	0.00	0.00
FBC	66	31.00	19.62	17.67	31.70	0.00	0.00
FBC	67	29.06	21.52	17.87	31.55	0.00	0.00
FBC	68	29.71	19.67	18.17	32.45	0.00	0.00
FBC	69	31.05	20.02	17.72	31.20	0.00	0.00
FBC	70	31.30	20.72	18.47	29.51	0.00	0.00
FBC	71	29.66	19.77	19.52	31.05	0.00	0.00
FBC	72	31.45	20.07	19.12	29.36	0.00	0.00
FBC	73	31.15	19.67	19.62	29.56	0.00	0.00
FBC	74	29.91	19.97	19.37	30.75	0.00	0.00
FBC	75	30.25	19.02	18.77	31.95	0.00	0.00
FBC	76	31.35	18.32	19.62	30.70	0.00	0.00
FBC	77	31.60	18.22	18.07	32.10	0.00	0.00
FBC	78	31.15	18.67	19.72	30.45	0.00	0.00
FBC	79	29.56	20.12	18.62	31.70	0.00	0.00
FBC	80	30.70	19.27	20.02	30.00	0.00	0.00
FBC	81	28.81	19.97	18.57	32.65	0.00	0.00
FBC	82	29.76	19.67	19.92	30.65	0.00	0.00
FBC	83	31.15	20.27	18.07	30.50	0.00	0.00
FBC	84	29.61	19.57	19.02	31.80	0.00	0.00
FBC	85	29.71	19.77	19.77	30.75	0.00	0.00
FBC	86	29.51	21.72	18.97	29.81	0.00	0.00
FBC	87	30.95	18.92	18.57	31.55	0.00	0.00
FBC	88	31.20	19.82	18.97	30.00	0.00	0.00
FBC	89	29.56	19.42	20.77	30.25	0.00	0.00
FBC	90	29.41	20.62	18.97	31.00	0.00	0.00
FBC	91	29.86	21.12	19.17	29.86	0.00	0.00
FBC	92	28.11	20.42	18.92	32.55	0.00	0.00
FBC	93	30.35	19.62	20.72	29.31	0.00	0.00
FBC	94	29.41	21.77	18.12	30.70	0.00	0.00
FBC	95	28.66	21.62	19.37	30.35	0.00	0.00
FBC	96	31.55	18.87	19.72	29.86	0.00	0.00
FBC	97	30.40	18.37	19.97	31.25	0.00	0.00
FBC	98	30.75	19.57	18.82	30.85	0.00	0.00
FBC	99	30.60	18.47	18.42	32.50	0.00	0.00
FBC	100	30.20	18.52	20.07	31.20	0.00	0.00
FBC	101	29.31	20.12	19.87	30.70	0.00	0.00
FBC	102	31.40	20.32	18.22	30.05	0.00	0.00
FBC	103	29.26	20.42	19.77	30.55	0.00	0.00
FBC	104	29.16	19.32	19.47	32.05	0.00	0.00
FBC	105	30.70	19.72	18.87	30.70	0.00	0.00
FBC	106	31.00	20.82	18.72	29.46	0.00	0.00
FBC	107	31.25	19.32	18.67	30.75	0.00	0.00
FBC	108	31.15	18.57	19.42	30.85	0.00	0.00
FBC	109	31.15	19.92	20.02	28.91	0.00	0.00
FBC	110	30.20	18.92	19.97	30.90	0.00	0.00
FBC	111	30.45	19.52	18.72	31.30	0.00	0.00
FBC	112	30.15	21.57	20.12	28.16	0.00	0.00
FBC	113	31.75	20.52	18.22	29.51	0.00	0.00
FBC	114	31.95	20.32	18.72	29.01	0.00	0.00
FBC	115	29.16	21.17	18.12	31.55	0.00	0.00
FBC	116	29.71	19.37	19.87	31.05	0.00	0.00
FBC	117	29.06	20.42	19.92	30.60	0.00	0.00
FBC	118	29.86	19.67	19.22	31.25	0.00	0.00
FBC	119	31.25	19.42	18.77	30.55	0.00	0.00
FBC	120	30.25	20.12	20.12	29.51	0.00	0.00
FBC	121	31.40	20.27	18.37	29.96	0.00	0.00
FBC	122	28.06	21.82	19.02	31.10	0.00	0.00
FBC	123	30.70	19.37	18.67	31.25	0.00	0.00
FBC	124	30.50	20.12	18.92	30.45	0.00	0.00
FBC	125	31.15	19.62	18.37	30.85	0.00	0.00
FBC	126	30.30	19.72	18.32	31.65	0.00	0.00
FBC	127	30.50	19.77	19.97	29.76	0.00	0.00
FBC	128	28.86	20.47	18.72	31.95	0.00	0.00
FBC	129	29.16	20.47	19.42	30.95	0.00	0.00
FBC	130	30.45	19.27	19.92	30.35	0.00	0.00
FBC	131	30.50	19.57	18.47	31.45	0.00	0.00
FBC	132	30.40	20.42	18.82	30.35	0.00	0.00
FBC	133	30.90	19.42	19.12	30.55	0.00	0.00
FBC	134	30.90	20.57	18.47	30.05	0.00	0.00
FBC	135	29.56	18.97	20.82	30.65	0.00	0.00
FBC	136	30.85	18.92	19.77	30.45	0.00	0.00
FBC	137	31.35	20.67	17.52	30.45	0.00	0.00
FBC	138	28.66	20.27	18.42	32.65	0.00	0.00
FBC	139	28.46	20.22	19.17	32.15	0.00	0.00
FBC	140	29.81	19.32	19.77	31.10	0.00	0.00
FBC	141	32.55	17.47	17.62	32.35	0.00	0.00
FBC	142	29.41	20.62	18.27	31.70	0.00	0.00
FBC	143	30.55	19.52	19.17	30.75	0.00	0.00
FBC	144	29.51	20.92	20.52	29.06	0.00	0.00
FBC	145	32.75	19.12	18.57	29.56	0.00	0.00
FBC	146	29.51	20.72	17.57	32.20	0.00	0.00
FBC	147	32.10	18.97	18.12	30.80	0.00	0.00
FBC	148	28.96	20.02	20.47	30.55	0.00	0.00
FBC	149	28.81	20.02	19.12	32.05	0.00	0.00
FBC	150	30.10	18.02	17.87	34.00	0.00	0.00
# ACGT raw counters for first fragments. Use `grep ^FTC | cut -f 2-` to extract this part. The columns are: A,C,G,T,N base counters
FTC	91362	59589	56998	92501	0
# ACGT content per cycle for last fragments. Use `grep ^LBC | cut -f 2-` to extract this part. The columns are: cycle; A,C,G,T base counts as a percentage of all A/C/G/T bases [%]; and N and O counts as a percentage of all A/C/G/T bases [%]
LBC	1	30.35	19.87	18.17	31.60	0.00	0.00
LBC	2	33.05	18.97	17.37	30.60	0.00	0.00
LBC	3	29.91	20.42	18.37	31.30	0.00	0.00
LBC	4	31.20	20.37	16.03	32.40	0.00	0.00
LBC	5	31.45	21.32	18.37	28.86	0.00	0.00
LBC	6	31.85	20.22	19.07	28.86	0.00	0.00
LBC	7	31.65	20.67	18.42	29.26	0.00	0.00
LBC	8	30.95	20.37	17.72	30.95	0.00	0.00
LBC	9	31.55	19.47	17.67	31.30	0.00	0.00
LBC	10	30.80	20.57	16.77	31.85	0.00	0.00
LBC	11	30.00	20.87	18.42	30.70	0.00	0.00
LBC	12	32.45	19.22	17.97	30.35	0.00	0.00
LBC	13	31.35	20.37	18.32	29.96	0.00	0.00
LBC	14	29.26	19.92	17.77	33.05	0.00	0.00
LBC	15	28.56	20.02	19.12	32.30	0.00	0.00
LBC	16	30.85	19.97	19.22	29.96	0.00	0.00
LBC	17	30.20	19.42	18.07	32.30	0.00	0.00
LBC	18	31.50	19.02	17.32	32.15	0.00	0.00
LBC	19	31.10	19.12	18.52	31.25	0.00	0.00
LBC	20	30.25	21.17	17.67	30.90	0.00	0.00
LBC	21	31.40	20.02	17.82	30.75	0.00	0.00
LBC	22	30.40	20.27	18.72	30.60	0.00	0.00
LBC	23	29.26	21.02	18.17	31.55	0.00	0.00
LBC	24	30.80	20.62	16.82	31.75	0.00	0.00
LBC	25	31.00	19.32	19.67	30.00	0.00	0.00
LBC	26	28.86	21.62	17.42	32.10	0.00	0.00
LBC	27	28.96	20.22	19.52	31.30	0.00	0.00
LBC	28	30.45	21.02	17.42	31.10	0.00	0.00
LBC	29	30.40	21.62	17.57	30.40	0.00	0.00
LBC	30	30.70	19.27	19.92	30.10	0.00	0.00
LBC	31	29.06	18.82	20.57	31.55	0.00	0.00
LBC	32	30.45	19.87	18.17	31.50	0.00	0.00
LBC	33	30.95	21.12	19.97	27.96	0.00	0.00
LBC	34	31.30	19.52	19.12	30.05	0.00	0.00
LBC	35	31.65	18.17	19.17	31.00	0.00	0.00
LBC	36	30.00	19.57	17.27	33.15	0.00	0.00
LBC	37	30.40	20.27	18.02	31.30	0.00	0.00
LBC	38	31.00	18.77	19.22	31.00	0.00	0.00
LBC	39	30.15	19.87	17.87	32.10	0.00	0.00
LBC	40	30.40	20.92	18.22	30.45	0.00	0.00
LBC	41	30.90	19.37	18.87	30.85	0.00	0.00
LBC	42	29.21	21.97	18.87	29.96	0.00	0.00
LBC	43	30.50	20.77	19.17	29.56	0.00	0.00
LBC	44	30.05	19.42	19.42	31.10	0.00	0.00
LBC	45	30.80	19.07	18.92	31.20	0.00	0.00
LBC	46	30.80	20.22	18.37	30.60	0.00	0.00
LBC	47	30.60	21.27	18.82	29.31	0.00	0.00
LBC	48	31.40	21.77	17.67	29.16	0.00	0.00
LBC	49	29.56	20.12	17.67	32.65	0.00	0.00
LBC	50	30.00	20.22	21.47	28.31	0.00	0.00
LBC	51	30.80	19.77	18.52	30.90	0.00	0.00
LBC	52	30.95	19.17	18.47	31.40	0.00	0.00
LBC	53	30.75	21.12	17.62	30.50	0.00	0.00
LBC	54	29.66	21.42	18.47	30.45	0.00	0.00
LBC	55	30.35	18.37	17.67	33.60	0.00	0.00
LBC	56	30.30	20.02	18.02	31.65	0.00	0.00
LBC	57	32.30	18.52	16.67	32.50	0.00	0.00
LBC	58	28.71	19.97	18.62	32.70	0.00	0.00
LBC	59	30.95	18.57	18.22	32.25	0.00	0.00
LBC	60	31.45	18.57	17.77	32.20	0.00	0.00
LBC	61	31.00	20.02	19.32	29.66	0.00	0.00
LBC	62	31.85	19.62	17.77	30.75	0.00	0.00
LBC	63	30.75	20.72	19.12	29.41	0.00	0.00
LBC	64	31.15	19.62	18.47	30.75	0.00	0.00
LBC	65	30.55	20.22	18.07	31.15	0.00	0.00
LBC	66	28.86	21.52	18.42	31.20	0.00	0.00
LBC	67	31.15	19.57	19.82	29.46	0.00	0.00
LBC	68	32.25	19.02	17.47	31.25	0.00	0.00
LBC	69	30.75	19.37	19.32	30.55	0.00	0.00
LBC	70	30.60	18.77	17.77	32.85	0.00	0.00
LBC	71	28.61	21.02	19.02	31.35	0.00	0.00
LBC	72	29.81	20.37	17.97	31.85	0.00	0.00
LBC	73	31.00	20.17	19.37	29.46	0.00	0.00
LBC	74	28.16	20.52	19.32	32.00	0.00	0.00
LBC	75	29.91	19.72	18.32	32.05	0.00	0.00
LBC	76	28.71	22.62	18.22	30.45	0.00	0.00
LBC	77	32.25	19.82	18.42	29.51	0.00	0.00
LBC	78	31.65	19.97	19.27	29.11	0.00	0.00
LBC	79	30.30	21.57	18.42	29.71	0.00	0.00
LBC	80	31.25	19.57	17.77	31.40	0.00	0.00
LBC	81	29.46	19.77	19.27	31.50	0.00	0.00
LBC	82	30.50	20.77	18.82	29.91	0.00	0.00
LBC	83	30.35	20.12	19.57	29.96	0.00	0.00
LBC	84	30.60	19.17	18.37	31.85	0.00	0.00
LBC	85	28.81	21.97	19.52	29.71	0.00	0.00
LBC	86	30.20	19.62	18.37	31.80	0.00	0.00
LBC	87	31.15	19.97	17.67	31.20	0.00	0.00
LBC	88	30.60	19.02	19.52	30.85	0.00	0.00
LBC	89	29.56	19.92	19.47	31.05	0.00	0.00
LBC	90	32.15	18.37	19.77	29.71	0.00	0.00
LBC	91	31.70	19.72	17.77	30.80	0.00	0.00
LBC	92	30.85	20.82	17.57	30.75	0.00	0.00
LBC	93	30.55	19.72	18.02	31.70	0.00	0.00
LBC	94	30.30	20.02	19.07	30.60	0.00	0.00
LBC	95	29.71	20.67	18.67	30.95	0.00	0.00
LBC	96	30.65	21.07	19.42	28.86	0.00	0.00
LBC	97	31.30	19.67	18.32	30.70	0.00	0.00
LBC	98	29.01	21.62	18.37	31.00	0.00	0.00
LBC	99	30.55	19.32	20.42	29.71	0.00	0.00
LBC	100	31.20	20.67	18.17	29.96	0.00	0.00
LBC	101	32.05	19.12	17.77	31.05	0.00	0.00
LBC	102	29.56	19.62	19.82	31.00	0.00	0.00
LBC	103	30.20	19.52	18.02	32.25	0.00	0.00
LBC	104	31.70	19.57	18.32	30.40	0.00	0.00
LBC	105	30.40	19.22	18.82	31.55	0.00	0.00
LBC	106	30.05	20.47	18.82	30.65	0.00	0.00
LBC	107	29.36	19.87	19.62	31.15	0.00	0.00
LBC	108	31.55	19.72	18.92	29.81	0.00	0.00
LBC	109	31.70	18.42	18.62	31.25	0.00	0.00
LBC	110	30.55	21.17	19.17	29.11	0.00	0.00
LBC	111	31.25	18.67	18.77	31.30	0.00	0.00
LBC	112	32.00	21.02	16.28	30.70	0.00	0.00
LBC	113	29.46	20.27	18.82	31.45	0.00	0.00
LBC	114	31.10	20.37	18.97	29.56	0.00	0.00
LBC	115	30.80	19.42	19.07	30.70	0.00	0.00
LBC	116	29.51	20.32	18.62	31.55	0.00	0.00
LBC	117	30.60	20.07	18.57	30.75	0.00	0.00
LBC	118	30.40	18.87	21.02	29.71	0.00	0.00
LBC	119	31.25	20.52	17.37	30.85	0.00	0.00
LBC	120	31.70	20.42	18.07	29.81	0.00	0.00
LBC	121	28.81	21.17	20.07	29.96	0.00	0.00
LBC	122	31.50	19.92	16.87	31.70	0.00	0.00
LBC	123	30.20	20.37	18.22	31.20	0.00	0.00
LBC	124	30.80	19.97	19.07	30.15	0.00	0.00
LBC	125	30.05	19.97	19.52	30.45	0.00	0.00
LBC	126	30.65	19.72	18.87	30.75	0.00	0.00
LBC	127	29.11	19.12	19.02	32.75	0.00	0.00
LBC	128	31.20	20.27	15.93	32.60	0.00	0.00
LBC	129	31.10	20.22	17.97	30.70	0.00	0.00
LBC	130	30.25	20.37	17.67	31.70	0.00	0.00
LBC	131	30.90	19.32	18.97	30.80	0.00	0.00
LBC	132	31.90	19.62	19.37	29.11	0.00	0.00
LBC	133	29.96	18.92	20.92	30.20	0.00	0.00
LBC	134	30.80	20.62	18.07	30.50	0.00	0.00
LBC	135	29.06	20.12	17.82	33.00	0.00	0.00
LBC	136	30.50	21.32	18.62	29.56	0.00	0.00
LBC	137	28.06	21.92	18.37	31.65	0.00	0.00
LBC	138	30.70	18.62	19.12	31.55	0.00	0.00
LBC	139	30.90	18.92	18.97	31.20	0.00	0.00
LBC	140	29.96	19.97	19.52	30.55	0.00	0.00
LBC	141	29.91	19.47	18.47	32.15	0.00	0.00
LBC	142	29.56	20.02	19.32	31.10	0.00	0.00
LBC	143	30.05	18.17	21.52	30.25	0.00	0.00
LBC	144	30.75	20.07	17.42	31.75	0.00	0.00
LBC	145	30.90	18.57	19.52	31.00	0.00	0.00
LBC	146	28.96	20.92	19.37	30.75	0.00	0.00
LBC	147	29.36	19.57	18.97	32.10	0.00	0.00
LBC	148	32.20	18.52	19.17	30.10	0.00	0.00
LBC	149	30.30	19.42	18.87	31.40	0.00	0.00
LBC	150	28.86	20.37	18.87	31.90	0.00	0.00
# ACGT raw counters for last fragments. Use `grep ^LTC | cut -f 2-` to extract this part. The columns are: A,C,G,T,N base counters
LTC	91705	60109	55810	92826	0
# Insert sizes. Use `grep ^IS | cut -f 2-` to extract this part. The columns are: insert size, pairs total, inward oriented pairs, outward oriented pairs, other pairs
IS	0	0	0	0	0
IS	1	0	0	0	0
IS	2	0	0	0	0
IS	3	0	0	0	0
IS	4	0	0	0	0
IS	5	0	0	0	0
IS	6	0	0	0	0
IS	7	0	0	0	0
IS	8	0	0	0	0
IS	9	0	0	0	0
IS	10	0	0	0	0
IS	11	0	0	0	0
IS	12	0	0	0	0
IS	13	0	0	0	0
IS	14	0	0	0	0
IS	15	0	0	0	0
IS	16	0	0	0	0
IS	17	0	0	0	0
IS	18	0	0	0	0
IS	19	0	0	0	0
IS	20	0	0	0	0
IS	21	0	0	0	0
IS	22	0	0	0	0
IS	23	0	0	0	0
IS	24	0	0	0	0
IS	25	0	0	0	0
IS	26	0	0	0	0
IS	27	0	0	0	0
IS	28	0	0	0	0
IS	29	0	0	0	0
IS	30	0	0	0	0
IS	31	0	0	0	0
IS	32	0	0	0	0
IS	33	0	0	0	0
IS	34	0	0	0	0
IS	35	0	0	0	0
IS	36	0	0	0	0
IS	37	0	0	0	0
IS	38	0	0	0	0
IS	39	0	0	0	0
IS	40	0	0	0	0
IS	41	0	0	0	0
IS	42	0	0	0	0
IS	43	0	0	0	0
IS	44	0	0	0	0
IS	45	0	0	0	0
IS	46	0	0	0	0
IS	47	0	0	0	0
IS	48	0	0	0	0
IS	49	0	0	0	0
IS	50	0	0	0	0
IS	51	0	0	0	0
IS	52	0	0	0	0
IS	53	0	0	0	0
IS	54	0	0	0	0
IS	55	0	0	0	0
IS	56	0	0	0	0
IS	57	0	0	0	0
IS	58	0	0	0	0
IS	59	0	0	0	0
IS	60	0	0	0	0
IS	61	0	0	0	0
IS	62	0	0	0	0
IS	63	0	0	0	0
IS	64	0	0	0	0
IS	65	0	0	0	0
IS	66	0	0	0	0
IS	67	0	0	0	0
IS	68	0	0	0	0
IS	69	0	0	0	0
IS	70	0	0	0	0
IS	71	0	0	0	0
IS	72	0	0	0	0
IS	73	0	0	0	0
IS	74	0	0	0	0
IS	75	0	0	0	0
IS	76	0	0	0	0
IS	77	0	0	0	0
IS	78	0	0	0	0
IS	79	0	0	0	0
IS	80	0	0	0	0
IS	81	0	0	0	0
IS	82	0	0	0	0
IS	83	0	0	0	0
IS	84	0	0	0	0
IS	85	0	0	0	0
IS	86	0	0	0	0
IS	87	0	0	0	0
IS	88	0	0	0	0
IS	89	0	0	0	0
IS	90	0	0	0	0
IS	91	0	0	0	0
IS	92	0	0	0	0
IS	93	0	0	0	0
IS	94	0	0	0	0
IS	95	0	0	0	0
IS	96	0	0	0	0
IS	97	0	0	0	0
IS	98	0	0	0	0
IS	99	0	0	0	0
IS	100	0	0	0	0
IS	101	0	0	0	0
IS	102	0	0	0	0
IS	103	0	0	0	0
IS	104	0	0	0	0
IS	105	0	0	0	0
IS	106	0	0	0	0
IS	107	0	0	0	0
IS	108	0	0	0	0
IS	109	0	0	0	0
IS	110	0	0	0	0
IS	111	0	0	0	0
IS	112	0	0	0	0
IS	113	0	0	0	0
IS	114	0	0	0	0
IS	115	0	0	0	0
IS	116	0	0	0	0
IS	117	0	0	0	0
IS	118	0	0	0	0
IS	119	0	0	0	0
IS	120	0	0	0	0
IS	121	0	0	0	0
IS	122	0	0	0	0
IS	123	0	0	0	0
IS	124	0	0	0	0
IS	125	0	0	0	0
IS	126	0	0	0	0
IS	127	0	0	0	0
IS	128	0	0	0	0
IS	129	0	0	0	0
IS	130	0	0	0	0
IS	131	0	0	0	0
IS	132	0	0	0	0
IS	133	0	0	0	0
IS	134	0	0	0	0
IS	135	0	0	0	0
IS	136	0	0	0	0
IS	137	0	0	0	0
IS	138	0	0	0	0
IS	139	0	0	0	0
IS	140	0	0	0	0
IS	141	0	0	0	0
IS	142	0	0	0	0
IS	143	0	0	0	0
IS	144	0	0	0	0
IS	145	0	0	0	0
IS	146	0	0	0	0
IS	147	0	0	0	0
IS	148	0	0	0	0
IS	149	0	0	0	0
IS	150	0	0	0	0
IS	151	0	0	0	0
IS	152	0	0	0	0
IS	153	0	0	0	0
IS	154	0	0	0	0
IS	155	0	0	0	0
IS	156	0	0	0	0
IS	157	0	0	0	0
IS	158	0	0	0	0
IS	159	0	0	0	0
IS	160	0	0	0	0
IS	161	0	0	0	0
IS	162	0	0	0	0
IS	163	0	0	0	0
IS	164	0	0	0	0
IS	165	0	0	0	0
IS	166	0	0	0	0
IS	167	0	0	0	0
IS	168	0	0	0	0
IS	169	0	0	0	0
IS	170	0	0	0	0
IS	171	0	0	0	0
IS	172	0	0	0	0
IS	173	0	0	0	0
IS	174	0	0	0	0
IS	175	0	0	0	0
IS	176	0	0	0	0
IS	177	0	0	0	0
IS	178	0	0	0	0
IS	179	0	0	0	0
IS	180	0	0	0	0
IS	181	0	0	0	0
IS	182	0	0	0	0
IS	183	0	0	0	0
IS	184	0	0	0	0
IS	185	0	0	0	0
IS	186	0	0	0	0
IS	187	0	0	0	0
IS	188	0	0	0	0
IS	189	0	0	0	0
IS	190	0	0	0	0
IS	191	0	0	0	0
IS	192	0	0	0	0
IS	193	0	0	0	0
IS	194	0	0	0	0
IS	195	0	0	0	0
IS	196	0	0	0	0
IS	197	0	0	0	0
IS	198	0	0	0	0
IS	199	0	0	0	0
IS	200	0	0	0	0
IS	201	0	0	0	0
IS	202	0	0	0	0
IS	203	0	0	0	0
IS	204	0	0	0	0
IS	205	0	0	0	0
IS	206	0	0	0	0
IS	207	0	0	0	0
IS	208	0	0	0	0
IS	209	0	0	0	0
IS	210	0	0	0	0
IS	211	0	0	0	0
IS	212	0	0	0	0
IS	213	0	0	0	0
IS	214	0	0	0	0
IS	215	0	0	0	0
IS	216	0	0	0	0
IS	217	0	0	0	0
IS	218	0	0	0	0
IS	219	0	0	0	0
IS	220	0	0	0	0
IS	221	0	0	0	0
IS	222	0	0	0	0
IS	223	0	0	0	0
IS	224	0	0	0	0
IS	225	0	0	0	0
IS	226	0	0	0	0
IS	227	0	0	0	0
IS	228	0	0	0	0
IS	229	0	0	0	0
IS	230	0	0	0	0
IS	231	0	0	0	0
IS	232	0	0	0	0
IS	233	0	0	0	0
IS	234	0	0	0	0
IS	235	0	0	0	0
IS	236	0	0	0	0
IS	237	0	0	0	0
IS	238	0	0	0	0
IS	239	0	0	0	0
IS	240	0	0	0	0
IS	241	0	0	0	0
IS	242	0	0	0	0
IS	243	0	0	0	0
IS	244	0	0	0	0
IS	245	0	0	0	0
IS	246	0	0	0	0
IS	247	0	0	0	0
IS	248	0	0	0	0
IS	249	0	0	0	0
IS	250	0	0	0	0
IS	251	0	0	0	0
IS	252	0	0	0	0
IS	253	0	0	0	0
IS	254	0	0	0	0
IS	255	0	0	0	0
IS	256	0	0	0	0
IS	257	0	0	0	0
IS	258	0	0	0	0
IS	259	0	0	0	0
IS	260	0	0	0	0
IS	261	0	0	0	0
IS	262	0	0	0	0
IS	263	0	0	0	0
IS	264	0	0	0	0
IS	265	0	0	0	0
IS	266	0	0	0	0
IS	267	0	0	0	0
IS	268	0	0	0	0
IS	269	0	0	0	0
IS	270	0	0	0	0
IS	271	0	0	0	0
IS	272	0	0	0	0
IS	273	0	0	0	0
IS	274	0	0	0	0
IS	275	0	0	0	0
IS	276	0	0	0	0
IS	277	0	0	0	0
IS	278	0	0	0	0
IS	279	0	0	0	0
IS	280	0	0	0	0
IS	281	0	0	0	0
IS	282	0	0	0	0
IS	283	0	0	0	0
IS	284	0	0	0	0
IS	285	0	0	0	0
IS	286	0	0	0	0
IS	287	0	0	0	0
IS	288	0	0	0	0
IS	289	0	0	0	0
IS	290	0	0	0	0
IS	291	0	0	0	0
IS	292	0	0	0	0
IS	293	0	0	0	0
IS	294	0	0	0	0
IS	295	0	0	0	0
IS	296	0	0	0	0
IS	297	0	0	0	0
IS	298	0	0	0	0
IS	299	0	0	0	0
IS	300	0	0	0	0
IS	301	0	0	0	0
IS	302	0	0	0	0
IS	303	0	0	0	0
IS	304	0	0	0	0
IS	305	0	0	0	0
IS	306	0	0	0	0
IS	307	0	0	0	0
IS	308	0	0	0	0
IS	309	0	0	0	0
IS	310	0	0	0	0
IS	311	0	0	0	0
IS	312	0	0	0	0
IS	313	0	0	0	0
IS	314	0	0	0	0
IS	315	0	0	0	0
IS	316	0	0	0	0
IS	317	0	0	0	0
IS	318	0	0	0	0
IS	319	0	0	0	0
IS	320	0	0	0	0
IS	321	0	0	0	0
IS	322	0	0	0	0
IS	323	0	0	0	0
IS	324	0	0	0	0
IS	325	0	0	0	0
IS	326	0	0	0	0
IS	327	0	0	0	0
IS	328	0	0	0	0
IS	329	0	0	0	0
IS	330	0	0	0	0
IS	331	0	0	0	0
IS	332	0	0	0	0
IS	333	0	0	0	0
IS	334	1	1	0	0
IS	335	0	0	0	0
IS	336	0	0	0	0
IS	337	0	0	0	0
IS	338	0	0	0	0
IS	339	0	0	0	0
IS	340	0	0	0	0
IS	341	0	0	0	0
IS	342	0	0	0	0
IS	343	0	0	0	0
IS	344	0	0	0	0
IS	345	0	0	0	0
IS	346	0	0	0	0
IS	347	1	1	0	0
IS	348	0	0	0	0
IS	349	0	0	0	0
IS	350	0	0	0	0
IS	351	0	0	0	0
IS	352	0	0	0	0
IS	353	0	0	0	0
IS	354	0	0	0	0
IS	355	0	0	0	0
IS	356	0	0	0	0
IS	357	0	0	0	0
IS	358	1	1	0	0
IS	359	0	0	0	0
IS	360	0	0	0	0
IS	361	1	1	0	0
IS	362	0	0	0	0
IS	363	0	0	0	0
IS	364	0	0	0	0
IS	365	0	0	0	0
IS	366	0	0	0	0
IS	367	0	0	0	0
IS	368	0	0	0	0
IS	369	1	1	0	0
IS	370	0	0	0	0
IS	371	0	0	0	0
IS	372	1	1	0	0
IS	373	1	1	0	0
IS	374	0	0	0	0
IS	375	0	0	0	0
IS	376	0	0	0	0
IS	377	1	1	0	0
IS	378	0	0	0	0
IS	379	0	0	0	0
IS	380	1	1	0	0
IS	381	2	2	0	0
IS	382	3	3	0	0
IS	383	0	0	0	0
IS	384	2	2	0	0
IS	385	0	0	0	0
IS	386	1	1	0	0
IS	387	3	3	0	0
IS	388	2	2	0	0
IS	389	1	1	0	0
IS	390	2	2	0	0
IS	391	0	0	0	0
IS	392	4	4	0	0
IS	393	0	0	0	0
IS	394	4	4	0	0
IS	395	0	0	0	0
IS	396	2	2	0	0
IS	397	3	3	0	0
IS	398	4	4	0	0
IS	399	1	1	0	0
IS	400	8	8	0	0
IS	401	2	2	0	0
IS	402	6	6	0	0
IS	403	5	5	0	0
IS	404	2	2	0	0
IS	405	2	2	0	0
IS	406	6	6	0	0
IS	407	3	3	0	0
IS	408	1	1	0	0
IS	409	7	7	0	0
IS	410	4	4	0	0
IS	411	2	2	0	0
IS	412	2	2	0	0
IS	413	2	2	0	0
IS	414	5	5	0	0
IS	415	2	2	0	0
IS	416	3	3	0	0
IS	417	4	4	0	0
IS	418	6	6	0	0
IS	419	9	9	0	0
IS	420	4	4	0	0
IS	421	6	6	0	0
IS	422	5	5	0	0
IS	423	10	10	0	0
IS	424	3	3	0	0
IS	425	5	5	0	0
IS	426	3	3	0	0
IS	427	9	9	0	0
IS	428	6	6	0	0
IS	429	2	2	0	0
IS	430	5	5	0	0
IS	431	6	6	0	0
IS	432	10	10	0	0
IS	433	6	6	0	0
IS	434	6	6	0	0
IS	435	4	4	0	0
IS	436	6	6	0	0
IS	437	10	10	0	0
IS	438	4	4	0	0
IS	439	11	11	0	0
IS	440	6	6	0	0
IS	441	15	15	0	0
IS	442	11	11	0	0
IS	443	9	9	0	0
IS	444	6	6	0	0
IS	445	12	12	0	0
IS	446	9	9	0	0
IS	447	7	7	0	0
IS	448	6	6	0	0
IS	449	10	10	0	0
IS	450	2	2	0	0
IS	451	15	15	0	0
IS	452	10	10	0	0
IS	453	14	14	0	0
IS	454	7	7	0	0
IS	455	11	11	0	0
IS	456	9	9	0	0
IS	457	10	10	0	0
IS	458	15	15	0	0
IS	459	11	11	0	0
IS	460	11	11	0	0
IS	461	15	15	0	0
IS	462	12	12	0	0
IS	463	12	12	0	0
IS	464	9	9	0	0
IS	465	10	10	0	0
IS	466	17	17	0	0
IS	467	13	13	0	0
IS	468	18	18	0	0
IS	469	21	21	0	0
IS	470	9	9	0	0
IS	471	13	13	0	0
IS	472	19	19	0	0
IS	473	11	11	0	0
IS	474	12	12	0	0
IS	475	23	23	0	0
IS	476	21	21	0	0
IS	477	16	16	0	0
IS	478	22	22	0	0
IS	479	19	19	0	0
IS	480	9	9	0	0
IS	481	7	7	0	0
IS	482	9	9	0	0
IS	483	15	15	0	0
IS	484	7	7	0	0
IS	485	14	14	0	0
IS	486	17	17	0	0
IS	487	24	24	0	0
IS	488	10	10	0	0
IS	489	20	20	0	0
IS	490	19	19	0	0
IS	491	13	13	0	0
IS	492	12	12	0	0
IS	493	16	16	0	0
IS	494	15	15	0	0
IS	495	18	18	0	0
IS	496	20	20	0	0
IS	497	22	22	0	0
IS	498	15	15	0	0
IS	499	13	13	0	0
IS	500	16	16	0	0
IS	501	16	16	0	0
IS	502	21	21	0	0
IS	503	15	15	0	0
IS	504	16	16	0	0
IS	505	18	18	0	0
IS	506	8	8	0	0
IS	507	17	17	0	0
IS	508	10	10	0	0
IS	509	17	17	0	0
IS	510	16	16	0	0
IS	511	16	16	0	0
IS	512	18	18	0	0
IS	513	11	11	0	0
IS	514	16	16	0	0
IS	515	20	20	0	0
IS	516	16	16	0	0
IS	517	13	13	0	0
IS	518	8	8	0	0
IS	519	9	9	0	0
IS	520	13	13	0	0
IS	521	14	14	0	0
IS	522	17	17	0	0
IS	523	16	16	0	0
IS	524	13	13	0	0
IS	525	11	11	0	0
IS	526	17	17	0	0
IS	527	12	12	0	0
IS	528	15	15	0	0
IS	529	13	13	0	0
IS	530	11	11	0	0
IS	531	18	18	0	0
IS	532	9	9	0	0
IS	533	14	14	0	0
IS	534	11	11	0	0
IS	535	11	11	0	0
IS	536	14	14	0	0
IS	537	12	12	0	0
IS	538	10	10	0	0
IS	539	9	9	0	0
IS	540	15	15	0	0
IS	541	14	14	0	0
IS	542	10	10	0	0
IS	543	11	11	0	0
IS	544	8	8	0	0
IS	545	6	6	0	0
IS	546	6	6	0	0
IS	547	9	9	0	0
IS	548	5	5	0	0
IS	549	7	7	0	0
IS	550	8	8	0	0
IS	551	9	9	0	0
IS	552	8	8	0	0
IS	553	8	8	0	0
IS	554	10	10	0	0
IS	555	9	9	0	0
IS	556	10	10	0	0
IS	557	12	12	0	0
IS	558	8	8	0	0
IS	559	9	9	0	0
IS	560	5	5	0	0
IS	561	3	3	0	0
IS	562	5	5	0	0
IS	563	11	11	0	0
IS	564	8	8	0	0
IS	565	4	4	0	0
IS	566	2	2	0	0
IS	567	6	6	0	0
IS	568	8	8	0	0
IS	569	4	4	0	0
IS	570	8	8	0	0
IS	571	6	6	0	0
IS	572	7	7	0	0
IS	573	4	4	0	0
IS	574	5	5	0	0
IS	575	7	7	0	0
IS	576	4	4	0	0
IS	577	4	4	0	0
IS	578	2	2	0	0
IS	579	7	7	0	0
IS	580	4	4	0	0
IS	581	3	3	0	0
IS	582	4	4	0	0
IS	583	3	3	0	0
IS	584	3	3	0	0
IS	585	3	3	0	0
IS	586	5	5	0	0
IS	587	1	1	0	0
IS	588	4	4	0	0
IS	589	3	3	0	0
IS	590	3	3	0	0
IS	591	5	5	0	0
IS	592	1	1	0	0
IS	593	1	1	0	0
IS	594	3	3	0	0
IS	595	3	3	0	0
IS	596	2	2	0	0
IS	597	4	4	0	0
IS	598	1	1	0	0
IS	599	3	3	0	0
IS	600	4	4	0	0
IS	601	2	2	0	0
IS	602	2	2	0	0
IS	603	5	5	0	0
IS	604	0	0	0	0
IS	605	0	0	0	0
IS	606	1	1	0	0
IS	607	2	2	0	0
IS	608	2	2	0	0
IS	609	1	1	0	0
IS	610	2	2	0	0
IS	611	0	0	0	0
IS	612	1	1	0	0
IS	613	3	3	0	0
IS	614	5	5	0	0
IS	615	3	3	0	0
IS	616	3	3	0	0
IS	617	2	2	0	0
# Read lengths. Use `grep ^RL | cut -f 2-` to extract this part. The columns are: read length, count
RL	150	4006
# Read lengths - first fragments. Use `grep ^FRL | cut -f 2-` to extract this part. The columns are: read length, count
FRL	150	2003
# Read lengths - last fragments. Use `grep ^LRL | cut -f 2-` to extract this part. The columns are: read length, count
LRL	150	2003
# Mapping qualities for reads !(UNMAP|SECOND|SUPPL|QCFAIL|DUP). Use `grep ^MAPQ | cut -f 2-` to extract this part. The columns are: mapq, count
MAPQ	0	14
MAPQ	27	8
MAPQ	39	1
MAPQ	40	48
MAPQ	41	1
MAPQ	45	3
MAPQ	48	43
MAPQ	50	4
MAPQ	51	1
MAPQ	52	2
MAPQ	57	23
MAPQ	59	1
MAPQ	60	3857
# Indel distribution. Use `grep ^ID | cut -f 2-` to extract this part. The columns are: length, number of insertions, number of deletions
# Indels per cycle. Use `grep ^IC | cut -f 2-` to extract this part. The columns are: cycle, number of insertions (fwd), .. (rev) , number of deletions (fwd), .. (rev)
# Coverage distribution. Use `grep ^COV | cut -f 2-` to extract this part.
COV	[1-1]	1	5531
COV	[2-2]	2	9872
COV	[3-3]	3	14053
COV	[4-4]	4	17538
COV	[5-5]	5	19238
COV	[6-6]	6	17459
COV	[7-7]	7	13718
COV	[8-8]	8	9055
COV	[9-9]	9	4978
COV	[10-10]	10	2591
COV	[11-11]	11	1128
COV	[12-12]	12	490
COV	[13-13]	13	251
COV	[14-14]	14	56
COV	[15-15]	15	39
COV	[16-16]	16	17
# GC-depth. Use `grep ^GCD | cut -f 2-` to extract this part. The columns are: GC%, unique sequence percentiles, 10th, 25th, 50th, 75th and 90th depth percentile
GCD	0.0	15.385	0.000	0.000	0.000	0.000	0.000
GCD	37.0	23.077	2.505	2.505	2.505	2.505	2.505
GCD	38.0	69.231	2.505	2.505	2.505	2.505	2.505
GCD	39.0	92.308	2.505	2.505	2.505	2.505	2.505
GCD	46.0	100.000	2.505	2.505	2.505	2.505	2.505
