# This file was produced by samtools stats (1.20+htslib-1.21) and can be plotted using plot-bamstats
# This file contains statistics for all reads.
# The command line was:  stats sample3789.sorted.bam
# CHK, Checksum	[2]Read Names	[3]Sequences	[4]Qualities
# CHK, CRC32 of reads which passed filtering followed by addition (32bit overflow)
CHK	f970c372	e3899ab0	93be98f0
# Summary Numbers. Use `grep ^SN | cut -f 2-` to extract this part.
SN	raw total sequences:	4008	# excluding supplementary and secondary reads
SN	filtered sequences:	0
SN	sequences:	4008
SN	is sorted:	1
SN	1st fragments:	2004
SN	last fragments:	2004
SN	reads mapped:	4008
SN	reads mapped and paired:	4008	# paired-end technology bit set + both mates mapped
SN	reads unmapped:	0
SN	reads properly paired:	4008	# proper-pair bit set
SN	reads paired:	4008	# paired-end technology bit set
SN	reads duplicated:	0	# PCR or optical duplicate bit set
SN	reads MQ0:	20	# mapped and MQ=0
SN	reads QC failed:	0
SN	non-primary alignments:	0
SN	supplementary alignments:	0
SN	total length:	601200	# ignores clipping
SN	total first fragment length:	300600	# ignores clipping
SN	total last fragment length:	300600	# ignores clipping
SN	bases mapped:	601200	# ignores clipping
SN	bases mapped (cigar):	601200	# more accurate
SN	bases trimmed:	0
SN	bases duplicated:	0
SN	mismatches:	1013	# from NM fields
SN	error rate:	1.684963e-03	# mismatches / bases mapped (cigar)
SN	average length:	150
SN	average first fragment length:	150
SN	average last fragment length:	150
SN	maximum length:	150
SN	maximum first fragment length:	150
SN	maximum last fragment length:	150
SN	average quality:	30.0
SN	insert size average:	496.6
SN	insert size standard deviation:	49.4
SN	inward oriented pairs:	2004
SN	outward oriented pairs:	0
SN	pairs with other orientation:	0
SN	pairs on different chromosomes:	0
SN	percentage of properly paired reads (%):	100.0
# First Fragment Qualities. Use `grep ^FFQ | cut -f 2-` to extract this part.
# Columns correspond to qualities and rows to cycles. First column is the cycle number.
FFQ	1	0	0	0	0	0	0	0	0	0	0	0	0	0	0	0	0	0	0	0	0	0	0	0	0	0	0	0	0	0	0	2004	0
FFQ	2	0	0	0	0	0	0	0	0	0	0	0	0	0	0	0	0	0	0	0	0	0	0	0	0	0	0	0	0	0	0	2004	0
FFQ	3	0	0	0	0	0	0	0	0	0	0	0	0	0	0	0	0	0	0	0	0	0	0	0	0	0	0	0	0	0	0	2004	0
FFQ	4	0	0	0	0	0	0	0	0	0	0	0	0	0	0	0	0	0	0	0	0	0	0	0	0	0	0	0	0	0	0	2004	0
FFQ	5	0	0	0	0	0	0	0	0	0	0	0	0	0	0	0	0	0	0	0	0	0	0	0	0	0	0	0	0	0	0	2004	0
FFQ	6	0	0	0	0	0	0	0	0	0	0	0	0	0	0	0	0	0	0	0	0	0	0	0	0	0	0	0	0	0	0	2004	0
FFQ	7	0	0	0	0	0	0	0	0	0	0	0	0	0	0	0	0	0	0	0	0	0	0	0	0	0	0	0	0	0	0	2004	0
FFQ	8	0	0	0	0	0	0	0	0	0	0	0	0	0	0	0	0	0	0	0	0	0	0	0	0	0	0	0	0	0	0	2004	0
FFQ	9	0	0	0	0	0	0	0	0	0	0	0	0	0	0	0	0	0	0	0	0	0	0	0	0	0	0	0	0	0	0	2004	0
FFQ	10	0	0	0	0	0	0	0	0	0	0	0	0	0	0	0	0	0	0	0	0	0	0	0	0	0	0	0	0	0	0	2004	0
FFQ	11	0	0	0	0	0	0	0	0	0	0	0	0	0	0	0	0	0	0	0	0	0	0	0	0	0	0	0	0	0	0	2004	0
FFQ	12	0	0	0	0	0	0	0	0	0	0	0	0	0	0	0	0	0	0	0	0	0	0	0	0	0	0	0	0	0	0	2004	0
FFQ	13	0	0	0	0	0	0	0	0	0	0	0	0	0	0	0	0	0	0	0	0	0	0	0	0	0	0	0	0	0	0	2004	0
FFQ	14	0	0	0	0	0	0	0	0	0	0	0	0	0	0	0	0	0	0	0	0	0	0	0	0	0	0	0	0	0	0	2004	0
FFQ	15	0	0	0	0	0	0	0	0	0	0	0	0	0	0	0	0	0	0	0	0	0	0	0	0	0	0	0	0	0	0	2004	0
FFQ	16	0	0	0	0	0	0	0	0	0	0	0	0	0	0	0	0	0	0	0	0	0	0	0	0	0	0	0	0	0	0	2004	0
FFQ	17	0	0	0	0	0	0	0	0	0	0	0	0	0	0	0	0	0	0	0	0	0	0	0	0	0	0	0	0	0	0	2004	0
FFQ	18	0	0	0	0	0	0	0	0	0	0	0	0	0	0	0	0	0	0	0	0	0	0	0	0	0	0	0	0	0	0	2004	0
FFQ	19	0	0	0	0	0	0	0	0	0	0	0	0	0	0	0	0	0	0	0	0	0	0	0	0	0	0	0	0	0	0	2004	0
FFQ	20	0	0	0	0	0	0	0	0	0	0	0	0	0	0	0	0	0	0	0	0	0	0	0	0	0	0	0	0	0	0	2004	0
FFQ	21	0	0	0	0	0	0	0	0	0	0	0	0	0	0	0	0	0	0	0	0	0	0	0	0	0	0	0	0	0	0	2004	0
FFQ	22	0	0	0	0	0	0	0	0	0	0	0	0	0	0	0	0	0	0	0	0	0	0	0	0	0	0	0	0	0	0	2004	0
FFQ	23	0	0	0	0	0	0	0	0	0	0	0	0	0	0	0	0	0	0	0	0	0	0	0	0	0	0	0	0	0	0	2004	0
FFQ	24	0	0	0	0	0	0	0	0	0	0	0	0	0	0	0	0	0	0	0	0	0	0	0	0	0	0	0	0	0	0	2004	0
FFQ	25	0	0	0	0	0	0	0	0	0	0	0	0	0	0	0	0	0	0	0	0	0	0	0	0	0	0	0	0	0	0	2004	0
FFQ	26	0	0	0	0	0	0	0	0	0	0	0	0	0	0	0	0	0	0	0	0	0	0	0	0	0	0	0	0	0	0	2004	0
FFQ	27	0	0	0	0	0	0	0	0	0	0	0	0	0	0	0	0	0	0	0	0	0	0	0	0	0	0	0	0	0	0	2004	0
FFQ	28	0	0	0	0	0	0	0	0	0	0	0	0	0	0	0	0	0	0	0	0	0	0	0	0	0	0	0	0	0	0	2004	0
FFQ	29	0	0	0	0	0	0	0	0	0	0	0	0	0	0	0	0	0	0	0	0	0	0	0	0	0	0	0	0	0	0	2004	0
FFQ	30	0	0	0	0	0	0	0	0	0	0	0	0	0	0	0	0	0	0	0	0	0	0	0	0	0	0	0	0	0	0	2004	0
FFQ	31	0	0	0	0	0	0	0	0	0	0	0	0	0	0	0	0	0	0	0	0	0	0	0	0	0	0	0	0	0	0	2004	0
FFQ	32	0	0	0	0	0	0	0	0	0	0	0	0	0	0	0	0	0	0	0	0	0	0	0	0	0	0	0	0	0	0	2004	0
FFQ	33	0	0	0	0	0	0	0	0	0	0	0	0	0	0	0	0	0	0	0	0	0	0	0	0	0	0	0	0	0	0	2004	0
FFQ	34	0	0	0	0	0	0	0	0	0	0	0	0	0	0	0	0	0	0	0	0	0	0	0	0	0	0	0	0	0	0	2004	0
FFQ	35	0	0	0	0	0	0	0	0	0	0	0	0	0	0	0	0	0	0	0	0	0	0	0	0	0	0	0	0	0	0	2004	0
FFQ	36	0	0	0	0	0	0	0	0	0	0	0	0	0	0	0	0	0	0	0	0	0	0	0	0	0	0	0	0	0	0	2004	0
FFQ	37	0	0	0	0	0	0	0	0	0	0	0	0	0	0	0	0	0	0	0	0	0	0	0	0	0	0	0	0	0	0	2004	0
FFQ	38	0	0	0	0	0	0	0	0	0	0	0	0	0	0	0	0	0	0	0	0	0	0	0	0	0	0	0	0	0	0	2004	0
FFQ	39	0	0	0	0	0	0	0	0	0	0	0	0	0	0	0	0	0	0	0	0	0	0	0	0	0	0	0	0	0	0	2004	0
FFQ	40	0	0	0	0	0	0	0	0	0	0	0	0	0	0	0	0	0	0	0	0	0	0	0	0	0	0	0	0	0	0	2004	0
FFQ	41	0	0	0	0	0	0	0	0	0	0	0	0	0	0	0	0	0	0	0	0	0	0	0	0	0	0	0	0	0	0	2004	0
FFQ	42	0	0	0	0	0	0	0	0	0	0	0	0	0	0	0	0	0	0	0	0	0	0	0	0	0	0	0	0	0	0	2004	0
FFQ	43	0	0	0	0	0	0	0	0	0	0	0	0	0	0	0	0	0	0	0	0	0	0	0	0	0	0	0	0	0	0	2004	0
FFQ	44	0	0	0	0	0	0	0	0	0	0	0	0	0	0	0	0	0	0	0	0	0	0	0	0	0	0	0	0	0	0	2004	0
FFQ	45	0	0	0	0	0	0	0	0	0	0	0	0	0	0	0	0	0	0	0	0	0	0	0	0	0	0	0	0	0	0	2004	0
FFQ	46	0	0	0	0	0	0	0	0	0	0	0	0	0	0	0	0	0	0	0	0	0	0	0	0	0	0	0	0	0	0	2004	0
FFQ	47	0	0	0	0	0	0	0	0	0	0	0	0	0	0	0	0	0	0	0	0	0	0	0	0	0	0	0	0	0	0	2004	0
FFQ	48	0	0	0	0	0	0	0	0	0	0	0	0	0	0	0	0	0	0	0	0	0	0	0	0	0	0	0	0	0	0	2004	0
FFQ	49	0	0	0	0	0	0	0	0	0	0	0	0	0	0	0	0	0	0	0	0	0	0	0	0	0	0	0	0	0	0	2004	0
FFQ	50	0	0	0	0	0	0	0	0	0	0	0	0	0	0	0	0	0	0	0	0	0	0	0	0	0	0	0	0	0	0	2004	0
FFQ	51	0	0	0	0	0	0	0	0	0	0	0	0	0	0	0	0	0	0	0	0	0	0	0	0	0	0	0	0	0	0	2004	0
FFQ	52	0	0	0	0	0	0	0	0	0	0	0	0	0	0	0	0	0	0	0	0	0	0	0	0	0	0	0	0	0	0	2004	0
FFQ	53	0	0	0	0	0	0	0	0	0	0	0	0	0	0	0	0	0	0	0	0	0	0	0	0	0	0	0	0	0	0	2004	0
FFQ	54	0	0	0	0	0	0	0	0	0	0	0	0	0	0	0	0	0	0	0	0	0	0	0	0	0	0	0	0	0	0	2004	0
FFQ	55	0	0	0	0	0	0	0	0	0	0	0	0	0	0	0	0	0	0	0	0	0	0	0	0	0	0	0	0	0	0	2004	0
FFQ	56	0	0	0	0	0	0	0	0	0	0	0	0	0	0	0	0	0	0	0	0	0	0	0	0	0	0	0	0	0	0	2004	0
FFQ	57	0	0	0	0	0	0	0	0	0	0	0	0	0	0	0	0	0	0	0	0	0	0	0	0	0	0	0	0	0	0	2004	0
FFQ	58	0	0	0	0	0	0	0	0	0	0	0	0	0	0	0	0	0	0	0	0	0	0	0	0	0	0	0	0	0	0	2004	0
FFQ	59	0	0	0	0	0	0	0	0	0	0	0	0	0	0	0	0	0	0	0	0	0	0	0	0	0	0	0	0	0	0	2004	0
FFQ	60	0	0	0	0	0	0	0	0	0	0	0	0	0	0	0	0	0	0	0	0	0	0	0	0	0	0	0	0	0	0	2004	0
FFQ	61	0	0	0	0	0	0	0	0	0	0	0	0	0	0	0	0	0	0	0	0	0	0	0	0	0	0	0	0	0	0	2004	0
FFQ	62	0	0	0	0	0	0	0	0	0	0	0	0	0	0	0	0	0	0	0	0	0	0	0	0	0	0	0	0	0	0	2004	0
FFQ	63	0	0	0	0	0	0	0	0	0	0	0	0	0	0	0	0	0	0	0	0	0	0	0	0	0	0	0	0	0	0	2004	0
FFQ	64	0	0	0	0	0	0	0	0	0	0	0	0	0	0	0	0	0	0	0	0	0	0	0	0	0	0	0	0	0	0	2004	0
FFQ	65	0	0	0	0	0	0	0	0	0	0	0	0	0	0	0	0	0	0	0	0	0	0	0	0	0	0	0	0	0	0	2004	0
FFQ	66	0	0	0	0	0	0	0	0	0	0	0	0	0	0	0	0	0	0	0	0	0	0	0	0	0	0	0	0	0	0	2004	0
FFQ	67	0	0	0	0	0	0	0	0	0	0	0	0	0	0	0	0	0	0	0	0	0	0	0	0	0	0	0	0	0	0	2004	0
FFQ	68	0	0	0	0	0	0	0	0	0	0	0	0	0	0	0	0	0	0	0	0	0	0	0	0	0	0	0	0	0	0	2004	0
FFQ	69	0	0	0	0	0	0	0	0	0	0	0	0	0	0	0	0	0	0	0	0	0	0	0	0	0	0	0	0	0	0	2004	0
FFQ	70	0	0	0	0	0	0	0	0	0	0	0	0	0	0	0	0	0	0	0	0	0	0	0	0	0	0	0	0	0	0	2004	0
FFQ	71	0	0	0	0	0	0	0	0	0	0	0	0	0	0	0	0	0	0	0	0	0	0	0	0	0	0	0	0	0	0	2004	0
FFQ	72	0	0	0	0	0	0	0	0	0	0	0	0	0	0	0	0	0	0	0	0	0	0	0	0	0	0	0	0	0	0	2004	0
FFQ	73	0	0	0	0	0	0	0	0	0	0	0	0	0	0	0	0	0	0	0	0	0	0	0	0	0	0	0	0	0	0	2004	0
FFQ	74	0	0	0	0	0	0	0	0	0	0	0	0	0	0	0	0	0	0	0	0	0	0	0	0	0	0	0	0	0	0	2004	0
FFQ	75	0	0	0	0	0	0	0	0	0	0	0	0	0	0	0	0	0	0	0	0	0	0	0	0	0	0	0	0	0	0	2004	0
FFQ	76	0	0	0	0	0	0	0	0	0	0	0	0	0	0	0	0	0	0	0	0	0	0	0	0	0	0	0	0	0	0	2004	0
FFQ	77	0	0	0	0	0	0	0	0	0	0	0	0	0	0	0	0	0	0	0	0	0	0	0	0	0	0	0	0	0	0	2004	0
FFQ	78	0	0	0	0	0	0	0	0	0	0	0	0	0	0	0	0	0	0	0	0	0	0	0	0	0	0	0	0	0	0	2004	0
FFQ	79	0	0	0	0	0	0	0	0	0	0	0	0	0	0	0	0	0	0	0	0	0	0	0	0	0	0	0	0	0	0	2004	0
FFQ	80	0	0	0	0	0	0	0	0	0	0	0	0	0	0	0	0	0	0	0	0	0	0	0	0	0	0	0	0	0	0	2004	0
FFQ	81	0	0	0	0	0	0	0	0	0	0	0	0	0	0	0	0	0	0	0	0	0	0	0	0	0	0	0	0	0	0	2004	0
FFQ	82	0	0	0	0	0	0	0	0	0	0	0	0	0	0	0	0	0	0	0	0	0	0	0	0	0	0	0	0	0	0	2004	0
FFQ	83	0	0	0	0	0	0	0	0	0	0	0	0	0	0	0	0	0	0	0	0	0	0	0	0	0	0	0	0	0	0	2004	0
FFQ	84	0	0	0	0	0	0	0	0	0	0	0	0	0	0	0	0	0	0	0	0	0	0	0	0	0	0	0	0	0	0	2004	0
FFQ	85	0	0	0	0	0	0	0	0	0	0	0	0	0	0	0	0	0	0	0	0	0	0	0	0	0	0	0	0	0	0	2004	0
FFQ	86	0	0	0	0	0	0	0	0	0	0	0	0	0	0	0	0	0	0	0	0	0	0	0	0	0	0	0	0	0	0	2004	0
FFQ	87	0	0	0	0	0	0	0	0	0	0	0	0	0	0	0	0	0	0	0	0	0	0	0	0	0	0	0	0	0	0	2004	0
FFQ	88	0	0	0	0	0	0	0	0	0	0	0	0	0	0	0	0	0	0	0	0	0	0	0	0	0	0	0	0	0	0	2004	0
FFQ	89	0	0	0	0	0	0	0	0	0	0	0	0	0	0	0	0	0	0	0	0	0	0	0	0	0	0	0	0	0	0	2004	0
FFQ	90	0	0	0	0	0	0	0	0	0	0	0	0	0	0	0	0	0	0	0	0	0	0	0	0	0	0	0	0	0	0	2004	0
FFQ	91	0	0	0	0	0	0	0	0	0	0	0	0	0	0	0	0	0	0	0	0	0	0	0	0	0	0	0	0	0	0	2004	0
FFQ	92	0	0	0	0	0	0	0	0	0	0	0	0	0	0	0	0	0	0	0	0	0	0	0	0	0	0	0	0	0	0	2004	0
FFQ	93	0	0	0	0	0	0	0	0	0	0	0	0	0	0	0	0	0	0	0	0	0	0	0	0	0	0	0	0	0	0	2004	0
FFQ	94	0	0	0	0	0	0	0	0	0	0	0	0	0	0	0	0	0	0	0	0	0	0	0	0	0	0	0	0	0	0	2004	0
FFQ	95	0	0	0	0	0	0	0	0	0	0	0	0	0	0	0	0	0	0	0	0	0	0	0	0	0	0	0	0	0	0	2004	0
FFQ	96	0	0	0	0	0	0	0	0	0	0	0	0	0	0	0	0	0	0	0	0	0	0	0	0	0	0	0	0	0	0	2004	0
FFQ	97	0	0	0	0	0	0	0	0	0	0	0	0	0	0	0	0	0	0	0	0	0	0	0	0	0	0	0	0	0	0	2004	0
FFQ	98	0	0	0	0	0	0	0	0	0	0	0	0	0	0	0	0	0	0	0	0	0	0	0	0	0	0	0	0	0	0	2004	0
FFQ	99	0	0	0	0	0	0	0	0	0	0	0	0	0	0	0	0	0	0	0	0	0	0	0	0	0	0	0	0	0	0	2004	0
FFQ	100	0	0	0	0	0	0	0	0	0	0	0	0	0	0	0	0	0	0	0	0	0	0	0	0	0	0	0	0	0	0	2004	0
FFQ	101	0	0	0	0	0	0	0	0	0	0	0	0	0	0	0	0	0	0	0	0	0	0	0	0	0	0	0	0	0	0	2004	0
FFQ	102	0	0	0	0	0	0	0	0	0	0	0	0	0	0	0	0	0	0	0	0	0	0	0	0	0	0	0	0	0	0	2004	0
FFQ	103	0	0	0	0	0	0	0	0	0	0	0	0	0	0	0	0	0	0	0	0	0	0	0	0	0	0	0	0	0	0	2004	0
FFQ	104	0	0	0	0	0	0	0	0	0	0	0	0	0	0	0	0	0	0	0	0	0	0	0	0	0	0	0	0	0	0	2004	0
FFQ	105	0	0	0	0	0	0	0	0	0	0	0	0	0	0	0	0	0	0	0	0	0	0	0	0	0	0	0	0	0	0	2004	0
FFQ	106	0	0	0	0	0	0	0	0	0	0	0	0	0	0	0	0	0	0	0	0	0	0	0	0	0	0	0	0	0	0	2004	0
FFQ	107	0	0	0	0	0	0	0	0	0	0	0	0	0	0	0	0	0	0	0	0	0	0	0	0	0	0	0	0	0	0	2004	0
FFQ	108	0	0	0	0	0	0	0	0	0	0	0	0	0	0	0	0	0	0	0	0	0	0	0	0	0	0	0	0	0	0	2004	0
FFQ	109	0	0	0	0	0	0	0	0	0	0	0	0	0	0	0	0	0	0	0	0	0	0	0	0	0	0	0	0	0	0	2004	0
FFQ	110	0	0	0	0	0	0	0	0	0	0	0	0	0	0	0	0	0	0	0	0	0	0	0	0	0	0	0	0	0	0	2004	0
FFQ	111	0	0	0	0	0	0	0	0	0	0	0	0	0	0	0	0	0	0	0	0	0	0	0	0	0	0	0	0	0	0	2004	0
FFQ	112	0	0	0	0	0	0	0	0	0	0	0	0	0	0	0	0	0	0	0	0	0	0	0	0	0	0	0	0	0	0	2004	0
FFQ	113	0	0	0	0	0	0	0	0	0	0	0	0	0	0	0	0	0	0	0	0	0	0	0	0	0	0	0	0	0	0	2004	0
FFQ	114	0	0	0	0	0	0	0	0	0	0	0	0	0	0	0	0	0	0	0	0	0	0	0	0	0	0	0	0	0	0	2004	0
FFQ	115	0	0	0	0	0	0	0	0	0	0	0	0	0	0	0	0	0	0	0	0	0	0	0	0	0	0	0	0	0	0	2004	0
FFQ	116	0	0	0	0	0	0	0	0	0	0	0	0	0	0	0	0	0	0	0	0	0	0	0	0	0	0	0	0	0	0	2004	0
FFQ	117	0	0	0	0	0	0	0	0	0	0	0	0	0	0	0	0	0	0	0	0	0	0	0	0	0	0	0	0	0	0	2004	0
FFQ	118	0	0	0	0	0	0	0	0	0	0	0	0	0	0	0	0	0	0	0	0	0	0	0	0	0	0	0	0	0	0	2004	0
FFQ	119	0	0	0	0	0	0	0	0	0	0	0	0	0	0	0	0	0	0	0	0	0	0	0	0	0	0	0	0	0	0	2004	0
FFQ	120	0	0	0	0	0	0	0	0	0	0	0	0	0	0	0	0	0	0	0	0	0	0	0	0	0	0	0	0	0	0	2004	0
FFQ	121	0	0	0	0	0	0	0	0	0	0	0	0	0	0	0	0	0	0	0	0	0	0	0	0	0	0	0	0	0	0	2004	0
FFQ	122	0	0	0	0	0	0	0	0	0	0	0	0	0	0	0	0	0	0	0	0	0	0	0	0	0	0	0	0	0	0	2004	0
FFQ	123	0	0	0	0	0	0	0	0	0	0	0	0	0	0	0	0	0	0	0	0	0	0	0	0	0	0	0	0	0	0	2004	0
FFQ	124	0	0	0	0	0	0	0	0	0	0	0	0	0	0	0	0	0	0	0	0	0	0	0	0	0	0	0	0	0	0	2004	0
FFQ	125	0	0	0	0	0	0	0	0	0	0	0	0	0	0	0	0	0	0	0	0	0	0	0	0	0	0	0	0	0	0	2004	0
FFQ	126	0	0	0	0	0	0	0	0	0	0	0	0	0	0	0	0	0	0	0	0	0	0	0	0	0	0	0	0	0	0	2004	0
FFQ	127	0	0	0	0	0	0	0	0	0	0	0	0	0	0	0	0	0	0	0	0	0	0	0	0	0	0	0	0	0	0	2004	0
FFQ	128	0	0	0	0	0	0	0	0	0	0	0	0	0	0	0	0	0	0	0	0	0	0	0	0	0	0	0	0	0	0	2004	0
FFQ	129	0	0	0	0	0	0	0	0	0	0	0	0	0	0	0	0	0	0	0	0	0	0	0	0	0	0	0	0	0	0	2004	0
FFQ	130	0	0	0	0	0	0	0	0	0	0	0	0	0	0	0	0	0	0	0	0	0	0	0	0	0	0	0	0	0	0	2004	0
FFQ	131	0	0	0	0	0	0	0	0	0	0	0	0	0	0	0	0	0	0	0	0	0	0	0	0	0	0	0	0	0	0	2004	0
FFQ	132	0	0	0	0	0	0	0	0	0	0	0	0	0	0	0	0	0	0	0	0	0	0	0	0	0	0	0	0	0	0	2004	0
FFQ	133	0	0	0	0	0	0	0	0	0	0	0	0	0	0	0	0	0	0	0	0	0	0	0	0	0	0	0	0	0	0	2004	0
FFQ	134	0	0	0	0	0	0	0	0	0	0	0	0	0	0	0	0	0	0	0	0	0	0	0	0	0	0	0	0	0	0	2004	0
FFQ	135	0	0	0	0	0	0	0	0	0	0	0	0	0	0	0	0	0	0	0	0	0	0	0	0	0	0	0	0	0	0	2004	0
FFQ	136	0	0	0	0	0	0	0	0	0	0	0	0	0	0	0	0	0	0	0	0	0	0	0	0	0	0	0	0	0	0	2004	0
FFQ	137	0	0	0	0	0	0	0	0	0	0	0	0	0	0	0	0	0	0	0	0	0	0	0	0	0	0	0	0	0	0	2004	0
FFQ	138	0	0	0	0	0	0	0	0	0	0	0	0	0	0	0	0	0	0	0	0	0	0	0	0	0	0	0	0	0	0	2004	0
FFQ	139	0	0	0	0	0	0	0	0	0	0	0	0	0	0	0	0	0	0	0	0	0	0	0	0	0	0	0	0	0	0	2004	0
FFQ	140	0	0	0	0	0	0	0	0	0	0	0	0	0	0	0	0	0	0	0	0	0	0	0	0	0	0	0	0	0	0	2004	0
FFQ	141	0	0	0	0	0	0	0	0	0	0	0	0	0	0	0	0	0	0	0	0	0	0	0	0	0	0	0	0	0	0	2004	0
FFQ	142	0	0	0	0	0	0	0	0	0	0	0	0	0	0	0	0	0	0	0	0	0	0	0	0	0	0	0	0	0	0	2004	0
FFQ	143	0	0	0	0	0	0	0	0	0	0	0	0	0	0	0	0	0	0	0	0	0	0	0	0	0	0	0	0	0	0	2004	0
FFQ	144	0	0	0	0	0	0	0	0	0	0	0	0	0	0	0	0	0	0	0	0	0	0	0	0	0	0	0	0	0	0	2004	0
FFQ	145	0	0	0	0	0	0	0	0	0	0	0	0	0	0	0	0	0	0	0	0	0	0	0	0	0	0	0	0	0	0	2004	0
FFQ	146	0	0	0	0	0	0	0	0	0	0	0	0	0	0	0	0	0	0	0	0	0	0	0	0	0	0	0	0	0	0	2004	0
FFQ	147	0	0	0	0	0	0	0	0	0	0	0	0	0	0	0	0	0	0	0	0	0	0	0	0	0	0	0	0	0	0	2004	0
FFQ	148	0	0	0	0	0	0	0	0	0	0	0	0	0	0	0	0	0	0	0	0	0	0	0	0	0	0	0	0	0	0	2004	0
FFQ	149	0	0	0	0	0	0	0	0	0	0	0	0	0	0	0	0	0	0	0	0	0	0	0	0	0	0	0	0	0	0	2004	0
FFQ	150	0	0	0	0	0	0	0	0	0	0	0	0	0	0	0	0	0	0	0	0	0	0	0	0	0	0	0	0	0	0	2004	0
# Last Fragment Qualities. Use `grep ^LFQ | cut -f 2-` to extract this part.
# Columns correspond to qualities and rows to cycles. First column is the cycle number.
LFQ	1	0	0	0	0	0	0	0	0	0	0	0	0	0	0	0	0	0	0	0	0	0	0	0	0	0	0	0	0	0	0	2004	0
LFQ	2	0	0	0	0	0	0	0	0	0	0	0	0	0	0	0	0	0	0	0	0	0	0	0	0	0	0	0	0	0	0	2004	0
LFQ	3	0	0	0	0	0	0	0	0	0	0	0	0	0	0	0	0	0	0	0	0	0	0	0	0	0	0	0	0	0	0	2004	0
LFQ	4	0	0	0	0	0	0	0	0	0	0	0	0	0	0	0	0	0	0	0	0	0	0	0	0	0	0	0	0	0	0	2004	0
LFQ	5	0	0	0	0	0	0	0	0	0	0	0	0	0	0	0	0	0	0	0	0	0	0	0	0	0	0	0	0	0	0	2004	0
LFQ	6	0	0	0	0	0	0	0	0	0	0	0	0	0	0	0	0	0	0	0	0	0	0	0	0	0	0	0	0	0	0	2004	0
LFQ	7	0	0	0	0	0	0	0	0	0	0	0	0	0	0	0	0	0	0	0	0	0	0	0	0	0	0	0	0	0	0	2004	0
LFQ	8	0	0	0	0	0	0	0	0	0	0	0	0	0	0	0	0	0	0	0	0	0	0	0	0	0	0	0	0	0	0	2004	0
LFQ	9	0	0	0	0	0	0	0	0	0	0	0	0	0	0	0	0	0	0	0	0	0	0	0	0	0	0	0	0	0	0	2004	0
LFQ	10	0	0	0	0	0	0	0	0	0	0	0	0	0	0	0	0	0	0	0	0	0	0	0	0	0	0	0	0	0	0	2004	0
LFQ	11	0	0	0	0	0	0	0	0	0	0	0	0	0	0	0	0	0	0	0	0	0	0	0	0	0	0	0	0	0	0	2004	0
LFQ	12	0	0	0	0	0	0	0	0	0	0	0	0	0	0	0	0	0	0	0	0	0	0	0	0	0	0	0	0	0	0	2004	0
LFQ	13	0	0	0	0	0	0	0	0	0	0	0	0	0	0	0	0	0	0	0	0	0	0	0	0	0	0	0	0	0	0	2004	0
LFQ	14	0	0	0	0	0	0	0	0	0	0	0	0	0	0	0	0	0	0	0	0	0	0	0	0	0	0	0	0	0	0	2004	0
LFQ	15	0	0	0	0	0	0	0	0	0	0	0	0	0	0	0	0	0	0	0	0	0	0	0	0	0	0	0	0	0	0	2004	0
LFQ	16	0	0	0	0	0	0	0	0	0	0	0	0	0	0	0	0	0	0	0	0	0	0	0	0	0	0	0	0	0	0	2004	0
LFQ	17	0	0	0	0	0	0	0	0	0	0	0	0	0	0	0	0	0	0	0	0	0	0	0	0	0	0	0	0	0	0	2004	0
LFQ	18	0	0	0	0	0	0	0	0	0	0	0	0	0	0	0	0	0	0	0	0	0	0	0	0	0	0	0	0	0	0	2004	0
LFQ	19	0	0	0	0	0	0	0	0	0	0	0	0	0	0	0	0	0	0	0	0	0	0	0	0	0	0	0	0	0	0	2004	0
LFQ	20	0	0	0	0	0	0	0	0	0	0	0	0	0	0	0	0	0	0	0	0	0	0	0	0	0	0	0	0	0	0	2004	0
LFQ	21	0	0	0	0	0	0	0	0	0	0	0	0	0	0	0	0	0	0	0	0	0	0	0	0	0	0	0	0	0	0	2004	0
LFQ	22	0	0	0	0	0	0	0	0	0	0	0	0	0	0	0	0	0	0	0	0	0	0	0	0	0	0	0	0	0	0	2004	0
LFQ	23	0	0	0	0	0	0	0	0	0	0	0	0	0	0	0	0	0	0	0	0	0	0	0	0	0	0	0	0	0	0	2004	0
LFQ	24	0	0	0	0	0	0	0	0	0	0	0	0	0	0	0	0	0	0	0	0	0	0	0	0	0	0	0	0	0	0	2004	0
LFQ	25	0	0	0	0	0	0	0	0	0	0	0	0	0	0	0	0	0	0	0	0	0	0	0	0	0	0	0	0	0	0	2004	0
LFQ	26	0	0	0	0	0	0	0	0	0	0	0	0	0	0	0	0	0	0	0	0	0	0	0	0	0	0	0	0	0	0	2004	0
LFQ	27	0	0	0	0	0	0	0	0	0	0	0	0	0	0	0	0	0	0	0	0	0	0	0	0	0	0	0	0	0	0	2004	0
LFQ	28	0	0	0	0	0	0	0	0	0	0	0	0	0	0	0	0	0	0	0	0	0	0	0	0	0	0	0	0	0	0	2004	0
LFQ	29	0	0	0	0	0	0	0	0	0	0	0	0	0	0	0	0	0	0	0	0	0	0	0	0	0	0	0	0	0	0	2004	0
LFQ	30	0	0	0	0	0	0	0	0	0	0	0	0	0	0	0	0	0	0	0	0	0	0	0	0	0	0	0	0	0	0	2004	0
LFQ	31	0	0	0	0	0	0	0	0	0	0	0	0	0	0	0	0	0	0	0	0	0	0	0	0	0	0	0	0	0	0	2004	0
LFQ	32	0	0	0	0	0	0	0	0	0	0	0	0	0	0	0	0	0	0	0	0	0	0	0	0	0	0	0	0	0	0	2004	0
LFQ	33	0	0	0	0	0	0	0	0	0	0	0	0	0	0	0	0	0	0	0	0	0	0	0	0	0	0	0	0	0	0	2004	0
LFQ	34	0	0	0	0	0	0	0	0	0	0	0	0	0	0	0	0	0	0	0	0	0	0	0	0	0	0	0	0	0	0	2004	0
LFQ	35	0	0	0	0	0	0	0	0	0	0	0	0	0	0	0	0	0	0	0	0	0	0	0	0	0	0	0	0	0	0	2004	0
LFQ	36	0	0	0	0	0	0	0	0	0	0	0	0	0	0	0	0	0	0	0	0	0	0	0	0	0	0	0	0	0	0	2004	0
LFQ	37	0	0	0	0	0	0	0	0	0	0	0	0	0	0	0	0	0	0	0	0	0	0	0	0	0	0	0	0	0	0	2004	0
LFQ	38	0	0	0	0	0	0	0	0	0	0	0	0	0	0	0	0	0	0	0	0	0	0	0	0	0	0	0	0	0	0	2004	0
LFQ	39	0	0	0	0	0	0	0	0	0	0	0	0	0	0	0	0	0	0	0	0	0	0	0	0	0	0	0	0	0	0	2004	0
LFQ	40	0	0	0	0	0	0	0	0	0	0	0	0	0	0	0	0	0	0	0	0	0	0	0	0	0	0	0	0	0	0	2004	0
LFQ	41	0	0	0	0	0	0	0	0	0	0	0	0	0	0	0	0	0	0	0	0	0	0	0	0	0	0	0	0	0	0	2004	0
LFQ	42	0	0	0	0	0	0	0	0	0	0	0	0	0	0	0	0	0	0	0	0	0	0	0	0	0	0	0	0	0	0	2004	0
LFQ	43	0	0	0	0	0	0	0	0	0	0	0	0	0	0	0	0	0	0	0	0	0	0	0	0	0	0	0	0	0	0	2004	0
LFQ	44	0	0	0	0	0	0	0	0	0	0	0	0	0	0	0	0	0	0	0	0	0	0	0	0	0	0	0	0	0	0	2004	0
LFQ	45	0	0	0	0	0	0	0	0	0	0	0	0	0	0	0	0	0	0	0	0	0	0	0	0	0	0	0	0	0	0	2004	0
LFQ	46	0	0	0	0	0	0	0	0	0	0	0	0	0	0	0	0	0	0	0	0	0	0	0	0	0	0	0	0	0	0	2004	0
LFQ	47	0	0	0	0	0	0	0	0	0	0	0	0	0	0	0	0	0	0	0	0	0	0	0	0	0	0	0	0	0	0	2004	0
LFQ	48	0	0	0	0	0	0	0	0	0	0	0	0	0	0	0	0	0	0	0	0	0	0	0	0	0	0	0	0	0	0	2004	0
LFQ	49	0	0	0	0	0	0	0	0	0	0	0	0	0	0	0	0	0	0	0	0	0	0	0	0	0	0	0	0	0	0	2004	0
LFQ	50	0	0	0	0	0	0	0	0	0	0	0	0	0	0	0	0	0	0	0	0	0	0	0	0	0	0	0	0	0	0	2004	0
LFQ	51	0	0	0	0	0	0	0	0	0	0	0	0	0	0	0	0	0	0	0	0	0	0	0	0	0	0	0	0	0	0	2004	0
LFQ	52	0	0	0	0	0	0	0	0	0	0	0	0	0	0	0	0	0	0	0	0	0	0	0	0	0	0	0	0	0	0	2004	0
LFQ	53	0	0	0	0	0	0	0	0	0	0	0	0	0	0	0	0	0	0	0	0	0	0	0	0	0	0	0	0	0	0	2004	0
LFQ	54	0	0	0	0	0	0	0	0	0	0	0	0	0	0	0	0	0	0	0	0	0	0	0	0	0	0	0	0	0	0	2004	0
LFQ	55	0	0	0	0	0	0	0	0	0	0	0	0	0	0	0	0	0	0	0	0	0	0	0	0	0	0	0	0	0	0	2004	0
LFQ	56	0	0	0	0	0	0	0	0	0	0	0	0	0	0	0	0	0	0	0	0	0	0	0	0	0	0	0	0	0	0	2004	0
LFQ	57	0	0	0	0	0	0	0	0	0	0	0	0	0	0	0	0	0	0	0	0	0	0	0	0	0	0	0	0	0	0	2004	0
LFQ	58	0	0	0	0	0	0	0	0	0	0	0	0	0	0	0	0	0	0	0	0	0	0	0	0	0	0	0	0	0	0	2004	0
LFQ	59	0	0	0	0	0	0	0	0	0	0	0	0	0	0	0	0	0	0	0	0	0	0	0	0	0	0	0	0	0	0	2004	0
LFQ	60	0	0	0	0	0	0	0	0	0	0	0	0	0	0	0	0	0	0	0	0	0	0	0	0	0	0	0	0	0	0	2004	0
LFQ	61	0	0	0	0	0	0	0	0	0	0	0	0	0	0	0	0	0	0	0	0	0	0	0	0	0	0	0	0	0	0	2004	0
LFQ	62	0	0	0	0	0	0	0	0	0	0	0	0	0	0	0	0	0	0	0	0	0	0	0	0	0	0	0	0	0	0	2004	0
LFQ	63	0	0	0	0	0	0	0	0	0	0	0	0	0	0	0	0	0	0	0	0	0	0	0	0	0	0	0	0	0	0	2004	0
LFQ	64	0	0	0	0	0	0	0	0	0	0	0	0	0	0	0	0	0	0	0	0	0	0	0	0	0	0	0	0	0	0	2004	0
LFQ	65	0	0	0	0	0	0	0	0	0	0	0	0	0	0	0	0	0	0	0	0	0	0	0	0	0	0	0	0	0	0	2004	0
LFQ	66	0	0	0	0	0	0	0	0	0	0	0	0	0	0	0	0	0	0	0	0	0	0	0	0	0	0	0	0	0	0	2004	0
LFQ	67	0	0	0	0	0	0	0	0	0	0	0	0	0	0	0	0	0	0	0	0	0	0	0	0	0	0	0	0	0	0	2004	0
LFQ	68	0	0	0	0	0	0	0	0	0	0	0	0	0	0	0	0	0	0	0	0	0	0	0	0	0	0	0	0	0	0	2004	0
LFQ	69	0	0	0	0	0	0	0	0	0	0	0	0	0	0	0	0	0	0	0	0	0	0	0	0	0	0	0	0	0	0	2004	0
LFQ	70	0	0	0	0	0	0	0	0	0	0	0	0	0	0	0	0	0	0	0	0	0	0	0	0	0	0	0	0	0	0	2004	0
LFQ	71	0	0	0	0	0	0	0	0	0	0	0	0	0	0	0	0	0	0	0	0	0	0	0	0	0	0	0	0	0	0	2004	0
LFQ	72	0	0	0	0	0	0	0	0	0	0	0	0	0	0	0	0	0	0	0	0	0	0	0	0	0	0	0	0	0	0	2004	0
LFQ	73	0	0	0	0	0	0	0	0	0	0	0	0	0	0	0	0	0	0	0	0	0	0	0	0	0	0	0	0	0	0	2004	0
LFQ	74	0	0	0	0	0	0	0	0	0	0	0	0	0	0	0	0	0	0	0	0	0	0	0	0	0	0	0	0	0	0	2004	0
LFQ	75	0	0	0	0	0	0	0	0	0	0	0	0	0	0	0	0	0	0	0	0	0	0	0	0	0	0	0	0	0	0	2004	0
LFQ	76	0	0	0	0	0	0	0	0	0	0	0	0	0	0	0	0	0	0	0	0	0	0	0	0	0	0	0	0	0	0	2004	0
LFQ	77	0	0	0	0	0	0	0	0	0	0	0	0	0	0	0	0	0	0	0	0	0	0	0	0	0	0	0	0	0	0	2004	0
LFQ	78	0	0	0	0	0	0	0	0	0	0	0	0	0	0	0	0	0	0	0	0	0	0	0	0	0	0	0	0	0	0	2004	0
LFQ	79	0	0	0	0	0	0	0	0	0	0	0	0	0	0	0	0	0	0	0	0	0	0	0	0	0	0	0	0	0	0	2004	0
LFQ	80	0	0	0	0	0	0	0	0	0	0	0	0	0	0	0	0	0	0	0	0	0	0	0	0	0	0	0	0	0	0	2004	0
LFQ	81	0	0	0	0	0	0	0	0	0	0	0	0	0	0	0	0	0	0	0	0	0	0	0	0	0	0	0	0	0	0	2004	0
LFQ	82	0	0	0	0	0	0	0	0	0	0	0	0	0	0	0	0	0	0	0	0	0	0	0	0	0	0	0	0	0	0	2004	0
LFQ	83	0	0	0	0	0	0	0	0	0	0	0	0	0	0	0	0	0	0	0	0	0	0	0	0	0	0	0	0	0	0	2004	0
LFQ	84	0	0	0	0	0	0	0	0	0	0	0	0	0	0	0	0	0	0	0	0	0	0	0	0	0	0	0	0	0	0	2004	0
LFQ	85	0	0	0	0	0	0	0	0	0	0	0	0	0	0	0	0	0	0	0	0	0	0	0	0	0	0	0	0	0	0	2004	0
LFQ	86	0	0	0	0	0	0	0	0	0	0	0	0	0	0	0	0	0	0	0	0	0	0	0	0	0	0	0	0	0	0	2004	0
LFQ	87	0	0	0	0	0	0	0	0	0	0	0	0	0	0	0	0	0	0	0	0	0	0	0	0	0	0	0	0	0	0	2004	0
LFQ	88	0	0	0	0	0	0	0	0	0	0	0	0	0	0	0	0	0	0	0	0	0	0	0	0	0	0	0	0	0	0	2004	0
LFQ	89	0	0	0	0	0	0	0	0	0	0	0	0	0	0	0	0	0	0	0	0	0	0	0	0	0	0	0	0	0	0	2004	0
LFQ	90	0	0	0	0	0	0	0	0	0	0	0	0	0	0	0	0	0	0	0	0	0	0	0	0	0	0	0	0	0	0	2004	0
LFQ	91	0	0	0	0	0	0	0	0	0	0	0	0	0	0	0	0	0	0	0	0	0	0	0	0	0	0	0	0	0	0	2004	0
LFQ	92	0	0	0	0	0	0	0	0	0	0	0	0	0	0	0	0	0	0	0	0	0	0	0	0	0	0	0	0	0	0	2004	0
LFQ	93	0	0	0	0	0	0	0	0	0	0	0	0	0	0	0	0	0	0	0	0	0	0	0	0	0	0	0	0	0	0	2004	0
LFQ	94	0	0	0	0	0	0	0	0	0	0	0	0	0	0	0	0	0	0	0	0	0	0	0	0	0	0	0	0	0	0	2004	0
LFQ	95	0	0	0	0	0	0	0	0	0	0	0	0	0	0	0	0	0	0	0	0	0	0	0	0	0	0	0	0	0	0	2004	0
LFQ	96	0	0	0	0	0	0	0	0	0	0	0	0	0	0	0	0	0	0	0	0	0	0	0	0	0	0	0	0	0	0	2004	0
LFQ	97	0	0	0	0	0	0	0	0	0	0	0	0	0	0	0	0	0	0	0	0	0	0	0	0	0	0	0	0	0	0	2004	0
LFQ	98	0	0	0	0	0	0	0	0	0	0	0	0	0	0	0	0	0	0	0	0	0	0	0	0	0	0	0	0	0	0	2004	0
LFQ	99	0	0	0	0	0	0	0	0	0	0	0	0	0	0	0	0	0	0	0	0	0	0	0	0	0	0	0	0	0	0	2004	0
LFQ	100	0	0	0	0	0	0	0	0	0	0	0	0	0	0	0	0	0	0	0	0	0	0	0	0	0	0	0	0	0	0	2004	0
LFQ	101	0	0	0	0	0	0	0	0	0	0	0	0	0	0	0	0	0	0	0	0	0	0	0	0	0	0	0	0	0	0	2004	0
LFQ	102	0	0	0	0	0	0	0	0	0	0	0	0	0	0	0	0	0	0	0	0	0	0	0	0	0	0	0	0	0	0	2004	0
LFQ	103	0	0	0	0	0	0	0	0	0	0	0	0	0	0	0	0	0	0	0	0	0	0	0	0	0	0	0	0	0	0	2004	0
LFQ	104	0	0	0	0	0	0	0	0	0	0	0	0	0	0	0	0	0	0	0	0	0	0	0	0	0	0	0	0	0	0	2004	0
LFQ	105	0	0	0	0	0	0	0	0	0	0	0	0	0	0	0	0	0	0	0	0	0	0	0	0	0	0	0	0	0	0	2004	0
LFQ	106	0	0	0	0	0	0	0	0	0	0	0	0	0	0	0	0	0	0	0	0	0	0	0	0	0	0	0	0	0	0	2004	0
LFQ	107	0	0	0	0	0	0	0	0	0	0	0	0	0	0	0	0	0	0	0	0	0	0	0	0	0	0	0	0	0	0	2004	0
LFQ	108	0	0	0	0	0	0	0	0	0	0	0	0	0	0	0	0	0	0	0	0	0	0	0	0	0	0	0	0	0	0	2004	0
LFQ	109	0	0	0	0	0	0	0	0	0	0	0	0	0	0	0	0	0	0	0	0	0	0	0	0	0	0	0	0	0	0	2004	0
LFQ	110	0	0	0	0	0	0	0	0	0	0	0	0	0	0	0	0	0	0	0	0	0	0	0	0	0	0	0	0	0	0	2004	0
LFQ	111	0	0	0	0	0	0	0	0	0	0	0	0	0	0	0	0	0	0	0	0	0	0	0	0	0	0	0	0	0	0	2004	0
LFQ	112	0	0	0	0	0	0	0	0	0	0	0	0	0	0	0	0	0	0	0	0	0	0	0	0	0	0	0	0	0	0	2004	0
LFQ	113	0	0	0	0	0	0	0	0	0	0	0	0	0	0	0	0	0	0	0	0	0	0	0	0	0	0	0	0	0	0	2004	0
LFQ	114	0	0	0	0	0	0	0	0	0	0	0	0	0	0	0	0	0	0	0	0	0	0	0	0	0	0	0	0	0	0	2004	0
LFQ	115	0	0	0	0	0	0	0	0	0	0	0	0	0	0	0	0	0	0	0	0	0	0	0	0	0	0	0	0	0	0	2004	0
LFQ	116	0	0	0	0	0	0	0	0	0	0	0	0	0	0	0	0	0	0	0	0	0	0	0	0	0	0	0	0	0	0	2004	0
LFQ	117	0	0	0	0	0	0	0	0	0	0	0	0	0	0	0	0	0	0	0	0	0	0	0	0	0	0	0	0	0	0	2004	0
LFQ	118	0	0	0	0	0	0	0	0	0	0	0	0	0	0	0	0	0	0	0	0	0	0	0	0	0	0	0	0	0	0	2004	0
LFQ	119	0	0	0	0	0	0	0	0	0	0	0	0	0	0	0	0	0	0	0	0	0	0	0	0	0	0	0	0	0	0	2004	0
LFQ	120	0	0	0	0	0	0	0	0	0	0	0	0	0	0	0	0	0	0	0	0	0	0	0	0	0	0	0	0	0	0	2004	0
LFQ	121	0	0	0	0	0	0	0	0	0	0	0	0	0	0	0	0	0	0	0	0	0	0	0	0	0	0	0	0	0	0	2004	0
LFQ	122	0	0	0	0	0	0	0	0	0	0	0	0	0	0	0	0	0	0	0	0	0	0	0	0	0	0	0	0	0	0	2004	0
LFQ	123	0	0	0	0	0	0	0	0	0	0	0	0	0	0	0	0	0	0	0	0	0	0	0	0	0	0	0	0	0	0	2004	0
LFQ	124	0	0	0	0	0	0	0	0	0	0	0	0	0	0	0	0	0	0	0	0	0	0	0	0	0	0	0	0	0	0	2004	0
LFQ	125	0	0	0	0	0	0	0	0	0	0	0	0	0	0	0	0	0	0	0	0	0	0	0	0	0	0	0	0	0	0	2004	0
LFQ	126	0	0	0	0	0	0	0	0	0	0	0	0	0	0	0	0	0	0	0	0	0	0	0	0	0	0	0	0	0	0	2004	0
LFQ	127	0	0	0	0	0	0	0	0	0	0	0	0	0	0	0	0	0	0	0	0	0	0	0	0	0	0	0	0	0	0	2004	0
LFQ	128	0	0	0	0	0	0	0	0	0	0	0	0	0	0	0	0	0	0	0	0	0	0	0	0	0	0	0	0	0	0	2004	0
LFQ	129	0	0	0	0	0	0	0	0	0	0	0	0	0	0	0	0	0	0	0	0	0	0	0	0	0	0	0	0	0	0	2004	0
LFQ	130	0	0	0	0	0	0	0	0	0	0	0	0	0	0	0	0	0	0	0	0	0	0	0	0	0	0	0	0	0	0	2004	0
LFQ	131	0	0	0	0	0	0	0	0	0	0	0	0	0	0	0	0	0	0	0	0	0	0	0	0	0	0	0	0	0	0	2004	0
LFQ	132	0	0	0	0	0	0	0	0	0	0	0	0	0	0	0	0	0	0	0	0	0	0	0	0	0	0	0	0	0	0	2004	0
LFQ	133	0	0	0	0	0	0	0	0	0	0	0	0	0	0	0	0	0	0	0	0	0	0	0	0	0	0	0	0	0	0	2004	0
LFQ	134	0	0	0	0	0	0	0	0	0	0	0	0	0	0	0	0	0	0	0	0	0	0	0	0	0	0	0	0	0	0	2004	0
LFQ	135	0	0	0	0	0	0	0	0	0	0	0	0	0	0	0	0	0	0	0	0	0	0	0	0	0	0	0	0	0	0	2004	0
LFQ	136	0	0	0	0	0	0	0	0	0	0	0	0	0	0	0	0	0	0	0	0	0	0	0	0	0	0	0	0	0	0	2004	0
LFQ	137	0	0	0	0	0	0	0	0	0	0	0	0	0	0	0	0	0	0	0	0	0	0	0	0	0	0	0	0	0	0	2004	0
LFQ	138	0	0	0	0	0	0	0	0	0	0	0	0	0	0	0	0	0	0	0	0	0	0	0	0	0	0	0	0	0	0	2004	0
LFQ	139	0	0	0	0	0	0	0	0	0	0	0	0	0	0	0	0	0	0	0	0	0	0	0	0	0	0	0	0	0	0	2004	0
LFQ	140	0	0	0	0	0	0	0	0	0	0	0	0	0	0	0	0	0	0	0	0	0	0	0	0	0	0	0	0	0	0	2004	0
LFQ	141	0	0	0	0	0	0	0	0	0	0	0	0	0	0	0	0	0	0	0	0	0	0	0	0	0	0	0	0	0	0	2004	0
LFQ	142	0	0	0	0	0	0	0	0	0	0	0	0	0	0	0	0	0	0	0	0	0	0	0	0	0	0	0	0	0	0	2004	0
LFQ	143	0	0	0	0	0	0	0	0	0	0	0	0	0	0	0	0	0	0	0	0	0	0	0	0	0	0	0	0	0	0	2004	0
LFQ	144	0	0	0	0	0	0	0	0	0	0	0	0	0	0	0	0	0	0	0	0	0	0	0	0	0	0	0	0	0	0	2004	0
LFQ	145	0	0	0	0	0	0	0	0	0	0	0	0	0	0	0	0	0	0	0	0	0	0	0	0	0	0	0	0	0	0	2004	0
LFQ	146	0	0	0	0	0	0	0	0	0	0	0	0	0	0	0	0	0	0	0	0	0	0	0	0	0	0	0	0	0	0	2004	0
LFQ	147	0	0	0	0	0	0	0	0	0	0	0	0	0	0	0	0	0	0	0	0	0	0	0	0	0	0	0	0	0	0	2004	0
LFQ	148	0	0	0	0	0	0	0	0	0	0	0	0	0	0	0	0	0	0	0	0	0	0	0	0	0	0	0	0	0	0	2004	0
LFQ	149	0	0	0	0	0	0	0	0	0	0	0	0	0	0	0	0	0	0	0	0	0	0	0	0	0	0	0	0	0	0	2004	0
LFQ	150	0	0	0	0	0	0	0	0	0	0	0	0	0	0	0	0	0	0	0	0	0	0	0	0	0	0	0	0	0	0	2004	0
# GC Content of first fragments. Use `grep ^GCF | cut -f 2-` to extract this part.
GCF	3.27	0
GCF	6.78	1
GCF	7.29	0
GCF	8.04	1
GCF	13.07	0
GCF	18.09	1
GCF	18.84	2
GCF	19.35	4
GCF	20.35	3
GCF	21.86	5
GCF	22.86	4
GCF	23.37	9
GCF	24.37	7
GCF	25.38	12
GCF	26.13	29
GCF	26.88	18
GCF	27.39	16
GCF	28.14	28
GCF	28.89	35
GCF	29.40	24
GCF	30.15	43
GCF	30.90	30
GCF	31.41	46
GCF	32.16	41
GCF	32.91	47
GCF	33.42	67
GCF	33.92	61
GCF	34.67	63
GCF	35.43	80
GCF	35.93	68
GCF	36.68	89
GCF	37.44	75
GCF	38.44	68
GCF	39.45	67
GCF	39.95	80
GCF	40.70	64
GCF	41.46	68
GCF	41.96	58
GCF	42.71	55
GCF	43.47	49
GCF	43.97	32
GCF	44.72	55
GCF	45.48	46
GCF	45.98	41
GCF	46.73	59
GCF	47.49	40
GCF	47.99	37
GCF	48.74	30
GCF	49.75	23
GCF	50.75	18
GCF	51.51	15
GCF	52.01	14
GCF	53.02	7
GCF	54.02	10
GCF	54.77	3
GCF	55.53	8
GCF	56.03	6
GCF	57.04	3
GCF	58.04	1
GCF	58.79	6
GCF	59.55	2
GCF	60.05	3
GCF	60.80	2
GCF	62.56	1
GCF	64.57	0
GCF	65.83	1
GCF	66.58	2
GCF	67.84	0
GCF	69.35	1
# GC Content of last fragments. Use `grep ^GCL | cut -f 2-` to extract this part.
GCL	3.27	0
GCL	6.78	1
GCL	8.29	0
GCL	10.05	1
GCL	13.57	0
GCL	17.09	1
GCL	18.09	0
GCL	18.84	1
GCL	19.35	2
GCL	20.10	5
GCL	20.85	7
GCL	21.36	3
GCL	22.11	6
GCL	22.86	4
GCL	23.37	8
GCL	24.12	12
GCL	24.87	9
GCL	25.38	16
GCL	26.13	19
GCL	27.14	22
GCL	28.14	23
GCL	28.89	32
GCL	29.40	35
GCL	30.15	43
GCL	31.16	38
GCL	32.16	48
GCL	32.91	51
GCL	33.42	50
GCL	34.42	55
GCL	35.43	84
GCL	35.93	79
GCL	36.68	97
GCL	37.44	80
GCL	37.94	65
GCL	38.94	71
GCL	39.95	79
GCL	40.70	70
GCL	41.46	62
GCL	41.96	65
GCL	42.71	54
GCL	43.47	66
GCL	43.97	48
GCL	44.72	60
GCL	45.48	40
GCL	45.98	38
GCL	46.73	35
GCL	47.49	34
GCL	47.99	26
GCL	48.74	22
GCL	49.50	23
GCL	50.00	15
GCL	50.75	20
GCL	51.51	9
GCL	52.01	14
GCL	52.76	9
GCL	53.52	7
GCL	54.02	11
GCL	54.77	6
GCL	55.53	3
GCL	56.03	4
GCL	56.78	5
GCL	57.54	7
GCL	58.04	3
GCL	59.30	2
GCL	60.80	0
GCL	61.56	1
GCL	62.06	3
GCL	62.81	1
GCL	64.32	0
GCL	65.58	2
GCL	66.08	0
GCL	66.58	1
# ACGT content per cycle. Use `grep ^GCC | cut -f 2-` to extract this part. The columns are: cycle; A,C,G,T base counts as a percentage of all A/C/G/T bases [%]; and N and O counts as a percentage of all A/C/G/T bases [%]
GCC	1	30.46	19.94	18.86	30.74	0.00	0.00
GCC	2	31.44	19.56	18.54	30.46	0.00	0.00
GCC	3	31.71	19.29	18.54	30.46	0.00	0.00
GCC	4	31.36	19.89	19.19	29.57	0.00	0.00
GCC	5	31.56	19.34	18.04	31.06	0.00	0.00
GCC	6	31.69	18.61	18.14	31.56	0.00	0.00
GCC	7	31.14	19.66	19.09	30.11	0.00	0.00
GCC	8	30.49	20.78	18.71	30.01	0.00	0.00
GCC	9	30.49	19.31	19.14	31.06	0.00	0.00
GCC	10	30.84	20.28	18.74	30.14	0.00	0.00
GCC	11	31.19	19.89	18.79	30.14	0.00	0.00
GCC	12	31.36	19.74	18.31	30.59	0.00	0.00
GCC	13	30.46	20.36	19.54	29.64	0.00	0.00
GCC	14	30.41	20.71	18.21	30.66	0.00	0.00
GCC	15	31.56	18.71	19.31	30.41	0.00	0.00
GCC	16	30.76	20.28	18.64	30.31	0.00	0.00
GCC	17	31.66	18.81	18.64	30.89	0.00	0.00
GCC	18	30.46	20.73	18.09	30.71	0.00	0.00
GCC	19	30.66	20.41	18.31	30.61	0.00	0.00
GCC	20	30.36	20.01	18.64	30.99	0.00	0.00
GCC	21	32.26	20.03	18.86	28.84	0.00	0.00
GCC	22	30.49	19.66	18.86	30.99	0.00	0.00
GCC	23	31.09	19.01	18.81	31.09	0.00	0.00
GCC	24	31.21	19.89	18.99	29.92	0.00	0.00
GCC	25	29.82	20.26	19.59	30.34	0.00	0.00
GCC	26	29.92	19.56	18.59	31.94	0.00	0.00
GCC	27	29.64	20.38	19.06	30.91	0.00	0.00
GCC	28	31.79	19.61	19.51	29.09	0.00	0.00
GCC	29	31.99	18.79	18.44	30.79	0.00	0.00
GCC	30	31.21	19.96	18.71	30.11	0.00	0.00
GCC	31	30.66	20.36	19.74	29.24	0.00	0.00
GCC	32	29.79	20.76	19.64	29.82	0.00	0.00
GCC	33	30.64	20.56	18.64	30.16	0.00	0.00
GCC	34	30.91	19.96	20.03	29.09	0.00	0.00
GCC	35	30.59	20.66	18.66	30.09	0.00	0.00
GCC	36	30.79	20.31	18.39	30.51	0.00	0.00
GCC	37	30.09	19.76	19.39	30.76	0.00	0.00
GCC	38	31.21	19.59	18.24	30.96	0.00	0.00
GCC	39	30.04	19.99	18.99	30.99	0.00	0.00
GCC	40	29.99	20.18	18.81	31.01	0.00	0.00
GCC	41	29.64	20.41	19.34	30.61	0.00	0.00
GCC	42	31.24	19.39	18.49	30.89	0.00	0.00
GCC	43	31.21	20.38	18.76	29.64	0.00	0.00
GCC	44	31.46	19.34	17.96	31.24	0.00	0.00
GCC	45	28.84	20.98	19.49	30.69	0.00	0.00
GCC	46	30.79	19.59	19.56	30.06	0.00	0.00
GCC	47	29.69	19.89	19.29	31.14	0.00	0.00
GCC	48	30.79	19.14	17.64	32.44	0.00	0.00
GCC	49	29.59	19.64	19.79	30.99	0.00	0.00
GCC	50	31.36	19.14	19.04	30.46	0.00	0.00
GCC	51	29.67	20.16	20.46	29.72	0.00	0.00
GCC	52	30.74	19.34	18.96	30.96	0.00	0.00
GCC	53	30.64	19.81	18.51	31.04	0.00	0.00
GCC	54	30.14	20.31	19.49	30.06	0.00	0.00
GCC	55	31.44	20.83	18.66	29.07	0.00	0.00
GCC	56	30.49	19.24	18.56	31.71	0.00	0.00
GCC	57	30.29	20.11	18.44	31.16	0.00	0.00
GCC	58	30.91	19.96	18.39	30.74	0.00	0.00
GCC	59	30.04	19.41	19.09	31.46	0.00	0.00
GCC	60	30.61	19.54	19.11	30.74	0.00	0.00
GCC	61	30.96	18.89	18.51	31.64	0.00	0.00
GCC	62	31.64	19.04	18.81	30.51	0.00	0.00
GCC	63	29.59	19.66	18.59	32.16	0.00	0.00
GCC	64	30.64	19.66	18.34	31.36	0.00	0.00
GCC	65	29.89	21.03	18.84	30.24	0.00	0.00
GCC	66	31.04	18.86	19.51	30.59	0.00	0.00
GCC	67	28.82	20.63	19.36	31.19	0.00	0.00
GCC	68	30.94	19.64	17.71	31.71	0.00	0.00
GCC	69	30.94	20.21	18.84	30.01	0.00	0.00
GCC	70	29.57	19.11	19.61	31.71	0.00	0.00
GCC	71	30.69	20.06	18.19	31.06	0.00	0.00
GCC	72	31.79	19.41	18.96	29.84	0.00	0.00
GCC	73	31.61	20.08	18.64	29.67	0.00	0.00
GCC	74	30.84	19.19	18.14	31.84	0.00	0.00
GCC	75	30.69	18.81	19.19	31.31	0.00	0.00
GCC	76	30.11	19.24	18.74	31.91	0.00	0.00
GCC	77	31.36	19.56	18.11	30.96	0.00	0.00
GCC	78	29.34	19.81	19.34	31.51	0.00	0.00
GCC	79	29.97	20.73	19.31	29.99	0.00	0.00
GCC	80	31.84	19.09	18.06	31.01	0.00	0.00
GCC	81	31.36	19.84	18.14	30.66	0.00	0.00
GCC	82	30.81	20.13	19.29	29.77	0.00	0.00
GCC	83	30.99	19.64	18.16	31.21	0.00	0.00
GCC	84	31.49	19.66	18.66	30.19	0.00	0.00
GCC	85	30.86	20.46	18.54	30.14	0.00	0.00
GCC	86	30.04	19.49	19.39	31.09	0.00	0.00
GCC	87	31.16	19.91	18.69	30.24	0.00	0.00
GCC	88	29.94	19.19	19.24	31.64	0.00	0.00
GCC	89	30.84	19.66	18.96	30.54	0.00	0.00
GCC	90	29.67	19.24	19.44	31.66	0.00	0.00
GCC	91	30.34	19.49	18.71	31.46	0.00	0.00
GCC	92	30.01	19.51	17.61	32.86	0.00	0.00
GCC	93	31.59	20.08	19.26	29.07	0.00	0.00
GCC	94	30.61	19.44	18.44	31.51	0.00	0.00
GCC	95	31.29	18.96	18.44	31.31	0.00	0.00
GCC	96	30.96	20.23	18.31	30.49	0.00	0.00
GCC	97	29.79	20.01	19.44	30.76	0.00	0.00
GCC	98	30.59	18.91	18.96	31.54	0.00	0.00
GCC	99	31.24	20.03	18.51	30.21	0.00	0.00
GCC	100	31.59	18.94	19.56	29.92	0.00	0.00
GCC	101	30.94	18.54	18.51	32.01	0.00	0.00
GCC	102	30.31	19.61	19.39	30.69	0.00	0.00
GCC	103	31.14	20.21	19.71	28.94	0.00	0.00
GCC	104	29.82	19.09	19.26	31.84	0.00	0.00
GCC	105	30.81	18.84	19.16	31.19	0.00	0.00
GCC	106	29.67	19.36	19.71	31.26	0.00	0.00
GCC	107	30.69	19.21	19.71	30.39	0.00	0.00
GCC	108	31.79	20.36	17.64	30.21	0.00	0.00
GCC	109	31.14	20.78	18.29	29.79	0.00	0.00
GCC	110	30.41	19.51	19.04	31.04	0.00	0.00
GCC	111	30.49	19.84	19.19	30.49	0.00	0.00
GCC	112	30.24	20.93	17.84	30.99	0.00	0.00
GCC	113	30.49	19.91	19.09	30.51	0.00	0.00
GCC	114	31.54	19.54	19.29	29.64	0.00	0.00
GCC	115	31.84	19.69	18.01	30.46	0.00	0.00
GCC	116	30.19	19.74	19.66	30.41	0.00	0.00
GCC	117	29.24	19.96	19.86	30.94	0.00	0.00
GCC	118	30.64	20.33	18.36	30.66	0.00	0.00
GCC	119	31.56	19.76	18.09	30.59	0.00	0.00
GCC	120	30.16	19.81	19.39	30.64	0.00	0.00
GCC	121	29.49	19.66	18.29	32.56	0.00	0.00
GCC	122	30.66	19.64	19.71	29.99	0.00	0.00
GCC	123	30.66	19.41	18.89	31.04	0.00	0.00
GCC	124	30.31	19.99	17.89	31.81	0.00	0.00
GCC	125	30.46	19.81	18.69	31.04	0.00	0.00
GCC	126	30.21	19.54	18.56	31.69	0.00	0.00
GCC	127	30.59	19.94	18.69	30.79	0.00	0.00
GCC	128	30.66	19.21	20.08	30.04	0.00	0.00
GCC	129	30.91	19.99	19.51	29.59	0.00	0.00
GCC	130	30.46	19.01	18.51	32.01	0.00	0.00
GCC	131	31.39	19.31	18.04	31.26	0.00	0.00
GCC	132	31.61	20.01	17.39	30.99	0.00	0.00
GCC	133	30.26	18.96	19.89	30.89	0.00	0.00
GCC	134	31.51	19.89	18.14	30.46	0.00	0.00
GCC	135	30.39	21.03	18.19	30.39	0.00	0.00
GCC	136	30.99	20.11	18.29	30.61	0.00	0.00
GCC	137	30.66	18.74	18.76	31.84	0.00	0.00
GCC	138	30.16	20.58	19.11	30.14	0.00	0.00
GCC	139	31.39	19.86	18.74	30.01	0.00	0.00
GCC	140	30.76	20.16	18.11	30.96	0.00	0.00
GCC	141	31.14	19.84	18.34	30.69	0.00	0.00
GCC	142	30.99	20.16	19.31	29.54	0.00	0.00
GCC	143	30.91	20.73	18.36	29.99	0.00	0.00
GCC	144	30.31	19.51	18.49	31.69	0.00	0.00
GCC	145	29.79	19.54	18.31	32.36	0.00	0.00
GCC	146	30.96	19.59	18.39	31.06	0.00	0.00
GCC	147	30.41	20.86	17.84	30.89	0.00	0.00
GCC	148	30.46	20.06	20.31	29.17	0.00	0.00
GCC	149	31.24	20.21	17.66	30.89	0.00	0.00
GCC	150	30.69	19.64	19.24	30.44	0.00	0.00
# ACGT content per cycle, read oriented. Use `grep ^GCT | cut -f 2-` to extract this part. The columns are: cycle; A,C,G,T base counts as a percentage of all A/C/G/T bases [%]
GCT	1	30.44	19.26	19.54	30.76
GCT	2	31.36	18.94	19.16	30.54
GCT	3	31.84	18.46	19.36	30.34
GCT	4	30.06	19.89	19.19	30.86
GCT	5	30.94	18.21	19.16	31.69
GCT	6	31.96	18.79	17.96	31.29
GCT	7	31.04	19.36	19.39	30.21
GCT	8	30.76	18.96	20.53	29.74
GCT	9	30.51	18.69	19.76	31.04
GCT	10	30.64	19.09	19.94	30.34
GCT	11	30.24	19.19	19.49	31.09
GCT	12	31.06	19.49	18.56	30.89
GCT	13	29.72	20.21	19.69	30.39
GCT	14	29.67	18.91	20.01	31.41
GCT	15	30.94	19.24	18.79	31.04
GCT	16	30.21	19.84	19.09	30.86
GCT	17	32.46	19.41	18.04	30.09
GCT	18	30.34	19.71	19.11	30.84
GCT	19	31.01	19.61	19.11	30.26
GCT	20	30.76	19.71	18.94	30.59
GCT	21	31.01	18.79	20.11	30.09
GCT	22	31.26	20.33	18.19	30.21
GCT	23	31.84	19.51	18.31	30.34
GCT	24	30.39	18.86	20.01	30.74
GCT	25	29.42	20.21	19.64	30.74
GCT	26	31.21	19.01	19.14	30.64
GCT	27	30.09	18.84	20.61	30.46
GCT	28	30.26	20.28	18.84	30.61
GCT	29	32.49	18.54	18.69	30.29
GCT	30	30.79	19.94	18.74	30.54
GCT	31	31.01	20.01	20.08	28.89
GCT	32	30.76	19.59	20.81	28.84
GCT	33	29.69	20.01	19.19	31.11
GCT	34	29.89	20.78	19.21	30.11
GCT	35	30.26	19.84	19.49	30.41
GCT	36	30.84	19.71	18.99	30.46
GCT	37	29.69	19.56	19.59	31.16
GCT	38	31.26	19.19	18.64	30.91
GCT	39	29.87	19.36	19.61	31.16
GCT	40	30.54	19.94	19.06	30.46
GCT	41	31.34	20.86	18.89	28.92
GCT	42	31.66	19.06	18.81	30.46
GCT	43	30.74	19.41	19.74	30.11
GCT	44	32.46	18.79	18.51	30.24
GCT	45	29.84	20.83	19.64	29.69
GCT	46	30.49	19.94	19.21	30.36
GCT	47	31.39	19.49	19.69	29.44
GCT	48	31.89	17.99	18.79	31.34
GCT	49	29.32	19.91	19.51	31.26
GCT	50	30.76	19.39	18.79	31.06
GCT	51	29.84	21.48	19.14	29.54
GCT	52	30.79	19.54	18.76	30.91
GCT	53	31.71	19.34	18.99	29.97
GCT	54	30.01	19.79	20.01	30.19
GCT	55	29.59	19.79	19.71	30.91
GCT	56	31.24	18.64	19.16	30.96
GCT	57	31.09	19.36	19.19	30.36
GCT	58	30.84	20.03	18.31	30.81
GCT	59	31.61	20.13	18.36	29.89
GCT	60	31.86	18.49	20.16	29.49
GCT	61	31.84	19.16	18.24	30.76
GCT	62	30.71	18.46	19.39	31.44
GCT	63	31.44	18.76	19.49	30.31
GCT	64	31.46	18.79	19.21	30.54
GCT	65	31.16	19.91	19.96	28.97
GCT	66	31.56	19.24	19.14	30.06
GCT	67	29.82	20.73	19.26	30.19
GCT	68	32.68	18.34	19.01	29.97
GCT	69	31.94	18.41	20.63	29.02
GCT	70	30.39	19.04	19.69	30.89
GCT	71	30.41	18.29	19.96	31.34
GCT	72	30.66	19.04	19.34	30.96
GCT	73	30.41	18.99	19.74	30.86
GCT	74	31.09	18.44	18.89	31.59
GCT	75	31.61	18.99	19.01	30.39
GCT	76	30.64	18.36	19.61	31.39
GCT	77	30.74	19.44	18.24	31.59
GCT	78	29.99	18.66	20.48	30.86
GCT	79	30.09	20.36	19.69	29.87
GCT	80	32.14	18.19	18.96	30.71
GCT	81	30.54	18.01	19.96	31.49
GCT	82	29.77	20.03	19.39	30.81
GCT	83	31.76	19.16	18.64	30.44
GCT	84	29.97	19.54	18.79	31.71
GCT	85	30.79	18.84	20.16	30.21
GCT	86	30.51	20.01	18.86	30.61
GCT	87	28.94	19.79	18.81	32.46
GCT	88	30.34	19.64	18.79	31.24
GCT	89	30.84	19.76	18.86	30.54
GCT	90	31.76	19.44	19.24	29.57
GCT	91	30.81	19.26	18.94	30.99
GCT	92	32.09	18.69	18.44	30.79
GCT	93	29.79	18.69	20.66	30.86
GCT	94	32.11	19.34	18.54	30.01
GCT	95	31.46	18.39	19.01	31.14
GCT	96	31.76	19.39	19.16	29.69
GCT	97	30.49	19.96	19.49	30.06
GCT	98	31.31	19.49	18.39	30.81
GCT	99	30.86	19.46	19.09	30.59
GCT	100	30.64	19.34	19.16	30.86
GCT	101	30.49	18.54	18.51	32.46
GCT	102	30.41	18.81	20.18	30.59
GCT	103	29.74	19.41	20.51	30.34
GCT	104	31.06	19.29	19.06	30.59
GCT	105	31.04	18.81	19.19	30.96
GCT	106	30.54	19.74	19.34	30.39
GCT	107	30.74	18.91	20.01	30.34
GCT	108	31.74	18.96	19.04	30.26
GCT	109	31.19	20.58	18.49	29.74
GCT	110	31.16	19.26	19.29	30.29
GCT	111	31.34	19.19	19.84	29.64
GCT	112	30.16	19.76	19.01	31.06
GCT	113	30.44	19.41	19.59	30.56
GCT	114	30.26	19.01	19.81	30.91
GCT	115	31.74	19.44	18.26	30.56
GCT	116	31.01	20.11	19.29	29.59
GCT	117	31.56	19.59	20.23	28.62
GCT	118	30.54	19.64	19.06	30.76
GCT	119	31.01	18.06	19.79	31.14
GCT	120	31.89	19.19	20.01	28.92
GCT	121	31.91	18.54	19.41	30.14
GCT	122	31.86	19.24	20.11	28.79
GCT	123	30.24	18.24	20.06	31.46
GCT	124	31.11	19.19	18.69	31.01
GCT	125	30.66	19.81	18.69	30.84
GCT	126	30.91	19.44	18.66	30.99
GCT	127	30.94	18.24	20.38	30.44
GCT	128	31.36	19.61	19.69	29.34
GCT	129	31.46	19.14	20.36	29.04
GCT	130	31.51	19.86	17.66	30.96
GCT	131	31.54	18.26	19.09	31.11
GCT	132	31.84	18.19	19.21	30.76
GCT	133	30.94	19.49	19.36	30.21
GCT	134	30.56	18.64	19.39	31.41
GCT	135	29.89	18.99	20.23	30.89
GCT	136	31.41	19.64	18.76	30.19
GCT	137	30.36	18.39	19.11	32.14
GCT	138	30.66	20.28	19.41	29.64
GCT	139	31.26	20.03	18.56	30.14
GCT	140	31.86	19.11	19.16	29.87
GCT	141	30.64	19.24	18.94	31.19
GCT	142	29.84	18.96	20.51	30.69
GCT	143	29.84	19.66	19.44	31.06
GCT	144	30.66	18.71	19.29	31.34
GCT	145	31.29	18.14	19.71	30.86
GCT	146	30.31	19.34	18.64	31.71
GCT	147	29.92	19.56	19.14	31.39
GCT	148	29.92	20.41	19.96	29.72
GCT	149	31.46	19.09	18.79	30.66
GCT	150	31.36	19.06	19.81	29.77
# ACGT content per cycle for first fragments. Use `grep ^FBC | cut -f 2-` to extract this part. The columns are: cycle; A,C,G,T base counts as a percentage of all A/C/G/T bases [%]; and N and O counts as a percentage of all A/C/G/T bases [%]
FBC	1	29.94	20.51	18.21	31.34	0.00	0.00
FBC	2	31.39	19.51	19.41	29.69	0.00	0.00
FBC	3	33.43	19.91	18.01	28.64	0.00	0.00
FBC	4	31.39	19.76	18.96	29.89	0.00	0.00
FBC	5	31.29	19.86	18.66	30.19	0.00	0.00
FBC	6	31.69	19.26	18.01	31.04	0.00	0.00
FBC	7	31.59	19.01	19.36	30.04	0.00	0.00
FBC	8	31.04	20.66	18.71	29.59	0.00	0.00
FBC	9	31.29	18.71	18.51	31.49	0.00	0.00
FBC	10	31.54	19.16	18.46	30.84	0.00	0.00
FBC	11	30.64	19.91	19.41	30.04	0.00	0.00
FBC	12	31.39	19.66	18.96	29.99	0.00	0.00
FBC	13	31.14	20.11	18.36	30.39	0.00	0.00
FBC	14	29.94	20.76	18.11	31.19	0.00	0.00
FBC	15	30.89	18.51	20.21	30.39	0.00	0.00
FBC	16	30.69	21.21	17.51	30.59	0.00	0.00
FBC	17	31.89	18.46	18.26	31.39	0.00	0.00
FBC	18	30.84	19.76	17.42	31.99	0.00	0.00
FBC	19	30.84	21.16	17.37	30.64	0.00	0.00
FBC	20	29.29	20.21	17.71	32.78	0.00	0.00
FBC	21	32.24	20.11	18.51	29.14	0.00	0.00
FBC	22	29.99	19.21	19.01	31.79	0.00	0.00
FBC	23	30.94	18.66	19.21	31.19	0.00	0.00
FBC	24	30.09	20.16	19.36	30.39	0.00	0.00
FBC	25	30.64	20.96	18.96	29.44	0.00	0.00
FBC	26	30.44	19.71	18.71	31.14	0.00	0.00
FBC	27	29.34	20.76	19.06	30.84	0.00	0.00
FBC	28	30.09	20.76	20.41	28.74	0.00	0.00
FBC	29	32.39	18.16	18.31	31.14	0.00	0.00
FBC	30	31.44	19.66	19.51	29.39	0.00	0.00
FBC	31	31.34	20.51	19.76	28.39	0.00	0.00
FBC	32	29.49	20.96	20.06	29.49	0.00	0.00
FBC	33	30.74	19.61	18.86	30.79	0.00	0.00
FBC	34	31.04	19.41	19.76	29.79	0.00	0.00
FBC	35	29.79	19.51	20.31	30.39	0.00	0.00
FBC	36	31.89	19.11	18.86	30.14	0.00	0.00
FBC	37	29.69	18.61	20.76	30.94	0.00	0.00
FBC	38	30.99	19.51	18.66	30.84	0.00	0.00
FBC	39	29.34	18.96	20.71	30.99	0.00	0.00
FBC	40	30.04	19.56	19.11	31.29	0.00	0.00
FBC	41	28.94	20.56	19.51	30.99	0.00	0.00
FBC	42	31.09	19.41	18.36	31.14	0.00	0.00
FBC	43	30.69	22.06	18.61	28.64	0.00	0.00
FBC	44	31.49	19.26	18.46	30.79	0.00	0.00
FBC	45	28.24	21.81	20.26	29.69	0.00	0.00
FBC	46	30.09	19.86	19.31	30.74	0.00	0.00
FBC	47	28.94	19.76	20.46	30.84	0.00	0.00
FBC	48	30.59	18.76	18.46	32.19	0.00	0.00
FBC	49	28.79	19.96	19.71	31.54	0.00	0.00
FBC	50	29.94	19.01	20.21	30.84	0.00	0.00
FBC	51	29.19	20.56	20.11	30.14	0.00	0.00
FBC	52	31.54	19.41	19.11	29.94	0.00	0.00
FBC	53	31.19	20.36	18.91	29.54	0.00	0.00
FBC	54	29.39	20.71	20.41	29.49	0.00	0.00
FBC	55	32.14	20.91	18.66	28.29	0.00	0.00
FBC	56	29.64	19.21	18.86	32.29	0.00	0.00
FBC	57	29.44	20.61	18.96	30.99	0.00	0.00
FBC	58	30.04	20.61	18.26	31.09	0.00	0.00
FBC	59	29.94	18.81	19.51	31.74	0.00	0.00
FBC	60	29.84	19.76	19.06	31.34	0.00	0.00
FBC	61	31.19	19.31	17.12	32.39	0.00	0.00
FBC	62	32.68	18.46	19.21	29.64	0.00	0.00
FBC	63	28.59	19.81	20.61	30.99	0.00	0.00
FBC	64	30.39	20.21	18.36	31.04	0.00	0.00
FBC	65	29.79	20.96	18.81	30.44	0.00	0.00
FBC	66	29.89	18.51	19.16	32.44	0.00	0.00
FBC	67	28.24	20.16	20.11	31.49	0.00	0.00
FBC	68	30.54	19.21	18.61	31.64	0.00	0.00
FBC	69	30.59	20.21	18.56	30.64	0.00	0.00
FBC	70	29.04	19.26	18.96	32.73	0.00	0.00
FBC	71	31.24	20.46	18.66	29.64	0.00	0.00
FBC	72	31.24	19.16	19.16	30.44	0.00	0.00
FBC	73	29.89	20.66	19.16	30.29	0.00	0.00
FBC	74	29.74	18.66	18.86	32.73	0.00	0.00
FBC	75	30.59	19.51	18.51	31.39	0.00	0.00
FBC	76	28.99	19.96	18.01	33.03	0.00	0.00
FBC	77	32.09	18.96	17.76	31.19	0.00	0.00
FBC	78	30.84	20.36	18.11	30.69	0.00	0.00
FBC	79	29.49	20.66	19.71	30.14	0.00	0.00
FBC	80	32.68	19.71	18.01	29.59	0.00	0.00
FBC	81	30.79	19.71	18.06	31.44	0.00	0.00
FBC	82	30.04	20.26	19.21	30.49	0.00	0.00
FBC	83	31.24	19.06	18.36	31.34	0.00	0.00
FBC	84	30.14	19.66	18.81	31.39	0.00	0.00
FBC	85	29.59	20.16	18.26	31.99	0.00	0.00
FBC	86	30.89	19.26	18.41	31.44	0.00	0.00
FBC	87	30.54	20.11	19.26	30.09	0.00	0.00
FBC	88	30.14	18.31	20.66	30.89	0.00	0.00
FBC	89	30.59	20.16	19.21	30.04	0.00	0.00
FBC	90	30.84	18.26	19.51	31.39	0.00	0.00
FBC	91	29.69	18.41	19.46	32.44	0.00	0.00
FBC	92	29.39	19.66	17.51	33.43	0.00	0.00
FBC	93	31.79	21.16	17.71	29.34	0.00	0.00
FBC	94	30.84	19.06	18.66	31.44	0.00	0.00
FBC	95	30.39	18.76	18.81	32.04	0.00	0.00
FBC	96	30.59	19.71	18.16	31.54	0.00	0.00
FBC	97	29.99	18.91	19.51	31.59	0.00	0.00
FBC	98	30.19	18.36	19.41	32.04	0.00	0.00
FBC	99	29.64	20.71	18.41	31.24	0.00	0.00
FBC	100	31.39	18.56	20.81	29.24	0.00	0.00
FBC	101	31.24	17.96	19.06	31.74	0.00	0.00
FBC	102	29.49	19.81	20.16	30.54	0.00	0.00
FBC	103	31.14	20.01	20.11	28.74	0.00	0.00
FBC	104	29.34	19.81	19.61	31.24	0.00	0.00
FBC	105	30.49	17.96	19.41	32.14	0.00	0.00
FBC	106	28.84	19.71	20.41	31.04	0.00	0.00
FBC	107	32.53	18.96	19.41	29.09	0.00	0.00
FBC	108	31.14	20.51	17.81	30.54	0.00	0.00
FBC	109	29.74	21.16	18.56	30.54	0.00	0.00
FBC	110	29.99	20.31	19.26	30.44	0.00	0.00
FBC	111	29.89	20.21	19.91	29.99	0.00	0.00
FBC	112	29.84	21.56	17.37	31.24	0.00	0.00
FBC	113	30.19	20.81	20.01	28.99	0.00	0.00
FBC	114	33.23	18.51	19.26	28.99	0.00	0.00
FBC	115	31.59	19.51	18.76	30.14	0.00	0.00
FBC	116	31.74	19.21	19.96	29.09	0.00	0.00
FBC	117	28.59	20.21	20.26	30.94	0.00	0.00
FBC	118	29.69	20.76	18.96	30.59	0.00	0.00
FBC	119	31.19	18.91	18.76	31.14	0.00	0.00
FBC	120	31.09	19.81	19.06	30.04	0.00	0.00
FBC	121	29.79	19.01	18.81	32.39	0.00	0.00
FBC	122	30.09	20.01	20.31	29.59	0.00	0.00
FBC	123	33.33	18.36	17.81	30.49	0.00	0.00
FBC	124	30.29	21.16	17.76	30.79	0.00	0.00
FBC	125	30.59	19.96	18.76	30.69	0.00	0.00
FBC	126	30.29	19.76	17.71	32.24	0.00	0.00
FBC	127	31.04	20.71	18.41	29.84	0.00	0.00
FBC	128	31.69	19.96	21.21	27.15	0.00	0.00
FBC	129	30.89	19.41	20.31	29.39	0.00	0.00
FBC	130	30.04	19.26	17.96	32.73	0.00	0.00
FBC	131	31.04	19.36	18.81	30.79	0.00	0.00
FBC	132	31.24	20.81	17.12	30.84	0.00	0.00
FBC	133	29.94	18.81	19.21	32.04	0.00	0.00
FBC	134	31.14	19.36	18.91	30.59	0.00	0.00
FBC	135	29.14	21.76	18.21	30.89	0.00	0.00
FBC	136	31.89	19.46	18.91	29.74	0.00	0.00
FBC	137	30.49	18.51	18.71	32.29	0.00	0.00
FBC	138	29.19	21.31	19.61	29.89	0.00	0.00
FBC	139	31.89	19.51	18.51	30.09	0.00	0.00
FBC	140	29.99	21.01	18.81	30.19	0.00	0.00
FBC	141	31.59	19.46	18.26	30.69	0.00	0.00
FBC	142	31.19	19.66	18.91	30.24	0.00	0.00
FBC	143	31.04	21.41	18.21	29.34	0.00	0.00
FBC	144	30.54	19.86	18.01	31.59	0.00	0.00
FBC	145	28.84	19.61	19.01	32.53	0.00	0.00
FBC	146	29.99	20.76	18.36	30.89	0.00	0.00
FBC	147	30.19	21.01	18.16	30.64	0.00	0.00
FBC	148	32.14	20.41	19.46	27.99	0.00	0.00
FBC	149	31.34	20.71	18.01	29.94	0.00	0.00
FBC	150	31.09	20.41	19.21	29.29	0.00	0.00
# ACGT raw counters for first fragments. Use `grep ^FTC | cut -f 2-` to extract this part. The columns are: A,C,G,T,N base counters
FTC	91873	59527	56998	92202	0
# ACGT content per cycle for last fragments. Use `grep ^LBC | cut -f 2-` to extract this part. The columns are: cycle; A,C,G,T base counts as a percentage of all A/C/G/T bases [%]; and N and O counts as a percentage of all A/C/G/T bases [%]
LBC	1	30.99	19.36	19.51	30.14	0.00	0.00
LBC	2	31.49	19.61	17.66	31.24	0.00	0.00
LBC	3	29.99	18.66	19.06	32.29	0.00	0.00
LBC	4	31.34	20.01	19.41	29.24	0.00	0.00
LBC	5	31.84	18.81	17.42	31.94	0.00	0.00
LBC	6	31.69	17.96	18.26	32.09	0.00	0.00
LBC	7	30.69	20.31	18.81	30.19	0.00	0.00
LBC	8	29.94	20.91	18.71	30.44	0.00	0.00
LBC	9	29.69	19.91	19.76	30.64	0.00	0.00
LBC	10	30.14	21.41	19.01	29.44	0.00	0.00
LBC	11	31.74	19.86	18.16	30.24	0.00	0.00
LBC	12	31.34	19.81	17.66	31.19	0.00	0.00
LBC	13	29.79	20.61	20.71	28.89	0.00	0.00
LBC	14	30.89	20.66	18.31	30.14	0.00	0.00
LBC	15	32.24	18.91	18.41	30.44	0.00	0.00
LBC	16	30.84	19.36	19.76	30.04	0.00	0.00
LBC	17	31.44	19.16	19.01	30.39	0.00	0.00
LBC	18	30.09	21.71	18.76	29.44	0.00	0.00
LBC	19	30.49	19.66	19.26	30.59	0.00	0.00
LBC	20	31.44	19.81	19.56	29.19	0.00	0.00
LBC	21	32.29	19.96	19.21	28.54	0.00	0.00
LBC	22	30.99	20.11	18.71	30.19	0.00	0.00
LBC	23	31.24	19.36	18.41	30.99	0.00	0.00
LBC	24	32.34	19.61	18.61	29.44	0.00	0.00
LBC	25	28.99	19.56	20.21	31.24	0.00	0.00
LBC	26	29.39	19.41	18.46	32.73	0.00	0.00
LBC	27	29.94	20.01	19.06	30.99	0.00	0.00
LBC	28	33.48	18.46	18.61	29.44	0.00	0.00
LBC	29	31.59	19.41	18.56	30.44	0.00	0.00
LBC	30	30.99	20.26	17.91	30.84	0.00	0.00
LBC	31	29.99	20.21	19.71	30.09	0.00	0.00
LBC	32	30.09	20.56	19.21	30.14	0.00	0.00
LBC	33	30.54	21.51	18.41	29.54	0.00	0.00
LBC	34	30.79	20.51	20.31	28.39	0.00	0.00
LBC	35	31.39	21.81	17.02	29.79	0.00	0.00
LBC	36	29.69	21.51	17.91	30.89	0.00	0.00
LBC	37	30.49	20.91	18.01	30.59	0.00	0.00
LBC	38	31.44	19.66	17.81	31.09	0.00	0.00
LBC	39	30.74	21.01	17.27	30.99	0.00	0.00
LBC	40	29.94	20.81	18.51	30.74	0.00	0.00
LBC	41	30.34	20.26	19.16	30.24	0.00	0.00
LBC	42	31.39	19.36	18.61	30.64	0.00	0.00
LBC	43	31.74	18.71	18.91	30.64	0.00	0.00
LBC	44	31.44	19.41	17.47	31.69	0.00	0.00
LBC	45	29.44	20.16	18.71	31.69	0.00	0.00
LBC	46	31.49	19.31	19.81	29.39	0.00	0.00
LBC	47	30.44	20.01	18.11	31.44	0.00	0.00
LBC	48	30.99	19.51	16.82	32.68	0.00	0.00
LBC	49	30.39	19.31	19.86	30.44	0.00	0.00
LBC	50	32.78	19.26	17.86	30.09	0.00	0.00
LBC	51	30.14	19.76	20.81	29.29	0.00	0.00
LBC	52	29.94	19.26	18.81	31.99	0.00	0.00
LBC	53	30.09	19.26	18.11	32.53	0.00	0.00
LBC	54	30.89	19.91	18.56	30.64	0.00	0.00
LBC	55	30.74	20.76	18.66	29.84	0.00	0.00
LBC	56	31.34	19.26	18.26	31.14	0.00	0.00
LBC	57	31.14	19.61	17.91	31.34	0.00	0.00
LBC	58	31.79	19.31	18.51	30.39	0.00	0.00
LBC	59	30.14	20.01	18.66	31.19	0.00	0.00
LBC	60	31.39	19.31	19.16	30.14	0.00	0.00
LBC	61	30.74	18.46	19.91	30.89	0.00	0.00
LBC	62	30.59	19.61	18.41	31.39	0.00	0.00
LBC	63	30.59	19.51	16.57	33.33	0.00	0.00
LBC	64	30.89	19.11	18.31	31.69	0.00	0.00
LBC	65	29.99	21.11	18.86	30.04	0.00	0.00
LBC	66	32.19	19.21	19.86	28.74	0.00	0.00
LBC	67	29.39	21.11	18.61	30.89	0.00	0.00
LBC	68	31.34	20.06	16.82	31.79	0.00	0.00
LBC	69	31.29	20.21	19.11	29.39	0.00	0.00
LBC	70	30.09	18.96	20.26	30.69	0.00	0.00
LBC	71	30.14	19.66	17.71	32.49	0.00	0.00
LBC	72	32.34	19.66	18.76	29.24	0.00	0.00
LBC	73	33.33	19.51	18.11	29.04	0.00	0.00
LBC	74	31.94	19.71	17.42	30.94	0.00	0.00
LBC	75	30.79	18.11	19.86	31.24	0.00	0.00
LBC	76	31.24	18.51	19.46	30.79	0.00	0.00
LBC	77	30.64	20.16	18.46	30.74	0.00	0.00
LBC	78	27.84	19.26	20.56	32.34	0.00	0.00
LBC	79	30.44	20.81	18.91	29.84	0.00	0.00
LBC	80	30.99	18.46	18.11	32.44	0.00	0.00
LBC	81	31.94	19.96	18.21	29.89	0.00	0.00
LBC	82	31.59	20.01	19.36	29.04	0.00	0.00
LBC	83	30.74	20.21	17.96	31.09	0.00	0.00
LBC	84	32.83	19.66	18.51	28.99	0.00	0.00
LBC	85	32.14	20.76	18.81	28.29	0.00	0.00
LBC	86	29.19	19.71	20.36	30.74	0.00	0.00
LBC	87	31.79	19.71	18.11	30.39	0.00	0.00
LBC	88	29.74	20.06	17.81	32.39	0.00	0.00
LBC	89	31.09	19.16	18.71	31.04	0.00	0.00
LBC	90	28.49	20.21	19.36	31.94	0.00	0.00
LBC	91	30.99	20.56	17.96	30.49	0.00	0.00
LBC	92	30.64	19.36	17.71	32.29	0.00	0.00
LBC	93	31.39	19.01	20.81	28.79	0.00	0.00
LBC	94	30.39	19.81	18.21	31.59	0.00	0.00
LBC	95	32.19	19.16	18.06	30.59	0.00	0.00
LBC	96	31.34	20.76	18.46	29.44	0.00	0.00
LBC	97	29.59	21.11	19.36	29.94	0.00	0.00
LBC	98	30.99	19.46	18.51	31.04	0.00	0.00
LBC	99	32.83	19.36	18.61	29.19	0.00	0.00
LBC	100	31.79	19.31	18.31	30.59	0.00	0.00
LBC	101	30.64	19.11	17.96	32.29	0.00	0.00
LBC	102	31.14	19.41	18.61	30.84	0.00	0.00
LBC	103	31.14	20.41	19.31	29.14	0.00	0.00
LBC	104	30.29	18.36	18.91	32.44	0.00	0.00
LBC	105	31.14	19.71	18.91	30.24	0.00	0.00
LBC	106	30.49	19.01	19.01	31.49	0.00	0.00
LBC	107	28.84	19.46	20.01	31.69	0.00	0.00
LBC	108	32.44	20.21	17.47	29.89	0.00	0.00
LBC	109	32.53	20.41	18.01	29.04	0.00	0.00
LBC	110	30.84	18.71	18.81	31.64	0.00	0.00
LBC	111	31.09	19.46	18.46	30.99	0.00	0.00
LBC	112	30.64	20.31	18.31	30.74	0.00	0.00
LBC	113	30.79	19.01	18.16	32.04	0.00	0.00
LBC	114	29.84	20.56	19.31	30.29	0.00	0.00
LBC	115	32.09	19.86	17.27	30.79	0.00	0.00
LBC	116	28.64	20.26	19.36	31.74	0.00	0.00
LBC	117	29.89	19.71	19.46	30.94	0.00	0.00
LBC	118	31.59	19.91	17.76	30.74	0.00	0.00
LBC	119	31.94	20.61	17.42	30.04	0.00	0.00
LBC	120	29.24	19.81	19.71	31.24	0.00	0.00
LBC	121	29.19	20.31	17.76	32.73	0.00	0.00
LBC	122	31.24	19.26	19.11	30.39	0.00	0.00
LBC	123	27.99	20.46	19.96	31.59	0.00	0.00
LBC	124	30.34	18.81	18.01	32.83	0.00	0.00
LBC	125	30.34	19.66	18.61	31.39	0.00	0.00
LBC	126	30.14	19.31	19.41	31.14	0.00	0.00
LBC	127	30.14	19.16	18.96	31.74	0.00	0.00
LBC	128	29.64	18.46	18.96	32.93	0.00	0.00
LBC	129	30.94	20.56	18.71	29.79	0.00	0.00
LBC	130	30.89	18.76	19.06	31.29	0.00	0.00
LBC	131	31.74	19.26	17.27	31.74	0.00	0.00
LBC	132	31.99	19.21	17.66	31.14	0.00	0.00
LBC	133	30.59	19.11	20.56	29.74	0.00	0.00
LBC	134	31.89	20.41	17.37	30.34	0.00	0.00
LBC	135	31.64	20.31	18.16	29.89	0.00	0.00
LBC	136	30.09	20.76	17.66	31.49	0.00	0.00
LBC	137	30.84	18.96	18.81	31.39	0.00	0.00
LBC	138	31.14	19.86	18.61	30.39	0.00	0.00
LBC	139	30.89	20.21	18.96	29.94	0.00	0.00
LBC	140	31.54	19.31	17.42	31.74	0.00	0.00
LBC	141	30.69	20.21	18.41	30.69	0.00	0.00
LBC	142	30.79	20.66	19.71	28.84	0.00	0.00
LBC	143	30.79	20.06	18.51	30.64	0.00	0.00
LBC	144	30.09	19.16	18.96	31.79	0.00	0.00
LBC	145	30.74	19.46	17.61	32.19	0.00	0.00
LBC	146	31.94	18.41	18.41	31.24	0.00	0.00
LBC	147	30.64	20.71	17.51	31.14	0.00	0.00
LBC	148	28.79	19.71	21.16	30.34	0.00	0.00
LBC	149	31.14	19.71	17.32	31.84	0.00	0.00
LBC	150	30.29	18.86	19.26	31.59	0.00	0.00
# ACGT raw counters for last fragments. Use `grep ^LTC | cut -f 2-` to extract this part. The columns are: A,C,G,T,N base counters
LTC	92687	59417	56103	92393	0
# Insert sizes. Use `grep ^IS | cut -f 2-` to extract this part. The columns are: insert size, pairs total, inward oriented pairs, outward oriented pairs, other pairs
IS	0	0	0	0	0
IS	1	0	0	0	0
IS	2	0	0	0	0
IS	3	0	0	0	0
IS	4	0	0	0	0
IS	5	0	0	0	0
IS	6	0	0	0	0
IS	7	0	0	0	0
IS	8	0	0	0	0
IS	9	0	0	0	0
IS	10	0	0	0	0
IS	11	0	0	0	0
IS	12	0	0	0	0
IS	13	0	0	0	0
IS	14	0	0	0	0
IS	15	0	0	0	0
IS	16	0	0	0	0
IS	17	0	0	0	0
IS	18	0	0	0	0
IS	19	0	0	0	0
IS	20	0	0	0	0
IS	21	0	0	0	0
IS	22	0	0	0	0
IS	23	0	0	0	0
IS	24	0	0	0	0
IS	25	0	0	0	0
IS	26	0	0	0	0
IS	27	0	0	0	0
IS	28	0	0	0	0
IS	29	0	0	0	0
IS	30	0	0	0	0
IS	31	0	0	0	0
IS	32	0	0	0	0
IS	33	0	0	0	0
IS	34	0	0	0	0
IS	35	0	0	0	0
IS	36	0	0	0	0
IS	37	0	0	0	0
IS	38	0	0	0	0
IS	39	0	0	0	0
IS	40	0	0	0	0
IS	41	0	0	0	0
IS	42	0	0	0	0
IS	43	0	0	0	0
IS	44	0	0	0	0
IS	45	0	0	0	0
IS	46	0	0	0	0
IS	47	0	0	0	0
IS	48	0	0	0	0
IS	49	0	0	0	0
IS	50	0	0	0	0
IS	51	0	0	0	0
IS	52	0	0	0	0
IS	53	0	0	0	0
IS	54	0	0	0	0
IS	55	0	0	0	0
IS	56	0	0	0	0
IS	57	0	0	0	0
IS	58	0	0	0	0
IS	59	0	0	0	0
IS	60	0	0	0	0
IS	61	0	0	0	0
IS	62	0	0	0	0
IS	63	0	0	0	0
IS	64	0	0	0	0
IS	65	0	0	0	0
IS	66	0	0	0	0
IS	67	0	0	0	0
IS	68	0	0	0	0
IS	69	0	0	0	0
IS	70	0	0	0	0
IS	71	0	0	0	0
IS	72	0	0	0	0
IS	73	0	0	0	0
IS	74	0	0	0	0
IS	75	0	0	0	0
IS	76	0	0	0	0
IS	77	0	0	0	0
IS	78	0	0	0	0
IS	79	0	0	0	0
IS	80	0	0	0	0
IS	81	0	0	0	0
IS	82	0	0	0	0
IS	83	0	0	0	0
IS	84	0	0	0	0
IS	85	0	0	0	0
IS	86	0	0	0	0
IS	87	0	0	0	0
IS	88	0	0	0	0
IS	89	0	0	0	0
IS	90	0	0	0	0
IS	91	0	0	0	0
IS	92	0	0	0	0
IS	93	0	0	0	0
IS	94	0	0	0	0
IS	95	0	0	0	0
IS	96	0	0	0	0
IS	97	0	0	0	0
IS	98	0	0	0	0
IS	99	0	0	0	0
IS	100	0	0	0	0
IS	101	0	0	0	0
IS	102	0	0	0	0
IS	103	0	0	0	0
IS	104	0	0	0	0
IS	105	0	0	0	0
IS	106	0	0	0	0
IS	107	0	0	0	0
IS	108	0	0	0	0
IS	109	0	0	0	0
IS	110	0	0	0	0
IS	111	0	0	0	0
IS	112	0	0	0	0
IS	113	0	0	0	0
IS	114	0	0	0	0
IS	115	0	0	0	0
IS	116	0	0	0	0
IS	117	0	0	0	0
IS	118	0	0	0	0
IS	119	0	0	0	0
IS	120	0	0	0	0
IS	121	0	0	0	0
IS	122	0	0	0	0
IS	123	0	0	0	0
IS	124	0	0	0	0
IS	125	0	0	0	0
IS	126	0	0	0	0
IS	127	0	0	0	0
IS	128	0	0	0	0
IS	129	0	0	0	0
IS	130	0	0	0	0
IS	131	0	0	0	0
IS	132	0	0	0	0
IS	133	0	0	0	0
IS	134	0	0	0	0
IS	135	0	0	0	0
IS	136	0	0	0	0
IS	137	0	0	0	0
IS	138	0	0	0	0
IS	139	0	0	0	0
IS	140	0	0	0	0
IS	141	0	0	0	0
IS	142	0	0	0	0
IS	143	0	0	0	0
IS	144	0	0	0	0
IS	145	0	0	0	0
IS	146	0	0	0	0
IS	147	0	0	0	0
IS	148	0	0	0	0
IS	149	0	0	0	0
IS	150	0	0	0	0
IS	151	0	0	0	0
IS	152	0	0	0	0
IS	153	0	0	0	0
IS	154	0	0	0	0
IS	155	0	0	0	0
IS	156	0	0	0	0
IS	157	0	0	0	0
IS	158	0	0	0	0
IS	159	0	0	0	0
IS	160	0	0	0	0
IS	161	0	0	0	0
IS	162	0	0	0	0
IS	163	0	0	0	0
IS	164	0	0	0	0
IS	165	0	0	0	0
IS	166	0	0	0	0
IS	167	0	0	0	0
IS	168	0	0	0	0
IS	169	0	0	0	0
IS	170	0	0	0	0
IS	171	0	0	0	0
IS	172	0	0	0	0
IS	173	0	0	0	0
IS	174	0	0	0	0
IS	175	0	0	0	0
IS	176	0	0	0	0
IS	177	0	0	0	0
IS	178	0	0	0	0
IS	179	0	0	0	0
IS	180	0	0	0	0
IS	181	0	0	0	0
IS	182	0	0	0	0
IS	183	0	0	0	0
IS	184	0	0	0	0
IS	185	0	0	0	0
IS	186	0	0	0	0
IS	187	0	0	0	0
IS	188	0	0	0	0
IS	189	0	0	0	0
IS	190	0	0	0	0
IS	191	0	0	0	0
IS	192	0	0	0	0
IS	193	0	0	0	0
IS	194	0	0	0	0
IS	195	0	0	0	0
IS	196	0	0	0	0
IS	197	0	0	0	0
IS	198	0	0	0	0
IS	199	0	0	0	0
IS	200	0	0	0	0
IS	201	0	0	0	0
IS	202	0	0	0	0
IS	203	0	0	0	0
IS	204	0	0	0	0
IS	205	0	0	0	0
IS	206	0	0	0	0
IS	207	0	0	0	0
IS	208	0	0	0	0
IS	209	0	0	0	0
IS	210	0	0	0	0
IS	211	0	0	0	0
IS	212	0	0	0	0
IS	213	0	0	0	0
IS	214	0	0	0	0
IS	215	0	0	0	0
IS	216	0	0	0	0
IS	217	0	0	0	0
IS	218	0	0	0	0
IS	219	0	0	0	0
IS	220	0	0	0	0
IS	221	0	0	0	0
IS	222	0	0	0	0
IS	223	0	0	0	0
IS	224	0	0	0	0
IS	225	0	0	0	0
IS	226	0	0	0	0
IS	227	0	0	0	0
IS	228	0	0	0	0
IS	229	0	0	0	0
IS	230	0	0	0	0
IS	231	0	0	0	0
IS	232	0	0	0	0
IS	233	0	0	0	0
IS	234	0	0	0	0
IS	235	0	0	0	0
IS	236	0	0	0	0
IS	237	0	0	0	0
IS	238	0	0	0	0
IS	239	0	0	0	0
IS	240	0	0	0	0
IS	241	0	0	0	0
IS	242	0	0	0	0
IS	243	0	0	0	0
IS	244	0	0	0	0
IS	245	0	0	0	0
IS	246	0	0	0	0
IS	247	0	0	0	0
IS	248	0	0	0	0
IS	249	0	0	0	0
IS	250	0	0	0	0
IS	251	0	0	0	0
IS	252	0	0	0	0
IS	253	0	0	0	0
IS	254	0	0	0	0
IS	255	0	0	0	0
IS	256	0	0	0	0
IS	257	0	0	0	0
IS	258	0	0	0	0
IS	259	0	0	0	0
IS	260	0	0	0	0
IS	261	0	0	0	0
IS	262	0	0	0	0
IS	263	0	0	0	0
IS	264	0	0	0	0
IS	265	0	0	0	0
IS	266	0	0	0	0
IS	267	0	0	0	0
IS	268	0	0	0	0
IS	269	0	0	0	0
IS	270	0	0	0	0
IS	271	0	0	0	0
IS	272	0	0	0	0
IS	273	0	0	0	0
IS	274	0	0	0	0
IS	275	0	0	0	0
IS	276	0	0	0	0
IS	277	0	0	0	0
IS	278	0	0	0	0
IS	279	0	0	0	0
IS	280	0	0	0	0
IS	281	0	0	0	0
IS	282	0	0	0	0
IS	283	0	0	0	0
IS	284	0	0	0	0
IS	285	0	0	0	0
IS	286	0	0	0	0
IS	287	0	0	0	0
IS	288	0	0	0	0
IS	289	0	0	0	0
IS	290	0	0	0	0
IS	291	0	0	0	0
IS	292	0	0	0	0
IS	293	0	0	0	0
IS	294	0	0	0	0
IS	295	0	0	0	0
IS	296	0	0	0	0
IS	297	0	0	0	0
IS	298	0	0	0	0
IS	299	0	0	0	0
IS	300	0	0	0	0
IS	301	0	0	0	0
IS	302	0	0	0	0
IS	303	0	0	0	0
IS	304	0	0	0	0
IS	305	0	0	0	0
IS	306	0	0	0	0
IS	307	0	0	0	0
IS	308	0	0	0	0
IS	309	0	0	0	0
IS	310	1	1	0	0
IS	311	0	0	0	0
IS	312	0	0	0	0
IS	313	0	0	0	0
IS	314	0	0	0	0
IS	315	0	0	0	0
IS	316	0	0	0	0
IS	317	0	0	0	0
IS	318	0	0	0	0
IS	319	0	0	0	0
IS	320	0	0	0	0
IS	321	0	0	0	0
IS	322	0	0	0	0
IS	323	0	0	0	0
IS	324	0	0	0	0
IS	325	0	0	0	0
IS	326	0	0	0	0
IS	327	0	0	0	0
IS	328	0	0	0	0
IS	329	0	0	0	0
IS	330	0	0	0	0
IS	331	0	0	0	0
IS	332	0	0	0	0
IS	333	0	0	0	0
IS	334	0	0	0	0
IS	335	0	0	0	0
IS	336	0	0	0	0
IS	337	0	0	0	0
IS	338	0	0	0	0
IS	339	0	0	0	0
IS	340	0	0	0	0
IS	341	0	0	0	0
IS	342	0	0	0	0
IS	343	1	1	0	0
IS	344	0	0	0	0
IS	345	0	0	0	0
IS	346	0	0	0	0
IS	347	0	0	0	0
IS	348	0	0	0	0
IS	349	0	0	0	0
IS	350	1	1	0	0
IS	351	1	1	0	0
IS	352	0	0	0	0
IS	353	1	1	0	0
IS	354	0	0	0	0
IS	355	0	0	0	0
IS	356	0	0	0	0
IS	357	0	0	0	0
IS	358	0	0	0	0
IS	359	1	1	0	0
IS	360	0	0	0	0
IS	361	0	0	0	0
IS	362	1	1	0	0
IS	363	0	0	0	0
IS	364	2	2	0	0
IS	365	0	0	0	0
IS	366	1	1	0	0
IS	367	0	0	0	0
IS	368	0	0	0	0
IS	369	0	0	0	0
IS	370	0	0	0	0
IS	371	0	0	0	0
IS	372	1	1	0	0
IS	373	1	1	0	0
IS	374	0	0	0	0
IS	375	0	0	0	0
IS	376	0	0	0	0
IS	377	1	1	0	0
IS	378	1	1	0	0
IS	379	2	2	0	0
IS	380	3	3	0	0
IS	381	1	1	0	0
IS	382	0	0	0	0
IS	383	0	0	0	0
IS	384	1	1	0	0
IS	385	1	1	0	0
IS	386	4	4	0	0
IS	387	1	1	0	0
IS	388	0	0	0	0
IS	389	3	3	0	0
IS	390	2	2	0	0
IS	391	1	1	0	0
IS	392	2	2	0	0
IS	393	1	1	0	0
IS	394	2	2	0	0
IS	395	0	0	0	0
IS	396	3	3	0	0
IS	397	2	2	0	0
IS	398	6	6	0	0
IS	399	4	4	0	0
IS	400	4	4	0	0
IS	401	3	3	0	0
IS	402	2	2	0	0
IS	403	2	2	0	0
IS	404	1	1	0	0
IS	405	8	8	0	0
IS	406	2	2	0	0
IS	407	4	4	0	0
IS	408	7	7	0	0
IS	409	4	4	0	0
IS	410	3	3	0	0
IS	411	4	4	0	0
IS	412	2	2	0	0
IS	413	3	3	0	0
IS	414	2	2	0	0
IS	415	5	5	0	0
IS	416	2	2	0	0
IS	417	2	2	0	0
IS	418	7	7	0	0
IS	419	4	4	0	0
IS	420	7	7	0	0
IS	421	4	4	0	0
IS	422	3	3	0	0
IS	423	6	6	0	0
IS	424	5	5	0	0
IS	425	4	4	0	0
IS	426	9	9	0	0
IS	427	4	4	0	0
IS	428	10	10	0	0
IS	429	7	7	0	0
IS	430	6	6	0	0
IS	431	10	10	0	0
IS	432	5	5	0	0
IS	433	6	6	0	0
IS	434	5	5	0	0
IS	435	7	7	0	0
IS	436	7	7	0	0
IS	437	9	9	0	0
IS	438	5	5	0	0
IS	439	13	13	0	0
IS	440	6	6	0	0
IS	441	13	13	0	0
IS	442	9	9	0	0
IS	443	3	3	0	0
IS	444	13	13	0	0
IS	445	12	12	0	0
IS	446	8	8	0	0
IS	447	11	11	0	0
IS	448	11	11	0	0
IS	449	13	13	0	0
IS	450	7	7	0	0
IS	451	8	8	0	0
IS	452	8	8	0	0
IS	453	15	15	0	0
IS	454	13	13	0	0
IS	455	12	12	0	0
IS	456	13	13	0	0
IS	457	15	15	0	0
IS	458	9	9	0	0
IS	459	11	11	0	0
IS	460	13	13	0	0
IS	461	13	13	0	0
IS	462	9	9	0	0
IS	463	9	9	0	0
IS	464	11	11	0	0
IS	465	16	16	0	0
IS	466	13	13	0	0
IS	467	14	14	0	0
IS	468	16	16	0	0
IS	469	11	11	0	0
IS	470	13	13	0	0
IS	471	11	11	0	0
IS	472	14	14	0	0
IS	473	14	14	0	0
IS	474	13	13	0	0
IS	475	15	15	0	0
IS	476	15	15	0	0
IS	477	16	16	0	0
IS	478	10	10	0	0
IS	479	14	14	0	0
IS	480	19	19	0	0
IS	481	12	12	0	0
IS	482	11	11	0	0
IS	483	14	14	0	0
IS	484	9	9	0	0
IS	485	10	10	0	0
IS	486	21	21	0	0
IS	487	12	12	0	0
IS	488	16	16	0	0
IS	489	14	14	0	0
IS	490	15	15	0	0
IS	491	13	13	0	0
IS	492	15	15	0	0
IS	493	18	18	0	0
IS	494	17	17	0	0
IS	495	16	16	0	0
IS	496	22	22	0	0
IS	497	9	9	0	0
IS	498	13	13	0	0
IS	499	19	19	0	0
IS	500	14	14	0	0
IS	501	9	9	0	0
IS	502	16	16	0	0
IS	503	18	18	0	0
IS	504	17	17	0	0
IS	505	12	12	0	0
IS	506	19	19	0	0
IS	507	17	17	0	0
IS	508	13	13	0	0
IS	509	15	15	0	0
IS	510	14	14	0	0
IS	511	6	6	0	0
IS	512	17	17	0	0
IS	513	20	20	0	0
IS	514	19	19	0	0
IS	515	16	16	0	0
IS	516	16	16	0	0
IS	517	10	10	0	0
IS	518	9	9	0	0
IS	519	20	20	0	0
IS	520	10	10	0	0
IS	521	15	15	0	0
IS	522	26	26	0	0
IS	523	16	16	0	0
IS	524	17	17	0	0
IS	525	8	8	0	0
IS	526	10	10	0	0
IS	527	12	12	0	0
IS	528	22	22	0	0
IS	529	17	17	0	0
IS	530	11	11	0	0
IS	531	6	6	0	0
IS	532	10	10	0	0
IS	533	21	21	0	0
IS	534	11	11	0	0
IS	535	5	5	0	0
IS	536	7	7	0	0
IS	537	12	12	0	0
IS	538	15	15	0	0
IS	539	19	19	0	0
IS	540	11	11	0	0
IS	541	10	10	0	0
IS	542	10	10	0	0
IS	543	9	9	0	0
IS	544	8	8	0	0
IS	545	14	14	0	0
IS	546	12	12	0	0
IS	547	11	11	0	0
IS	548	9	9	0	0
IS	549	8	8	0	0
IS	550	10	10	0	0
IS	551	12	12	0	0
IS	552	13	13	0	0
IS	553	14	14	0	0
IS	554	12	12	0	0
IS	555	9	9	0	0
IS	556	13	13	0	0
IS	557	3	3	0	0
IS	558	5	5	0	0
IS	559	6	6	0	0
IS	560	6	6	0	0
IS	561	4	4	0	0
IS	562	10	10	0	0
IS	563	5	5	0	0
IS	564	5	5	0	0
IS	565	8	8	0	0
IS	566	3	3	0	0
IS	567	5	5	0	0
IS	568	8	8	0	0
IS	569	2	2	0	0
IS	570	4	4	0	0
IS	571	6	6	0	0
IS	572	4	4	0	0
IS	573	5	5	0	0
IS	574	6	6	0	0
IS	575	6	6	0	0
IS	576	9	9	0	0
IS	577	4	4	0	0
IS	578	0	0	0	0
IS	579	4	4	0	0
IS	580	7	7	0	0
IS	581	2	2	0	0
IS	582	3	3	0	0
IS	583	6	6	0	0
IS	584	4	4	0	0
IS	585	3	3	0	0
IS	586	4	4	0	0
IS	587	4	4	0	0
IS	588	3	3	0	0
IS	589	3	3	0	0
IS	590	1	1	0	0
IS	591	5	5	0	0
IS	592	4	4	0	0
IS	593	3	3	0	0
IS	594	1	1	0	0
IS	595	1	1	0	0
IS	596	4	4	0	0
IS	597	1	1	0	0
IS	598	2	2	0	0
IS	599	1	1	0	0
IS	600	5	5	0	0
IS	601	1	1	0	0
IS	602	3	3	0	0
IS	603	3	3	0	0
IS	604	1	1	0	0
IS	605	3	3	0	0
IS	606	4	4	0	0
IS	607	1	1	0	0
IS	608	4	4	0	0
IS	609	2	2	0	0
IS	610	1	1	0	0
IS	611	0	0	0	0
IS	612	2	2	0	0
IS	613	2	2	0	0
# Read lengths. Use `grep ^RL | cut -f 2-` to extract this part. The columns are: read length, count
RL	150	4008
# Read lengths - first fragments. Use `grep ^FRL | cut -f 2-` to extract this part. The columns are: read length, count
FRL	150	2004
# Read lengths - last fragments. Use `grep ^LRL | cut -f 2-` to extract this part. The columns are: read length, count
LRL	150	2004
# Mapping qualities for reads !(UNMAP|SECOND|SUPPL|QCFAIL|DUP). Use `grep ^MAPQ | cut -f 2-` to extract this part. The columns are: mapq, count
MAPQ	0	20
MAPQ	3	2
MAPQ	27	6
MAPQ	39	2
MAPQ	40	35
MAPQ	43	1
MAPQ	45	1
MAPQ	46	3
MAPQ	47	2
MAPQ	48	38
MAPQ	50	1
MAPQ	57	18
MAPQ	59	1
MAPQ	60	3878
# Indel distribution. Use `grep ^ID | cut -f 2-` to extract this part. The columns are: length, number of insertions, number of deletions
# Indels per cycle. Use `grep ^IC | cut -f 2-` to extract this part. The columns are: cycle, number of insertions (fwd), .. (rev) , number of deletions (fwd), .. (rev)
# Coverage distribution. Use `grep ^COV | cut -f 2-` to extract this part.
COV	[1-1]	1	5180
COV	[2-2]	2	10220
COV	[3-3]	3	14651
COV	[4-4]	4	17885
COV	[5-5]	5	18929
COV	[6-6]	6	17983
COV	[7-7]	7	13558
COV	[8-8]	8	8893
COV	[9-9]	9	5352
COV	[10-10]	10	2332
COV	[11-11]	11	926
COV	[12-12]	12	482
COV	[13-13]	13	202
COV	[14-14]	14	90
COV	[15-15]	15	10
# GC-depth. Use `grep ^GCD | cut -f 2-` to extract this part. The columns are: GC%, unique sequence percentiles, 10th, 25th, 50th, 75th and 90th depth percentile
GCD	0.0	15.385	0.000	0.000	0.000	0.000	0.000
GCD	36.0	23.077	2.505	2.505	2.505	2.505	2.505
GCD	37.0	30.769	2.505	2.505	2.505	2.505	2.505
GCD	38.0	69.231	2.505	2.505	2.505	2.505	2.505
GCD	39.0	84.615	2.505	2.505	2.505	2.505	2.505
GCD	40.0	92.308	2.505	2.505	2.505	2.505	2.505
GCD	46.0	100.000	2.505	2.505	2.505	2.505	2.505
