# This file was produced by samtools stats (1.20+htslib-1.21) and can be plotted using plot-bamstats
# This file contains statistics for all reads.
# The command line was:  stats sample3832.sorted.group.rmdup.bam
# CHK, Checksum	[2]Read Names	[3]Sequences	[4]Qualities
# CHK, CRC32 of reads which passed filtering followed by addition (32bit overflow)
CHK	4b92f048	2afa88c1	0891154f
# Summary Numbers. Use `grep ^SN | cut -f 2-` to extract this part.
SN	raw total sequences:	4004	# excluding supplementary and secondary reads
SN	filtered sequences:	0
SN	sequences:	4004
SN	is sorted:	1
SN	1st fragments:	2002
SN	last fragments:	2002
SN	reads mapped:	4004
SN	reads mapped and paired:	4004	# paired-end technology bit set + both mates mapped
SN	reads unmapped:	0
SN	reads properly paired:	4004	# proper-pair bit set
SN	reads paired:	4004	# paired-end technology bit set
SN	reads duplicated:	0	# PCR or optical duplicate bit set
SN	reads MQ0:	18	# mapped and MQ=0
SN	reads QC failed:	0
SN	non-primary alignments:	0
SN	supplementary alignments:	0
SN	total length:	600598	# ignores clipping
SN	total first fragment length:	300298	# ignores clipping
SN	total last fragment length:	300300	# ignores clipping
SN	bases mapped:	600598	# ignores clipping
SN	bases mapped (cigar):	600598	# more accurate
SN	bases trimmed:	0
SN	bases duplicated:	0
SN	mismatches:	1048	# from NM fields
SN	error rate:	1.744928e-03	# mismatches / bases mapped (cigar)
SN	average length:	150
SN	average first fragment length:	150
SN	average last fragment length:	150
SN	maximum length:	150
SN	maximum first fragment length:	150
SN	maximum last fragment length:	150
SN	average quality:	30.0
SN	insert size average:	499.2
SN	insert size standard deviation:	46.9
SN	inward oriented pairs:	2002
SN	outward oriented pairs:	0
SN	pairs with other orientation:	0
SN	pairs on different chromosomes:	0
SN	percentage of properly paired reads (%):	100.0
# First Fragment Qualities. Use `grep ^FFQ | cut -f 2-` to extract this part.
# Columns correspond to qualities and rows to cycles. First column is the cycle number.
FFQ	1	0	0	0	0	0	0	0	0	0	0	0	0	0	0	0	0	0	0	0	0	0	0	0	0	0	0	0	0	0	0	2002	0
FFQ	2	0	0	0	0	0	0	0	0	0	0	0	0	0	0	0	0	0	0	0	0	0	0	0	0	0	0	0	0	0	0	2002	0
FFQ	3	0	0	0	0	0	0	0	0	0	0	0	0	0	0	0	0	0	0	0	0	0	0	0	0	0	0	0	0	0	0	2002	0
FFQ	4	0	0	0	0	0	0	0	0	0	0	0	0	0	0	0	0	0	0	0	0	0	0	0	0	0	0	0	0	0	0	2002	0
FFQ	5	0	0	0	0	0	0	0	0	0	0	0	0	0	0	0	0	0	0	0	0	0	0	0	0	0	0	0	0	0	0	2002	0
FFQ	6	0	0	0	0	0	0	0	0	0	0	0	0	0	0	0	0	0	0	0	0	0	0	0	0	0	0	0	0	0	0	2002	0
FFQ	7	0	0	0	0	0	0	0	0	0	0	0	0	0	0	0	0	0	0	0	0	0	0	0	0	0	0	0	0	0	0	2002	0
FFQ	8	0	0	0	0	0	0	0	0	0	0	0	0	0	0	0	0	0	0	0	0	0	0	0	0	0	0	0	0	0	0	2002	0
FFQ	9	0	0	0	0	0	0	0	0	0	0	0	0	0	0	0	0	0	0	0	0	0	0	0	0	0	0	0	0	0	0	2002	0
FFQ	10	0	0	0	0	0	0	0	0	0	0	0	0	0	0	0	0	0	0	0	0	0	0	0	0	0	0	0	0	0	0	2002	0
FFQ	11	0	0	0	0	0	0	0	0	0	0	0	0	0	0	0	0	0	0	0	0	0	0	0	0	0	0	0	0	0	0	2002	0
FFQ	12	0	0	0	0	0	0	0	0	0	0	0	0	0	0	0	0	0	0	0	0	0	0	0	0	0	0	0	0	0	0	2002	0
FFQ	13	0	0	0	0	0	0	0	0	0	0	0	0	0	0	0	0	0	0	0	0	0	0	0	0	0	0	0	0	0	0	2002	0
FFQ	14	0	0	0	0	0	0	0	0	0	0	0	0	0	0	0	0	0	0	0	0	0	0	0	0	0	0	0	0	0	0	2002	0
FFQ	15	0	0	0	0	0	0	0	0	0	0	0	0	0	0	0	0	0	0	0	0	0	0	0	0	0	0	0	0	0	0	2002	0
FFQ	16	0	0	0	0	0	0	0	0	0	0	0	0	0	0	0	0	0	0	0	0	0	0	0	0	0	0	0	0	0	0	2002	0
FFQ	17	0	0	0	0	0	0	0	0	0	0	0	0	0	0	0	0	0	0	0	0	0	0	0	0	0	0	0	0	0	0	2002	0
FFQ	18	0	0	0	0	0	0	0	0	0	0	0	0	0	0	0	0	0	0	0	0	0	0	0	0	0	0	0	0	0	0	2002	0
FFQ	19	0	0	0	0	0	0	0	0	0	0	0	0	0	0	0	0	0	0	0	0	0	0	0	0	0	0	0	0	0	0	2002	0
FFQ	20	0	0	0	0	0	0	0	0	0	0	0	0	0	0	0	0	0	0	0	0	0	0	0	0	0	0	0	0	0	0	2002	0
FFQ	21	0	0	0	0	0	0	0	0	0	0	0	0	0	0	0	0	0	0	0	0	0	0	0	0	0	0	0	0	0	0	2002	0
FFQ	22	0	0	0	0	0	0	0	0	0	0	0	0	0	0	0	0	0	0	0	0	0	0	0	0	0	0	0	0	0	0	2002	0
FFQ	23	0	0	0	0	0	0	0	0	0	0	0	0	0	0	0	0	0	0	0	0	0	0	0	0	0	0	0	0	0	0	2002	0
FFQ	24	0	0	0	0	0	0	0	0	0	0	0	0	0	0	0	0	0	0	0	0	0	0	0	0	0	0	0	0	0	0	2002	0
FFQ	25	0	0	0	0	0	0	0	0	0	0	0	0	0	0	0	0	0	0	0	0	0	0	0	0	0	0	0	0	0	0	2002	0
FFQ	26	0	0	0	0	0	0	0	0	0	0	0	0	0	0	0	0	0	0	0	0	0	0	0	0	0	0	0	0	0	0	2002	0
FFQ	27	0	0	0	0	0	0	0	0	0	0	0	0	0	0	0	0	0	0	0	0	0	0	0	0	0	0	0	0	0	0	2002	0
FFQ	28	0	0	0	0	0	0	0	0	0	0	0	0	0	0	0	0	0	0	0	0	0	0	0	0	0	0	0	0	0	0	2002	0
FFQ	29	0	0	0	0	0	0	0	0	0	0	0	0	0	0	0	0	0	0	0	0	0	0	0	0	0	0	0	0	0	0	2002	0
FFQ	30	0	0	0	0	0	0	0	0	0	0	0	0	0	0	0	0	0	0	0	0	0	0	0	0	0	0	0	0	0	0	2002	0
FFQ	31	0	0	0	0	0	0	0	0	0	0	0	0	0	0	0	0	0	0	0	0	0	0	0	0	0	0	0	0	0	0	2002	0
FFQ	32	0	0	0	0	0	0	0	0	0	0	0	0	0	0	0	0	0	0	0	0	0	0	0	0	0	0	0	0	0	0	2002	0
FFQ	33	0	0	0	0	0	0	0	0	0	0	0	0	0	0	0	0	0	0	0	0	0	0	0	0	0	0	0	0	0	0	2002	0
FFQ	34	0	0	0	0	0	0	0	0	0	0	0	0	0	0	0	0	0	0	0	0	0	0	0	0	0	0	0	0	0	0	2002	0
FFQ	35	0	0	0	0	0	0	0	0	0	0	0	0	0	0	0	0	0	0	0	0	0	0	0	0	0	0	0	0	0	0	2002	0
FFQ	36	0	0	0	0	0	0	0	0	0	0	0	0	0	0	0	0	0	0	0	0	0	0	0	0	0	0	0	0	0	0	2002	0
FFQ	37	0	0	0	0	0	0	0	0	0	0	0	0	0	0	0	0	0	0	0	0	0	0	0	0	0	0	0	0	0	0	2002	0
FFQ	38	0	0	0	0	0	0	0	0	0	0	0	0	0	0	0	0	0	0	0	0	0	0	0	0	0	0	0	0	0	0	2002	0
FFQ	39	0	0	0	0	0	0	0	0	0	0	0	0	0	0	0	0	0	0	0	0	0	0	0	0	0	0	0	0	0	0	2002	0
FFQ	40	0	0	0	0	0	0	0	0	0	0	0	0	0	0	0	0	0	0	0	0	0	0	0	0	0	0	0	0	0	0	2002	0
FFQ	41	0	0	0	0	0	0	0	0	0	0	0	0	0	0	0	0	0	0	0	0	0	0	0	0	0	0	0	0	0	0	2002	0
FFQ	42	0	0	0	0	0	0	0	0	0	0	0	0	0	0	0	0	0	0	0	0	0	0	0	0	0	0	0	0	0	0	2002	0
FFQ	43	0	0	0	0	0	0	0	0	0	0	0	0	0	0	0	0	0	0	0	0	0	0	0	0	0	0	0	0	0	0	2002	0
FFQ	44	0	0	0	0	0	0	0	0	0	0	0	0	0	0	0	0	0	0	0	0	0	0	0	0	0	0	0	0	0	0	2002	0
FFQ	45	0	0	0	0	0	0	0	0	0	0	0	0	0	0	0	0	0	0	0	0	0	0	0	0	0	0	0	0	0	0	2002	0
FFQ	46	0	0	0	0	0	0	0	0	0	0	0	0	0	0	0	0	0	0	0	0	0	0	0	0	0	0	0	0	0	0	2002	0
FFQ	47	0	0	0	0	0	0	0	0	0	0	0	0	0	0	0	0	0	0	0	0	0	0	0	0	0	0	0	0	0	0	2002	0
FFQ	48	0	0	0	0	0	0	0	0	0	0	0	0	0	0	0	0	0	0	0	0	0	0	0	0	0	0	0	0	0	0	2002	0
FFQ	49	0	0	0	0	0	0	0	0	0	0	0	0	0	0	0	0	0	0	0	0	0	0	0	0	0	0	0	0	0	0	2002	0
FFQ	50	0	0	0	0	0	0	0	0	0	0	0	0	0	0	0	0	0	0	0	0	0	0	0	0	0	0	0	0	0	0	2002	0
FFQ	51	0	0	0	0	0	0	0	0	0	0	0	0	0	0	0	0	0	0	0	0	0	0	0	0	0	0	0	0	0	0	2002	0
FFQ	52	0	0	0	0	0	0	0	0	0	0	0	0	0	0	0	0	0	0	0	0	0	0	0	0	0	0	0	0	0	0	2002	0
FFQ	53	0	0	0	0	0	0	0	0	0	0	0	0	0	0	0	0	0	0	0	0	0	0	0	0	0	0	0	0	0	0	2002	0
FFQ	54	0	0	0	0	0	0	0	0	0	0	0	0	0	0	0	0	0	0	0	0	0	0	0	0	0	0	0	0	0	0	2002	0
FFQ	55	0	0	0	0	0	0	0	0	0	0	0	0	0	0	0	0	0	0	0	0	0	0	0	0	0	0	0	0	0	0	2002	0
FFQ	56	0	0	0	0	0	0	0	0	0	0	0	0	0	0	0	0	0	0	0	0	0	0	0	0	0	0	0	0	0	0	2002	0
FFQ	57	0	0	0	0	0	0	0	0	0	0	0	0	0	0	0	0	0	0	0	0	0	0	0	0	0	0	0	0	0	0	2002	0
FFQ	58	0	0	0	0	0	0	0	0	0	0	0	0	0	0	0	0	0	0	0	0	0	0	0	0	0	0	0	0	0	0	2002	0
FFQ	59	0	0	0	0	0	0	0	0	0	0	0	0	0	0	0	0	0	0	0	0	0	0	0	0	0	0	0	0	0	0	2002	0
FFQ	60	0	0	0	0	0	0	0	0	0	0	0	0	0	0	0	0	0	0	0	0	0	0	0	0	0	0	0	0	0	0	2002	0
FFQ	61	0	0	0	0	0	0	0	0	0	0	0	0	0	0	0	0	0	0	0	0	0	0	0	0	0	0	0	0	0	0	2002	0
FFQ	62	0	0	0	0	0	0	0	0	0	0	0	0	0	0	0	0	0	0	0	0	0	0	0	0	0	0	0	0	0	0	2002	0
FFQ	63	0	0	0	0	0	0	0	0	0	0	0	0	0	0	0	0	0	0	0	0	0	0	0	0	0	0	0	0	0	0	2002	0
FFQ	64	0	0	0	0	0	0	0	0	0	0	0	0	0	0	0	0	0	0	0	0	0	0	0	0	0	0	0	0	0	0	2002	0
FFQ	65	0	0	0	0	0	0	0	0	0	0	0	0	0	0	0	0	0	0	0	0	0	0	0	0	0	0	0	0	0	0	2002	0
FFQ	66	0	0	0	0	0	0	0	0	0	0	0	0	0	0	0	0	0	0	0	0	0	0	0	0	0	0	0	0	0	0	2002	0
FFQ	67	0	0	0	0	0	0	0	0	0	0	0	0	0	0	0	0	0	0	0	0	0	0	0	0	0	0	0	0	0	0	2002	0
FFQ	68	0	0	0	0	0	0	0	0	0	0	0	0	0	0	0	0	0	0	0	0	0	0	0	0	0	0	0	0	0	0	2002	0
FFQ	69	0	0	0	0	0	0	0	0	0	0	0	0	0	0	0	0	0	0	0	0	0	0	0	0	0	0	0	0	0	0	2002	0
FFQ	70	0	0	0	0	0	0	0	0	0	0	0	0	0	0	0	0	0	0	0	0	0	0	0	0	0	0	0	0	0	0	2002	0
FFQ	71	0	0	0	0	0	0	0	0	0	0	0	0	0	0	0	0	0	0	0	0	0	0	0	0	0	0	0	0	0	0	2002	0
FFQ	72	0	0	0	0	0	0	0	0	0	0	0	0	0	0	0	0	0	0	0	0	0	0	0	0	0	0	0	0	0	0	2002	0
FFQ	73	0	0	0	0	0	0	0	0	0	0	0	0	0	0	0	0	0	0	0	0	0	0	0	0	0	0	0	0	0	0	2002	0
FFQ	74	0	0	0	0	0	0	0	0	0	0	0	0	0	0	0	0	0	0	0	0	0	0	0	0	0	0	0	0	0	0	2002	0
FFQ	75	0	0	0	0	0	0	0	0	0	0	0	0	0	0	0	0	0	0	0	0	0	0	0	0	0	0	0	0	0	0	2002	0
FFQ	76	0	0	0	0	0	0	0	0	0	0	0	0	0	0	0	0	0	0	0	0	0	0	0	0	0	0	0	0	0	0	2002	0
FFQ	77	0	0	0	0	0	0	0	0	0	0	0	0	0	0	0	0	0	0	0	0	0	0	0	0	0	0	0	0	0	0	2002	0
FFQ	78	0	0	0	0	0	0	0	0	0	0	0	0	0	0	0	0	0	0	0	0	0	0	0	0	0	0	0	0	0	0	2002	0
FFQ	79	0	0	0	0	0	0	0	0	0	0	0	0	0	0	0	0	0	0	0	0	0	0	0	0	0	0	0	0	0	0	2002	0
FFQ	80	0	0	0	0	0	0	0	0	0	0	0	0	0	0	0	0	0	0	0	0	0	0	0	0	0	0	0	0	0	0	2002	0
FFQ	81	0	0	0	0	0	0	0	0	0	0	0	0	0	0	0	0	0	0	0	0	0	0	0	0	0	0	0	0	0	0	2002	0
FFQ	82	0	0	0	0	0	0	0	0	0	0	0	0	0	0	0	0	0	0	0	0	0	0	0	0	0	0	0	0	0	0	2002	0
FFQ	83	0	0	0	0	0	0	0	0	0	0	0	0	0	0	0	0	0	0	0	0	0	0	0	0	0	0	0	0	0	0	2002	0
FFQ	84	0	0	0	0	0	0	0	0	0	0	0	0	0	0	0	0	0	0	0	0	0	0	0	0	0	0	0	0	0	0	2002	0
FFQ	85	0	0	0	0	0	0	0	0	0	0	0	0	0	0	0	0	0	0	0	0	0	0	0	0	0	0	0	0	0	0	2002	0
FFQ	86	0	0	0	0	0	0	0	0	0	0	0	0	0	0	0	0	0	0	0	0	0	0	0	0	0	0	0	0	0	0	2002	0
FFQ	87	0	0	0	0	0	0	0	0	0	0	0	0	0	0	0	0	0	0	0	0	0	0	0	0	0	0	0	0	0	0	2002	0
FFQ	88	0	0	0	0	0	0	0	0	0	0	0	0	0	0	0	0	0	0	0	0	0	0	0	0	0	0	0	0	0	0	2002	0
FFQ	89	0	0	0	0	0	0	0	0	0	0	0	0	0	0	0	0	0	0	0	0	0	0	0	0	0	0	0	0	0	0	2002	0
FFQ	90	0	0	0	0	0	0	0	0	0	0	0	0	0	0	0	0	0	0	0	0	0	0	0	0	0	0	0	0	0	0	2002	0
FFQ	91	0	0	0	0	0	0	0	0	0	0	0	0	0	0	0	0	0	0	0	0	0	0	0	0	0	0	0	0	0	0	2002	0
FFQ	92	0	0	0	0	0	0	0	0	0	0	0	0	0	0	0	0	0	0	0	0	0	0	0	0	0	0	0	0	0	0	2002	0
FFQ	93	0	0	0	0	0	0	0	0	0	0	0	0	0	0	0	0	0	0	0	0	0	0	0	0	0	0	0	0	0	0	2002	0
FFQ	94	0	0	0	0	0	0	0	0	0	0	0	0	0	0	0	0	0	0	0	0	0	0	0	0	0	0	0	0	0	0	2002	0
FFQ	95	0	0	0	0	0	0	0	0	0	0	0	0	0	0	0	0	0	0	0	0	0	0	0	0	0	0	0	0	0	0	2002	0
FFQ	96	0	0	0	0	0	0	0	0	0	0	0	0	0	0	0	0	0	0	0	0	0	0	0	0	0	0	0	0	0	0	2002	0
FFQ	97	0	0	0	0	0	0	0	0	0	0	0	0	0	0	0	0	0	0	0	0	0	0	0	0	0	0	0	0	0	0	2002	0
FFQ	98	0	0	0	0	0	0	0	0	0	0	0	0	0	0	0	0	0	0	0	0	0	0	0	0	0	0	0	0	0	0	2002	0
FFQ	99	0	0	0	0	0	0	0	0	0	0	0	0	0	0	0	0	0	0	0	0	0	0	0	0	0	0	0	0	0	0	2002	0
FFQ	100	0	0	0	0	0	0	0	0	0	0	0	0	0	0	0	0	0	0	0	0	0	0	0	0	0	0	0	0	0	0	2002	0
FFQ	101	0	0	0	0	0	0	0	0	0	0	0	0	0	0	0	0	0	0	0	0	0	0	0	0	0	0	0	0	0	0	2002	0
FFQ	102	0	0	0	0	0	0	0	0	0	0	0	0	0	0	0	0	0	0	0	0	0	0	0	0	0	0	0	0	0	0	2002	0
FFQ	103	0	0	0	0	0	0	0	0	0	0	0	0	0	0	0	0	0	0	0	0	0	0	0	0	0	0	0	0	0	0	2002	0
FFQ	104	0	0	0	0	0	0	0	0	0	0	0	0	0	0	0	0	0	0	0	0	0	0	0	0	0	0	0	0	0	0	2002	0
FFQ	105	0	0	0	0	0	0	0	0	0	0	0	0	0	0	0	0	0	0	0	0	0	0	0	0	0	0	0	0	0	0	2002	0
FFQ	106	0	0	0	0	0	0	0	0	0	0	0	0	0	0	0	0	0	0	0	0	0	0	0	0	0	0	0	0	0	0	2002	0
FFQ	107	0	0	0	0	0	0	0	0	0	0	0	0	0	0	0	0	0	0	0	0	0	0	0	0	0	0	0	0	0	0	2002	0
FFQ	108	0	0	0	0	0	0	0	0	0	0	0	0	0	0	0	0	0	0	0	0	0	0	0	0	0	0	0	0	0	0	2002	0
FFQ	109	0	0	0	0	0	0	0	0	0	0	0	0	0	0	0	0	0	0	0	0	0	0	0	0	0	0	0	0	0	0	2002	0
FFQ	110	0	0	0	0	0	0	0	0	0	0	0	0	0	0	0	0	0	0	0	0	0	0	0	0	0	0	0	0	0	0	2002	0
FFQ	111	0	0	0	0	0	0	0	0	0	0	0	0	0	0	0	0	0	0	0	0	0	0	0	0	0	0	0	0	0	0	2002	0
FFQ	112	0	0	0	0	0	0	0	0	0	0	0	0	0	0	0	0	0	0	0	0	0	0	0	0	0	0	0	0	0	0	2002	0
FFQ	113	0	0	0	0	0	0	0	0	0	0	0	0	0	0	0	0	0	0	0	0	0	0	0	0	0	0	0	0	0	0	2002	0
FFQ	114	0	0	0	0	0	0	0	0	0	0	0	0	0	0	0	0	0	0	0	0	0	0	0	0	0	0	0	0	0	0	2002	0
FFQ	115	0	0	0	0	0	0	0	0	0	0	0	0	0	0	0	0	0	0	0	0	0	0	0	0	0	0	0	0	0	0	2002	0
FFQ	116	0	0	0	0	0	0	0	0	0	0	0	0	0	0	0	0	0	0	0	0	0	0	0	0	0	0	0	0	0	0	2002	0
FFQ	117	0	0	0	0	0	0	0	0	0	0	0	0	0	0	0	0	0	0	0	0	0	0	0	0	0	0	0	0	0	0	2002	0
FFQ	118	0	0	0	0	0	0	0	0	0	0	0	0	0	0	0	0	0	0	0	0	0	0	0	0	0	0	0	0	0	0	2002	0
FFQ	119	0	0	0	0	0	0	0	0	0	0	0	0	0	0	0	0	0	0	0	0	0	0	0	0	0	0	0	0	0	0	2002	0
FFQ	120	0	0	0	0	0	0	0	0	0	0	0	0	0	0	0	0	0	0	0	0	0	0	0	0	0	0	0	0	0	0	2002	0
FFQ	121	0	0	0	0	0	0	0	0	0	0	0	0	0	0	0	0	0	0	0	0	0	0	0	0	0	0	0	0	0	0	2002	0
FFQ	122	0	0	0	0	0	0	0	0	0	0	0	0	0	0	0	0	0	0	0	0	0	0	0	0	0	0	0	0	0	0	2002	0
FFQ	123	0	0	0	0	0	0	0	0	0	0	0	0	0	0	0	0	0	0	0	0	0	0	0	0	0	0	0	0	0	0	2002	0
FFQ	124	0	0	0	0	0	0	0	0	0	0	0	0	0	0	0	0	0	0	0	0	0	0	0	0	0	0	0	0	0	0	2002	0
FFQ	125	0	0	0	0	0	0	0	0	0	0	0	0	0	0	0	0	0	0	0	0	0	0	0	0	0	0	0	0	0	0	2002	0
FFQ	126	0	0	0	0	0	0	0	0	0	0	0	0	0	0	0	0	0	0	0	0	0	0	0	0	0	0	0	0	0	0	2002	0
FFQ	127	0	0	0	0	0	0	0	0	0	0	0	0	0	0	0	0	0	0	0	0	0	0	0	0	0	0	0	0	0	0	2002	0
FFQ	128	0	0	0	0	0	0	0	0	0	0	0	0	0	0	0	0	0	0	0	0	0	0	0	0	0	0	0	0	0	0	2002	0
FFQ	129	0	0	0	0	0	0	0	0	0	0	0	0	0	0	0	0	0	0	0	0	0	0	0	0	0	0	0	0	0	0	2002	0
FFQ	130	0	0	0	0	0	0	0	0	0	0	0	0	0	0	0	0	0	0	0	0	0	0	0	0	0	0	0	0	0	0	2002	0
FFQ	131	0	0	0	0	0	0	0	0	0	0	0	0	0	0	0	0	0	0	0	0	0	0	0	0	0	0	0	0	0	0	2002	0
FFQ	132	0	0	0	0	0	0	0	0	0	0	0	0	0	0	0	0	0	0	0	0	0	0	0	0	0	0	0	0	0	0	2002	0
FFQ	133	0	0	0	0	0	0	0	0	0	0	0	0	0	0	0	0	0	0	0	0	0	0	0	0	0	0	0	0	0	0	2002	0
FFQ	134	0	0	0	0	0	0	0	0	0	0	0	0	0	0	0	0	0	0	0	0	0	0	0	0	0	0	0	0	0	0	2002	0
FFQ	135	0	0	0	0	0	0	0	0	0	0	0	0	0	0	0	0	0	0	0	0	0	0	0	0	0	0	0	0	0	0	2002	0
FFQ	136	0	0	0	0	0	0	0	0	0	0	0	0	0	0	0	0	0	0	0	0	0	0	0	0	0	0	0	0	0	0	2002	0
FFQ	137	0	0	0	0	0	0	0	0	0	0	0	0	0	0	0	0	0	0	0	0	0	0	0	0	0	0	0	0	0	0	2002	0
FFQ	138	0	0	0	0	0	0	0	0	0	0	0	0	0	0	0	0	0	0	0	0	0	0	0	0	0	0	0	0	0	0	2002	0
FFQ	139	0	0	0	0	0	0	0	0	0	0	0	0	0	0	0	0	0	0	0	0	0	0	0	0	0	0	0	0	0	0	2002	0
FFQ	140	0	0	0	0	0	0	0	0	0	0	0	0	0	0	0	0	0	0	0	0	0	0	0	0	0	0	0	0	0	0	2002	0
FFQ	141	0	0	0	0	0	0	0	0	0	0	0	0	0	0	0	0	0	0	0	0	0	0	0	0	0	0	0	0	0	0	2002	0
FFQ	142	0	0	0	0	0	0	0	0	0	0	0	0	0	0	0	0	0	0	0	0	0	0	0	0	0	0	0	0	0	0	2002	0
FFQ	143	0	0	0	0	0	0	0	0	0	0	0	0	0	0	0	0	0	0	0	0	0	0	0	0	0	0	0	0	0	0	2002	0
FFQ	144	0	0	0	0	0	0	0	0	0	0	0	0	0	0	0	0	0	0	0	0	0	0	0	0	0	0	0	0	0	0	2002	0
FFQ	145	0	0	0	0	0	0	0	0	0	0	0	0	0	0	0	0	0	0	0	0	0	0	0	0	0	0	0	0	0	0	2002	0
FFQ	146	0	0	0	0	0	0	0	0	0	0	0	0	0	0	0	0	0	0	0	0	0	0	0	0	0	0	0	0	0	0	2002	0
FFQ	147	0	0	0	0	0	0	0	0	0	0	0	0	0	0	0	0	0	0	0	0	0	0	0	0	0	0	0	0	0	0	2002	0
FFQ	148	0	0	0	0	0	0	0	0	0	0	0	0	0	0	0	0	0	0	0	0	0	0	0	0	0	0	0	0	0	0	2002	0
FFQ	149	0	0	0	0	0	0	0	0	0	0	0	0	0	0	0	0	0	0	0	0	0	0	0	0	0	0	0	0	0	0	2001	0
FFQ	150	0	0	0	0	0	0	0	0	0	0	0	0	0	0	0	0	0	0	0	0	0	0	0	0	0	0	0	0	0	0	2001	0
# Last Fragment Qualities. Use `grep ^LFQ | cut -f 2-` to extract this part.
# Columns correspond to qualities and rows to cycles. First column is the cycle number.
LFQ	1	0	0	0	0	0	0	0	0	0	0	0	0	0	0	0	0	0	0	0	0	0	0	0	0	0	0	0	0	0	0	2002	0
LFQ	2	0	0	0	0	0	0	0	0	0	0	0	0	0	0	0	0	0	0	0	0	0	0	0	0	0	0	0	0	0	0	2002	0
LFQ	3	0	0	0	0	0	0	0	0	0	0	0	0	0	0	0	0	0	0	0	0	0	0	0	0	0	0	0	0	0	0	2002	0
LFQ	4	0	0	0	0	0	0	0	0	0	0	0	0	0	0	0	0	0	0	0	0	0	0	0	0	0	0	0	0	0	0	2002	0
LFQ	5	0	0	0	0	0	0	0	0	0	0	0	0	0	0	0	0	0	0	0	0	0	0	0	0	0	0	0	0	0	0	2002	0
LFQ	6	0	0	0	0	0	0	0	0	0	0	0	0	0	0	0	0	0	0	0	0	0	0	0	0	0	0	0	0	0	0	2002	0
LFQ	7	0	0	0	0	0	0	0	0	0	0	0	0	0	0	0	0	0	0	0	0	0	0	0	0	0	0	0	0	0	0	2002	0
LFQ	8	0	0	0	0	0	0	0	0	0	0	0	0	0	0	0	0	0	0	0	0	0	0	0	0	0	0	0	0	0	0	2002	0
LFQ	9	0	0	0	0	0	0	0	0	0	0	0	0	0	0	0	0	0	0	0	0	0	0	0	0	0	0	0	0	0	0	2002	0
LFQ	10	0	0	0	0	0	0	0	0	0	0	0	0	0	0	0	0	0	0	0	0	0	0	0	0	0	0	0	0	0	0	2002	0
LFQ	11	0	0	0	0	0	0	0	0	0	0	0	0	0	0	0	0	0	0	0	0	0	0	0	0	0	0	0	0	0	0	2002	0
LFQ	12	0	0	0	0	0	0	0	0	0	0	0	0	0	0	0	0	0	0	0	0	0	0	0	0	0	0	0	0	0	0	2002	0
LFQ	13	0	0	0	0	0	0	0	0	0	0	0	0	0	0	0	0	0	0	0	0	0	0	0	0	0	0	0	0	0	0	2002	0
LFQ	14	0	0	0	0	0	0	0	0	0	0	0	0	0	0	0	0	0	0	0	0	0	0	0	0	0	0	0	0	0	0	2002	0
LFQ	15	0	0	0	0	0	0	0	0	0	0	0	0	0	0	0	0	0	0	0	0	0	0	0	0	0	0	0	0	0	0	2002	0
LFQ	16	0	0	0	0	0	0	0	0	0	0	0	0	0	0	0	0	0	0	0	0	0	0	0	0	0	0	0	0	0	0	2002	0
LFQ	17	0	0	0	0	0	0	0	0	0	0	0	0	0	0	0	0	0	0	0	0	0	0	0	0	0	0	0	0	0	0	2002	0
LFQ	18	0	0	0	0	0	0	0	0	0	0	0	0	0	0	0	0	0	0	0	0	0	0	0	0	0	0	0	0	0	0	2002	0
LFQ	19	0	0	0	0	0	0	0	0	0	0	0	0	0	0	0	0	0	0	0	0	0	0	0	0	0	0	0	0	0	0	2002	0
LFQ	20	0	0	0	0	0	0	0	0	0	0	0	0	0	0	0	0	0	0	0	0	0	0	0	0	0	0	0	0	0	0	2002	0
LFQ	21	0	0	0	0	0	0	0	0	0	0	0	0	0	0	0	0	0	0	0	0	0	0	0	0	0	0	0	0	0	0	2002	0
LFQ	22	0	0	0	0	0	0	0	0	0	0	0	0	0	0	0	0	0	0	0	0	0	0	0	0	0	0	0	0	0	0	2002	0
LFQ	23	0	0	0	0	0	0	0	0	0	0	0	0	0	0	0	0	0	0	0	0	0	0	0	0	0	0	0	0	0	0	2002	0
LFQ	24	0	0	0	0	0	0	0	0	0	0	0	0	0	0	0	0	0	0	0	0	0	0	0	0	0	0	0	0	0	0	2002	0
LFQ	25	0	0	0	0	0	0	0	0	0	0	0	0	0	0	0	0	0	0	0	0	0	0	0	0	0	0	0	0	0	0	2002	0
LFQ	26	0	0	0	0	0	0	0	0	0	0	0	0	0	0	0	0	0	0	0	0	0	0	0	0	0	0	0	0	0	0	2002	0
LFQ	27	0	0	0	0	0	0	0	0	0	0	0	0	0	0	0	0	0	0	0	0	0	0	0	0	0	0	0	0	0	0	2002	0
LFQ	28	0	0	0	0	0	0	0	0	0	0	0	0	0	0	0	0	0	0	0	0	0	0	0	0	0	0	0	0	0	0	2002	0
LFQ	29	0	0	0	0	0	0	0	0	0	0	0	0	0	0	0	0	0	0	0	0	0	0	0	0	0	0	0	0	0	0	2002	0
LFQ	30	0	0	0	0	0	0	0	0	0	0	0	0	0	0	0	0	0	0	0	0	0	0	0	0	0	0	0	0	0	0	2002	0
LFQ	31	0	0	0	0	0	0	0	0	0	0	0	0	0	0	0	0	0	0	0	0	0	0	0	0	0	0	0	0	0	0	2002	0
LFQ	32	0	0	0	0	0	0	0	0	0	0	0	0	0	0	0	0	0	0	0	0	0	0	0	0	0	0	0	0	0	0	2002	0
LFQ	33	0	0	0	0	0	0	0	0	0	0	0	0	0	0	0	0	0	0	0	0	0	0	0	0	0	0	0	0	0	0	2002	0
LFQ	34	0	0	0	0	0	0	0	0	0	0	0	0	0	0	0	0	0	0	0	0	0	0	0	0	0	0	0	0	0	0	2002	0
LFQ	35	0	0	0	0	0	0	0	0	0	0	0	0	0	0	0	0	0	0	0	0	0	0	0	0	0	0	0	0	0	0	2002	0
LFQ	36	0	0	0	0	0	0	0	0	0	0	0	0	0	0	0	0	0	0	0	0	0	0	0	0	0	0	0	0	0	0	2002	0
LFQ	37	0	0	0	0	0	0	0	0	0	0	0	0	0	0	0	0	0	0	0	0	0	0	0	0	0	0	0	0	0	0	2002	0
LFQ	38	0	0	0	0	0	0	0	0	0	0	0	0	0	0	0	0	0	0	0	0	0	0	0	0	0	0	0	0	0	0	2002	0
LFQ	39	0	0	0	0	0	0	0	0	0	0	0	0	0	0	0	0	0	0	0	0	0	0	0	0	0	0	0	0	0	0	2002	0
LFQ	40	0	0	0	0	0	0	0	0	0	0	0	0	0	0	0	0	0	0	0	0	0	0	0	0	0	0	0	0	0	0	2002	0
LFQ	41	0	0	0	0	0	0	0	0	0	0	0	0	0	0	0	0	0	0	0	0	0	0	0	0	0	0	0	0	0	0	2002	0
LFQ	42	0	0	0	0	0	0	0	0	0	0	0	0	0	0	0	0	0	0	0	0	0	0	0	0	0	0	0	0	0	0	2002	0
LFQ	43	0	0	0	0	0	0	0	0	0	0	0	0	0	0	0	0	0	0	0	0	0	0	0	0	0	0	0	0	0	0	2002	0
LFQ	44	0	0	0	0	0	0	0	0	0	0	0	0	0	0	0	0	0	0	0	0	0	0	0	0	0	0	0	0	0	0	2002	0
LFQ	45	0	0	0	0	0	0	0	0	0	0	0	0	0	0	0	0	0	0	0	0	0	0	0	0	0	0	0	0	0	0	2002	0
LFQ	46	0	0	0	0	0	0	0	0	0	0	0	0	0	0	0	0	0	0	0	0	0	0	0	0	0	0	0	0	0	0	2002	0
LFQ	47	0	0	0	0	0	0	0	0	0	0	0	0	0	0	0	0	0	0	0	0	0	0	0	0	0	0	0	0	0	0	2002	0
LFQ	48	0	0	0	0	0	0	0	0	0	0	0	0	0	0	0	0	0	0	0	0	0	0	0	0	0	0	0	0	0	0	2002	0
LFQ	49	0	0	0	0	0	0	0	0	0	0	0	0	0	0	0	0	0	0	0	0	0	0	0	0	0	0	0	0	0	0	2002	0
LFQ	50	0	0	0	0	0	0	0	0	0	0	0	0	0	0	0	0	0	0	0	0	0	0	0	0	0	0	0	0	0	0	2002	0
LFQ	51	0	0	0	0	0	0	0	0	0	0	0	0	0	0	0	0	0	0	0	0	0	0	0	0	0	0	0	0	0	0	2002	0
LFQ	52	0	0	0	0	0	0	0	0	0	0	0	0	0	0	0	0	0	0	0	0	0	0	0	0	0	0	0	0	0	0	2002	0
LFQ	53	0	0	0	0	0	0	0	0	0	0	0	0	0	0	0	0	0	0	0	0	0	0	0	0	0	0	0	0	0	0	2002	0
LFQ	54	0	0	0	0	0	0	0	0	0	0	0	0	0	0	0	0	0	0	0	0	0	0	0	0	0	0	0	0	0	0	2002	0
LFQ	55	0	0	0	0	0	0	0	0	0	0	0	0	0	0	0	0	0	0	0	0	0	0	0	0	0	0	0	0	0	0	2002	0
LFQ	56	0	0	0	0	0	0	0	0	0	0	0	0	0	0	0	0	0	0	0	0	0	0	0	0	0	0	0	0	0	0	2002	0
LFQ	57	0	0	0	0	0	0	0	0	0	0	0	0	0	0	0	0	0	0	0	0	0	0	0	0	0	0	0	0	0	0	2002	0
LFQ	58	0	0	0	0	0	0	0	0	0	0	0	0	0	0	0	0	0	0	0	0	0	0	0	0	0	0	0	0	0	0	2002	0
LFQ	59	0	0	0	0	0	0	0	0	0	0	0	0	0	0	0	0	0	0	0	0	0	0	0	0	0	0	0	0	0	0	2002	0
LFQ	60	0	0	0	0	0	0	0	0	0	0	0	0	0	0	0	0	0	0	0	0	0	0	0	0	0	0	0	0	0	0	2002	0
LFQ	61	0	0	0	0	0	0	0	0	0	0	0	0	0	0	0	0	0	0	0	0	0	0	0	0	0	0	0	0	0	0	2002	0
LFQ	62	0	0	0	0	0	0	0	0	0	0	0	0	0	0	0	0	0	0	0	0	0	0	0	0	0	0	0	0	0	0	2002	0
LFQ	63	0	0	0	0	0	0	0	0	0	0	0	0	0	0	0	0	0	0	0	0	0	0	0	0	0	0	0	0	0	0	2002	0
LFQ	64	0	0	0	0	0	0	0	0	0	0	0	0	0	0	0	0	0	0	0	0	0	0	0	0	0	0	0	0	0	0	2002	0
LFQ	65	0	0	0	0	0	0	0	0	0	0	0	0	0	0	0	0	0	0	0	0	0	0	0	0	0	0	0	0	0	0	2002	0
LFQ	66	0	0	0	0	0	0	0	0	0	0	0	0	0	0	0	0	0	0	0	0	0	0	0	0	0	0	0	0	0	0	2002	0
LFQ	67	0	0	0	0	0	0	0	0	0	0	0	0	0	0	0	0	0	0	0	0	0	0	0	0	0	0	0	0	0	0	2002	0
LFQ	68	0	0	0	0	0	0	0	0	0	0	0	0	0	0	0	0	0	0	0	0	0	0	0	0	0	0	0	0	0	0	2002	0
LFQ	69	0	0	0	0	0	0	0	0	0	0	0	0	0	0	0	0	0	0	0	0	0	0	0	0	0	0	0	0	0	0	2002	0
LFQ	70	0	0	0	0	0	0	0	0	0	0	0	0	0	0	0	0	0	0	0	0	0	0	0	0	0	0	0	0	0	0	2002	0
LFQ	71	0	0	0	0	0	0	0	0	0	0	0	0	0	0	0	0	0	0	0	0	0	0	0	0	0	0	0	0	0	0	2002	0
LFQ	72	0	0	0	0	0	0	0	0	0	0	0	0	0	0	0	0	0	0	0	0	0	0	0	0	0	0	0	0	0	0	2002	0
LFQ	73	0	0	0	0	0	0	0	0	0	0	0	0	0	0	0	0	0	0	0	0	0	0	0	0	0	0	0	0	0	0	2002	0
LFQ	74	0	0	0	0	0	0	0	0	0	0	0	0	0	0	0	0	0	0	0	0	0	0	0	0	0	0	0	0	0	0	2002	0
LFQ	75	0	0	0	0	0	0	0	0	0	0	0	0	0	0	0	0	0	0	0	0	0	0	0	0	0	0	0	0	0	0	2002	0
LFQ	76	0	0	0	0	0	0	0	0	0	0	0	0	0	0	0	0	0	0	0	0	0	0	0	0	0	0	0	0	0	0	2002	0
LFQ	77	0	0	0	0	0	0	0	0	0	0	0	0	0	0	0	0	0	0	0	0	0	0	0	0	0	0	0	0	0	0	2002	0
LFQ	78	0	0	0	0	0	0	0	0	0	0	0	0	0	0	0	0	0	0	0	0	0	0	0	0	0	0	0	0	0	0	2002	0
LFQ	79	0	0	0	0	0	0	0	0	0	0	0	0	0	0	0	0	0	0	0	0	0	0	0	0	0	0	0	0	0	0	2002	0
LFQ	80	0	0	0	0	0	0	0	0	0	0	0	0	0	0	0	0	0	0	0	0	0	0	0	0	0	0	0	0	0	0	2002	0
LFQ	81	0	0	0	0	0	0	0	0	0	0	0	0	0	0	0	0	0	0	0	0	0	0	0	0	0	0	0	0	0	0	2002	0
LFQ	82	0	0	0	0	0	0	0	0	0	0	0	0	0	0	0	0	0	0	0	0	0	0	0	0	0	0	0	0	0	0	2002	0
LFQ	83	0	0	0	0	0	0	0	0	0	0	0	0	0	0	0	0	0	0	0	0	0	0	0	0	0	0	0	0	0	0	2002	0
LFQ	84	0	0	0	0	0	0	0	0	0	0	0	0	0	0	0	0	0	0	0	0	0	0	0	0	0	0	0	0	0	0	2002	0
LFQ	85	0	0	0	0	0	0	0	0	0	0	0	0	0	0	0	0	0	0	0	0	0	0	0	0	0	0	0	0	0	0	2002	0
LFQ	86	0	0	0	0	0	0	0	0	0	0	0	0	0	0	0	0	0	0	0	0	0	0	0	0	0	0	0	0	0	0	2002	0
LFQ	87	0	0	0	0	0	0	0	0	0	0	0	0	0	0	0	0	0	0	0	0	0	0	0	0	0	0	0	0	0	0	2002	0
LFQ	88	0	0	0	0	0	0	0	0	0	0	0	0	0	0	0	0	0	0	0	0	0	0	0	0	0	0	0	0	0	0	2002	0
LFQ	89	0	0	0	0	0	0	0	0	0	0	0	0	0	0	0	0	0	0	0	0	0	0	0	0	0	0	0	0	0	0	2002	0
LFQ	90	0	0	0	0	0	0	0	0	0	0	0	0	0	0	0	0	0	0	0	0	0	0	0	0	0	0	0	0	0	0	2002	0
LFQ	91	0	0	0	0	0	0	0	0	0	0	0	0	0	0	0	0	0	0	0	0	0	0	0	0	0	0	0	0	0	0	2002	0
LFQ	92	0	0	0	0	0	0	0	0	0	0	0	0	0	0	0	0	0	0	0	0	0	0	0	0	0	0	0	0	0	0	2002	0
LFQ	93	0	0	0	0	0	0	0	0	0	0	0	0	0	0	0	0	0	0	0	0	0	0	0	0	0	0	0	0	0	0	2002	0
LFQ	94	0	0	0	0	0	0	0	0	0	0	0	0	0	0	0	0	0	0	0	0	0	0	0	0	0	0	0	0	0	0	2002	0
LFQ	95	0	0	0	0	0	0	0	0	0	0	0	0	0	0	0	0	0	0	0	0	0	0	0	0	0	0	0	0	0	0	2002	0
LFQ	96	0	0	0	0	0	0	0	0	0	0	0	0	0	0	0	0	0	0	0	0	0	0	0	0	0	0	0	0	0	0	2002	0
LFQ	97	0	0	0	0	0	0	0	0	0	0	0	0	0	0	0	0	0	0	0	0	0	0	0	0	0	0	0	0	0	0	2002	0
LFQ	98	0	0	0	0	0	0	0	0	0	0	0	0	0	0	0	0	0	0	0	0	0	0	0	0	0	0	0	0	0	0	2002	0
LFQ	99	0	0	0	0	0	0	0	0	0	0	0	0	0	0	0	0	0	0	0	0	0	0	0	0	0	0	0	0	0	0	2002	0
LFQ	100	0	0	0	0	0	0	0	0	0	0	0	0	0	0	0	0	0	0	0	0	0	0	0	0	0	0	0	0	0	0	2002	0
LFQ	101	0	0	0	0	0	0	0	0	0	0	0	0	0	0	0	0	0	0	0	0	0	0	0	0	0	0	0	0	0	0	2002	0
LFQ	102	0	0	0	0	0	0	0	0	0	0	0	0	0	0	0	0	0	0	0	0	0	0	0	0	0	0	0	0	0	0	2002	0
LFQ	103	0	0	0	0	0	0	0	0	0	0	0	0	0	0	0	0	0	0	0	0	0	0	0	0	0	0	0	0	0	0	2002	0
LFQ	104	0	0	0	0	0	0	0	0	0	0	0	0	0	0	0	0	0	0	0	0	0	0	0	0	0	0	0	0	0	0	2002	0
LFQ	105	0	0	0	0	0	0	0	0	0	0	0	0	0	0	0	0	0	0	0	0	0	0	0	0	0	0	0	0	0	0	2002	0
LFQ	106	0	0	0	0	0	0	0	0	0	0	0	0	0	0	0	0	0	0	0	0	0	0	0	0	0	0	0	0	0	0	2002	0
LFQ	107	0	0	0	0	0	0	0	0	0	0	0	0	0	0	0	0	0	0	0	0	0	0	0	0	0	0	0	0	0	0	2002	0
LFQ	108	0	0	0	0	0	0	0	0	0	0	0	0	0	0	0	0	0	0	0	0	0	0	0	0	0	0	0	0	0	0	2002	0
LFQ	109	0	0	0	0	0	0	0	0	0	0	0	0	0	0	0	0	0	0	0	0	0	0	0	0	0	0	0	0	0	0	2002	0
LFQ	110	0	0	0	0	0	0	0	0	0	0	0	0	0	0	0	0	0	0	0	0	0	0	0	0	0	0	0	0	0	0	2002	0
LFQ	111	0	0	0	0	0	0	0	0	0	0	0	0	0	0	0	0	0	0	0	0	0	0	0	0	0	0	0	0	0	0	2002	0
LFQ	112	0	0	0	0	0	0	0	0	0	0	0	0	0	0	0	0	0	0	0	0	0	0	0	0	0	0	0	0	0	0	2002	0
LFQ	113	0	0	0	0	0	0	0	0	0	0	0	0	0	0	0	0	0	0	0	0	0	0	0	0	0	0	0	0	0	0	2002	0
LFQ	114	0	0	0	0	0	0	0	0	0	0	0	0	0	0	0	0	0	0	0	0	0	0	0	0	0	0	0	0	0	0	2002	0
LFQ	115	0	0	0	0	0	0	0	0	0	0	0	0	0	0	0	0	0	0	0	0	0	0	0	0	0	0	0	0	0	0	2002	0
LFQ	116	0	0	0	0	0	0	0	0	0	0	0	0	0	0	0	0	0	0	0	0	0	0	0	0	0	0	0	0	0	0	2002	0
LFQ	117	0	0	0	0	0	0	0	0	0	0	0	0	0	0	0	0	0	0	0	0	0	0	0	0	0	0	0	0	0	0	2002	0
LFQ	118	0	0	0	0	0	0	0	0	0	0	0	0	0	0	0	0	0	0	0	0	0	0	0	0	0	0	0	0	0	0	2002	0
LFQ	119	0	0	0	0	0	0	0	0	0	0	0	0	0	0	0	0	0	0	0	0	0	0	0	0	0	0	0	0	0	0	2002	0
LFQ	120	0	0	0	0	0	0	0	0	0	0	0	0	0	0	0	0	0	0	0	0	0	0	0	0	0	0	0	0	0	0	2002	0
LFQ	121	0	0	0	0	0	0	0	0	0	0	0	0	0	0	0	0	0	0	0	0	0	0	0	0	0	0	0	0	0	0	2002	0
LFQ	122	0	0	0	0	0	0	0	0	0	0	0	0	0	0	0	0	0	0	0	0	0	0	0	0	0	0	0	0	0	0	2002	0
LFQ	123	0	0	0	0	0	0	0	0	0	0	0	0	0	0	0	0	0	0	0	0	0	0	0	0	0	0	0	0	0	0	2002	0
LFQ	124	0	0	0	0	0	0	0	0	0	0	0	0	0	0	0	0	0	0	0	0	0	0	0	0	0	0	0	0	0	0	2002	0
LFQ	125	0	0	0	0	0	0	0	0	0	0	0	0	0	0	0	0	0	0	0	0	0	0	0	0	0	0	0	0	0	0	2002	0
LFQ	126	0	0	0	0	0	0	0	0	0	0	0	0	0	0	0	0	0	0	0	0	0	0	0	0	0	0	0	0	0	0	2002	0
LFQ	127	0	0	0	0	0	0	0	0	0	0	0	0	0	0	0	0	0	0	0	0	0	0	0	0	0	0	0	0	0	0	2002	0
LFQ	128	0	0	0	0	0	0	0	0	0	0	0	0	0	0	0	0	0	0	0	0	0	0	0	0	0	0	0	0	0	0	2002	0
LFQ	129	0	0	0	0	0	0	0	0	0	0	0	0	0	0	0	0	0	0	0	0	0	0	0	0	0	0	0	0	0	0	2002	0
LFQ	130	0	0	0	0	0	0	0	0	0	0	0	0	0	0	0	0	0	0	0	0	0	0	0	0	0	0	0	0	0	0	2002	0
LFQ	131	0	0	0	0	0	0	0	0	0	0	0	0	0	0	0	0	0	0	0	0	0	0	0	0	0	0	0	0	0	0	2002	0
LFQ	132	0	0	0	0	0	0	0	0	0	0	0	0	0	0	0	0	0	0	0	0	0	0	0	0	0	0	0	0	0	0	2002	0
LFQ	133	0	0	0	0	0	0	0	0	0	0	0	0	0	0	0	0	0	0	0	0	0	0	0	0	0	0	0	0	0	0	2002	0
LFQ	134	0	0	0	0	0	0	0	0	0	0	0	0	0	0	0	0	0	0	0	0	0	0	0	0	0	0	0	0	0	0	2002	0
LFQ	135	0	0	0	0	0	0	0	0	0	0	0	0	0	0	0	0	0	0	0	0	0	0	0	0	0	0	0	0	0	0	2002	0
LFQ	136	0	0	0	0	0	0	0	0	0	0	0	0	0	0	0	0	0	0	0	0	0	0	0	0	0	0	0	0	0	0	2002	0
LFQ	137	0	0	0	0	0	0	0	0	0	0	0	0	0	0	0	0	0	0	0	0	0	0	0	0	0	0	0	0	0	0	2002	0
LFQ	138	0	0	0	0	0	0	0	0	0	0	0	0	0	0	0	0	0	0	0	0	0	0	0	0	0	0	0	0	0	0	2002	0
LFQ	139	0	0	0	0	0	0	0	0	0	0	0	0	0	0	0	0	0	0	0	0	0	0	0	0	0	0	0	0	0	0	2002	0
LFQ	140	0	0	0	0	0	0	0	0	0	0	0	0	0	0	0	0	0	0	0	0	0	0	0	0	0	0	0	0	0	0	2002	0
LFQ	141	0	0	0	0	0	0	0	0	0	0	0	0	0	0	0	0	0	0	0	0	0	0	0	0	0	0	0	0	0	0	2002	0
LFQ	142	0	0	0	0	0	0	0	0	0	0	0	0	0	0	0	0	0	0	0	0	0	0	0	0	0	0	0	0	0	0	2002	0
LFQ	143	0	0	0	0	0	0	0	0	0	0	0	0	0	0	0	0	0	0	0	0	0	0	0	0	0	0	0	0	0	0	2002	0
LFQ	144	0	0	0	0	0	0	0	0	0	0	0	0	0	0	0	0	0	0	0	0	0	0	0	0	0	0	0	0	0	0	2002	0
LFQ	145	0	0	0	0	0	0	0	0	0	0	0	0	0	0	0	0	0	0	0	0	0	0	0	0	0	0	0	0	0	0	2002	0
LFQ	146	0	0	0	0	0	0	0	0	0	0	0	0	0	0	0	0	0	0	0	0	0	0	0	0	0	0	0	0	0	0	2002	0
LFQ	147	0	0	0	0	0	0	0	0	0	0	0	0	0	0	0	0	0	0	0	0	0	0	0	0	0	0	0	0	0	0	2002	0
LFQ	148	0	0	0	0	0	0	0	0	0	0	0	0	0	0	0	0	0	0	0	0	0	0	0	0	0	0	0	0	0	0	2002	0
LFQ	149	0	0	0	0	0	0	0	0	0	0	0	0	0	0	0	0	0	0	0	0	0	0	0	0	0	0	0	0	0	0	2002	0
LFQ	150	0	0	0	0	0	0	0	0	0	0	0	0	0	0	0	0	0	0	0	0	0	0	0	0	0	0	0	0	0	0	2002	0
# GC Content of first fragments. Use `grep ^GCF | cut -f 2-` to extract this part.
GCF	5.28	0
GCF	10.80	1
GCF	13.07	0
GCF	15.33	1
GCF	16.58	0
GCF	18.34	1
GCF	19.85	2
GCF	20.85	0
GCF	21.36	4
GCF	22.36	3
GCF	23.37	9
GCF	24.12	8
GCF	24.87	20
GCF	25.38	11
GCF	26.13	12
GCF	26.88	16
GCF	27.39	24
GCF	28.14	19
GCF	28.89	20
GCF	29.90	39
GCF	30.90	41
GCF	31.41	43
GCF	32.16	41
GCF	32.91	47
GCF	33.42	66
GCF	33.92	70
GCF	34.67	61
GCF	35.43	77
GCF	35.93	91
GCF	36.68	70
GCF	37.44	62
GCF	37.94	61
GCF	38.69	75
GCF	39.45	70
GCF	39.95	85
GCF	40.70	54
GCF	41.46	61
GCF	41.96	58
GCF	42.71	61
GCF	43.47	68
GCF	44.47	51
GCF	45.48	44
GCF	45.98	49
GCF	46.73	47
GCF	47.49	43
GCF	47.99	34
GCF	48.74	25
GCF	49.50	28
GCF	50.00	12
GCF	50.75	18
GCF	51.51	10
GCF	52.01	11
GCF	52.76	8
GCF	53.77	10
GCF	54.77	12
GCF	55.53	8
GCF	56.03	7
GCF	56.78	4
GCF	58.29	3
GCF	59.55	6
GCF	60.05	3
GCF	60.80	1
GCF	61.81	0
GCF	63.07	1
GCF	64.57	0
GCF	65.83	1
GCF	67.59	0
GCF	69.35	1
# GC Content of last fragments. Use `grep ^GCL | cut -f 2-` to extract this part.
GCL	3.52	0
GCL	7.29	1
GCL	9.05	0
GCL	10.80	1
GCL	13.82	0
GCL	16.83	2
GCL	18.09	0
GCL	19.35	3
GCL	20.10	1
GCL	20.85	5
GCL	21.36	2
GCL	22.11	1
GCL	22.86	6
GCL	23.37	9
GCL	24.12	6
GCL	24.87	12
GCL	25.38	20
GCL	26.13	18
GCL	26.88	16
GCL	27.39	19
GCL	28.14	29
GCL	28.89	35
GCL	29.40	40
GCL	30.15	36
GCL	30.90	29
GCL	31.41	43
GCL	32.16	67
GCL	32.91	53
GCL	33.42	75
GCL	33.92	69
GCL	34.67	52
GCL	35.43	62
GCL	35.93	86
GCL	36.68	85
GCL	37.44	70
GCL	37.94	80
GCL	38.69	77
GCL	39.45	56
GCL	39.95	57
GCL	40.70	54
GCL	41.46	63
GCL	41.96	47
GCL	42.71	59
GCL	43.47	48
GCL	43.97	43
GCL	44.72	54
GCL	45.48	59
GCL	45.98	55
GCL	46.73	46
GCL	47.49	47
GCL	47.99	34
GCL	48.74	25
GCL	49.50	20
GCL	50.00	15
GCL	50.75	18
GCL	51.51	11
GCL	52.51	10
GCL	53.52	9
GCL	54.02	12
GCL	54.77	8
GCL	55.78	4
GCL	56.78	2
GCL	57.54	6
GCL	58.79	2
GCL	60.05	0
GCL	61.31	1
GCL	62.81	0
GCL	63.57	4
GCL	64.07	0
GCL	64.82	1
GCL	65.58	2
# ACGT content per cycle. Use `grep ^GCC | cut -f 2-` to extract this part. The columns are: cycle; A,C,G,T base counts as a percentage of all A/C/G/T bases [%]; and N and O counts as a percentage of all A/C/G/T bases [%]
GCC	1	31.29	20.18	18.61	29.92	0.00	0.00
GCC	2	30.99	19.68	17.66	31.67	0.00	0.00
GCC	3	30.47	21.25	18.28	30.00	0.00	0.00
GCC	4	30.39	20.03	18.06	31.52	0.00	0.00
GCC	5	31.12	19.51	18.21	31.17	0.00	0.00
GCC	6	29.25	20.50	20.00	30.24	0.00	0.00
GCC	7	29.32	18.93	18.83	32.92	0.00	0.00
GCC	8	31.04	19.83	17.31	31.82	0.00	0.00
GCC	9	30.54	20.78	18.23	30.44	0.00	0.00
GCC	10	31.39	19.43	18.01	31.17	0.00	0.00
GCC	11	29.65	20.03	18.88	31.44	0.00	0.00
GCC	12	30.34	19.98	19.43	30.24	0.00	0.00
GCC	13	32.07	19.38	18.26	30.29	0.00	0.00
GCC	14	29.65	19.71	19.53	31.12	0.00	0.00
GCC	15	30.62	20.68	19.11	29.60	0.00	0.00
GCC	16	31.04	19.78	19.43	29.75	0.00	0.00
GCC	17	31.22	19.86	17.88	31.04	0.00	0.00
GCC	18	30.14	18.46	19.73	31.67	0.00	0.00
GCC	19	31.04	19.11	18.58	31.27	0.00	0.00
GCC	20	30.59	19.48	18.63	31.29	0.00	0.00
GCC	21	30.94	20.10	18.11	30.84	0.00	0.00
GCC	22	30.44	21.08	17.86	30.62	0.00	0.00
GCC	23	29.20	21.08	18.73	30.99	0.00	0.00
GCC	24	28.20	20.33	19.86	31.62	0.00	0.00
GCC	25	30.54	20.48	18.11	30.87	0.00	0.00
GCC	26	31.72	19.36	18.78	30.14	0.00	0.00
GCC	27	30.82	19.88	18.83	30.47	0.00	0.00
GCC	28	29.87	20.48	18.96	30.69	0.00	0.00
GCC	29	30.94	20.78	18.48	29.80	0.00	0.00
GCC	30	30.34	19.68	20.15	29.82	0.00	0.00
GCC	31	30.77	19.11	18.96	31.17	0.00	0.00
GCC	32	30.37	20.18	18.88	30.57	0.00	0.00
GCC	33	31.37	19.58	18.98	30.07	0.00	0.00
GCC	34	31.39	18.98	18.31	31.32	0.00	0.00
GCC	35	31.22	19.01	19.36	30.42	0.00	0.00
GCC	36	30.09	20.53	19.06	30.32	0.00	0.00
GCC	37	31.22	18.63	18.73	31.42	0.00	0.00
GCC	38	30.27	20.08	19.31	30.34	0.00	0.00
GCC	39	31.52	19.26	18.66	30.57	0.00	0.00
GCC	40	30.49	20.63	19.36	29.52	0.00	0.00
GCC	41	30.77	19.88	18.23	31.12	0.00	0.00
GCC	42	30.22	19.58	18.93	31.27	0.00	0.00
GCC	43	30.19	20.65	19.01	30.14	0.00	0.00
GCC	44	29.75	19.83	19.18	31.24	0.00	0.00
GCC	45	31.14	20.03	18.81	30.02	0.00	0.00
GCC	46	30.14	20.08	18.68	31.09	0.00	0.00
GCC	47	30.19	19.43	19.46	30.92	0.00	0.00
GCC	48	29.70	19.98	19.06	31.27	0.00	0.00
GCC	49	31.37	19.46	18.53	30.64	0.00	0.00
GCC	50	30.52	18.18	19.11	32.19	0.00	0.00
GCC	51	30.29	20.73	18.38	30.59	0.00	0.00
GCC	52	29.70	18.91	18.46	32.94	0.00	0.00
GCC	53	30.19	20.78	18.56	30.47	0.00	0.00
GCC	54	30.39	19.93	19.18	30.49	0.00	0.00
GCC	55	30.72	19.71	18.48	31.09	0.00	0.00
GCC	56	31.54	20.00	18.96	29.50	0.00	0.00
GCC	57	31.29	19.48	18.23	30.99	0.00	0.00
GCC	58	30.32	19.56	20.13	30.00	0.00	0.00
GCC	59	31.87	19.31	18.31	30.52	0.00	0.00
GCC	60	30.74	19.18	18.66	31.42	0.00	0.00
GCC	61	30.07	20.58	19.58	29.77	0.00	0.00
GCC	62	30.54	20.23	19.41	29.82	0.00	0.00
GCC	63	30.79	19.76	18.26	31.19	0.00	0.00
GCC	64	30.32	20.33	18.81	30.54	0.00	0.00
GCC	65	29.37	20.45	19.36	30.82	0.00	0.00
GCC	66	31.02	20.50	18.23	30.24	0.00	0.00
GCC	67	31.77	19.11	18.61	30.52	0.00	0.00
GCC	68	31.39	19.58	18.51	30.52	0.00	0.00
GCC	69	30.57	19.68	19.23	30.52	0.00	0.00
GCC	70	31.32	20.08	17.93	30.67	0.00	0.00
GCC	71	31.82	18.28	19.66	30.24	0.00	0.00
GCC	72	31.77	18.91	18.51	30.82	0.00	0.00
GCC	73	29.95	20.63	19.91	29.52	0.00	0.00
GCC	74	30.17	20.15	18.63	31.04	0.00	0.00
GCC	75	30.59	20.08	18.16	31.17	0.00	0.00
GCC	76	30.44	20.00	18.38	31.17	0.00	0.00
GCC	77	31.34	19.66	18.58	30.42	0.00	0.00
GCC	78	31.29	19.63	18.38	30.69	0.00	0.00
GCC	79	30.29	19.88	19.53	30.29	0.00	0.00
GCC	80	30.79	18.98	19.41	30.82	0.00	0.00
GCC	81	30.77	18.53	18.51	32.19	0.00	0.00
GCC	82	30.34	19.01	19.66	30.99	0.00	0.00
GCC	83	30.37	19.48	18.51	31.64	0.00	0.00
GCC	84	29.17	20.18	18.26	32.39	0.00	0.00
GCC	85	30.00	19.66	19.76	30.59	0.00	0.00
GCC	86	30.64	20.15	19.21	30.00	0.00	0.00
GCC	87	30.37	19.61	19.93	30.09	0.00	0.00
GCC	88	30.77	19.13	18.56	31.54	0.00	0.00
GCC	89	30.44	19.91	19.21	30.44	0.00	0.00
GCC	90	31.04	20.20	19.11	29.65	0.00	0.00
GCC	91	29.22	20.15	18.91	31.72	0.00	0.00
GCC	92	30.64	20.45	18.63	30.27	0.00	0.00
GCC	93	30.62	20.13	18.98	30.27	0.00	0.00
GCC	94	30.79	19.83	18.83	30.54	0.00	0.00
GCC	95	30.92	19.98	18.43	30.67	0.00	0.00
GCC	96	31.62	19.71	19.53	29.15	0.00	0.00
GCC	97	30.87	19.11	19.01	31.02	0.00	0.00
GCC	98	30.64	20.53	18.58	30.24	0.00	0.00
GCC	99	31.12	21.48	17.53	29.87	0.00	0.00
GCC	100	31.74	18.93	18.41	30.92	0.00	0.00
GCC	101	30.79	19.53	19.11	30.57	0.00	0.00
GCC	102	30.59	19.58	18.28	31.54	0.00	0.00
GCC	103	29.80	19.46	19.76	30.99	0.00	0.00
GCC	104	29.55	19.56	19.98	30.92	0.00	0.00
GCC	105	30.57	18.91	18.98	31.54	0.00	0.00
GCC	106	30.17	19.56	19.76	30.52	0.00	0.00
GCC	107	31.07	20.40	19.56	28.97	0.00	0.00
GCC	108	30.72	19.56	18.78	30.94	0.00	0.00
GCC	109	31.74	19.48	19.18	29.60	0.00	0.00
GCC	110	31.49	20.20	18.63	29.67	0.00	0.00
GCC	111	30.22	20.23	18.78	30.77	0.00	0.00
GCC	112	29.42	20.93	18.46	31.19	0.00	0.00
GCC	113	29.42	20.15	18.93	31.49	0.00	0.00
GCC	114	29.52	19.48	19.58	31.42	0.00	0.00
GCC	115	30.52	20.08	18.96	30.44	0.00	0.00
GCC	116	31.17	18.96	19.48	30.39	0.00	0.00
GCC	117	30.14	20.25	19.16	30.44	0.00	0.00
GCC	118	30.02	19.48	19.83	30.67	0.00	0.00
GCC	119	30.62	19.61	19.86	29.92	0.00	0.00
GCC	120	30.12	19.86	18.81	31.22	0.00	0.00
GCC	121	31.07	18.86	19.28	30.79	0.00	0.00
GCC	122	31.69	19.13	18.43	30.74	0.00	0.00
GCC	123	30.07	18.91	18.21	32.82	0.00	0.00
GCC	124	30.14	20.70	18.78	30.37	0.00	0.00
GCC	125	30.24	20.15	18.83	30.77	0.00	0.00
GCC	126	30.42	20.45	18.66	30.47	0.00	0.00
GCC	127	29.95	19.41	18.76	31.89	0.00	0.00
GCC	128	29.40	20.48	19.66	30.47	0.00	0.00
GCC	129	31.14	18.71	18.91	31.24	0.00	0.00
GCC	130	30.84	19.46	19.96	29.75	0.00	0.00
GCC	131	30.69	20.08	19.11	30.12	0.00	0.00
GCC	132	30.09	20.05	19.58	30.27	0.00	0.00
GCC	133	28.82	20.08	19.78	31.32	0.00	0.00
GCC	134	30.77	20.20	18.26	30.77	0.00	0.00
GCC	135	29.87	20.33	18.76	31.04	0.00	0.00
GCC	136	30.12	20.08	19.38	30.42	0.00	0.00
GCC	137	31.22	20.10	18.43	30.24	0.00	0.00
GCC	138	31.29	18.58	19.48	30.64	0.00	0.00
GCC	139	30.39	20.20	19.73	29.67	0.00	0.00
GCC	140	29.60	18.93	20.10	31.37	0.00	0.00
GCC	141	29.37	20.33	19.76	30.54	0.00	0.00
GCC	142	31.19	20.30	18.66	29.85	0.00	0.00
GCC	143	29.77	19.61	20.08	30.54	0.00	0.00
GCC	144	31.19	19.38	18.51	30.92	0.00	0.00
GCC	145	28.97	20.93	18.51	31.59	0.00	0.00
GCC	146	29.00	20.43	19.06	31.52	0.00	0.00
GCC	147	30.69	19.31	18.66	31.34	0.00	0.00
GCC	148	30.77	19.51	19.18	30.54	0.00	0.00
GCC	149	29.98	19.71	18.59	31.73	0.00	0.00
GCC	150	31.70	19.11	19.26	29.93	0.00	0.00
# ACGT content per cycle, read oriented. Use `grep ^GCT | cut -f 2-` to extract this part. The columns are: cycle; A,C,G,T base counts as a percentage of all A/C/G/T bases [%]
GCT	1	30.62	20.35	18.43	30.59
GCT	2	30.47	18.71	18.63	32.19
GCT	3	29.80	19.58	19.96	30.67
GCT	4	30.97	19.71	18.38	30.94
GCT	5	31.07	19.01	18.71	31.22
GCT	6	29.40	20.95	19.56	30.09
GCT	7	32.92	19.08	18.68	29.32
GCT	8	32.07	17.86	19.28	30.79
GCT	9	30.24	19.53	19.48	30.74
GCT	10	30.32	18.56	18.88	32.24
GCT	11	30.12	18.81	20.10	30.97
GCT	12	30.44	19.63	19.78	30.14
GCT	13	31.29	19.71	17.93	31.07
GCT	14	30.69	20.10	19.13	30.07
GCT	15	30.12	20.23	19.56	30.09
GCT	16	30.87	19.41	19.81	29.92
GCT	17	31.74	18.63	19.11	30.52
GCT	18	30.54	18.46	19.73	31.27
GCT	19	31.57	18.88	18.81	30.74
GCT	20	30.99	19.53	18.58	30.89
GCT	21	31.29	19.41	18.81	30.49
GCT	22	29.85	19.53	19.41	31.22
GCT	23	28.82	19.41	20.40	31.37
GCT	24	30.29	20.53	19.66	29.52
GCT	25	30.39	18.63	19.96	31.02
GCT	26	30.99	19.18	18.96	30.87
GCT	27	31.57	19.33	19.38	29.72
GCT	28	30.34	20.30	19.13	30.22
GCT	29	30.29	19.63	19.63	30.44
GCT	30	30.42	19.81	20.03	29.75
GCT	31	31.59	18.43	19.63	30.34
GCT	32	30.54	19.31	19.76	30.39
GCT	33	30.04	20.10	18.46	31.39
GCT	34	31.37	17.91	19.38	31.34
GCT	35	31.14	18.73	19.63	30.49
GCT	36	29.72	20.70	18.88	30.69
GCT	37	31.64	19.36	18.01	30.99
GCT	38	29.55	19.46	19.93	31.07
GCT	39	31.52	18.91	19.01	30.57
GCT	40	29.05	20.38	19.61	30.97
GCT	41	30.87	18.98	19.13	31.02
GCT	42	30.67	19.43	19.08	30.82
GCT	43	29.92	20.23	19.43	30.42
GCT	44	30.82	19.61	19.41	30.17
GCT	45	29.45	19.33	19.51	31.72
GCT	46	29.90	19.33	19.43	31.34
GCT	47	30.37	19.36	19.53	30.74
GCT	48	29.77	19.11	19.93	31.19
GCT	49	30.84	19.23	18.76	31.17
GCT	50	30.69	18.41	18.88	32.02
GCT	51	31.02	19.96	19.16	29.87
GCT	52	31.19	19.01	18.36	31.44
GCT	53	29.72	19.01	20.33	30.94
GCT	54	30.00	19.93	19.18	30.89
GCT	55	30.44	19.03	19.16	31.37
GCT	56	30.42	20.83	18.13	30.62
GCT	57	32.02	19.41	18.31	30.27
GCT	58	30.57	19.86	19.83	29.75
GCT	59	31.29	18.88	18.73	31.09
GCT	60	31.39	18.23	19.61	30.77
GCT	61	30.17	20.33	19.83	29.67
GCT	62	31.22	20.00	19.63	29.15
GCT	63	32.49	18.56	19.46	29.50
GCT	64	29.40	19.46	19.68	31.47
GCT	65	30.37	20.25	19.56	29.82
GCT	66	31.44	20.83	17.91	29.82
GCT	67	32.49	18.93	18.78	29.80
GCT	68	31.94	19.63	18.46	29.97
GCT	69	31.57	18.73	20.18	29.52
GCT	70	31.17	18.88	19.13	30.82
GCT	71	31.44	19.21	18.73	30.62
GCT	72	32.17	18.31	19.11	30.42
GCT	73	28.87	20.15	20.38	30.59
GCT	74	30.69	19.48	19.31	30.52
GCT	75	31.32	18.61	19.63	30.44
GCT	76	30.49	18.56	19.83	31.12
GCT	77	30.57	19.28	18.96	31.19
GCT	78	31.22	18.81	19.21	30.77
GCT	79	30.99	19.73	19.68	29.60
GCT	80	31.54	18.73	19.66	30.07
GCT	81	31.27	17.93	19.11	31.69
GCT	82	30.67	19.13	19.53	30.67
GCT	83	30.62	18.88	19.11	31.39
GCT	84	30.94	19.01	19.43	30.62
GCT	85	30.44	19.86	19.56	30.14
GCT	86	29.50	18.91	20.45	31.14
GCT	87	29.55	19.08	20.45	30.92
GCT	88	31.77	19.33	18.36	30.54
GCT	89	31.77	19.53	19.58	29.12
GCT	90	31.57	18.63	20.68	29.12
GCT	91	30.47	19.41	19.66	30.47
GCT	92	31.32	19.33	19.76	29.60
GCT	93	30.24	19.76	19.36	30.64
GCT	94	30.57	19.61	19.06	30.77
GCT	95	30.69	19.71	18.71	30.89
GCT	96	30.74	19.33	19.91	30.02
GCT	97	31.02	19.66	18.46	30.87
GCT	98	29.52	19.66	19.46	31.37
GCT	99	30.39	19.11	19.91	30.59
GCT	100	31.19	18.38	18.96	31.47
GCT	101	29.67	19.11	19.53	31.69
GCT	102	30.82	19.06	18.81	31.32
GCT	103	30.54	19.66	19.56	30.24
GCT	104	31.12	19.18	20.35	29.35
GCT	105	31.24	19.08	18.81	30.87
GCT	106	29.92	20.15	19.16	30.77
GCT	107	30.14	19.33	20.63	29.90
GCT	108	30.47	18.81	19.53	31.19
GCT	109	30.92	19.76	18.91	30.42
GCT	110	29.52	19.08	19.76	31.64
GCT	111	31.12	18.68	20.33	29.87
GCT	112	31.37	19.38	20.00	29.25
GCT	113	31.69	19.28	19.81	29.22
GCT	114	30.52	19.53	19.53	30.42
GCT	115	30.19	19.41	19.63	30.77
GCT	116	30.12	18.56	19.88	31.44
GCT	117	29.87	20.23	19.18	30.72
GCT	118	31.09	19.61	19.71	29.60
GCT	119	30.52	20.15	19.31	30.02
GCT	120	31.62	19.51	19.16	29.72
GCT	121	31.09	19.23	18.91	30.77
GCT	122	31.79	19.03	18.53	30.64
GCT	123	32.27	18.36	18.76	30.62
GCT	124	31.64	20.35	19.13	28.87
GCT	125	30.39	20.50	18.48	30.62
GCT	126	30.62	20.80	18.31	30.27
GCT	127	30.69	18.86	19.31	31.14
GCT	128	29.72	20.10	20.03	30.14
GCT	129	30.89	19.06	18.56	31.49
GCT	130	30.12	19.23	20.18	30.47
GCT	131	30.14	19.63	19.56	30.67
GCT	132	29.67	19.43	20.20	30.69
GCT	133	31.22	19.98	19.88	28.92
GCT	134	30.92	19.31	19.16	30.62
GCT	135	30.72	18.93	20.15	30.19
GCT	136	29.52	19.58	19.88	31.02
GCT	137	31.14	19.58	18.96	30.32
GCT	138	30.42	18.71	19.36	31.52
GCT	139	29.50	20.50	19.43	30.57
GCT	140	30.44	19.68	19.36	30.52
GCT	141	30.00	19.81	20.28	29.92
GCT	142	30.49	20.20	18.76	30.54
GCT	143	32.07	20.10	19.58	28.25
GCT	144	31.54	19.28	18.61	30.57
GCT	145	30.39	19.46	19.98	30.17
GCT	146	31.09	19.43	20.05	29.42
GCT	147	31.07	18.93	19.03	30.97
GCT	148	31.27	19.26	19.43	30.04
GCT	149	30.68	19.01	19.29	31.03
GCT	150	31.28	19.64	18.74	30.35
# ACGT content per cycle for first fragments. Use `grep ^FBC | cut -f 2-` to extract this part. The columns are: cycle; A,C,G,T base counts as a percentage of all A/C/G/T bases [%]; and N and O counts as a percentage of all A/C/G/T bases [%]
FBC	1	32.17	19.33	18.68	29.82	0.00	0.00
FBC	2	29.77	20.38	18.08	31.77	0.00	0.00
FBC	3	29.32	21.38	19.23	30.07	0.00	0.00
FBC	4	30.47	20.58	18.38	30.57	0.00	0.00
FBC	5	31.27	19.08	19.08	30.57	0.00	0.00
FBC	6	29.62	20.78	19.18	30.42	0.00	0.00
FBC	7	30.12	19.68	18.48	31.72	0.00	0.00
FBC	8	31.32	20.83	17.98	29.87	0.00	0.00
FBC	9	29.07	20.73	18.83	31.37	0.00	0.00
FBC	10	30.12	20.23	18.13	31.52	0.00	0.00
FBC	11	29.22	20.53	19.33	30.92	0.00	0.00
FBC	12	28.77	22.53	18.78	29.92	0.00	0.00
FBC	13	30.62	21.08	17.88	30.42	0.00	0.00
FBC	14	29.62	21.48	19.68	29.22	0.00	0.00
FBC	15	29.72	21.28	20.33	28.67	0.00	0.00
FBC	16	30.32	20.38	20.43	28.87	0.00	0.00
FBC	17	32.32	20.23	16.98	30.47	0.00	0.00
FBC	18	30.17	18.28	20.13	31.42	0.00	0.00
FBC	19	31.67	18.13	18.68	31.52	0.00	0.00
FBC	20	30.42	19.78	19.28	30.52	0.00	0.00
FBC	21	31.52	19.88	18.63	29.97	0.00	0.00
FBC	22	30.87	21.18	18.93	29.02	0.00	0.00
FBC	23	29.12	20.63	18.13	32.12	0.00	0.00
FBC	24	28.12	19.93	19.78	32.17	0.00	0.00
FBC	25	30.27	20.33	18.08	31.32	0.00	0.00
FBC	26	30.67	18.68	19.98	30.67	0.00	0.00
FBC	27	30.97	19.13	18.88	31.02	0.00	0.00
FBC	28	31.17	20.83	18.53	29.47	0.00	0.00
FBC	29	31.12	20.43	19.78	28.67	0.00	0.00
FBC	30	29.67	19.63	20.28	30.42	0.00	0.00
FBC	31	30.87	18.28	18.68	32.17	0.00	0.00
FBC	32	29.77	19.78	19.83	30.62	0.00	0.00
FBC	33	31.47	20.63	18.78	29.12	0.00	0.00
FBC	34	31.12	19.03	18.48	31.37	0.00	0.00
FBC	35	31.02	18.78	19.03	31.17	0.00	0.00
FBC	36	29.52	21.23	18.83	30.42	0.00	0.00
FBC	37	32.07	18.48	18.88	30.57	0.00	0.00
FBC	38	30.32	20.43	18.68	30.57	0.00	0.00
FBC	39	31.52	19.73	18.03	30.72	0.00	0.00
FBC	40	29.12	21.08	19.68	30.12	0.00	0.00
FBC	41	30.87	19.68	18.68	30.77	0.00	0.00
FBC	42	31.47	19.18	18.68	30.67	0.00	0.00
FBC	43	29.67	20.28	19.18	30.87	0.00	0.00
FBC	44	28.02	19.43	20.28	32.27	0.00	0.00
FBC	45	29.52	19.78	19.33	31.37	0.00	0.00
FBC	46	29.42	21.18	19.63	29.77	0.00	0.00
FBC	47	31.62	19.43	19.23	29.72	0.00	0.00
FBC	48	28.52	19.88	19.68	31.92	0.00	0.00
FBC	49	30.67	19.53	18.98	30.82	0.00	0.00
FBC	50	31.82	17.23	19.13	31.82	0.00	0.00
FBC	51	31.42	20.58	17.53	30.47	0.00	0.00
FBC	52	28.52	18.83	18.88	33.77	0.00	0.00
FBC	53	29.97	20.98	19.53	29.52	0.00	0.00
FBC	54	30.97	19.93	19.93	29.17	0.00	0.00
FBC	55	31.62	19.33	17.78	31.27	0.00	0.00
FBC	56	32.07	20.08	18.93	28.92	0.00	0.00
FBC	57	32.12	20.58	17.93	29.37	0.00	0.00
FBC	58	30.62	19.13	19.38	30.87	0.00	0.00
FBC	59	32.17	19.08	18.58	30.17	0.00	0.00
FBC	60	31.77	17.98	19.28	30.97	0.00	0.00
FBC	61	29.12	21.33	20.03	29.52	0.00	0.00
FBC	62	29.57	20.88	20.08	29.47	0.00	0.00
FBC	63	30.62	19.83	18.13	31.42	0.00	0.00
FBC	64	29.37	19.88	18.88	31.87	0.00	0.00
FBC	65	30.07	20.48	19.88	29.57	0.00	0.00
FBC	66	31.32	21.03	18.23	29.42	0.00	0.00
FBC	67	31.87	18.98	19.18	29.97	0.00	0.00
FBC	68	29.97	20.03	18.28	31.72	0.00	0.00
FBC	69	30.77	19.88	18.93	30.42	0.00	0.00
FBC	70	30.67	19.98	18.68	30.67	0.00	0.00
FBC	71	31.12	18.88	20.83	29.17	0.00	0.00
FBC	72	31.57	19.13	19.08	30.22	0.00	0.00
FBC	73	31.47	20.23	18.68	29.62	0.00	0.00
FBC	74	30.67	19.23	18.73	31.37	0.00	0.00
FBC	75	31.57	20.18	18.33	29.92	0.00	0.00
FBC	76	29.72	20.23	19.08	30.97	0.00	0.00
FBC	77	31.07	19.23	19.48	30.22	0.00	0.00
FBC	78	31.42	20.58	19.53	28.47	0.00	0.00
FBC	79	30.12	19.58	19.88	30.42	0.00	0.00
FBC	80	32.37	18.18	19.13	30.32	0.00	0.00
FBC	81	30.12	18.63	19.53	31.72	0.00	0.00
FBC	82	29.52	19.63	19.78	31.07	0.00	0.00
FBC	83	29.17	20.48	18.28	32.07	0.00	0.00
FBC	84	28.62	20.23	18.18	32.97	0.00	0.00
FBC	85	28.87	20.28	20.78	30.07	0.00	0.00
FBC	86	31.62	19.38	19.38	29.62	0.00	0.00
FBC	87	31.27	19.23	19.93	29.57	0.00	0.00
FBC	88	31.22	18.63	19.63	30.52	0.00	0.00
FBC	89	30.97	19.28	19.73	30.02	0.00	0.00
FBC	90	32.27	19.38	19.38	28.97	0.00	0.00
FBC	91	28.92	21.23	19.83	30.02	0.00	0.00
FBC	92	30.07	20.88	18.13	30.92	0.00	0.00
FBC	93	31.77	19.58	19.53	29.12	0.00	0.00
FBC	94	30.32	19.63	19.33	30.72	0.00	0.00
FBC	95	31.42	19.68	18.58	30.32	0.00	0.00
FBC	96	31.47	19.18	19.73	29.62	0.00	0.00
FBC	97	30.37	18.48	19.58	31.57	0.00	0.00
FBC	98	31.67	18.98	18.48	30.87	0.00	0.00
FBC	99	30.02	21.08	17.78	31.12	0.00	0.00
FBC	100	31.22	18.43	19.18	31.17	0.00	0.00
FBC	101	30.22	20.43	19.38	29.97	0.00	0.00
FBC	102	28.82	19.88	19.53	31.77	0.00	0.00
FBC	103	30.12	19.13	19.48	31.27	0.00	0.00
FBC	104	30.27	19.43	19.63	30.67	0.00	0.00
FBC	105	32.17	18.18	18.48	31.17	0.00	0.00
FBC	106	30.57	18.93	21.23	29.27	0.00	0.00
FBC	107	32.32	19.68	19.43	28.57	0.00	0.00
FBC	108	30.12	18.73	19.23	31.92	0.00	0.00
FBC	109	31.27	18.83	19.08	30.82	0.00	0.00
FBC	110	31.22	20.18	19.38	29.22	0.00	0.00
FBC	111	29.62	20.18	18.48	31.72	0.00	0.00
FBC	112	30.42	20.63	18.33	30.62	0.00	0.00
FBC	113	30.77	19.58	18.48	31.17	0.00	0.00
FBC	114	29.52	19.23	20.28	30.97	0.00	0.00
FBC	115	31.57	20.88	18.83	28.72	0.00	0.00
FBC	116	31.47	19.18	19.83	29.52	0.00	0.00
FBC	117	30.92	20.53	18.88	29.67	0.00	0.00
FBC	118	30.37	19.63	20.08	29.92	0.00	0.00
FBC	119	31.47	19.13	18.78	30.62	0.00	0.00
FBC	120	29.02	19.78	19.28	31.92	0.00	0.00
FBC	121	29.77	18.03	19.38	32.82	0.00	0.00
FBC	122	32.32	19.48	17.63	30.57	0.00	0.00
FBC	123	28.92	18.68	18.78	33.62	0.00	0.00
FBC	124	29.87	20.78	19.63	29.72	0.00	0.00
FBC	125	30.42	19.43	18.88	31.27	0.00	0.00
FBC	126	29.27	20.23	19.73	30.77	0.00	0.00
FBC	127	30.07	18.83	19.03	32.07	0.00	0.00
FBC	128	28.77	20.53	20.38	30.32	0.00	0.00
FBC	129	30.17	19.18	19.53	31.12	0.00	0.00
FBC	130	29.07	18.78	20.78	31.37	0.00	0.00
FBC	131	30.07	20.13	19.58	30.22	0.00	0.00
FBC	132	30.02	20.03	19.03	30.92	0.00	0.00
FBC	133	29.57	19.73	19.13	31.57	0.00	0.00
FBC	134	30.62	19.53	18.08	31.77	0.00	0.00
FBC	135	30.77	20.03	19.08	30.12	0.00	0.00
FBC	136	31.02	19.33	18.38	31.27	0.00	0.00
FBC	137	30.92	19.93	19.03	30.12	0.00	0.00
FBC	138	32.27	18.03	19.33	30.37	0.00	0.00
FBC	139	30.57	19.83	19.68	29.92	0.00	0.00
FBC	140	28.47	18.68	21.88	30.97	0.00	0.00
FBC	141	28.42	19.68	20.28	31.62	0.00	0.00
FBC	142	29.92	19.43	19.38	31.27	0.00	0.00
FBC	143	30.32	20.03	19.23	30.42	0.00	0.00
FBC	144	31.27	18.33	19.28	31.12	0.00	0.00
FBC	145	28.62	20.73	19.48	31.17	0.00	0.00
FBC	146	27.82	20.28	19.13	32.77	0.00	0.00
FBC	147	30.67	20.23	19.03	30.07	0.00	0.00
FBC	148	28.97	19.08	20.48	31.47	0.00	0.00
FBC	149	30.63	18.99	18.24	32.13	0.00	0.00
FBC	150	32.88	19.39	18.69	29.04	0.00	0.00
# ACGT raw counters for first fragments. Use `grep ^FTC | cut -f 2-` to extract this part. The columns are: A,C,G,T,N base counters
FTC	91476	59349	57501	91972	0
# ACGT content per cycle for last fragments. Use `grep ^LBC | cut -f 2-` to extract this part. The columns are: cycle; A,C,G,T base counts as a percentage of all A/C/G/T bases [%]; and N and O counts as a percentage of all A/C/G/T bases [%]
LBC	1	30.42	21.03	18.53	30.02	0.00	0.00
LBC	2	32.22	18.98	17.23	31.57	0.00	0.00
LBC	3	31.62	21.13	17.33	29.92	0.00	0.00
LBC	4	30.32	19.48	17.73	32.47	0.00	0.00
LBC	5	30.97	19.93	17.33	31.77	0.00	0.00
LBC	6	28.87	20.23	20.83	30.07	0.00	0.00
LBC	7	28.52	18.18	19.18	34.12	0.00	0.00
LBC	8	30.77	18.83	16.63	33.77	0.00	0.00
LBC	9	32.02	20.83	17.63	29.52	0.00	0.00
LBC	10	32.67	18.63	17.88	30.82	0.00	0.00
LBC	11	30.07	19.53	18.43	31.97	0.00	0.00
LBC	12	31.92	17.43	20.08	30.57	0.00	0.00
LBC	13	33.52	17.68	18.63	30.17	0.00	0.00
LBC	14	29.67	17.93	19.38	33.02	0.00	0.00
LBC	15	31.52	20.08	17.88	30.52	0.00	0.00
LBC	16	31.77	19.18	18.43	30.62	0.00	0.00
LBC	17	30.12	19.48	18.78	31.62	0.00	0.00
LBC	18	30.12	18.63	19.33	31.92	0.00	0.00
LBC	19	30.42	20.08	18.48	31.02	0.00	0.00
LBC	20	30.77	19.18	17.98	32.07	0.00	0.00
LBC	21	30.37	20.33	17.58	31.72	0.00	0.00
LBC	22	30.02	20.98	16.78	32.22	0.00	0.00
LBC	23	29.27	21.53	19.33	29.87	0.00	0.00
LBC	24	28.27	20.73	19.93	31.07	0.00	0.00
LBC	25	30.82	20.63	18.13	30.42	0.00	0.00
LBC	26	32.77	20.03	17.58	29.62	0.00	0.00
LBC	27	30.67	20.63	18.78	29.92	0.00	0.00
LBC	28	28.57	20.13	19.38	31.92	0.00	0.00
LBC	29	30.77	21.13	17.18	30.92	0.00	0.00
LBC	30	31.02	19.73	20.03	29.22	0.00	0.00
LBC	31	30.67	19.93	19.23	30.17	0.00	0.00
LBC	32	30.97	20.58	17.93	30.52	0.00	0.00
LBC	33	31.27	18.53	19.18	31.02	0.00	0.00
LBC	34	31.67	18.93	18.13	31.27	0.00	0.00
LBC	35	31.42	19.23	19.68	29.67	0.00	0.00
LBC	36	30.67	19.83	19.28	30.22	0.00	0.00
LBC	37	30.37	18.78	18.58	32.27	0.00	0.00
LBC	38	30.22	19.73	19.93	30.12	0.00	0.00
LBC	39	31.52	18.78	19.28	30.42	0.00	0.00
LBC	40	31.87	20.18	19.03	28.92	0.00	0.00
LBC	41	30.67	20.08	17.78	31.47	0.00	0.00
LBC	42	28.97	19.98	19.18	31.87	0.00	0.00
LBC	43	30.72	21.03	18.83	29.42	0.00	0.00
LBC	44	31.47	20.23	18.08	30.22	0.00	0.00
LBC	45	32.77	20.28	18.28	28.67	0.00	0.00
LBC	46	30.87	18.98	17.73	32.42	0.00	0.00
LBC	47	28.77	19.43	19.68	32.12	0.00	0.00
LBC	48	30.87	20.08	18.43	30.62	0.00	0.00
LBC	49	32.07	19.38	18.08	30.47	0.00	0.00
LBC	50	29.22	19.13	19.08	32.57	0.00	0.00
LBC	51	29.17	20.88	19.23	30.72	0.00	0.00
LBC	52	30.87	18.98	18.03	32.12	0.00	0.00
LBC	53	30.42	20.58	17.58	31.42	0.00	0.00
LBC	54	29.82	19.93	18.43	31.82	0.00	0.00
LBC	55	29.82	20.08	19.18	30.92	0.00	0.00
LBC	56	31.02	19.93	18.98	30.07	0.00	0.00
LBC	57	30.47	18.38	18.53	32.62	0.00	0.00
LBC	58	30.02	19.98	20.88	29.12	0.00	0.00
LBC	59	31.57	19.53	18.03	30.87	0.00	0.00
LBC	60	29.72	20.38	18.03	31.87	0.00	0.00
LBC	61	31.02	19.83	19.13	30.02	0.00	0.00
LBC	62	31.52	19.58	18.73	30.17	0.00	0.00
LBC	63	30.97	19.68	18.38	30.97	0.00	0.00
LBC	64	31.27	20.78	18.73	29.22	0.00	0.00
LBC	65	28.67	20.43	18.83	32.07	0.00	0.00
LBC	66	30.72	19.98	18.23	31.07	0.00	0.00
LBC	67	31.67	19.23	18.03	31.07	0.00	0.00
LBC	68	32.82	19.13	18.73	29.32	0.00	0.00
LBC	69	30.37	19.48	19.53	30.62	0.00	0.00
LBC	70	31.97	20.18	17.18	30.67	0.00	0.00
LBC	71	32.52	17.68	18.48	31.32	0.00	0.00
LBC	72	31.97	18.68	17.93	31.42	0.00	0.00
LBC	73	28.42	21.03	21.13	29.42	0.00	0.00
LBC	74	29.67	21.08	18.53	30.72	0.00	0.00
LBC	75	29.62	19.98	17.98	32.42	0.00	0.00
LBC	76	31.17	19.78	17.68	31.37	0.00	0.00
LBC	77	31.62	20.08	17.68	30.62	0.00	0.00
LBC	78	31.17	18.68	17.23	32.92	0.00	0.00
LBC	79	30.47	20.18	19.18	30.17	0.00	0.00
LBC	80	29.22	19.78	19.68	31.32	0.00	0.00
LBC	81	31.42	18.43	17.48	32.67	0.00	0.00
LBC	82	31.17	18.38	19.53	30.92	0.00	0.00
LBC	83	31.57	18.48	18.73	31.22	0.00	0.00
LBC	84	29.72	20.13	18.33	31.82	0.00	0.00
LBC	85	31.12	19.03	18.73	31.12	0.00	0.00
LBC	86	29.67	20.93	19.03	30.37	0.00	0.00
LBC	87	29.47	19.98	19.93	30.62	0.00	0.00
LBC	88	30.32	19.63	17.48	32.57	0.00	0.00
LBC	89	29.92	20.53	18.68	30.87	0.00	0.00
LBC	90	29.82	21.03	18.83	30.32	0.00	0.00
LBC	91	29.52	19.08	17.98	33.42	0.00	0.00
LBC	92	31.22	20.03	19.13	29.62	0.00	0.00
LBC	93	29.47	20.68	18.43	31.42	0.00	0.00
LBC	94	31.27	20.03	18.33	30.37	0.00	0.00
LBC	95	30.42	20.28	18.28	31.02	0.00	0.00
LBC	96	31.77	20.23	19.33	28.67	0.00	0.00
LBC	97	31.37	19.73	18.43	30.47	0.00	0.00
LBC	98	29.62	22.08	18.68	29.62	0.00	0.00
LBC	99	32.22	21.88	17.28	28.62	0.00	0.00
LBC	100	32.27	19.43	17.63	30.67	0.00	0.00
LBC	101	31.37	18.63	18.83	31.17	0.00	0.00
LBC	102	32.37	19.28	17.03	31.32	0.00	0.00
LBC	103	29.47	19.78	20.03	30.72	0.00	0.00
LBC	104	28.82	19.68	20.33	31.17	0.00	0.00
LBC	105	28.97	19.63	19.48	31.92	0.00	0.00
LBC	106	29.77	20.18	18.28	31.77	0.00	0.00
LBC	107	29.82	21.13	19.68	29.37	0.00	0.00
LBC	108	31.32	20.38	18.33	29.97	0.00	0.00
LBC	109	32.22	20.13	19.28	28.37	0.00	0.00
LBC	110	31.77	20.23	17.88	30.12	0.00	0.00
LBC	111	30.82	20.28	19.08	29.82	0.00	0.00
LBC	112	28.42	21.23	18.58	31.77	0.00	0.00
LBC	113	28.07	20.73	19.38	31.82	0.00	0.00
LBC	114	29.52	19.73	18.88	31.87	0.00	0.00
LBC	115	29.47	19.28	19.08	32.17	0.00	0.00
LBC	116	30.87	18.73	19.13	31.27	0.00	0.00
LBC	117	29.37	19.98	19.43	31.22	0.00	0.00
LBC	118	29.67	19.33	19.58	31.42	0.00	0.00
LBC	119	29.77	20.08	20.93	29.22	0.00	0.00
LBC	120	31.22	19.93	18.33	30.52	0.00	0.00
LBC	121	32.37	19.68	19.18	28.77	0.00	0.00
LBC	122	31.07	18.78	19.23	30.92	0.00	0.00
LBC	123	31.22	19.13	17.63	32.02	0.00	0.00
LBC	124	30.42	20.63	17.93	31.02	0.00	0.00
LBC	125	30.07	20.88	18.78	30.27	0.00	0.00
LBC	126	31.57	20.68	17.58	30.17	0.00	0.00
LBC	127	29.82	19.98	18.48	31.72	0.00	0.00
LBC	128	30.02	20.43	18.93	30.62	0.00	0.00
LBC	129	32.12	18.23	18.28	31.37	0.00	0.00
LBC	130	32.62	20.13	19.13	28.12	0.00	0.00
LBC	131	31.32	20.03	18.63	30.02	0.00	0.00
LBC	132	30.17	20.08	20.13	29.62	0.00	0.00
LBC	133	28.07	20.43	20.43	31.07	0.00	0.00
LBC	134	30.92	20.88	18.43	29.77	0.00	0.00
LBC	135	28.97	20.63	18.43	31.97	0.00	0.00
LBC	136	29.22	20.83	20.38	29.57	0.00	0.00
LBC	137	31.52	20.28	17.83	30.37	0.00	0.00
LBC	138	30.32	19.13	19.63	30.92	0.00	0.00
LBC	139	30.22	20.58	19.78	29.42	0.00	0.00
LBC	140	30.72	19.18	18.33	31.77	0.00	0.00
LBC	141	30.32	20.98	19.23	29.47	0.00	0.00
LBC	142	32.47	21.18	17.93	28.42	0.00	0.00
LBC	143	29.22	19.18	20.93	30.67	0.00	0.00
LBC	144	31.12	20.43	17.73	30.72	0.00	0.00
LBC	145	29.32	21.13	17.53	32.02	0.00	0.00
LBC	146	30.17	20.58	18.98	30.27	0.00	0.00
LBC	147	30.72	18.38	18.28	32.62	0.00	0.00
LBC	148	32.57	19.93	17.88	29.62	0.00	0.00
LBC	149	29.32	20.43	18.93	31.32	0.00	0.00
LBC	150	30.52	18.83	19.83	30.82	0.00	0.00
# ACGT raw counters for last fragments. Use `grep ^LTC | cut -f 2-` to extract this part. The columns are: A,C,G,T,N base counters
LTC	91942	59646	56098	92614	0
# Insert sizes. Use `grep ^IS | cut -f 2-` to extract this part. The columns are: insert size, pairs total, inward oriented pairs, outward oriented pairs, other pairs
IS	0	0	0	0	0
IS	1	0	0	0	0
IS	2	0	0	0	0
IS	3	0	0	0	0
IS	4	0	0	0	0
IS	5	0	0	0	0
IS	6	0	0	0	0
IS	7	0	0	0	0
IS	8	0	0	0	0
IS	9	0	0	0	0
IS	10	0	0	0	0
IS	11	0	0	0	0
IS	12	0	0	0	0
IS	13	0	0	0	0
IS	14	0	0	0	0
IS	15	0	0	0	0
IS	16	0	0	0	0
IS	17	0	0	0	0
IS	18	0	0	0	0
IS	19	0	0	0	0
IS	20	0	0	0	0
IS	21	0	0	0	0
IS	22	0	0	0	0
IS	23	0	0	0	0
IS	24	0	0	0	0
IS	25	0	0	0	0
IS	26	0	0	0	0
IS	27	0	0	0	0
IS	28	0	0	0	0
IS	29	0	0	0	0
IS	30	0	0	0	0
IS	31	0	0	0	0
IS	32	0	0	0	0
IS	33	0	0	0	0
IS	34	0	0	0	0
IS	35	0	0	0	0
IS	36	0	0	0	0
IS	37	0	0	0	0
IS	38	0	0	0	0
IS	39	0	0	0	0
IS	40	0	0	0	0
IS	41	0	0	0	0
IS	42	0	0	0	0
IS	43	0	0	0	0
IS	44	0	0	0	0
IS	45	0	0	0	0
IS	46	0	0	0	0
IS	47	0	0	0	0
IS	48	0	0	0	0
IS	49	0	0	0	0
IS	50	0	0	0	0
IS	51	0	0	0	0
IS	52	0	0	0	0
IS	53	0	0	0	0
IS	54	0	0	0	0
IS	55	0	0	0	0
IS	56	0	0	0	0
IS	57	0	0	0	0
IS	58	0	0	0	0
IS	59	0	0	0	0
IS	60	0	0	0	0
IS	61	0	0	0	0
IS	62	0	0	0	0
IS	63	0	0	0	0
IS	64	0	0	0	0
IS	65	0	0	0	0
IS	66	0	0	0	0
IS	67	0	0	0	0
IS	68	0	0	0	0
IS	69	0	0	0	0
IS	70	0	0	0	0
IS	71	0	0	0	0
IS	72	0	0	0	0
IS	73	0	0	0	0
IS	74	0	0	0	0
IS	75	0	0	0	0
IS	76	0	0	0	0
IS	77	0	0	0	0
IS	78	0	0	0	0
IS	79	0	0	0	0
IS	80	0	0	0	0
IS	81	0	0	0	0
IS	82	0	0	0	0
IS	83	0	0	0	0
IS	84	0	0	0	0
IS	85	0	0	0	0
IS	86	0	0	0	0
IS	87	0	0	0	0
IS	88	0	0	0	0
IS	89	0	0	0	0
IS	90	0	0	0	0
IS	91	0	0	0	0
IS	92	0	0	0	0
IS	93	0	0	0	0
IS	94	0	0	0	0
IS	95	0	0	0	0
IS	96	0	0	0	0
IS	97	0	0	0	0
IS	98	0	0	0	0
IS	99	0	0	0	0
IS	100	0	0	0	0
IS	101	0	0	0	0
IS	102	0	0	0	0
IS	103	0	0	0	0
IS	104	0	0	0	0
IS	105	0	0	0	0
IS	106	0	0	0	0
IS	107	0	0	0	0
IS	108	0	0	0	0
IS	109	0	0	0	0
IS	110	0	0	0	0
IS	111	0	0	0	0
IS	112	0	0	0	0
IS	113	0	0	0	0
IS	114	0	0	0	0
IS	115	0	0	0	0
IS	116	0	0	0	0
IS	117	0	0	0	0
IS	118	0	0	0	0
IS	119	0	0	0	0
IS	120	0	0	0	0
IS	121	0	0	0	0
IS	122	0	0	0	0
IS	123	0	0	0	0
IS	124	0	0	0	0
IS	125	0	0	0	0
IS	126	0	0	0	0
IS	127	0	0	0	0
IS	128	0	0	0	0
IS	129	0	0	0	0
IS	130	0	0	0	0
IS	131	0	0	0	0
IS	132	0	0	0	0
IS	133	0	0	0	0
IS	134	0	0	0	0
IS	135	0	0	0	0
IS	136	0	0	0	0
IS	137	0	0	0	0
IS	138	0	0	0	0
IS	139	0	0	0	0
IS	140	0	0	0	0
IS	141	0	0	0	0
IS	142	0	0	0	0
IS	143	0	0	0	0
IS	144	0	0	0	0
IS	145	0	0	0	0
IS	146	0	0	0	0
IS	147	0	0	0	0
IS	148	0	0	0	0
IS	149	0	0	0	0
IS	150	0	0	0	0
IS	151	0	0	0	0
IS	152	0	0	0	0
IS	153	0	0	0	0
IS	154	0	0	0	0
IS	155	0	0	0	0
IS	156	0	0	0	0
IS	157	0	0	0	0
IS	158	0	0	0	0
IS	159	0	0	0	0
IS	160	0	0	0	0
IS	161	0	0	0	0
IS	162	0	0	0	0
IS	163	0	0	0	0
IS	164	0	0	0	0
IS	165	0	0	0	0
IS	166	0	0	0	0
IS	167	0	0	0	0
IS	168	0	0	0	0
IS	169	0	0	0	0
IS	170	0	0	0	0
IS	171	0	0	0	0
IS	172	0	0	0	0
IS	173	0	0	0	0
IS	174	0	0	0	0
IS	175	0	0	0	0
IS	176	0	0	0	0
IS	177	0	0	0	0
IS	178	0	0	0	0
IS	179	0	0	0	0
IS	180	0	0	0	0
IS	181	0	0	0	0
IS	182	0	0	0	0
IS	183	0	0	0	0
IS	184	0	0	0	0
IS	185	0	0	0	0
IS	186	0	0	0	0
IS	187	0	0	0	0
IS	188	0	0	0	0
IS	189	0	0	0	0
IS	190	0	0	0	0
IS	191	0	0	0	0
IS	192	0	0	0	0
IS	193	0	0	0	0
IS	194	0	0	0	0
IS	195	0	0	0	0
IS	196	0	0	0	0
IS	197	0	0	0	0
IS	198	0	0	0	0
IS	199	0	0	0	0
IS	200	0	0	0	0
IS	201	0	0	0	0
IS	202	0	0	0	0
IS	203	0	0	0	0
IS	204	0	0	0	0
IS	205	0	0	0	0
IS	206	0	0	0	0
IS	207	0	0	0	0
IS	208	0	0	0	0
IS	209	0	0	0	0
IS	210	0	0	0	0
IS	211	0	0	0	0
IS	212	0	0	0	0
IS	213	0	0	0	0
IS	214	0	0	0	0
IS	215	0	0	0	0
IS	216	0	0	0	0
IS	217	0	0	0	0
IS	218	0	0	0	0
IS	219	0	0	0	0
IS	220	0	0	0	0
IS	221	0	0	0	0
IS	222	0	0	0	0
IS	223	0	0	0	0
IS	224	0	0	0	0
IS	225	0	0	0	0
IS	226	0	0	0	0
IS	227	0	0	0	0
IS	228	0	0	0	0
IS	229	0	0	0	0
IS	230	0	0	0	0
IS	231	0	0	0	0
IS	232	0	0	0	0
IS	233	0	0	0	0
IS	234	0	0	0	0
IS	235	0	0	0	0
IS	236	0	0	0	0
IS	237	0	0	0	0
IS	238	0	0	0	0
IS	239	0	0	0	0
IS	240	0	0	0	0
IS	241	0	0	0	0
IS	242	0	0	0	0
IS	243	0	0	0	0
IS	244	0	0	0	0
IS	245	0	0	0	0
IS	246	0	0	0	0
IS	247	0	0	0	0
IS	248	0	0	0	0
IS	249	0	0	0	0
IS	250	0	0	0	0
IS	251	0	0	0	0
IS	252	0	0	0	0
IS	253	0	0	0	0
IS	254	0	0	0	0
IS	255	0	0	0	0
IS	256	0	0	0	0
IS	257	0	0	0	0
IS	258	0	0	0	0
IS	259	0	0	0	0
IS	260	0	0	0	0
IS	261	0	0	0	0
IS	262	0	0	0	0
IS	263	0	0	0	0
IS	264	0	0	0	0
IS	265	0	0	0	0
IS	266	0	0	0	0
IS	267	0	0	0	0
IS	268	0	0	0	0
IS	269	0	0	0	0
IS	270	0	0	0	0
IS	271	0	0	0	0
IS	272	0	0	0	0
IS	273	0	0	0	0
IS	274	0	0	0	0
IS	275	0	0	0	0
IS	276	0	0	0	0
IS	277	0	0	0	0
IS	278	0	0	0	0
IS	279	0	0	0	0
IS	280	0	0	0	0
IS	281	0	0	0	0
IS	282	0	0	0	0
IS	283	0	0	0	0
IS	284	0	0	0	0
IS	285	0	0	0	0
IS	286	0	0	0	0
IS	287	0	0	0	0
IS	288	0	0	0	0
IS	289	0	0	0	0
IS	290	0	0	0	0
IS	291	0	0	0	0
IS	292	0	0	0	0
IS	293	0	0	0	0
IS	294	0	0	0	0
IS	295	0	0	0	0
IS	296	0	0	0	0
IS	297	0	0	0	0
IS	298	0	0	0	0
IS	299	0	0	0	0
IS	300	0	0	0	0
IS	301	0	0	0	0
IS	302	0	0	0	0
IS	303	0	0	0	0
IS	304	0	0	0	0
IS	305	0	0	0	0
IS	306	0	0	0	0
IS	307	0	0	0	0
IS	308	0	0	0	0
IS	309	0	0	0	0
IS	310	0	0	0	0
IS	311	0	0	0	0
IS	312	0	0	0	0
IS	313	0	0	0	0
IS	314	0	0	0	0
IS	315	0	0	0	0
IS	316	0	0	0	0
IS	317	0	0	0	0
IS	318	0	0	0	0
IS	319	0	0	0	0
IS	320	0	0	0	0
IS	321	0	0	0	0
IS	322	0	0	0	0
IS	323	0	0	0	0
IS	324	0	0	0	0
IS	325	0	0	0	0
IS	326	0	0	0	0
IS	327	0	0	0	0
IS	328	0	0	0	0
IS	329	0	0	0	0
IS	330	0	0	0	0
IS	331	0	0	0	0
IS	332	0	0	0	0
IS	333	0	0	0	0
IS	334	0	0	0	0
IS	335	0	0	0	0
IS	336	0	0	0	0
IS	337	0	0	0	0
IS	338	0	0	0	0
IS	339	0	0	0	0
IS	340	0	0	0	0
IS	341	0	0	0	0
IS	342	0	0	0	0
IS	343	0	0	0	0
IS	344	0	0	0	0
IS	345	0	0	0	0
IS	346	0	0	0	0
IS	347	0	0	0	0
IS	348	0	0	0	0
IS	349	0	0	0	0
IS	350	0	0	0	0
IS	351	0	0	0	0
IS	352	0	0	0	0
IS	353	0	0	0	0
IS	354	0	0	0	0
IS	355	0	0	0	0
IS	356	0	0	0	0
IS	357	0	0	0	0
IS	358	0	0	0	0
IS	359	1	1	0	0
IS	360	0	0	0	0
IS	361	0	0	0	0
IS	362	0	0	0	0
IS	363	0	0	0	0
IS	364	0	0	0	0
IS	365	1	1	0	0
IS	366	1	1	0	0
IS	367	0	0	0	0
IS	368	0	0	0	0
IS	369	0	0	0	0
IS	370	0	0	0	0
IS	371	0	0	0	0
IS	372	0	0	0	0
IS	373	1	1	0	0
IS	374	0	0	0	0
IS	375	0	0	0	0
IS	376	0	0	0	0
IS	377	0	0	0	0
IS	378	1	1	0	0
IS	379	2	2	0	0
IS	380	0	0	0	0
IS	381	1	1	0	0
IS	382	0	0	0	0
IS	383	0	0	0	0
IS	384	1	1	0	0
IS	385	0	0	0	0
IS	386	1	1	0	0
IS	387	2	2	0	0
IS	388	0	0	0	0
IS	389	0	0	0	0
IS	390	0	0	0	0
IS	391	3	3	0	0
IS	392	2	2	0	0
IS	393	0	0	0	0
IS	394	3	3	0	0
IS	395	3	3	0	0
IS	396	3	3	0	0
IS	397	2	2	0	0
IS	398	1	1	0	0
IS	399	3	3	0	0
IS	400	2	2	0	0
IS	401	3	3	0	0
IS	402	1	1	0	0
IS	403	2	2	0	0
IS	404	3	3	0	0
IS	405	4	4	0	0
IS	406	3	3	0	0
IS	407	1	1	0	0
IS	408	3	3	0	0
IS	409	2	2	0	0
IS	410	6	6	0	0
IS	411	3	3	0	0
IS	412	6	6	0	0
IS	413	2	2	0	0
IS	414	3	3	0	0
IS	415	0	0	0	0
IS	416	1	1	0	0
IS	417	6	6	0	0
IS	418	6	6	0	0
IS	419	4	4	0	0
IS	420	2	2	0	0
IS	421	3	3	0	0
IS	422	5	5	0	0
IS	423	6	6	0	0
IS	424	4	4	0	0
IS	425	5	5	0	0
IS	426	6	6	0	0
IS	427	6	6	0	0
IS	428	5	5	0	0
IS	429	7	7	0	0
IS	430	4	4	0	0
IS	431	9	9	0	0
IS	432	6	6	0	0
IS	433	7	7	0	0
IS	434	11	11	0	0
IS	435	7	7	0	0
IS	436	6	6	0	0
IS	437	8	8	0	0
IS	438	9	9	0	0
IS	439	5	5	0	0
IS	440	6	6	0	0
IS	441	11	11	0	0
IS	442	5	5	0	0
IS	443	7	7	0	0
IS	444	5	5	0	0
IS	445	14	14	0	0
IS	446	6	6	0	0
IS	447	11	11	0	0
IS	448	11	11	0	0
IS	449	7	7	0	0
IS	450	8	8	0	0
IS	451	9	9	0	0
IS	452	12	12	0	0
IS	453	7	7	0	0
IS	454	14	14	0	0
IS	455	8	8	0	0
IS	456	12	12	0	0
IS	457	11	11	0	0
IS	458	12	12	0	0
IS	459	14	14	0	0
IS	460	10	10	0	0
IS	461	13	13	0	0
IS	462	23	23	0	0
IS	463	17	17	0	0
IS	464	9	9	0	0
IS	465	8	8	0	0
IS	466	10	10	0	0
IS	467	9	9	0	0
IS	468	11	11	0	0
IS	469	17	17	0	0
IS	470	13	13	0	0
IS	471	11	11	0	0
IS	472	13	13	0	0
IS	473	17	17	0	0
IS	474	16	16	0	0
IS	475	13	13	0	0
IS	476	12	12	0	0
IS	477	19	19	0	0
IS	478	18	18	0	0
IS	479	14	14	0	0
IS	480	20	20	0	0
IS	481	14	14	0	0
IS	482	16	16	0	0
IS	483	13	13	0	0
IS	484	10	10	0	0
IS	485	19	19	0	0
IS	486	18	18	0	0
IS	487	17	17	0	0
IS	488	24	24	0	0
IS	489	18	18	0	0
IS	490	13	13	0	0
IS	491	8	8	0	0
IS	492	20	20	0	0
IS	493	17	17	0	0
IS	494	13	13	0	0
IS	495	15	15	0	0
IS	496	15	15	0	0
IS	497	16	16	0	0
IS	498	16	16	0	0
IS	499	10	10	0	0
IS	500	17	17	0	0
IS	501	32	32	0	0
IS	502	13	13	0	0
IS	503	16	16	0	0
IS	504	14	14	0	0
IS	505	12	12	0	0
IS	506	16	16	0	0
IS	507	20	20	0	0
IS	508	26	26	0	0
IS	509	13	13	0	0
IS	510	15	15	0	0
IS	511	16	16	0	0
IS	512	14	14	0	0
IS	513	15	15	0	0
IS	514	9	9	0	0
IS	515	15	15	0	0
IS	516	11	11	0	0
IS	517	16	16	0	0
IS	518	15	15	0	0
IS	519	14	14	0	0
IS	520	21	21	0	0
IS	521	21	21	0	0
IS	522	9	9	0	0
IS	523	14	14	0	0
IS	524	12	12	0	0
IS	525	16	16	0	0
IS	526	17	17	0	0
IS	527	11	11	0	0
IS	528	9	9	0	0
IS	529	17	17	0	0
IS	530	12	12	0	0
IS	531	10	10	0	0
IS	532	10	10	0	0
IS	533	11	11	0	0
IS	534	19	19	0	0
IS	535	10	10	0	0
IS	536	7	7	0	0
IS	537	16	16	0	0
IS	538	10	10	0	0
IS	539	12	12	0	0
IS	540	15	15	0	0
IS	541	13	13	0	0
IS	542	11	11	0	0
IS	543	8	8	0	0
IS	544	10	10	0	0
IS	545	10	10	0	0
IS	546	13	13	0	0
IS	547	6	6	0	0
IS	548	10	10	0	0
IS	549	15	15	0	0
IS	550	15	15	0	0
IS	551	11	11	0	0
IS	552	9	9	0	0
IS	553	10	10	0	0
IS	554	7	7	0	0
IS	555	8	8	0	0
IS	556	10	10	0	0
IS	557	8	8	0	0
IS	558	10	10	0	0
IS	559	6	6	0	0
IS	560	8	8	0	0
IS	561	6	6	0	0
IS	562	4	4	0	0
IS	563	7	7	0	0
IS	564	6	6	0	0
IS	565	4	4	0	0
IS	566	10	10	0	0
IS	567	8	8	0	0
IS	568	2	2	0	0
IS	569	6	6	0	0
IS	570	10	10	0	0
IS	571	4	4	0	0
IS	572	7	7	0	0
IS	573	7	7	0	0
IS	574	9	9	0	0
IS	575	2	2	0	0
IS	576	6	6	0	0
IS	577	6	6	0	0
IS	578	3	3	0	0
IS	579	2	2	0	0
IS	580	1	1	0	0
IS	581	6	6	0	0
IS	582	5	5	0	0
IS	583	5	5	0	0
IS	584	1	1	0	0
IS	585	2	2	0	0
IS	586	5	5	0	0
IS	587	3	3	0	0
IS	588	5	5	0	0
IS	589	2	2	0	0
IS	590	3	3	0	0
IS	591	7	7	0	0
IS	592	5	5	0	0
IS	593	3	3	0	0
IS	594	4	4	0	0
IS	595	1	1	0	0
IS	596	2	2	0	0
IS	597	6	6	0	0
IS	598	2	2	0	0
IS	599	2	2	0	0
IS	600	2	2	0	0
IS	601	1	1	0	0
IS	602	3	3	0	0
IS	603	1	1	0	0
IS	604	1	1	0	0
IS	605	0	0	0	0
IS	606	0	0	0	0
IS	607	1	1	0	0
IS	608	0	0	0	0
IS	609	0	0	0	0
IS	610	1	1	0	0
IS	611	3	3	0	0
IS	612	2	2	0	0
IS	613	2	2	0	0
IS	614	0	0	0	0
IS	615	3	3	0	0
# Read lengths. Use `grep ^RL | cut -f 2-` to extract this part. The columns are: read length, count
RL	148	1
RL	150	4003
# Read lengths - first fragments. Use `grep ^FRL | cut -f 2-` to extract this part. The columns are: read length, count
FRL	148	1
FRL	150	2001
# Read lengths - last fragments. Use `grep ^LRL | cut -f 2-` to extract this part. The columns are: read length, count
LRL	150	2002
# Mapping qualities for reads !(UNMAP|SECOND|SUPPL|QCFAIL|DUP). Use `grep ^MAPQ | cut -f 2-` to extract this part. The columns are: mapq, count
MAPQ	0	18
MAPQ	27	12
MAPQ	33	2
MAPQ	39	3
MAPQ	40	21
MAPQ	45	1
MAPQ	47	2
MAPQ	48	40
MAPQ	50	3
MAPQ	52	2
MAPQ	57	16
MAPQ	59	3
MAPQ	60	3881
# Indel distribution. Use `grep ^ID | cut -f 2-` to extract this part. The columns are: length, number of insertions, number of deletions
# Indels per cycle. Use `grep ^IC | cut -f 2-` to extract this part. The columns are: cycle, number of insertions (fwd), .. (rev) , number of deletions (fwd), .. (rev)
# Coverage distribution. Use `grep ^COV | cut -f 2-` to extract this part.
COV	[1-1]	1	4962
COV	[2-2]	2	10029
COV	[3-3]	3	15388
COV	[4-4]	4	18155
COV	[5-5]	5	19491
COV	[6-6]	6	17061
COV	[7-7]	7	12866
COV	[8-8]	8	8728
COV	[9-9]	9	4992
COV	[10-10]	10	2425
COV	[11-11]	11	1396
COV	[12-12]	12	595
COV	[13-13]	13	191
COV	[14-14]	14	87
COV	[15-15]	15	96
COV	[16-16]	16	17
# GC-depth. Use `grep ^GCD | cut -f 2-` to extract this part. The columns are: GC%, unique sequence percentiles, 10th, 25th, 50th, 75th and 90th depth percentile
GCD	0.0	15.385	0.000	0.000	0.000	0.000	0.000
GCD	37.0	23.077	2.505	2.505	2.505	2.505	2.505
GCD	38.0	53.846	2.490	2.490	2.497	2.505	2.505
GCD	39.0	76.923	2.505	2.505	2.505	2.505	2.505
GCD	40.0	92.308	2.505	2.505	2.505	2.505	2.505
GCD	45.0	100.000	2.505	2.505	2.505	2.505	2.505
