# This file was produced by samtools stats (1.20+htslib-1.21) and can be plotted using plot-bamstats
# This file contains statistics for all reads.
# The command line was:  stats sample3838.sorted.bam
# CHK, Checksum	[2]Read Names	[3]Sequences	[4]Qualities
# CHK, CRC32 of reads which passed filtering followed by addition (32bit overflow)
CHK	f7646bd2	78d046e0	0891154f
# Summary Numbers. Use `grep ^SN | cut -f 2-` to extract this part.
SN	raw total sequences:	4004	# excluding supplementary and secondary reads
SN	filtered sequences:	0
SN	sequences:	4004
SN	is sorted:	1
SN	1st fragments:	2002
SN	last fragments:	2002
SN	reads mapped:	4004
SN	reads mapped and paired:	4004	# paired-end technology bit set + both mates mapped
SN	reads unmapped:	0
SN	reads properly paired:	4004	# proper-pair bit set
SN	reads paired:	4004	# paired-end technology bit set
SN	reads duplicated:	0	# PCR or optical duplicate bit set
SN	reads MQ0:	10	# mapped and MQ=0
SN	reads QC failed:	0
SN	non-primary alignments:	0
SN	supplementary alignments:	0
SN	total length:	600598	# ignores clipping
SN	total first fragment length:	300300	# ignores clipping
SN	total last fragment length:	300298	# ignores clipping
SN	bases mapped:	600598	# ignores clipping
SN	bases mapped (cigar):	600598	# more accurate
SN	bases trimmed:	0
SN	bases duplicated:	0
SN	mismatches:	1010	# from NM fields
SN	error rate:	1.681657e-03	# mismatches / bases mapped (cigar)
SN	average length:	150
SN	average first fragment length:	150
SN	average last fragment length:	150
SN	maximum length:	150
SN	maximum first fragment length:	150
SN	maximum last fragment length:	150
SN	average quality:	30.0
SN	insert size average:	497.8
SN	insert size standard deviation:	48.3
SN	inward oriented pairs:	2002
SN	outward oriented pairs:	0
SN	pairs with other orientation:	0
SN	pairs on different chromosomes:	0
SN	percentage of properly paired reads (%):	100.0
# First Fragment Qualities. Use `grep ^FFQ | cut -f 2-` to extract this part.
# Columns correspond to qualities and rows to cycles. First column is the cycle number.
FFQ	1	0	0	0	0	0	0	0	0	0	0	0	0	0	0	0	0	0	0	0	0	0	0	0	0	0	0	0	0	0	0	2002	0
FFQ	2	0	0	0	0	0	0	0	0	0	0	0	0	0	0	0	0	0	0	0	0	0	0	0	0	0	0	0	0	0	0	2002	0
FFQ	3	0	0	0	0	0	0	0	0	0	0	0	0	0	0	0	0	0	0	0	0	0	0	0	0	0	0	0	0	0	0	2002	0
FFQ	4	0	0	0	0	0	0	0	0	0	0	0	0	0	0	0	0	0	0	0	0	0	0	0	0	0	0	0	0	0	0	2002	0
FFQ	5	0	0	0	0	0	0	0	0	0	0	0	0	0	0	0	0	0	0	0	0	0	0	0	0	0	0	0	0	0	0	2002	0
FFQ	6	0	0	0	0	0	0	0	0	0	0	0	0	0	0	0	0	0	0	0	0	0	0	0	0	0	0	0	0	0	0	2002	0
FFQ	7	0	0	0	0	0	0	0	0	0	0	0	0	0	0	0	0	0	0	0	0	0	0	0	0	0	0	0	0	0	0	2002	0
FFQ	8	0	0	0	0	0	0	0	0	0	0	0	0	0	0	0	0	0	0	0	0	0	0	0	0	0	0	0	0	0	0	2002	0
FFQ	9	0	0	0	0	0	0	0	0	0	0	0	0	0	0	0	0	0	0	0	0	0	0	0	0	0	0	0	0	0	0	2002	0
FFQ	10	0	0	0	0	0	0	0	0	0	0	0	0	0	0	0	0	0	0	0	0	0	0	0	0	0	0	0	0	0	0	2002	0
FFQ	11	0	0	0	0	0	0	0	0	0	0	0	0	0	0	0	0	0	0	0	0	0	0	0	0	0	0	0	0	0	0	2002	0
FFQ	12	0	0	0	0	0	0	0	0	0	0	0	0	0	0	0	0	0	0	0	0	0	0	0	0	0	0	0	0	0	0	2002	0
FFQ	13	0	0	0	0	0	0	0	0	0	0	0	0	0	0	0	0	0	0	0	0	0	0	0	0	0	0	0	0	0	0	2002	0
FFQ	14	0	0	0	0	0	0	0	0	0	0	0	0	0	0	0	0	0	0	0	0	0	0	0	0	0	0	0	0	0	0	2002	0
FFQ	15	0	0	0	0	0	0	0	0	0	0	0	0	0	0	0	0	0	0	0	0	0	0	0	0	0	0	0	0	0	0	2002	0
FFQ	16	0	0	0	0	0	0	0	0	0	0	0	0	0	0	0	0	0	0	0	0	0	0	0	0	0	0	0	0	0	0	2002	0
FFQ	17	0	0	0	0	0	0	0	0	0	0	0	0	0	0	0	0	0	0	0	0	0	0	0	0	0	0	0	0	0	0	2002	0
FFQ	18	0	0	0	0	0	0	0	0	0	0	0	0	0	0	0	0	0	0	0	0	0	0	0	0	0	0	0	0	0	0	2002	0
FFQ	19	0	0	0	0	0	0	0	0	0	0	0	0	0	0	0	0	0	0	0	0	0	0	0	0	0	0	0	0	0	0	2002	0
FFQ	20	0	0	0	0	0	0	0	0	0	0	0	0	0	0	0	0	0	0	0	0	0	0	0	0	0	0	0	0	0	0	2002	0
FFQ	21	0	0	0	0	0	0	0	0	0	0	0	0	0	0	0	0	0	0	0	0	0	0	0	0	0	0	0	0	0	0	2002	0
FFQ	22	0	0	0	0	0	0	0	0	0	0	0	0	0	0	0	0	0	0	0	0	0	0	0	0	0	0	0	0	0	0	2002	0
FFQ	23	0	0	0	0	0	0	0	0	0	0	0	0	0	0	0	0	0	0	0	0	0	0	0	0	0	0	0	0	0	0	2002	0
FFQ	24	0	0	0	0	0	0	0	0	0	0	0	0	0	0	0	0	0	0	0	0	0	0	0	0	0	0	0	0	0	0	2002	0
FFQ	25	0	0	0	0	0	0	0	0	0	0	0	0	0	0	0	0	0	0	0	0	0	0	0	0	0	0	0	0	0	0	2002	0
FFQ	26	0	0	0	0	0	0	0	0	0	0	0	0	0	0	0	0	0	0	0	0	0	0	0	0	0	0	0	0	0	0	2002	0
FFQ	27	0	0	0	0	0	0	0	0	0	0	0	0	0	0	0	0	0	0	0	0	0	0	0	0	0	0	0	0	0	0	2002	0
FFQ	28	0	0	0	0	0	0	0	0	0	0	0	0	0	0	0	0	0	0	0	0	0	0	0	0	0	0	0	0	0	0	2002	0
FFQ	29	0	0	0	0	0	0	0	0	0	0	0	0	0	0	0	0	0	0	0	0	0	0	0	0	0	0	0	0	0	0	2002	0
FFQ	30	0	0	0	0	0	0	0	0	0	0	0	0	0	0	0	0	0	0	0	0	0	0	0	0	0	0	0	0	0	0	2002	0
FFQ	31	0	0	0	0	0	0	0	0	0	0	0	0	0	0	0	0	0	0	0	0	0	0	0	0	0	0	0	0	0	0	2002	0
FFQ	32	0	0	0	0	0	0	0	0	0	0	0	0	0	0	0	0	0	0	0	0	0	0	0	0	0	0	0	0	0	0	2002	0
FFQ	33	0	0	0	0	0	0	0	0	0	0	0	0	0	0	0	0	0	0	0	0	0	0	0	0	0	0	0	0	0	0	2002	0
FFQ	34	0	0	0	0	0	0	0	0	0	0	0	0	0	0	0	0	0	0	0	0	0	0	0	0	0	0	0	0	0	0	2002	0
FFQ	35	0	0	0	0	0	0	0	0	0	0	0	0	0	0	0	0	0	0	0	0	0	0	0	0	0	0	0	0	0	0	2002	0
FFQ	36	0	0	0	0	0	0	0	0	0	0	0	0	0	0	0	0	0	0	0	0	0	0	0	0	0	0	0	0	0	0	2002	0
FFQ	37	0	0	0	0	0	0	0	0	0	0	0	0	0	0	0	0	0	0	0	0	0	0	0	0	0	0	0	0	0	0	2002	0
FFQ	38	0	0	0	0	0	0	0	0	0	0	0	0	0	0	0	0	0	0	0	0	0	0	0	0	0	0	0	0	0	0	2002	0
FFQ	39	0	0	0	0	0	0	0	0	0	0	0	0	0	0	0	0	0	0	0	0	0	0	0	0	0	0	0	0	0	0	2002	0
FFQ	40	0	0	0	0	0	0	0	0	0	0	0	0	0	0	0	0	0	0	0	0	0	0	0	0	0	0	0	0	0	0	2002	0
FFQ	41	0	0	0	0	0	0	0	0	0	0	0	0	0	0	0	0	0	0	0	0	0	0	0	0	0	0	0	0	0	0	2002	0
FFQ	42	0	0	0	0	0	0	0	0	0	0	0	0	0	0	0	0	0	0	0	0	0	0	0	0	0	0	0	0	0	0	2002	0
FFQ	43	0	0	0	0	0	0	0	0	0	0	0	0	0	0	0	0	0	0	0	0	0	0	0	0	0	0	0	0	0	0	2002	0
FFQ	44	0	0	0	0	0	0	0	0	0	0	0	0	0	0	0	0	0	0	0	0	0	0	0	0	0	0	0	0	0	0	2002	0
FFQ	45	0	0	0	0	0	0	0	0	0	0	0	0	0	0	0	0	0	0	0	0	0	0	0	0	0	0	0	0	0	0	2002	0
FFQ	46	0	0	0	0	0	0	0	0	0	0	0	0	0	0	0	0	0	0	0	0	0	0	0	0	0	0	0	0	0	0	2002	0
FFQ	47	0	0	0	0	0	0	0	0	0	0	0	0	0	0	0	0	0	0	0	0	0	0	0	0	0	0	0	0	0	0	2002	0
FFQ	48	0	0	0	0	0	0	0	0	0	0	0	0	0	0	0	0	0	0	0	0	0	0	0	0	0	0	0	0	0	0	2002	0
FFQ	49	0	0	0	0	0	0	0	0	0	0	0	0	0	0	0	0	0	0	0	0	0	0	0	0	0	0	0	0	0	0	2002	0
FFQ	50	0	0	0	0	0	0	0	0	0	0	0	0	0	0	0	0	0	0	0	0	0	0	0	0	0	0	0	0	0	0	2002	0
FFQ	51	0	0	0	0	0	0	0	0	0	0	0	0	0	0	0	0	0	0	0	0	0	0	0	0	0	0	0	0	0	0	2002	0
FFQ	52	0	0	0	0	0	0	0	0	0	0	0	0	0	0	0	0	0	0	0	0	0	0	0	0	0	0	0	0	0	0	2002	0
FFQ	53	0	0	0	0	0	0	0	0	0	0	0	0	0	0	0	0	0	0	0	0	0	0	0	0	0	0	0	0	0	0	2002	0
FFQ	54	0	0	0	0	0	0	0	0	0	0	0	0	0	0	0	0	0	0	0	0	0	0	0	0	0	0	0	0	0	0	2002	0
FFQ	55	0	0	0	0	0	0	0	0	0	0	0	0	0	0	0	0	0	0	0	0	0	0	0	0	0	0	0	0	0	0	2002	0
FFQ	56	0	0	0	0	0	0	0	0	0	0	0	0	0	0	0	0	0	0	0	0	0	0	0	0	0	0	0	0	0	0	2002	0
FFQ	57	0	0	0	0	0	0	0	0	0	0	0	0	0	0	0	0	0	0	0	0	0	0	0	0	0	0	0	0	0	0	2002	0
FFQ	58	0	0	0	0	0	0	0	0	0	0	0	0	0	0	0	0	0	0	0	0	0	0	0	0	0	0	0	0	0	0	2002	0
FFQ	59	0	0	0	0	0	0	0	0	0	0	0	0	0	0	0	0	0	0	0	0	0	0	0	0	0	0	0	0	0	0	2002	0
FFQ	60	0	0	0	0	0	0	0	0	0	0	0	0	0	0	0	0	0	0	0	0	0	0	0	0	0	0	0	0	0	0	2002	0
FFQ	61	0	0	0	0	0	0	0	0	0	0	0	0	0	0	0	0	0	0	0	0	0	0	0	0	0	0	0	0	0	0	2002	0
FFQ	62	0	0	0	0	0	0	0	0	0	0	0	0	0	0	0	0	0	0	0	0	0	0	0	0	0	0	0	0	0	0	2002	0
FFQ	63	0	0	0	0	0	0	0	0	0	0	0	0	0	0	0	0	0	0	0	0	0	0	0	0	0	0	0	0	0	0	2002	0
FFQ	64	0	0	0	0	0	0	0	0	0	0	0	0	0	0	0	0	0	0	0	0	0	0	0	0	0	0	0	0	0	0	2002	0
FFQ	65	0	0	0	0	0	0	0	0	0	0	0	0	0	0	0	0	0	0	0	0	0	0	0	0	0	0	0	0	0	0	2002	0
FFQ	66	0	0	0	0	0	0	0	0	0	0	0	0	0	0	0	0	0	0	0	0	0	0	0	0	0	0	0	0	0	0	2002	0
FFQ	67	0	0	0	0	0	0	0	0	0	0	0	0	0	0	0	0	0	0	0	0	0	0	0	0	0	0	0	0	0	0	2002	0
FFQ	68	0	0	0	0	0	0	0	0	0	0	0	0	0	0	0	0	0	0	0	0	0	0	0	0	0	0	0	0	0	0	2002	0
FFQ	69	0	0	0	0	0	0	0	0	0	0	0	0	0	0	0	0	0	0	0	0	0	0	0	0	0	0	0	0	0	0	2002	0
FFQ	70	0	0	0	0	0	0	0	0	0	0	0	0	0	0	0	0	0	0	0	0	0	0	0	0	0	0	0	0	0	0	2002	0
FFQ	71	0	0	0	0	0	0	0	0	0	0	0	0	0	0	0	0	0	0	0	0	0	0	0	0	0	0	0	0	0	0	2002	0
FFQ	72	0	0	0	0	0	0	0	0	0	0	0	0	0	0	0	0	0	0	0	0	0	0	0	0	0	0	0	0	0	0	2002	0
FFQ	73	0	0	0	0	0	0	0	0	0	0	0	0	0	0	0	0	0	0	0	0	0	0	0	0	0	0	0	0	0	0	2002	0
FFQ	74	0	0	0	0	0	0	0	0	0	0	0	0	0	0	0	0	0	0	0	0	0	0	0	0	0	0	0	0	0	0	2002	0
FFQ	75	0	0	0	0	0	0	0	0	0	0	0	0	0	0	0	0	0	0	0	0	0	0	0	0	0	0	0	0	0	0	2002	0
FFQ	76	0	0	0	0	0	0	0	0	0	0	0	0	0	0	0	0	0	0	0	0	0	0	0	0	0	0	0	0	0	0	2002	0
FFQ	77	0	0	0	0	0	0	0	0	0	0	0	0	0	0	0	0	0	0	0	0	0	0	0	0	0	0	0	0	0	0	2002	0
FFQ	78	0	0	0	0	0	0	0	0	0	0	0	0	0	0	0	0	0	0	0	0	0	0	0	0	0	0	0	0	0	0	2002	0
FFQ	79	0	0	0	0	0	0	0	0	0	0	0	0	0	0	0	0	0	0	0	0	0	0	0	0	0	0	0	0	0	0	2002	0
FFQ	80	0	0	0	0	0	0	0	0	0	0	0	0	0	0	0	0	0	0	0	0	0	0	0	0	0	0	0	0	0	0	2002	0
FFQ	81	0	0	0	0	0	0	0	0	0	0	0	0	0	0	0	0	0	0	0	0	0	0	0	0	0	0	0	0	0	0	2002	0
FFQ	82	0	0	0	0	0	0	0	0	0	0	0	0	0	0	0	0	0	0	0	0	0	0	0	0	0	0	0	0	0	0	2002	0
FFQ	83	0	0	0	0	0	0	0	0	0	0	0	0	0	0	0	0	0	0	0	0	0	0	0	0	0	0	0	0	0	0	2002	0
FFQ	84	0	0	0	0	0	0	0	0	0	0	0	0	0	0	0	0	0	0	0	0	0	0	0	0	0	0	0	0	0	0	2002	0
FFQ	85	0	0	0	0	0	0	0	0	0	0	0	0	0	0	0	0	0	0	0	0	0	0	0	0	0	0	0	0	0	0	2002	0
FFQ	86	0	0	0	0	0	0	0	0	0	0	0	0	0	0	0	0	0	0	0	0	0	0	0	0	0	0	0	0	0	0	2002	0
FFQ	87	0	0	0	0	0	0	0	0	0	0	0	0	0	0	0	0	0	0	0	0	0	0	0	0	0	0	0	0	0	0	2002	0
FFQ	88	0	0	0	0	0	0	0	0	0	0	0	0	0	0	0	0	0	0	0	0	0	0	0	0	0	0	0	0	0	0	2002	0
FFQ	89	0	0	0	0	0	0	0	0	0	0	0	0	0	0	0	0	0	0	0	0	0	0	0	0	0	0	0	0	0	0	2002	0
FFQ	90	0	0	0	0	0	0	0	0	0	0	0	0	0	0	0	0	0	0	0	0	0	0	0	0	0	0	0	0	0	0	2002	0
FFQ	91	0	0	0	0	0	0	0	0	0	0	0	0	0	0	0	0	0	0	0	0	0	0	0	0	0	0	0	0	0	0	2002	0
FFQ	92	0	0	0	0	0	0	0	0	0	0	0	0	0	0	0	0	0	0	0	0	0	0	0	0	0	0	0	0	0	0	2002	0
FFQ	93	0	0	0	0	0	0	0	0	0	0	0	0	0	0	0	0	0	0	0	0	0	0	0	0	0	0	0	0	0	0	2002	0
FFQ	94	0	0	0	0	0	0	0	0	0	0	0	0	0	0	0	0	0	0	0	0	0	0	0	0	0	0	0	0	0	0	2002	0
FFQ	95	0	0	0	0	0	0	0	0	0	0	0	0	0	0	0	0	0	0	0	0	0	0	0	0	0	0	0	0	0	0	2002	0
FFQ	96	0	0	0	0	0	0	0	0	0	0	0	0	0	0	0	0	0	0	0	0	0	0	0	0	0	0	0	0	0	0	2002	0
FFQ	97	0	0	0	0	0	0	0	0	0	0	0	0	0	0	0	0	0	0	0	0	0	0	0	0	0	0	0	0	0	0	2002	0
FFQ	98	0	0	0	0	0	0	0	0	0	0	0	0	0	0	0	0	0	0	0	0	0	0	0	0	0	0	0	0	0	0	2002	0
FFQ	99	0	0	0	0	0	0	0	0	0	0	0	0	0	0	0	0	0	0	0	0	0	0	0	0	0	0	0	0	0	0	2002	0
FFQ	100	0	0	0	0	0	0	0	0	0	0	0	0	0	0	0	0	0	0	0	0	0	0	0	0	0	0	0	0	0	0	2002	0
FFQ	101	0	0	0	0	0	0	0	0	0	0	0	0	0	0	0	0	0	0	0	0	0	0	0	0	0	0	0	0	0	0	2002	0
FFQ	102	0	0	0	0	0	0	0	0	0	0	0	0	0	0	0	0	0	0	0	0	0	0	0	0	0	0	0	0	0	0	2002	0
FFQ	103	0	0	0	0	0	0	0	0	0	0	0	0	0	0	0	0	0	0	0	0	0	0	0	0	0	0	0	0	0	0	2002	0
FFQ	104	0	0	0	0	0	0	0	0	0	0	0	0	0	0	0	0	0	0	0	0	0	0	0	0	0	0	0	0	0	0	2002	0
FFQ	105	0	0	0	0	0	0	0	0	0	0	0	0	0	0	0	0	0	0	0	0	0	0	0	0	0	0	0	0	0	0	2002	0
FFQ	106	0	0	0	0	0	0	0	0	0	0	0	0	0	0	0	0	0	0	0	0	0	0	0	0	0	0	0	0	0	0	2002	0
FFQ	107	0	0	0	0	0	0	0	0	0	0	0	0	0	0	0	0	0	0	0	0	0	0	0	0	0	0	0	0	0	0	2002	0
FFQ	108	0	0	0	0	0	0	0	0	0	0	0	0	0	0	0	0	0	0	0	0	0	0	0	0	0	0	0	0	0	0	2002	0
FFQ	109	0	0	0	0	0	0	0	0	0	0	0	0	0	0	0	0	0	0	0	0	0	0	0	0	0	0	0	0	0	0	2002	0
FFQ	110	0	0	0	0	0	0	0	0	0	0	0	0	0	0	0	0	0	0	0	0	0	0	0	0	0	0	0	0	0	0	2002	0
FFQ	111	0	0	0	0	0	0	0	0	0	0	0	0	0	0	0	0	0	0	0	0	0	0	0	0	0	0	0	0	0	0	2002	0
FFQ	112	0	0	0	0	0	0	0	0	0	0	0	0	0	0	0	0	0	0	0	0	0	0	0	0	0	0	0	0	0	0	2002	0
FFQ	113	0	0	0	0	0	0	0	0	0	0	0	0	0	0	0	0	0	0	0	0	0	0	0	0	0	0	0	0	0	0	2002	0
FFQ	114	0	0	0	0	0	0	0	0	0	0	0	0	0	0	0	0	0	0	0	0	0	0	0	0	0	0	0	0	0	0	2002	0
FFQ	115	0	0	0	0	0	0	0	0	0	0	0	0	0	0	0	0	0	0	0	0	0	0	0	0	0	0	0	0	0	0	2002	0
FFQ	116	0	0	0	0	0	0	0	0	0	0	0	0	0	0	0	0	0	0	0	0	0	0	0	0	0	0	0	0	0	0	2002	0
FFQ	117	0	0	0	0	0	0	0	0	0	0	0	0	0	0	0	0	0	0	0	0	0	0	0	0	0	0	0	0	0	0	2002	0
FFQ	118	0	0	0	0	0	0	0	0	0	0	0	0	0	0	0	0	0	0	0	0	0	0	0	0	0	0	0	0	0	0	2002	0
FFQ	119	0	0	0	0	0	0	0	0	0	0	0	0	0	0	0	0	0	0	0	0	0	0	0	0	0	0	0	0	0	0	2002	0
FFQ	120	0	0	0	0	0	0	0	0	0	0	0	0	0	0	0	0	0	0	0	0	0	0	0	0	0	0	0	0	0	0	2002	0
FFQ	121	0	0	0	0	0	0	0	0	0	0	0	0	0	0	0	0	0	0	0	0	0	0	0	0	0	0	0	0	0	0	2002	0
FFQ	122	0	0	0	0	0	0	0	0	0	0	0	0	0	0	0	0	0	0	0	0	0	0	0	0	0	0	0	0	0	0	2002	0
FFQ	123	0	0	0	0	0	0	0	0	0	0	0	0	0	0	0	0	0	0	0	0	0	0	0	0	0	0	0	0	0	0	2002	0
FFQ	124	0	0	0	0	0	0	0	0	0	0	0	0	0	0	0	0	0	0	0	0	0	0	0	0	0	0	0	0	0	0	2002	0
FFQ	125	0	0	0	0	0	0	0	0	0	0	0	0	0	0	0	0	0	0	0	0	0	0	0	0	0	0	0	0	0	0	2002	0
FFQ	126	0	0	0	0	0	0	0	0	0	0	0	0	0	0	0	0	0	0	0	0	0	0	0	0	0	0	0	0	0	0	2002	0
FFQ	127	0	0	0	0	0	0	0	0	0	0	0	0	0	0	0	0	0	0	0	0	0	0	0	0	0	0	0	0	0	0	2002	0
FFQ	128	0	0	0	0	0	0	0	0	0	0	0	0	0	0	0	0	0	0	0	0	0	0	0	0	0	0	0	0	0	0	2002	0
FFQ	129	0	0	0	0	0	0	0	0	0	0	0	0	0	0	0	0	0	0	0	0	0	0	0	0	0	0	0	0	0	0	2002	0
FFQ	130	0	0	0	0	0	0	0	0	0	0	0	0	0	0	0	0	0	0	0	0	0	0	0	0	0	0	0	0	0	0	2002	0
FFQ	131	0	0	0	0	0	0	0	0	0	0	0	0	0	0	0	0	0	0	0	0	0	0	0	0	0	0	0	0	0	0	2002	0
FFQ	132	0	0	0	0	0	0	0	0	0	0	0	0	0	0	0	0	0	0	0	0	0	0	0	0	0	0	0	0	0	0	2002	0
FFQ	133	0	0	0	0	0	0	0	0	0	0	0	0	0	0	0	0	0	0	0	0	0	0	0	0	0	0	0	0	0	0	2002	0
FFQ	134	0	0	0	0	0	0	0	0	0	0	0	0	0	0	0	0	0	0	0	0	0	0	0	0	0	0	0	0	0	0	2002	0
FFQ	135	0	0	0	0	0	0	0	0	0	0	0	0	0	0	0	0	0	0	0	0	0	0	0	0	0	0	0	0	0	0	2002	0
FFQ	136	0	0	0	0	0	0	0	0	0	0	0	0	0	0	0	0	0	0	0	0	0	0	0	0	0	0	0	0	0	0	2002	0
FFQ	137	0	0	0	0	0	0	0	0	0	0	0	0	0	0	0	0	0	0	0	0	0	0	0	0	0	0	0	0	0	0	2002	0
FFQ	138	0	0	0	0	0	0	0	0	0	0	0	0	0	0	0	0	0	0	0	0	0	0	0	0	0	0	0	0	0	0	2002	0
FFQ	139	0	0	0	0	0	0	0	0	0	0	0	0	0	0	0	0	0	0	0	0	0	0	0	0	0	0	0	0	0	0	2002	0
FFQ	140	0	0	0	0	0	0	0	0	0	0	0	0	0	0	0	0	0	0	0	0	0	0	0	0	0	0	0	0	0	0	2002	0
FFQ	141	0	0	0	0	0	0	0	0	0	0	0	0	0	0	0	0	0	0	0	0	0	0	0	0	0	0	0	0	0	0	2002	0
FFQ	142	0	0	0	0	0	0	0	0	0	0	0	0	0	0	0	0	0	0	0	0	0	0	0	0	0	0	0	0	0	0	2002	0
FFQ	143	0	0	0	0	0	0	0	0	0	0	0	0	0	0	0	0	0	0	0	0	0	0	0	0	0	0	0	0	0	0	2002	0
FFQ	144	0	0	0	0	0	0	0	0	0	0	0	0	0	0	0	0	0	0	0	0	0	0	0	0	0	0	0	0	0	0	2002	0
FFQ	145	0	0	0	0	0	0	0	0	0	0	0	0	0	0	0	0	0	0	0	0	0	0	0	0	0	0	0	0	0	0	2002	0
FFQ	146	0	0	0	0	0	0	0	0	0	0	0	0	0	0	0	0	0	0	0	0	0	0	0	0	0	0	0	0	0	0	2002	0
FFQ	147	0	0	0	0	0	0	0	0	0	0	0	0	0	0	0	0	0	0	0	0	0	0	0	0	0	0	0	0	0	0	2002	0
FFQ	148	0	0	0	0	0	0	0	0	0	0	0	0	0	0	0	0	0	0	0	0	0	0	0	0	0	0	0	0	0	0	2002	0
FFQ	149	0	0	0	0	0	0	0	0	0	0	0	0	0	0	0	0	0	0	0	0	0	0	0	0	0	0	0	0	0	0	2002	0
FFQ	150	0	0	0	0	0	0	0	0	0	0	0	0	0	0	0	0	0	0	0	0	0	0	0	0	0	0	0	0	0	0	2002	0
# Last Fragment Qualities. Use `grep ^LFQ | cut -f 2-` to extract this part.
# Columns correspond to qualities and rows to cycles. First column is the cycle number.
LFQ	1	0	0	0	0	0	0	0	0	0	0	0	0	0	0	0	0	0	0	0	0	0	0	0	0	0	0	0	0	0	0	2002	0
LFQ	2	0	0	0	0	0	0	0	0	0	0	0	0	0	0	0	0	0	0	0	0	0	0	0	0	0	0	0	0	0	0	2002	0
LFQ	3	0	0	0	0	0	0	0	0	0	0	0	0	0	0	0	0	0	0	0	0	0	0	0	0	0	0	0	0	0	0	2002	0
LFQ	4	0	0	0	0	0	0	0	0	0	0	0	0	0	0	0	0	0	0	0	0	0	0	0	0	0	0	0	0	0	0	2002	0
LFQ	5	0	0	0	0	0	0	0	0	0	0	0	0	0	0	0	0	0	0	0	0	0	0	0	0	0	0	0	0	0	0	2002	0
LFQ	6	0	0	0	0	0	0	0	0	0	0	0	0	0	0	0	0	0	0	0	0	0	0	0	0	0	0	0	0	0	0	2002	0
LFQ	7	0	0	0	0	0	0	0	0	0	0	0	0	0	0	0	0	0	0	0	0	0	0	0	0	0	0	0	0	0	0	2002	0
LFQ	8	0	0	0	0	0	0	0	0	0	0	0	0	0	0	0	0	0	0	0	0	0	0	0	0	0	0	0	0	0	0	2002	0
LFQ	9	0	0	0	0	0	0	0	0	0	0	0	0	0	0	0	0	0	0	0	0	0	0	0	0	0	0	0	0	0	0	2002	0
LFQ	10	0	0	0	0	0	0	0	0	0	0	0	0	0	0	0	0	0	0	0	0	0	0	0	0	0	0	0	0	0	0	2002	0
LFQ	11	0	0	0	0	0	0	0	0	0	0	0	0	0	0	0	0	0	0	0	0	0	0	0	0	0	0	0	0	0	0	2002	0
LFQ	12	0	0	0	0	0	0	0	0	0	0	0	0	0	0	0	0	0	0	0	0	0	0	0	0	0	0	0	0	0	0	2002	0
LFQ	13	0	0	0	0	0	0	0	0	0	0	0	0	0	0	0	0	0	0	0	0	0	0	0	0	0	0	0	0	0	0	2002	0
LFQ	14	0	0	0	0	0	0	0	0	0	0	0	0	0	0	0	0	0	0	0	0	0	0	0	0	0	0	0	0	0	0	2002	0
LFQ	15	0	0	0	0	0	0	0	0	0	0	0	0	0	0	0	0	0	0	0	0	0	0	0	0	0	0	0	0	0	0	2002	0
LFQ	16	0	0	0	0	0	0	0	0	0	0	0	0	0	0	0	0	0	0	0	0	0	0	0	0	0	0	0	0	0	0	2002	0
LFQ	17	0	0	0	0	0	0	0	0	0	0	0	0	0	0	0	0	0	0	0	0	0	0	0	0	0	0	0	0	0	0	2002	0
LFQ	18	0	0	0	0	0	0	0	0	0	0	0	0	0	0	0	0	0	0	0	0	0	0	0	0	0	0	0	0	0	0	2002	0
LFQ	19	0	0	0	0	0	0	0	0	0	0	0	0	0	0	0	0	0	0	0	0	0	0	0	0	0	0	0	0	0	0	2002	0
LFQ	20	0	0	0	0	0	0	0	0	0	0	0	0	0	0	0	0	0	0	0	0	0	0	0	0	0	0	0	0	0	0	2002	0
LFQ	21	0	0	0	0	0	0	0	0	0	0	0	0	0	0	0	0	0	0	0	0	0	0	0	0	0	0	0	0	0	0	2002	0
LFQ	22	0	0	0	0	0	0	0	0	0	0	0	0	0	0	0	0	0	0	0	0	0	0	0	0	0	0	0	0	0	0	2002	0
LFQ	23	0	0	0	0	0	0	0	0	0	0	0	0	0	0	0	0	0	0	0	0	0	0	0	0	0	0	0	0	0	0	2002	0
LFQ	24	0	0	0	0	0	0	0	0	0	0	0	0	0	0	0	0	0	0	0	0	0	0	0	0	0	0	0	0	0	0	2002	0
LFQ	25	0	0	0	0	0	0	0	0	0	0	0	0	0	0	0	0	0	0	0	0	0	0	0	0	0	0	0	0	0	0	2002	0
LFQ	26	0	0	0	0	0	0	0	0	0	0	0	0	0	0	0	0	0	0	0	0	0	0	0	0	0	0	0	0	0	0	2002	0
LFQ	27	0	0	0	0	0	0	0	0	0	0	0	0	0	0	0	0	0	0	0	0	0	0	0	0	0	0	0	0	0	0	2002	0
LFQ	28	0	0	0	0	0	0	0	0	0	0	0	0	0	0	0	0	0	0	0	0	0	0	0	0	0	0	0	0	0	0	2002	0
LFQ	29	0	0	0	0	0	0	0	0	0	0	0	0	0	0	0	0	0	0	0	0	0	0	0	0	0	0	0	0	0	0	2002	0
LFQ	30	0	0	0	0	0	0	0	0	0	0	0	0	0	0	0	0	0	0	0	0	0	0	0	0	0	0	0	0	0	0	2002	0
LFQ	31	0	0	0	0	0	0	0	0	0	0	0	0	0	0	0	0	0	0	0	0	0	0	0	0	0	0	0	0	0	0	2002	0
LFQ	32	0	0	0	0	0	0	0	0	0	0	0	0	0	0	0	0	0	0	0	0	0	0	0	0	0	0	0	0	0	0	2002	0
LFQ	33	0	0	0	0	0	0	0	0	0	0	0	0	0	0	0	0	0	0	0	0	0	0	0	0	0	0	0	0	0	0	2002	0
LFQ	34	0	0	0	0	0	0	0	0	0	0	0	0	0	0	0	0	0	0	0	0	0	0	0	0	0	0	0	0	0	0	2002	0
LFQ	35	0	0	0	0	0	0	0	0	0	0	0	0	0	0	0	0	0	0	0	0	0	0	0	0	0	0	0	0	0	0	2002	0
LFQ	36	0	0	0	0	0	0	0	0	0	0	0	0	0	0	0	0	0	0	0	0	0	0	0	0	0	0	0	0	0	0	2002	0
LFQ	37	0	0	0	0	0	0	0	0	0	0	0	0	0	0	0	0	0	0	0	0	0	0	0	0	0	0	0	0	0	0	2002	0
LFQ	38	0	0	0	0	0	0	0	0	0	0	0	0	0	0	0	0	0	0	0	0	0	0	0	0	0	0	0	0	0	0	2002	0
LFQ	39	0	0	0	0	0	0	0	0	0	0	0	0	0	0	0	0	0	0	0	0	0	0	0	0	0	0	0	0	0	0	2002	0
LFQ	40	0	0	0	0	0	0	0	0	0	0	0	0	0	0	0	0	0	0	0	0	0	0	0	0	0	0	0	0	0	0	2002	0
LFQ	41	0	0	0	0	0	0	0	0	0	0	0	0	0	0	0	0	0	0	0	0	0	0	0	0	0	0	0	0	0	0	2002	0
LFQ	42	0	0	0	0	0	0	0	0	0	0	0	0	0	0	0	0	0	0	0	0	0	0	0	0	0	0	0	0	0	0	2002	0
LFQ	43	0	0	0	0	0	0	0	0	0	0	0	0	0	0	0	0	0	0	0	0	0	0	0	0	0	0	0	0	0	0	2002	0
LFQ	44	0	0	0	0	0	0	0	0	0	0	0	0	0	0	0	0	0	0	0	0	0	0	0	0	0	0	0	0	0	0	2002	0
LFQ	45	0	0	0	0	0	0	0	0	0	0	0	0	0	0	0	0	0	0	0	0	0	0	0	0	0	0	0	0	0	0	2002	0
LFQ	46	0	0	0	0	0	0	0	0	0	0	0	0	0	0	0	0	0	0	0	0	0	0	0	0	0	0	0	0	0	0	2002	0
LFQ	47	0	0	0	0	0	0	0	0	0	0	0	0	0	0	0	0	0	0	0	0	0	0	0	0	0	0	0	0	0	0	2002	0
LFQ	48	0	0	0	0	0	0	0	0	0	0	0	0	0	0	0	0	0	0	0	0	0	0	0	0	0	0	0	0	0	0	2002	0
LFQ	49	0	0	0	0	0	0	0	0	0	0	0	0	0	0	0	0	0	0	0	0	0	0	0	0	0	0	0	0	0	0	2002	0
LFQ	50	0	0	0	0	0	0	0	0	0	0	0	0	0	0	0	0	0	0	0	0	0	0	0	0	0	0	0	0	0	0	2002	0
LFQ	51	0	0	0	0	0	0	0	0	0	0	0	0	0	0	0	0	0	0	0	0	0	0	0	0	0	0	0	0	0	0	2002	0
LFQ	52	0	0	0	0	0	0	0	0	0	0	0	0	0	0	0	0	0	0	0	0	0	0	0	0	0	0	0	0	0	0	2002	0
LFQ	53	0	0	0	0	0	0	0	0	0	0	0	0	0	0	0	0	0	0	0	0	0	0	0	0	0	0	0	0	0	0	2002	0
LFQ	54	0	0	0	0	0	0	0	0	0	0	0	0	0	0	0	0	0	0	0	0	0	0	0	0	0	0	0	0	0	0	2002	0
LFQ	55	0	0	0	0	0	0	0	0	0	0	0	0	0	0	0	0	0	0	0	0	0	0	0	0	0	0	0	0	0	0	2002	0
LFQ	56	0	0	0	0	0	0	0	0	0	0	0	0	0	0	0	0	0	0	0	0	0	0	0	0	0	0	0	0	0	0	2002	0
LFQ	57	0	0	0	0	0	0	0	0	0	0	0	0	0	0	0	0	0	0	0	0	0	0	0	0	0	0	0	0	0	0	2002	0
LFQ	58	0	0	0	0	0	0	0	0	0	0	0	0	0	0	0	0	0	0	0	0	0	0	0	0	0	0	0	0	0	0	2002	0
LFQ	59	0	0	0	0	0	0	0	0	0	0	0	0	0	0	0	0	0	0	0	0	0	0	0	0	0	0	0	0	0	0	2002	0
LFQ	60	0	0	0	0	0	0	0	0	0	0	0	0	0	0	0	0	0	0	0	0	0	0	0	0	0	0	0	0	0	0	2002	0
LFQ	61	0	0	0	0	0	0	0	0	0	0	0	0	0	0	0	0	0	0	0	0	0	0	0	0	0	0	0	0	0	0	2002	0
LFQ	62	0	0	0	0	0	0	0	0	0	0	0	0	0	0	0	0	0	0	0	0	0	0	0	0	0	0	0	0	0	0	2002	0
LFQ	63	0	0	0	0	0	0	0	0	0	0	0	0	0	0	0	0	0	0	0	0	0	0	0	0	0	0	0	0	0	0	2002	0
LFQ	64	0	0	0	0	0	0	0	0	0	0	0	0	0	0	0	0	0	0	0	0	0	0	0	0	0	0	0	0	0	0	2002	0
LFQ	65	0	0	0	0	0	0	0	0	0	0	0	0	0	0	0	0	0	0	0	0	0	0	0	0	0	0	0	0	0	0	2002	0
LFQ	66	0	0	0	0	0	0	0	0	0	0	0	0	0	0	0	0	0	0	0	0	0	0	0	0	0	0	0	0	0	0	2002	0
LFQ	67	0	0	0	0	0	0	0	0	0	0	0	0	0	0	0	0	0	0	0	0	0	0	0	0	0	0	0	0	0	0	2002	0
LFQ	68	0	0	0	0	0	0	0	0	0	0	0	0	0	0	0	0	0	0	0	0	0	0	0	0	0	0	0	0	0	0	2002	0
LFQ	69	0	0	0	0	0	0	0	0	0	0	0	0	0	0	0	0	0	0	0	0	0	0	0	0	0	0	0	0	0	0	2002	0
LFQ	70	0	0	0	0	0	0	0	0	0	0	0	0	0	0	0	0	0	0	0	0	0	0	0	0	0	0	0	0	0	0	2002	0
LFQ	71	0	0	0	0	0	0	0	0	0	0	0	0	0	0	0	0	0	0	0	0	0	0	0	0	0	0	0	0	0	0	2002	0
LFQ	72	0	0	0	0	0	0	0	0	0	0	0	0	0	0	0	0	0	0	0	0	0	0	0	0	0	0	0	0	0	0	2002	0
LFQ	73	0	0	0	0	0	0	0	0	0	0	0	0	0	0	0	0	0	0	0	0	0	0	0	0	0	0	0	0	0	0	2002	0
LFQ	74	0	0	0	0	0	0	0	0	0	0	0	0	0	0	0	0	0	0	0	0	0	0	0	0	0	0	0	0	0	0	2002	0
LFQ	75	0	0	0	0	0	0	0	0	0	0	0	0	0	0	0	0	0	0	0	0	0	0	0	0	0	0	0	0	0	0	2002	0
LFQ	76	0	0	0	0	0	0	0	0	0	0	0	0	0	0	0	0	0	0	0	0	0	0	0	0	0	0	0	0	0	0	2002	0
LFQ	77	0	0	0	0	0	0	0	0	0	0	0	0	0	0	0	0	0	0	0	0	0	0	0	0	0	0	0	0	0	0	2002	0
LFQ	78	0	0	0	0	0	0	0	0	0	0	0	0	0	0	0	0	0	0	0	0	0	0	0	0	0	0	0	0	0	0	2002	0
LFQ	79	0	0	0	0	0	0	0	0	0	0	0	0	0	0	0	0	0	0	0	0	0	0	0	0	0	0	0	0	0	0	2002	0
LFQ	80	0	0	0	0	0	0	0	0	0	0	0	0	0	0	0	0	0	0	0	0	0	0	0	0	0	0	0	0	0	0	2002	0
LFQ	81	0	0	0	0	0	0	0	0	0	0	0	0	0	0	0	0	0	0	0	0	0	0	0	0	0	0	0	0	0	0	2002	0
LFQ	82	0	0	0	0	0	0	0	0	0	0	0	0	0	0	0	0	0	0	0	0	0	0	0	0	0	0	0	0	0	0	2002	0
LFQ	83	0	0	0	0	0	0	0	0	0	0	0	0	0	0	0	0	0	0	0	0	0	0	0	0	0	0	0	0	0	0	2002	0
LFQ	84	0	0	0	0	0	0	0	0	0	0	0	0	0	0	0	0	0	0	0	0	0	0	0	0	0	0	0	0	0	0	2002	0
LFQ	85	0	0	0	0	0	0	0	0	0	0	0	0	0	0	0	0	0	0	0	0	0	0	0	0	0	0	0	0	0	0	2002	0
LFQ	86	0	0	0	0	0	0	0	0	0	0	0	0	0	0	0	0	0	0	0	0	0	0	0	0	0	0	0	0	0	0	2002	0
LFQ	87	0	0	0	0	0	0	0	0	0	0	0	0	0	0	0	0	0	0	0	0	0	0	0	0	0	0	0	0	0	0	2002	0
LFQ	88	0	0	0	0	0	0	0	0	0	0	0	0	0	0	0	0	0	0	0	0	0	0	0	0	0	0	0	0	0	0	2002	0
LFQ	89	0	0	0	0	0	0	0	0	0	0	0	0	0	0	0	0	0	0	0	0	0	0	0	0	0	0	0	0	0	0	2002	0
LFQ	90	0	0	0	0	0	0	0	0	0	0	0	0	0	0	0	0	0	0	0	0	0	0	0	0	0	0	0	0	0	0	2002	0
LFQ	91	0	0	0	0	0	0	0	0	0	0	0	0	0	0	0	0	0	0	0	0	0	0	0	0	0	0	0	0	0	0	2002	0
LFQ	92	0	0	0	0	0	0	0	0	0	0	0	0	0	0	0	0	0	0	0	0	0	0	0	0	0	0	0	0	0	0	2002	0
LFQ	93	0	0	0	0	0	0	0	0	0	0	0	0	0	0	0	0	0	0	0	0	0	0	0	0	0	0	0	0	0	0	2002	0
LFQ	94	0	0	0	0	0	0	0	0	0	0	0	0	0	0	0	0	0	0	0	0	0	0	0	0	0	0	0	0	0	0	2002	0
LFQ	95	0	0	0	0	0	0	0	0	0	0	0	0	0	0	0	0	0	0	0	0	0	0	0	0	0	0	0	0	0	0	2002	0
LFQ	96	0	0	0	0	0	0	0	0	0	0	0	0	0	0	0	0	0	0	0	0	0	0	0	0	0	0	0	0	0	0	2002	0
LFQ	97	0	0	0	0	0	0	0	0	0	0	0	0	0	0	0	0	0	0	0	0	0	0	0	0	0	0	0	0	0	0	2002	0
LFQ	98	0	0	0	0	0	0	0	0	0	0	0	0	0	0	0	0	0	0	0	0	0	0	0	0	0	0	0	0	0	0	2002	0
LFQ	99	0	0	0	0	0	0	0	0	0	0	0	0	0	0	0	0	0	0	0	0	0	0	0	0	0	0	0	0	0	0	2002	0
LFQ	100	0	0	0	0	0	0	0	0	0	0	0	0	0	0	0	0	0	0	0	0	0	0	0	0	0	0	0	0	0	0	2002	0
LFQ	101	0	0	0	0	0	0	0	0	0	0	0	0	0	0	0	0	0	0	0	0	0	0	0	0	0	0	0	0	0	0	2002	0
LFQ	102	0	0	0	0	0	0	0	0	0	0	0	0	0	0	0	0	0	0	0	0	0	0	0	0	0	0	0	0	0	0	2002	0
LFQ	103	0	0	0	0	0	0	0	0	0	0	0	0	0	0	0	0	0	0	0	0	0	0	0	0	0	0	0	0	0	0	2002	0
LFQ	104	0	0	0	0	0	0	0	0	0	0	0	0	0	0	0	0	0	0	0	0	0	0	0	0	0	0	0	0	0	0	2002	0
LFQ	105	0	0	0	0	0	0	0	0	0	0	0	0	0	0	0	0	0	0	0	0	0	0	0	0	0	0	0	0	0	0	2002	0
LFQ	106	0	0	0	0	0	0	0	0	0	0	0	0	0	0	0	0	0	0	0	0	0	0	0	0	0	0	0	0	0	0	2002	0
LFQ	107	0	0	0	0	0	0	0	0	0	0	0	0	0	0	0	0	0	0	0	0	0	0	0	0	0	0	0	0	0	0	2002	0
LFQ	108	0	0	0	0	0	0	0	0	0	0	0	0	0	0	0	0	0	0	0	0	0	0	0	0	0	0	0	0	0	0	2002	0
LFQ	109	0	0	0	0	0	0	0	0	0	0	0	0	0	0	0	0	0	0	0	0	0	0	0	0	0	0	0	0	0	0	2002	0
LFQ	110	0	0	0	0	0	0	0	0	0	0	0	0	0	0	0	0	0	0	0	0	0	0	0	0	0	0	0	0	0	0	2002	0
LFQ	111	0	0	0	0	0	0	0	0	0	0	0	0	0	0	0	0	0	0	0	0	0	0	0	0	0	0	0	0	0	0	2002	0
LFQ	112	0	0	0	0	0	0	0	0	0	0	0	0	0	0	0	0	0	0	0	0	0	0	0	0	0	0	0	0	0	0	2002	0
LFQ	113	0	0	0	0	0	0	0	0	0	0	0	0	0	0	0	0	0	0	0	0	0	0	0	0	0	0	0	0	0	0	2002	0
LFQ	114	0	0	0	0	0	0	0	0	0	0	0	0	0	0	0	0	0	0	0	0	0	0	0	0	0	0	0	0	0	0	2002	0
LFQ	115	0	0	0	0	0	0	0	0	0	0	0	0	0	0	0	0	0	0	0	0	0	0	0	0	0	0	0	0	0	0	2002	0
LFQ	116	0	0	0	0	0	0	0	0	0	0	0	0	0	0	0	0	0	0	0	0	0	0	0	0	0	0	0	0	0	0	2002	0
LFQ	117	0	0	0	0	0	0	0	0	0	0	0	0	0	0	0	0	0	0	0	0	0	0	0	0	0	0	0	0	0	0	2002	0
LFQ	118	0	0	0	0	0	0	0	0	0	0	0	0	0	0	0	0	0	0	0	0	0	0	0	0	0	0	0	0	0	0	2002	0
LFQ	119	0	0	0	0	0	0	0	0	0	0	0	0	0	0	0	0	0	0	0	0	0	0	0	0	0	0	0	0	0	0	2002	0
LFQ	120	0	0	0	0	0	0	0	0	0	0	0	0	0	0	0	0	0	0	0	0	0	0	0	0	0	0	0	0	0	0	2002	0
LFQ	121	0	0	0	0	0	0	0	0	0	0	0	0	0	0	0	0	0	0	0	0	0	0	0	0	0	0	0	0	0	0	2002	0
LFQ	122	0	0	0	0	0	0	0	0	0	0	0	0	0	0	0	0	0	0	0	0	0	0	0	0	0	0	0	0	0	0	2002	0
LFQ	123	0	0	0	0	0	0	0	0	0	0	0	0	0	0	0	0	0	0	0	0	0	0	0	0	0	0	0	0	0	0	2002	0
LFQ	124	0	0	0	0	0	0	0	0	0	0	0	0	0	0	0	0	0	0	0	0	0	0	0	0	0	0	0	0	0	0	2002	0
LFQ	125	0	0	0	0	0	0	0	0	0	0	0	0	0	0	0	0	0	0	0	0	0	0	0	0	0	0	0	0	0	0	2002	0
LFQ	126	0	0	0	0	0	0	0	0	0	0	0	0	0	0	0	0	0	0	0	0	0	0	0	0	0	0	0	0	0	0	2002	0
LFQ	127	0	0	0	0	0	0	0	0	0	0	0	0	0	0	0	0	0	0	0	0	0	0	0	0	0	0	0	0	0	0	2002	0
LFQ	128	0	0	0	0	0	0	0	0	0	0	0	0	0	0	0	0	0	0	0	0	0	0	0	0	0	0	0	0	0	0	2002	0
LFQ	129	0	0	0	0	0	0	0	0	0	0	0	0	0	0	0	0	0	0	0	0	0	0	0	0	0	0	0	0	0	0	2002	0
LFQ	130	0	0	0	0	0	0	0	0	0	0	0	0	0	0	0	0	0	0	0	0	0	0	0	0	0	0	0	0	0	0	2002	0
LFQ	131	0	0	0	0	0	0	0	0	0	0	0	0	0	0	0	0	0	0	0	0	0	0	0	0	0	0	0	0	0	0	2002	0
LFQ	132	0	0	0	0	0	0	0	0	0	0	0	0	0	0	0	0	0	0	0	0	0	0	0	0	0	0	0	0	0	0	2002	0
LFQ	133	0	0	0	0	0	0	0	0	0	0	0	0	0	0	0	0	0	0	0	0	0	0	0	0	0	0	0	0	0	0	2002	0
LFQ	134	0	0	0	0	0	0	0	0	0	0	0	0	0	0	0	0	0	0	0	0	0	0	0	0	0	0	0	0	0	0	2002	0
LFQ	135	0	0	0	0	0	0	0	0	0	0	0	0	0	0	0	0	0	0	0	0	0	0	0	0	0	0	0	0	0	0	2002	0
LFQ	136	0	0	0	0	0	0	0	0	0	0	0	0	0	0	0	0	0	0	0	0	0	0	0	0	0	0	0	0	0	0	2002	0
LFQ	137	0	0	0	0	0	0	0	0	0	0	0	0	0	0	0	0	0	0	0	0	0	0	0	0	0	0	0	0	0	0	2002	0
LFQ	138	0	0	0	0	0	0	0	0	0	0	0	0	0	0	0	0	0	0	0	0	0	0	0	0	0	0	0	0	0	0	2002	0
LFQ	139	0	0	0	0	0	0	0	0	0	0	0	0	0	0	0	0	0	0	0	0	0	0	0	0	0	0	0	0	0	0	2002	0
LFQ	140	0	0	0	0	0	0	0	0	0	0	0	0	0	0	0	0	0	0	0	0	0	0	0	0	0	0	0	0	0	0	2002	0
LFQ	141	0	0	0	0	0	0	0	0	0	0	0	0	0	0	0	0	0	0	0	0	0	0	0	0	0	0	0	0	0	0	2002	0
LFQ	142	0	0	0	0	0	0	0	0	0	0	0	0	0	0	0	0	0	0	0	0	0	0	0	0	0	0	0	0	0	0	2002	0
LFQ	143	0	0	0	0	0	0	0	0	0	0	0	0	0	0	0	0	0	0	0	0	0	0	0	0	0	0	0	0	0	0	2002	0
LFQ	144	0	0	0	0	0	0	0	0	0	0	0	0	0	0	0	0	0	0	0	0	0	0	0	0	0	0	0	0	0	0	2002	0
LFQ	145	0	0	0	0	0	0	0	0	0	0	0	0	0	0	0	0	0	0	0	0	0	0	0	0	0	0	0	0	0	0	2002	0
LFQ	146	0	0	0	0	0	0	0	0	0	0	0	0	0	0	0	0	0	0	0	0	0	0	0	0	0	0	0	0	0	0	2002	0
LFQ	147	0	0	0	0	0	0	0	0	0	0	0	0	0	0	0	0	0	0	0	0	0	0	0	0	0	0	0	0	0	0	2002	0
LFQ	148	0	0	0	0	0	0	0	0	0	0	0	0	0	0	0	0	0	0	0	0	0	0	0	0	0	0	0	0	0	0	2002	0
LFQ	149	0	0	0	0	0	0	0	0	0	0	0	0	0	0	0	0	0	0	0	0	0	0	0	0	0	0	0	0	0	0	2001	0
LFQ	150	0	0	0	0	0	0	0	0	0	0	0	0	0	0	0	0	0	0	0	0	0	0	0	0	0	0	0	0	0	0	2001	0
# GC Content of first fragments. Use `grep ^GCF | cut -f 2-` to extract this part.
GCF	8.54	0
GCF	17.84	1
GCF	19.10	3
GCF	20.10	4
GCF	20.85	2
GCF	21.86	4
GCF	22.86	5
GCF	23.37	10
GCF	24.12	7
GCF	24.87	11
GCF	25.38	14
GCF	26.13	9
GCF	26.88	18
GCF	27.39	21
GCF	28.14	26
GCF	28.89	23
GCF	29.40	38
GCF	30.15	48
GCF	30.90	43
GCF	31.41	29
GCF	32.16	44
GCF	32.91	45
GCF	33.42	63
GCF	34.42	69
GCF	35.43	88
GCF	35.93	68
GCF	36.93	80
GCF	37.94	55
GCF	38.69	47
GCF	39.45	82
GCF	39.95	72
GCF	40.70	70
GCF	41.46	68
GCF	41.96	57
GCF	42.71	69
GCF	43.47	48
GCF	43.97	64
GCF	44.72	53
GCF	45.73	42
GCF	46.73	54
GCF	47.49	46
GCF	47.99	29
GCF	48.74	26
GCF	49.50	23
GCF	50.00	22
GCF	50.75	16
GCF	51.51	11
GCF	52.01	12
GCF	52.76	9
GCF	53.52	7
GCF	54.02	2
GCF	54.77	8
GCF	55.53	2
GCF	56.03	7
GCF	56.78	4
GCF	57.54	2
GCF	58.04	8
GCF	58.79	5
GCF	59.55	0
GCF	60.05	2
GCF	61.06	1
GCF	62.56	0
GCF	63.82	1
GCF	65.08	0
GCF	66.08	2
GCF	66.58	0
GCF	67.34	1
GCF	69.10	0
GCF	70.60	1
# GC Content of last fragments. Use `grep ^GCL | cut -f 2-` to extract this part.
GCL	7.79	0
GCL	16.08	1
GCL	17.59	0
GCL	18.84	1
GCL	19.85	2
GCL	20.85	4
GCL	21.36	1
GCL	22.11	3
GCL	22.86	4
GCL	23.37	6
GCL	24.12	13
GCL	24.87	14
GCL	25.38	7
GCL	26.13	17
GCL	26.88	11
GCL	27.39	21
GCL	28.14	26
GCL	28.89	33
GCL	29.40	25
GCL	30.15	37
GCL	30.90	44
GCL	31.41	41
GCL	32.16	54
GCL	32.91	42
GCL	33.42	71
GCL	33.92	69
GCL	34.67	83
GCL	35.43	78
GCL	35.93	77
GCL	36.68	73
GCL	37.44	91
GCL	37.94	66
GCL	38.69	60
GCL	39.45	72
GCL	39.95	79
GCL	40.70	73
GCL	41.46	53
GCL	41.96	46
GCL	42.71	55
GCL	43.47	64
GCL	43.97	43
GCL	44.72	55
GCL	45.48	39
GCL	45.98	34
GCL	46.73	47
GCL	47.49	35
GCL	47.99	33
GCL	48.74	25
GCL	49.50	28
GCL	50.00	15
GCL	50.75	21
GCL	51.51	12
GCL	52.01	10
GCL	52.76	13
GCL	53.52	11
GCL	54.02	6
GCL	54.77	13
GCL	55.53	5
GCL	56.03	8
GCL	56.78	2
GCL	57.54	4
GCL	58.04	5
GCL	58.79	4
GCL	59.55	2
GCL	60.05	4
GCL	60.80	3
GCL	61.81	0
GCL	64.07	1
GCL	66.08	0
GCL	67.09	1
# ACGT content per cycle. Use `grep ^GCC | cut -f 2-` to extract this part. The columns are: cycle; A,C,G,T base counts as a percentage of all A/C/G/T bases [%]; and N and O counts as a percentage of all A/C/G/T bases [%]
GCC	1	30.12	21.70	18.56	29.62	0.00	0.00
GCC	2	30.67	20.55	19.31	29.47	0.00	0.00
GCC	3	30.37	20.20	18.83	30.59	0.00	0.00
GCC	4	30.74	19.53	17.76	31.97	0.00	0.00
GCC	5	29.82	21.80	19.38	29.00	0.00	0.00
GCC	6	30.07	20.55	18.11	31.27	0.00	0.00
GCC	7	30.82	20.40	18.28	30.49	0.00	0.00
GCC	8	30.77	19.86	19.38	30.00	0.00	0.00
GCC	9	30.39	20.30	19.66	29.65	0.00	0.00
GCC	10	31.24	19.16	19.31	30.29	0.00	0.00
GCC	11	30.84	19.23	18.68	31.24	0.00	0.00
GCC	12	30.34	20.63	18.31	30.72	0.00	0.00
GCC	13	30.64	21.05	18.06	30.24	0.00	0.00
GCC	14	30.42	19.33	18.91	31.34	0.00	0.00
GCC	15	30.74	19.93	18.06	31.27	0.00	0.00
GCC	16	30.77	20.13	19.18	29.92	0.00	0.00
GCC	17	31.64	19.26	18.16	30.94	0.00	0.00
GCC	18	30.99	19.83	18.61	30.57	0.00	0.00
GCC	19	30.89	20.50	18.93	29.67	0.00	0.00
GCC	20	30.52	19.88	19.33	30.27	0.00	0.00
GCC	21	31.17	19.68	19.13	30.02	0.00	0.00
GCC	22	30.42	20.95	18.36	30.27	0.00	0.00
GCC	23	30.12	20.03	19.18	30.67	0.00	0.00
GCC	24	30.02	20.38	19.08	30.52	0.00	0.00
GCC	25	28.80	19.01	19.73	32.47	0.00	0.00
GCC	26	30.64	20.08	19.78	29.50	0.00	0.00
GCC	27	29.85	21.20	18.73	30.22	0.00	0.00
GCC	28	31.02	20.93	18.48	29.57	0.00	0.00
GCC	29	30.27	19.53	20.05	30.14	0.00	0.00
GCC	30	30.69	19.71	19.08	30.52	0.00	0.00
GCC	31	31.04	18.43	19.13	31.39	0.00	0.00
GCC	32	30.79	20.90	18.73	29.57	0.00	0.00
GCC	33	32.47	19.71	17.81	30.02	0.00	0.00
GCC	34	31.54	18.81	19.18	30.47	0.00	0.00
GCC	35	31.19	20.13	19.21	29.47	0.00	0.00
GCC	36	30.34	19.93	18.83	30.89	0.00	0.00
GCC	37	30.27	20.80	17.88	31.04	0.00	0.00
GCC	38	29.95	20.70	18.23	31.12	0.00	0.00
GCC	39	30.94	20.75	18.31	30.00	0.00	0.00
GCC	40	30.69	19.13	18.83	31.34	0.00	0.00
GCC	41	30.57	19.41	19.28	30.74	0.00	0.00
GCC	42	30.79	18.91	19.76	30.54	0.00	0.00
GCC	43	31.09	19.61	18.43	30.87	0.00	0.00
GCC	44	30.67	20.13	19.73	29.47	0.00	0.00
GCC	45	30.04	20.28	18.71	30.97	0.00	0.00
GCC	46	31.84	19.71	17.68	30.77	0.00	0.00
GCC	47	32.59	20.60	16.61	30.19	0.00	0.00
GCC	48	29.57	20.75	18.41	31.27	0.00	0.00
GCC	49	30.89	19.93	19.23	29.95	0.00	0.00
GCC	50	31.87	20.18	18.31	29.65	0.00	0.00
GCC	51	30.79	20.25	18.53	30.42	0.00	0.00
GCC	52	30.72	19.86	18.98	30.44	0.00	0.00
GCC	53	30.99	19.36	18.23	31.42	0.00	0.00
GCC	54	30.54	19.73	18.73	30.99	0.00	0.00
GCC	55	31.29	18.93	18.36	31.42	0.00	0.00
GCC	56	30.54	20.23	18.61	30.62	0.00	0.00
GCC	57	31.09	20.35	17.66	30.89	0.00	0.00
GCC	58	30.59	19.86	18.78	30.77	0.00	0.00
GCC	59	31.59	19.73	18.68	30.00	0.00	0.00
GCC	60	32.54	19.63	19.33	28.50	0.00	0.00
GCC	61	31.74	18.78	18.26	31.22	0.00	0.00
GCC	62	30.27	19.78	18.88	31.07	0.00	0.00
GCC	63	29.77	20.45	19.46	30.32	0.00	0.00
GCC	64	30.52	18.71	19.23	31.54	0.00	0.00
GCC	65	29.57	20.23	19.11	31.09	0.00	0.00
GCC	66	30.62	19.41	18.41	31.57	0.00	0.00
GCC	67	30.67	18.81	20.08	30.44	0.00	0.00
GCC	68	30.54	19.11	18.78	31.57	0.00	0.00
GCC	69	30.87	21.55	18.31	29.27	0.00	0.00
GCC	70	30.17	20.28	18.56	30.99	0.00	0.00
GCC	71	31.69	19.96	19.16	29.20	0.00	0.00
GCC	72	30.27	19.26	18.36	32.12	0.00	0.00
GCC	73	31.02	20.80	18.13	30.04	0.00	0.00
GCC	74	29.95	19.58	19.73	30.74	0.00	0.00
GCC	75	31.24	19.18	18.53	31.04	0.00	0.00
GCC	76	30.09	20.18	19.18	30.54	0.00	0.00
GCC	77	31.12	20.90	18.56	29.42	0.00	0.00
GCC	78	31.29	19.48	19.01	30.22	0.00	0.00
GCC	79	30.00	21.43	18.26	30.32	0.00	0.00
GCC	80	30.02	20.00	17.21	32.77	0.00	0.00
GCC	81	30.52	19.93	18.86	30.69	0.00	0.00
GCC	82	31.12	19.48	19.23	30.17	0.00	0.00
GCC	83	30.72	20.33	17.73	31.22	0.00	0.00
GCC	84	30.82	19.88	19.73	29.57	0.00	0.00
GCC	85	29.60	20.90	18.08	31.42	0.00	0.00
GCC	86	29.47	20.78	18.88	30.87	0.00	0.00
GCC	87	30.57	19.93	19.23	30.27	0.00	0.00
GCC	88	31.37	20.03	18.31	30.29	0.00	0.00
GCC	89	29.97	20.45	19.88	29.70	0.00	0.00
GCC	90	30.44	21.00	18.83	29.72	0.00	0.00
GCC	91	30.24	20.25	19.38	30.12	0.00	0.00
GCC	92	29.80	19.33	20.18	30.69	0.00	0.00
GCC	93	31.29	19.58	18.36	30.77	0.00	0.00
GCC	94	30.54	20.48	18.13	30.84	0.00	0.00
GCC	95	29.92	20.48	19.61	30.00	0.00	0.00
GCC	96	30.32	18.73	19.71	31.24	0.00	0.00
GCC	97	30.44	19.53	20.08	29.95	0.00	0.00
GCC	98	32.24	18.86	18.61	30.29	0.00	0.00
GCC	99	30.82	19.98	18.96	30.24	0.00	0.00
GCC	100	30.44	20.33	18.98	30.24	0.00	0.00
GCC	101	30.02	19.83	19.16	30.99	0.00	0.00
GCC	102	31.19	20.85	17.98	29.97	0.00	0.00
GCC	103	30.39	20.90	19.33	29.37	0.00	0.00
GCC	104	30.44	18.96	18.86	31.74	0.00	0.00
GCC	105	29.20	20.43	19.48	30.89	0.00	0.00
GCC	106	30.49	19.78	18.06	31.67	0.00	0.00
GCC	107	30.52	20.18	18.38	30.92	0.00	0.00
GCC	108	30.79	20.18	18.93	30.09	0.00	0.00
GCC	109	30.07	20.65	19.13	30.14	0.00	0.00
GCC	110	29.75	20.80	18.36	31.09	0.00	0.00
GCC	111	30.74	19.46	19.56	30.24	0.00	0.00
GCC	112	31.34	19.38	18.93	30.34	0.00	0.00
GCC	113	29.80	19.31	19.06	31.84	0.00	0.00
GCC	114	30.34	19.56	18.78	31.32	0.00	0.00
GCC	115	31.64	19.33	18.66	30.37	0.00	0.00
GCC	116	30.57	20.10	18.66	30.67	0.00	0.00
GCC	117	31.09	20.28	18.48	30.14	0.00	0.00
GCC	118	31.22	19.76	17.28	31.74	0.00	0.00
GCC	119	30.29	19.88	18.08	31.74	0.00	0.00
GCC	120	30.00	20.75	19.66	29.60	0.00	0.00
GCC	121	30.77	20.13	18.46	30.64	0.00	0.00
GCC	122	30.34	19.76	19.46	30.44	0.00	0.00
GCC	123	30.49	20.53	19.28	29.70	0.00	0.00
GCC	124	30.00	20.13	19.31	30.57	0.00	0.00
GCC	125	31.32	19.61	18.33	30.74	0.00	0.00
GCC	126	31.22	19.63	18.33	30.82	0.00	0.00
GCC	127	29.15	19.98	19.66	31.22	0.00	0.00
GCC	128	30.39	20.15	18.38	31.07	0.00	0.00
GCC	129	32.37	18.78	18.98	29.87	0.00	0.00
GCC	130	30.59	20.40	18.98	30.02	0.00	0.00
GCC	131	30.04	20.28	18.91	30.77	0.00	0.00
GCC	132	30.59	20.28	19.11	30.02	0.00	0.00
GCC	133	31.27	20.25	18.51	29.97	0.00	0.00
GCC	134	30.84	19.03	19.48	30.64	0.00	0.00
GCC	135	30.29	20.10	18.41	31.19	0.00	0.00
GCC	136	31.09	20.35	18.43	30.12	0.00	0.00
GCC	137	31.54	20.90	17.56	30.00	0.00	0.00
GCC	138	30.32	20.45	18.48	30.74	0.00	0.00
GCC	139	30.52	20.10	18.11	31.27	0.00	0.00
GCC	140	31.62	18.98	18.28	31.12	0.00	0.00
GCC	141	31.59	19.33	18.73	30.34	0.00	0.00
GCC	142	31.84	19.36	18.76	30.04	0.00	0.00
GCC	143	31.22	19.86	18.48	30.44	0.00	0.00
GCC	144	31.79	19.51	18.66	30.04	0.00	0.00
GCC	145	30.52	20.83	19.31	29.35	0.00	0.00
GCC	146	31.29	18.98	18.78	30.94	0.00	0.00
GCC	147	31.32	18.91	18.48	31.29	0.00	0.00
GCC	148	30.89	20.68	17.73	30.69	0.00	0.00
GCC	149	29.63	21.48	18.91	29.98	0.00	0.00
GCC	150	30.93	19.69	18.41	30.98	0.00	0.00
# ACGT content per cycle, read oriented. Use `grep ^GCT | cut -f 2-` to extract this part. The columns are: cycle; A,C,G,T base counts as a percentage of all A/C/G/T bases [%]
GCT	1	29.85	20.38	19.88	29.90
GCT	2	30.52	19.31	20.55	29.62
GCT	3	31.64	19.98	19.06	29.32
GCT	4	31.12	18.76	18.53	31.59
GCT	5	29.07	20.00	21.18	29.75
GCT	6	31.64	18.93	19.73	29.70
GCT	7	32.44	19.28	19.41	28.87
GCT	8	31.19	19.03	20.20	29.57
GCT	9	30.62	19.68	20.28	29.42
GCT	10	31.59	19.81	18.66	29.95
GCT	11	31.52	19.71	18.21	30.57
GCT	12	31.22	18.96	19.98	29.85
GCT	13	30.17	20.03	19.08	30.72
GCT	14	31.59	19.26	18.98	30.17
GCT	15	31.52	18.61	19.38	30.49
GCT	16	29.37	19.33	19.98	31.32
GCT	17	30.69	18.76	18.66	31.89
GCT	18	29.75	19.43	19.01	31.82
GCT	19	30.17	20.08	19.36	30.39
GCT	20	30.77	19.98	19.23	30.02
GCT	21	30.77	19.78	19.03	30.42
GCT	22	30.64	20.28	19.03	30.04
GCT	23	30.82	18.73	20.48	29.97
GCT	24	30.19	20.85	18.61	30.34
GCT	25	30.97	19.78	18.96	30.29
GCT	26	29.47	20.20	19.66	30.67
GCT	27	30.62	20.28	19.66	29.45
GCT	28	30.57	19.78	19.63	30.02
GCT	29	30.67	19.93	19.66	29.75
GCT	30	31.19	19.96	18.83	30.02
GCT	31	31.72	18.76	18.81	30.72
GCT	32	29.92	19.58	20.05	30.44
GCT	33	31.14	18.63	18.88	31.34
GCT	34	30.79	19.01	18.98	31.22
GCT	35	31.29	19.38	19.96	29.37
GCT	36	31.32	19.11	19.66	29.92
GCT	37	30.02	18.61	20.08	31.29
GCT	38	30.19	19.11	19.83	30.87
GCT	39	30.17	19.38	19.68	30.77
GCT	40	31.34	18.58	19.38	30.69
GCT	41	30.72	19.76	18.93	30.59
GCT	42	30.69	19.61	19.06	30.64
GCT	43	31.17	18.88	19.16	30.79
GCT	44	29.05	20.00	19.86	31.09
GCT	45	30.54	19.43	19.56	30.47
GCT	46	31.39	18.81	18.58	31.22
GCT	47	31.94	18.81	18.41	30.84
GCT	48	29.97	20.30	18.86	30.87
GCT	49	29.65	19.28	19.88	31.19
GCT	50	30.39	18.96	19.53	31.12
GCT	51	30.24	19.41	19.38	30.97
GCT	52	29.97	19.31	19.53	31.19
GCT	53	30.62	17.33	20.25	31.79
GCT	54	30.39	19.38	19.08	31.14
GCT	55	31.07	18.41	18.88	31.64
GCT	56	29.95	18.48	20.35	31.22
GCT	57	30.17	20.03	17.98	31.82
GCT	58	30.27	19.58	19.06	31.09
GCT	59	30.54	19.03	19.38	31.04
GCT	60	30.47	20.10	18.86	30.57
GCT	61	32.07	18.96	18.08	30.89
GCT	62	31.39	18.21	20.45	29.95
GCT	63	30.22	19.36	20.55	29.87
GCT	64	30.74	19.58	18.36	31.32
GCT	65	29.45	19.16	20.18	31.22
GCT	66	30.62	19.41	18.41	31.57
GCT	67	30.64	19.58	19.31	30.47
GCT	68	31.22	19.53	18.36	30.89
GCT	69	30.42	19.86	20.00	29.72
GCT	70	30.14	18.96	19.88	31.02
GCT	71	29.82	19.83	19.28	31.07
GCT	72	33.14	18.08	19.53	29.25
GCT	73	29.80	20.88	18.06	31.27
GCT	74	30.42	19.21	20.10	30.27
GCT	75	31.42	19.71	18.01	30.87
GCT	76	30.24	19.43	19.93	30.39
GCT	77	29.60	19.93	19.53	30.94
GCT	78	29.97	18.56	19.93	31.54
GCT	79	29.75	20.33	19.36	30.57
GCT	80	31.49	19.13	18.08	31.29
GCT	81	30.84	18.86	19.93	30.37
GCT	82	31.29	19.01	19.71	30.00
GCT	83	30.69	19.61	18.46	31.24
GCT	84	31.02	20.18	19.43	29.37
GCT	85	31.42	19.68	19.31	29.60
GCT	86	31.12	19.93	19.73	29.22
GCT	87	29.80	19.51	19.66	31.04
GCT	88	31.34	19.16	19.18	30.32
GCT	89	29.92	20.00	20.33	29.75
GCT	90	30.42	20.93	18.91	29.75
GCT	91	30.74	20.25	19.38	29.62
GCT	92	30.07	19.96	19.56	30.42
GCT	93	31.62	19.41	18.53	30.44
GCT	94	30.99	19.43	19.18	30.39
GCT	95	30.57	20.33	19.76	29.35
GCT	96	31.89	19.71	18.73	29.67
GCT	97	29.80	20.18	19.43	30.59
GCT	98	31.92	18.63	18.83	30.62
GCT	99	30.94	19.96	18.98	30.12
GCT	100	28.92	19.61	19.71	31.77
GCT	101	30.49	20.05	18.93	30.52
GCT	102	30.29	19.01	19.83	30.87
GCT	103	29.75	20.20	20.03	30.02
GCT	104	32.14	19.21	18.61	30.04
GCT	105	29.27	20.15	19.76	30.82
GCT	106	31.47	19.16	18.68	30.69
GCT	107	32.39	20.30	18.26	29.05
GCT	108	30.57	19.36	19.76	30.32
GCT	109	30.34	20.63	19.16	29.87
GCT	110	30.29	18.81	20.35	30.54
GCT	111	29.42	19.43	19.58	31.57
GCT	112	29.92	19.56	18.76	31.77
GCT	113	30.67	19.28	19.08	30.97
GCT	114	30.49	18.71	19.63	31.17
GCT	115	30.87	19.16	18.83	31.14
GCT	116	31.42	19.71	19.06	29.82
GCT	117	31.12	20.00	18.76	30.12
GCT	118	31.69	18.83	18.21	31.27
GCT	119	31.14	18.63	19.33	30.89
GCT	120	29.20	20.25	20.15	30.39
GCT	121	29.80	18.96	19.63	31.62
GCT	122	29.60	19.66	19.56	31.19
GCT	123	30.24	20.28	19.53	29.95
GCT	124	30.87	19.51	19.93	29.70
GCT	125	30.87	18.51	19.43	31.19
GCT	126	30.62	19.93	18.03	31.42
GCT	127	29.82	20.25	19.38	30.54
GCT	128	31.22	19.73	18.81	30.24
GCT	129	30.94	19.16	18.61	31.29
GCT	130	30.49	19.91	19.48	30.12
GCT	131	30.97	19.71	19.48	29.85
GCT	132	29.92	19.31	20.08	30.69
GCT	133	31.64	19.43	19.33	29.60
GCT	134	31.62	19.21	19.31	29.87
GCT	135	31.34	19.21	19.31	30.14
GCT	136	30.64	19.51	19.28	30.57
GCT	137	31.84	18.31	20.15	29.70
GCT	138	30.72	19.21	19.73	30.34
GCT	139	31.89	19.13	19.08	29.90
GCT	140	32.57	18.78	18.48	30.17
GCT	141	30.79	18.98	19.08	31.14
GCT	142	31.57	19.43	18.68	30.32
GCT	143	30.42	18.81	19.53	31.24
GCT	144	30.44	19.76	18.41	31.39
GCT	145	29.00	20.30	19.83	30.87
GCT	146	30.52	19.51	18.26	31.72
GCT	147	31.24	19.33	18.06	31.37
GCT	148	30.34	19.53	18.88	31.24
GCT	149	29.80	20.61	19.79	29.80
GCT	150	31.33	19.29	18.81	30.58
# ACGT content per cycle for first fragments. Use `grep ^FBC | cut -f 2-` to extract this part. The columns are: cycle; A,C,G,T base counts as a percentage of all A/C/G/T bases [%]; and N and O counts as a percentage of all A/C/G/T bases [%]
FBC	1	30.42	22.28	18.88	28.42	0.00	0.00
FBC	2	30.62	20.58	19.33	29.47	0.00	0.00
FBC	3	29.97	20.13	19.23	30.67	0.00	0.00
FBC	4	30.22	20.68	18.03	31.07	0.00	0.00
FBC	5	30.07	21.53	19.83	28.57	0.00	0.00
FBC	6	31.02	20.78	17.58	30.62	0.00	0.00
FBC	7	31.32	19.23	18.48	30.97	0.00	0.00
FBC	8	30.92	19.58	19.18	30.32	0.00	0.00
FBC	9	29.92	21.18	20.23	28.67	0.00	0.00
FBC	10	32.07	18.13	19.58	30.22	0.00	0.00
FBC	11	30.32	19.13	20.03	30.52	0.00	0.00
FBC	12	30.02	20.33	18.58	31.07	0.00	0.00
FBC	13	29.12	21.53	17.88	31.47	0.00	0.00
FBC	14	30.42	19.53	19.33	30.72	0.00	0.00
FBC	15	31.72	19.03	18.33	30.92	0.00	0.00
FBC	16	30.12	20.78	19.38	29.72	0.00	0.00
FBC	17	31.37	19.33	19.13	30.17	0.00	0.00
FBC	18	30.97	18.98	19.88	30.17	0.00	0.00
FBC	19	30.87	21.13	19.33	28.67	0.00	0.00
FBC	20	30.77	19.43	19.68	30.12	0.00	0.00
FBC	21	31.47	18.78	20.18	29.57	0.00	0.00
FBC	22	30.47	20.58	18.33	30.62	0.00	0.00
FBC	23	28.62	18.93	20.23	32.22	0.00	0.00
FBC	24	30.37	19.48	18.58	31.57	0.00	0.00
FBC	25	28.27	18.88	19.68	33.17	0.00	0.00
FBC	26	31.07	19.98	19.33	29.62	0.00	0.00
FBC	27	30.27	20.43	18.93	30.37	0.00	0.00
FBC	28	31.12	20.73	19.03	29.12	0.00	0.00
FBC	29	30.32	19.28	20.18	30.22	0.00	0.00
FBC	30	29.87	20.43	19.28	30.42	0.00	0.00
FBC	31	30.87	17.73	19.23	32.17	0.00	0.00
FBC	32	31.47	21.58	17.68	29.27	0.00	0.00
FBC	33	32.57	20.03	18.23	29.17	0.00	0.00
FBC	34	32.52	18.28	19.98	29.22	0.00	0.00
FBC	35	31.47	20.08	19.13	29.32	0.00	0.00
FBC	36	30.47	19.83	19.43	30.27	0.00	0.00
FBC	37	30.82	20.23	18.03	30.92	0.00	0.00
FBC	38	29.77	21.08	17.58	31.57	0.00	0.00
FBC	39	30.62	20.68	18.28	30.42	0.00	0.00
FBC	40	30.57	18.83	19.53	31.07	0.00	0.00
FBC	41	31.52	18.98	18.78	30.72	0.00	0.00
FBC	42	30.77	18.48	20.13	30.62	0.00	0.00
FBC	43	32.07	19.73	17.68	30.52	0.00	0.00
FBC	44	32.42	19.73	19.43	28.42	0.00	0.00
FBC	45	30.12	19.98	19.18	30.72	0.00	0.00
FBC	46	32.22	17.98	18.18	31.62	0.00	0.00
FBC	47	34.17	19.33	17.43	29.07	0.00	0.00
FBC	48	30.42	19.93	17.73	31.92	0.00	0.00
FBC	49	30.52	20.03	19.23	30.22	0.00	0.00
FBC	50	32.02	20.48	18.13	29.37	0.00	0.00
FBC	51	31.57	19.58	19.03	29.82	0.00	0.00
FBC	52	30.47	19.58	18.18	31.77	0.00	0.00
FBC	53	31.72	19.28	17.63	31.37	0.00	0.00
FBC	54	30.47	20.68	18.38	30.47	0.00	0.00
FBC	55	32.42	18.18	17.78	31.62	0.00	0.00
FBC	56	31.32	20.48	17.38	30.82	0.00	0.00
FBC	57	31.57	21.08	17.18	30.17	0.00	0.00
FBC	58	31.07	20.18	19.68	29.07	0.00	0.00
FBC	59	31.02	20.23	18.23	30.52	0.00	0.00
FBC	60	33.32	19.18	18.28	29.22	0.00	0.00
FBC	61	30.97	19.63	17.18	32.22	0.00	0.00
FBC	62	31.07	20.38	18.38	30.17	0.00	0.00
FBC	63	29.42	19.88	19.28	31.42	0.00	0.00
FBC	64	30.12	17.48	19.93	32.47	0.00	0.00
FBC	65	28.82	19.88	19.98	31.32	0.00	0.00
FBC	66	31.02	18.63	17.68	32.67	0.00	0.00
FBC	67	31.47	18.73	19.58	30.22	0.00	0.00
FBC	68	31.77	18.08	18.03	32.12	0.00	0.00
FBC	69	31.37	21.83	17.78	29.02	0.00	0.00
FBC	70	30.32	20.33	17.78	31.57	0.00	0.00
FBC	71	32.07	19.73	19.48	28.72	0.00	0.00
FBC	72	29.32	19.53	18.93	32.22	0.00	0.00
FBC	73	31.02	20.33	18.43	30.22	0.00	0.00
FBC	74	29.72	19.03	19.78	31.47	0.00	0.00
FBC	75	29.87	19.28	19.23	31.62	0.00	0.00
FBC	76	30.82	19.88	19.58	29.72	0.00	0.00
FBC	77	31.17	20.88	19.03	28.92	0.00	0.00
FBC	78	29.72	20.33	19.88	30.07	0.00	0.00
FBC	79	29.37	21.78	18.63	30.22	0.00	0.00
FBC	80	30.32	19.13	17.48	33.07	0.00	0.00
FBC	81	31.22	18.13	19.58	31.07	0.00	0.00
FBC	82	31.27	20.18	19.03	29.52	0.00	0.00
FBC	83	30.72	20.73	17.23	31.32	0.00	0.00
FBC	84	30.22	19.38	18.88	31.52	0.00	0.00
FBC	85	29.62	21.93	17.88	30.57	0.00	0.00
FBC	86	29.92	21.18	17.93	30.97	0.00	0.00
FBC	87	30.57	19.08	19.73	30.62	0.00	0.00
FBC	88	31.27	20.73	17.48	30.52	0.00	0.00
FBC	89	30.07	21.23	19.13	29.57	0.00	0.00
FBC	90	29.67	20.63	19.63	30.07	0.00	0.00
FBC	91	29.27	19.63	20.08	31.02	0.00	0.00
FBC	92	28.52	19.63	20.28	31.57	0.00	0.00
FBC	93	32.67	19.23	17.08	31.02	0.00	0.00
FBC	94	30.37	20.53	18.28	30.82	0.00	0.00
FBC	95	28.82	20.53	20.38	30.27	0.00	0.00
FBC	96	31.22	17.68	19.53	31.57	0.00	0.00
FBC	97	30.62	19.63	19.28	30.47	0.00	0.00
FBC	98	32.52	18.78	18.83	29.87	0.00	0.00
FBC	99	31.72	19.88	18.83	29.57	0.00	0.00
FBC	100	29.92	19.78	19.38	30.92	0.00	0.00
FBC	101	28.67	19.73	20.33	31.27	0.00	0.00
FBC	102	30.92	19.83	17.63	31.62	0.00	0.00
FBC	103	30.22	20.93	19.38	29.47	0.00	0.00
FBC	104	29.87	18.48	19.68	31.97	0.00	0.00
FBC	105	30.72	18.98	19.78	30.52	0.00	0.00
FBC	106	29.27	20.18	19.78	30.77	0.00	0.00
FBC	107	32.02	18.93	19.08	29.97	0.00	0.00
FBC	108	30.77	20.23	18.43	30.57	0.00	0.00
FBC	109	30.22	20.48	19.28	30.02	0.00	0.00
FBC	110	29.37	21.33	17.98	31.32	0.00	0.00
FBC	111	30.27	20.08	19.53	30.12	0.00	0.00
FBC	112	31.17	19.93	19.08	29.82	0.00	0.00
FBC	113	29.82	19.33	20.18	30.67	0.00	0.00
FBC	114	30.12	19.33	18.33	32.22	0.00	0.00
FBC	115	31.47	18.83	18.78	30.92	0.00	0.00
FBC	116	31.02	21.23	18.38	29.37	0.00	0.00
FBC	117	30.72	19.73	20.08	29.47	0.00	0.00
FBC	118	31.57	19.98	17.33	31.12	0.00	0.00
FBC	119	30.62	20.13	17.03	32.22	0.00	0.00
FBC	120	29.97	21.58	19.33	29.12	0.00	0.00
FBC	121	30.87	20.03	18.93	30.17	0.00	0.00
FBC	122	31.12	20.38	18.28	30.22	0.00	0.00
FBC	123	30.67	20.88	18.93	29.52	0.00	0.00
FBC	124	29.77	20.43	20.48	29.32	0.00	0.00
FBC	125	30.77	19.83	19.13	30.27	0.00	0.00
FBC	126	31.32	19.28	18.28	31.12	0.00	0.00
FBC	127	29.12	20.18	19.93	30.77	0.00	0.00
FBC	128	29.97	20.98	18.83	30.22	0.00	0.00
FBC	129	33.32	17.93	18.48	30.27	0.00	0.00
FBC	130	30.52	19.78	19.13	30.57	0.00	0.00
FBC	131	29.67	20.58	19.73	30.02	0.00	0.00
FBC	132	31.47	20.93	17.58	30.02	0.00	0.00
FBC	133	30.02	20.73	18.08	31.17	0.00	0.00
FBC	134	32.02	17.83	19.23	30.92	0.00	0.00
FBC	135	28.52	21.08	18.18	32.22	0.00	0.00
FBC	136	31.07	20.88	18.83	29.22	0.00	0.00
FBC	137	30.87	21.48	18.23	29.42	0.00	0.00
FBC	138	30.72	20.28	18.78	30.22	0.00	0.00
FBC	139	31.02	19.78	18.33	30.87	0.00	0.00
FBC	140	32.22	18.73	17.03	32.02	0.00	0.00
FBC	141	31.62	18.83	19.78	29.77	0.00	0.00
FBC	142	32.32	19.33	18.53	29.82	0.00	0.00
FBC	143	31.32	19.63	18.88	30.17	0.00	0.00
FBC	144	31.12	19.73	18.33	30.82	0.00	0.00
FBC	145	29.52	20.78	19.68	30.02	0.00	0.00
FBC	146	30.42	18.73	20.28	30.57	0.00	0.00
FBC	147	31.02	19.23	18.53	31.22	0.00	0.00
FBC	148	30.57	21.18	17.38	30.87	0.00	0.00
FBC	149	29.62	20.98	18.93	30.47	0.00	0.00
FBC	150	31.22	18.93	18.23	31.62	0.00	0.00
# ACGT raw counters for first fragments. Use `grep ^FTC | cut -f 2-` to extract this part. The columns are: A,C,G,T,N base counters
FTC	92270	59742	56605	91683	0
# ACGT content per cycle for last fragments. Use `grep ^LBC | cut -f 2-` to extract this part. The columns are: cycle; A,C,G,T base counts as a percentage of all A/C/G/T bases [%]; and N and O counts as a percentage of all A/C/G/T bases [%]
LBC	1	29.82	21.13	18.23	30.82	0.00	0.00
LBC	2	30.72	20.53	19.28	29.47	0.00	0.00
LBC	3	30.77	20.28	18.43	30.52	0.00	0.00
LBC	4	31.27	18.38	17.48	32.87	0.00	0.00
LBC	5	29.57	22.08	18.93	29.42	0.00	0.00
LBC	6	29.12	20.33	18.63	31.92	0.00	0.00
LBC	7	30.32	21.58	18.08	30.02	0.00	0.00
LBC	8	30.62	20.13	19.58	29.67	0.00	0.00
LBC	9	30.87	19.43	19.08	30.62	0.00	0.00
LBC	10	30.42	20.18	19.03	30.37	0.00	0.00
LBC	11	31.37	19.33	17.33	31.97	0.00	0.00
LBC	12	30.67	20.93	18.03	30.37	0.00	0.00
LBC	13	32.17	20.58	18.23	29.02	0.00	0.00
LBC	14	30.42	19.13	18.48	31.97	0.00	0.00
LBC	15	29.77	20.83	17.78	31.62	0.00	0.00
LBC	16	31.42	19.48	18.98	30.12	0.00	0.00
LBC	17	31.92	19.18	17.18	31.72	0.00	0.00
LBC	18	31.02	20.68	17.33	30.97	0.00	0.00
LBC	19	30.92	19.88	18.53	30.67	0.00	0.00
LBC	20	30.27	20.33	18.98	30.42	0.00	0.00
LBC	21	30.87	20.58	18.08	30.47	0.00	0.00
LBC	22	30.37	21.33	18.38	29.92	0.00	0.00
LBC	23	31.62	21.13	18.13	29.12	0.00	0.00
LBC	24	29.67	21.28	19.58	29.47	0.00	0.00
LBC	25	29.32	19.13	19.78	31.77	0.00	0.00
LBC	26	30.22	20.18	20.23	29.37	0.00	0.00
LBC	27	29.42	21.98	18.53	30.07	0.00	0.00
LBC	28	30.92	21.13	17.93	30.02	0.00	0.00
LBC	29	30.22	19.78	19.93	30.07	0.00	0.00
LBC	30	31.52	18.98	18.88	30.62	0.00	0.00
LBC	31	31.22	19.13	19.03	30.62	0.00	0.00
LBC	32	30.12	20.23	19.78	29.87	0.00	0.00
LBC	33	32.37	19.38	17.38	30.87	0.00	0.00
LBC	34	30.57	19.33	18.38	31.72	0.00	0.00
LBC	35	30.92	20.18	19.28	29.62	0.00	0.00
LBC	36	30.22	20.03	18.23	31.52	0.00	0.00
LBC	37	29.72	21.38	17.73	31.17	0.00	0.00
LBC	38	30.12	20.33	18.88	30.67	0.00	0.00
LBC	39	31.27	20.83	18.33	29.57	0.00	0.00
LBC	40	30.82	19.43	18.13	31.62	0.00	0.00
LBC	41	29.62	19.83	19.78	30.77	0.00	0.00
LBC	42	30.82	19.33	19.38	30.47	0.00	0.00
LBC	43	30.12	19.48	19.18	31.22	0.00	0.00
LBC	44	28.92	20.53	20.03	30.52	0.00	0.00
LBC	45	29.97	20.58	18.23	31.22	0.00	0.00
LBC	46	31.47	21.43	17.18	29.92	0.00	0.00
LBC	47	31.02	21.88	15.78	31.32	0.00	0.00
LBC	48	28.72	21.58	19.08	30.62	0.00	0.00
LBC	49	31.27	19.83	19.23	29.67	0.00	0.00
LBC	50	31.72	19.88	18.48	29.92	0.00	0.00
LBC	51	30.02	20.93	18.03	31.02	0.00	0.00
LBC	52	30.97	20.13	19.78	29.12	0.00	0.00
LBC	53	30.27	19.43	18.83	31.47	0.00	0.00
LBC	54	30.62	18.78	19.08	31.52	0.00	0.00
LBC	55	30.17	19.68	18.93	31.22	0.00	0.00
LBC	56	29.77	19.98	19.83	30.42	0.00	0.00
LBC	57	30.62	19.63	18.13	31.62	0.00	0.00
LBC	58	30.12	19.53	17.88	32.47	0.00	0.00
LBC	59	32.17	19.23	19.13	29.47	0.00	0.00
LBC	60	31.77	20.08	20.38	27.77	0.00	0.00
LBC	61	32.52	17.93	19.33	30.22	0.00	0.00
LBC	62	29.47	19.18	19.38	31.97	0.00	0.00
LBC	63	30.12	21.03	19.63	29.22	0.00	0.00
LBC	64	30.92	19.93	18.53	30.62	0.00	0.00
LBC	65	30.32	20.58	18.23	30.87	0.00	0.00
LBC	66	30.22	20.18	19.13	30.47	0.00	0.00
LBC	67	29.87	18.88	20.58	30.67	0.00	0.00
LBC	68	29.32	20.13	19.53	31.02	0.00	0.00
LBC	69	30.37	21.28	18.83	29.52	0.00	0.00
LBC	70	30.02	20.23	19.33	30.42	0.00	0.00
LBC	71	31.32	20.18	18.83	29.67	0.00	0.00
LBC	72	31.22	18.98	17.78	32.02	0.00	0.00
LBC	73	31.02	21.28	17.83	29.87	0.00	0.00
LBC	74	30.17	20.13	19.68	30.02	0.00	0.00
LBC	75	32.62	19.08	17.83	30.47	0.00	0.00
LBC	76	29.37	20.48	18.78	31.37	0.00	0.00
LBC	77	31.07	20.93	18.08	29.92	0.00	0.00
LBC	78	32.87	18.63	18.13	30.37	0.00	0.00
LBC	79	30.62	21.08	17.88	30.42	0.00	0.00
LBC	80	29.72	20.88	16.93	32.47	0.00	0.00
LBC	81	29.82	21.73	18.13	30.32	0.00	0.00
LBC	82	30.97	18.78	19.43	30.82	0.00	0.00
LBC	83	30.72	19.93	18.23	31.12	0.00	0.00
LBC	84	31.42	20.38	20.58	27.62	0.00	0.00
LBC	85	29.57	19.88	18.28	32.27	0.00	0.00
LBC	86	29.02	20.38	19.83	30.77	0.00	0.00
LBC	87	30.57	20.78	18.73	29.92	0.00	0.00
LBC	88	31.47	19.33	19.13	30.07	0.00	0.00
LBC	89	29.87	19.68	20.63	29.82	0.00	0.00
LBC	90	31.22	21.38	18.03	29.37	0.00	0.00
LBC	91	31.22	20.88	18.68	29.22	0.00	0.00
LBC	92	31.07	19.03	20.08	29.82	0.00	0.00
LBC	93	29.92	19.93	19.63	30.52	0.00	0.00
LBC	94	30.72	20.43	17.98	30.87	0.00	0.00
LBC	95	31.02	20.43	18.83	29.72	0.00	0.00
LBC	96	29.42	19.78	19.88	30.92	0.00	0.00
LBC	97	30.27	19.43	20.88	29.42	0.00	0.00
LBC	98	31.97	18.93	18.38	30.72	0.00	0.00
LBC	99	29.92	20.08	19.08	30.92	0.00	0.00
LBC	100	30.97	20.88	18.58	29.57	0.00	0.00
LBC	101	31.37	19.93	17.98	30.72	0.00	0.00
LBC	102	31.47	21.88	18.33	28.32	0.00	0.00
LBC	103	30.57	20.88	19.28	29.27	0.00	0.00
LBC	104	31.02	19.43	18.03	31.52	0.00	0.00
LBC	105	27.67	21.88	19.18	31.27	0.00	0.00
LBC	106	31.72	19.38	16.33	32.57	0.00	0.00
LBC	107	29.02	21.43	17.68	31.87	0.00	0.00
LBC	108	30.82	20.13	19.43	29.62	0.00	0.00
LBC	109	29.92	20.83	18.98	30.27	0.00	0.00
LBC	110	30.12	20.28	18.73	30.87	0.00	0.00
LBC	111	31.22	18.83	19.58	30.37	0.00	0.00
LBC	112	31.52	18.83	18.78	30.87	0.00	0.00
LBC	113	29.77	19.28	17.93	33.02	0.00	0.00
LBC	114	30.57	19.78	19.23	30.42	0.00	0.00
LBC	115	31.82	19.83	18.53	29.82	0.00	0.00
LBC	116	30.12	18.98	18.93	31.97	0.00	0.00
LBC	117	31.47	20.83	16.88	30.82	0.00	0.00
LBC	118	30.87	19.53	17.23	32.37	0.00	0.00
LBC	119	29.97	19.63	19.13	31.27	0.00	0.00
LBC	120	30.02	19.93	19.98	30.07	0.00	0.00
LBC	121	30.67	20.23	17.98	31.12	0.00	0.00
LBC	122	29.57	19.13	20.63	30.67	0.00	0.00
LBC	123	30.32	20.18	19.63	29.87	0.00	0.00
LBC	124	30.22	19.83	18.13	31.82	0.00	0.00
LBC	125	31.87	19.38	17.53	31.22	0.00	0.00
LBC	126	31.12	19.98	18.38	30.52	0.00	0.00
LBC	127	29.17	19.78	19.38	31.67	0.00	0.00
LBC	128	30.82	19.33	17.93	31.92	0.00	0.00
LBC	129	31.42	19.63	19.48	29.47	0.00	0.00
LBC	130	30.67	21.03	18.83	29.47	0.00	0.00
LBC	131	30.42	19.98	18.08	31.52	0.00	0.00
LBC	132	29.72	19.63	20.63	30.02	0.00	0.00
LBC	133	32.52	19.78	18.93	28.77	0.00	0.00
LBC	134	29.67	20.23	19.73	30.37	0.00	0.00
LBC	135	32.07	19.13	18.63	30.17	0.00	0.00
LBC	136	31.12	19.83	18.03	31.02	0.00	0.00
LBC	137	32.22	20.33	16.88	30.57	0.00	0.00
LBC	138	29.92	20.63	18.18	31.27	0.00	0.00
LBC	139	30.02	20.43	17.88	31.67	0.00	0.00
LBC	140	31.02	19.23	19.53	30.22	0.00	0.00
LBC	141	31.57	19.83	17.68	30.92	0.00	0.00
LBC	142	31.37	19.38	18.98	30.27	0.00	0.00
LBC	143	31.12	20.08	18.08	30.72	0.00	0.00
LBC	144	32.47	19.28	18.98	29.27	0.00	0.00
LBC	145	31.52	20.88	18.93	28.67	0.00	0.00
LBC	146	32.17	19.23	17.28	31.32	0.00	0.00
LBC	147	31.62	18.58	18.43	31.37	0.00	0.00
LBC	148	31.22	20.18	18.08	30.52	0.00	0.00
LBC	149	29.64	21.99	18.89	29.49	0.00	0.00
LBC	150	30.63	20.44	18.59	30.33	0.00	0.00
# ACGT raw counters for last fragments. Use `grep ^LTC | cut -f 2-` to extract this part. The columns are: A,C,G,T,N base counters
LTC	92056	60340	56145	91757	0
# Insert sizes. Use `grep ^IS | cut -f 2-` to extract this part. The columns are: insert size, pairs total, inward oriented pairs, outward oriented pairs, other pairs
IS	0	0	0	0	0
IS	1	0	0	0	0
IS	2	0	0	0	0
IS	3	0	0	0	0
IS	4	0	0	0	0
IS	5	0	0	0	0
IS	6	0	0	0	0
IS	7	0	0	0	0
IS	8	0	0	0	0
IS	9	0	0	0	0
IS	10	0	0	0	0
IS	11	0	0	0	0
IS	12	0	0	0	0
IS	13	0	0	0	0
IS	14	0	0	0	0
IS	15	0	0	0	0
IS	16	0	0	0	0
IS	17	0	0	0	0
IS	18	0	0	0	0
IS	19	0	0	0	0
IS	20	0	0	0	0
IS	21	0	0	0	0
IS	22	0	0	0	0
IS	23	0	0	0	0
IS	24	0	0	0	0
IS	25	0	0	0	0
IS	26	0	0	0	0
IS	27	0	0	0	0
IS	28	0	0	0	0
IS	29	0	0	0	0
IS	30	0	0	0	0
IS	31	0	0	0	0
IS	32	0	0	0	0
IS	33	0	0	0	0
IS	34	0	0	0	0
IS	35	0	0	0	0
IS	36	0	0	0	0
IS	37	0	0	0	0
IS	38	0	0	0	0
IS	39	0	0	0	0
IS	40	0	0	0	0
IS	41	0	0	0	0
IS	42	0	0	0	0
IS	43	0	0	0	0
IS	44	0	0	0	0
IS	45	0	0	0	0
IS	46	0	0	0	0
IS	47	0	0	0	0
IS	48	0	0	0	0
IS	49	0	0	0	0
IS	50	0	0	0	0
IS	51	0	0	0	0
IS	52	0	0	0	0
IS	53	0	0	0	0
IS	54	0	0	0	0
IS	55	0	0	0	0
IS	56	0	0	0	0
IS	57	0	0	0	0
IS	58	0	0	0	0
IS	59	0	0	0	0
IS	60	0	0	0	0
IS	61	0	0	0	0
IS	62	0	0	0	0
IS	63	0	0	0	0
IS	64	0	0	0	0
IS	65	0	0	0	0
IS	66	0	0	0	0
IS	67	0	0	0	0
IS	68	0	0	0	0
IS	69	0	0	0	0
IS	70	0	0	0	0
IS	71	0	0	0	0
IS	72	0	0	0	0
IS	73	0	0	0	0
IS	74	0	0	0	0
IS	75	0	0	0	0
IS	76	0	0	0	0
IS	77	0	0	0	0
IS	78	0	0	0	0
IS	79	0	0	0	0
IS	80	0	0	0	0
IS	81	0	0	0	0
IS	82	0	0	0	0
IS	83	0	0	0	0
IS	84	0	0	0	0
IS	85	0	0	0	0
IS	86	0	0	0	0
IS	87	0	0	0	0
IS	88	0	0	0	0
IS	89	0	0	0	0
IS	90	0	0	0	0
IS	91	0	0	0	0
IS	92	0	0	0	0
IS	93	0	0	0	0
IS	94	0	0	0	0
IS	95	0	0	0	0
IS	96	0	0	0	0
IS	97	0	0	0	0
IS	98	0	0	0	0
IS	99	0	0	0	0
IS	100	0	0	0	0
IS	101	0	0	0	0
IS	102	0	0	0	0
IS	103	0	0	0	0
IS	104	0	0	0	0
IS	105	0	0	0	0
IS	106	0	0	0	0
IS	107	0	0	0	0
IS	108	0	0	0	0
IS	109	0	0	0	0
IS	110	0	0	0	0
IS	111	0	0	0	0
IS	112	0	0	0	0
IS	113	0	0	0	0
IS	114	0	0	0	0
IS	115	0	0	0	0
IS	116	0	0	0	0
IS	117	0	0	0	0
IS	118	0	0	0	0
IS	119	0	0	0	0
IS	120	0	0	0	0
IS	121	0	0	0	0
IS	122	0	0	0	0
IS	123	0	0	0	0
IS	124	0	0	0	0
IS	125	0	0	0	0
IS	126	0	0	0	0
IS	127	0	0	0	0
IS	128	0	0	0	0
IS	129	0	0	0	0
IS	130	0	0	0	0
IS	131	0	0	0	0
IS	132	0	0	0	0
IS	133	0	0	0	0
IS	134	0	0	0	0
IS	135	0	0	0	0
IS	136	0	0	0	0
IS	137	0	0	0	0
IS	138	0	0	0	0
IS	139	0	0	0	0
IS	140	0	0	0	0
IS	141	0	0	0	0
IS	142	0	0	0	0
IS	143	0	0	0	0
IS	144	0	0	0	0
IS	145	0	0	0	0
IS	146	0	0	0	0
IS	147	0	0	0	0
IS	148	0	0	0	0
IS	149	0	0	0	0
IS	150	0	0	0	0
IS	151	0	0	0	0
IS	152	0	0	0	0
IS	153	0	0	0	0
IS	154	0	0	0	0
IS	155	0	0	0	0
IS	156	0	0	0	0
IS	157	0	0	0	0
IS	158	0	0	0	0
IS	159	0	0	0	0
IS	160	0	0	0	0
IS	161	0	0	0	0
IS	162	0	0	0	0
IS	163	0	0	0	0
IS	164	0	0	0	0
IS	165	0	0	0	0
IS	166	0	0	0	0
IS	167	0	0	0	0
IS	168	0	0	0	0
IS	169	0	0	0	0
IS	170	0	0	0	0
IS	171	0	0	0	0
IS	172	0	0	0	0
IS	173	0	0	0	0
IS	174	0	0	0	0
IS	175	0	0	0	0
IS	176	0	0	0	0
IS	177	0	0	0	0
IS	178	0	0	0	0
IS	179	0	0	0	0
IS	180	0	0	0	0
IS	181	0	0	0	0
IS	182	0	0	0	0
IS	183	0	0	0	0
IS	184	0	0	0	0
IS	185	0	0	0	0
IS	186	0	0	0	0
IS	187	0	0	0	0
IS	188	0	0	0	0
IS	189	0	0	0	0
IS	190	0	0	0	0
IS	191	0	0	0	0
IS	192	0	0	0	0
IS	193	0	0	0	0
IS	194	0	0	0	0
IS	195	0	0	0	0
IS	196	0	0	0	0
IS	197	0	0	0	0
IS	198	0	0	0	0
IS	199	0	0	0	0
IS	200	0	0	0	0
IS	201	0	0	0	0
IS	202	0	0	0	0
IS	203	0	0	0	0
IS	204	0	0	0	0
IS	205	0	0	0	0
IS	206	0	0	0	0
IS	207	0	0	0	0
IS	208	0	0	0	0
IS	209	0	0	0	0
IS	210	0	0	0	0
IS	211	0	0	0	0
IS	212	0	0	0	0
IS	213	0	0	0	0
IS	214	0	0	0	0
IS	215	0	0	0	0
IS	216	0	0	0	0
IS	217	0	0	0	0
IS	218	0	0	0	0
IS	219	0	0	0	0
IS	220	0	0	0	0
IS	221	0	0	0	0
IS	222	0	0	0	0
IS	223	0	0	0	0
IS	224	0	0	0	0
IS	225	0	0	0	0
IS	226	0	0	0	0
IS	227	0	0	0	0
IS	228	0	0	0	0
IS	229	0	0	0	0
IS	230	0	0	0	0
IS	231	0	0	0	0
IS	232	0	0	0	0
IS	233	0	0	0	0
IS	234	0	0	0	0
IS	235	0	0	0	0
IS	236	0	0	0	0
IS	237	0	0	0	0
IS	238	0	0	0	0
IS	239	0	0	0	0
IS	240	0	0	0	0
IS	241	0	0	0	0
IS	242	0	0	0	0
IS	243	0	0	0	0
IS	244	0	0	0	0
IS	245	0	0	0	0
IS	246	0	0	0	0
IS	247	0	0	0	0
IS	248	0	0	0	0
IS	249	0	0	0	0
IS	250	0	0	0	0
IS	251	0	0	0	0
IS	252	0	0	0	0
IS	253	0	0	0	0
IS	254	0	0	0	0
IS	255	0	0	0	0
IS	256	0	0	0	0
IS	257	0	0	0	0
IS	258	0	0	0	0
IS	259	0	0	0	0
IS	260	0	0	0	0
IS	261	0	0	0	0
IS	262	0	0	0	0
IS	263	0	0	0	0
IS	264	0	0	0	0
IS	265	0	0	0	0
IS	266	0	0	0	0
IS	267	0	0	0	0
IS	268	0	0	0	0
IS	269	0	0	0	0
IS	270	0	0	0	0
IS	271	0	0	0	0
IS	272	0	0	0	0
IS	273	0	0	0	0
IS	274	0	0	0	0
IS	275	0	0	0	0
IS	276	0	0	0	0
IS	277	0	0	0	0
IS	278	0	0	0	0
IS	279	0	0	0	0
IS	280	0	0	0	0
IS	281	0	0	0	0
IS	282	0	0	0	0
IS	283	0	0	0	0
IS	284	0	0	0	0
IS	285	0	0	0	0
IS	286	0	0	0	0
IS	287	0	0	0	0
IS	288	0	0	0	0
IS	289	0	0	0	0
IS	290	0	0	0	0
IS	291	0	0	0	0
IS	292	0	0	0	0
IS	293	0	0	0	0
IS	294	0	0	0	0
IS	295	0	0	0	0
IS	296	0	0	0	0
IS	297	0	0	0	0
IS	298	0	0	0	0
IS	299	0	0	0	0
IS	300	0	0	0	0
IS	301	0	0	0	0
IS	302	0	0	0	0
IS	303	0	0	0	0
IS	304	0	0	0	0
IS	305	0	0	0	0
IS	306	0	0	0	0
IS	307	0	0	0	0
IS	308	0	0	0	0
IS	309	0	0	0	0
IS	310	0	0	0	0
IS	311	0	0	0	0
IS	312	0	0	0	0
IS	313	0	0	0	0
IS	314	0	0	0	0
IS	315	0	0	0	0
IS	316	0	0	0	0
IS	317	0	0	0	0
IS	318	0	0	0	0
IS	319	0	0	0	0
IS	320	0	0	0	0
IS	321	0	0	0	0
IS	322	0	0	0	0
IS	323	0	0	0	0
IS	324	0	0	0	0
IS	325	0	0	0	0
IS	326	0	0	0	0
IS	327	0	0	0	0
IS	328	0	0	0	0
IS	329	0	0	0	0
IS	330	0	0	0	0
IS	331	0	0	0	0
IS	332	0	0	0	0
IS	333	0	0	0	0
IS	334	0	0	0	0
IS	335	0	0	0	0
IS	336	0	0	0	0
IS	337	0	0	0	0
IS	338	0	0	0	0
IS	339	0	0	0	0
IS	340	0	0	0	0
IS	341	2	2	0	0
IS	342	0	0	0	0
IS	343	2	2	0	0
IS	344	0	0	0	0
IS	345	0	0	0	0
IS	346	1	1	0	0
IS	347	0	0	0	0
IS	348	0	0	0	0
IS	349	0	0	0	0
IS	350	0	0	0	0
IS	351	0	0	0	0
IS	352	0	0	0	0
IS	353	1	1	0	0
IS	354	0	0	0	0
IS	355	0	0	0	0
IS	356	1	1	0	0
IS	357	2	2	0	0
IS	358	0	0	0	0
IS	359	0	0	0	0
IS	360	1	1	0	0
IS	361	4	4	0	0
IS	362	0	0	0	0
IS	363	0	0	0	0
IS	364	0	0	0	0
IS	365	0	0	0	0
IS	366	2	2	0	0
IS	367	0	0	0	0
IS	368	0	0	0	0
IS	369	0	0	0	0
IS	370	0	0	0	0
IS	371	1	1	0	0
IS	372	0	0	0	0
IS	373	1	1	0	0
IS	374	0	0	0	0
IS	375	1	1	0	0
IS	376	1	1	0	0
IS	377	1	1	0	0
IS	378	0	0	0	0
IS	379	1	1	0	0
IS	380	0	0	0	0
IS	381	2	2	0	0
IS	382	1	1	0	0
IS	383	2	2	0	0
IS	384	2	2	0	0
IS	385	0	0	0	0
IS	386	0	0	0	0
IS	387	0	0	0	0
IS	388	0	0	0	0
IS	389	1	1	0	0
IS	390	0	0	0	0
IS	391	2	2	0	0
IS	392	2	2	0	0
IS	393	2	2	0	0
IS	394	2	2	0	0
IS	395	2	2	0	0
IS	396	2	2	0	0
IS	397	5	5	0	0
IS	398	1	1	0	0
IS	399	1	1	0	0
IS	400	3	3	0	0
IS	401	0	0	0	0
IS	402	5	5	0	0
IS	403	3	3	0	0
IS	404	5	5	0	0
IS	405	3	3	0	0
IS	406	0	0	0	0
IS	407	2	2	0	0
IS	408	4	4	0	0
IS	409	2	2	0	0
IS	410	4	4	0	0
IS	411	3	3	0	0
IS	412	3	3	0	0
IS	413	4	4	0	0
IS	414	3	3	0	0
IS	415	4	4	0	0
IS	416	6	6	0	0
IS	417	3	3	0	0
IS	418	1	1	0	0
IS	419	5	5	0	0
IS	420	6	6	0	0
IS	421	5	5	0	0
IS	422	2	2	0	0
IS	423	4	4	0	0
IS	424	9	9	0	0
IS	425	4	4	0	0
IS	426	3	3	0	0
IS	427	2	2	0	0
IS	428	9	9	0	0
IS	429	12	12	0	0
IS	430	5	5	0	0
IS	431	6	6	0	0
IS	432	4	4	0	0
IS	433	5	5	0	0
IS	434	6	6	0	0
IS	435	8	8	0	0
IS	436	5	5	0	0
IS	437	6	6	0	0
IS	438	10	10	0	0
IS	439	6	6	0	0
IS	440	6	6	0	0
IS	441	10	10	0	0
IS	442	10	10	0	0
IS	443	6	6	0	0
IS	444	6	6	0	0
IS	445	4	4	0	0
IS	446	4	4	0	0
IS	447	11	11	0	0
IS	448	15	15	0	0
IS	449	9	9	0	0
IS	450	9	9	0	0
IS	451	10	10	0	0
IS	452	9	9	0	0
IS	453	10	10	0	0
IS	454	11	11	0	0
IS	455	13	13	0	0
IS	456	14	14	0	0
IS	457	16	16	0	0
IS	458	9	9	0	0
IS	459	15	15	0	0
IS	460	10	10	0	0
IS	461	17	17	0	0
IS	462	12	12	0	0
IS	463	15	15	0	0
IS	464	12	12	0	0
IS	465	14	14	0	0
IS	466	8	8	0	0
IS	467	8	8	0	0
IS	468	14	14	0	0
IS	469	14	14	0	0
IS	470	16	16	0	0
IS	471	11	11	0	0
IS	472	9	9	0	0
IS	473	13	13	0	0
IS	474	14	14	0	0
IS	475	12	12	0	0
IS	476	17	17	0	0
IS	477	17	17	0	0
IS	478	14	14	0	0
IS	479	11	11	0	0
IS	480	13	13	0	0
IS	481	11	11	0	0
IS	482	12	12	0	0
IS	483	17	17	0	0
IS	484	18	18	0	0
IS	485	17	17	0	0
IS	486	15	15	0	0
IS	487	11	11	0	0
IS	488	14	14	0	0
IS	489	19	19	0	0
IS	490	15	15	0	0
IS	491	10	10	0	0
IS	492	16	16	0	0
IS	493	13	13	0	0
IS	494	18	18	0	0
IS	495	16	16	0	0
IS	496	20	20	0	0
IS	497	23	23	0	0
IS	498	8	8	0	0
IS	499	20	20	0	0
IS	500	22	22	0	0
IS	501	17	17	0	0
IS	502	14	14	0	0
IS	503	18	18	0	0
IS	504	11	11	0	0
IS	505	18	18	0	0
IS	506	20	20	0	0
IS	507	18	18	0	0
IS	508	21	21	0	0
IS	509	20	20	0	0
IS	510	12	12	0	0
IS	511	18	18	0	0
IS	512	19	19	0	0
IS	513	11	11	0	0
IS	514	17	17	0	0
IS	515	18	18	0	0
IS	516	15	15	0	0
IS	517	15	15	0	0
IS	518	18	18	0	0
IS	519	17	17	0	0
IS	520	17	17	0	0
IS	521	15	15	0	0
IS	522	14	14	0	0
IS	523	7	7	0	0
IS	524	15	15	0	0
IS	525	20	20	0	0
IS	526	11	11	0	0
IS	527	20	20	0	0
IS	528	12	12	0	0
IS	529	13	13	0	0
IS	530	6	6	0	0
IS	531	14	14	0	0
IS	532	13	13	0	0
IS	533	15	15	0	0
IS	534	19	19	0	0
IS	535	10	10	0	0
IS	536	13	13	0	0
IS	537	7	7	0	0
IS	538	4	4	0	0
IS	539	9	9	0	0
IS	540	13	13	0	0
IS	541	12	12	0	0
IS	542	13	13	0	0
IS	543	5	5	0	0
IS	544	8	8	0	0
IS	545	9	9	0	0
IS	546	9	9	0	0
IS	547	17	17	0	0
IS	548	15	15	0	0
IS	549	10	10	0	0
IS	550	3	3	0	0
IS	551	6	6	0	0
IS	552	10	10	0	0
IS	553	8	8	0	0
IS	554	8	8	0	0
IS	555	11	11	0	0
IS	556	12	12	0	0
IS	557	8	8	0	0
IS	558	4	4	0	0
IS	559	11	11	0	0
IS	560	10	10	0	0
IS	561	7	7	0	0
IS	562	11	11	0	0
IS	563	5	5	0	0
IS	564	10	10	0	0
IS	565	8	8	0	0
IS	566	9	9	0	0
IS	567	4	4	0	0
IS	568	5	5	0	0
IS	569	9	9	0	0
IS	570	3	3	0	0
IS	571	9	9	0	0
IS	572	4	4	0	0
IS	573	3	3	0	0
IS	574	4	4	0	0
IS	575	5	5	0	0
IS	576	5	5	0	0
IS	577	3	3	0	0
IS	578	5	5	0	0
IS	579	7	7	0	0
IS	580	4	4	0	0
IS	581	7	7	0	0
IS	582	4	4	0	0
IS	583	2	2	0	0
IS	584	1	1	0	0
IS	585	4	4	0	0
IS	586	3	3	0	0
IS	587	1	1	0	0
IS	588	3	3	0	0
IS	589	3	3	0	0
IS	590	2	2	0	0
IS	591	1	1	0	0
IS	592	4	4	0	0
IS	593	4	4	0	0
IS	594	2	2	0	0
IS	595	4	4	0	0
IS	596	4	4	0	0
IS	597	3	3	0	0
IS	598	3	3	0	0
IS	599	3	3	0	0
IS	600	3	3	0	0
IS	601	1	1	0	0
IS	602	0	0	0	0
IS	603	2	2	0	0
IS	604	3	3	0	0
IS	605	3	3	0	0
IS	606	2	2	0	0
IS	607	2	2	0	0
IS	608	2	2	0	0
IS	609	2	2	0	0
# Read lengths. Use `grep ^RL | cut -f 2-` to extract this part. The columns are: read length, count
RL	148	1
RL	150	4003
# Read lengths - first fragments. Use `grep ^FRL | cut -f 2-` to extract this part. The columns are: read length, count
FRL	150	2002
# Read lengths - last fragments. Use `grep ^LRL | cut -f 2-` to extract this part. The columns are: read length, count
LRL	148	1
LRL	150	2001
# Mapping qualities for reads !(UNMAP|SECOND|SUPPL|QCFAIL|DUP). Use `grep ^MAPQ | cut -f 2-` to extract this part. The columns are: mapq, count
MAPQ	0	10
MAPQ	27	12
MAPQ	40	21
MAPQ	41	1
MAPQ	45	1
MAPQ	47	3
MAPQ	48	57
MAPQ	49	1
MAPQ	50	4
MAPQ	52	3
MAPQ	56	1
MAPQ	57	9
MAPQ	59	4
MAPQ	60	3877
# Indel distribution. Use `grep ^ID | cut -f 2-` to extract this part. The columns are: length, number of insertions, number of deletions
# Indels per cycle. Use `grep ^IC | cut -f 2-` to extract this part. The columns are: cycle, number of insertions (fwd), .. (rev) , number of deletions (fwd), .. (rev)
# Coverage distribution. Use `grep ^COV | cut -f 2-` to extract this part.
COV	[1-1]	1	4709
COV	[2-2]	2	8790
COV	[3-3]	3	14933
COV	[4-4]	4	19509
COV	[5-5]	5	20602
COV	[6-6]	6	17997
COV	[7-7]	7	12173
COV	[8-8]	8	8332
COV	[9-9]	9	4801
COV	[10-10]	10	2392
COV	[11-11]	11	1149
COV	[12-12]	12	439
COV	[13-13]	13	276
COV	[14-14]	14	136
COV	[15-15]	15	121
COV	[16-16]	16	17
# GC-depth. Use `grep ^GCD | cut -f 2-` to extract this part. The columns are: GC%, unique sequence percentiles, 10th, 25th, 50th, 75th and 90th depth percentile
GCD	0.0	15.385	0.000	0.000	0.000	0.000	0.000
GCD	37.0	23.077	2.505	2.505	2.505	2.505	2.505
GCD	38.0	53.846	2.505	2.505	2.505	2.505	2.505
GCD	39.0	84.615	2.475	2.482	2.505	2.505	2.505
GCD	40.0	92.308	2.505	2.505	2.505	2.505	2.505
GCD	45.0	100.000	2.505	2.505	2.505	2.505	2.505
