# This file was produced by samtools stats (1.20+htslib-1.21) and can be plotted using plot-bamstats
# This file contains statistics for all reads.
# The command line was:  stats sample3834.sorted.group.rmdup.bam
# CHK, Checksum	[2]Read Names	[3]Sequences	[4]Qualities
# CHK, CRC32 of reads which passed filtering followed by addition (32bit overflow)
CHK	8cde56c4	04485358	93be98f0
# Summary Numbers. Use `grep ^SN | cut -f 2-` to extract this part.
SN	raw total sequences:	4008	# excluding supplementary and secondary reads
SN	filtered sequences:	0
SN	sequences:	4008
SN	is sorted:	1
SN	1st fragments:	2004
SN	last fragments:	2004
SN	reads mapped:	4008
SN	reads mapped and paired:	4008	# paired-end technology bit set + both mates mapped
SN	reads unmapped:	0
SN	reads properly paired:	4008	# proper-pair bit set
SN	reads paired:	4008	# paired-end technology bit set
SN	reads duplicated:	0	# PCR or optical duplicate bit set
SN	reads MQ0:	24	# mapped and MQ=0
SN	reads QC failed:	0
SN	non-primary alignments:	0
SN	supplementary alignments:	0
SN	total length:	601200	# ignores clipping
SN	total first fragment length:	300600	# ignores clipping
SN	total last fragment length:	300600	# ignores clipping
SN	bases mapped:	601200	# ignores clipping
SN	bases mapped (cigar):	601200	# more accurate
SN	bases trimmed:	0
SN	bases duplicated:	0
SN	mismatches:	1040	# from NM fields
SN	error rate:	1.729874e-03	# mismatches / bases mapped (cigar)
SN	average length:	150
SN	average first fragment length:	150
SN	average last fragment length:	150
SN	maximum length:	150
SN	maximum first fragment length:	150
SN	maximum last fragment length:	150
SN	average quality:	30.0
SN	insert size average:	498.9
SN	insert size standard deviation:	47.9
SN	inward oriented pairs:	2004
SN	outward oriented pairs:	0
SN	pairs with other orientation:	0
SN	pairs on different chromosomes:	0
SN	percentage of properly paired reads (%):	100.0
# First Fragment Qualities. Use `grep ^FFQ | cut -f 2-` to extract this part.
# Columns correspond to qualities and rows to cycles. First column is the cycle number.
FFQ	1	0	0	0	0	0	0	0	0	0	0	0	0	0	0	0	0	0	0	0	0	0	0	0	0	0	0	0	0	0	0	2004	0
FFQ	2	0	0	0	0	0	0	0	0	0	0	0	0	0	0	0	0	0	0	0	0	0	0	0	0	0	0	0	0	0	0	2004	0
FFQ	3	0	0	0	0	0	0	0	0	0	0	0	0	0	0	0	0	0	0	0	0	0	0	0	0	0	0	0	0	0	0	2004	0
FFQ	4	0	0	0	0	0	0	0	0	0	0	0	0	0	0	0	0	0	0	0	0	0	0	0	0	0	0	0	0	0	0	2004	0
FFQ	5	0	0	0	0	0	0	0	0	0	0	0	0	0	0	0	0	0	0	0	0	0	0	0	0	0	0	0	0	0	0	2004	0
FFQ	6	0	0	0	0	0	0	0	0	0	0	0	0	0	0	0	0	0	0	0	0	0	0	0	0	0	0	0	0	0	0	2004	0
FFQ	7	0	0	0	0	0	0	0	0	0	0	0	0	0	0	0	0	0	0	0	0	0	0	0	0	0	0	0	0	0	0	2004	0
FFQ	8	0	0	0	0	0	0	0	0	0	0	0	0	0	0	0	0	0	0	0	0	0	0	0	0	0	0	0	0	0	0	2004	0
FFQ	9	0	0	0	0	0	0	0	0	0	0	0	0	0	0	0	0	0	0	0	0	0	0	0	0	0	0	0	0	0	0	2004	0
FFQ	10	0	0	0	0	0	0	0	0	0	0	0	0	0	0	0	0	0	0	0	0	0	0	0	0	0	0	0	0	0	0	2004	0
FFQ	11	0	0	0	0	0	0	0	0	0	0	0	0	0	0	0	0	0	0	0	0	0	0	0	0	0	0	0	0	0	0	2004	0
FFQ	12	0	0	0	0	0	0	0	0	0	0	0	0	0	0	0	0	0	0	0	0	0	0	0	0	0	0	0	0	0	0	2004	0
FFQ	13	0	0	0	0	0	0	0	0	0	0	0	0	0	0	0	0	0	0	0	0	0	0	0	0	0	0	0	0	0	0	2004	0
FFQ	14	0	0	0	0	0	0	0	0	0	0	0	0	0	0	0	0	0	0	0	0	0	0	0	0	0	0	0	0	0	0	2004	0
FFQ	15	0	0	0	0	0	0	0	0	0	0	0	0	0	0	0	0	0	0	0	0	0	0	0	0	0	0	0	0	0	0	2004	0
FFQ	16	0	0	0	0	0	0	0	0	0	0	0	0	0	0	0	0	0	0	0	0	0	0	0	0	0	0	0	0	0	0	2004	0
FFQ	17	0	0	0	0	0	0	0	0	0	0	0	0	0	0	0	0	0	0	0	0	0	0	0	0	0	0	0	0	0	0	2004	0
FFQ	18	0	0	0	0	0	0	0	0	0	0	0	0	0	0	0	0	0	0	0	0	0	0	0	0	0	0	0	0	0	0	2004	0
FFQ	19	0	0	0	0	0	0	0	0	0	0	0	0	0	0	0	0	0	0	0	0	0	0	0	0	0	0	0	0	0	0	2004	0
FFQ	20	0	0	0	0	0	0	0	0	0	0	0	0	0	0	0	0	0	0	0	0	0	0	0	0	0	0	0	0	0	0	2004	0
FFQ	21	0	0	0	0	0	0	0	0	0	0	0	0	0	0	0	0	0	0	0	0	0	0	0	0	0	0	0	0	0	0	2004	0
FFQ	22	0	0	0	0	0	0	0	0	0	0	0	0	0	0	0	0	0	0	0	0	0	0	0	0	0	0	0	0	0	0	2004	0
FFQ	23	0	0	0	0	0	0	0	0	0	0	0	0	0	0	0	0	0	0	0	0	0	0	0	0	0	0	0	0	0	0	2004	0
FFQ	24	0	0	0	0	0	0	0	0	0	0	0	0	0	0	0	0	0	0	0	0	0	0	0	0	0	0	0	0	0	0	2004	0
FFQ	25	0	0	0	0	0	0	0	0	0	0	0	0	0	0	0	0	0	0	0	0	0	0	0	0	0	0	0	0	0	0	2004	0
FFQ	26	0	0	0	0	0	0	0	0	0	0	0	0	0	0	0	0	0	0	0	0	0	0	0	0	0	0	0	0	0	0	2004	0
FFQ	27	0	0	0	0	0	0	0	0	0	0	0	0	0	0	0	0	0	0	0	0	0	0	0	0	0	0	0	0	0	0	2004	0
FFQ	28	0	0	0	0	0	0	0	0	0	0	0	0	0	0	0	0	0	0	0	0	0	0	0	0	0	0	0	0	0	0	2004	0
FFQ	29	0	0	0	0	0	0	0	0	0	0	0	0	0	0	0	0	0	0	0	0	0	0	0	0	0	0	0	0	0	0	2004	0
FFQ	30	0	0	0	0	0	0	0	0	0	0	0	0	0	0	0	0	0	0	0	0	0	0	0	0	0	0	0	0	0	0	2004	0
FFQ	31	0	0	0	0	0	0	0	0	0	0	0	0	0	0	0	0	0	0	0	0	0	0	0	0	0	0	0	0	0	0	2004	0
FFQ	32	0	0	0	0	0	0	0	0	0	0	0	0	0	0	0	0	0	0	0	0	0	0	0	0	0	0	0	0	0	0	2004	0
FFQ	33	0	0	0	0	0	0	0	0	0	0	0	0	0	0	0	0	0	0	0	0	0	0	0	0	0	0	0	0	0	0	2004	0
FFQ	34	0	0	0	0	0	0	0	0	0	0	0	0	0	0	0	0	0	0	0	0	0	0	0	0	0	0	0	0	0	0	2004	0
FFQ	35	0	0	0	0	0	0	0	0	0	0	0	0	0	0	0	0	0	0	0	0	0	0	0	0	0	0	0	0	0	0	2004	0
FFQ	36	0	0	0	0	0	0	0	0	0	0	0	0	0	0	0	0	0	0	0	0	0	0	0	0	0	0	0	0	0	0	2004	0
FFQ	37	0	0	0	0	0	0	0	0	0	0	0	0	0	0	0	0	0	0	0	0	0	0	0	0	0	0	0	0	0	0	2004	0
FFQ	38	0	0	0	0	0	0	0	0	0	0	0	0	0	0	0	0	0	0	0	0	0	0	0	0	0	0	0	0	0	0	2004	0
FFQ	39	0	0	0	0	0	0	0	0	0	0	0	0	0	0	0	0	0	0	0	0	0	0	0	0	0	0	0	0	0	0	2004	0
FFQ	40	0	0	0	0	0	0	0	0	0	0	0	0	0	0	0	0	0	0	0	0	0	0	0	0	0	0	0	0	0	0	2004	0
FFQ	41	0	0	0	0	0	0	0	0	0	0	0	0	0	0	0	0	0	0	0	0	0	0	0	0	0	0	0	0	0	0	2004	0
FFQ	42	0	0	0	0	0	0	0	0	0	0	0	0	0	0	0	0	0	0	0	0	0	0	0	0	0	0	0	0	0	0	2004	0
FFQ	43	0	0	0	0	0	0	0	0	0	0	0	0	0	0	0	0	0	0	0	0	0	0	0	0	0	0	0	0	0	0	2004	0
FFQ	44	0	0	0	0	0	0	0	0	0	0	0	0	0	0	0	0	0	0	0	0	0	0	0	0	0	0	0	0	0	0	2004	0
FFQ	45	0	0	0	0	0	0	0	0	0	0	0	0	0	0	0	0	0	0	0	0	0	0	0	0	0	0	0	0	0	0	2004	0
FFQ	46	0	0	0	0	0	0	0	0	0	0	0	0	0	0	0	0	0	0	0	0	0	0	0	0	0	0	0	0	0	0	2004	0
FFQ	47	0	0	0	0	0	0	0	0	0	0	0	0	0	0	0	0	0	0	0	0	0	0	0	0	0	0	0	0	0	0	2004	0
FFQ	48	0	0	0	0	0	0	0	0	0	0	0	0	0	0	0	0	0	0	0	0	0	0	0	0	0	0	0	0	0	0	2004	0
FFQ	49	0	0	0	0	0	0	0	0	0	0	0	0	0	0	0	0	0	0	0	0	0	0	0	0	0	0	0	0	0	0	2004	0
FFQ	50	0	0	0	0	0	0	0	0	0	0	0	0	0	0	0	0	0	0	0	0	0	0	0	0	0	0	0	0	0	0	2004	0
FFQ	51	0	0	0	0	0	0	0	0	0	0	0	0	0	0	0	0	0	0	0	0	0	0	0	0	0	0	0	0	0	0	2004	0
FFQ	52	0	0	0	0	0	0	0	0	0	0	0	0	0	0	0	0	0	0	0	0	0	0	0	0	0	0	0	0	0	0	2004	0
FFQ	53	0	0	0	0	0	0	0	0	0	0	0	0	0	0	0	0	0	0	0	0	0	0	0	0	0	0	0	0	0	0	2004	0
FFQ	54	0	0	0	0	0	0	0	0	0	0	0	0	0	0	0	0	0	0	0	0	0	0	0	0	0	0	0	0	0	0	2004	0
FFQ	55	0	0	0	0	0	0	0	0	0	0	0	0	0	0	0	0	0	0	0	0	0	0	0	0	0	0	0	0	0	0	2004	0
FFQ	56	0	0	0	0	0	0	0	0	0	0	0	0	0	0	0	0	0	0	0	0	0	0	0	0	0	0	0	0	0	0	2004	0
FFQ	57	0	0	0	0	0	0	0	0	0	0	0	0	0	0	0	0	0	0	0	0	0	0	0	0	0	0	0	0	0	0	2004	0
FFQ	58	0	0	0	0	0	0	0	0	0	0	0	0	0	0	0	0	0	0	0	0	0	0	0	0	0	0	0	0	0	0	2004	0
FFQ	59	0	0	0	0	0	0	0	0	0	0	0	0	0	0	0	0	0	0	0	0	0	0	0	0	0	0	0	0	0	0	2004	0
FFQ	60	0	0	0	0	0	0	0	0	0	0	0	0	0	0	0	0	0	0	0	0	0	0	0	0	0	0	0	0	0	0	2004	0
FFQ	61	0	0	0	0	0	0	0	0	0	0	0	0	0	0	0	0	0	0	0	0	0	0	0	0	0	0	0	0	0	0	2004	0
FFQ	62	0	0	0	0	0	0	0	0	0	0	0	0	0	0	0	0	0	0	0	0	0	0	0	0	0	0	0	0	0	0	2004	0
FFQ	63	0	0	0	0	0	0	0	0	0	0	0	0	0	0	0	0	0	0	0	0	0	0	0	0	0	0	0	0	0	0	2004	0
FFQ	64	0	0	0	0	0	0	0	0	0	0	0	0	0	0	0	0	0	0	0	0	0	0	0	0	0	0	0	0	0	0	2004	0
FFQ	65	0	0	0	0	0	0	0	0	0	0	0	0	0	0	0	0	0	0	0	0	0	0	0	0	0	0	0	0	0	0	2004	0
FFQ	66	0	0	0	0	0	0	0	0	0	0	0	0	0	0	0	0	0	0	0	0	0	0	0	0	0	0	0	0	0	0	2004	0
FFQ	67	0	0	0	0	0	0	0	0	0	0	0	0	0	0	0	0	0	0	0	0	0	0	0	0	0	0	0	0	0	0	2004	0
FFQ	68	0	0	0	0	0	0	0	0	0	0	0	0	0	0	0	0	0	0	0	0	0	0	0	0	0	0	0	0	0	0	2004	0
FFQ	69	0	0	0	0	0	0	0	0	0	0	0	0	0	0	0	0	0	0	0	0	0	0	0	0	0	0	0	0	0	0	2004	0
FFQ	70	0	0	0	0	0	0	0	0	0	0	0	0	0	0	0	0	0	0	0	0	0	0	0	0	0	0	0	0	0	0	2004	0
FFQ	71	0	0	0	0	0	0	0	0	0	0	0	0	0	0	0	0	0	0	0	0	0	0	0	0	0	0	0	0	0	0	2004	0
FFQ	72	0	0	0	0	0	0	0	0	0	0	0	0	0	0	0	0	0	0	0	0	0	0	0	0	0	0	0	0	0	0	2004	0
FFQ	73	0	0	0	0	0	0	0	0	0	0	0	0	0	0	0	0	0	0	0	0	0	0	0	0	0	0	0	0	0	0	2004	0
FFQ	74	0	0	0	0	0	0	0	0	0	0	0	0	0	0	0	0	0	0	0	0	0	0	0	0	0	0	0	0	0	0	2004	0
FFQ	75	0	0	0	0	0	0	0	0	0	0	0	0	0	0	0	0	0	0	0	0	0	0	0	0	0	0	0	0	0	0	2004	0
FFQ	76	0	0	0	0	0	0	0	0	0	0	0	0	0	0	0	0	0	0	0	0	0	0	0	0	0	0	0	0	0	0	2004	0
FFQ	77	0	0	0	0	0	0	0	0	0	0	0	0	0	0	0	0	0	0	0	0	0	0	0	0	0	0	0	0	0	0	2004	0
FFQ	78	0	0	0	0	0	0	0	0	0	0	0	0	0	0	0	0	0	0	0	0	0	0	0	0	0	0	0	0	0	0	2004	0
FFQ	79	0	0	0	0	0	0	0	0	0	0	0	0	0	0	0	0	0	0	0	0	0	0	0	0	0	0	0	0	0	0	2004	0
FFQ	80	0	0	0	0	0	0	0	0	0	0	0	0	0	0	0	0	0	0	0	0	0	0	0	0	0	0	0	0	0	0	2004	0
FFQ	81	0	0	0	0	0	0	0	0	0	0	0	0	0	0	0	0	0	0	0	0	0	0	0	0	0	0	0	0	0	0	2004	0
FFQ	82	0	0	0	0	0	0	0	0	0	0	0	0	0	0	0	0	0	0	0	0	0	0	0	0	0	0	0	0	0	0	2004	0
FFQ	83	0	0	0	0	0	0	0	0	0	0	0	0	0	0	0	0	0	0	0	0	0	0	0	0	0	0	0	0	0	0	2004	0
FFQ	84	0	0	0	0	0	0	0	0	0	0	0	0	0	0	0	0	0	0	0	0	0	0	0	0	0	0	0	0	0	0	2004	0
FFQ	85	0	0	0	0	0	0	0	0	0	0	0	0	0	0	0	0	0	0	0	0	0	0	0	0	0	0	0	0	0	0	2004	0
FFQ	86	0	0	0	0	0	0	0	0	0	0	0	0	0	0	0	0	0	0	0	0	0	0	0	0	0	0	0	0	0	0	2004	0
FFQ	87	0	0	0	0	0	0	0	0	0	0	0	0	0	0	0	0	0	0	0	0	0	0	0	0	0	0	0	0	0	0	2004	0
FFQ	88	0	0	0	0	0	0	0	0	0	0	0	0	0	0	0	0	0	0	0	0	0	0	0	0	0	0	0	0	0	0	2004	0
FFQ	89	0	0	0	0	0	0	0	0	0	0	0	0	0	0	0	0	0	0	0	0	0	0	0	0	0	0	0	0	0	0	2004	0
FFQ	90	0	0	0	0	0	0	0	0	0	0	0	0	0	0	0	0	0	0	0	0	0	0	0	0	0	0	0	0	0	0	2004	0
FFQ	91	0	0	0	0	0	0	0	0	0	0	0	0	0	0	0	0	0	0	0	0	0	0	0	0	0	0	0	0	0	0	2004	0
FFQ	92	0	0	0	0	0	0	0	0	0	0	0	0	0	0	0	0	0	0	0	0	0	0	0	0	0	0	0	0	0	0	2004	0
FFQ	93	0	0	0	0	0	0	0	0	0	0	0	0	0	0	0	0	0	0	0	0	0	0	0	0	0	0	0	0	0	0	2004	0
FFQ	94	0	0	0	0	0	0	0	0	0	0	0	0	0	0	0	0	0	0	0	0	0	0	0	0	0	0	0	0	0	0	2004	0
FFQ	95	0	0	0	0	0	0	0	0	0	0	0	0	0	0	0	0	0	0	0	0	0	0	0	0	0	0	0	0	0	0	2004	0
FFQ	96	0	0	0	0	0	0	0	0	0	0	0	0	0	0	0	0	0	0	0	0	0	0	0	0	0	0	0	0	0	0	2004	0
FFQ	97	0	0	0	0	0	0	0	0	0	0	0	0	0	0	0	0	0	0	0	0	0	0	0	0	0	0	0	0	0	0	2004	0
FFQ	98	0	0	0	0	0	0	0	0	0	0	0	0	0	0	0	0	0	0	0	0	0	0	0	0	0	0	0	0	0	0	2004	0
FFQ	99	0	0	0	0	0	0	0	0	0	0	0	0	0	0	0	0	0	0	0	0	0	0	0	0	0	0	0	0	0	0	2004	0
FFQ	100	0	0	0	0	0	0	0	0	0	0	0	0	0	0	0	0	0	0	0	0	0	0	0	0	0	0	0	0	0	0	2004	0
FFQ	101	0	0	0	0	0	0	0	0	0	0	0	0	0	0	0	0	0	0	0	0	0	0	0	0	0	0	0	0	0	0	2004	0
FFQ	102	0	0	0	0	0	0	0	0	0	0	0	0	0	0	0	0	0	0	0	0	0	0	0	0	0	0	0	0	0	0	2004	0
FFQ	103	0	0	0	0	0	0	0	0	0	0	0	0	0	0	0	0	0	0	0	0	0	0	0	0	0	0	0	0	0	0	2004	0
FFQ	104	0	0	0	0	0	0	0	0	0	0	0	0	0	0	0	0	0	0	0	0	0	0	0	0	0	0	0	0	0	0	2004	0
FFQ	105	0	0	0	0	0	0	0	0	0	0	0	0	0	0	0	0	0	0	0	0	0	0	0	0	0	0	0	0	0	0	2004	0
FFQ	106	0	0	0	0	0	0	0	0	0	0	0	0	0	0	0	0	0	0	0	0	0	0	0	0	0	0	0	0	0	0	2004	0
FFQ	107	0	0	0	0	0	0	0	0	0	0	0	0	0	0	0	0	0	0	0	0	0	0	0	0	0	0	0	0	0	0	2004	0
FFQ	108	0	0	0	0	0	0	0	0	0	0	0	0	0	0	0	0	0	0	0	0	0	0	0	0	0	0	0	0	0	0	2004	0
FFQ	109	0	0	0	0	0	0	0	0	0	0	0	0	0	0	0	0	0	0	0	0	0	0	0	0	0	0	0	0	0	0	2004	0
FFQ	110	0	0	0	0	0	0	0	0	0	0	0	0	0	0	0	0	0	0	0	0	0	0	0	0	0	0	0	0	0	0	2004	0
FFQ	111	0	0	0	0	0	0	0	0	0	0	0	0	0	0	0	0	0	0	0	0	0	0	0	0	0	0	0	0	0	0	2004	0
FFQ	112	0	0	0	0	0	0	0	0	0	0	0	0	0	0	0	0	0	0	0	0	0	0	0	0	0	0	0	0	0	0	2004	0
FFQ	113	0	0	0	0	0	0	0	0	0	0	0	0	0	0	0	0	0	0	0	0	0	0	0	0	0	0	0	0	0	0	2004	0
FFQ	114	0	0	0	0	0	0	0	0	0	0	0	0	0	0	0	0	0	0	0	0	0	0	0	0	0	0	0	0	0	0	2004	0
FFQ	115	0	0	0	0	0	0	0	0	0	0	0	0	0	0	0	0	0	0	0	0	0	0	0	0	0	0	0	0	0	0	2004	0
FFQ	116	0	0	0	0	0	0	0	0	0	0	0	0	0	0	0	0	0	0	0	0	0	0	0	0	0	0	0	0	0	0	2004	0
FFQ	117	0	0	0	0	0	0	0	0	0	0	0	0	0	0	0	0	0	0	0	0	0	0	0	0	0	0	0	0	0	0	2004	0
FFQ	118	0	0	0	0	0	0	0	0	0	0	0	0	0	0	0	0	0	0	0	0	0	0	0	0	0	0	0	0	0	0	2004	0
FFQ	119	0	0	0	0	0	0	0	0	0	0	0	0	0	0	0	0	0	0	0	0	0	0	0	0	0	0	0	0	0	0	2004	0
FFQ	120	0	0	0	0	0	0	0	0	0	0	0	0	0	0	0	0	0	0	0	0	0	0	0	0	0	0	0	0	0	0	2004	0
FFQ	121	0	0	0	0	0	0	0	0	0	0	0	0	0	0	0	0	0	0	0	0	0	0	0	0	0	0	0	0	0	0	2004	0
FFQ	122	0	0	0	0	0	0	0	0	0	0	0	0	0	0	0	0	0	0	0	0	0	0	0	0	0	0	0	0	0	0	2004	0
FFQ	123	0	0	0	0	0	0	0	0	0	0	0	0	0	0	0	0	0	0	0	0	0	0	0	0	0	0	0	0	0	0	2004	0
FFQ	124	0	0	0	0	0	0	0	0	0	0	0	0	0	0	0	0	0	0	0	0	0	0	0	0	0	0	0	0	0	0	2004	0
FFQ	125	0	0	0	0	0	0	0	0	0	0	0	0	0	0	0	0	0	0	0	0	0	0	0	0	0	0	0	0	0	0	2004	0
FFQ	126	0	0	0	0	0	0	0	0	0	0	0	0	0	0	0	0	0	0	0	0	0	0	0	0	0	0	0	0	0	0	2004	0
FFQ	127	0	0	0	0	0	0	0	0	0	0	0	0	0	0	0	0	0	0	0	0	0	0	0	0	0	0	0	0	0	0	2004	0
FFQ	128	0	0	0	0	0	0	0	0	0	0	0	0	0	0	0	0	0	0	0	0	0	0	0	0	0	0	0	0	0	0	2004	0
FFQ	129	0	0	0	0	0	0	0	0	0	0	0	0	0	0	0	0	0	0	0	0	0	0	0	0	0	0	0	0	0	0	2004	0
FFQ	130	0	0	0	0	0	0	0	0	0	0	0	0	0	0	0	0	0	0	0	0	0	0	0	0	0	0	0	0	0	0	2004	0
FFQ	131	0	0	0	0	0	0	0	0	0	0	0	0	0	0	0	0	0	0	0	0	0	0	0	0	0	0	0	0	0	0	2004	0
FFQ	132	0	0	0	0	0	0	0	0	0	0	0	0	0	0	0	0	0	0	0	0	0	0	0	0	0	0	0	0	0	0	2004	0
FFQ	133	0	0	0	0	0	0	0	0	0	0	0	0	0	0	0	0	0	0	0	0	0	0	0	0	0	0	0	0	0	0	2004	0
FFQ	134	0	0	0	0	0	0	0	0	0	0	0	0	0	0	0	0	0	0	0	0	0	0	0	0	0	0	0	0	0	0	2004	0
FFQ	135	0	0	0	0	0	0	0	0	0	0	0	0	0	0	0	0	0	0	0	0	0	0	0	0	0	0	0	0	0	0	2004	0
FFQ	136	0	0	0	0	0	0	0	0	0	0	0	0	0	0	0	0	0	0	0	0	0	0	0	0	0	0	0	0	0	0	2004	0
FFQ	137	0	0	0	0	0	0	0	0	0	0	0	0	0	0	0	0	0	0	0	0	0	0	0	0	0	0	0	0	0	0	2004	0
FFQ	138	0	0	0	0	0	0	0	0	0	0	0	0	0	0	0	0	0	0	0	0	0	0	0	0	0	0	0	0	0	0	2004	0
FFQ	139	0	0	0	0	0	0	0	0	0	0	0	0	0	0	0	0	0	0	0	0	0	0	0	0	0	0	0	0	0	0	2004	0
FFQ	140	0	0	0	0	0	0	0	0	0	0	0	0	0	0	0	0	0	0	0	0	0	0	0	0	0	0	0	0	0	0	2004	0
FFQ	141	0	0	0	0	0	0	0	0	0	0	0	0	0	0	0	0	0	0	0	0	0	0	0	0	0	0	0	0	0	0	2004	0
FFQ	142	0	0	0	0	0	0	0	0	0	0	0	0	0	0	0	0	0	0	0	0	0	0	0	0	0	0	0	0	0	0	2004	0
FFQ	143	0	0	0	0	0	0	0	0	0	0	0	0	0	0	0	0	0	0	0	0	0	0	0	0	0	0	0	0	0	0	2004	0
FFQ	144	0	0	0	0	0	0	0	0	0	0	0	0	0	0	0	0	0	0	0	0	0	0	0	0	0	0	0	0	0	0	2004	0
FFQ	145	0	0	0	0	0	0	0	0	0	0	0	0	0	0	0	0	0	0	0	0	0	0	0	0	0	0	0	0	0	0	2004	0
FFQ	146	0	0	0	0	0	0	0	0	0	0	0	0	0	0	0	0	0	0	0	0	0	0	0	0	0	0	0	0	0	0	2004	0
FFQ	147	0	0	0	0	0	0	0	0	0	0	0	0	0	0	0	0	0	0	0	0	0	0	0	0	0	0	0	0	0	0	2004	0
FFQ	148	0	0	0	0	0	0	0	0	0	0	0	0	0	0	0	0	0	0	0	0	0	0	0	0	0	0	0	0	0	0	2004	0
FFQ	149	0	0	0	0	0	0	0	0	0	0	0	0	0	0	0	0	0	0	0	0	0	0	0	0	0	0	0	0	0	0	2004	0
FFQ	150	0	0	0	0	0	0	0	0	0	0	0	0	0	0	0	0	0	0	0	0	0	0	0	0	0	0	0	0	0	0	2004	0
# Last Fragment Qualities. Use `grep ^LFQ | cut -f 2-` to extract this part.
# Columns correspond to qualities and rows to cycles. First column is the cycle number.
LFQ	1	0	0	0	0	0	0	0	0	0	0	0	0	0	0	0	0	0	0	0	0	0	0	0	0	0	0	0	0	0	0	2004	0
LFQ	2	0	0	0	0	0	0	0	0	0	0	0	0	0	0	0	0	0	0	0	0	0	0	0	0	0	0	0	0	0	0	2004	0
LFQ	3	0	0	0	0	0	0	0	0	0	0	0	0	0	0	0	0	0	0	0	0	0	0	0	0	0	0	0	0	0	0	2004	0
LFQ	4	0	0	0	0	0	0	0	0	0	0	0	0	0	0	0	0	0	0	0	0	0	0	0	0	0	0	0	0	0	0	2004	0
LFQ	5	0	0	0	0	0	0	0	0	0	0	0	0	0	0	0	0	0	0	0	0	0	0	0	0	0	0	0	0	0	0	2004	0
LFQ	6	0	0	0	0	0	0	0	0	0	0	0	0	0	0	0	0	0	0	0	0	0	0	0	0	0	0	0	0	0	0	2004	0
LFQ	7	0	0	0	0	0	0	0	0	0	0	0	0	0	0	0	0	0	0	0	0	0	0	0	0	0	0	0	0	0	0	2004	0
LFQ	8	0	0	0	0	0	0	0	0	0	0	0	0	0	0	0	0	0	0	0	0	0	0	0	0	0	0	0	0	0	0	2004	0
LFQ	9	0	0	0	0	0	0	0	0	0	0	0	0	0	0	0	0	0	0	0	0	0	0	0	0	0	0	0	0	0	0	2004	0
LFQ	10	0	0	0	0	0	0	0	0	0	0	0	0	0	0	0	0	0	0	0	0	0	0	0	0	0	0	0	0	0	0	2004	0
LFQ	11	0	0	0	0	0	0	0	0	0	0	0	0	0	0	0	0	0	0	0	0	0	0	0	0	0	0	0	0	0	0	2004	0
LFQ	12	0	0	0	0	0	0	0	0	0	0	0	0	0	0	0	0	0	0	0	0	0	0	0	0	0	0	0	0	0	0	2004	0
LFQ	13	0	0	0	0	0	0	0	0	0	0	0	0	0	0	0	0	0	0	0	0	0	0	0	0	0	0	0	0	0	0	2004	0
LFQ	14	0	0	0	0	0	0	0	0	0	0	0	0	0	0	0	0	0	0	0	0	0	0	0	0	0	0	0	0	0	0	2004	0
LFQ	15	0	0	0	0	0	0	0	0	0	0	0	0	0	0	0	0	0	0	0	0	0	0	0	0	0	0	0	0	0	0	2004	0
LFQ	16	0	0	0	0	0	0	0	0	0	0	0	0	0	0	0	0	0	0	0	0	0	0	0	0	0	0	0	0	0	0	2004	0
LFQ	17	0	0	0	0	0	0	0	0	0	0	0	0	0	0	0	0	0	0	0	0	0	0	0	0	0	0	0	0	0	0	2004	0
LFQ	18	0	0	0	0	0	0	0	0	0	0	0	0	0	0	0	0	0	0	0	0	0	0	0	0	0	0	0	0	0	0	2004	0
LFQ	19	0	0	0	0	0	0	0	0	0	0	0	0	0	0	0	0	0	0	0	0	0	0	0	0	0	0	0	0	0	0	2004	0
LFQ	20	0	0	0	0	0	0	0	0	0	0	0	0	0	0	0	0	0	0	0	0	0	0	0	0	0	0	0	0	0	0	2004	0
LFQ	21	0	0	0	0	0	0	0	0	0	0	0	0	0	0	0	0	0	0	0	0	0	0	0	0	0	0	0	0	0	0	2004	0
LFQ	22	0	0	0	0	0	0	0	0	0	0	0	0	0	0	0	0	0	0	0	0	0	0	0	0	0	0	0	0	0	0	2004	0
LFQ	23	0	0	0	0	0	0	0	0	0	0	0	0	0	0	0	0	0	0	0	0	0	0	0	0	0	0	0	0	0	0	2004	0
LFQ	24	0	0	0	0	0	0	0	0	0	0	0	0	0	0	0	0	0	0	0	0	0	0	0	0	0	0	0	0	0	0	2004	0
LFQ	25	0	0	0	0	0	0	0	0	0	0	0	0	0	0	0	0	0	0	0	0	0	0	0	0	0	0	0	0	0	0	2004	0
LFQ	26	0	0	0	0	0	0	0	0	0	0	0	0	0	0	0	0	0	0	0	0	0	0	0	0	0	0	0	0	0	0	2004	0
LFQ	27	0	0	0	0	0	0	0	0	0	0	0	0	0	0	0	0	0	0	0	0	0	0	0	0	0	0	0	0	0	0	2004	0
LFQ	28	0	0	0	0	0	0	0	0	0	0	0	0	0	0	0	0	0	0	0	0	0	0	0	0	0	0	0	0	0	0	2004	0
LFQ	29	0	0	0	0	0	0	0	0	0	0	0	0	0	0	0	0	0	0	0	0	0	0	0	0	0	0	0	0	0	0	2004	0
LFQ	30	0	0	0	0	0	0	0	0	0	0	0	0	0	0	0	0	0	0	0	0	0	0	0	0	0	0	0	0	0	0	2004	0
LFQ	31	0	0	0	0	0	0	0	0	0	0	0	0	0	0	0	0	0	0	0	0	0	0	0	0	0	0	0	0	0	0	2004	0
LFQ	32	0	0	0	0	0	0	0	0	0	0	0	0	0	0	0	0	0	0	0	0	0	0	0	0	0	0	0	0	0	0	2004	0
LFQ	33	0	0	0	0	0	0	0	0	0	0	0	0	0	0	0	0	0	0	0	0	0	0	0	0	0	0	0	0	0	0	2004	0
LFQ	34	0	0	0	0	0	0	0	0	0	0	0	0	0	0	0	0	0	0	0	0	0	0	0	0	0	0	0	0	0	0	2004	0
LFQ	35	0	0	0	0	0	0	0	0	0	0	0	0	0	0	0	0	0	0	0	0	0	0	0	0	0	0	0	0	0	0	2004	0
LFQ	36	0	0	0	0	0	0	0	0	0	0	0	0	0	0	0	0	0	0	0	0	0	0	0	0	0	0	0	0	0	0	2004	0
LFQ	37	0	0	0	0	0	0	0	0	0	0	0	0	0	0	0	0	0	0	0	0	0	0	0	0	0	0	0	0	0	0	2004	0
LFQ	38	0	0	0	0	0	0	0	0	0	0	0	0	0	0	0	0	0	0	0	0	0	0	0	0	0	0	0	0	0	0	2004	0
LFQ	39	0	0	0	0	0	0	0	0	0	0	0	0	0	0	0	0	0	0	0	0	0	0	0	0	0	0	0	0	0	0	2004	0
LFQ	40	0	0	0	0	0	0	0	0	0	0	0	0	0	0	0	0	0	0	0	0	0	0	0	0	0	0	0	0	0	0	2004	0
LFQ	41	0	0	0	0	0	0	0	0	0	0	0	0	0	0	0	0	0	0	0	0	0	0	0	0	0	0	0	0	0	0	2004	0
LFQ	42	0	0	0	0	0	0	0	0	0	0	0	0	0	0	0	0	0	0	0	0	0	0	0	0	0	0	0	0	0	0	2004	0
LFQ	43	0	0	0	0	0	0	0	0	0	0	0	0	0	0	0	0	0	0	0	0	0	0	0	0	0	0	0	0	0	0	2004	0
LFQ	44	0	0	0	0	0	0	0	0	0	0	0	0	0	0	0	0	0	0	0	0	0	0	0	0	0	0	0	0	0	0	2004	0
LFQ	45	0	0	0	0	0	0	0	0	0	0	0	0	0	0	0	0	0	0	0	0	0	0	0	0	0	0	0	0	0	0	2004	0
LFQ	46	0	0	0	0	0	0	0	0	0	0	0	0	0	0	0	0	0	0	0	0	0	0	0	0	0	0	0	0	0	0	2004	0
LFQ	47	0	0	0	0	0	0	0	0	0	0	0	0	0	0	0	0	0	0	0	0	0	0	0	0	0	0	0	0	0	0	2004	0
LFQ	48	0	0	0	0	0	0	0	0	0	0	0	0	0	0	0	0	0	0	0	0	0	0	0	0	0	0	0	0	0	0	2004	0
LFQ	49	0	0	0	0	0	0	0	0	0	0	0	0	0	0	0	0	0	0	0	0	0	0	0	0	0	0	0	0	0	0	2004	0
LFQ	50	0	0	0	0	0	0	0	0	0	0	0	0	0	0	0	0	0	0	0	0	0	0	0	0	0	0	0	0	0	0	2004	0
LFQ	51	0	0	0	0	0	0	0	0	0	0	0	0	0	0	0	0	0	0	0	0	0	0	0	0	0	0	0	0	0	0	2004	0
LFQ	52	0	0	0	0	0	0	0	0	0	0	0	0	0	0	0	0	0	0	0	0	0	0	0	0	0	0	0	0	0	0	2004	0
LFQ	53	0	0	0	0	0	0	0	0	0	0	0	0	0	0	0	0	0	0	0	0	0	0	0	0	0	0	0	0	0	0	2004	0
LFQ	54	0	0	0	0	0	0	0	0	0	0	0	0	0	0	0	0	0	0	0	0	0	0	0	0	0	0	0	0	0	0	2004	0
LFQ	55	0	0	0	0	0	0	0	0	0	0	0	0	0	0	0	0	0	0	0	0	0	0	0	0	0	0	0	0	0	0	2004	0
LFQ	56	0	0	0	0	0	0	0	0	0	0	0	0	0	0	0	0	0	0	0	0	0	0	0	0	0	0	0	0	0	0	2004	0
LFQ	57	0	0	0	0	0	0	0	0	0	0	0	0	0	0	0	0	0	0	0	0	0	0	0	0	0	0	0	0	0	0	2004	0
LFQ	58	0	0	0	0	0	0	0	0	0	0	0	0	0	0	0	0	0	0	0	0	0	0	0	0	0	0	0	0	0	0	2004	0
LFQ	59	0	0	0	0	0	0	0	0	0	0	0	0	0	0	0	0	0	0	0	0	0	0	0	0	0	0	0	0	0	0	2004	0
LFQ	60	0	0	0	0	0	0	0	0	0	0	0	0	0	0	0	0	0	0	0	0	0	0	0	0	0	0	0	0	0	0	2004	0
LFQ	61	0	0	0	0	0	0	0	0	0	0	0	0	0	0	0	0	0	0	0	0	0	0	0	0	0	0	0	0	0	0	2004	0
LFQ	62	0	0	0	0	0	0	0	0	0	0	0	0	0	0	0	0	0	0	0	0	0	0	0	0	0	0	0	0	0	0	2004	0
LFQ	63	0	0	0	0	0	0	0	0	0	0	0	0	0	0	0	0	0	0	0	0	0	0	0	0	0	0	0	0	0	0	2004	0
LFQ	64	0	0	0	0	0	0	0	0	0	0	0	0	0	0	0	0	0	0	0	0	0	0	0	0	0	0	0	0	0	0	2004	0
LFQ	65	0	0	0	0	0	0	0	0	0	0	0	0	0	0	0	0	0	0	0	0	0	0	0	0	0	0	0	0	0	0	2004	0
LFQ	66	0	0	0	0	0	0	0	0	0	0	0	0	0	0	0	0	0	0	0	0	0	0	0	0	0	0	0	0	0	0	2004	0
LFQ	67	0	0	0	0	0	0	0	0	0	0	0	0	0	0	0	0	0	0	0	0	0	0	0	0	0	0	0	0	0	0	2004	0
LFQ	68	0	0	0	0	0	0	0	0	0	0	0	0	0	0	0	0	0	0	0	0	0	0	0	0	0	0	0	0	0	0	2004	0
LFQ	69	0	0	0	0	0	0	0	0	0	0	0	0	0	0	0	0	0	0	0	0	0	0	0	0	0	0	0	0	0	0	2004	0
LFQ	70	0	0	0	0	0	0	0	0	0	0	0	0	0	0	0	0	0	0	0	0	0	0	0	0	0	0	0	0	0	0	2004	0
LFQ	71	0	0	0	0	0	0	0	0	0	0	0	0	0	0	0	0	0	0	0	0	0	0	0	0	0	0	0	0	0	0	2004	0
LFQ	72	0	0	0	0	0	0	0	0	0	0	0	0	0	0	0	0	0	0	0	0	0	0	0	0	0	0	0	0	0	0	2004	0
LFQ	73	0	0	0	0	0	0	0	0	0	0	0	0	0	0	0	0	0	0	0	0	0	0	0	0	0	0	0	0	0	0	2004	0
LFQ	74	0	0	0	0	0	0	0	0	0	0	0	0	0	0	0	0	0	0	0	0	0	0	0	0	0	0	0	0	0	0	2004	0
LFQ	75	0	0	0	0	0	0	0	0	0	0	0	0	0	0	0	0	0	0	0	0	0	0	0	0	0	0	0	0	0	0	2004	0
LFQ	76	0	0	0	0	0	0	0	0	0	0	0	0	0	0	0	0	0	0	0	0	0	0	0	0	0	0	0	0	0	0	2004	0
LFQ	77	0	0	0	0	0	0	0	0	0	0	0	0	0	0	0	0	0	0	0	0	0	0	0	0	0	0	0	0	0	0	2004	0
LFQ	78	0	0	0	0	0	0	0	0	0	0	0	0	0	0	0	0	0	0	0	0	0	0	0	0	0	0	0	0	0	0	2004	0
LFQ	79	0	0	0	0	0	0	0	0	0	0	0	0	0	0	0	0	0	0	0	0	0	0	0	0	0	0	0	0	0	0	2004	0
LFQ	80	0	0	0	0	0	0	0	0	0	0	0	0	0	0	0	0	0	0	0	0	0	0	0	0	0	0	0	0	0	0	2004	0
LFQ	81	0	0	0	0	0	0	0	0	0	0	0	0	0	0	0	0	0	0	0	0	0	0	0	0	0	0	0	0	0	0	2004	0
LFQ	82	0	0	0	0	0	0	0	0	0	0	0	0	0	0	0	0	0	0	0	0	0	0	0	0	0	0	0	0	0	0	2004	0
LFQ	83	0	0	0	0	0	0	0	0	0	0	0	0	0	0	0	0	0	0	0	0	0	0	0	0	0	0	0	0	0	0	2004	0
LFQ	84	0	0	0	0	0	0	0	0	0	0	0	0	0	0	0	0	0	0	0	0	0	0	0	0	0	0	0	0	0	0	2004	0
LFQ	85	0	0	0	0	0	0	0	0	0	0	0	0	0	0	0	0	0	0	0	0	0	0	0	0	0	0	0	0	0	0	2004	0
LFQ	86	0	0	0	0	0	0	0	0	0	0	0	0	0	0	0	0	0	0	0	0	0	0	0	0	0	0	0	0	0	0	2004	0
LFQ	87	0	0	0	0	0	0	0	0	0	0	0	0	0	0	0	0	0	0	0	0	0	0	0	0	0	0	0	0	0	0	2004	0
LFQ	88	0	0	0	0	0	0	0	0	0	0	0	0	0	0	0	0	0	0	0	0	0	0	0	0	0	0	0	0	0	0	2004	0
LFQ	89	0	0	0	0	0	0	0	0	0	0	0	0	0	0	0	0	0	0	0	0	0	0	0	0	0	0	0	0	0	0	2004	0
LFQ	90	0	0	0	0	0	0	0	0	0	0	0	0	0	0	0	0	0	0	0	0	0	0	0	0	0	0	0	0	0	0	2004	0
LFQ	91	0	0	0	0	0	0	0	0	0	0	0	0	0	0	0	0	0	0	0	0	0	0	0	0	0	0	0	0	0	0	2004	0
LFQ	92	0	0	0	0	0	0	0	0	0	0	0	0	0	0	0	0	0	0	0	0	0	0	0	0	0	0	0	0	0	0	2004	0
LFQ	93	0	0	0	0	0	0	0	0	0	0	0	0	0	0	0	0	0	0	0	0	0	0	0	0	0	0	0	0	0	0	2004	0
LFQ	94	0	0	0	0	0	0	0	0	0	0	0	0	0	0	0	0	0	0	0	0	0	0	0	0	0	0	0	0	0	0	2004	0
LFQ	95	0	0	0	0	0	0	0	0	0	0	0	0	0	0	0	0	0	0	0	0	0	0	0	0	0	0	0	0	0	0	2004	0
LFQ	96	0	0	0	0	0	0	0	0	0	0	0	0	0	0	0	0	0	0	0	0	0	0	0	0	0	0	0	0	0	0	2004	0
LFQ	97	0	0	0	0	0	0	0	0	0	0	0	0	0	0	0	0	0	0	0	0	0	0	0	0	0	0	0	0	0	0	2004	0
LFQ	98	0	0	0	0	0	0	0	0	0	0	0	0	0	0	0	0	0	0	0	0	0	0	0	0	0	0	0	0	0	0	2004	0
LFQ	99	0	0	0	0	0	0	0	0	0	0	0	0	0	0	0	0	0	0	0	0	0	0	0	0	0	0	0	0	0	0	2004	0
LFQ	100	0	0	0	0	0	0	0	0	0	0	0	0	0	0	0	0	0	0	0	0	0	0	0	0	0	0	0	0	0	0	2004	0
LFQ	101	0	0	0	0	0	0	0	0	0	0	0	0	0	0	0	0	0	0	0	0	0	0	0	0	0	0	0	0	0	0	2004	0
LFQ	102	0	0	0	0	0	0	0	0	0	0	0	0	0	0	0	0	0	0	0	0	0	0	0	0	0	0	0	0	0	0	2004	0
LFQ	103	0	0	0	0	0	0	0	0	0	0	0	0	0	0	0	0	0	0	0	0	0	0	0	0	0	0	0	0	0	0	2004	0
LFQ	104	0	0	0	0	0	0	0	0	0	0	0	0	0	0	0	0	0	0	0	0	0	0	0	0	0	0	0	0	0	0	2004	0
LFQ	105	0	0	0	0	0	0	0	0	0	0	0	0	0	0	0	0	0	0	0	0	0	0	0	0	0	0	0	0	0	0	2004	0
LFQ	106	0	0	0	0	0	0	0	0	0	0	0	0	0	0	0	0	0	0	0	0	0	0	0	0	0	0	0	0	0	0	2004	0
LFQ	107	0	0	0	0	0	0	0	0	0	0	0	0	0	0	0	0	0	0	0	0	0	0	0	0	0	0	0	0	0	0	2004	0
LFQ	108	0	0	0	0	0	0	0	0	0	0	0	0	0	0	0	0	0	0	0	0	0	0	0	0	0	0	0	0	0	0	2004	0
LFQ	109	0	0	0	0	0	0	0	0	0	0	0	0	0	0	0	0	0	0	0	0	0	0	0	0	0	0	0	0	0	0	2004	0
LFQ	110	0	0	0	0	0	0	0	0	0	0	0	0	0	0	0	0	0	0	0	0	0	0	0	0	0	0	0	0	0	0	2004	0
LFQ	111	0	0	0	0	0	0	0	0	0	0	0	0	0	0	0	0	0	0	0	0	0	0	0	0	0	0	0	0	0	0	2004	0
LFQ	112	0	0	0	0	0	0	0	0	0	0	0	0	0	0	0	0	0	0	0	0	0	0	0	0	0	0	0	0	0	0	2004	0
LFQ	113	0	0	0	0	0	0	0	0	0	0	0	0	0	0	0	0	0	0	0	0	0	0	0	0	0	0	0	0	0	0	2004	0
LFQ	114	0	0	0	0	0	0	0	0	0	0	0	0	0	0	0	0	0	0	0	0	0	0	0	0	0	0	0	0	0	0	2004	0
LFQ	115	0	0	0	0	0	0	0	0	0	0	0	0	0	0	0	0	0	0	0	0	0	0	0	0	0	0	0	0	0	0	2004	0
LFQ	116	0	0	0	0	0	0	0	0	0	0	0	0	0	0	0	0	0	0	0	0	0	0	0	0	0	0	0	0	0	0	2004	0
LFQ	117	0	0	0	0	0	0	0	0	0	0	0	0	0	0	0	0	0	0	0	0	0	0	0	0	0	0	0	0	0	0	2004	0
LFQ	118	0	0	0	0	0	0	0	0	0	0	0	0	0	0	0	0	0	0	0	0	0	0	0	0	0	0	0	0	0	0	2004	0
LFQ	119	0	0	0	0	0	0	0	0	0	0	0	0	0	0	0	0	0	0	0	0	0	0	0	0	0	0	0	0	0	0	2004	0
LFQ	120	0	0	0	0	0	0	0	0	0	0	0	0	0	0	0	0	0	0	0	0	0	0	0	0	0	0	0	0	0	0	2004	0
LFQ	121	0	0	0	0	0	0	0	0	0	0	0	0	0	0	0	0	0	0	0	0	0	0	0	0	0	0	0	0	0	0	2004	0
LFQ	122	0	0	0	0	0	0	0	0	0	0	0	0	0	0	0	0	0	0	0	0	0	0	0	0	0	0	0	0	0	0	2004	0
LFQ	123	0	0	0	0	0	0	0	0	0	0	0	0	0	0	0	0	0	0	0	0	0	0	0	0	0	0	0	0	0	0	2004	0
LFQ	124	0	0	0	0	0	0	0	0	0	0	0	0	0	0	0	0	0	0	0	0	0	0	0	0	0	0	0	0	0	0	2004	0
LFQ	125	0	0	0	0	0	0	0	0	0	0	0	0	0	0	0	0	0	0	0	0	0	0	0	0	0	0	0	0	0	0	2004	0
LFQ	126	0	0	0	0	0	0	0	0	0	0	0	0	0	0	0	0	0	0	0	0	0	0	0	0	0	0	0	0	0	0	2004	0
LFQ	127	0	0	0	0	0	0	0	0	0	0	0	0	0	0	0	0	0	0	0	0	0	0	0	0	0	0	0	0	0	0	2004	0
LFQ	128	0	0	0	0	0	0	0	0	0	0	0	0	0	0	0	0	0	0	0	0	0	0	0	0	0	0	0	0	0	0	2004	0
LFQ	129	0	0	0	0	0	0	0	0	0	0	0	0	0	0	0	0	0	0	0	0	0	0	0	0	0	0	0	0	0	0	2004	0
LFQ	130	0	0	0	0	0	0	0	0	0	0	0	0	0	0	0	0	0	0	0	0	0	0	0	0	0	0	0	0	0	0	2004	0
LFQ	131	0	0	0	0	0	0	0	0	0	0	0	0	0	0	0	0	0	0	0	0	0	0	0	0	0	0	0	0	0	0	2004	0
LFQ	132	0	0	0	0	0	0	0	0	0	0	0	0	0	0	0	0	0	0	0	0	0	0	0	0	0	0	0	0	0	0	2004	0
LFQ	133	0	0	0	0	0	0	0	0	0	0	0	0	0	0	0	0	0	0	0	0	0	0	0	0	0	0	0	0	0	0	2004	0
LFQ	134	0	0	0	0	0	0	0	0	0	0	0	0	0	0	0	0	0	0	0	0	0	0	0	0	0	0	0	0	0	0	2004	0
LFQ	135	0	0	0	0	0	0	0	0	0	0	0	0	0	0	0	0	0	0	0	0	0	0	0	0	0	0	0	0	0	0	2004	0
LFQ	136	0	0	0	0	0	0	0	0	0	0	0	0	0	0	0	0	0	0	0	0	0	0	0	0	0	0	0	0	0	0	2004	0
LFQ	137	0	0	0	0	0	0	0	0	0	0	0	0	0	0	0	0	0	0	0	0	0	0	0	0	0	0	0	0	0	0	2004	0
LFQ	138	0	0	0	0	0	0	0	0	0	0	0	0	0	0	0	0	0	0	0	0	0	0	0	0	0	0	0	0	0	0	2004	0
LFQ	139	0	0	0	0	0	0	0	0	0	0	0	0	0	0	0	0	0	0	0	0	0	0	0	0	0	0	0	0	0	0	2004	0
LFQ	140	0	0	0	0	0	0	0	0	0	0	0	0	0	0	0	0	0	0	0	0	0	0	0	0	0	0	0	0	0	0	2004	0
LFQ	141	0	0	0	0	0	0	0	0	0	0	0	0	0	0	0	0	0	0	0	0	0	0	0	0	0	0	0	0	0	0	2004	0
LFQ	142	0	0	0	0	0	0	0	0	0	0	0	0	0	0	0	0	0	0	0	0	0	0	0	0	0	0	0	0	0	0	2004	0
LFQ	143	0	0	0	0	0	0	0	0	0	0	0	0	0	0	0	0	0	0	0	0	0	0	0	0	0	0	0	0	0	0	2004	0
LFQ	144	0	0	0	0	0	0	0	0	0	0	0	0	0	0	0	0	0	0	0	0	0	0	0	0	0	0	0	0	0	0	2004	0
LFQ	145	0	0	0	0	0	0	0	0	0	0	0	0	0	0	0	0	0	0	0	0	0	0	0	0	0	0	0	0	0	0	2004	0
LFQ	146	0	0	0	0	0	0	0	0	0	0	0	0	0	0	0	0	0	0	0	0	0	0	0	0	0	0	0	0	0	0	2004	0
LFQ	147	0	0	0	0	0	0	0	0	0	0	0	0	0	0	0	0	0	0	0	0	0	0	0	0	0	0	0	0	0	0	2004	0
LFQ	148	0	0	0	0	0	0	0	0	0	0	0	0	0	0	0	0	0	0	0	0	0	0	0	0	0	0	0	0	0	0	2004	0
LFQ	149	0	0	0	0	0	0	0	0	0	0	0	0	0	0	0	0	0	0	0	0	0	0	0	0	0	0	0	0	0	0	2004	0
LFQ	150	0	0	0	0	0	0	0	0	0	0	0	0	0	0	0	0	0	0	0	0	0	0	0	0	0	0	0	0	0	0	2004	0
# GC Content of first fragments. Use `grep ^GCF | cut -f 2-` to extract this part.
GCF	3.27	0
GCF	6.78	1
GCF	11.31	0
GCF	16.08	1
GCF	17.84	0
GCF	19.35	1
GCF	20.10	2
GCF	20.85	4
GCF	21.36	2
GCF	22.11	1
GCF	22.86	4
GCF	23.37	6
GCF	24.12	5
GCF	24.87	12
GCF	25.38	18
GCF	26.13	20
GCF	26.88	18
GCF	27.39	14
GCF	28.14	26
GCF	28.89	28
GCF	29.40	35
GCF	30.15	33
GCF	30.90	34
GCF	31.41	30
GCF	32.16	42
GCF	32.91	52
GCF	33.42	57
GCF	33.92	65
GCF	34.67	58
GCF	35.68	85
GCF	36.68	77
GCF	37.44	81
GCF	37.94	54
GCF	38.69	60
GCF	39.45	83
GCF	39.95	75
GCF	40.70	68
GCF	41.46	77
GCF	41.96	64
GCF	42.71	60
GCF	43.47	59
GCF	43.97	50
GCF	44.72	47
GCF	45.48	43
GCF	45.98	44
GCF	46.73	34
GCF	47.49	46
GCF	47.99	43
GCF	48.74	23
GCF	49.50	26
GCF	50.00	15
GCF	50.75	22
GCF	51.51	13
GCF	52.01	9
GCF	52.76	11
GCF	53.52	8
GCF	54.02	6
GCF	54.77	7
GCF	55.53	4
GCF	56.03	8
GCF	56.78	3
GCF	57.54	6
GCF	58.04	4
GCF	58.79	5
GCF	59.55	8
GCF	60.05	4
GCF	60.80	1
GCF	61.56	2
GCF	62.56	1
GCF	63.57	4
GCF	64.07	1
GCF	64.82	0
GCF	65.83	1
GCF	67.09	2
GCF	68.09	1
GCF	69.35	0
GCF	70.60	1
# GC Content of last fragments. Use `grep ^GCL | cut -f 2-` to extract this part.
GCL	5.28	0
GCL	10.80	1
GCL	12.31	0
GCL	14.07	1
GCL	15.58	0
GCL	16.83	2
GCL	17.34	1
GCL	18.09	0
GCL	19.10	1
GCL	20.10	0
GCL	20.85	7
GCL	21.36	0
GCL	22.11	2
GCL	23.12	4
GCL	24.12	8
GCL	24.87	17
GCL	25.38	18
GCL	26.13	11
GCL	26.88	14
GCL	27.39	24
GCL	28.39	25
GCL	29.40	36
GCL	30.15	43
GCL	30.90	42
GCL	31.41	34
GCL	32.16	43
GCL	32.91	52
GCL	33.42	70
GCL	33.92	57
GCL	34.67	63
GCL	35.43	78
GCL	35.93	66
GCL	36.68	67
GCL	37.44	82
GCL	37.94	61
GCL	38.69	66
GCL	39.45	84
GCL	39.95	71
GCL	40.70	64
GCL	41.46	59
GCL	41.96	47
GCL	42.71	67
GCL	43.47	52
GCL	43.97	70
GCL	44.72	51
GCL	45.48	54
GCL	45.98	48
GCL	46.73	39
GCL	47.49	44
GCL	47.99	36
GCL	48.74	22
GCL	49.50	23
GCL	50.00	21
GCL	50.75	18
GCL	51.51	15
GCL	52.01	12
GCL	52.76	13
GCL	53.52	8
GCL	54.02	5
GCL	54.77	4
GCL	55.53	8
GCL	56.78	5
GCL	58.04	4
GCL	58.79	8
GCL	59.55	3
GCL	60.05	1
GCL	60.80	2
GCL	61.56	0
GCL	62.81	2
GCL	64.57	0
GCL	65.58	1
GCL	66.08	0
GCL	66.58	2
GCL	67.34	1
# ACGT content per cycle. Use `grep ^GCC | cut -f 2-` to extract this part. The columns are: cycle; A,C,G,T base counts as a percentage of all A/C/G/T bases [%]; and N and O counts as a percentage of all A/C/G/T bases [%]
GCC	1	29.92	19.81	19.29	30.99	0.00	0.00
GCC	2	30.66	18.89	19.91	30.54	0.00	0.00
GCC	3	30.14	19.76	20.01	30.09	0.00	0.00
GCC	4	30.41	19.81	19.44	30.34	0.00	0.00
GCC	5	29.84	19.36	18.86	31.94	0.00	0.00
GCC	6	30.76	21.18	17.99	30.06	0.00	0.00
GCC	7	29.94	20.58	18.04	31.44	0.00	0.00
GCC	8	30.96	20.26	19.14	29.64	0.00	0.00
GCC	9	30.44	20.21	19.49	29.87	0.00	0.00
GCC	10	29.97	18.89	19.51	31.64	0.00	0.00
GCC	11	30.29	20.38	19.29	30.04	0.00	0.00
GCC	12	31.61	20.01	18.71	29.67	0.00	0.00
GCC	13	30.04	20.63	18.74	30.59	0.00	0.00
GCC	14	30.56	20.16	19.59	29.69	0.00	0.00
GCC	15	30.24	19.96	18.21	31.59	0.00	0.00
GCC	16	30.61	19.89	19.19	30.31	0.00	0.00
GCC	17	32.09	18.81	18.39	30.71	0.00	0.00
GCC	18	30.34	20.53	18.76	30.36	0.00	0.00
GCC	19	30.86	19.51	18.06	31.56	0.00	0.00
GCC	20	31.39	20.28	19.09	29.24	0.00	0.00
GCC	21	30.19	21.46	18.34	30.01	0.00	0.00
GCC	22	30.01	19.94	18.34	31.71	0.00	0.00
GCC	23	29.94	20.03	20.43	29.59	0.00	0.00
GCC	24	29.77	20.33	18.29	31.61	0.00	0.00
GCC	25	30.79	20.56	19.36	29.29	0.00	0.00
GCC	26	30.86	20.13	18.79	30.21	0.00	0.00
GCC	27	30.79	20.93	18.14	30.14	0.00	0.00
GCC	28	31.16	19.41	18.54	30.89	0.00	0.00
GCC	29	30.41	19.66	20.43	29.49	0.00	0.00
GCC	30	30.01	19.56	18.76	31.66	0.00	0.00
GCC	31	30.21	19.99	19.59	30.21	0.00	0.00
GCC	32	30.14	19.89	19.01	30.96	0.00	0.00
GCC	33	28.94	19.69	19.56	31.81	0.00	0.00
GCC	34	30.14	19.49	19.26	31.11	0.00	0.00
GCC	35	29.84	20.71	19.41	30.04	0.00	0.00
GCC	36	30.91	19.49	19.56	30.04	0.00	0.00
GCC	37	31.26	19.69	18.79	30.26	0.00	0.00
GCC	38	30.64	19.44	18.91	31.01	0.00	0.00
GCC	39	30.89	19.46	19.44	30.21	0.00	0.00
GCC	40	29.79	19.64	20.03	30.54	0.00	0.00
GCC	41	28.97	19.49	19.91	31.64	0.00	0.00
GCC	42	29.44	19.91	18.86	31.79	0.00	0.00
GCC	43	31.26	20.16	18.84	29.74	0.00	0.00
GCC	44	29.92	19.11	19.34	31.64	0.00	0.00
GCC	45	29.97	19.44	19.06	31.54	0.00	0.00
GCC	46	29.84	20.16	19.19	30.81	0.00	0.00
GCC	47	30.56	19.86	19.04	30.54	0.00	0.00
GCC	48	30.54	19.39	19.06	31.01	0.00	0.00
GCC	49	31.29	19.79	19.36	29.57	0.00	0.00
GCC	50	30.24	20.91	18.84	30.01	0.00	0.00
GCC	51	30.36	19.79	18.74	31.11	0.00	0.00
GCC	52	30.46	20.41	19.34	29.79	0.00	0.00
GCC	53	30.31	20.11	19.09	30.49	0.00	0.00
GCC	54	29.92	18.96	19.11	32.01	0.00	0.00
GCC	55	29.49	19.66	20.03	30.81	0.00	0.00
GCC	56	29.94	20.28	18.94	30.84	0.00	0.00
GCC	57	30.29	20.08	18.89	30.74	0.00	0.00
GCC	58	30.16	20.63	19.29	29.92	0.00	0.00
GCC	59	29.92	19.39	19.89	30.81	0.00	0.00
GCC	60	29.39	19.89	18.39	32.34	0.00	0.00
GCC	61	32.83	18.89	18.76	29.52	0.00	0.00
GCC	62	31.69	19.69	19.49	29.14	0.00	0.00
GCC	63	30.79	19.44	18.49	31.29	0.00	0.00
GCC	64	30.49	20.76	19.06	29.69	0.00	0.00
GCC	65	30.39	19.84	18.41	31.36	0.00	0.00
GCC	66	30.61	20.31	19.36	29.72	0.00	0.00
GCC	67	29.19	19.41	19.06	32.34	0.00	0.00
GCC	68	29.57	20.46	19.16	30.81	0.00	0.00
GCC	69	31.19	19.66	19.06	30.09	0.00	0.00
GCC	70	30.51	20.03	18.81	30.64	0.00	0.00
GCC	71	29.77	19.11	19.86	31.26	0.00	0.00
GCC	72	31.56	18.74	19.06	30.64	0.00	0.00
GCC	73	29.62	20.03	19.56	30.79	0.00	0.00
GCC	74	31.09	18.89	19.61	30.41	0.00	0.00
GCC	75	31.14	19.91	18.66	30.29	0.00	0.00
GCC	76	30.24	19.09	19.24	31.44	0.00	0.00
GCC	77	31.06	19.79	18.46	30.69	0.00	0.00
GCC	78	29.24	19.76	18.91	32.09	0.00	0.00
GCC	79	30.16	19.34	19.19	31.31	0.00	0.00
GCC	80	29.87	20.66	19.64	29.84	0.00	0.00
GCC	81	28.89	20.81	20.48	29.82	0.00	0.00
GCC	82	30.61	19.94	18.79	30.66	0.00	0.00
GCC	83	29.52	20.86	19.76	29.87	0.00	0.00
GCC	84	29.52	19.79	19.51	31.19	0.00	0.00
GCC	85	30.74	19.61	19.79	29.87	0.00	0.00
GCC	86	29.89	19.71	19.84	30.56	0.00	0.00
GCC	87	29.47	19.41	19.56	31.56	0.00	0.00
GCC	88	30.74	19.36	19.99	29.92	0.00	0.00
GCC	89	30.09	20.38	19.81	29.72	0.00	0.00
GCC	90	30.19	19.09	19.99	30.74	0.00	0.00
GCC	91	28.47	20.81	19.11	31.61	0.00	0.00
GCC	92	30.91	19.81	18.74	30.54	0.00	0.00
GCC	93	28.99	20.53	19.06	31.41	0.00	0.00
GCC	94	30.34	19.91	18.54	31.21	0.00	0.00
GCC	95	30.16	19.56	19.09	31.19	0.00	0.00
GCC	96	29.34	18.84	19.56	32.26	0.00	0.00
GCC	97	29.52	20.41	19.46	30.61	0.00	0.00
GCC	98	29.79	20.08	19.51	30.61	0.00	0.00
GCC	99	29.72	20.76	19.74	29.79	0.00	0.00
GCC	100	29.69	20.48	19.49	30.34	0.00	0.00
GCC	101	30.96	18.86	18.74	31.44	0.00	0.00
GCC	102	30.76	20.18	19.91	29.14	0.00	0.00
GCC	103	30.86	19.59	19.89	29.67	0.00	0.00
GCC	104	31.54	18.89	18.54	31.04	0.00	0.00
GCC	105	30.74	20.33	17.84	31.09	0.00	0.00
GCC	106	29.32	20.83	19.19	30.66	0.00	0.00
GCC	107	30.89	20.26	19.06	29.79	0.00	0.00
GCC	108	29.07	19.89	18.86	32.19	0.00	0.00
GCC	109	29.62	18.96	20.16	31.26	0.00	0.00
GCC	110	30.19	19.99	19.16	30.66	0.00	0.00
GCC	111	30.61	19.86	19.16	30.36	0.00	0.00
GCC	112	28.77	21.03	19.79	30.41	0.00	0.00
GCC	113	31.06	19.31	19.26	30.36	0.00	0.00
GCC	114	30.44	19.99	18.71	30.86	0.00	0.00
GCC	115	28.12	20.28	19.36	32.24	0.00	0.00
GCC	116	31.11	21.23	18.51	29.14	0.00	0.00
GCC	117	30.06	20.08	18.89	30.96	0.00	0.00
GCC	118	28.92	20.56	19.36	31.16	0.00	0.00
GCC	119	28.57	20.93	18.69	31.81	0.00	0.00
GCC	120	30.89	19.74	18.51	30.86	0.00	0.00
GCC	121	31.14	19.49	18.59	30.79	0.00	0.00
GCC	122	30.01	19.94	18.31	31.74	0.00	0.00
GCC	123	30.66	18.79	19.01	31.54	0.00	0.00
GCC	124	30.59	20.91	19.36	29.14	0.00	0.00
GCC	125	31.74	19.39	18.31	30.56	0.00	0.00
GCC	126	30.54	20.68	18.99	29.79	0.00	0.00
GCC	127	28.09	21.03	19.16	31.71	0.00	0.00
GCC	128	30.14	20.16	19.36	30.34	0.00	0.00
GCC	129	30.29	19.36	18.29	32.06	0.00	0.00
GCC	130	30.34	19.94	18.29	31.44	0.00	0.00
GCC	131	30.21	20.38	19.06	30.34	0.00	0.00
GCC	132	31.44	19.94	18.99	29.64	0.00	0.00
GCC	133	30.46	18.89	19.34	31.31	0.00	0.00
GCC	134	30.26	20.08	18.54	31.11	0.00	0.00
GCC	135	29.22	20.88	19.04	30.86	0.00	0.00
GCC	136	29.54	20.16	19.89	30.41	0.00	0.00
GCC	137	29.62	20.93	18.61	30.84	0.00	0.00
GCC	138	28.77	20.76	19.14	31.34	0.00	0.00
GCC	139	29.14	21.36	19.99	29.52	0.00	0.00
GCC	140	29.69	20.51	19.26	30.54	0.00	0.00
GCC	141	29.89	20.18	18.54	31.39	0.00	0.00
GCC	142	29.37	20.66	18.36	31.61	0.00	0.00
GCC	143	29.82	20.08	18.96	31.14	0.00	0.00
GCC	144	30.84	20.43	19.11	29.62	0.00	0.00
GCC	145	30.11	20.26	18.89	30.74	0.00	0.00
GCC	146	30.31	19.11	19.71	30.86	0.00	0.00
GCC	147	30.91	19.79	18.14	31.16	0.00	0.00
GCC	148	30.99	19.96	19.01	30.04	0.00	0.00
GCC	149	29.79	19.89	19.29	31.04	0.00	0.00
GCC	150	31.11	19.41	18.91	30.56	0.00	0.00
# ACGT content per cycle, read oriented. Use `grep ^GCT | cut -f 2-` to extract this part. The columns are: cycle; A,C,G,T base counts as a percentage of all A/C/G/T bases [%]
GCT	1	30.81	19.91	19.19	30.09
GCT	2	29.94	19.76	19.04	31.26
GCT	3	29.42	20.08	19.69	30.81
GCT	4	30.41	19.01	20.23	30.34
GCT	5	30.56	18.59	19.64	31.21
GCT	6	30.54	19.91	19.26	30.29
GCT	7	30.94	19.79	18.84	30.44
GCT	8	30.44	20.08	19.31	30.16
GCT	9	30.86	19.94	19.76	29.44
GCT	10	31.41	19.79	18.61	30.19
GCT	11	29.09	20.48	19.19	31.24
GCT	12	30.26	18.96	19.76	31.01
GCT	13	30.54	19.49	19.89	30.09
GCT	14	30.51	20.31	19.44	29.74
GCT	15	30.26	19.69	18.49	31.56
GCT	16	30.11	18.69	20.38	30.81
GCT	17	32.78	18.06	19.14	30.01
GCT	18	31.34	19.29	20.01	29.37
GCT	19	31.14	19.24	18.34	31.29
GCT	20	30.49	20.03	19.34	30.14
GCT	21	30.86	20.68	19.11	29.34
GCT	22	30.14	19.16	19.11	31.59
GCT	23	29.12	20.41	20.06	30.41
GCT	24	30.41	19.99	18.64	30.96
GCT	25	28.67	19.94	19.99	31.41
GCT	26	30.94	19.71	19.21	30.14
GCT	27	31.14	19.39	19.69	29.79
GCT	28	31.09	18.34	19.61	30.96
GCT	29	28.97	19.66	20.43	30.94
GCT	30	31.44	18.24	20.08	30.24
GCT	31	30.51	19.64	19.94	29.92
GCT	32	30.51	20.96	17.94	30.59
GCT	33	29.77	21.46	17.79	30.99
GCT	34	30.59	19.99	18.76	30.66
GCT	35	29.07	19.64	20.48	30.81
GCT	36	31.54	20.06	18.99	29.42
GCT	37	30.71	19.19	19.29	30.81
GCT	38	29.82	19.21	19.14	31.84
GCT	39	30.61	19.79	19.11	30.49
GCT	40	30.64	20.28	19.39	29.69
GCT	41	29.97	20.08	19.31	30.64
GCT	42	30.96	19.99	18.79	30.26
GCT	43	29.47	19.61	19.39	31.54
GCT	44	30.44	20.38	18.06	31.11
GCT	45	30.46	19.64	18.86	31.04
GCT	46	30.91	19.54	19.81	29.74
GCT	47	29.87	19.81	19.09	31.24
GCT	48	30.19	19.84	18.61	31.36
GCT	49	30.91	19.61	19.54	29.94
GCT	50	30.44	20.26	19.49	29.82
GCT	51	31.04	18.86	19.66	30.44
GCT	52	30.14	19.99	19.76	30.11
GCT	53	30.46	20.01	19.19	30.34
GCT	54	31.61	19.71	18.36	30.31
GCT	55	28.52	20.53	19.16	31.79
GCT	56	30.19	19.64	19.59	30.59
GCT	57	30.36	19.31	19.66	30.66
GCT	58	29.64	20.51	19.41	30.44
GCT	59	31.44	19.51	19.76	29.29
GCT	60	30.86	18.91	19.36	30.86
GCT	61	31.44	17.79	19.86	30.91
GCT	62	31.04	18.84	20.33	29.79
GCT	63	30.86	19.26	18.66	31.21
GCT	64	31.04	19.86	19.96	29.14
GCT	65	30.51	19.81	18.44	31.24
GCT	66	30.64	19.49	20.18	29.69
GCT	67	31.09	19.56	18.91	30.44
GCT	68	30.64	20.43	19.19	29.74
GCT	69	30.91	19.99	18.74	30.36
GCT	70	30.96	19.29	19.56	30.19
GCT	71	30.59	19.29	19.69	30.44
GCT	72	31.51	19.54	18.26	30.69
GCT	73	30.01	20.43	19.16	30.39
GCT	74	31.56	19.81	18.69	29.94
GCT	75	31.64	20.21	18.36	29.79
GCT	76	31.59	19.14	19.19	30.09
GCT	77	30.46	18.39	19.86	31.29
GCT	78	29.97	19.44	19.24	31.36
GCT	79	30.74	19.16	19.36	30.74
GCT	80	30.11	20.56	19.74	29.59
GCT	81	29.57	19.94	21.36	29.14
GCT	82	30.69	19.16	19.56	30.59
GCT	83	29.12	20.06	20.56	30.26
GCT	84	30.41	19.94	19.36	30.29
GCT	85	30.99	20.21	19.19	29.62
GCT	86	30.76	19.64	19.91	29.69
GCT	87	29.57	19.51	19.46	31.46
GCT	88	30.94	19.91	19.44	29.72
GCT	89	28.99	20.18	20.01	30.81
GCT	90	31.04	19.24	19.84	29.89
GCT	91	29.57	19.61	20.31	30.51
GCT	92	30.69	19.39	19.16	30.76
GCT	93	30.41	20.71	18.89	29.99
GCT	94	30.86	19.09	19.36	30.69
GCT	95	30.64	18.74	19.91	30.71
GCT	96	31.14	18.69	19.71	30.46
GCT	97	30.59	20.13	19.74	29.54
GCT	98	31.24	19.79	19.81	29.17
GCT	99	30.24	19.74	20.76	29.27
GCT	100	30.81	21.16	18.81	29.22
GCT	101	33.08	18.64	18.96	29.32
GCT	102	30.46	18.94	21.16	29.44
GCT	103	30.61	19.64	19.84	29.92
GCT	104	31.14	18.94	18.49	31.44
GCT	105	31.64	18.84	19.34	30.19
GCT	106	30.76	19.99	20.03	29.22
GCT	107	30.64	20.71	18.61	30.04
GCT	108	31.01	19.19	19.56	30.24
GCT	109	31.01	20.06	19.06	29.87
GCT	110	30.21	19.96	19.19	30.64
GCT	111	30.31	19.16	19.86	30.66
GCT	112	29.44	21.56	19.26	29.74
GCT	113	29.69	20.13	18.44	31.74
GCT	114	30.71	19.01	19.69	30.59
GCT	115	31.26	19.54	20.11	29.09
GCT	116	29.17	19.89	19.86	31.09
GCT	117	30.94	19.31	19.66	30.09
GCT	118	30.06	19.16	20.76	30.01
GCT	119	30.54	20.26	19.36	29.84
GCT	120	31.59	19.19	19.06	30.16
GCT	121	30.86	19.46	18.61	31.06
GCT	122	30.21	19.49	18.76	31.54
GCT	123	31.44	18.81	18.99	30.76
GCT	124	29.44	20.51	19.76	30.29
GCT	125	32.56	18.56	19.14	29.74
GCT	126	31.26	19.51	20.16	29.07
GCT	127	29.79	20.28	19.91	30.01
GCT	128	30.89	19.86	19.66	29.59
GCT	129	31.11	18.49	19.16	31.24
GCT	130	31.21	19.21	19.01	30.56
GCT	131	29.72	18.94	20.51	30.84
GCT	132	29.97	18.31	20.61	31.11
GCT	133	31.81	18.64	19.59	29.97
GCT	134	30.24	20.81	17.81	31.14
GCT	135	30.44	20.56	19.36	29.64
GCT	136	30.21	19.69	20.36	29.74
GCT	137	31.01	19.99	19.56	29.44
GCT	138	30.26	20.01	19.89	29.84
GCT	139	29.14	20.31	21.03	29.52
GCT	140	29.82	20.03	19.74	30.41
GCT	141	30.91	18.31	20.41	30.36
GCT	142	30.31	19.91	19.11	30.66
GCT	143	30.46	20.38	18.66	30.49
GCT	144	30.16	19.21	20.33	30.29
GCT	145	30.89	19.89	19.26	29.97
GCT	146	29.39	19.19	19.64	31.79
GCT	147	31.91	19.24	18.69	30.16
GCT	148	29.99	20.31	18.66	31.04
GCT	149	30.84	18.79	20.38	29.99
GCT	150	31.09	18.74	19.59	30.59
# ACGT content per cycle for first fragments. Use `grep ^FBC | cut -f 2-` to extract this part. The columns are: cycle; A,C,G,T base counts as a percentage of all A/C/G/T bases [%]; and N and O counts as a percentage of all A/C/G/T bases [%]
FBC	1	29.54	20.66	19.91	29.89	0.00	0.00
FBC	2	31.39	18.61	19.66	30.34	0.00	0.00
FBC	3	29.54	20.96	20.01	29.49	0.00	0.00
FBC	4	30.39	20.36	19.16	30.09	0.00	0.00
FBC	5	28.79	19.56	19.16	32.49	0.00	0.00
FBC	6	30.89	21.41	17.56	30.14	0.00	0.00
FBC	7	29.79	21.16	17.96	31.09	0.00	0.00
FBC	8	31.89	19.56	18.91	29.64	0.00	0.00
FBC	9	30.24	20.81	19.36	29.59	0.00	0.00
FBC	10	29.39	19.51	19.06	32.04	0.00	0.00
FBC	11	30.24	20.11	20.46	29.19	0.00	0.00
FBC	12	31.34	19.16	19.26	30.24	0.00	0.00
FBC	13	29.74	21.31	19.46	29.49	0.00	0.00
FBC	14	30.89	19.61	18.86	30.64	0.00	0.00
FBC	15	30.74	19.71	17.56	31.99	0.00	0.00
FBC	16	31.44	19.76	19.01	29.79	0.00	0.00
FBC	17	31.99	19.01	18.66	30.34	0.00	0.00
FBC	18	30.84	19.56	19.36	30.24	0.00	0.00
FBC	19	30.44	20.56	17.76	31.24	0.00	0.00
FBC	20	31.19	19.51	19.81	29.49	0.00	0.00
FBC	21	30.29	21.76	17.96	29.99	0.00	0.00
FBC	22	29.59	19.46	18.61	32.34	0.00	0.00
FBC	23	30.74	19.61	21.01	28.64	0.00	0.00
FBC	24	30.14	20.96	17.96	30.94	0.00	0.00
FBC	25	30.19	20.76	19.56	29.49	0.00	0.00
FBC	26	31.14	20.76	17.71	30.39	0.00	0.00
FBC	27	30.84	20.56	16.87	31.74	0.00	0.00
FBC	28	30.34	21.56	18.46	29.64	0.00	0.00
FBC	29	29.19	20.06	19.91	30.84	0.00	0.00
FBC	30	31.14	19.26	18.16	31.44	0.00	0.00
FBC	31	30.09	19.56	20.16	30.19	0.00	0.00
FBC	32	29.79	20.71	18.91	30.59	0.00	0.00
FBC	33	27.84	19.81	19.91	32.44	0.00	0.00
FBC	34	30.49	18.56	20.56	30.39	0.00	0.00
FBC	35	30.09	21.36	20.01	28.54	0.00	0.00
FBC	36	30.54	19.66	20.36	29.44	0.00	0.00
FBC	37	31.59	19.56	18.16	30.69	0.00	0.00
FBC	38	30.49	19.46	19.16	30.89	0.00	0.00
FBC	39	30.39	19.41	19.36	30.84	0.00	0.00
FBC	40	29.39	19.26	21.31	30.04	0.00	0.00
FBC	41	28.54	19.66	20.31	31.49	0.00	0.00
FBC	42	29.24	19.06	19.16	32.53	0.00	0.00
FBC	43	32.83	19.51	18.76	28.89	0.00	0.00
FBC	44	29.89	19.21	19.81	31.09	0.00	0.00
FBC	45	29.89	19.56	18.56	31.99	0.00	0.00
FBC	46	29.44	20.51	18.96	31.09	0.00	0.00
FBC	47	30.49	20.31	18.86	30.34	0.00	0.00
FBC	48	29.99	20.21	18.76	31.04	0.00	0.00
FBC	49	30.24	19.36	19.36	31.04	0.00	0.00
FBC	50	30.59	20.41	18.96	30.04	0.00	0.00
FBC	51	30.44	18.96	18.81	31.79	0.00	0.00
FBC	52	29.24	20.86	18.46	31.44	0.00	0.00
FBC	53	30.79	19.96	19.21	30.04	0.00	0.00
FBC	54	29.24	19.06	20.01	31.69	0.00	0.00
FBC	55	29.24	19.26	19.66	31.84	0.00	0.00
FBC	56	30.39	20.26	18.56	30.79	0.00	0.00
FBC	57	29.24	22.11	19.91	28.74	0.00	0.00
FBC	58	30.14	20.91	19.26	29.69	0.00	0.00
FBC	59	29.59	19.06	20.21	31.14	0.00	0.00
FBC	60	29.74	19.16	19.21	31.89	0.00	0.00
FBC	61	34.18	18.81	18.61	28.39	0.00	0.00
FBC	62	32.09	19.86	19.91	28.14	0.00	0.00
FBC	63	30.24	19.66	18.26	31.84	0.00	0.00
FBC	64	31.54	20.21	19.21	29.04	0.00	0.00
FBC	65	31.04	19.51	18.61	30.84	0.00	0.00
FBC	66	31.49	19.41	19.86	29.24	0.00	0.00
FBC	67	29.54	19.46	18.96	32.04	0.00	0.00
FBC	68	28.94	21.06	19.61	30.39	0.00	0.00
FBC	69	31.09	19.56	19.76	29.59	0.00	0.00
FBC	70	29.99	20.66	18.21	31.14	0.00	0.00
FBC	71	31.09	19.51	19.86	29.54	0.00	0.00
FBC	72	31.24	19.61	19.71	29.44	0.00	0.00
FBC	73	29.99	19.91	19.36	30.74	0.00	0.00
FBC	74	30.89	19.46	19.21	30.44	0.00	0.00
FBC	75	31.54	19.86	18.91	29.69	0.00	0.00
FBC	76	29.79	19.11	18.91	32.19	0.00	0.00
FBC	77	31.59	19.41	18.36	30.64	0.00	0.00
FBC	78	28.99	19.66	18.16	33.18	0.00	0.00
FBC	79	30.74	20.26	18.86	30.14	0.00	0.00
FBC	80	28.89	21.71	18.91	30.49	0.00	0.00
FBC	81	28.94	20.51	20.51	30.04	0.00	0.00
FBC	82	30.54	19.91	17.96	31.59	0.00	0.00
FBC	83	30.49	20.01	19.71	29.79	0.00	0.00
FBC	84	30.19	19.41	19.31	31.09	0.00	0.00
FBC	85	31.34	19.21	20.01	29.44	0.00	0.00
FBC	86	30.89	19.61	19.81	29.69	0.00	0.00
FBC	87	29.49	18.66	20.66	31.19	0.00	0.00
FBC	88	30.74	19.41	20.81	29.04	0.00	0.00
FBC	89	30.69	20.81	19.61	28.89	0.00	0.00
FBC	90	30.09	18.61	21.16	30.14	0.00	0.00
FBC	91	27.30	20.46	20.06	32.19	0.00	0.00
FBC	92	32.19	19.56	18.56	29.69	0.00	0.00
FBC	93	30.39	21.21	18.26	30.14	0.00	0.00
FBC	94	29.64	20.16	18.81	31.39	0.00	0.00
FBC	95	30.44	19.41	18.91	31.24	0.00	0.00
FBC	96	28.54	19.91	20.16	31.39	0.00	0.00
FBC	97	30.49	21.21	19.06	29.24	0.00	0.00
FBC	98	29.29	20.36	19.06	31.29	0.00	0.00
FBC	99	30.79	20.66	19.31	29.24	0.00	0.00
FBC	100	30.94	20.41	18.71	29.94	0.00	0.00
FBC	101	31.39	18.36	19.31	30.94	0.00	0.00
FBC	102	31.14	20.01	19.56	29.29	0.00	0.00
FBC	103	31.54	19.06	18.76	30.64	0.00	0.00
FBC	104	31.84	18.31	19.36	30.49	0.00	0.00
FBC	105	30.49	19.56	18.36	31.59	0.00	0.00
FBC	106	29.99	20.81	18.71	30.49	0.00	0.00
FBC	107	31.29	19.66	18.36	30.69	0.00	0.00
FBC	108	28.79	21.31	17.32	32.58	0.00	0.00
FBC	109	29.64	17.96	20.31	32.09	0.00	0.00
FBC	110	28.74	20.41	19.41	31.44	0.00	0.00
FBC	111	32.04	19.51	18.21	30.24	0.00	0.00
FBC	112	28.34	21.31	20.21	30.14	0.00	0.00
FBC	113	30.44	20.01	19.61	29.94	0.00	0.00
FBC	114	30.89	20.26	17.96	30.89	0.00	0.00
FBC	115	27.54	21.41	19.56	31.49	0.00	0.00
FBC	116	30.89	21.21	18.36	29.54	0.00	0.00
FBC	117	29.69	20.81	19.06	30.44	0.00	0.00
FBC	118	28.94	20.61	19.61	30.84	0.00	0.00
FBC	119	27.84	20.96	18.71	32.49	0.00	0.00
FBC	120	31.69	19.66	18.26	30.39	0.00	0.00
FBC	121	31.19	19.41	19.56	29.84	0.00	0.00
FBC	122	29.74	19.71	18.21	32.34	0.00	0.00
FBC	123	30.54	18.81	19.01	31.64	0.00	0.00
FBC	124	30.34	20.46	19.21	29.99	0.00	0.00
FBC	125	31.19	20.01	18.36	30.44	0.00	0.00
FBC	126	29.94	20.11	19.96	29.99	0.00	0.00
FBC	127	27.89	20.11	18.66	33.33	0.00	0.00
FBC	128	30.29	20.46	19.41	29.84	0.00	0.00
FBC	129	29.69	19.81	18.46	32.04	0.00	0.00
FBC	130	29.44	19.31	18.86	32.39	0.00	0.00
FBC	131	30.64	20.31	19.61	29.44	0.00	0.00
FBC	132	32.14	20.41	18.11	29.34	0.00	0.00
FBC	133	29.94	18.36	18.66	33.03	0.00	0.00
FBC	134	29.94	20.46	19.01	30.59	0.00	0.00
FBC	135	28.99	20.76	18.31	31.94	0.00	0.00
FBC	136	29.69	19.46	20.61	30.24	0.00	0.00
FBC	137	29.29	22.06	18.61	30.04	0.00	0.00
FBC	138	30.99	20.21	19.11	29.69	0.00	0.00
FBC	139	28.84	21.66	20.66	28.84	0.00	0.00
FBC	140	29.84	20.46	20.01	29.69	0.00	0.00
FBC	141	29.79	20.16	19.41	30.64	0.00	0.00
FBC	142	28.24	20.76	20.01	30.99	0.00	0.00
FBC	143	29.54	21.21	18.71	30.54	0.00	0.00
FBC	144	31.19	20.71	19.46	28.64	0.00	0.00
FBC	145	29.54	20.86	19.26	30.34	0.00	0.00
FBC	146	29.94	18.26	19.76	32.04	0.00	0.00
FBC	147	30.59	20.46	18.01	30.94	0.00	0.00
FBC	148	29.84	20.06	19.16	30.94	0.00	0.00
FBC	149	30.54	19.61	19.81	30.04	0.00	0.00
FBC	150	31.94	18.76	18.71	30.59	0.00	0.00
# ACGT raw counters for first fragments. Use `grep ^FTC | cut -f 2-` to extract this part. The columns are: A,C,G,T,N base counters
FTC	90927	60140	57625	91908	0
# ACGT content per cycle for last fragments. Use `grep ^LBC | cut -f 2-` to extract this part. The columns are: cycle; A,C,G,T base counts as a percentage of all A/C/G/T bases [%]; and N and O counts as a percentage of all A/C/G/T bases [%]
LBC	1	30.29	18.96	18.66	32.09	0.00	0.00
LBC	2	29.94	19.16	20.16	30.74	0.00	0.00
LBC	3	30.74	18.56	20.01	30.69	0.00	0.00
LBC	4	30.44	19.26	19.71	30.59	0.00	0.00
LBC	5	30.89	19.16	18.56	31.39	0.00	0.00
LBC	6	30.64	20.96	18.41	29.99	0.00	0.00
LBC	7	30.09	20.01	18.11	31.79	0.00	0.00
LBC	8	30.04	20.96	19.36	29.64	0.00	0.00
LBC	9	30.64	19.61	19.61	30.14	0.00	0.00
LBC	10	30.54	18.26	19.96	31.24	0.00	0.00
LBC	11	30.34	20.66	18.11	30.89	0.00	0.00
LBC	12	31.89	20.86	18.16	29.09	0.00	0.00
LBC	13	30.34	19.96	18.01	31.69	0.00	0.00
LBC	14	30.24	20.71	20.31	28.74	0.00	0.00
LBC	15	29.74	20.21	18.86	31.19	0.00	0.00
LBC	16	29.79	20.01	19.36	30.84	0.00	0.00
LBC	17	32.19	18.61	18.11	31.09	0.00	0.00
LBC	18	29.84	21.51	18.16	30.49	0.00	0.00
LBC	19	31.29	18.46	18.36	31.89	0.00	0.00
LBC	20	31.59	21.06	18.36	28.99	0.00	0.00
LBC	21	30.09	21.16	18.71	30.04	0.00	0.00
LBC	22	30.44	20.41	18.06	31.09	0.00	0.00
LBC	23	29.14	20.46	19.86	30.54	0.00	0.00
LBC	24	29.39	19.71	18.61	32.29	0.00	0.00
LBC	25	31.39	20.36	19.16	29.09	0.00	0.00
LBC	26	30.59	19.51	19.86	30.04	0.00	0.00
LBC	27	30.74	21.31	19.41	28.54	0.00	0.00
LBC	28	31.99	17.27	18.61	32.14	0.00	0.00
LBC	29	31.64	19.26	20.96	28.14	0.00	0.00
LBC	30	28.89	19.86	19.36	31.89	0.00	0.00
LBC	31	30.34	20.41	19.01	30.24	0.00	0.00
LBC	32	30.49	19.06	19.11	31.34	0.00	0.00
LBC	33	30.04	19.56	19.21	31.19	0.00	0.00
LBC	34	29.79	20.41	17.96	31.84	0.00	0.00
LBC	35	29.59	20.06	18.81	31.54	0.00	0.00
LBC	36	31.29	19.31	18.76	30.64	0.00	0.00
LBC	37	30.94	19.81	19.41	29.84	0.00	0.00
LBC	38	30.79	19.41	18.66	31.14	0.00	0.00
LBC	39	31.39	19.51	19.51	29.59	0.00	0.00
LBC	40	30.19	20.01	18.76	31.04	0.00	0.00
LBC	41	29.39	19.31	19.51	31.79	0.00	0.00
LBC	42	29.64	20.76	18.56	31.04	0.00	0.00
LBC	43	29.69	20.81	18.91	30.59	0.00	0.00
LBC	44	29.94	19.01	18.86	32.19	0.00	0.00
LBC	45	30.04	19.31	19.56	31.09	0.00	0.00
LBC	46	30.24	19.81	19.41	30.54	0.00	0.00
LBC	47	30.64	19.41	19.21	30.74	0.00	0.00
LBC	48	31.09	18.56	19.36	30.99	0.00	0.00
LBC	49	32.34	20.21	19.36	28.09	0.00	0.00
LBC	50	29.89	21.41	18.71	29.99	0.00	0.00
LBC	51	30.29	20.61	18.66	30.44	0.00	0.00
LBC	52	31.69	19.96	20.21	28.14	0.00	0.00
LBC	53	29.84	20.26	18.96	30.94	0.00	0.00
LBC	54	30.59	18.86	18.21	32.34	0.00	0.00
LBC	55	29.74	20.06	20.41	29.79	0.00	0.00
LBC	56	29.49	20.31	19.31	30.89	0.00	0.00
LBC	57	31.34	18.06	17.86	32.73	0.00	0.00
LBC	58	30.19	20.36	19.31	30.14	0.00	0.00
LBC	59	30.24	19.71	19.56	30.49	0.00	0.00
LBC	60	29.04	20.61	17.56	32.78	0.00	0.00
LBC	61	31.49	18.96	18.91	30.64	0.00	0.00
LBC	62	31.29	19.51	19.06	30.14	0.00	0.00
LBC	63	31.34	19.21	18.71	30.74	0.00	0.00
LBC	64	29.44	21.31	18.91	30.34	0.00	0.00
LBC	65	29.74	20.16	18.21	31.89	0.00	0.00
LBC	66	29.74	21.21	18.86	30.19	0.00	0.00
LBC	67	28.84	19.36	19.16	32.63	0.00	0.00
LBC	68	30.19	19.86	18.71	31.24	0.00	0.00
LBC	69	31.29	19.76	18.36	30.59	0.00	0.00
LBC	70	31.04	19.41	19.41	30.14	0.00	0.00
LBC	71	28.44	18.71	19.86	32.98	0.00	0.00
LBC	72	31.89	17.86	18.41	31.84	0.00	0.00
LBC	73	29.24	20.16	19.76	30.84	0.00	0.00
LBC	74	31.29	18.31	20.01	30.39	0.00	0.00
LBC	75	30.74	19.96	18.41	30.89	0.00	0.00
LBC	76	30.69	19.06	19.56	30.69	0.00	0.00
LBC	77	30.54	20.16	18.56	30.74	0.00	0.00
LBC	78	29.49	19.86	19.66	30.99	0.00	0.00
LBC	79	29.59	18.41	19.51	32.49	0.00	0.00
LBC	80	30.84	19.61	20.36	29.19	0.00	0.00
LBC	81	28.84	21.11	20.46	29.59	0.00	0.00
LBC	82	30.69	19.96	19.61	29.74	0.00	0.00
LBC	83	28.54	21.71	19.81	29.94	0.00	0.00
LBC	84	28.84	20.16	19.71	31.29	0.00	0.00
LBC	85	30.14	20.01	19.56	30.29	0.00	0.00
LBC	86	28.89	19.81	19.86	31.44	0.00	0.00
LBC	87	29.44	20.16	18.46	31.94	0.00	0.00
LBC	88	30.74	19.31	19.16	30.79	0.00	0.00
LBC	89	29.49	19.96	20.01	30.54	0.00	0.00
LBC	90	30.29	19.56	18.81	31.34	0.00	0.00
LBC	91	29.64	21.16	18.16	31.04	0.00	0.00
LBC	92	29.64	20.06	18.91	31.39	0.00	0.00
LBC	93	27.59	19.86	19.86	32.68	0.00	0.00
LBC	94	31.04	19.66	18.26	31.04	0.00	0.00
LBC	95	29.89	19.71	19.26	31.14	0.00	0.00
LBC	96	30.14	17.76	18.96	33.13	0.00	0.00
LBC	97	28.54	19.61	19.86	31.99	0.00	0.00
LBC	98	30.29	19.81	19.96	29.94	0.00	0.00
LBC	99	28.64	20.86	20.16	30.34	0.00	0.00
LBC	100	28.44	20.56	20.26	30.74	0.00	0.00
LBC	101	30.54	19.36	18.16	31.94	0.00	0.00
LBC	102	30.39	20.36	20.26	28.99	0.00	0.00
LBC	103	30.19	20.11	21.01	28.69	0.00	0.00
LBC	104	31.24	19.46	17.71	31.59	0.00	0.00
LBC	105	30.99	21.11	17.32	30.59	0.00	0.00
LBC	106	28.64	20.86	19.66	30.84	0.00	0.00
LBC	107	30.49	20.86	19.76	28.89	0.00	0.00
LBC	108	29.34	18.46	20.41	31.79	0.00	0.00
LBC	109	29.59	19.96	20.01	30.44	0.00	0.00
LBC	110	31.64	19.56	18.91	29.89	0.00	0.00
LBC	111	29.19	20.21	20.11	30.49	0.00	0.00
LBC	112	29.19	20.76	19.36	30.69	0.00	0.00
LBC	113	31.69	18.61	18.91	30.79	0.00	0.00
LBC	114	29.99	19.71	19.46	30.84	0.00	0.00
LBC	115	28.69	19.16	19.16	32.98	0.00	0.00
LBC	116	31.34	21.26	18.66	28.74	0.00	0.00
LBC	117	30.44	19.36	18.71	31.49	0.00	0.00
LBC	118	28.89	20.51	19.11	31.49	0.00	0.00
LBC	119	29.29	20.91	18.66	31.14	0.00	0.00
LBC	120	30.09	19.81	18.76	31.34	0.00	0.00
LBC	121	31.09	19.56	17.61	31.74	0.00	0.00
LBC	122	30.29	20.16	18.41	31.14	0.00	0.00
LBC	123	30.79	18.76	19.01	31.44	0.00	0.00
LBC	124	30.84	21.36	19.51	28.29	0.00	0.00
LBC	125	32.29	18.76	18.26	30.69	0.00	0.00
LBC	126	31.14	21.26	18.01	29.59	0.00	0.00
LBC	127	28.29	21.96	19.66	30.09	0.00	0.00
LBC	128	29.99	19.86	19.31	30.84	0.00	0.00
LBC	129	30.89	18.91	18.11	32.09	0.00	0.00
LBC	130	31.24	20.56	17.71	30.49	0.00	0.00
LBC	131	29.79	20.46	18.51	31.24	0.00	0.00
LBC	132	30.74	19.46	19.86	29.94	0.00	0.00
LBC	133	30.99	19.41	20.01	29.59	0.00	0.00
LBC	134	30.59	19.71	18.06	31.64	0.00	0.00
LBC	135	29.44	21.01	19.76	29.79	0.00	0.00
LBC	136	29.39	20.86	19.16	30.59	0.00	0.00
LBC	137	29.94	19.81	18.61	31.64	0.00	0.00
LBC	138	26.55	21.31	19.16	32.98	0.00	0.00
LBC	139	29.44	21.06	19.31	30.19	0.00	0.00
LBC	140	29.54	20.56	18.51	31.39	0.00	0.00
LBC	141	29.99	20.21	17.66	32.14	0.00	0.00
LBC	142	30.49	20.56	16.72	32.24	0.00	0.00
LBC	143	30.09	18.96	19.21	31.74	0.00	0.00
LBC	144	30.49	20.16	18.76	30.59	0.00	0.00
LBC	145	30.69	19.66	18.51	31.14	0.00	0.00
LBC	146	30.69	19.96	19.66	29.69	0.00	0.00
LBC	147	31.24	19.11	18.26	31.39	0.00	0.00
LBC	148	32.14	19.86	18.86	29.14	0.00	0.00
LBC	149	29.04	20.16	18.76	32.04	0.00	0.00
LBC	150	30.29	20.06	19.11	30.54	0.00	0.00
# ACGT raw counters for last fragments. Use `grep ^LTC | cut -f 2-` to extract this part. The columns are: A,C,G,T,N base counters
LTC	90843	59855	57306	92596	0
# Insert sizes. Use `grep ^IS | cut -f 2-` to extract this part. The columns are: insert size, pairs total, inward oriented pairs, outward oriented pairs, other pairs
IS	0	0	0	0	0
IS	1	0	0	0	0
IS	2	0	0	0	0
IS	3	0	0	0	0
IS	4	0	0	0	0
IS	5	0	0	0	0
IS	6	0	0	0	0
IS	7	0	0	0	0
IS	8	0	0	0	0
IS	9	0	0	0	0
IS	10	0	0	0	0
IS	11	0	0	0	0
IS	12	0	0	0	0
IS	13	0	0	0	0
IS	14	0	0	0	0
IS	15	0	0	0	0
IS	16	0	0	0	0
IS	17	0	0	0	0
IS	18	0	0	0	0
IS	19	0	0	0	0
IS	20	0	0	0	0
IS	21	0	0	0	0
IS	22	0	0	0	0
IS	23	0	0	0	0
IS	24	0	0	0	0
IS	25	0	0	0	0
IS	26	0	0	0	0
IS	27	0	0	0	0
IS	28	0	0	0	0
IS	29	0	0	0	0
IS	30	0	0	0	0
IS	31	0	0	0	0
IS	32	0	0	0	0
IS	33	0	0	0	0
IS	34	0	0	0	0
IS	35	0	0	0	0
IS	36	0	0	0	0
IS	37	0	0	0	0
IS	38	0	0	0	0
IS	39	0	0	0	0
IS	40	0	0	0	0
IS	41	0	0	0	0
IS	42	0	0	0	0
IS	43	0	0	0	0
IS	44	0	0	0	0
IS	45	0	0	0	0
IS	46	0	0	0	0
IS	47	0	0	0	0
IS	48	0	0	0	0
IS	49	0	0	0	0
IS	50	0	0	0	0
IS	51	0	0	0	0
IS	52	0	0	0	0
IS	53	0	0	0	0
IS	54	0	0	0	0
IS	55	0	0	0	0
IS	56	0	0	0	0
IS	57	0	0	0	0
IS	58	0	0	0	0
IS	59	0	0	0	0
IS	60	0	0	0	0
IS	61	0	0	0	0
IS	62	0	0	0	0
IS	63	0	0	0	0
IS	64	0	0	0	0
IS	65	0	0	0	0
IS	66	0	0	0	0
IS	67	0	0	0	0
IS	68	0	0	0	0
IS	69	0	0	0	0
IS	70	0	0	0	0
IS	71	0	0	0	0
IS	72	0	0	0	0
IS	73	0	0	0	0
IS	74	0	0	0	0
IS	75	0	0	0	0
IS	76	0	0	0	0
IS	77	0	0	0	0
IS	78	0	0	0	0
IS	79	0	0	0	0
IS	80	0	0	0	0
IS	81	0	0	0	0
IS	82	0	0	0	0
IS	83	0	0	0	0
IS	84	0	0	0	0
IS	85	0	0	0	0
IS	86	0	0	0	0
IS	87	0	0	0	0
IS	88	0	0	0	0
IS	89	0	0	0	0
IS	90	0	0	0	0
IS	91	0	0	0	0
IS	92	0	0	0	0
IS	93	0	0	0	0
IS	94	0	0	0	0
IS	95	0	0	0	0
IS	96	0	0	0	0
IS	97	0	0	0	0
IS	98	0	0	0	0
IS	99	0	0	0	0
IS	100	0	0	0	0
IS	101	0	0	0	0
IS	102	0	0	0	0
IS	103	0	0	0	0
IS	104	0	0	0	0
IS	105	0	0	0	0
IS	106	0	0	0	0
IS	107	0	0	0	0
IS	108	0	0	0	0
IS	109	0	0	0	0
IS	110	0	0	0	0
IS	111	0	0	0	0
IS	112	0	0	0	0
IS	113	0	0	0	0
IS	114	0	0	0	0
IS	115	0	0	0	0
IS	116	0	0	0	0
IS	117	0	0	0	0
IS	118	0	0	0	0
IS	119	0	0	0	0
IS	120	0	0	0	0
IS	121	0	0	0	0
IS	122	0	0	0	0
IS	123	0	0	0	0
IS	124	0	0	0	0
IS	125	0	0	0	0
IS	126	0	0	0	0
IS	127	0	0	0	0
IS	128	0	0	0	0
IS	129	0	0	0	0
IS	130	0	0	0	0
IS	131	0	0	0	0
IS	132	0	0	0	0
IS	133	0	0	0	0
IS	134	0	0	0	0
IS	135	0	0	0	0
IS	136	0	0	0	0
IS	137	0	0	0	0
IS	138	0	0	0	0
IS	139	0	0	0	0
IS	140	0	0	0	0
IS	141	0	0	0	0
IS	142	0	0	0	0
IS	143	0	0	0	0
IS	144	0	0	0	0
IS	145	0	0	0	0
IS	146	0	0	0	0
IS	147	0	0	0	0
IS	148	0	0	0	0
IS	149	0	0	0	0
IS	150	0	0	0	0
IS	151	0	0	0	0
IS	152	0	0	0	0
IS	153	0	0	0	0
IS	154	0	0	0	0
IS	155	0	0	0	0
IS	156	0	0	0	0
IS	157	0	0	0	0
IS	158	0	0	0	0
IS	159	0	0	0	0
IS	160	0	0	0	0
IS	161	0	0	0	0
IS	162	0	0	0	0
IS	163	0	0	0	0
IS	164	0	0	0	0
IS	165	0	0	0	0
IS	166	0	0	0	0
IS	167	0	0	0	0
IS	168	0	0	0	0
IS	169	0	0	0	0
IS	170	0	0	0	0
IS	171	0	0	0	0
IS	172	0	0	0	0
IS	173	0	0	0	0
IS	174	0	0	0	0
IS	175	0	0	0	0
IS	176	0	0	0	0
IS	177	0	0	0	0
IS	178	0	0	0	0
IS	179	0	0	0	0
IS	180	0	0	0	0
IS	181	0	0	0	0
IS	182	0	0	0	0
IS	183	0	0	0	0
IS	184	0	0	0	0
IS	185	0	0	0	0
IS	186	0	0	0	0
IS	187	0	0	0	0
IS	188	0	0	0	0
IS	189	0	0	0	0
IS	190	0	0	0	0
IS	191	0	0	0	0
IS	192	0	0	0	0
IS	193	0	0	0	0
IS	194	0	0	0	0
IS	195	0	0	0	0
IS	196	0	0	0	0
IS	197	0	0	0	0
IS	198	0	0	0	0
IS	199	0	0	0	0
IS	200	0	0	0	0
IS	201	0	0	0	0
IS	202	0	0	0	0
IS	203	0	0	0	0
IS	204	0	0	0	0
IS	205	0	0	0	0
IS	206	0	0	0	0
IS	207	0	0	0	0
IS	208	0	0	0	0
IS	209	0	0	0	0
IS	210	0	0	0	0
IS	211	0	0	0	0
IS	212	0	0	0	0
IS	213	0	0	0	0
IS	214	0	0	0	0
IS	215	0	0	0	0
IS	216	0	0	0	0
IS	217	0	0	0	0
IS	218	0	0	0	0
IS	219	0	0	0	0
IS	220	0	0	0	0
IS	221	0	0	0	0
IS	222	0	0	0	0
IS	223	0	0	0	0
IS	224	0	0	0	0
IS	225	0	0	0	0
IS	226	0	0	0	0
IS	227	0	0	0	0
IS	228	0	0	0	0
IS	229	0	0	0	0
IS	230	0	0	0	0
IS	231	0	0	0	0
IS	232	0	0	0	0
IS	233	0	0	0	0
IS	234	0	0	0	0
IS	235	0	0	0	0
IS	236	0	0	0	0
IS	237	0	0	0	0
IS	238	0	0	0	0
IS	239	0	0	0	0
IS	240	0	0	0	0
IS	241	0	0	0	0
IS	242	0	0	0	0
IS	243	0	0	0	0
IS	244	0	0	0	0
IS	245	0	0	0	0
IS	246	0	0	0	0
IS	247	0	0	0	0
IS	248	0	0	0	0
IS	249	0	0	0	0
IS	250	0	0	0	0
IS	251	0	0	0	0
IS	252	0	0	0	0
IS	253	0	0	0	0
IS	254	0	0	0	0
IS	255	0	0	0	0
IS	256	0	0	0	0
IS	257	0	0	0	0
IS	258	0	0	0	0
IS	259	0	0	0	0
IS	260	0	0	0	0
IS	261	0	0	0	0
IS	262	0	0	0	0
IS	263	0	0	0	0
IS	264	0	0	0	0
IS	265	0	0	0	0
IS	266	0	0	0	0
IS	267	0	0	0	0
IS	268	0	0	0	0
IS	269	0	0	0	0
IS	270	0	0	0	0
IS	271	0	0	0	0
IS	272	0	0	0	0
IS	273	0	0	0	0
IS	274	0	0	0	0
IS	275	0	0	0	0
IS	276	0	0	0	0
IS	277	0	0	0	0
IS	278	0	0	0	0
IS	279	0	0	0	0
IS	280	0	0	0	0
IS	281	0	0	0	0
IS	282	0	0	0	0
IS	283	0	0	0	0
IS	284	0	0	0	0
IS	285	0	0	0	0
IS	286	0	0	0	0
IS	287	0	0	0	0
IS	288	0	0	0	0
IS	289	0	0	0	0
IS	290	0	0	0	0
IS	291	0	0	0	0
IS	292	0	0	0	0
IS	293	0	0	0	0
IS	294	0	0	0	0
IS	295	0	0	0	0
IS	296	0	0	0	0
IS	297	0	0	0	0
IS	298	0	0	0	0
IS	299	0	0	0	0
IS	300	0	0	0	0
IS	301	0	0	0	0
IS	302	0	0	0	0
IS	303	0	0	0	0
IS	304	0	0	0	0
IS	305	0	0	0	0
IS	306	0	0	0	0
IS	307	0	0	0	0
IS	308	0	0	0	0
IS	309	0	0	0	0
IS	310	0	0	0	0
IS	311	0	0	0	0
IS	312	0	0	0	0
IS	313	0	0	0	0
IS	314	0	0	0	0
IS	315	0	0	0	0
IS	316	0	0	0	0
IS	317	0	0	0	0
IS	318	0	0	0	0
IS	319	0	0	0	0
IS	320	0	0	0	0
IS	321	0	0	0	0
IS	322	0	0	0	0
IS	323	0	0	0	0
IS	324	0	0	0	0
IS	325	0	0	0	0
IS	326	0	0	0	0
IS	327	0	0	0	0
IS	328	0	0	0	0
IS	329	0	0	0	0
IS	330	0	0	0	0
IS	331	0	0	0	0
IS	332	0	0	0	0
IS	333	0	0	0	0
IS	334	0	0	0	0
IS	335	1	1	0	0
IS	336	0	0	0	0
IS	337	0	0	0	0
IS	338	0	0	0	0
IS	339	0	0	0	0
IS	340	0	0	0	0
IS	341	0	0	0	0
IS	342	0	0	0	0
IS	343	0	0	0	0
IS	344	0	0	0	0
IS	345	0	0	0	0
IS	346	0	0	0	0
IS	347	0	0	0	0
IS	348	0	0	0	0
IS	349	0	0	0	0
IS	350	1	1	0	0
IS	351	0	0	0	0
IS	352	0	0	0	0
IS	353	0	0	0	0
IS	354	0	0	0	0
IS	355	0	0	0	0
IS	356	0	0	0	0
IS	357	0	0	0	0
IS	358	0	0	0	0
IS	359	0	0	0	0
IS	360	0	0	0	0
IS	361	0	0	0	0
IS	362	0	0	0	0
IS	363	1	1	0	0
IS	364	0	0	0	0
IS	365	0	0	0	0
IS	366	0	0	0	0
IS	367	0	0	0	0
IS	368	0	0	0	0
IS	369	1	1	0	0
IS	370	0	0	0	0
IS	371	0	0	0	0
IS	372	0	0	0	0
IS	373	0	0	0	0
IS	374	0	0	0	0
IS	375	2	2	0	0
IS	376	1	1	0	0
IS	377	0	0	0	0
IS	378	2	2	0	0
IS	379	0	0	0	0
IS	380	0	0	0	0
IS	381	2	2	0	0
IS	382	1	1	0	0
IS	383	2	2	0	0
IS	384	1	1	0	0
IS	385	2	2	0	0
IS	386	1	1	0	0
IS	387	3	3	0	0
IS	388	1	1	0	0
IS	389	1	1	0	0
IS	390	3	3	0	0
IS	391	1	1	0	0
IS	392	1	1	0	0
IS	393	1	1	0	0
IS	394	2	2	0	0
IS	395	3	3	0	0
IS	396	0	0	0	0
IS	397	3	3	0	0
IS	398	1	1	0	0
IS	399	3	3	0	0
IS	400	6	6	0	0
IS	401	2	2	0	0
IS	402	4	4	0	0
IS	403	2	2	0	0
IS	404	4	4	0	0
IS	405	1	1	0	0
IS	406	5	5	0	0
IS	407	2	2	0	0
IS	408	3	3	0	0
IS	409	5	5	0	0
IS	410	2	2	0	0
IS	411	4	4	0	0
IS	412	6	6	0	0
IS	413	2	2	0	0
IS	414	2	2	0	0
IS	415	3	3	0	0
IS	416	5	5	0	0
IS	417	2	2	0	0
IS	418	3	3	0	0
IS	419	5	5	0	0
IS	420	4	4	0	0
IS	421	4	4	0	0
IS	422	3	3	0	0
IS	423	9	9	0	0
IS	424	7	7	0	0
IS	425	6	6	0	0
IS	426	9	9	0	0
IS	427	6	6	0	0
IS	428	5	5	0	0
IS	429	8	8	0	0
IS	430	3	3	0	0
IS	431	3	3	0	0
IS	432	5	5	0	0
IS	433	5	5	0	0
IS	434	10	10	0	0
IS	435	6	6	0	0
IS	436	6	6	0	0
IS	437	5	5	0	0
IS	438	6	6	0	0
IS	439	8	8	0	0
IS	440	4	4	0	0
IS	441	10	10	0	0
IS	442	9	9	0	0
IS	443	12	12	0	0
IS	444	9	9	0	0
IS	445	4	4	0	0
IS	446	5	5	0	0
IS	447	11	11	0	0
IS	448	12	12	0	0
IS	449	5	5	0	0
IS	450	12	12	0	0
IS	451	12	12	0	0
IS	452	10	10	0	0
IS	453	9	9	0	0
IS	454	10	10	0	0
IS	455	5	5	0	0
IS	456	14	14	0	0
IS	457	6	6	0	0
IS	458	4	4	0	0
IS	459	9	9	0	0
IS	460	16	16	0	0
IS	461	9	9	0	0
IS	462	8	8	0	0
IS	463	18	18	0	0
IS	464	10	10	0	0
IS	465	20	20	0	0
IS	466	9	9	0	0
IS	467	13	13	0	0
IS	468	11	11	0	0
IS	469	11	11	0	0
IS	470	11	11	0	0
IS	471	20	20	0	0
IS	472	10	10	0	0
IS	473	11	11	0	0
IS	474	20	20	0	0
IS	475	14	14	0	0
IS	476	19	19	0	0
IS	477	13	13	0	0
IS	478	15	15	0	0
IS	479	14	14	0	0
IS	480	15	15	0	0
IS	481	13	13	0	0
IS	482	14	14	0	0
IS	483	21	21	0	0
IS	484	12	12	0	0
IS	485	10	10	0	0
IS	486	18	18	0	0
IS	487	13	13	0	0
IS	488	11	11	0	0
IS	489	17	17	0	0
IS	490	23	23	0	0
IS	491	16	16	0	0
IS	492	17	17	0	0
IS	493	25	25	0	0
IS	494	22	22	0	0
IS	495	15	15	0	0
IS	496	16	16	0	0
IS	497	14	14	0	0
IS	498	13	13	0	0
IS	499	23	23	0	0
IS	500	13	13	0	0
IS	501	11	11	0	0
IS	502	17	17	0	0
IS	503	17	17	0	0
IS	504	10	10	0	0
IS	505	19	19	0	0
IS	506	16	16	0	0
IS	507	16	16	0	0
IS	508	15	15	0	0
IS	509	18	18	0	0
IS	510	14	14	0	0
IS	511	16	16	0	0
IS	512	15	15	0	0
IS	513	10	10	0	0
IS	514	13	13	0	0
IS	515	15	15	0	0
IS	516	15	15	0	0
IS	517	15	15	0	0
IS	518	18	18	0	0
IS	519	15	15	0	0
IS	520	14	14	0	0
IS	521	17	17	0	0
IS	522	20	20	0	0
IS	523	16	16	0	0
IS	524	15	15	0	0
IS	525	18	18	0	0
IS	526	18	18	0	0
IS	527	14	14	0	0
IS	528	17	17	0	0
IS	529	13	13	0	0
IS	530	11	11	0	0
IS	531	9	9	0	0
IS	532	14	14	0	0
IS	533	12	12	0	0
IS	534	15	15	0	0
IS	535	13	13	0	0
IS	536	13	13	0	0
IS	537	13	13	0	0
IS	538	12	12	0	0
IS	539	9	9	0	0
IS	540	9	9	0	0
IS	541	16	16	0	0
IS	542	15	15	0	0
IS	543	11	11	0	0
IS	544	10	10	0	0
IS	545	9	9	0	0
IS	546	11	11	0	0
IS	547	9	9	0	0
IS	548	9	9	0	0
IS	549	7	7	0	0
IS	550	11	11	0	0
IS	551	11	11	0	0
IS	552	11	11	0	0
IS	553	9	9	0	0
IS	554	9	9	0	0
IS	555	10	10	0	0
IS	556	6	6	0	0
IS	557	8	8	0	0
IS	558	4	4	0	0
IS	559	9	9	0	0
IS	560	11	11	0	0
IS	561	10	10	0	0
IS	562	4	4	0	0
IS	563	9	9	0	0
IS	564	8	8	0	0
IS	565	2	2	0	0
IS	566	6	6	0	0
IS	567	9	9	0	0
IS	568	2	2	0	0
IS	569	9	9	0	0
IS	570	8	8	0	0
IS	571	6	6	0	0
IS	572	5	5	0	0
IS	573	5	5	0	0
IS	574	5	5	0	0
IS	575	3	3	0	0
IS	576	2	2	0	0
IS	577	6	6	0	0
IS	578	2	2	0	0
IS	579	5	5	0	0
IS	580	4	4	0	0
IS	581	2	2	0	0
IS	582	1	1	0	0
IS	583	1	1	0	0
IS	584	7	7	0	0
IS	585	4	4	0	0
IS	586	4	4	0	0
IS	587	3	3	0	0
IS	588	6	6	0	0
IS	589	4	4	0	0
IS	590	1	1	0	0
IS	591	3	3	0	0
IS	592	4	4	0	0
IS	593	3	3	0	0
IS	594	0	0	0	0
IS	595	6	6	0	0
IS	596	3	3	0	0
IS	597	3	3	0	0
IS	598	5	5	0	0
IS	599	2	2	0	0
IS	600	3	3	0	0
IS	601	3	3	0	0
IS	602	2	2	0	0
IS	603	2	2	0	0
IS	604	3	3	0	0
IS	605	3	3	0	0
IS	606	0	0	0	0
IS	607	1	1	0	0
IS	608	0	0	0	0
IS	609	3	3	0	0
IS	610	2	2	0	0
IS	611	1	1	0	0
IS	612	1	1	0	0
IS	613	1	1	0	0
IS	614	1	1	0	0
IS	615	0	0	0	0
IS	616	0	0	0	0
IS	617	1	1	0	0
# Read lengths. Use `grep ^RL | cut -f 2-` to extract this part. The columns are: read length, count
RL	150	4008
# Read lengths - first fragments. Use `grep ^FRL | cut -f 2-` to extract this part. The columns are: read length, count
FRL	150	2004
# Read lengths - last fragments. Use `grep ^LRL | cut -f 2-` to extract this part. The columns are: read length, count
LRL	150	2004
# Mapping qualities for reads !(UNMAP|SECOND|SUPPL|QCFAIL|DUP). Use `grep ^MAPQ | cut -f 2-` to extract this part. The columns are: mapq, count
MAPQ	0	24
MAPQ	27	8
MAPQ	40	37
MAPQ	43	1
MAPQ	45	2
MAPQ	46	1
MAPQ	48	47
MAPQ	50	4
MAPQ	51	2
MAPQ	52	4
MAPQ	57	18
MAPQ	59	3
MAPQ	60	3857
# Indel distribution. Use `grep ^ID | cut -f 2-` to extract this part. The columns are: length, number of insertions, number of deletions
# Indels per cycle. Use `grep ^IC | cut -f 2-` to extract this part. The columns are: cycle, number of insertions (fwd), .. (rev) , number of deletions (fwd), .. (rev)
# Coverage distribution. Use `grep ^COV | cut -f 2-` to extract this part.
COV	[1-1]	1	4954
COV	[2-2]	2	10482
COV	[3-3]	3	15009
COV	[4-4]	4	18967
COV	[5-5]	5	19478
COV	[6-6]	6	16331
COV	[7-7]	7	12035
COV	[8-8]	8	8831
COV	[9-9]	9	5457
COV	[10-10]	10	2919
COV	[11-11]	11	1417
COV	[12-12]	12	527
COV	[13-13]	13	149
COV	[14-14]	14	87
COV	[15-15]	15	19
COV	[16-16]	16	29
# GC-depth. Use `grep ^GCD | cut -f 2-` to extract this part. The columns are: GC%, unique sequence percentiles, 10th, 25th, 50th, 75th and 90th depth percentile
GCD	0.0	15.385	0.000	0.000	0.000	0.000	0.000
GCD	37.0	23.077	2.505	2.505	2.505	2.505	2.505
GCD	38.0	53.846	2.505	2.505	2.505	2.505	2.505
GCD	39.0	76.923	2.505	2.505	2.505	2.505	2.505
GCD	40.0	84.615	2.505	2.505	2.505	2.505	2.505
GCD	41.0	92.308	2.505	2.505	2.505	2.505	2.505
GCD	46.0	100.000	2.505	2.505	2.505	2.505	2.505
