# This file was produced by samtools stats (1.20+htslib-1.21) and can be plotted using plot-bamstats
# This file contains statistics for all reads.
# The command line was:  stats sample3807.sorted.group.rmdup.bam
# CHK, Checksum	[2]Read Names	[3]Sequences	[4]Qualities
# CHK, CRC32 of reads which passed filtering followed by addition (32bit overflow)
CHK	75bd7ffa	85cb0a6b	93be98f0
# Summary Numbers. Use `grep ^SN | cut -f 2-` to extract this part.
SN	raw total sequences:	4008	# excluding supplementary and secondary reads
SN	filtered sequences:	0
SN	sequences:	4008
SN	is sorted:	1
SN	1st fragments:	2004
SN	last fragments:	2004
SN	reads mapped:	4008
SN	reads mapped and paired:	4008	# paired-end technology bit set + both mates mapped
SN	reads unmapped:	0
SN	reads properly paired:	4008	# proper-pair bit set
SN	reads paired:	4008	# paired-end technology bit set
SN	reads duplicated:	0	# PCR or optical duplicate bit set
SN	reads MQ0:	18	# mapped and MQ=0
SN	reads QC failed:	0
SN	non-primary alignments:	0
SN	supplementary alignments:	0
SN	total length:	601200	# ignores clipping
SN	total first fragment length:	300600	# ignores clipping
SN	total last fragment length:	300600	# ignores clipping
SN	bases mapped:	601200	# ignores clipping
SN	bases mapped (cigar):	601200	# more accurate
SN	bases trimmed:	0
SN	bases duplicated:	0
SN	mismatches:	1099	# from NM fields
SN	error rate:	1.828011e-03	# mismatches / bases mapped (cigar)
SN	average length:	150
SN	average first fragment length:	150
SN	average last fragment length:	150
SN	maximum length:	150
SN	maximum first fragment length:	150
SN	maximum last fragment length:	150
SN	average quality:	30.0
SN	insert size average:	498.3
SN	insert size standard deviation:	48.7
SN	inward oriented pairs:	2004
SN	outward oriented pairs:	0
SN	pairs with other orientation:	0
SN	pairs on different chromosomes:	0
SN	percentage of properly paired reads (%):	100.0
# First Fragment Qualities. Use `grep ^FFQ | cut -f 2-` to extract this part.
# Columns correspond to qualities and rows to cycles. First column is the cycle number.
FFQ	1	0	0	0	0	0	0	0	0	0	0	0	0	0	0	0	0	0	0	0	0	0	0	0	0	0	0	0	0	0	0	2004	0
FFQ	2	0	0	0	0	0	0	0	0	0	0	0	0	0	0	0	0	0	0	0	0	0	0	0	0	0	0	0	0	0	0	2004	0
FFQ	3	0	0	0	0	0	0	0	0	0	0	0	0	0	0	0	0	0	0	0	0	0	0	0	0	0	0	0	0	0	0	2004	0
FFQ	4	0	0	0	0	0	0	0	0	0	0	0	0	0	0	0	0	0	0	0	0	0	0	0	0	0	0	0	0	0	0	2004	0
FFQ	5	0	0	0	0	0	0	0	0	0	0	0	0	0	0	0	0	0	0	0	0	0	0	0	0	0	0	0	0	0	0	2004	0
FFQ	6	0	0	0	0	0	0	0	0	0	0	0	0	0	0	0	0	0	0	0	0	0	0	0	0	0	0	0	0	0	0	2004	0
FFQ	7	0	0	0	0	0	0	0	0	0	0	0	0	0	0	0	0	0	0	0	0	0	0	0	0	0	0	0	0	0	0	2004	0
FFQ	8	0	0	0	0	0	0	0	0	0	0	0	0	0	0	0	0	0	0	0	0	0	0	0	0	0	0	0	0	0	0	2004	0
FFQ	9	0	0	0	0	0	0	0	0	0	0	0	0	0	0	0	0	0	0	0	0	0	0	0	0	0	0	0	0	0	0	2004	0
FFQ	10	0	0	0	0	0	0	0	0	0	0	0	0	0	0	0	0	0	0	0	0	0	0	0	0	0	0	0	0	0	0	2004	0
FFQ	11	0	0	0	0	0	0	0	0	0	0	0	0	0	0	0	0	0	0	0	0	0	0	0	0	0	0	0	0	0	0	2004	0
FFQ	12	0	0	0	0	0	0	0	0	0	0	0	0	0	0	0	0	0	0	0	0	0	0	0	0	0	0	0	0	0	0	2004	0
FFQ	13	0	0	0	0	0	0	0	0	0	0	0	0	0	0	0	0	0	0	0	0	0	0	0	0	0	0	0	0	0	0	2004	0
FFQ	14	0	0	0	0	0	0	0	0	0	0	0	0	0	0	0	0	0	0	0	0	0	0	0	0	0	0	0	0	0	0	2004	0
FFQ	15	0	0	0	0	0	0	0	0	0	0	0	0	0	0	0	0	0	0	0	0	0	0	0	0	0	0	0	0	0	0	2004	0
FFQ	16	0	0	0	0	0	0	0	0	0	0	0	0	0	0	0	0	0	0	0	0	0	0	0	0	0	0	0	0	0	0	2004	0
FFQ	17	0	0	0	0	0	0	0	0	0	0	0	0	0	0	0	0	0	0	0	0	0	0	0	0	0	0	0	0	0	0	2004	0
FFQ	18	0	0	0	0	0	0	0	0	0	0	0	0	0	0	0	0	0	0	0	0	0	0	0	0	0	0	0	0	0	0	2004	0
FFQ	19	0	0	0	0	0	0	0	0	0	0	0	0	0	0	0	0	0	0	0	0	0	0	0	0	0	0	0	0	0	0	2004	0
FFQ	20	0	0	0	0	0	0	0	0	0	0	0	0	0	0	0	0	0	0	0	0	0	0	0	0	0	0	0	0	0	0	2004	0
FFQ	21	0	0	0	0	0	0	0	0	0	0	0	0	0	0	0	0	0	0	0	0	0	0	0	0	0	0	0	0	0	0	2004	0
FFQ	22	0	0	0	0	0	0	0	0	0	0	0	0	0	0	0	0	0	0	0	0	0	0	0	0	0	0	0	0	0	0	2004	0
FFQ	23	0	0	0	0	0	0	0	0	0	0	0	0	0	0	0	0	0	0	0	0	0	0	0	0	0	0	0	0	0	0	2004	0
FFQ	24	0	0	0	0	0	0	0	0	0	0	0	0	0	0	0	0	0	0	0	0	0	0	0	0	0	0	0	0	0	0	2004	0
FFQ	25	0	0	0	0	0	0	0	0	0	0	0	0	0	0	0	0	0	0	0	0	0	0	0	0	0	0	0	0	0	0	2004	0
FFQ	26	0	0	0	0	0	0	0	0	0	0	0	0	0	0	0	0	0	0	0	0	0	0	0	0	0	0	0	0	0	0	2004	0
FFQ	27	0	0	0	0	0	0	0	0	0	0	0	0	0	0	0	0	0	0	0	0	0	0	0	0	0	0	0	0	0	0	2004	0
FFQ	28	0	0	0	0	0	0	0	0	0	0	0	0	0	0	0	0	0	0	0	0	0	0	0	0	0	0	0	0	0	0	2004	0
FFQ	29	0	0	0	0	0	0	0	0	0	0	0	0	0	0	0	0	0	0	0	0	0	0	0	0	0	0	0	0	0	0	2004	0
FFQ	30	0	0	0	0	0	0	0	0	0	0	0	0	0	0	0	0	0	0	0	0	0	0	0	0	0	0	0	0	0	0	2004	0
FFQ	31	0	0	0	0	0	0	0	0	0	0	0	0	0	0	0	0	0	0	0	0	0	0	0	0	0	0	0	0	0	0	2004	0
FFQ	32	0	0	0	0	0	0	0	0	0	0	0	0	0	0	0	0	0	0	0	0	0	0	0	0	0	0	0	0	0	0	2004	0
FFQ	33	0	0	0	0	0	0	0	0	0	0	0	0	0	0	0	0	0	0	0	0	0	0	0	0	0	0	0	0	0	0	2004	0
FFQ	34	0	0	0	0	0	0	0	0	0	0	0	0	0	0	0	0	0	0	0	0	0	0	0	0	0	0	0	0	0	0	2004	0
FFQ	35	0	0	0	0	0	0	0	0	0	0	0	0	0	0	0	0	0	0	0	0	0	0	0	0	0	0	0	0	0	0	2004	0
FFQ	36	0	0	0	0	0	0	0	0	0	0	0	0	0	0	0	0	0	0	0	0	0	0	0	0	0	0	0	0	0	0	2004	0
FFQ	37	0	0	0	0	0	0	0	0	0	0	0	0	0	0	0	0	0	0	0	0	0	0	0	0	0	0	0	0	0	0	2004	0
FFQ	38	0	0	0	0	0	0	0	0	0	0	0	0	0	0	0	0	0	0	0	0	0	0	0	0	0	0	0	0	0	0	2004	0
FFQ	39	0	0	0	0	0	0	0	0	0	0	0	0	0	0	0	0	0	0	0	0	0	0	0	0	0	0	0	0	0	0	2004	0
FFQ	40	0	0	0	0	0	0	0	0	0	0	0	0	0	0	0	0	0	0	0	0	0	0	0	0	0	0	0	0	0	0	2004	0
FFQ	41	0	0	0	0	0	0	0	0	0	0	0	0	0	0	0	0	0	0	0	0	0	0	0	0	0	0	0	0	0	0	2004	0
FFQ	42	0	0	0	0	0	0	0	0	0	0	0	0	0	0	0	0	0	0	0	0	0	0	0	0	0	0	0	0	0	0	2004	0
FFQ	43	0	0	0	0	0	0	0	0	0	0	0	0	0	0	0	0	0	0	0	0	0	0	0	0	0	0	0	0	0	0	2004	0
FFQ	44	0	0	0	0	0	0	0	0	0	0	0	0	0	0	0	0	0	0	0	0	0	0	0	0	0	0	0	0	0	0	2004	0
FFQ	45	0	0	0	0	0	0	0	0	0	0	0	0	0	0	0	0	0	0	0	0	0	0	0	0	0	0	0	0	0	0	2004	0
FFQ	46	0	0	0	0	0	0	0	0	0	0	0	0	0	0	0	0	0	0	0	0	0	0	0	0	0	0	0	0	0	0	2004	0
FFQ	47	0	0	0	0	0	0	0	0	0	0	0	0	0	0	0	0	0	0	0	0	0	0	0	0	0	0	0	0	0	0	2004	0
FFQ	48	0	0	0	0	0	0	0	0	0	0	0	0	0	0	0	0	0	0	0	0	0	0	0	0	0	0	0	0	0	0	2004	0
FFQ	49	0	0	0	0	0	0	0	0	0	0	0	0	0	0	0	0	0	0	0	0	0	0	0	0	0	0	0	0	0	0	2004	0
FFQ	50	0	0	0	0	0	0	0	0	0	0	0	0	0	0	0	0	0	0	0	0	0	0	0	0	0	0	0	0	0	0	2004	0
FFQ	51	0	0	0	0	0	0	0	0	0	0	0	0	0	0	0	0	0	0	0	0	0	0	0	0	0	0	0	0	0	0	2004	0
FFQ	52	0	0	0	0	0	0	0	0	0	0	0	0	0	0	0	0	0	0	0	0	0	0	0	0	0	0	0	0	0	0	2004	0
FFQ	53	0	0	0	0	0	0	0	0	0	0	0	0	0	0	0	0	0	0	0	0	0	0	0	0	0	0	0	0	0	0	2004	0
FFQ	54	0	0	0	0	0	0	0	0	0	0	0	0	0	0	0	0	0	0	0	0	0	0	0	0	0	0	0	0	0	0	2004	0
FFQ	55	0	0	0	0	0	0	0	0	0	0	0	0	0	0	0	0	0	0	0	0	0	0	0	0	0	0	0	0	0	0	2004	0
FFQ	56	0	0	0	0	0	0	0	0	0	0	0	0	0	0	0	0	0	0	0	0	0	0	0	0	0	0	0	0	0	0	2004	0
FFQ	57	0	0	0	0	0	0	0	0	0	0	0	0	0	0	0	0	0	0	0	0	0	0	0	0	0	0	0	0	0	0	2004	0
FFQ	58	0	0	0	0	0	0	0	0	0	0	0	0	0	0	0	0	0	0	0	0	0	0	0	0	0	0	0	0	0	0	2004	0
FFQ	59	0	0	0	0	0	0	0	0	0	0	0	0	0	0	0	0	0	0	0	0	0	0	0	0	0	0	0	0	0	0	2004	0
FFQ	60	0	0	0	0	0	0	0	0	0	0	0	0	0	0	0	0	0	0	0	0	0	0	0	0	0	0	0	0	0	0	2004	0
FFQ	61	0	0	0	0	0	0	0	0	0	0	0	0	0	0	0	0	0	0	0	0	0	0	0	0	0	0	0	0	0	0	2004	0
FFQ	62	0	0	0	0	0	0	0	0	0	0	0	0	0	0	0	0	0	0	0	0	0	0	0	0	0	0	0	0	0	0	2004	0
FFQ	63	0	0	0	0	0	0	0	0	0	0	0	0	0	0	0	0	0	0	0	0	0	0	0	0	0	0	0	0	0	0	2004	0
FFQ	64	0	0	0	0	0	0	0	0	0	0	0	0	0	0	0	0	0	0	0	0	0	0	0	0	0	0	0	0	0	0	2004	0
FFQ	65	0	0	0	0	0	0	0	0	0	0	0	0	0	0	0	0	0	0	0	0	0	0	0	0	0	0	0	0	0	0	2004	0
FFQ	66	0	0	0	0	0	0	0	0	0	0	0	0	0	0	0	0	0	0	0	0	0	0	0	0	0	0	0	0	0	0	2004	0
FFQ	67	0	0	0	0	0	0	0	0	0	0	0	0	0	0	0	0	0	0	0	0	0	0	0	0	0	0	0	0	0	0	2004	0
FFQ	68	0	0	0	0	0	0	0	0	0	0	0	0	0	0	0	0	0	0	0	0	0	0	0	0	0	0	0	0	0	0	2004	0
FFQ	69	0	0	0	0	0	0	0	0	0	0	0	0	0	0	0	0	0	0	0	0	0	0	0	0	0	0	0	0	0	0	2004	0
FFQ	70	0	0	0	0	0	0	0	0	0	0	0	0	0	0	0	0	0	0	0	0	0	0	0	0	0	0	0	0	0	0	2004	0
FFQ	71	0	0	0	0	0	0	0	0	0	0	0	0	0	0	0	0	0	0	0	0	0	0	0	0	0	0	0	0	0	0	2004	0
FFQ	72	0	0	0	0	0	0	0	0	0	0	0	0	0	0	0	0	0	0	0	0	0	0	0	0	0	0	0	0	0	0	2004	0
FFQ	73	0	0	0	0	0	0	0	0	0	0	0	0	0	0	0	0	0	0	0	0	0	0	0	0	0	0	0	0	0	0	2004	0
FFQ	74	0	0	0	0	0	0	0	0	0	0	0	0	0	0	0	0	0	0	0	0	0	0	0	0	0	0	0	0	0	0	2004	0
FFQ	75	0	0	0	0	0	0	0	0	0	0	0	0	0	0	0	0	0	0	0	0	0	0	0	0	0	0	0	0	0	0	2004	0
FFQ	76	0	0	0	0	0	0	0	0	0	0	0	0	0	0	0	0	0	0	0	0	0	0	0	0	0	0	0	0	0	0	2004	0
FFQ	77	0	0	0	0	0	0	0	0	0	0	0	0	0	0	0	0	0	0	0	0	0	0	0	0	0	0	0	0	0	0	2004	0
FFQ	78	0	0	0	0	0	0	0	0	0	0	0	0	0	0	0	0	0	0	0	0	0	0	0	0	0	0	0	0	0	0	2004	0
FFQ	79	0	0	0	0	0	0	0	0	0	0	0	0	0	0	0	0	0	0	0	0	0	0	0	0	0	0	0	0	0	0	2004	0
FFQ	80	0	0	0	0	0	0	0	0	0	0	0	0	0	0	0	0	0	0	0	0	0	0	0	0	0	0	0	0	0	0	2004	0
FFQ	81	0	0	0	0	0	0	0	0	0	0	0	0	0	0	0	0	0	0	0	0	0	0	0	0	0	0	0	0	0	0	2004	0
FFQ	82	0	0	0	0	0	0	0	0	0	0	0	0	0	0	0	0	0	0	0	0	0	0	0	0	0	0	0	0	0	0	2004	0
FFQ	83	0	0	0	0	0	0	0	0	0	0	0	0	0	0	0	0	0	0	0	0	0	0	0	0	0	0	0	0	0	0	2004	0
FFQ	84	0	0	0	0	0	0	0	0	0	0	0	0	0	0	0	0	0	0	0	0	0	0	0	0	0	0	0	0	0	0	2004	0
FFQ	85	0	0	0	0	0	0	0	0	0	0	0	0	0	0	0	0	0	0	0	0	0	0	0	0	0	0	0	0	0	0	2004	0
FFQ	86	0	0	0	0	0	0	0	0	0	0	0	0	0	0	0	0	0	0	0	0	0	0	0	0	0	0	0	0	0	0	2004	0
FFQ	87	0	0	0	0	0	0	0	0	0	0	0	0	0	0	0	0	0	0	0	0	0	0	0	0	0	0	0	0	0	0	2004	0
FFQ	88	0	0	0	0	0	0	0	0	0	0	0	0	0	0	0	0	0	0	0	0	0	0	0	0	0	0	0	0	0	0	2004	0
FFQ	89	0	0	0	0	0	0	0	0	0	0	0	0	0	0	0	0	0	0	0	0	0	0	0	0	0	0	0	0	0	0	2004	0
FFQ	90	0	0	0	0	0	0	0	0	0	0	0	0	0	0	0	0	0	0	0	0	0	0	0	0	0	0	0	0	0	0	2004	0
FFQ	91	0	0	0	0	0	0	0	0	0	0	0	0	0	0	0	0	0	0	0	0	0	0	0	0	0	0	0	0	0	0	2004	0
FFQ	92	0	0	0	0	0	0	0	0	0	0	0	0	0	0	0	0	0	0	0	0	0	0	0	0	0	0	0	0	0	0	2004	0
FFQ	93	0	0	0	0	0	0	0	0	0	0	0	0	0	0	0	0	0	0	0	0	0	0	0	0	0	0	0	0	0	0	2004	0
FFQ	94	0	0	0	0	0	0	0	0	0	0	0	0	0	0	0	0	0	0	0	0	0	0	0	0	0	0	0	0	0	0	2004	0
FFQ	95	0	0	0	0	0	0	0	0	0	0	0	0	0	0	0	0	0	0	0	0	0	0	0	0	0	0	0	0	0	0	2004	0
FFQ	96	0	0	0	0	0	0	0	0	0	0	0	0	0	0	0	0	0	0	0	0	0	0	0	0	0	0	0	0	0	0	2004	0
FFQ	97	0	0	0	0	0	0	0	0	0	0	0	0	0	0	0	0	0	0	0	0	0	0	0	0	0	0	0	0	0	0	2004	0
FFQ	98	0	0	0	0	0	0	0	0	0	0	0	0	0	0	0	0	0	0	0	0	0	0	0	0	0	0	0	0	0	0	2004	0
FFQ	99	0	0	0	0	0	0	0	0	0	0	0	0	0	0	0	0	0	0	0	0	0	0	0	0	0	0	0	0	0	0	2004	0
FFQ	100	0	0	0	0	0	0	0	0	0	0	0	0	0	0	0	0	0	0	0	0	0	0	0	0	0	0	0	0	0	0	2004	0
FFQ	101	0	0	0	0	0	0	0	0	0	0	0	0	0	0	0	0	0	0	0	0	0	0	0	0	0	0	0	0	0	0	2004	0
FFQ	102	0	0	0	0	0	0	0	0	0	0	0	0	0	0	0	0	0	0	0	0	0	0	0	0	0	0	0	0	0	0	2004	0
FFQ	103	0	0	0	0	0	0	0	0	0	0	0	0	0	0	0	0	0	0	0	0	0	0	0	0	0	0	0	0	0	0	2004	0
FFQ	104	0	0	0	0	0	0	0	0	0	0	0	0	0	0	0	0	0	0	0	0	0	0	0	0	0	0	0	0	0	0	2004	0
FFQ	105	0	0	0	0	0	0	0	0	0	0	0	0	0	0	0	0	0	0	0	0	0	0	0	0	0	0	0	0	0	0	2004	0
FFQ	106	0	0	0	0	0	0	0	0	0	0	0	0	0	0	0	0	0	0	0	0	0	0	0	0	0	0	0	0	0	0	2004	0
FFQ	107	0	0	0	0	0	0	0	0	0	0	0	0	0	0	0	0	0	0	0	0	0	0	0	0	0	0	0	0	0	0	2004	0
FFQ	108	0	0	0	0	0	0	0	0	0	0	0	0	0	0	0	0	0	0	0	0	0	0	0	0	0	0	0	0	0	0	2004	0
FFQ	109	0	0	0	0	0	0	0	0	0	0	0	0	0	0	0	0	0	0	0	0	0	0	0	0	0	0	0	0	0	0	2004	0
FFQ	110	0	0	0	0	0	0	0	0	0	0	0	0	0	0	0	0	0	0	0	0	0	0	0	0	0	0	0	0	0	0	2004	0
FFQ	111	0	0	0	0	0	0	0	0	0	0	0	0	0	0	0	0	0	0	0	0	0	0	0	0	0	0	0	0	0	0	2004	0
FFQ	112	0	0	0	0	0	0	0	0	0	0	0	0	0	0	0	0	0	0	0	0	0	0	0	0	0	0	0	0	0	0	2004	0
FFQ	113	0	0	0	0	0	0	0	0	0	0	0	0	0	0	0	0	0	0	0	0	0	0	0	0	0	0	0	0	0	0	2004	0
FFQ	114	0	0	0	0	0	0	0	0	0	0	0	0	0	0	0	0	0	0	0	0	0	0	0	0	0	0	0	0	0	0	2004	0
FFQ	115	0	0	0	0	0	0	0	0	0	0	0	0	0	0	0	0	0	0	0	0	0	0	0	0	0	0	0	0	0	0	2004	0
FFQ	116	0	0	0	0	0	0	0	0	0	0	0	0	0	0	0	0	0	0	0	0	0	0	0	0	0	0	0	0	0	0	2004	0
FFQ	117	0	0	0	0	0	0	0	0	0	0	0	0	0	0	0	0	0	0	0	0	0	0	0	0	0	0	0	0	0	0	2004	0
FFQ	118	0	0	0	0	0	0	0	0	0	0	0	0	0	0	0	0	0	0	0	0	0	0	0	0	0	0	0	0	0	0	2004	0
FFQ	119	0	0	0	0	0	0	0	0	0	0	0	0	0	0	0	0	0	0	0	0	0	0	0	0	0	0	0	0	0	0	2004	0
FFQ	120	0	0	0	0	0	0	0	0	0	0	0	0	0	0	0	0	0	0	0	0	0	0	0	0	0	0	0	0	0	0	2004	0
FFQ	121	0	0	0	0	0	0	0	0	0	0	0	0	0	0	0	0	0	0	0	0	0	0	0	0	0	0	0	0	0	0	2004	0
FFQ	122	0	0	0	0	0	0	0	0	0	0	0	0	0	0	0	0	0	0	0	0	0	0	0	0	0	0	0	0	0	0	2004	0
FFQ	123	0	0	0	0	0	0	0	0	0	0	0	0	0	0	0	0	0	0	0	0	0	0	0	0	0	0	0	0	0	0	2004	0
FFQ	124	0	0	0	0	0	0	0	0	0	0	0	0	0	0	0	0	0	0	0	0	0	0	0	0	0	0	0	0	0	0	2004	0
FFQ	125	0	0	0	0	0	0	0	0	0	0	0	0	0	0	0	0	0	0	0	0	0	0	0	0	0	0	0	0	0	0	2004	0
FFQ	126	0	0	0	0	0	0	0	0	0	0	0	0	0	0	0	0	0	0	0	0	0	0	0	0	0	0	0	0	0	0	2004	0
FFQ	127	0	0	0	0	0	0	0	0	0	0	0	0	0	0	0	0	0	0	0	0	0	0	0	0	0	0	0	0	0	0	2004	0
FFQ	128	0	0	0	0	0	0	0	0	0	0	0	0	0	0	0	0	0	0	0	0	0	0	0	0	0	0	0	0	0	0	2004	0
FFQ	129	0	0	0	0	0	0	0	0	0	0	0	0	0	0	0	0	0	0	0	0	0	0	0	0	0	0	0	0	0	0	2004	0
FFQ	130	0	0	0	0	0	0	0	0	0	0	0	0	0	0	0	0	0	0	0	0	0	0	0	0	0	0	0	0	0	0	2004	0
FFQ	131	0	0	0	0	0	0	0	0	0	0	0	0	0	0	0	0	0	0	0	0	0	0	0	0	0	0	0	0	0	0	2004	0
FFQ	132	0	0	0	0	0	0	0	0	0	0	0	0	0	0	0	0	0	0	0	0	0	0	0	0	0	0	0	0	0	0	2004	0
FFQ	133	0	0	0	0	0	0	0	0	0	0	0	0	0	0	0	0	0	0	0	0	0	0	0	0	0	0	0	0	0	0	2004	0
FFQ	134	0	0	0	0	0	0	0	0	0	0	0	0	0	0	0	0	0	0	0	0	0	0	0	0	0	0	0	0	0	0	2004	0
FFQ	135	0	0	0	0	0	0	0	0	0	0	0	0	0	0	0	0	0	0	0	0	0	0	0	0	0	0	0	0	0	0	2004	0
FFQ	136	0	0	0	0	0	0	0	0	0	0	0	0	0	0	0	0	0	0	0	0	0	0	0	0	0	0	0	0	0	0	2004	0
FFQ	137	0	0	0	0	0	0	0	0	0	0	0	0	0	0	0	0	0	0	0	0	0	0	0	0	0	0	0	0	0	0	2004	0
FFQ	138	0	0	0	0	0	0	0	0	0	0	0	0	0	0	0	0	0	0	0	0	0	0	0	0	0	0	0	0	0	0	2004	0
FFQ	139	0	0	0	0	0	0	0	0	0	0	0	0	0	0	0	0	0	0	0	0	0	0	0	0	0	0	0	0	0	0	2004	0
FFQ	140	0	0	0	0	0	0	0	0	0	0	0	0	0	0	0	0	0	0	0	0	0	0	0	0	0	0	0	0	0	0	2004	0
FFQ	141	0	0	0	0	0	0	0	0	0	0	0	0	0	0	0	0	0	0	0	0	0	0	0	0	0	0	0	0	0	0	2004	0
FFQ	142	0	0	0	0	0	0	0	0	0	0	0	0	0	0	0	0	0	0	0	0	0	0	0	0	0	0	0	0	0	0	2004	0
FFQ	143	0	0	0	0	0	0	0	0	0	0	0	0	0	0	0	0	0	0	0	0	0	0	0	0	0	0	0	0	0	0	2004	0
FFQ	144	0	0	0	0	0	0	0	0	0	0	0	0	0	0	0	0	0	0	0	0	0	0	0	0	0	0	0	0	0	0	2004	0
FFQ	145	0	0	0	0	0	0	0	0	0	0	0	0	0	0	0	0	0	0	0	0	0	0	0	0	0	0	0	0	0	0	2004	0
FFQ	146	0	0	0	0	0	0	0	0	0	0	0	0	0	0	0	0	0	0	0	0	0	0	0	0	0	0	0	0	0	0	2004	0
FFQ	147	0	0	0	0	0	0	0	0	0	0	0	0	0	0	0	0	0	0	0	0	0	0	0	0	0	0	0	0	0	0	2004	0
FFQ	148	0	0	0	0	0	0	0	0	0	0	0	0	0	0	0	0	0	0	0	0	0	0	0	0	0	0	0	0	0	0	2004	0
FFQ	149	0	0	0	0	0	0	0	0	0	0	0	0	0	0	0	0	0	0	0	0	0	0	0	0	0	0	0	0	0	0	2004	0
FFQ	150	0	0	0	0	0	0	0	0	0	0	0	0	0	0	0	0	0	0	0	0	0	0	0	0	0	0	0	0	0	0	2004	0
# Last Fragment Qualities. Use `grep ^LFQ | cut -f 2-` to extract this part.
# Columns correspond to qualities and rows to cycles. First column is the cycle number.
LFQ	1	0	0	0	0	0	0	0	0	0	0	0	0	0	0	0	0	0	0	0	0	0	0	0	0	0	0	0	0	0	0	2004	0
LFQ	2	0	0	0	0	0	0	0	0	0	0	0	0	0	0	0	0	0	0	0	0	0	0	0	0	0	0	0	0	0	0	2004	0
LFQ	3	0	0	0	0	0	0	0	0	0	0	0	0	0	0	0	0	0	0	0	0	0	0	0	0	0	0	0	0	0	0	2004	0
LFQ	4	0	0	0	0	0	0	0	0	0	0	0	0	0	0	0	0	0	0	0	0	0	0	0	0	0	0	0	0	0	0	2004	0
LFQ	5	0	0	0	0	0	0	0	0	0	0	0	0	0	0	0	0	0	0	0	0	0	0	0	0	0	0	0	0	0	0	2004	0
LFQ	6	0	0	0	0	0	0	0	0	0	0	0	0	0	0	0	0	0	0	0	0	0	0	0	0	0	0	0	0	0	0	2004	0
LFQ	7	0	0	0	0	0	0	0	0	0	0	0	0	0	0	0	0	0	0	0	0	0	0	0	0	0	0	0	0	0	0	2004	0
LFQ	8	0	0	0	0	0	0	0	0	0	0	0	0	0	0	0	0	0	0	0	0	0	0	0	0	0	0	0	0	0	0	2004	0
LFQ	9	0	0	0	0	0	0	0	0	0	0	0	0	0	0	0	0	0	0	0	0	0	0	0	0	0	0	0	0	0	0	2004	0
LFQ	10	0	0	0	0	0	0	0	0	0	0	0	0	0	0	0	0	0	0	0	0	0	0	0	0	0	0	0	0	0	0	2004	0
LFQ	11	0	0	0	0	0	0	0	0	0	0	0	0	0	0	0	0	0	0	0	0	0	0	0	0	0	0	0	0	0	0	2004	0
LFQ	12	0	0	0	0	0	0	0	0	0	0	0	0	0	0	0	0	0	0	0	0	0	0	0	0	0	0	0	0	0	0	2004	0
LFQ	13	0	0	0	0	0	0	0	0	0	0	0	0	0	0	0	0	0	0	0	0	0	0	0	0	0	0	0	0	0	0	2004	0
LFQ	14	0	0	0	0	0	0	0	0	0	0	0	0	0	0	0	0	0	0	0	0	0	0	0	0	0	0	0	0	0	0	2004	0
LFQ	15	0	0	0	0	0	0	0	0	0	0	0	0	0	0	0	0	0	0	0	0	0	0	0	0	0	0	0	0	0	0	2004	0
LFQ	16	0	0	0	0	0	0	0	0	0	0	0	0	0	0	0	0	0	0	0	0	0	0	0	0	0	0	0	0	0	0	2004	0
LFQ	17	0	0	0	0	0	0	0	0	0	0	0	0	0	0	0	0	0	0	0	0	0	0	0	0	0	0	0	0	0	0	2004	0
LFQ	18	0	0	0	0	0	0	0	0	0	0	0	0	0	0	0	0	0	0	0	0	0	0	0	0	0	0	0	0	0	0	2004	0
LFQ	19	0	0	0	0	0	0	0	0	0	0	0	0	0	0	0	0	0	0	0	0	0	0	0	0	0	0	0	0	0	0	2004	0
LFQ	20	0	0	0	0	0	0	0	0	0	0	0	0	0	0	0	0	0	0	0	0	0	0	0	0	0	0	0	0	0	0	2004	0
LFQ	21	0	0	0	0	0	0	0	0	0	0	0	0	0	0	0	0	0	0	0	0	0	0	0	0	0	0	0	0	0	0	2004	0
LFQ	22	0	0	0	0	0	0	0	0	0	0	0	0	0	0	0	0	0	0	0	0	0	0	0	0	0	0	0	0	0	0	2004	0
LFQ	23	0	0	0	0	0	0	0	0	0	0	0	0	0	0	0	0	0	0	0	0	0	0	0	0	0	0	0	0	0	0	2004	0
LFQ	24	0	0	0	0	0	0	0	0	0	0	0	0	0	0	0	0	0	0	0	0	0	0	0	0	0	0	0	0	0	0	2004	0
LFQ	25	0	0	0	0	0	0	0	0	0	0	0	0	0	0	0	0	0	0	0	0	0	0	0	0	0	0	0	0	0	0	2004	0
LFQ	26	0	0	0	0	0	0	0	0	0	0	0	0	0	0	0	0	0	0	0	0	0	0	0	0	0	0	0	0	0	0	2004	0
LFQ	27	0	0	0	0	0	0	0	0	0	0	0	0	0	0	0	0	0	0	0	0	0	0	0	0	0	0	0	0	0	0	2004	0
LFQ	28	0	0	0	0	0	0	0	0	0	0	0	0	0	0	0	0	0	0	0	0	0	0	0	0	0	0	0	0	0	0	2004	0
LFQ	29	0	0	0	0	0	0	0	0	0	0	0	0	0	0	0	0	0	0	0	0	0	0	0	0	0	0	0	0	0	0	2004	0
LFQ	30	0	0	0	0	0	0	0	0	0	0	0	0	0	0	0	0	0	0	0	0	0	0	0	0	0	0	0	0	0	0	2004	0
LFQ	31	0	0	0	0	0	0	0	0	0	0	0	0	0	0	0	0	0	0	0	0	0	0	0	0	0	0	0	0	0	0	2004	0
LFQ	32	0	0	0	0	0	0	0	0	0	0	0	0	0	0	0	0	0	0	0	0	0	0	0	0	0	0	0	0	0	0	2004	0
LFQ	33	0	0	0	0	0	0	0	0	0	0	0	0	0	0	0	0	0	0	0	0	0	0	0	0	0	0	0	0	0	0	2004	0
LFQ	34	0	0	0	0	0	0	0	0	0	0	0	0	0	0	0	0	0	0	0	0	0	0	0	0	0	0	0	0	0	0	2004	0
LFQ	35	0	0	0	0	0	0	0	0	0	0	0	0	0	0	0	0	0	0	0	0	0	0	0	0	0	0	0	0	0	0	2004	0
LFQ	36	0	0	0	0	0	0	0	0	0	0	0	0	0	0	0	0	0	0	0	0	0	0	0	0	0	0	0	0	0	0	2004	0
LFQ	37	0	0	0	0	0	0	0	0	0	0	0	0	0	0	0	0	0	0	0	0	0	0	0	0	0	0	0	0	0	0	2004	0
LFQ	38	0	0	0	0	0	0	0	0	0	0	0	0	0	0	0	0	0	0	0	0	0	0	0	0	0	0	0	0	0	0	2004	0
LFQ	39	0	0	0	0	0	0	0	0	0	0	0	0	0	0	0	0	0	0	0	0	0	0	0	0	0	0	0	0	0	0	2004	0
LFQ	40	0	0	0	0	0	0	0	0	0	0	0	0	0	0	0	0	0	0	0	0	0	0	0	0	0	0	0	0	0	0	2004	0
LFQ	41	0	0	0	0	0	0	0	0	0	0	0	0	0	0	0	0	0	0	0	0	0	0	0	0	0	0	0	0	0	0	2004	0
LFQ	42	0	0	0	0	0	0	0	0	0	0	0	0	0	0	0	0	0	0	0	0	0	0	0	0	0	0	0	0	0	0	2004	0
LFQ	43	0	0	0	0	0	0	0	0	0	0	0	0	0	0	0	0	0	0	0	0	0	0	0	0	0	0	0	0	0	0	2004	0
LFQ	44	0	0	0	0	0	0	0	0	0	0	0	0	0	0	0	0	0	0	0	0	0	0	0	0	0	0	0	0	0	0	2004	0
LFQ	45	0	0	0	0	0	0	0	0	0	0	0	0	0	0	0	0	0	0	0	0	0	0	0	0	0	0	0	0	0	0	2004	0
LFQ	46	0	0	0	0	0	0	0	0	0	0	0	0	0	0	0	0	0	0	0	0	0	0	0	0	0	0	0	0	0	0	2004	0
LFQ	47	0	0	0	0	0	0	0	0	0	0	0	0	0	0	0	0	0	0	0	0	0	0	0	0	0	0	0	0	0	0	2004	0
LFQ	48	0	0	0	0	0	0	0	0	0	0	0	0	0	0	0	0	0	0	0	0	0	0	0	0	0	0	0	0	0	0	2004	0
LFQ	49	0	0	0	0	0	0	0	0	0	0	0	0	0	0	0	0	0	0	0	0	0	0	0	0	0	0	0	0	0	0	2004	0
LFQ	50	0	0	0	0	0	0	0	0	0	0	0	0	0	0	0	0	0	0	0	0	0	0	0	0	0	0	0	0	0	0	2004	0
LFQ	51	0	0	0	0	0	0	0	0	0	0	0	0	0	0	0	0	0	0	0	0	0	0	0	0	0	0	0	0	0	0	2004	0
LFQ	52	0	0	0	0	0	0	0	0	0	0	0	0	0	0	0	0	0	0	0	0	0	0	0	0	0	0	0	0	0	0	2004	0
LFQ	53	0	0	0	0	0	0	0	0	0	0	0	0	0	0	0	0	0	0	0	0	0	0	0	0	0	0	0	0	0	0	2004	0
LFQ	54	0	0	0	0	0	0	0	0	0	0	0	0	0	0	0	0	0	0	0	0	0	0	0	0	0	0	0	0	0	0	2004	0
LFQ	55	0	0	0	0	0	0	0	0	0	0	0	0	0	0	0	0	0	0	0	0	0	0	0	0	0	0	0	0	0	0	2004	0
LFQ	56	0	0	0	0	0	0	0	0	0	0	0	0	0	0	0	0	0	0	0	0	0	0	0	0	0	0	0	0	0	0	2004	0
LFQ	57	0	0	0	0	0	0	0	0	0	0	0	0	0	0	0	0	0	0	0	0	0	0	0	0	0	0	0	0	0	0	2004	0
LFQ	58	0	0	0	0	0	0	0	0	0	0	0	0	0	0	0	0	0	0	0	0	0	0	0	0	0	0	0	0	0	0	2004	0
LFQ	59	0	0	0	0	0	0	0	0	0	0	0	0	0	0	0	0	0	0	0	0	0	0	0	0	0	0	0	0	0	0	2004	0
LFQ	60	0	0	0	0	0	0	0	0	0	0	0	0	0	0	0	0	0	0	0	0	0	0	0	0	0	0	0	0	0	0	2004	0
LFQ	61	0	0	0	0	0	0	0	0	0	0	0	0	0	0	0	0	0	0	0	0	0	0	0	0	0	0	0	0	0	0	2004	0
LFQ	62	0	0	0	0	0	0	0	0	0	0	0	0	0	0	0	0	0	0	0	0	0	0	0	0	0	0	0	0	0	0	2004	0
LFQ	63	0	0	0	0	0	0	0	0	0	0	0	0	0	0	0	0	0	0	0	0	0	0	0	0	0	0	0	0	0	0	2004	0
LFQ	64	0	0	0	0	0	0	0	0	0	0	0	0	0	0	0	0	0	0	0	0	0	0	0	0	0	0	0	0	0	0	2004	0
LFQ	65	0	0	0	0	0	0	0	0	0	0	0	0	0	0	0	0	0	0	0	0	0	0	0	0	0	0	0	0	0	0	2004	0
LFQ	66	0	0	0	0	0	0	0	0	0	0	0	0	0	0	0	0	0	0	0	0	0	0	0	0	0	0	0	0	0	0	2004	0
LFQ	67	0	0	0	0	0	0	0	0	0	0	0	0	0	0	0	0	0	0	0	0	0	0	0	0	0	0	0	0	0	0	2004	0
LFQ	68	0	0	0	0	0	0	0	0	0	0	0	0	0	0	0	0	0	0	0	0	0	0	0	0	0	0	0	0	0	0	2004	0
LFQ	69	0	0	0	0	0	0	0	0	0	0	0	0	0	0	0	0	0	0	0	0	0	0	0	0	0	0	0	0	0	0	2004	0
LFQ	70	0	0	0	0	0	0	0	0	0	0	0	0	0	0	0	0	0	0	0	0	0	0	0	0	0	0	0	0	0	0	2004	0
LFQ	71	0	0	0	0	0	0	0	0	0	0	0	0	0	0	0	0	0	0	0	0	0	0	0	0	0	0	0	0	0	0	2004	0
LFQ	72	0	0	0	0	0	0	0	0	0	0	0	0	0	0	0	0	0	0	0	0	0	0	0	0	0	0	0	0	0	0	2004	0
LFQ	73	0	0	0	0	0	0	0	0	0	0	0	0	0	0	0	0	0	0	0	0	0	0	0	0	0	0	0	0	0	0	2004	0
LFQ	74	0	0	0	0	0	0	0	0	0	0	0	0	0	0	0	0	0	0	0	0	0	0	0	0	0	0	0	0	0	0	2004	0
LFQ	75	0	0	0	0	0	0	0	0	0	0	0	0	0	0	0	0	0	0	0	0	0	0	0	0	0	0	0	0	0	0	2004	0
LFQ	76	0	0	0	0	0	0	0	0	0	0	0	0	0	0	0	0	0	0	0	0	0	0	0	0	0	0	0	0	0	0	2004	0
LFQ	77	0	0	0	0	0	0	0	0	0	0	0	0	0	0	0	0	0	0	0	0	0	0	0	0	0	0	0	0	0	0	2004	0
LFQ	78	0	0	0	0	0	0	0	0	0	0	0	0	0	0	0	0	0	0	0	0	0	0	0	0	0	0	0	0	0	0	2004	0
LFQ	79	0	0	0	0	0	0	0	0	0	0	0	0	0	0	0	0	0	0	0	0	0	0	0	0	0	0	0	0	0	0	2004	0
LFQ	80	0	0	0	0	0	0	0	0	0	0	0	0	0	0	0	0	0	0	0	0	0	0	0	0	0	0	0	0	0	0	2004	0
LFQ	81	0	0	0	0	0	0	0	0	0	0	0	0	0	0	0	0	0	0	0	0	0	0	0	0	0	0	0	0	0	0	2004	0
LFQ	82	0	0	0	0	0	0	0	0	0	0	0	0	0	0	0	0	0	0	0	0	0	0	0	0	0	0	0	0	0	0	2004	0
LFQ	83	0	0	0	0	0	0	0	0	0	0	0	0	0	0	0	0	0	0	0	0	0	0	0	0	0	0	0	0	0	0	2004	0
LFQ	84	0	0	0	0	0	0	0	0	0	0	0	0	0	0	0	0	0	0	0	0	0	0	0	0	0	0	0	0	0	0	2004	0
LFQ	85	0	0	0	0	0	0	0	0	0	0	0	0	0	0	0	0	0	0	0	0	0	0	0	0	0	0	0	0	0	0	2004	0
LFQ	86	0	0	0	0	0	0	0	0	0	0	0	0	0	0	0	0	0	0	0	0	0	0	0	0	0	0	0	0	0	0	2004	0
LFQ	87	0	0	0	0	0	0	0	0	0	0	0	0	0	0	0	0	0	0	0	0	0	0	0	0	0	0	0	0	0	0	2004	0
LFQ	88	0	0	0	0	0	0	0	0	0	0	0	0	0	0	0	0	0	0	0	0	0	0	0	0	0	0	0	0	0	0	2004	0
LFQ	89	0	0	0	0	0	0	0	0	0	0	0	0	0	0	0	0	0	0	0	0	0	0	0	0	0	0	0	0	0	0	2004	0
LFQ	90	0	0	0	0	0	0	0	0	0	0	0	0	0	0	0	0	0	0	0	0	0	0	0	0	0	0	0	0	0	0	2004	0
LFQ	91	0	0	0	0	0	0	0	0	0	0	0	0	0	0	0	0	0	0	0	0	0	0	0	0	0	0	0	0	0	0	2004	0
LFQ	92	0	0	0	0	0	0	0	0	0	0	0	0	0	0	0	0	0	0	0	0	0	0	0	0	0	0	0	0	0	0	2004	0
LFQ	93	0	0	0	0	0	0	0	0	0	0	0	0	0	0	0	0	0	0	0	0	0	0	0	0	0	0	0	0	0	0	2004	0
LFQ	94	0	0	0	0	0	0	0	0	0	0	0	0	0	0	0	0	0	0	0	0	0	0	0	0	0	0	0	0	0	0	2004	0
LFQ	95	0	0	0	0	0	0	0	0	0	0	0	0	0	0	0	0	0	0	0	0	0	0	0	0	0	0	0	0	0	0	2004	0
LFQ	96	0	0	0	0	0	0	0	0	0	0	0	0	0	0	0	0	0	0	0	0	0	0	0	0	0	0	0	0	0	0	2004	0
LFQ	97	0	0	0	0	0	0	0	0	0	0	0	0	0	0	0	0	0	0	0	0	0	0	0	0	0	0	0	0	0	0	2004	0
LFQ	98	0	0	0	0	0	0	0	0	0	0	0	0	0	0	0	0	0	0	0	0	0	0	0	0	0	0	0	0	0	0	2004	0
LFQ	99	0	0	0	0	0	0	0	0	0	0	0	0	0	0	0	0	0	0	0	0	0	0	0	0	0	0	0	0	0	0	2004	0
LFQ	100	0	0	0	0	0	0	0	0	0	0	0	0	0	0	0	0	0	0	0	0	0	0	0	0	0	0	0	0	0	0	2004	0
LFQ	101	0	0	0	0	0	0	0	0	0	0	0	0	0	0	0	0	0	0	0	0	0	0	0	0	0	0	0	0	0	0	2004	0
LFQ	102	0	0	0	0	0	0	0	0	0	0	0	0	0	0	0	0	0	0	0	0	0	0	0	0	0	0	0	0	0	0	2004	0
LFQ	103	0	0	0	0	0	0	0	0	0	0	0	0	0	0	0	0	0	0	0	0	0	0	0	0	0	0	0	0	0	0	2004	0
LFQ	104	0	0	0	0	0	0	0	0	0	0	0	0	0	0	0	0	0	0	0	0	0	0	0	0	0	0	0	0	0	0	2004	0
LFQ	105	0	0	0	0	0	0	0	0	0	0	0	0	0	0	0	0	0	0	0	0	0	0	0	0	0	0	0	0	0	0	2004	0
LFQ	106	0	0	0	0	0	0	0	0	0	0	0	0	0	0	0	0	0	0	0	0	0	0	0	0	0	0	0	0	0	0	2004	0
LFQ	107	0	0	0	0	0	0	0	0	0	0	0	0	0	0	0	0	0	0	0	0	0	0	0	0	0	0	0	0	0	0	2004	0
LFQ	108	0	0	0	0	0	0	0	0	0	0	0	0	0	0	0	0	0	0	0	0	0	0	0	0	0	0	0	0	0	0	2004	0
LFQ	109	0	0	0	0	0	0	0	0	0	0	0	0	0	0	0	0	0	0	0	0	0	0	0	0	0	0	0	0	0	0	2004	0
LFQ	110	0	0	0	0	0	0	0	0	0	0	0	0	0	0	0	0	0	0	0	0	0	0	0	0	0	0	0	0	0	0	2004	0
LFQ	111	0	0	0	0	0	0	0	0	0	0	0	0	0	0	0	0	0	0	0	0	0	0	0	0	0	0	0	0	0	0	2004	0
LFQ	112	0	0	0	0	0	0	0	0	0	0	0	0	0	0	0	0	0	0	0	0	0	0	0	0	0	0	0	0	0	0	2004	0
LFQ	113	0	0	0	0	0	0	0	0	0	0	0	0	0	0	0	0	0	0	0	0	0	0	0	0	0	0	0	0	0	0	2004	0
LFQ	114	0	0	0	0	0	0	0	0	0	0	0	0	0	0	0	0	0	0	0	0	0	0	0	0	0	0	0	0	0	0	2004	0
LFQ	115	0	0	0	0	0	0	0	0	0	0	0	0	0	0	0	0	0	0	0	0	0	0	0	0	0	0	0	0	0	0	2004	0
LFQ	116	0	0	0	0	0	0	0	0	0	0	0	0	0	0	0	0	0	0	0	0	0	0	0	0	0	0	0	0	0	0	2004	0
LFQ	117	0	0	0	0	0	0	0	0	0	0	0	0	0	0	0	0	0	0	0	0	0	0	0	0	0	0	0	0	0	0	2004	0
LFQ	118	0	0	0	0	0	0	0	0	0	0	0	0	0	0	0	0	0	0	0	0	0	0	0	0	0	0	0	0	0	0	2004	0
LFQ	119	0	0	0	0	0	0	0	0	0	0	0	0	0	0	0	0	0	0	0	0	0	0	0	0	0	0	0	0	0	0	2004	0
LFQ	120	0	0	0	0	0	0	0	0	0	0	0	0	0	0	0	0	0	0	0	0	0	0	0	0	0	0	0	0	0	0	2004	0
LFQ	121	0	0	0	0	0	0	0	0	0	0	0	0	0	0	0	0	0	0	0	0	0	0	0	0	0	0	0	0	0	0	2004	0
LFQ	122	0	0	0	0	0	0	0	0	0	0	0	0	0	0	0	0	0	0	0	0	0	0	0	0	0	0	0	0	0	0	2004	0
LFQ	123	0	0	0	0	0	0	0	0	0	0	0	0	0	0	0	0	0	0	0	0	0	0	0	0	0	0	0	0	0	0	2004	0
LFQ	124	0	0	0	0	0	0	0	0	0	0	0	0	0	0	0	0	0	0	0	0	0	0	0	0	0	0	0	0	0	0	2004	0
LFQ	125	0	0	0	0	0	0	0	0	0	0	0	0	0	0	0	0	0	0	0	0	0	0	0	0	0	0	0	0	0	0	2004	0
LFQ	126	0	0	0	0	0	0	0	0	0	0	0	0	0	0	0	0	0	0	0	0	0	0	0	0	0	0	0	0	0	0	2004	0
LFQ	127	0	0	0	0	0	0	0	0	0	0	0	0	0	0	0	0	0	0	0	0	0	0	0	0	0	0	0	0	0	0	2004	0
LFQ	128	0	0	0	0	0	0	0	0	0	0	0	0	0	0	0	0	0	0	0	0	0	0	0	0	0	0	0	0	0	0	2004	0
LFQ	129	0	0	0	0	0	0	0	0	0	0	0	0	0	0	0	0	0	0	0	0	0	0	0	0	0	0	0	0	0	0	2004	0
LFQ	130	0	0	0	0	0	0	0	0	0	0	0	0	0	0	0	0	0	0	0	0	0	0	0	0	0	0	0	0	0	0	2004	0
LFQ	131	0	0	0	0	0	0	0	0	0	0	0	0	0	0	0	0	0	0	0	0	0	0	0	0	0	0	0	0	0	0	2004	0
LFQ	132	0	0	0	0	0	0	0	0	0	0	0	0	0	0	0	0	0	0	0	0	0	0	0	0	0	0	0	0	0	0	2004	0
LFQ	133	0	0	0	0	0	0	0	0	0	0	0	0	0	0	0	0	0	0	0	0	0	0	0	0	0	0	0	0	0	0	2004	0
LFQ	134	0	0	0	0	0	0	0	0	0	0	0	0	0	0	0	0	0	0	0	0	0	0	0	0	0	0	0	0	0	0	2004	0
LFQ	135	0	0	0	0	0	0	0	0	0	0	0	0	0	0	0	0	0	0	0	0	0	0	0	0	0	0	0	0	0	0	2004	0
LFQ	136	0	0	0	0	0	0	0	0	0	0	0	0	0	0	0	0	0	0	0	0	0	0	0	0	0	0	0	0	0	0	2004	0
LFQ	137	0	0	0	0	0	0	0	0	0	0	0	0	0	0	0	0	0	0	0	0	0	0	0	0	0	0	0	0	0	0	2004	0
LFQ	138	0	0	0	0	0	0	0	0	0	0	0	0	0	0	0	0	0	0	0	0	0	0	0	0	0	0	0	0	0	0	2004	0
LFQ	139	0	0	0	0	0	0	0	0	0	0	0	0	0	0	0	0	0	0	0	0	0	0	0	0	0	0	0	0	0	0	2004	0
LFQ	140	0	0	0	0	0	0	0	0	0	0	0	0	0	0	0	0	0	0	0	0	0	0	0	0	0	0	0	0	0	0	2004	0
LFQ	141	0	0	0	0	0	0	0	0	0	0	0	0	0	0	0	0	0	0	0	0	0	0	0	0	0	0	0	0	0	0	2004	0
LFQ	142	0	0	0	0	0	0	0	0	0	0	0	0	0	0	0	0	0	0	0	0	0	0	0	0	0	0	0	0	0	0	2004	0
LFQ	143	0	0	0	0	0	0	0	0	0	0	0	0	0	0	0	0	0	0	0	0	0	0	0	0	0	0	0	0	0	0	2004	0
LFQ	144	0	0	0	0	0	0	0	0	0	0	0	0	0	0	0	0	0	0	0	0	0	0	0	0	0	0	0	0	0	0	2004	0
LFQ	145	0	0	0	0	0	0	0	0	0	0	0	0	0	0	0	0	0	0	0	0	0	0	0	0	0	0	0	0	0	0	2004	0
LFQ	146	0	0	0	0	0	0	0	0	0	0	0	0	0	0	0	0	0	0	0	0	0	0	0	0	0	0	0	0	0	0	2004	0
LFQ	147	0	0	0	0	0	0	0	0	0	0	0	0	0	0	0	0	0	0	0	0	0	0	0	0	0	0	0	0	0	0	2004	0
LFQ	148	0	0	0	0	0	0	0	0	0	0	0	0	0	0	0	0	0	0	0	0	0	0	0	0	0	0	0	0	0	0	2004	0
LFQ	149	0	0	0	0	0	0	0	0	0	0	0	0	0	0	0	0	0	0	0	0	0	0	0	0	0	0	0	0	0	0	2004	0
LFQ	150	0	0	0	0	0	0	0	0	0	0	0	0	0	0	0	0	0	0	0	0	0	0	0	0	0	0	0	0	0	0	2004	0
# GC Content of first fragments. Use `grep ^GCF | cut -f 2-` to extract this part.
GCF	4.77	0
GCF	10.05	1
GCF	12.81	0
GCF	15.33	2
GCF	16.58	0
GCF	18.09	1
GCF	18.84	2
GCF	19.85	0
GCF	20.85	3
GCF	21.36	0
GCF	22.11	3
GCF	22.86	6
GCF	23.37	3
GCF	24.12	13
GCF	24.87	9
GCF	25.38	15
GCF	26.13	20
GCF	26.88	18
GCF	27.39	20
GCF	28.14	25
GCF	28.89	28
GCF	29.40	27
GCF	30.15	44
GCF	30.90	30
GCF	31.41	39
GCF	32.41	52
GCF	33.42	57
GCF	33.92	70
GCF	34.67	79
GCF	35.43	102
GCF	35.93	68
GCF	36.68	79
GCF	37.44	83
GCF	37.94	72
GCF	38.69	58
GCF	39.45	67
GCF	39.95	89
GCF	40.70	76
GCF	41.46	57
GCF	41.96	59
GCF	42.71	56
GCF	43.47	57
GCF	43.97	53
GCF	44.72	40
GCF	45.48	41
GCF	45.98	47
GCF	46.73	42
GCF	47.49	39
GCF	47.99	33
GCF	48.74	18
GCF	49.50	23
GCF	50.50	12
GCF	51.51	13
GCF	52.01	15
GCF	52.76	11
GCF	53.52	6
GCF	54.02	11
GCF	54.77	4
GCF	55.53	2
GCF	56.03	7
GCF	57.04	6
GCF	58.54	3
GCF	59.55	2
GCF	60.05	0
GCF	60.80	2
GCF	61.56	0
GCF	62.06	2
GCF	63.82	0
GCF	65.58	2
GCF	66.08	1
GCF	66.58	3
GCF	67.34	0
GCF	68.34	1
GCF	69.85	0
GCF	71.36	1
# GC Content of last fragments. Use `grep ^GCL | cut -f 2-` to extract this part.
GCL	7.79	0
GCL	16.08	1
GCL	16.83	0
GCL	17.34	2
GCL	18.34	0
GCL	19.35	2
GCL	20.10	1
GCL	20.85	3
GCL	21.36	4
GCL	22.11	1
GCL	22.86	9
GCL	23.37	7
GCL	24.12	6
GCL	24.87	20
GCL	25.38	14
GCL	26.13	23
GCL	26.88	28
GCL	27.39	20
GCL	28.14	28
GCL	28.89	43
GCL	29.40	47
GCL	30.40	33
GCL	31.41	45
GCL	32.16	47
GCL	32.91	54
GCL	33.42	62
GCL	33.92	78
GCL	34.67	63
GCL	35.43	79
GCL	35.93	70
GCL	36.68	65
GCL	37.44	76
GCL	37.94	68
GCL	38.69	67
GCL	39.45	59
GCL	39.95	65
GCL	40.70	64
GCL	41.46	61
GCL	41.96	55
GCL	42.71	57
GCL	43.47	45
GCL	43.97	42
GCL	44.72	60
GCL	45.48	42
GCL	45.98	48
GCL	46.73	36
GCL	47.49	49
GCL	47.99	41
GCL	48.74	34
GCL	49.50	20
GCL	50.00	18
GCL	50.75	16
GCL	51.76	12
GCL	52.76	9
GCL	53.52	12
GCL	54.02	4
GCL	54.77	2
GCL	55.53	6
GCL	56.03	2
GCL	56.78	7
GCL	57.54	4
GCL	58.04	6
GCL	58.79	4
GCL	59.55	3
GCL	60.55	2
GCL	62.56	0
GCL	64.57	1
GCL	65.58	2
GCL	66.08	0
GCL	66.58	1
GCL	68.34	0
GCL	70.10	1
# ACGT content per cycle. Use `grep ^GCC | cut -f 2-` to extract this part. The columns are: cycle; A,C,G,T base counts as a percentage of all A/C/G/T bases [%]; and N and O counts as a percentage of all A/C/G/T bases [%]
GCC	1	30.14	19.21	18.39	32.26	0.00	0.00
GCC	2	29.87	19.21	18.69	32.24	0.00	0.00
GCC	3	30.06	20.16	17.99	31.79	0.00	0.00
GCC	4	31.24	19.46	19.04	30.26	0.00	0.00
GCC	5	31.11	18.99	19.14	30.76	0.00	0.00
GCC	6	29.94	19.19	18.86	32.01	0.00	0.00
GCC	7	29.49	19.89	20.06	30.56	0.00	0.00
GCC	8	32.16	20.06	17.44	30.34	0.00	0.00
GCC	9	30.81	19.29	17.96	31.94	0.00	0.00
GCC	10	31.01	18.99	18.94	31.06	0.00	0.00
GCC	11	31.54	19.54	18.21	30.71	0.00	0.00
GCC	12	31.96	19.64	18.09	30.31	0.00	0.00
GCC	13	31.99	19.76	18.09	30.16	0.00	0.00
GCC	14	30.09	20.46	18.46	30.99	0.00	0.00
GCC	15	29.99	19.39	19.69	30.94	0.00	0.00
GCC	16	30.71	19.76	17.84	31.69	0.00	0.00
GCC	17	30.36	19.41	19.11	31.11	0.00	0.00
GCC	18	29.52	20.48	19.59	30.41	0.00	0.00
GCC	19	31.64	19.26	17.94	31.16	0.00	0.00
GCC	20	31.19	20.58	18.26	29.97	0.00	0.00
GCC	21	31.36	19.36	17.71	31.56	0.00	0.00
GCC	22	30.44	20.93	18.39	30.24	0.00	0.00
GCC	23	30.81	19.26	18.94	30.99	0.00	0.00
GCC	24	30.51	19.56	19.21	30.71	0.00	0.00
GCC	25	31.26	19.14	17.76	31.84	0.00	0.00
GCC	26	30.79	19.79	18.26	31.16	0.00	0.00
GCC	27	31.91	19.74	17.24	31.11	0.00	0.00
GCC	28	30.19	19.46	18.66	31.69	0.00	0.00
GCC	29	29.42	19.66	18.01	32.91	0.00	0.00
GCC	30	31.79	19.86	18.24	30.11	0.00	0.00
GCC	31	31.79	19.34	17.69	31.19	0.00	0.00
GCC	32	29.97	20.23	18.31	31.49	0.00	0.00
GCC	33	32.63	18.49	18.44	30.44	0.00	0.00
GCC	34	30.79	18.86	18.84	31.51	0.00	0.00
GCC	35	30.31	18.69	19.41	31.59	0.00	0.00
GCC	36	29.89	19.09	19.29	31.74	0.00	0.00
GCC	37	30.54	19.46	19.64	30.36	0.00	0.00
GCC	38	31.04	20.13	18.84	29.99	0.00	0.00
GCC	39	30.11	20.58	18.59	30.71	0.00	0.00
GCC	40	31.46	20.81	17.47	30.26	0.00	0.00
GCC	41	29.57	21.38	19.81	29.24	0.00	0.00
GCC	42	30.61	20.26	18.51	30.61	0.00	0.00
GCC	43	30.31	19.96	19.11	30.61	0.00	0.00
GCC	44	29.52	20.13	18.46	31.89	0.00	0.00
GCC	45	30.56	19.86	18.24	31.34	0.00	0.00
GCC	46	31.61	19.44	18.36	30.59	0.00	0.00
GCC	47	31.66	19.64	18.06	30.64	0.00	0.00
GCC	48	31.66	19.26	18.19	30.89	0.00	0.00
GCC	49	30.26	20.13	18.81	30.79	0.00	0.00
GCC	50	31.26	19.51	18.24	30.99	0.00	0.00
GCC	51	31.11	21.01	18.26	29.62	0.00	0.00
GCC	52	32.19	19.06	18.99	29.77	0.00	0.00
GCC	53	31.14	20.61	19.06	29.19	0.00	0.00
GCC	54	31.96	19.26	18.09	30.69	0.00	0.00
GCC	55	30.11	19.61	19.16	31.11	0.00	0.00
GCC	56	29.32	19.89	19.36	31.44	0.00	0.00
GCC	57	30.36	19.51	19.71	30.41	0.00	0.00
GCC	58	31.14	19.66	17.94	31.26	0.00	0.00
GCC	59	30.61	20.16	19.04	30.19	0.00	0.00
GCC	60	31.51	18.91	18.21	31.36	0.00	0.00
GCC	61	31.51	19.99	18.69	29.82	0.00	0.00
GCC	62	30.36	19.94	18.36	31.34	0.00	0.00
GCC	63	31.66	19.71	17.74	30.89	0.00	0.00
GCC	64	30.76	20.83	18.04	30.36	0.00	0.00
GCC	65	31.06	20.18	17.96	30.79	0.00	0.00
GCC	66	31.61	20.48	18.31	29.59	0.00	0.00
GCC	67	32.06	20.63	17.86	29.44	0.00	0.00
GCC	68	30.16	20.28	18.69	30.86	0.00	0.00
GCC	69	31.24	18.79	19.44	30.54	0.00	0.00
GCC	70	29.74	19.16	19.14	31.96	0.00	0.00
GCC	71	31.39	19.76	18.31	30.54	0.00	0.00
GCC	72	30.86	20.26	17.99	30.89	0.00	0.00
GCC	73	30.81	19.71	18.26	31.21	0.00	0.00
GCC	74	29.67	19.26	20.16	30.91	0.00	0.00
GCC	75	30.86	19.64	18.49	31.01	0.00	0.00
GCC	76	30.09	20.11	19.09	30.71	0.00	0.00
GCC	77	31.64	20.78	19.64	27.94	0.00	0.00
GCC	78	30.59	19.66	19.61	30.14	0.00	0.00
GCC	79	29.24	20.23	19.64	30.89	0.00	0.00
GCC	80	30.79	20.36	18.86	29.99	0.00	0.00
GCC	81	30.39	19.99	17.94	31.69	0.00	0.00
GCC	82	30.79	20.01	18.09	31.11	0.00	0.00
GCC	83	29.94	19.86	18.91	31.29	0.00	0.00
GCC	84	29.52	19.46	18.64	32.39	0.00	0.00
GCC	85	29.07	20.53	19.91	30.49	0.00	0.00
GCC	86	30.49	20.36	19.01	30.14	0.00	0.00
GCC	87	30.16	20.63	18.96	30.24	0.00	0.00
GCC	88	31.79	19.14	19.36	29.72	0.00	0.00
GCC	89	31.16	19.71	19.14	29.99	0.00	0.00
GCC	90	29.82	20.03	18.79	31.36	0.00	0.00
GCC	91	30.79	19.01	18.21	31.99	0.00	0.00
GCC	92	29.84	19.91	18.66	31.59	0.00	0.00
GCC	93	31.39	20.23	17.79	30.59	0.00	0.00
GCC	94	30.34	20.76	17.89	31.01	0.00	0.00
GCC	95	29.87	19.99	17.89	32.26	0.00	0.00
GCC	96	30.76	20.41	19.04	29.79	0.00	0.00
GCC	97	29.04	21.61	19.16	30.19	0.00	0.00
GCC	98	31.64	18.84	19.96	29.57	0.00	0.00
GCC	99	32.56	18.84	17.76	30.84	0.00	0.00
GCC	100	30.01	19.09	18.56	32.34	0.00	0.00
GCC	101	29.64	20.51	19.34	30.51	0.00	0.00
GCC	102	31.19	19.79	18.91	30.11	0.00	0.00
GCC	103	31.31	18.96	18.71	31.01	0.00	0.00
GCC	104	30.61	19.11	19.29	30.99	0.00	0.00
GCC	105	30.39	19.91	19.79	29.92	0.00	0.00
GCC	106	31.09	19.04	19.01	30.86	0.00	0.00
GCC	107	29.24	20.31	19.11	31.34	0.00	0.00
GCC	108	30.59	19.64	19.11	30.66	0.00	0.00
GCC	109	29.12	20.53	17.94	32.41	0.00	0.00
GCC	110	28.87	21.06	18.99	31.09	0.00	0.00
GCC	111	30.74	19.01	19.94	30.31	0.00	0.00
GCC	112	31.41	19.24	19.66	29.69	0.00	0.00
GCC	113	29.97	18.74	18.64	32.66	0.00	0.00
GCC	114	30.54	20.28	18.69	30.49	0.00	0.00
GCC	115	28.99	21.16	18.71	31.14	0.00	0.00
GCC	116	30.31	19.61	18.39	31.69	0.00	0.00
GCC	117	30.61	20.61	19.19	29.59	0.00	0.00
GCC	118	31.71	19.76	17.56	30.96	0.00	0.00
GCC	119	31.29	20.38	18.81	29.52	0.00	0.00
GCC	120	31.26	19.49	18.74	30.51	0.00	0.00
GCC	121	30.24	19.44	19.29	31.04	0.00	0.00
GCC	122	30.31	20.26	19.69	29.74	0.00	0.00
GCC	123	29.92	20.28	19.11	30.69	0.00	0.00
GCC	124	31.91	19.94	18.66	29.49	0.00	0.00
GCC	125	31.41	19.19	19.31	30.09	0.00	0.00
GCC	126	30.74	19.44	19.14	30.69	0.00	0.00
GCC	127	31.41	19.61	18.61	30.36	0.00	0.00
GCC	128	29.52	20.48	18.54	31.46	0.00	0.00
GCC	129	31.41	19.21	19.19	30.19	0.00	0.00
GCC	130	29.97	19.81	18.46	31.76	0.00	0.00
GCC	131	30.69	20.31	18.84	30.16	0.00	0.00
GCC	132	30.49	19.59	19.21	30.71	0.00	0.00
GCC	133	30.21	20.83	18.91	30.04	0.00	0.00
GCC	134	31.36	20.03	18.36	30.24	0.00	0.00
GCC	135	30.96	20.46	18.24	30.34	0.00	0.00
GCC	136	29.84	19.91	18.46	31.79	0.00	0.00
GCC	137	30.99	18.76	19.76	30.49	0.00	0.00
GCC	138	30.34	19.19	20.21	30.26	0.00	0.00
GCC	139	30.79	19.99	18.71	30.51	0.00	0.00
GCC	140	30.96	20.53	18.26	30.24	0.00	0.00
GCC	141	30.76	19.44	19.51	30.29	0.00	0.00
GCC	142	29.69	20.73	18.99	30.59	0.00	0.00
GCC	143	30.41	19.56	17.84	32.19	0.00	0.00
GCC	144	32.11	20.46	18.49	28.94	0.00	0.00
GCC	145	29.54	20.08	18.31	32.06	0.00	0.00
GCC	146	30.41	19.99	18.36	31.24	0.00	0.00
GCC	147	31.01	19.61	19.04	30.34	0.00	0.00
GCC	148	30.56	19.09	19.61	30.74	0.00	0.00
GCC	149	30.34	19.79	19.11	30.76	0.00	0.00
GCC	150	30.54	20.23	19.34	29.89	0.00	0.00
# ACGT content per cycle, read oriented. Use `grep ^GCT | cut -f 2-` to extract this part. The columns are: cycle; A,C,G,T base counts as a percentage of all A/C/G/T bases [%]
GCT	1	30.74	19.61	17.99	31.66
GCT	2	30.51	18.71	19.19	31.59
GCT	3	30.51	19.36	18.79	31.34
GCT	4	31.19	19.56	18.94	30.31
GCT	5	31.69	19.21	18.91	30.19
GCT	6	31.44	20.38	17.66	30.51
GCT	7	30.81	19.71	20.23	29.24
GCT	8	30.91	19.26	18.24	31.59
GCT	9	31.56	19.34	17.91	31.19
GCT	10	30.86	20.03	17.89	31.21
GCT	11	31.11	18.96	18.79	31.14
GCT	12	30.24	19.21	18.51	32.04
GCT	13	30.59	19.91	17.94	31.56
GCT	14	31.79	19.26	19.66	29.29
GCT	15	29.82	19.51	19.56	31.11
GCT	16	31.01	18.81	18.79	31.39
GCT	17	30.36	19.71	18.81	31.11
GCT	18	29.74	20.71	19.36	30.19
GCT	19	31.29	19.11	18.09	31.51
GCT	20	31.31	19.41	19.44	29.84
GCT	21	31.74	17.99	19.09	31.19
GCT	22	30.76	19.31	20.01	29.92
GCT	23	29.94	18.99	19.21	31.86
GCT	24	30.14	19.89	18.89	31.09
GCT	25	32.04	17.66	19.24	31.06
GCT	26	30.61	19.96	18.09	31.34
GCT	27	32.01	19.09	17.89	31.01
GCT	28	30.96	19.09	19.04	30.91
GCT	29	30.96	18.51	19.16	31.36
GCT	30	30.94	18.66	19.44	30.96
GCT	31	31.51	18.96	18.06	31.46
GCT	32	30.61	19.39	19.16	30.84
GCT	33	31.51	18.31	18.61	31.56
GCT	34	31.24	19.56	18.14	31.06
GCT	35	31.54	18.91	19.19	30.36
GCT	36	31.11	18.61	19.76	30.51
GCT	37	30.24	18.96	20.13	30.66
GCT	38	30.86	19.66	19.31	30.16
GCT	39	30.34	19.41	19.76	30.49
GCT	40	31.84	19.24	19.04	29.89
GCT	41	30.31	21.18	20.01	28.49
GCT	42	29.94	19.69	19.09	31.29
GCT	43	31.71	19.06	20.01	29.22
GCT	44	31.66	19.39	19.21	29.74
GCT	45	31.96	18.71	19.39	29.94
GCT	46	32.16	18.24	19.56	30.04
GCT	47	31.56	19.64	18.06	30.74
GCT	48	30.66	17.66	19.79	31.89
GCT	49	32.09	20.26	18.69	28.97
GCT	50	31.29	18.94	18.81	30.96
GCT	51	30.41	20.61	18.66	30.31
GCT	52	31.51	18.49	19.56	30.44
GCT	53	30.96	20.03	19.64	29.37
GCT	54	32.21	18.86	18.49	30.44
GCT	55	31.04	18.99	19.79	30.19
GCT	56	30.31	19.04	20.21	30.44
GCT	57	30.71	19.81	19.41	30.06
GCT	58	30.81	19.04	18.56	31.59
GCT	59	30.54	19.99	19.21	30.26
GCT	60	31.81	18.71	18.41	31.06
GCT	61	31.04	19.71	18.96	30.29
GCT	62	31.66	18.74	19.56	30.04
GCT	63	31.66	19.01	18.44	30.89
GCT	64	30.89	19.86	19.01	30.24
GCT	65	30.49	19.01	19.14	31.36
GCT	66	31.36	19.19	19.61	29.84
GCT	67	31.11	18.49	20.01	30.39
GCT	68	30.16	19.24	19.74	30.86
GCT	69	31.96	18.71	19.51	29.82
GCT	70	32.16	19.19	19.11	29.54
GCT	71	31.11	19.34	18.74	30.81
GCT	72	30.64	19.19	19.06	31.11
GCT	73	31.61	18.86	19.11	30.41
GCT	74	31.31	19.91	19.51	29.27
GCT	75	30.94	18.66	19.46	30.94
GCT	76	30.74	20.31	18.89	30.06
GCT	77	29.62	20.46	19.96	29.97
GCT	78	31.24	20.06	19.21	29.49
GCT	79	30.46	20.01	19.86	29.67
GCT	80	31.91	18.99	20.23	28.87
GCT	81	31.46	18.46	19.46	30.61
GCT	82	31.19	19.11	18.99	30.71
GCT	83	30.84	19.11	19.66	30.39
GCT	84	31.06	18.01	20.08	30.84
GCT	85	29.59	20.16	20.28	29.97
GCT	86	29.79	19.56	19.81	30.84
GCT	87	29.49	19.96	19.64	30.91
GCT	88	29.89	19.94	18.56	31.61
GCT	89	30.11	19.11	19.74	31.04
GCT	90	29.99	19.21	19.61	31.19
GCT	91	32.09	19.11	18.11	30.69
GCT	92	32.01	19.44	19.14	29.42
GCT	93	30.16	18.21	19.81	31.81
GCT	94	30.31	19.09	19.56	31.04
GCT	95	31.19	18.51	19.36	30.94
GCT	96	30.71	19.66	19.79	29.84
GCT	97	29.94	20.41	20.36	29.29
GCT	98	30.84	19.94	18.86	30.36
GCT	99	32.04	18.26	18.34	31.36
GCT	100	31.64	18.31	19.34	30.71
GCT	101	29.57	19.84	20.01	30.59
GCT	102	31.06	20.01	18.69	30.24
GCT	103	31.41	19.36	18.31	30.91
GCT	104	30.99	18.79	19.61	30.61
GCT	105	29.89	20.31	19.39	30.41
GCT	106	30.69	18.94	19.11	31.26
GCT	107	31.09	19.71	19.71	29.49
GCT	108	30.91	19.41	19.34	30.34
GCT	109	30.31	18.74	19.74	31.21
GCT	110	29.69	19.39	20.66	30.26
GCT	111	30.64	19.31	19.64	30.41
GCT	112	31.34	19.46	19.44	29.77
GCT	113	31.51	18.59	18.79	31.11
GCT	114	29.79	19.09	19.89	31.24
GCT	115	30.86	19.99	19.89	29.27
GCT	116	31.51	19.46	18.54	30.49
GCT	117	30.09	19.19	20.61	30.11
GCT	118	30.59	18.69	18.64	32.09
GCT	119	30.21	20.11	19.09	30.59
GCT	120	30.14	19.51	18.71	31.64
GCT	121	31.26	19.86	18.86	30.01
GCT	122	30.36	19.26	20.68	29.69
GCT	123	29.07	20.28	19.11	31.54
GCT	124	30.59	18.76	19.84	30.81
GCT	125	31.99	19.66	18.84	29.52
GCT	126	30.59	19.94	18.64	30.84
GCT	127	30.64	18.89	19.34	31.14
GCT	128	30.21	19.09	19.94	30.76
GCT	129	30.81	18.76	19.64	30.79
GCT	130	31.04	18.94	19.34	30.69
GCT	131	29.82	20.33	18.81	31.04
GCT	132	30.74	19.89	18.91	30.46
GCT	133	29.47	20.38	19.36	30.79
GCT	134	30.39	19.56	18.84	31.21
GCT	135	31.46	19.26	19.44	29.84
GCT	136	29.19	19.86	18.51	32.44
GCT	137	31.16	19.44	19.09	30.31
GCT	138	30.26	20.31	19.09	30.34
GCT	139	30.81	19.71	18.99	30.49
GCT	140	31.76	18.89	19.91	29.44
GCT	141	30.44	19.86	19.09	30.61
GCT	142	29.47	20.31	19.41	30.81
GCT	143	30.39	18.84	18.56	32.21
GCT	144	30.59	19.19	19.76	30.46
GCT	145	31.76	18.61	19.79	29.84
GCT	146	31.31	19.04	19.31	30.34
GCT	147	30.21	19.16	19.49	31.14
GCT	148	31.14	19.16	19.54	30.16
GCT	149	29.62	19.56	19.34	31.49
GCT	150	30.06	20.11	19.46	30.36
# ACGT content per cycle for first fragments. Use `grep ^FBC | cut -f 2-` to extract this part. The columns are: cycle; A,C,G,T base counts as a percentage of all A/C/G/T bases [%]; and N and O counts as a percentage of all A/C/G/T bases [%]
FBC	1	30.39	19.36	17.27	32.98	0.00	0.00
FBC	2	30.09	19.31	19.06	31.54	0.00	0.00
FBC	3	29.64	19.96	18.91	31.49	0.00	0.00
FBC	4	31.54	19.66	19.46	29.34	0.00	0.00
FBC	5	30.54	18.91	20.76	29.79	0.00	0.00
FBC	6	30.19	19.21	18.76	31.84	0.00	0.00
FBC	7	29.29	20.16	20.46	30.09	0.00	0.00
FBC	8	32.58	19.21	17.51	30.69	0.00	0.00
FBC	9	31.59	17.96	18.41	32.04	0.00	0.00
FBC	10	31.89	19.51	19.16	29.44	0.00	0.00
FBC	11	32.68	18.56	17.66	31.09	0.00	0.00
FBC	12	32.24	20.76	18.31	28.69	0.00	0.00
FBC	13	32.49	19.46	18.11	29.94	0.00	0.00
FBC	14	29.24	20.36	19.76	30.64	0.00	0.00
FBC	15	30.29	19.76	18.86	31.09	0.00	0.00
FBC	16	31.14	19.26	17.86	31.74	0.00	0.00
FBC	17	30.89	19.16	18.81	31.14	0.00	0.00
FBC	18	29.09	20.76	19.91	30.24	0.00	0.00
FBC	19	31.29	19.96	17.27	31.49	0.00	0.00
FBC	20	31.29	20.86	18.71	29.14	0.00	0.00
FBC	21	30.89	19.61	17.61	31.89	0.00	0.00
FBC	22	28.94	21.06	19.21	30.79	0.00	0.00
FBC	23	31.14	18.86	19.01	30.99	0.00	0.00
FBC	24	30.24	19.51	19.41	30.84	0.00	0.00
FBC	25	30.59	18.81	18.56	32.04	0.00	0.00
FBC	26	30.64	19.51	17.76	32.09	0.00	0.00
FBC	27	31.94	19.66	16.97	31.44	0.00	0.00
FBC	28	30.04	20.61	18.56	30.79	0.00	0.00
FBC	29	30.54	19.46	17.02	32.98	0.00	0.00
FBC	30	32.24	19.96	18.46	29.34	0.00	0.00
FBC	31	31.24	20.06	16.82	31.89	0.00	0.00
FBC	32	29.69	20.06	18.31	31.94	0.00	0.00
FBC	33	33.33	18.96	17.66	30.04	0.00	0.00
FBC	34	30.39	18.81	19.36	31.44	0.00	0.00
FBC	35	29.09	18.51	19.31	33.08	0.00	0.00
FBC	36	31.04	18.11	20.31	30.54	0.00	0.00
FBC	37	30.34	19.36	20.36	29.94	0.00	0.00
FBC	38	31.19	21.11	18.46	29.24	0.00	0.00
FBC	39	30.24	19.76	18.66	31.34	0.00	0.00
FBC	40	29.94	20.76	18.46	30.84	0.00	0.00
FBC	41	30.39	22.21	18.71	28.69	0.00	0.00
FBC	42	31.19	21.96	18.76	28.09	0.00	0.00
FBC	43	30.24	20.66	18.76	30.34	0.00	0.00
FBC	44	28.74	21.16	18.31	31.79	0.00	0.00
FBC	45	31.39	19.51	17.12	31.99	0.00	0.00
FBC	46	30.99	19.91	18.96	30.14	0.00	0.00
FBC	47	32.49	19.81	17.47	30.24	0.00	0.00
FBC	48	31.04	20.91	17.61	30.44	0.00	0.00
FBC	49	29.39	21.06	19.21	30.34	0.00	0.00
FBC	50	30.89	19.86	18.91	30.34	0.00	0.00
FBC	51	31.44	20.51	18.31	29.74	0.00	0.00
FBC	52	32.34	20.31	19.61	27.74	0.00	0.00
FBC	53	32.49	20.06	20.21	27.25	0.00	0.00
FBC	54	32.58	19.16	18.16	30.09	0.00	0.00
FBC	55	30.69	20.16	18.71	30.44	0.00	0.00
FBC	56	30.34	20.31	18.31	31.04	0.00	0.00
FBC	57	31.49	19.71	19.01	29.79	0.00	0.00
FBC	58	31.69	19.86	17.81	30.64	0.00	0.00
FBC	59	29.79	20.36	18.91	30.94	0.00	0.00
FBC	60	30.34	19.31	18.71	31.64	0.00	0.00
FBC	61	32.34	20.01	18.66	28.99	0.00	0.00
FBC	62	29.94	20.46	18.61	30.99	0.00	0.00
FBC	63	32.19	20.26	17.86	29.69	0.00	0.00
FBC	64	32.58	20.56	17.66	29.19	0.00	0.00
FBC	65	32.34	19.81	17.81	30.04	0.00	0.00
FBC	66	31.49	20.91	18.01	29.59	0.00	0.00
FBC	67	34.43	19.36	17.51	28.69	0.00	0.00
FBC	68	30.29	20.76	18.76	30.19	0.00	0.00
FBC	69	31.04	18.16	20.26	30.54	0.00	0.00
FBC	70	29.24	19.01	19.51	32.24	0.00	0.00
FBC	71	30.64	19.41	19.36	30.59	0.00	0.00
FBC	72	30.09	21.71	17.81	30.39	0.00	0.00
FBC	73	31.39	19.31	18.71	30.59	0.00	0.00
FBC	74	30.64	18.41	19.66	31.29	0.00	0.00
FBC	75	31.79	18.36	18.01	31.84	0.00	0.00
FBC	76	29.94	20.56	19.11	30.39	0.00	0.00
FBC	77	31.54	19.76	20.46	28.24	0.00	0.00
FBC	78	29.69	20.96	19.21	30.14	0.00	0.00
FBC	79	28.79	20.76	20.76	29.69	0.00	0.00
FBC	80	30.89	19.76	19.06	30.29	0.00	0.00
FBC	81	30.14	19.71	18.41	31.74	0.00	0.00
FBC	82	30.89	19.76	18.16	31.19	0.00	0.00
FBC	83	29.09	19.16	19.61	32.14	0.00	0.00
FBC	84	29.59	19.21	18.76	32.44	0.00	0.00
FBC	85	29.24	20.16	20.31	30.29	0.00	0.00
FBC	86	30.29	21.01	19.31	29.39	0.00	0.00
FBC	87	29.89	20.31	18.66	31.14	0.00	0.00
FBC	88	31.79	19.66	18.91	29.64	0.00	0.00
FBC	89	31.49	19.41	19.46	29.64	0.00	0.00
FBC	90	30.89	19.06	18.56	31.49	0.00	0.00
FBC	91	29.04	20.56	18.36	32.04	0.00	0.00
FBC	92	30.84	19.66	19.11	30.39	0.00	0.00
FBC	93	31.64	20.21	18.16	29.99	0.00	0.00
FBC	94	30.14	21.11	17.81	30.94	0.00	0.00
FBC	95	29.49	20.51	18.11	31.89	0.00	0.00
FBC	96	29.14	22.01	19.31	29.54	0.00	0.00
FBC	97	28.89	22.06	19.01	30.04	0.00	0.00
FBC	98	31.24	19.16	19.71	29.89	0.00	0.00
FBC	99	32.09	19.91	17.17	30.84	0.00	0.00
FBC	100	31.89	17.86	17.51	32.73	0.00	0.00
FBC	101	28.69	20.86	19.66	30.79	0.00	0.00
FBC	102	31.84	19.66	18.76	29.74	0.00	0.00
FBC	103	32.29	18.46	18.26	30.99	0.00	0.00
FBC	104	30.74	19.36	19.06	30.84	0.00	0.00
FBC	105	29.34	20.66	20.16	29.84	0.00	0.00
FBC	106	30.29	19.11	18.11	32.49	0.00	0.00
FBC	107	30.14	19.76	18.91	31.19	0.00	0.00
FBC	108	31.19	18.86	18.81	31.14	0.00	0.00
FBC	109	28.54	20.01	17.61	33.83	0.00	0.00
FBC	110	28.89	21.01	19.31	30.79	0.00	0.00
FBC	111	30.79	19.51	19.21	30.49	0.00	0.00
FBC	112	30.89	19.26	20.91	28.94	0.00	0.00
FBC	113	29.69	20.01	17.96	32.34	0.00	0.00
FBC	114	29.59	19.86	18.96	31.59	0.00	0.00
FBC	115	28.59	21.71	19.16	30.54	0.00	0.00
FBC	116	29.69	19.96	18.76	31.59	0.00	0.00
FBC	117	30.79	20.56	18.96	29.69	0.00	0.00
FBC	118	32.04	19.31	17.32	31.34	0.00	0.00
FBC	119	29.94	21.01	19.31	29.74	0.00	0.00
FBC	120	30.69	19.46	18.86	30.99	0.00	0.00
FBC	121	30.69	19.31	18.56	31.44	0.00	0.00
FBC	122	29.49	21.31	18.96	30.24	0.00	0.00
FBC	123	29.99	21.06	18.81	30.14	0.00	0.00
FBC	124	32.44	18.71	18.46	30.39	0.00	0.00
FBC	125	31.49	19.61	19.61	29.29	0.00	0.00
FBC	126	30.39	19.71	18.76	31.14	0.00	0.00
FBC	127	30.59	19.76	17.81	31.84	0.00	0.00
FBC	128	29.19	19.06	19.26	32.49	0.00	0.00
FBC	129	31.19	18.96	18.76	31.09	0.00	0.00
FBC	130	30.14	19.21	18.06	32.58	0.00	0.00
FBC	131	31.29	20.31	16.92	31.49	0.00	0.00
FBC	132	31.34	19.06	18.31	31.29	0.00	0.00
FBC	133	29.59	22.16	18.46	29.79	0.00	0.00
FBC	134	31.34	19.41	18.71	30.54	0.00	0.00
FBC	135	30.84	20.01	18.46	30.69	0.00	0.00
FBC	136	29.49	20.36	18.36	31.79	0.00	0.00
FBC	137	31.09	18.91	20.51	29.49	0.00	0.00
FBC	138	29.69	19.26	20.51	30.54	0.00	0.00
FBC	139	30.34	20.41	19.31	29.94	0.00	0.00
FBC	140	30.84	20.66	18.21	30.29	0.00	0.00
FBC	141	30.84	20.26	20.11	28.79	0.00	0.00
FBC	142	29.89	20.46	19.41	30.24	0.00	0.00
FBC	143	30.54	19.31	18.11	32.04	0.00	0.00
FBC	144	32.39	20.01	17.81	29.79	0.00	0.00
FBC	145	29.89	20.06	18.51	31.54	0.00	0.00
FBC	146	32.29	19.41	17.56	30.74	0.00	0.00
FBC	147	30.34	20.56	19.36	29.74	0.00	0.00
FBC	148	31.04	18.11	19.96	30.89	0.00	0.00
FBC	149	30.29	20.96	19.16	29.59	0.00	0.00
FBC	150	30.09	19.91	20.66	29.34	0.00	0.00
# ACGT raw counters for first fragments. Use `grep ^FTC | cut -f 2-` to extract this part. The columns are: A,C,G,T,N base counters
FTC	92275	59820	56350	92155	0
# ACGT content per cycle for last fragments. Use `grep ^LBC | cut -f 2-` to extract this part. The columns are: cycle; A,C,G,T base counts as a percentage of all A/C/G/T bases [%]; and N and O counts as a percentage of all A/C/G/T bases [%]
LBC	1	29.89	19.06	19.51	31.54	0.00	0.00
LBC	2	29.64	19.11	18.31	32.93	0.00	0.00
LBC	3	30.49	20.36	17.07	32.09	0.00	0.00
LBC	4	30.94	19.26	18.61	31.19	0.00	0.00
LBC	5	31.69	19.06	17.51	31.74	0.00	0.00
LBC	6	29.69	19.16	18.96	32.19	0.00	0.00
LBC	7	29.69	19.61	19.66	31.04	0.00	0.00
LBC	8	31.74	20.91	17.37	29.99	0.00	0.00
LBC	9	30.04	20.61	17.51	31.84	0.00	0.00
LBC	10	30.14	18.46	18.71	32.68	0.00	0.00
LBC	11	30.39	20.51	18.76	30.34	0.00	0.00
LBC	12	31.69	18.51	17.86	31.94	0.00	0.00
LBC	13	31.49	20.06	18.06	30.39	0.00	0.00
LBC	14	30.94	20.56	17.17	31.34	0.00	0.00
LBC	15	29.69	19.01	20.51	30.79	0.00	0.00
LBC	16	30.29	20.26	17.81	31.64	0.00	0.00
LBC	17	29.84	19.66	19.41	31.09	0.00	0.00
LBC	18	29.94	20.21	19.26	30.59	0.00	0.00
LBC	19	31.99	18.56	18.61	30.84	0.00	0.00
LBC	20	31.09	20.31	17.81	30.79	0.00	0.00
LBC	21	31.84	19.11	17.81	31.24	0.00	0.00
LBC	22	31.94	20.81	17.56	29.69	0.00	0.00
LBC	23	30.49	19.66	18.86	30.99	0.00	0.00
LBC	24	30.79	19.61	19.01	30.59	0.00	0.00
LBC	25	31.94	19.46	16.97	31.64	0.00	0.00
LBC	26	30.94	20.06	18.76	30.24	0.00	0.00
LBC	27	31.89	19.81	17.51	30.79	0.00	0.00
LBC	28	30.34	18.31	18.76	32.58	0.00	0.00
LBC	29	28.29	19.86	19.01	32.83	0.00	0.00
LBC	30	31.34	19.76	18.01	30.89	0.00	0.00
LBC	31	32.34	18.61	18.56	30.49	0.00	0.00
LBC	32	30.24	20.41	18.31	31.04	0.00	0.00
LBC	33	31.94	18.01	19.21	30.84	0.00	0.00
LBC	34	31.19	18.91	18.31	31.59	0.00	0.00
LBC	35	31.54	18.86	19.51	30.09	0.00	0.00
LBC	36	28.74	20.06	18.26	32.93	0.00	0.00
LBC	37	30.74	19.56	18.91	30.79	0.00	0.00
LBC	38	30.89	19.16	19.21	30.74	0.00	0.00
LBC	39	29.99	21.41	18.51	30.09	0.00	0.00
LBC	40	32.98	20.86	16.47	29.69	0.00	0.00
LBC	41	28.74	20.56	20.91	29.79	0.00	0.00
LBC	42	30.04	18.56	18.26	33.13	0.00	0.00
LBC	43	30.39	19.26	19.46	30.89	0.00	0.00
LBC	44	30.29	19.11	18.61	31.99	0.00	0.00
LBC	45	29.74	20.21	19.36	30.69	0.00	0.00
LBC	46	32.24	18.96	17.76	31.04	0.00	0.00
LBC	47	30.84	19.46	18.66	31.04	0.00	0.00
LBC	48	32.29	17.61	18.76	31.34	0.00	0.00
LBC	49	31.14	19.21	18.41	31.24	0.00	0.00
LBC	50	31.64	19.16	17.56	31.64	0.00	0.00
LBC	51	30.79	21.51	18.21	29.49	0.00	0.00
LBC	52	32.04	17.81	18.36	31.79	0.00	0.00
LBC	53	29.79	21.16	17.91	31.14	0.00	0.00
LBC	54	31.34	19.36	18.01	31.29	0.00	0.00
LBC	55	29.54	19.06	19.61	31.79	0.00	0.00
LBC	56	28.29	19.46	20.41	31.84	0.00	0.00
LBC	57	29.24	19.31	20.41	31.04	0.00	0.00
LBC	58	30.59	19.46	18.06	31.89	0.00	0.00
LBC	59	31.44	19.96	19.16	29.44	0.00	0.00
LBC	60	32.68	18.51	17.71	31.09	0.00	0.00
LBC	61	30.69	19.96	18.71	30.64	0.00	0.00
LBC	62	30.79	19.41	18.11	31.69	0.00	0.00
LBC	63	31.14	19.16	17.61	32.09	0.00	0.00
LBC	64	28.94	21.11	18.41	31.54	0.00	0.00
LBC	65	29.79	20.56	18.11	31.54	0.00	0.00
LBC	66	31.74	20.06	18.61	29.59	0.00	0.00
LBC	67	29.69	21.91	18.21	30.19	0.00	0.00
LBC	68	30.04	19.81	18.61	31.54	0.00	0.00
LBC	69	31.44	19.41	18.61	30.54	0.00	0.00
LBC	70	30.24	19.31	18.76	31.69	0.00	0.00
LBC	71	32.14	20.11	17.27	30.49	0.00	0.00
LBC	72	31.64	18.81	18.16	31.39	0.00	0.00
LBC	73	30.24	20.11	17.81	31.84	0.00	0.00
LBC	74	28.69	20.11	20.66	30.54	0.00	0.00
LBC	75	29.94	20.91	18.96	30.19	0.00	0.00
LBC	76	30.24	19.66	19.06	31.04	0.00	0.00
LBC	77	31.74	21.81	18.81	27.64	0.00	0.00
LBC	78	31.49	18.36	20.01	30.14	0.00	0.00
LBC	79	29.69	19.71	18.51	32.09	0.00	0.00
LBC	80	30.69	20.96	18.66	29.69	0.00	0.00
LBC	81	30.64	20.26	17.47	31.64	0.00	0.00
LBC	82	30.69	20.26	18.01	31.04	0.00	0.00
LBC	83	30.79	20.56	18.21	30.44	0.00	0.00
LBC	84	29.44	19.71	18.51	32.34	0.00	0.00
LBC	85	28.89	20.91	19.51	30.69	0.00	0.00
LBC	86	30.69	19.71	18.71	30.89	0.00	0.00
LBC	87	30.44	20.96	19.26	29.34	0.00	0.00
LBC	88	31.79	18.61	19.81	29.79	0.00	0.00
LBC	89	30.84	20.01	18.81	30.34	0.00	0.00
LBC	90	28.74	21.01	19.01	31.24	0.00	0.00
LBC	91	32.53	17.47	18.06	31.94	0.00	0.00
LBC	92	28.84	20.16	18.21	32.78	0.00	0.00
LBC	93	31.14	20.26	17.42	31.19	0.00	0.00
LBC	94	30.54	20.41	17.96	31.09	0.00	0.00
LBC	95	30.24	19.46	17.66	32.63	0.00	0.00
LBC	96	32.39	18.81	18.76	30.04	0.00	0.00
LBC	97	29.19	21.16	19.31	30.34	0.00	0.00
LBC	98	32.04	18.51	20.21	29.24	0.00	0.00
LBC	99	33.03	17.76	18.36	30.84	0.00	0.00
LBC	100	28.14	20.31	19.61	31.94	0.00	0.00
LBC	101	30.59	20.16	19.01	30.24	0.00	0.00
LBC	102	30.54	19.91	19.06	30.49	0.00	0.00
LBC	103	30.34	19.46	19.16	31.04	0.00	0.00
LBC	104	30.49	18.86	19.51	31.14	0.00	0.00
LBC	105	31.44	19.16	19.41	29.99	0.00	0.00
LBC	106	31.89	18.96	19.91	29.24	0.00	0.00
LBC	107	28.34	20.86	19.31	31.49	0.00	0.00
LBC	108	29.99	20.41	19.41	30.19	0.00	0.00
LBC	109	29.69	21.06	18.26	30.99	0.00	0.00
LBC	110	28.84	21.11	18.66	31.39	0.00	0.00
LBC	111	30.69	18.51	20.66	30.14	0.00	0.00
LBC	112	31.94	19.21	18.41	30.44	0.00	0.00
LBC	113	30.24	17.47	19.31	32.98	0.00	0.00
LBC	114	31.49	20.71	18.41	29.39	0.00	0.00
LBC	115	29.39	20.61	18.26	31.74	0.00	0.00
LBC	116	30.94	19.26	18.01	31.79	0.00	0.00
LBC	117	30.44	20.66	19.41	29.49	0.00	0.00
LBC	118	31.39	20.21	17.81	30.59	0.00	0.00
LBC	119	32.63	19.76	18.31	29.29	0.00	0.00
LBC	120	31.84	19.51	18.61	30.04	0.00	0.00
LBC	121	29.79	19.56	20.01	30.64	0.00	0.00
LBC	122	31.14	19.21	20.41	29.24	0.00	0.00
LBC	123	29.84	19.51	19.41	31.24	0.00	0.00
LBC	124	31.39	21.16	18.86	28.59	0.00	0.00
LBC	125	31.34	18.76	19.01	30.89	0.00	0.00
LBC	126	31.09	19.16	19.51	30.24	0.00	0.00
LBC	127	32.24	19.46	19.41	28.89	0.00	0.00
LBC	128	29.84	21.91	17.81	30.44	0.00	0.00
LBC	129	31.64	19.46	19.61	29.29	0.00	0.00
LBC	130	29.79	20.41	18.86	30.94	0.00	0.00
LBC	131	30.09	20.31	20.76	28.84	0.00	0.00
LBC	132	29.64	20.11	20.11	30.14	0.00	0.00
LBC	133	30.84	19.51	19.36	30.29	0.00	0.00
LBC	134	31.39	20.66	18.01	29.94	0.00	0.00
LBC	135	31.09	20.91	18.01	29.99	0.00	0.00
LBC	136	30.19	19.46	18.56	31.79	0.00	0.00
LBC	137	30.89	18.61	19.01	31.49	0.00	0.00
LBC	138	30.99	19.11	19.91	29.99	0.00	0.00
LBC	139	31.24	19.56	18.11	31.09	0.00	0.00
LBC	140	31.09	20.41	18.31	30.19	0.00	0.00
LBC	141	30.69	18.61	18.91	31.79	0.00	0.00
LBC	142	29.49	21.01	18.56	30.94	0.00	0.00
LBC	143	30.29	19.81	17.56	32.34	0.00	0.00
LBC	144	31.84	20.91	19.16	28.09	0.00	0.00
LBC	145	29.19	20.11	18.11	32.58	0.00	0.00
LBC	146	28.54	20.56	19.16	31.74	0.00	0.00
LBC	147	31.69	18.66	18.71	30.94	0.00	0.00
LBC	148	30.09	20.06	19.26	30.59	0.00	0.00
LBC	149	30.39	18.61	19.06	31.94	0.00	0.00
LBC	150	30.99	20.56	18.01	30.44	0.00	0.00
# ACGT raw counters for last fragments. Use `grep ^LTC | cut -f 2-` to extract this part. The columns are: A,C,G,T,N base counters
LTC	92155	59376	56210	92859	0
# Insert sizes. Use `grep ^IS | cut -f 2-` to extract this part. The columns are: insert size, pairs total, inward oriented pairs, outward oriented pairs, other pairs
IS	0	0	0	0	0
IS	1	0	0	0	0
IS	2	0	0	0	0
IS	3	0	0	0	0
IS	4	0	0	0	0
IS	5	0	0	0	0
IS	6	0	0	0	0
IS	7	0	0	0	0
IS	8	0	0	0	0
IS	9	0	0	0	0
IS	10	0	0	0	0
IS	11	0	0	0	0
IS	12	0	0	0	0
IS	13	0	0	0	0
IS	14	0	0	0	0
IS	15	0	0	0	0
IS	16	0	0	0	0
IS	17	0	0	0	0
IS	18	0	0	0	0
IS	19	0	0	0	0
IS	20	0	0	0	0
IS	21	0	0	0	0
IS	22	0	0	0	0
IS	23	0	0	0	0
IS	24	0	0	0	0
IS	25	0	0	0	0
IS	26	0	0	0	0
IS	27	0	0	0	0
IS	28	0	0	0	0
IS	29	0	0	0	0
IS	30	0	0	0	0
IS	31	0	0	0	0
IS	32	0	0	0	0
IS	33	0	0	0	0
IS	34	0	0	0	0
IS	35	0	0	0	0
IS	36	0	0	0	0
IS	37	0	0	0	0
IS	38	0	0	0	0
IS	39	0	0	0	0
IS	40	0	0	0	0
IS	41	0	0	0	0
IS	42	0	0	0	0
IS	43	0	0	0	0
IS	44	0	0	0	0
IS	45	0	0	0	0
IS	46	0	0	0	0
IS	47	0	0	0	0
IS	48	0	0	0	0
IS	49	0	0	0	0
IS	50	0	0	0	0
IS	51	0	0	0	0
IS	52	0	0	0	0
IS	53	0	0	0	0
IS	54	0	0	0	0
IS	55	0	0	0	0
IS	56	0	0	0	0
IS	57	0	0	0	0
IS	58	0	0	0	0
IS	59	0	0	0	0
IS	60	0	0	0	0
IS	61	0	0	0	0
IS	62	0	0	0	0
IS	63	0	0	0	0
IS	64	0	0	0	0
IS	65	0	0	0	0
IS	66	0	0	0	0
IS	67	0	0	0	0
IS	68	0	0	0	0
IS	69	0	0	0	0
IS	70	0	0	0	0
IS	71	0	0	0	0
IS	72	0	0	0	0
IS	73	0	0	0	0
IS	74	0	0	0	0
IS	75	0	0	0	0
IS	76	0	0	0	0
IS	77	0	0	0	0
IS	78	0	0	0	0
IS	79	0	0	0	0
IS	80	0	0	0	0
IS	81	0	0	0	0
IS	82	0	0	0	0
IS	83	0	0	0	0
IS	84	0	0	0	0
IS	85	0	0	0	0
IS	86	0	0	0	0
IS	87	0	0	0	0
IS	88	0	0	0	0
IS	89	0	0	0	0
IS	90	0	0	0	0
IS	91	0	0	0	0
IS	92	0	0	0	0
IS	93	0	0	0	0
IS	94	0	0	0	0
IS	95	0	0	0	0
IS	96	0	0	0	0
IS	97	0	0	0	0
IS	98	0	0	0	0
IS	99	0	0	0	0
IS	100	0	0	0	0
IS	101	0	0	0	0
IS	102	0	0	0	0
IS	103	0	0	0	0
IS	104	0	0	0	0
IS	105	0	0	0	0
IS	106	0	0	0	0
IS	107	0	0	0	0
IS	108	0	0	0	0
IS	109	0	0	0	0
IS	110	0	0	0	0
IS	111	0	0	0	0
IS	112	0	0	0	0
IS	113	0	0	0	0
IS	114	0	0	0	0
IS	115	0	0	0	0
IS	116	0	0	0	0
IS	117	0	0	0	0
IS	118	0	0	0	0
IS	119	0	0	0	0
IS	120	0	0	0	0
IS	121	0	0	0	0
IS	122	0	0	0	0
IS	123	0	0	0	0
IS	124	0	0	0	0
IS	125	0	0	0	0
IS	126	0	0	0	0
IS	127	0	0	0	0
IS	128	0	0	0	0
IS	129	0	0	0	0
IS	130	0	0	0	0
IS	131	0	0	0	0
IS	132	0	0	0	0
IS	133	0	0	0	0
IS	134	0	0	0	0
IS	135	0	0	0	0
IS	136	0	0	0	0
IS	137	0	0	0	0
IS	138	0	0	0	0
IS	139	0	0	0	0
IS	140	0	0	0	0
IS	141	0	0	0	0
IS	142	0	0	0	0
IS	143	0	0	0	0
IS	144	0	0	0	0
IS	145	0	0	0	0
IS	146	0	0	0	0
IS	147	0	0	0	0
IS	148	0	0	0	0
IS	149	0	0	0	0
IS	150	0	0	0	0
IS	151	0	0	0	0
IS	152	0	0	0	0
IS	153	0	0	0	0
IS	154	0	0	0	0
IS	155	0	0	0	0
IS	156	0	0	0	0
IS	157	0	0	0	0
IS	158	0	0	0	0
IS	159	0	0	0	0
IS	160	0	0	0	0
IS	161	0	0	0	0
IS	162	0	0	0	0
IS	163	0	0	0	0
IS	164	0	0	0	0
IS	165	0	0	0	0
IS	166	0	0	0	0
IS	167	0	0	0	0
IS	168	0	0	0	0
IS	169	0	0	0	0
IS	170	0	0	0	0
IS	171	0	0	0	0
IS	172	0	0	0	0
IS	173	0	0	0	0
IS	174	0	0	0	0
IS	175	0	0	0	0
IS	176	0	0	0	0
IS	177	0	0	0	0
IS	178	0	0	0	0
IS	179	0	0	0	0
IS	180	0	0	0	0
IS	181	0	0	0	0
IS	182	0	0	0	0
IS	183	0	0	0	0
IS	184	0	0	0	0
IS	185	0	0	0	0
IS	186	0	0	0	0
IS	187	0	0	0	0
IS	188	0	0	0	0
IS	189	0	0	0	0
IS	190	0	0	0	0
IS	191	0	0	0	0
IS	192	0	0	0	0
IS	193	0	0	0	0
IS	194	0	0	0	0
IS	195	0	0	0	0
IS	196	0	0	0	0
IS	197	0	0	0	0
IS	198	0	0	0	0
IS	199	0	0	0	0
IS	200	0	0	0	0
IS	201	0	0	0	0
IS	202	0	0	0	0
IS	203	0	0	0	0
IS	204	0	0	0	0
IS	205	0	0	0	0
IS	206	0	0	0	0
IS	207	0	0	0	0
IS	208	0	0	0	0
IS	209	0	0	0	0
IS	210	0	0	0	0
IS	211	0	0	0	0
IS	212	0	0	0	0
IS	213	0	0	0	0
IS	214	0	0	0	0
IS	215	0	0	0	0
IS	216	0	0	0	0
IS	217	0	0	0	0
IS	218	0	0	0	0
IS	219	0	0	0	0
IS	220	0	0	0	0
IS	221	0	0	0	0
IS	222	0	0	0	0
IS	223	0	0	0	0
IS	224	0	0	0	0
IS	225	0	0	0	0
IS	226	0	0	0	0
IS	227	0	0	0	0
IS	228	0	0	0	0
IS	229	0	0	0	0
IS	230	0	0	0	0
IS	231	0	0	0	0
IS	232	0	0	0	0
IS	233	0	0	0	0
IS	234	0	0	0	0
IS	235	0	0	0	0
IS	236	0	0	0	0
IS	237	0	0	0	0
IS	238	0	0	0	0
IS	239	0	0	0	0
IS	240	0	0	0	0
IS	241	0	0	0	0
IS	242	0	0	0	0
IS	243	0	0	0	0
IS	244	0	0	0	0
IS	245	0	0	0	0
IS	246	0	0	0	0
IS	247	0	0	0	0
IS	248	0	0	0	0
IS	249	0	0	0	0
IS	250	0	0	0	0
IS	251	0	0	0	0
IS	252	0	0	0	0
IS	253	0	0	0	0
IS	254	0	0	0	0
IS	255	0	0	0	0
IS	256	0	0	0	0
IS	257	0	0	0	0
IS	258	0	0	0	0
IS	259	0	0	0	0
IS	260	0	0	0	0
IS	261	0	0	0	0
IS	262	0	0	0	0
IS	263	0	0	0	0
IS	264	0	0	0	0
IS	265	0	0	0	0
IS	266	0	0	0	0
IS	267	0	0	0	0
IS	268	0	0	0	0
IS	269	0	0	0	0
IS	270	0	0	0	0
IS	271	0	0	0	0
IS	272	0	0	0	0
IS	273	0	0	0	0
IS	274	0	0	0	0
IS	275	0	0	0	0
IS	276	0	0	0	0
IS	277	0	0	0	0
IS	278	0	0	0	0
IS	279	0	0	0	0
IS	280	0	0	0	0
IS	281	0	0	0	0
IS	282	0	0	0	0
IS	283	0	0	0	0
IS	284	0	0	0	0
IS	285	0	0	0	0
IS	286	0	0	0	0
IS	287	0	0	0	0
IS	288	0	0	0	0
IS	289	1	1	0	0
IS	290	0	0	0	0
IS	291	0	0	0	0
IS	292	0	0	0	0
IS	293	0	0	0	0
IS	294	0	0	0	0
IS	295	0	0	0	0
IS	296	0	0	0	0
IS	297	0	0	0	0
IS	298	0	0	0	0
IS	299	0	0	0	0
IS	300	0	0	0	0
IS	301	0	0	0	0
IS	302	0	0	0	0
IS	303	0	0	0	0
IS	304	0	0	0	0
IS	305	0	0	0	0
IS	306	0	0	0	0
IS	307	0	0	0	0
IS	308	0	0	0	0
IS	309	0	0	0	0
IS	310	0	0	0	0
IS	311	0	0	0	0
IS	312	0	0	0	0
IS	313	0	0	0	0
IS	314	0	0	0	0
IS	315	0	0	0	0
IS	316	0	0	0	0
IS	317	0	0	0	0
IS	318	0	0	0	0
IS	319	0	0	0	0
IS	320	0	0	0	0
IS	321	0	0	0	0
IS	322	0	0	0	0
IS	323	0	0	0	0
IS	324	0	0	0	0
IS	325	0	0	0	0
IS	326	0	0	0	0
IS	327	0	0	0	0
IS	328	0	0	0	0
IS	329	0	0	0	0
IS	330	0	0	0	0
IS	331	0	0	0	0
IS	332	0	0	0	0
IS	333	0	0	0	0
IS	334	0	0	0	0
IS	335	0	0	0	0
IS	336	0	0	0	0
IS	337	0	0	0	0
IS	338	0	0	0	0
IS	339	0	0	0	0
IS	340	0	0	0	0
IS	341	0	0	0	0
IS	342	0	0	0	0
IS	343	0	0	0	0
IS	344	1	1	0	0
IS	345	0	0	0	0
IS	346	0	0	0	0
IS	347	0	0	0	0
IS	348	0	0	0	0
IS	349	1	1	0	0
IS	350	0	0	0	0
IS	351	0	0	0	0
IS	352	0	0	0	0
IS	353	0	0	0	0
IS	354	1	1	0	0
IS	355	0	0	0	0
IS	356	0	0	0	0
IS	357	0	0	0	0
IS	358	0	0	0	0
IS	359	0	0	0	0
IS	360	0	0	0	0
IS	361	1	1	0	0
IS	362	0	0	0	0
IS	363	0	0	0	0
IS	364	2	2	0	0
IS	365	1	1	0	0
IS	366	0	0	0	0
IS	367	0	0	0	0
IS	368	0	0	0	0
IS	369	2	2	0	0
IS	370	0	0	0	0
IS	371	2	2	0	0
IS	372	1	1	0	0
IS	373	0	0	0	0
IS	374	0	0	0	0
IS	375	0	0	0	0
IS	376	0	0	0	0
IS	377	1	1	0	0
IS	378	2	2	0	0
IS	379	0	0	0	0
IS	380	2	2	0	0
IS	381	1	1	0	0
IS	382	0	0	0	0
IS	383	0	0	0	0
IS	384	2	2	0	0
IS	385	2	2	0	0
IS	386	0	0	0	0
IS	387	1	1	0	0
IS	388	0	0	0	0
IS	389	3	3	0	0
IS	390	2	2	0	0
IS	391	4	4	0	0
IS	392	1	1	0	0
IS	393	1	1	0	0
IS	394	3	3	0	0
IS	395	2	2	0	0
IS	396	1	1	0	0
IS	397	3	3	0	0
IS	398	0	0	0	0
IS	399	1	1	0	0
IS	400	3	3	0	0
IS	401	1	1	0	0
IS	402	3	3	0	0
IS	403	3	3	0	0
IS	404	2	2	0	0
IS	405	1	1	0	0
IS	406	2	2	0	0
IS	407	2	2	0	0
IS	408	6	6	0	0
IS	409	3	3	0	0
IS	410	1	1	0	0
IS	411	3	3	0	0
IS	412	1	1	0	0
IS	413	2	2	0	0
IS	414	3	3	0	0
IS	415	4	4	0	0
IS	416	4	4	0	0
IS	417	5	5	0	0
IS	418	5	5	0	0
IS	419	5	5	0	0
IS	420	7	7	0	0
IS	421	7	7	0	0
IS	422	2	2	0	0
IS	423	7	7	0	0
IS	424	2	2	0	0
IS	425	6	6	0	0
IS	426	1	1	0	0
IS	427	7	7	0	0
IS	428	2	2	0	0
IS	429	6	6	0	0
IS	430	7	7	0	0
IS	431	5	5	0	0
IS	432	7	7	0	0
IS	433	8	8	0	0
IS	434	10	10	0	0
IS	435	7	7	0	0
IS	436	6	6	0	0
IS	437	7	7	0	0
IS	438	11	11	0	0
IS	439	10	10	0	0
IS	440	11	11	0	0
IS	441	14	14	0	0
IS	442	7	7	0	0
IS	443	10	10	0	0
IS	444	7	7	0	0
IS	445	8	8	0	0
IS	446	7	7	0	0
IS	447	5	5	0	0
IS	448	10	10	0	0
IS	449	5	5	0	0
IS	450	16	16	0	0
IS	451	6	6	0	0
IS	452	17	17	0	0
IS	453	13	13	0	0
IS	454	13	13	0	0
IS	455	11	11	0	0
IS	456	15	15	0	0
IS	457	11	11	0	0
IS	458	7	7	0	0
IS	459	6	6	0	0
IS	460	11	11	0	0
IS	461	20	20	0	0
IS	462	11	11	0	0
IS	463	13	13	0	0
IS	464	10	10	0	0
IS	465	16	16	0	0
IS	466	10	10	0	0
IS	467	12	12	0	0
IS	468	12	12	0	0
IS	469	10	10	0	0
IS	470	18	18	0	0
IS	471	15	15	0	0
IS	472	22	22	0	0
IS	473	15	15	0	0
IS	474	8	8	0	0
IS	475	13	13	0	0
IS	476	7	7	0	0
IS	477	18	18	0	0
IS	478	10	10	0	0
IS	479	13	13	0	0
IS	480	11	11	0	0
IS	481	19	19	0	0
IS	482	12	12	0	0
IS	483	13	13	0	0
IS	484	22	22	0	0
IS	485	11	11	0	0
IS	486	12	12	0	0
IS	487	14	14	0	0
IS	488	13	13	0	0
IS	489	15	15	0	0
IS	490	15	15	0	0
IS	491	13	13	0	0
IS	492	19	19	0	0
IS	493	19	19	0	0
IS	494	20	20	0	0
IS	495	14	14	0	0
IS	496	15	15	0	0
IS	497	22	22	0	0
IS	498	14	14	0	0
IS	499	16	16	0	0
IS	500	19	19	0	0
IS	501	15	15	0	0
IS	502	12	12	0	0
IS	503	26	26	0	0
IS	504	14	14	0	0
IS	505	12	12	0	0
IS	506	22	22	0	0
IS	507	13	13	0	0
IS	508	13	13	0	0
IS	509	15	15	0	0
IS	510	22	22	0	0
IS	511	18	18	0	0
IS	512	15	15	0	0
IS	513	13	13	0	0
IS	514	16	16	0	0
IS	515	17	17	0	0
IS	516	17	17	0	0
IS	517	13	13	0	0
IS	518	11	11	0	0
IS	519	17	17	0	0
IS	520	12	12	0	0
IS	521	16	16	0	0
IS	522	13	13	0	0
IS	523	8	8	0	0
IS	524	12	12	0	0
IS	525	9	9	0	0
IS	526	16	16	0	0
IS	527	19	19	0	0
IS	528	12	12	0	0
IS	529	12	12	0	0
IS	530	16	16	0	0
IS	531	7	7	0	0
IS	532	4	4	0	0
IS	533	13	13	0	0
IS	534	18	18	0	0
IS	535	11	11	0	0
IS	536	14	14	0	0
IS	537	11	11	0	0
IS	538	9	9	0	0
IS	539	17	17	0	0
IS	540	7	7	0	0
IS	541	14	14	0	0
IS	542	10	10	0	0
IS	543	16	16	0	0
IS	544	7	7	0	0
IS	545	8	8	0	0
IS	546	8	8	0	0
IS	547	12	12	0	0
IS	548	12	12	0	0
IS	549	4	4	0	0
IS	550	16	16	0	0
IS	551	13	13	0	0
IS	552	5	5	0	0
IS	553	8	8	0	0
IS	554	11	11	0	0
IS	555	9	9	0	0
IS	556	9	9	0	0
IS	557	12	12	0	0
IS	558	13	13	0	0
IS	559	8	8	0	0
IS	560	7	7	0	0
IS	561	10	10	0	0
IS	562	11	11	0	0
IS	563	3	3	0	0
IS	564	7	7	0	0
IS	565	5	5	0	0
IS	566	7	7	0	0
IS	567	5	5	0	0
IS	568	3	3	0	0
IS	569	7	7	0	0
IS	570	5	5	0	0
IS	571	5	5	0	0
IS	572	4	4	0	0
IS	573	9	9	0	0
IS	574	2	2	0	0
IS	575	6	6	0	0
IS	576	2	2	0	0
IS	577	6	6	0	0
IS	578	7	7	0	0
IS	579	5	5	0	0
IS	580	9	9	0	0
IS	581	3	3	0	0
IS	582	3	3	0	0
IS	583	2	2	0	0
IS	584	2	2	0	0
IS	585	4	4	0	0
IS	586	1	1	0	0
IS	587	6	6	0	0
IS	588	2	2	0	0
IS	589	6	6	0	0
IS	590	4	4	0	0
IS	591	2	2	0	0
IS	592	4	4	0	0
IS	593	3	3	0	0
IS	594	1	1	0	0
IS	595	1	1	0	0
IS	596	5	5	0	0
IS	597	4	4	0	0
IS	598	2	2	0	0
IS	599	5	5	0	0
IS	600	5	5	0	0
IS	601	2	2	0	0
IS	602	1	1	0	0
IS	603	3	3	0	0
IS	604	3	3	0	0
IS	605	2	2	0	0
IS	606	2	2	0	0
IS	607	3	3	0	0
IS	608	1	1	0	0
IS	609	0	0	0	0
IS	610	2	2	0	0
IS	611	1	1	0	0
IS	612	1	1	0	0
IS	613	1	1	0	0
# Read lengths. Use `grep ^RL | cut -f 2-` to extract this part. The columns are: read length, count
RL	150	4008
# Read lengths - first fragments. Use `grep ^FRL | cut -f 2-` to extract this part. The columns are: read length, count
FRL	150	2004
# Read lengths - last fragments. Use `grep ^LRL | cut -f 2-` to extract this part. The columns are: read length, count
LRL	150	2004
# Mapping qualities for reads !(UNMAP|SECOND|SUPPL|QCFAIL|DUP). Use `grep ^MAPQ | cut -f 2-` to extract this part. The columns are: mapq, count
MAPQ	0	18
MAPQ	15	2
MAPQ	27	11
MAPQ	33	1
MAPQ	39	1
MAPQ	40	25
MAPQ	47	2
MAPQ	48	50
MAPQ	50	2
MAPQ	52	2
MAPQ	57	14
MAPQ	60	3880
# Indel distribution. Use `grep ^ID | cut -f 2-` to extract this part. The columns are: length, number of insertions, number of deletions
# Indels per cycle. Use `grep ^IC | cut -f 2-` to extract this part. The columns are: cycle, number of insertions (fwd), .. (rev) , number of deletions (fwd), .. (rev)
# Coverage distribution. Use `grep ^COV | cut -f 2-` to extract this part.
COV	[1-1]	1	5286
COV	[2-2]	2	10468
COV	[3-3]	3	14716
COV	[4-4]	4	18682
COV	[5-5]	5	20449
COV	[6-6]	6	15696
COV	[7-7]	7	12306
COV	[8-8]	8	8160
COV	[9-9]	9	5026
COV	[10-10]	10	3201
COV	[11-11]	11	1408
COV	[12-12]	12	804
COV	[13-13]	13	216
COV	[14-14]	14	100
COV	[15-15]	15	89
COV	[16-16]	16	21
# GC-depth. Use `grep ^GCD | cut -f 2-` to extract this part. The columns are: GC%, unique sequence percentiles, 10th, 25th, 50th, 75th and 90th depth percentile
GCD	0.0	15.385	0.000	0.000	0.000	0.000	0.000
GCD	37.0	30.769	2.505	2.505	2.505	2.505	2.505
GCD	38.0	69.231	2.505	2.505	2.505	2.505	2.505
GCD	39.0	92.308	2.505	2.505	2.505	2.505	2.505
GCD	45.0	100.000	2.505	2.505	2.505	2.505	2.505
