# This file was produced by samtools stats (1.20+htslib-1.21) and can be plotted using plot-bamstats
# This file contains statistics for all reads.
# The command line was:  stats sample3803.sorted.group.rmdup.bam
# CHK, Checksum	[2]Read Names	[3]Sequences	[4]Qualities
# CHK, CRC32 of reads which passed filtering followed by addition (32bit overflow)
CHK	9bf4135c	e982886d	f1f23d24
# Summary Numbers. Use `grep ^SN | cut -f 2-` to extract this part.
SN	raw total sequences:	4006	# excluding supplementary and secondary reads
SN	filtered sequences:	0
SN	sequences:	4006
SN	is sorted:	1
SN	1st fragments:	2003
SN	last fragments:	2003
SN	reads mapped:	4006
SN	reads mapped and paired:	4006	# paired-end technology bit set + both mates mapped
SN	reads unmapped:	0
SN	reads properly paired:	4006	# proper-pair bit set
SN	reads paired:	4006	# paired-end technology bit set
SN	reads duplicated:	0	# PCR or optical duplicate bit set
SN	reads MQ0:	14	# mapped and MQ=0
SN	reads QC failed:	0
SN	non-primary alignments:	0
SN	supplementary alignments:	0
SN	total length:	600899	# ignores clipping
SN	total first fragment length:	300450	# ignores clipping
SN	total last fragment length:	300449	# ignores clipping
SN	bases mapped:	600899	# ignores clipping
SN	bases mapped (cigar):	600897	# more accurate
SN	bases trimmed:	0
SN	bases duplicated:	0
SN	mismatches:	1057	# from NM fields
SN	error rate:	1.759037e-03	# mismatches / bases mapped (cigar)
SN	average length:	150
SN	average first fragment length:	150
SN	average last fragment length:	150
SN	maximum length:	150
SN	maximum first fragment length:	150
SN	maximum last fragment length:	150
SN	average quality:	30.0
SN	insert size average:	497.4
SN	insert size standard deviation:	47.8
SN	inward oriented pairs:	2003
SN	outward oriented pairs:	0
SN	pairs with other orientation:	0
SN	pairs on different chromosomes:	0
SN	percentage of properly paired reads (%):	100.0
# First Fragment Qualities. Use `grep ^FFQ | cut -f 2-` to extract this part.
# Columns correspond to qualities and rows to cycles. First column is the cycle number.
FFQ	1	0	0	0	0	0	0	0	0	0	0	0	0	0	0	0	0	0	0	0	0	0	0	0	0	0	0	0	0	0	0	2003	0
FFQ	2	0	0	0	0	0	0	0	0	0	0	0	0	0	0	0	0	0	0	0	0	0	0	0	0	0	0	0	0	0	0	2003	0
FFQ	3	0	0	0	0	0	0	0	0	0	0	0	0	0	0	0	0	0	0	0	0	0	0	0	0	0	0	0	0	0	0	2003	0
FFQ	4	0	0	0	0	0	0	0	0	0	0	0	0	0	0	0	0	0	0	0	0	0	0	0	0	0	0	0	0	0	0	2003	0
FFQ	5	0	0	0	0	0	0	0	0	0	0	0	0	0	0	0	0	0	0	0	0	0	0	0	0	0	0	0	0	0	0	2003	0
FFQ	6	0	0	0	0	0	0	0	0	0	0	0	0	0	0	0	0	0	0	0	0	0	0	0	0	0	0	0	0	0	0	2003	0
FFQ	7	0	0	0	0	0	0	0	0	0	0	0	0	0	0	0	0	0	0	0	0	0	0	0	0	0	0	0	0	0	0	2003	0
FFQ	8	0	0	0	0	0	0	0	0	0	0	0	0	0	0	0	0	0	0	0	0	0	0	0	0	0	0	0	0	0	0	2003	0
FFQ	9	0	0	0	0	0	0	0	0	0	0	0	0	0	0	0	0	0	0	0	0	0	0	0	0	0	0	0	0	0	0	2003	0
FFQ	10	0	0	0	0	0	0	0	0	0	0	0	0	0	0	0	0	0	0	0	0	0	0	0	0	0	0	0	0	0	0	2003	0
FFQ	11	0	0	0	0	0	0	0	0	0	0	0	0	0	0	0	0	0	0	0	0	0	0	0	0	0	0	0	0	0	0	2003	0
FFQ	12	0	0	0	0	0	0	0	0	0	0	0	0	0	0	0	0	0	0	0	0	0	0	0	0	0	0	0	0	0	0	2003	0
FFQ	13	0	0	0	0	0	0	0	0	0	0	0	0	0	0	0	0	0	0	0	0	0	0	0	0	0	0	0	0	0	0	2003	0
FFQ	14	0	0	0	0	0	0	0	0	0	0	0	0	0	0	0	0	0	0	0	0	0	0	0	0	0	0	0	0	0	0	2003	0
FFQ	15	0	0	0	0	0	0	0	0	0	0	0	0	0	0	0	0	0	0	0	0	0	0	0	0	0	0	0	0	0	0	2003	0
FFQ	16	0	0	0	0	0	0	0	0	0	0	0	0	0	0	0	0	0	0	0	0	0	0	0	0	0	0	0	0	0	0	2003	0
FFQ	17	0	0	0	0	0	0	0	0	0	0	0	0	0	0	0	0	0	0	0	0	0	0	0	0	0	0	0	0	0	0	2003	0
FFQ	18	0	0	0	0	0	0	0	0	0	0	0	0	0	0	0	0	0	0	0	0	0	0	0	0	0	0	0	0	0	0	2003	0
FFQ	19	0	0	0	0	0	0	0	0	0	0	0	0	0	0	0	0	0	0	0	0	0	0	0	0	0	0	0	0	0	0	2003	0
FFQ	20	0	0	0	0	0	0	0	0	0	0	0	0	0	0	0	0	0	0	0	0	0	0	0	0	0	0	0	0	0	0	2003	0
FFQ	21	0	0	0	0	0	0	0	0	0	0	0	0	0	0	0	0	0	0	0	0	0	0	0	0	0	0	0	0	0	0	2003	0
FFQ	22	0	0	0	0	0	0	0	0	0	0	0	0	0	0	0	0	0	0	0	0	0	0	0	0	0	0	0	0	0	0	2003	0
FFQ	23	0	0	0	0	0	0	0	0	0	0	0	0	0	0	0	0	0	0	0	0	0	0	0	0	0	0	0	0	0	0	2003	0
FFQ	24	0	0	0	0	0	0	0	0	0	0	0	0	0	0	0	0	0	0	0	0	0	0	0	0	0	0	0	0	0	0	2003	0
FFQ	25	0	0	0	0	0	0	0	0	0	0	0	0	0	0	0	0	0	0	0	0	0	0	0	0	0	0	0	0	0	0	2003	0
FFQ	26	0	0	0	0	0	0	0	0	0	0	0	0	0	0	0	0	0	0	0	0	0	0	0	0	0	0	0	0	0	0	2003	0
FFQ	27	0	0	0	0	0	0	0	0	0	0	0	0	0	0	0	0	0	0	0	0	0	0	0	0	0	0	0	0	0	0	2003	0
FFQ	28	0	0	0	0	0	0	0	0	0	0	0	0	0	0	0	0	0	0	0	0	0	0	0	0	0	0	0	0	0	0	2003	0
FFQ	29	0	0	0	0	0	0	0	0	0	0	0	0	0	0	0	0	0	0	0	0	0	0	0	0	0	0	0	0	0	0	2003	0
FFQ	30	0	0	0	0	0	0	0	0	0	0	0	0	0	0	0	0	0	0	0	0	0	0	0	0	0	0	0	0	0	0	2003	0
FFQ	31	0	0	0	0	0	0	0	0	0	0	0	0	0	0	0	0	0	0	0	0	0	0	0	0	0	0	0	0	0	0	2003	0
FFQ	32	0	0	0	0	0	0	0	0	0	0	0	0	0	0	0	0	0	0	0	0	0	0	0	0	0	0	0	0	0	0	2003	0
FFQ	33	0	0	0	0	0	0	0	0	0	0	0	0	0	0	0	0	0	0	0	0	0	0	0	0	0	0	0	0	0	0	2003	0
FFQ	34	0	0	0	0	0	0	0	0	0	0	0	0	0	0	0	0	0	0	0	0	0	0	0	0	0	0	0	0	0	0	2003	0
FFQ	35	0	0	0	0	0	0	0	0	0	0	0	0	0	0	0	0	0	0	0	0	0	0	0	0	0	0	0	0	0	0	2003	0
FFQ	36	0	0	0	0	0	0	0	0	0	0	0	0	0	0	0	0	0	0	0	0	0	0	0	0	0	0	0	0	0	0	2003	0
FFQ	37	0	0	0	0	0	0	0	0	0	0	0	0	0	0	0	0	0	0	0	0	0	0	0	0	0	0	0	0	0	0	2003	0
FFQ	38	0	0	0	0	0	0	0	0	0	0	0	0	0	0	0	0	0	0	0	0	0	0	0	0	0	0	0	0	0	0	2003	0
FFQ	39	0	0	0	0	0	0	0	0	0	0	0	0	0	0	0	0	0	0	0	0	0	0	0	0	0	0	0	0	0	0	2003	0
FFQ	40	0	0	0	0	0	0	0	0	0	0	0	0	0	0	0	0	0	0	0	0	0	0	0	0	0	0	0	0	0	0	2003	0
FFQ	41	0	0	0	0	0	0	0	0	0	0	0	0	0	0	0	0	0	0	0	0	0	0	0	0	0	0	0	0	0	0	2003	0
FFQ	42	0	0	0	0	0	0	0	0	0	0	0	0	0	0	0	0	0	0	0	0	0	0	0	0	0	0	0	0	0	0	2003	0
FFQ	43	0	0	0	0	0	0	0	0	0	0	0	0	0	0	0	0	0	0	0	0	0	0	0	0	0	0	0	0	0	0	2003	0
FFQ	44	0	0	0	0	0	0	0	0	0	0	0	0	0	0	0	0	0	0	0	0	0	0	0	0	0	0	0	0	0	0	2003	0
FFQ	45	0	0	0	0	0	0	0	0	0	0	0	0	0	0	0	0	0	0	0	0	0	0	0	0	0	0	0	0	0	0	2003	0
FFQ	46	0	0	0	0	0	0	0	0	0	0	0	0	0	0	0	0	0	0	0	0	0	0	0	0	0	0	0	0	0	0	2003	0
FFQ	47	0	0	0	0	0	0	0	0	0	0	0	0	0	0	0	0	0	0	0	0	0	0	0	0	0	0	0	0	0	0	2003	0
FFQ	48	0	0	0	0	0	0	0	0	0	0	0	0	0	0	0	0	0	0	0	0	0	0	0	0	0	0	0	0	0	0	2003	0
FFQ	49	0	0	0	0	0	0	0	0	0	0	0	0	0	0	0	0	0	0	0	0	0	0	0	0	0	0	0	0	0	0	2003	0
FFQ	50	0	0	0	0	0	0	0	0	0	0	0	0	0	0	0	0	0	0	0	0	0	0	0	0	0	0	0	0	0	0	2003	0
FFQ	51	0	0	0	0	0	0	0	0	0	0	0	0	0	0	0	0	0	0	0	0	0	0	0	0	0	0	0	0	0	0	2003	0
FFQ	52	0	0	0	0	0	0	0	0	0	0	0	0	0	0	0	0	0	0	0	0	0	0	0	0	0	0	0	0	0	0	2003	0
FFQ	53	0	0	0	0	0	0	0	0	0	0	0	0	0	0	0	0	0	0	0	0	0	0	0	0	0	0	0	0	0	0	2003	0
FFQ	54	0	0	0	0	0	0	0	0	0	0	0	0	0	0	0	0	0	0	0	0	0	0	0	0	0	0	0	0	0	0	2003	0
FFQ	55	0	0	0	0	0	0	0	0	0	0	0	0	0	0	0	0	0	0	0	0	0	0	0	0	0	0	0	0	0	0	2003	0
FFQ	56	0	0	0	0	0	0	0	0	0	0	0	0	0	0	0	0	0	0	0	0	0	0	0	0	0	0	0	0	0	0	2003	0
FFQ	57	0	0	0	0	0	0	0	0	0	0	0	0	0	0	0	0	0	0	0	0	0	0	0	0	0	0	0	0	0	0	2003	0
FFQ	58	0	0	0	0	0	0	0	0	0	0	0	0	0	0	0	0	0	0	0	0	0	0	0	0	0	0	0	0	0	0	2003	0
FFQ	59	0	0	0	0	0	0	0	0	0	0	0	0	0	0	0	0	0	0	0	0	0	0	0	0	0	0	0	0	0	0	2003	0
FFQ	60	0	0	0	0	0	0	0	0	0	0	0	0	0	0	0	0	0	0	0	0	0	0	0	0	0	0	0	0	0	0	2003	0
FFQ	61	0	0	0	0	0	0	0	0	0	0	0	0	0	0	0	0	0	0	0	0	0	0	0	0	0	0	0	0	0	0	2003	0
FFQ	62	0	0	0	0	0	0	0	0	0	0	0	0	0	0	0	0	0	0	0	0	0	0	0	0	0	0	0	0	0	0	2003	0
FFQ	63	0	0	0	0	0	0	0	0	0	0	0	0	0	0	0	0	0	0	0	0	0	0	0	0	0	0	0	0	0	0	2003	0
FFQ	64	0	0	0	0	0	0	0	0	0	0	0	0	0	0	0	0	0	0	0	0	0	0	0	0	0	0	0	0	0	0	2003	0
FFQ	65	0	0	0	0	0	0	0	0	0	0	0	0	0	0	0	0	0	0	0	0	0	0	0	0	0	0	0	0	0	0	2003	0
FFQ	66	0	0	0	0	0	0	0	0	0	0	0	0	0	0	0	0	0	0	0	0	0	0	0	0	0	0	0	0	0	0	2003	0
FFQ	67	0	0	0	0	0	0	0	0	0	0	0	0	0	0	0	0	0	0	0	0	0	0	0	0	0	0	0	0	0	0	2003	0
FFQ	68	0	0	0	0	0	0	0	0	0	0	0	0	0	0	0	0	0	0	0	0	0	0	0	0	0	0	0	0	0	0	2003	0
FFQ	69	0	0	0	0	0	0	0	0	0	0	0	0	0	0	0	0	0	0	0	0	0	0	0	0	0	0	0	0	0	0	2003	0
FFQ	70	0	0	0	0	0	0	0	0	0	0	0	0	0	0	0	0	0	0	0	0	0	0	0	0	0	0	0	0	0	0	2003	0
FFQ	71	0	0	0	0	0	0	0	0	0	0	0	0	0	0	0	0	0	0	0	0	0	0	0	0	0	0	0	0	0	0	2003	0
FFQ	72	0	0	0	0	0	0	0	0	0	0	0	0	0	0	0	0	0	0	0	0	0	0	0	0	0	0	0	0	0	0	2003	0
FFQ	73	0	0	0	0	0	0	0	0	0	0	0	0	0	0	0	0	0	0	0	0	0	0	0	0	0	0	0	0	0	0	2003	0
FFQ	74	0	0	0	0	0	0	0	0	0	0	0	0	0	0	0	0	0	0	0	0	0	0	0	0	0	0	0	0	0	0	2003	0
FFQ	75	0	0	0	0	0	0	0	0	0	0	0	0	0	0	0	0	0	0	0	0	0	0	0	0	0	0	0	0	0	0	2003	0
FFQ	76	0	0	0	0	0	0	0	0	0	0	0	0	0	0	0	0	0	0	0	0	0	0	0	0	0	0	0	0	0	0	2003	0
FFQ	77	0	0	0	0	0	0	0	0	0	0	0	0	0	0	0	0	0	0	0	0	0	0	0	0	0	0	0	0	0	0	2003	0
FFQ	78	0	0	0	0	0	0	0	0	0	0	0	0	0	0	0	0	0	0	0	0	0	0	0	0	0	0	0	0	0	0	2003	0
FFQ	79	0	0	0	0	0	0	0	0	0	0	0	0	0	0	0	0	0	0	0	0	0	0	0	0	0	0	0	0	0	0	2003	0
FFQ	80	0	0	0	0	0	0	0	0	0	0	0	0	0	0	0	0	0	0	0	0	0	0	0	0	0	0	0	0	0	0	2003	0
FFQ	81	0	0	0	0	0	0	0	0	0	0	0	0	0	0	0	0	0	0	0	0	0	0	0	0	0	0	0	0	0	0	2003	0
FFQ	82	0	0	0	0	0	0	0	0	0	0	0	0	0	0	0	0	0	0	0	0	0	0	0	0	0	0	0	0	0	0	2003	0
FFQ	83	0	0	0	0	0	0	0	0	0	0	0	0	0	0	0	0	0	0	0	0	0	0	0	0	0	0	0	0	0	0	2003	0
FFQ	84	0	0	0	0	0	0	0	0	0	0	0	0	0	0	0	0	0	0	0	0	0	0	0	0	0	0	0	0	0	0	2003	0
FFQ	85	0	0	0	0	0	0	0	0	0	0	0	0	0	0	0	0	0	0	0	0	0	0	0	0	0	0	0	0	0	0	2003	0
FFQ	86	0	0	0	0	0	0	0	0	0	0	0	0	0	0	0	0	0	0	0	0	0	0	0	0	0	0	0	0	0	0	2003	0
FFQ	87	0	0	0	0	0	0	0	0	0	0	0	0	0	0	0	0	0	0	0	0	0	0	0	0	0	0	0	0	0	0	2003	0
FFQ	88	0	0	0	0	0	0	0	0	0	0	0	0	0	0	0	0	0	0	0	0	0	0	0	0	0	0	0	0	0	0	2003	0
FFQ	89	0	0	0	0	0	0	0	0	0	0	0	0	0	0	0	0	0	0	0	0	0	0	0	0	0	0	0	0	0	0	2003	0
FFQ	90	0	0	0	0	0	0	0	0	0	0	0	0	0	0	0	0	0	0	0	0	0	0	0	0	0	0	0	0	0	0	2003	0
FFQ	91	0	0	0	0	0	0	0	0	0	0	0	0	0	0	0	0	0	0	0	0	0	0	0	0	0	0	0	0	0	0	2003	0
FFQ	92	0	0	0	0	0	0	0	0	0	0	0	0	0	0	0	0	0	0	0	0	0	0	0	0	0	0	0	0	0	0	2003	0
FFQ	93	0	0	0	0	0	0	0	0	0	0	0	0	0	0	0	0	0	0	0	0	0	0	0	0	0	0	0	0	0	0	2003	0
FFQ	94	0	0	0	0	0	0	0	0	0	0	0	0	0	0	0	0	0	0	0	0	0	0	0	0	0	0	0	0	0	0	2003	0
FFQ	95	0	0	0	0	0	0	0	0	0	0	0	0	0	0	0	0	0	0	0	0	0	0	0	0	0	0	0	0	0	0	2003	0
FFQ	96	0	0	0	0	0	0	0	0	0	0	0	0	0	0	0	0	0	0	0	0	0	0	0	0	0	0	0	0	0	0	2003	0
FFQ	97	0	0	0	0	0	0	0	0	0	0	0	0	0	0	0	0	0	0	0	0	0	0	0	0	0	0	0	0	0	0	2003	0
FFQ	98	0	0	0	0	0	0	0	0	0	0	0	0	0	0	0	0	0	0	0	0	0	0	0	0	0	0	0	0	0	0	2003	0
FFQ	99	0	0	0	0	0	0	0	0	0	0	0	0	0	0	0	0	0	0	0	0	0	0	0	0	0	0	0	0	0	0	2003	0
FFQ	100	0	0	0	0	0	0	0	0	0	0	0	0	0	0	0	0	0	0	0	0	0	0	0	0	0	0	0	0	0	0	2003	0
FFQ	101	0	0	0	0	0	0	0	0	0	0	0	0	0	0	0	0	0	0	0	0	0	0	0	0	0	0	0	0	0	0	2003	0
FFQ	102	0	0	0	0	0	0	0	0	0	0	0	0	0	0	0	0	0	0	0	0	0	0	0	0	0	0	0	0	0	0	2003	0
FFQ	103	0	0	0	0	0	0	0	0	0	0	0	0	0	0	0	0	0	0	0	0	0	0	0	0	0	0	0	0	0	0	2003	0
FFQ	104	0	0	0	0	0	0	0	0	0	0	0	0	0	0	0	0	0	0	0	0	0	0	0	0	0	0	0	0	0	0	2003	0
FFQ	105	0	0	0	0	0	0	0	0	0	0	0	0	0	0	0	0	0	0	0	0	0	0	0	0	0	0	0	0	0	0	2003	0
FFQ	106	0	0	0	0	0	0	0	0	0	0	0	0	0	0	0	0	0	0	0	0	0	0	0	0	0	0	0	0	0	0	2003	0
FFQ	107	0	0	0	0	0	0	0	0	0	0	0	0	0	0	0	0	0	0	0	0	0	0	0	0	0	0	0	0	0	0	2003	0
FFQ	108	0	0	0	0	0	0	0	0	0	0	0	0	0	0	0	0	0	0	0	0	0	0	0	0	0	0	0	0	0	0	2003	0
FFQ	109	0	0	0	0	0	0	0	0	0	0	0	0	0	0	0	0	0	0	0	0	0	0	0	0	0	0	0	0	0	0	2003	0
FFQ	110	0	0	0	0	0	0	0	0	0	0	0	0	0	0	0	0	0	0	0	0	0	0	0	0	0	0	0	0	0	0	2003	0
FFQ	111	0	0	0	0	0	0	0	0	0	0	0	0	0	0	0	0	0	0	0	0	0	0	0	0	0	0	0	0	0	0	2003	0
FFQ	112	0	0	0	0	0	0	0	0	0	0	0	0	0	0	0	0	0	0	0	0	0	0	0	0	0	0	0	0	0	0	2003	0
FFQ	113	0	0	0	0	0	0	0	0	0	0	0	0	0	0	0	0	0	0	0	0	0	0	0	0	0	0	0	0	0	0	2003	0
FFQ	114	0	0	0	0	0	0	0	0	0	0	0	0	0	0	0	0	0	0	0	0	0	0	0	0	0	0	0	0	0	0	2003	0
FFQ	115	0	0	0	0	0	0	0	0	0	0	0	0	0	0	0	0	0	0	0	0	0	0	0	0	0	0	0	0	0	0	2003	0
FFQ	116	0	0	0	0	0	0	0	0	0	0	0	0	0	0	0	0	0	0	0	0	0	0	0	0	0	0	0	0	0	0	2003	0
FFQ	117	0	0	0	0	0	0	0	0	0	0	0	0	0	0	0	0	0	0	0	0	0	0	0	0	0	0	0	0	0	0	2003	0
FFQ	118	0	0	0	0	0	0	0	0	0	0	0	0	0	0	0	0	0	0	0	0	0	0	0	0	0	0	0	0	0	0	2003	0
FFQ	119	0	0	0	0	0	0	0	0	0	0	0	0	0	0	0	0	0	0	0	0	0	0	0	0	0	0	0	0	0	0	2003	0
FFQ	120	0	0	0	0	0	0	0	0	0	0	0	0	0	0	0	0	0	0	0	0	0	0	0	0	0	0	0	0	0	0	2003	0
FFQ	121	0	0	0	0	0	0	0	0	0	0	0	0	0	0	0	0	0	0	0	0	0	0	0	0	0	0	0	0	0	0	2003	0
FFQ	122	0	0	0	0	0	0	0	0	0	0	0	0	0	0	0	0	0	0	0	0	0	0	0	0	0	0	0	0	0	0	2003	0
FFQ	123	0	0	0	0	0	0	0	0	0	0	0	0	0	0	0	0	0	0	0	0	0	0	0	0	0	0	0	0	0	0	2003	0
FFQ	124	0	0	0	0	0	0	0	0	0	0	0	0	0	0	0	0	0	0	0	0	0	0	0	0	0	0	0	0	0	0	2003	0
FFQ	125	0	0	0	0	0	0	0	0	0	0	0	0	0	0	0	0	0	0	0	0	0	0	0	0	0	0	0	0	0	0	2003	0
FFQ	126	0	0	0	0	0	0	0	0	0	0	0	0	0	0	0	0	0	0	0	0	0	0	0	0	0	0	0	0	0	0	2003	0
FFQ	127	0	0	0	0	0	0	0	0	0	0	0	0	0	0	0	0	0	0	0	0	0	0	0	0	0	0	0	0	0	0	2003	0
FFQ	128	0	0	0	0	0	0	0	0	0	0	0	0	0	0	0	0	0	0	0	0	0	0	0	0	0	0	0	0	0	0	2003	0
FFQ	129	0	0	0	0	0	0	0	0	0	0	0	0	0	0	0	0	0	0	0	0	0	0	0	0	0	0	0	0	0	0	2003	0
FFQ	130	0	0	0	0	0	0	0	0	0	0	0	0	0	0	0	0	0	0	0	0	0	0	0	0	0	0	0	0	0	0	2003	0
FFQ	131	0	0	0	0	0	0	0	0	0	0	0	0	0	0	0	0	0	0	0	0	0	0	0	0	0	0	0	0	0	0	2003	0
FFQ	132	0	0	0	0	0	0	0	0	0	0	0	0	0	0	0	0	0	0	0	0	0	0	0	0	0	0	0	0	0	0	2003	0
FFQ	133	0	0	0	0	0	0	0	0	0	0	0	0	0	0	0	0	0	0	0	0	0	0	0	0	0	0	0	0	0	0	2003	0
FFQ	134	0	0	0	0	0	0	0	0	0	0	0	0	0	0	0	0	0	0	0	0	0	0	0	0	0	0	0	0	0	0	2003	0
FFQ	135	0	0	0	0	0	0	0	0	0	0	0	0	0	0	0	0	0	0	0	0	0	0	0	0	0	0	0	0	0	0	2003	0
FFQ	136	0	0	0	0	0	0	0	0	0	0	0	0	0	0	0	0	0	0	0	0	0	0	0	0	0	0	0	0	0	0	2003	0
FFQ	137	0	0	0	0	0	0	0	0	0	0	0	0	0	0	0	0	0	0	0	0	0	0	0	0	0	0	0	0	0	0	2003	0
FFQ	138	0	0	0	0	0	0	0	0	0	0	0	0	0	0	0	0	0	0	0	0	0	0	0	0	0	0	0	0	0	0	2003	0
FFQ	139	0	0	0	0	0	0	0	0	0	0	0	0	0	0	0	0	0	0	0	0	0	0	0	0	0	0	0	0	0	0	2003	0
FFQ	140	0	0	0	0	0	0	0	0	0	0	0	0	0	0	0	0	0	0	0	0	0	0	0	0	0	0	0	0	0	0	2003	0
FFQ	141	0	0	0	0	0	0	0	0	0	0	0	0	0	0	0	0	0	0	0	0	0	0	0	0	0	0	0	0	0	0	2003	0
FFQ	142	0	0	0	0	0	0	0	0	0	0	0	0	0	0	0	0	0	0	0	0	0	0	0	0	0	0	0	0	0	0	2003	0
FFQ	143	0	0	0	0	0	0	0	0	0	0	0	0	0	0	0	0	0	0	0	0	0	0	0	0	0	0	0	0	0	0	2003	0
FFQ	144	0	0	0	0	0	0	0	0	0	0	0	0	0	0	0	0	0	0	0	0	0	0	0	0	0	0	0	0	0	0	2003	0
FFQ	145	0	0	0	0	0	0	0	0	0	0	0	0	0	0	0	0	0	0	0	0	0	0	0	0	0	0	0	0	0	0	2003	0
FFQ	146	0	0	0	0	0	0	0	0	0	0	0	0	0	0	0	0	0	0	0	0	0	0	0	0	0	0	0	0	0	0	2003	0
FFQ	147	0	0	0	0	0	0	0	0	0	0	0	0	0	0	0	0	0	0	0	0	0	0	0	0	0	0	0	0	0	0	2003	0
FFQ	148	0	0	0	0	0	0	0	0	0	0	0	0	0	0	0	0	0	0	0	0	0	0	0	0	0	0	0	0	0	0	2003	0
FFQ	149	0	0	0	0	0	0	0	0	0	0	0	0	0	0	0	0	0	0	0	0	0	0	0	0	0	0	0	0	0	0	2003	0
FFQ	150	0	0	0	0	0	0	0	0	0	0	0	0	0	0	0	0	0	0	0	0	0	0	0	0	0	0	0	0	0	0	2003	0
# Last Fragment Qualities. Use `grep ^LFQ | cut -f 2-` to extract this part.
# Columns correspond to qualities and rows to cycles. First column is the cycle number.
LFQ	1	0	0	0	0	0	0	0	0	0	0	0	0	0	0	0	0	0	0	0	0	0	0	0	0	0	0	0	0	0	0	2003	0
LFQ	2	0	0	0	0	0	0	0	0	0	0	0	0	0	0	0	0	0	0	0	0	0	0	0	0	0	0	0	0	0	0	2003	0
LFQ	3	0	0	0	0	0	0	0	0	0	0	0	0	0	0	0	0	0	0	0	0	0	0	0	0	0	0	0	0	0	0	2003	0
LFQ	4	0	0	0	0	0	0	0	0	0	0	0	0	0	0	0	0	0	0	0	0	0	0	0	0	0	0	0	0	0	0	2003	0
LFQ	5	0	0	0	0	0	0	0	0	0	0	0	0	0	0	0	0	0	0	0	0	0	0	0	0	0	0	0	0	0	0	2003	0
LFQ	6	0	0	0	0	0	0	0	0	0	0	0	0	0	0	0	0	0	0	0	0	0	0	0	0	0	0	0	0	0	0	2003	0
LFQ	7	0	0	0	0	0	0	0	0	0	0	0	0	0	0	0	0	0	0	0	0	0	0	0	0	0	0	0	0	0	0	2003	0
LFQ	8	0	0	0	0	0	0	0	0	0	0	0	0	0	0	0	0	0	0	0	0	0	0	0	0	0	0	0	0	0	0	2003	0
LFQ	9	0	0	0	0	0	0	0	0	0	0	0	0	0	0	0	0	0	0	0	0	0	0	0	0	0	0	0	0	0	0	2003	0
LFQ	10	0	0	0	0	0	0	0	0	0	0	0	0	0	0	0	0	0	0	0	0	0	0	0	0	0	0	0	0	0	0	2003	0
LFQ	11	0	0	0	0	0	0	0	0	0	0	0	0	0	0	0	0	0	0	0	0	0	0	0	0	0	0	0	0	0	0	2003	0
LFQ	12	0	0	0	0	0	0	0	0	0	0	0	0	0	0	0	0	0	0	0	0	0	0	0	0	0	0	0	0	0	0	2003	0
LFQ	13	0	0	0	0	0	0	0	0	0	0	0	0	0	0	0	0	0	0	0	0	0	0	0	0	0	0	0	0	0	0	2003	0
LFQ	14	0	0	0	0	0	0	0	0	0	0	0	0	0	0	0	0	0	0	0	0	0	0	0	0	0	0	0	0	0	0	2003	0
LFQ	15	0	0	0	0	0	0	0	0	0	0	0	0	0	0	0	0	0	0	0	0	0	0	0	0	0	0	0	0	0	0	2003	0
LFQ	16	0	0	0	0	0	0	0	0	0	0	0	0	0	0	0	0	0	0	0	0	0	0	0	0	0	0	0	0	0	0	2003	0
LFQ	17	0	0	0	0	0	0	0	0	0	0	0	0	0	0	0	0	0	0	0	0	0	0	0	0	0	0	0	0	0	0	2003	0
LFQ	18	0	0	0	0	0	0	0	0	0	0	0	0	0	0	0	0	0	0	0	0	0	0	0	0	0	0	0	0	0	0	2003	0
LFQ	19	0	0	0	0	0	0	0	0	0	0	0	0	0	0	0	0	0	0	0	0	0	0	0	0	0	0	0	0	0	0	2003	0
LFQ	20	0	0	0	0	0	0	0	0	0	0	0	0	0	0	0	0	0	0	0	0	0	0	0	0	0	0	0	0	0	0	2003	0
LFQ	21	0	0	0	0	0	0	0	0	0	0	0	0	0	0	0	0	0	0	0	0	0	0	0	0	0	0	0	0	0	0	2003	0
LFQ	22	0	0	0	0	0	0	0	0	0	0	0	0	0	0	0	0	0	0	0	0	0	0	0	0	0	0	0	0	0	0	2003	0
LFQ	23	0	0	0	0	0	0	0	0	0	0	0	0	0	0	0	0	0	0	0	0	0	0	0	0	0	0	0	0	0	0	2003	0
LFQ	24	0	0	0	0	0	0	0	0	0	0	0	0	0	0	0	0	0	0	0	0	0	0	0	0	0	0	0	0	0	0	2003	0
LFQ	25	0	0	0	0	0	0	0	0	0	0	0	0	0	0	0	0	0	0	0	0	0	0	0	0	0	0	0	0	0	0	2003	0
LFQ	26	0	0	0	0	0	0	0	0	0	0	0	0	0	0	0	0	0	0	0	0	0	0	0	0	0	0	0	0	0	0	2003	0
LFQ	27	0	0	0	0	0	0	0	0	0	0	0	0	0	0	0	0	0	0	0	0	0	0	0	0	0	0	0	0	0	0	2003	0
LFQ	28	0	0	0	0	0	0	0	0	0	0	0	0	0	0	0	0	0	0	0	0	0	0	0	0	0	0	0	0	0	0	2003	0
LFQ	29	0	0	0	0	0	0	0	0	0	0	0	0	0	0	0	0	0	0	0	0	0	0	0	0	0	0	0	0	0	0	2003	0
LFQ	30	0	0	0	0	0	0	0	0	0	0	0	0	0	0	0	0	0	0	0	0	0	0	0	0	0	0	0	0	0	0	2003	0
LFQ	31	0	0	0	0	0	0	0	0	0	0	0	0	0	0	0	0	0	0	0	0	0	0	0	0	0	0	0	0	0	0	2003	0
LFQ	32	0	0	0	0	0	0	0	0	0	0	0	0	0	0	0	0	0	0	0	0	0	0	0	0	0	0	0	0	0	0	2003	0
LFQ	33	0	0	0	0	0	0	0	0	0	0	0	0	0	0	0	0	0	0	0	0	0	0	0	0	0	0	0	0	0	0	2003	0
LFQ	34	0	0	0	0	0	0	0	0	0	0	0	0	0	0	0	0	0	0	0	0	0	0	0	0	0	0	0	0	0	0	2003	0
LFQ	35	0	0	0	0	0	0	0	0	0	0	0	0	0	0	0	0	0	0	0	0	0	0	0	0	0	0	0	0	0	0	2003	0
LFQ	36	0	0	0	0	0	0	0	0	0	0	0	0	0	0	0	0	0	0	0	0	0	0	0	0	0	0	0	0	0	0	2003	0
LFQ	37	0	0	0	0	0	0	0	0	0	0	0	0	0	0	0	0	0	0	0	0	0	0	0	0	0	0	0	0	0	0	2003	0
LFQ	38	0	0	0	0	0	0	0	0	0	0	0	0	0	0	0	0	0	0	0	0	0	0	0	0	0	0	0	0	0	0	2003	0
LFQ	39	0	0	0	0	0	0	0	0	0	0	0	0	0	0	0	0	0	0	0	0	0	0	0	0	0	0	0	0	0	0	2003	0
LFQ	40	0	0	0	0	0	0	0	0	0	0	0	0	0	0	0	0	0	0	0	0	0	0	0	0	0	0	0	0	0	0	2003	0
LFQ	41	0	0	0	0	0	0	0	0	0	0	0	0	0	0	0	0	0	0	0	0	0	0	0	0	0	0	0	0	0	0	2003	0
LFQ	42	0	0	0	0	0	0	0	0	0	0	0	0	0	0	0	0	0	0	0	0	0	0	0	0	0	0	0	0	0	0	2003	0
LFQ	43	0	0	0	0	0	0	0	0	0	0	0	0	0	0	0	0	0	0	0	0	0	0	0	0	0	0	0	0	0	0	2003	0
LFQ	44	0	0	0	0	0	0	0	0	0	0	0	0	0	0	0	0	0	0	0	0	0	0	0	0	0	0	0	0	0	0	2003	0
LFQ	45	0	0	0	0	0	0	0	0	0	0	0	0	0	0	0	0	0	0	0	0	0	0	0	0	0	0	0	0	0	0	2003	0
LFQ	46	0	0	0	0	0	0	0	0	0	0	0	0	0	0	0	0	0	0	0	0	0	0	0	0	0	0	0	0	0	0	2003	0
LFQ	47	0	0	0	0	0	0	0	0	0	0	0	0	0	0	0	0	0	0	0	0	0	0	0	0	0	0	0	0	0	0	2003	0
LFQ	48	0	0	0	0	0	0	0	0	0	0	0	0	0	0	0	0	0	0	0	0	0	0	0	0	0	0	0	0	0	0	2003	0
LFQ	49	0	0	0	0	0	0	0	0	0	0	0	0	0	0	0	0	0	0	0	0	0	0	0	0	0	0	0	0	0	0	2003	0
LFQ	50	0	0	0	0	0	0	0	0	0	0	0	0	0	0	0	0	0	0	0	0	0	0	0	0	0	0	0	0	0	0	2003	0
LFQ	51	0	0	0	0	0	0	0	0	0	0	0	0	0	0	0	0	0	0	0	0	0	0	0	0	0	0	0	0	0	0	2003	0
LFQ	52	0	0	0	0	0	0	0	0	0	0	0	0	0	0	0	0	0	0	0	0	0	0	0	0	0	0	0	0	0	0	2003	0
LFQ	53	0	0	0	0	0	0	0	0	0	0	0	0	0	0	0	0	0	0	0	0	0	0	0	0	0	0	0	0	0	0	2003	0
LFQ	54	0	0	0	0	0	0	0	0	0	0	0	0	0	0	0	0	0	0	0	0	0	0	0	0	0	0	0	0	0	0	2003	0
LFQ	55	0	0	0	0	0	0	0	0	0	0	0	0	0	0	0	0	0	0	0	0	0	0	0	0	0	0	0	0	0	0	2003	0
LFQ	56	0	0	0	0	0	0	0	0	0	0	0	0	0	0	0	0	0	0	0	0	0	0	0	0	0	0	0	0	0	0	2003	0
LFQ	57	0	0	0	0	0	0	0	0	0	0	0	0	0	0	0	0	0	0	0	0	0	0	0	0	0	0	0	0	0	0	2003	0
LFQ	58	0	0	0	0	0	0	0	0	0	0	0	0	0	0	0	0	0	0	0	0	0	0	0	0	0	0	0	0	0	0	2003	0
LFQ	59	0	0	0	0	0	0	0	0	0	0	0	0	0	0	0	0	0	0	0	0	0	0	0	0	0	0	0	0	0	0	2003	0
LFQ	60	0	0	0	0	0	0	0	0	0	0	0	0	0	0	0	0	0	0	0	0	0	0	0	0	0	0	0	0	0	0	2003	0
LFQ	61	0	0	0	0	0	0	0	0	0	0	0	0	0	0	0	0	0	0	0	0	0	0	0	0	0	0	0	0	0	0	2003	0
LFQ	62	0	0	0	0	0	0	0	0	0	0	0	0	0	0	0	0	0	0	0	0	0	0	0	0	0	0	0	0	0	0	2003	0
LFQ	63	0	0	0	0	0	0	0	0	0	0	0	0	0	0	0	0	0	0	0	0	0	0	0	0	0	0	0	0	0	0	2003	0
LFQ	64	0	0	0	0	0	0	0	0	0	0	0	0	0	0	0	0	0	0	0	0	0	0	0	0	0	0	0	0	0	0	2003	0
LFQ	65	0	0	0	0	0	0	0	0	0	0	0	0	0	0	0	0	0	0	0	0	0	0	0	0	0	0	0	0	0	0	2003	0
LFQ	66	0	0	0	0	0	0	0	0	0	0	0	0	0	0	0	0	0	0	0	0	0	0	0	0	0	0	0	0	0	0	2003	0
LFQ	67	0	0	0	0	0	0	0	0	0	0	0	0	0	0	0	0	0	0	0	0	0	0	0	0	0	0	0	0	0	0	2003	0
LFQ	68	0	0	0	0	0	0	0	0	0	0	0	0	0	0	0	0	0	0	0	0	0	0	0	0	0	0	0	0	0	0	2003	0
LFQ	69	0	0	0	0	0	0	0	0	0	0	0	0	0	0	0	0	0	0	0	0	0	0	0	0	0	0	0	0	0	0	2003	0
LFQ	70	0	0	0	0	0	0	0	0	0	0	0	0	0	0	0	0	0	0	0	0	0	0	0	0	0	0	0	0	0	0	2003	0
LFQ	71	0	0	0	0	0	0	0	0	0	0	0	0	0	0	0	0	0	0	0	0	0	0	0	0	0	0	0	0	0	0	2003	0
LFQ	72	0	0	0	0	0	0	0	0	0	0	0	0	0	0	0	0	0	0	0	0	0	0	0	0	0	0	0	0	0	0	2003	0
LFQ	73	0	0	0	0	0	0	0	0	0	0	0	0	0	0	0	0	0	0	0	0	0	0	0	0	0	0	0	0	0	0	2003	0
LFQ	74	0	0	0	0	0	0	0	0	0	0	0	0	0	0	0	0	0	0	0	0	0	0	0	0	0	0	0	0	0	0	2003	0
LFQ	75	0	0	0	0	0	0	0	0	0	0	0	0	0	0	0	0	0	0	0	0	0	0	0	0	0	0	0	0	0	0	2003	0
LFQ	76	0	0	0	0	0	0	0	0	0	0	0	0	0	0	0	0	0	0	0	0	0	0	0	0	0	0	0	0	0	0	2003	0
LFQ	77	0	0	0	0	0	0	0	0	0	0	0	0	0	0	0	0	0	0	0	0	0	0	0	0	0	0	0	0	0	0	2003	0
LFQ	78	0	0	0	0	0	0	0	0	0	0	0	0	0	0	0	0	0	0	0	0	0	0	0	0	0	0	0	0	0	0	2003	0
LFQ	79	0	0	0	0	0	0	0	0	0	0	0	0	0	0	0	0	0	0	0	0	0	0	0	0	0	0	0	0	0	0	2003	0
LFQ	80	0	0	0	0	0	0	0	0	0	0	0	0	0	0	0	0	0	0	0	0	0	0	0	0	0	0	0	0	0	0	2003	0
LFQ	81	0	0	0	0	0	0	0	0	0	0	0	0	0	0	0	0	0	0	0	0	0	0	0	0	0	0	0	0	0	0	2003	0
LFQ	82	0	0	0	0	0	0	0	0	0	0	0	0	0	0	0	0	0	0	0	0	0	0	0	0	0	0	0	0	0	0	2003	0
LFQ	83	0	0	0	0	0	0	0	0	0	0	0	0	0	0	0	0	0	0	0	0	0	0	0	0	0	0	0	0	0	0	2003	0
LFQ	84	0	0	0	0	0	0	0	0	0	0	0	0	0	0	0	0	0	0	0	0	0	0	0	0	0	0	0	0	0	0	2003	0
LFQ	85	0	0	0	0	0	0	0	0	0	0	0	0	0	0	0	0	0	0	0	0	0	0	0	0	0	0	0	0	0	0	2003	0
LFQ	86	0	0	0	0	0	0	0	0	0	0	0	0	0	0	0	0	0	0	0	0	0	0	0	0	0	0	0	0	0	0	2003	0
LFQ	87	0	0	0	0	0	0	0	0	0	0	0	0	0	0	0	0	0	0	0	0	0	0	0	0	0	0	0	0	0	0	2003	0
LFQ	88	0	0	0	0	0	0	0	0	0	0	0	0	0	0	0	0	0	0	0	0	0	0	0	0	0	0	0	0	0	0	2003	0
LFQ	89	0	0	0	0	0	0	0	0	0	0	0	0	0	0	0	0	0	0	0	0	0	0	0	0	0	0	0	0	0	0	2003	0
LFQ	90	0	0	0	0	0	0	0	0	0	0	0	0	0	0	0	0	0	0	0	0	0	0	0	0	0	0	0	0	0	0	2003	0
LFQ	91	0	0	0	0	0	0	0	0	0	0	0	0	0	0	0	0	0	0	0	0	0	0	0	0	0	0	0	0	0	0	2003	0
LFQ	92	0	0	0	0	0	0	0	0	0	0	0	0	0	0	0	0	0	0	0	0	0	0	0	0	0	0	0	0	0	0	2003	0
LFQ	93	0	0	0	0	0	0	0	0	0	0	0	0	0	0	0	0	0	0	0	0	0	0	0	0	0	0	0	0	0	0	2003	0
LFQ	94	0	0	0	0	0	0	0	0	0	0	0	0	0	0	0	0	0	0	0	0	0	0	0	0	0	0	0	0	0	0	2003	0
LFQ	95	0	0	0	0	0	0	0	0	0	0	0	0	0	0	0	0	0	0	0	0	0	0	0	0	0	0	0	0	0	0	2003	0
LFQ	96	0	0	0	0	0	0	0	0	0	0	0	0	0	0	0	0	0	0	0	0	0	0	0	0	0	0	0	0	0	0	2003	0
LFQ	97	0	0	0	0	0	0	0	0	0	0	0	0	0	0	0	0	0	0	0	0	0	0	0	0	0	0	0	0	0	0	2003	0
LFQ	98	0	0	0	0	0	0	0	0	0	0	0	0	0	0	0	0	0	0	0	0	0	0	0	0	0	0	0	0	0	0	2003	0
LFQ	99	0	0	0	0	0	0	0	0	0	0	0	0	0	0	0	0	0	0	0	0	0	0	0	0	0	0	0	0	0	0	2003	0
LFQ	100	0	0	0	0	0	0	0	0	0	0	0	0	0	0	0	0	0	0	0	0	0	0	0	0	0	0	0	0	0	0	2003	0
LFQ	101	0	0	0	0	0	0	0	0	0	0	0	0	0	0	0	0	0	0	0	0	0	0	0	0	0	0	0	0	0	0	2003	0
LFQ	102	0	0	0	0	0	0	0	0	0	0	0	0	0	0	0	0	0	0	0	0	0	0	0	0	0	0	0	0	0	0	2003	0
LFQ	103	0	0	0	0	0	0	0	0	0	0	0	0	0	0	0	0	0	0	0	0	0	0	0	0	0	0	0	0	0	0	2003	0
LFQ	104	0	0	0	0	0	0	0	0	0	0	0	0	0	0	0	0	0	0	0	0	0	0	0	0	0	0	0	0	0	0	2003	0
LFQ	105	0	0	0	0	0	0	0	0	0	0	0	0	0	0	0	0	0	0	0	0	0	0	0	0	0	0	0	0	0	0	2003	0
LFQ	106	0	0	0	0	0	0	0	0	0	0	0	0	0	0	0	0	0	0	0	0	0	0	0	0	0	0	0	0	0	0	2003	0
LFQ	107	0	0	0	0	0	0	0	0	0	0	0	0	0	0	0	0	0	0	0	0	0	0	0	0	0	0	0	0	0	0	2003	0
LFQ	108	0	0	0	0	0	0	0	0	0	0	0	0	0	0	0	0	0	0	0	0	0	0	0	0	0	0	0	0	0	0	2003	0
LFQ	109	0	0	0	0	0	0	0	0	0	0	0	0	0	0	0	0	0	0	0	0	0	0	0	0	0	0	0	0	0	0	2003	0
LFQ	110	0	0	0	0	0	0	0	0	0	0	0	0	0	0	0	0	0	0	0	0	0	0	0	0	0	0	0	0	0	0	2003	0
LFQ	111	0	0	0	0	0	0	0	0	0	0	0	0	0	0	0	0	0	0	0	0	0	0	0	0	0	0	0	0	0	0	2003	0
LFQ	112	0	0	0	0	0	0	0	0	0	0	0	0	0	0	0	0	0	0	0	0	0	0	0	0	0	0	0	0	0	0	2003	0
LFQ	113	0	0	0	0	0	0	0	0	0	0	0	0	0	0	0	0	0	0	0	0	0	0	0	0	0	0	0	0	0	0	2003	0
LFQ	114	0	0	0	0	0	0	0	0	0	0	0	0	0	0	0	0	0	0	0	0	0	0	0	0	0	0	0	0	0	0	2003	0
LFQ	115	0	0	0	0	0	0	0	0	0	0	0	0	0	0	0	0	0	0	0	0	0	0	0	0	0	0	0	0	0	0	2003	0
LFQ	116	0	0	0	0	0	0	0	0	0	0	0	0	0	0	0	0	0	0	0	0	0	0	0	0	0	0	0	0	0	0	2003	0
LFQ	117	0	0	0	0	0	0	0	0	0	0	0	0	0	0	0	0	0	0	0	0	0	0	0	0	0	0	0	0	0	0	2003	0
LFQ	118	0	0	0	0	0	0	0	0	0	0	0	0	0	0	0	0	0	0	0	0	0	0	0	0	0	0	0	0	0	0	2003	0
LFQ	119	0	0	0	0	0	0	0	0	0	0	0	0	0	0	0	0	0	0	0	0	0	0	0	0	0	0	0	0	0	0	2003	0
LFQ	120	0	0	0	0	0	0	0	0	0	0	0	0	0	0	0	0	0	0	0	0	0	0	0	0	0	0	0	0	0	0	2003	0
LFQ	121	0	0	0	0	0	0	0	0	0	0	0	0	0	0	0	0	0	0	0	0	0	0	0	0	0	0	0	0	0	0	2003	0
LFQ	122	0	0	0	0	0	0	0	0	0	0	0	0	0	0	0	0	0	0	0	0	0	0	0	0	0	0	0	0	0	0	2003	0
LFQ	123	0	0	0	0	0	0	0	0	0	0	0	0	0	0	0	0	0	0	0	0	0	0	0	0	0	0	0	0	0	0	2003	0
LFQ	124	0	0	0	0	0	0	0	0	0	0	0	0	0	0	0	0	0	0	0	0	0	0	0	0	0	0	0	0	0	0	2003	0
LFQ	125	0	0	0	0	0	0	0	0	0	0	0	0	0	0	0	0	0	0	0	0	0	0	0	0	0	0	0	0	0	0	2003	0
LFQ	126	0	0	0	0	0	0	0	0	0	0	0	0	0	0	0	0	0	0	0	0	0	0	0	0	0	0	0	0	0	0	2003	0
LFQ	127	0	0	0	0	0	0	0	0	0	0	0	0	0	0	0	0	0	0	0	0	0	0	0	0	0	0	0	0	0	0	2003	0
LFQ	128	0	0	0	0	0	0	0	0	0	0	0	0	0	0	0	0	0	0	0	0	0	0	0	0	0	0	0	0	0	0	2003	0
LFQ	129	0	0	0	0	0	0	0	0	0	0	0	0	0	0	0	0	0	0	0	0	0	0	0	0	0	0	0	0	0	0	2003	0
LFQ	130	0	0	0	0	0	0	0	0	0	0	0	0	0	0	0	0	0	0	0	0	0	0	0	0	0	0	0	0	0	0	2003	0
LFQ	131	0	0	0	0	0	0	0	0	0	0	0	0	0	0	0	0	0	0	0	0	0	0	0	0	0	0	0	0	0	0	2003	0
LFQ	132	0	0	0	0	0	0	0	0	0	0	0	0	0	0	0	0	0	0	0	0	0	0	0	0	0	0	0	0	0	0	2003	0
LFQ	133	0	0	0	0	0	0	0	0	0	0	0	0	0	0	0	0	0	0	0	0	0	0	0	0	0	0	0	0	0	0	2003	0
LFQ	134	0	0	0	0	0	0	0	0	0	0	0	0	0	0	0	0	0	0	0	0	0	0	0	0	0	0	0	0	0	0	2003	0
LFQ	135	0	0	0	0	0	0	0	0	0	0	0	0	0	0	0	0	0	0	0	0	0	0	0	0	0	0	0	0	0	0	2003	0
LFQ	136	0	0	0	0	0	0	0	0	0	0	0	0	0	0	0	0	0	0	0	0	0	0	0	0	0	0	0	0	0	0	2003	0
LFQ	137	0	0	0	0	0	0	0	0	0	0	0	0	0	0	0	0	0	0	0	0	0	0	0	0	0	0	0	0	0	0	2003	0
LFQ	138	0	0	0	0	0	0	0	0	0	0	0	0	0	0	0	0	0	0	0	0	0	0	0	0	0	0	0	0	0	0	2003	0
LFQ	139	0	0	0	0	0	0	0	0	0	0	0	0	0	0	0	0	0	0	0	0	0	0	0	0	0	0	0	0	0	0	2003	0
LFQ	140	0	0	0	0	0	0	0	0	0	0	0	0	0	0	0	0	0	0	0	0	0	0	0	0	0	0	0	0	0	0	2003	0
LFQ	141	0	0	0	0	0	0	0	0	0	0	0	0	0	0	0	0	0	0	0	0	0	0	0	0	0	0	0	0	0	0	2003	0
LFQ	142	0	0	0	0	0	0	0	0	0	0	0	0	0	0	0	0	0	0	0	0	0	0	0	0	0	0	0	0	0	0	2003	0
LFQ	143	0	0	0	0	0	0	0	0	0	0	0	0	0	0	0	0	0	0	0	0	0	0	0	0	0	0	0	0	0	0	2003	0
LFQ	144	0	0	0	0	0	0	0	0	0	0	0	0	0	0	0	0	0	0	0	0	0	0	0	0	0	0	0	0	0	0	2003	0
LFQ	145	0	0	0	0	0	0	0	0	0	0	0	0	0	0	0	0	0	0	0	0	0	0	0	0	0	0	0	0	0	0	2003	0
LFQ	146	0	0	0	0	0	0	0	0	0	0	0	0	0	0	0	0	0	0	0	0	0	0	0	0	0	0	0	0	0	0	2003	0
LFQ	147	0	0	0	0	0	0	0	0	0	0	0	0	0	0	0	0	0	0	0	0	0	0	0	0	0	0	0	0	0	0	2003	0
LFQ	148	0	0	0	0	0	0	0	0	0	0	0	0	0	0	0	0	0	0	0	0	0	0	0	0	0	0	0	0	0	0	2003	0
LFQ	149	0	0	0	0	0	0	0	0	0	0	0	0	0	0	0	0	0	0	0	0	0	0	0	0	0	0	0	0	0	0	2003	0
LFQ	150	0	0	0	0	0	0	0	0	0	0	0	0	0	0	0	0	0	0	0	0	0	0	0	0	0	0	0	0	0	0	2002	0
# GC Content of first fragments. Use `grep ^GCF | cut -f 2-` to extract this part.
GCF	5.53	0
GCF	11.81	1
GCF	13.57	0
GCF	15.08	1
GCF	16.08	0
GCF	17.09	1
GCF	18.09	0
GCF	18.84	2
GCF	19.35	1
GCF	20.10	2
GCF	20.85	1
GCF	21.36	6
GCF	22.11	1
GCF	22.86	5
GCF	23.37	7
GCF	24.12	10
GCF	24.87	12
GCF	25.38	10
GCF	26.13	14
GCF	26.88	19
GCF	27.39	25
GCF	28.14	30
GCF	28.89	31
GCF	29.40	39
GCF	30.15	30
GCF	30.90	36
GCF	31.41	38
GCF	32.16	44
GCF	32.91	48
GCF	33.42	61
GCF	33.92	71
GCF	34.67	72
GCF	35.43	70
GCF	35.93	72
GCF	36.68	82
GCF	37.44	71
GCF	37.94	74
GCF	38.69	67
GCF	39.45	69
GCF	39.95	73
GCF	40.70	54
GCF	41.46	65
GCF	41.96	76
GCF	42.71	63
GCF	43.47	64
GCF	43.97	60
GCF	44.72	50
GCF	45.48	54
GCF	45.98	38
GCF	46.98	44
GCF	47.99	29
GCF	48.74	18
GCF	49.50	19
GCF	50.00	10
GCF	50.75	17
GCF	51.51	19
GCF	52.01	6
GCF	52.76	12
GCF	53.52	10
GCF	54.02	4
GCF	55.03	9
GCF	56.03	5
GCF	56.78	3
GCF	57.79	4
GCF	59.80	2
GCF	61.56	0
GCF	62.06	1
GCF	62.81	0
GCF	63.57	1
GCF	64.07	0
GCF	65.33	1
GCF	67.59	0
GCF	69.35	1
# GC Content of last fragments. Use `grep ^GCL | cut -f 2-` to extract this part.
GCL	5.78	0
GCL	12.06	1
GCL	14.82	0
GCL	17.34	1
GCL	18.09	3
GCL	18.84	5
GCL	19.35	3
GCL	20.35	0
GCL	21.36	1
GCL	22.11	5
GCL	22.86	11
GCL	23.37	8
GCL	24.12	9
GCL	24.87	8
GCL	25.38	11
GCL	26.13	10
GCL	26.88	21
GCL	27.39	25
GCL	28.14	29
GCL	28.89	27
GCL	29.40	34
GCL	30.15	45
GCL	30.90	33
GCL	31.41	41
GCL	32.16	51
GCL	32.91	40
GCL	33.42	69
GCL	33.92	60
GCL	34.67	73
GCL	35.43	83
GCL	35.93	65
GCL	36.68	83
GCL	37.44	73
GCL	37.94	71
GCL	38.69	76
GCL	39.45	63
GCL	39.95	66
GCL	40.70	70
GCL	41.46	66
GCL	41.96	63
GCL	42.71	60
GCL	43.47	57
GCL	43.97	50
GCL	44.72	53
GCL	45.48	57
GCL	45.98	41
GCL	46.73	48
GCL	47.49	34
GCL	47.99	26
GCL	48.74	30
GCL	49.50	26
GCL	50.00	11
GCL	50.75	13
GCL	51.51	11
GCL	52.01	12
GCL	52.76	10
GCL	53.52	6
GCL	54.02	2
GCL	54.77	9
GCL	55.53	6
GCL	56.03	7
GCL	56.78	0
GCL	57.79	5
GCL	58.79	3
GCL	59.55	2
GCL	60.05	4
GCL	60.80	2
GCL	61.56	3
GCL	62.06	1
GCL	62.81	0
GCL	63.57	1
GCL	65.08	0
GCL	66.58	2
GCL	67.84	0
GCL	69.35	1
GCL	70.10	0
GCL	70.60	2
# ACGT content per cycle. Use `grep ^GCC | cut -f 2-` to extract this part. The columns are: cycle; A,C,G,T base counts as a percentage of all A/C/G/T bases [%]; and N and O counts as a percentage of all A/C/G/T bases [%]
GCC	1	29.96	18.75	19.13	32.16	0.02	0.00
GCC	2	29.36	20.00	19.25	31.40	0.00	0.00
GCC	3	30.28	19.87	18.32	31.53	0.00	0.00
GCC	4	30.43	20.32	18.02	31.23	0.00	0.00
GCC	5	31.45	20.17	18.60	29.78	0.00	0.00
GCC	6	30.80	20.17	19.52	29.51	0.00	0.00
GCC	7	31.40	20.57	18.35	29.68	0.00	0.00
GCC	8	29.48	20.72	19.07	30.73	0.00	0.00
GCC	9	30.58	20.59	18.87	29.96	0.00	0.00
GCC	10	28.98	21.19	18.40	31.43	0.00	0.00
GCC	11	31.38	19.80	17.70	31.13	0.00	0.00
GCC	12	30.25	20.14	18.87	30.73	0.00	0.00
GCC	13	30.78	19.85	18.60	30.78	0.00	0.00
GCC	14	31.55	19.42	19.07	29.96	0.00	0.00
GCC	15	30.45	19.02	19.57	30.95	0.00	0.00
GCC	16	30.20	19.27	18.62	31.90	0.00	0.00
GCC	17	30.93	20.12	18.05	30.90	0.00	0.00
GCC	18	30.03	20.59	18.35	31.03	0.00	0.00
GCC	19	30.28	20.89	18.32	30.50	0.00	0.00
GCC	20	30.10	19.47	18.80	31.63	0.00	0.00
GCC	21	31.25	20.24	18.77	29.73	0.00	0.00
GCC	22	30.50	18.12	19.00	32.38	0.00	0.00
GCC	23	31.00	20.19	18.75	30.05	0.00	0.00
GCC	24	30.85	19.90	18.67	30.58	0.00	0.00
GCC	25	31.88	19.17	18.17	30.78	0.00	0.00
GCC	26	30.30	19.10	19.95	30.65	0.00	0.00
GCC	27	31.15	19.92	18.30	30.63	0.00	0.00
GCC	28	31.45	19.65	18.35	30.55	0.00	0.00
GCC	29	30.18	20.59	19.32	29.91	0.00	0.00
GCC	30	30.28	19.42	18.02	32.28	0.00	0.00
GCC	31	30.45	19.52	19.55	30.48	0.00	0.00
GCC	32	31.15	18.77	19.10	30.98	0.00	0.00
GCC	33	30.55	20.44	18.85	30.15	0.00	0.00
GCC	34	30.88	19.55	18.70	30.88	0.00	0.00
GCC	35	30.30	20.02	18.97	30.70	0.00	0.00
GCC	36	31.08	20.14	18.32	30.45	0.00	0.00
GCC	37	31.23	19.70	17.85	31.23	0.00	0.00
GCC	38	31.08	19.90	19.12	29.91	0.00	0.00
GCC	39	30.30	19.92	18.35	31.43	0.00	0.00
GCC	40	29.78	19.52	18.85	31.85	0.00	0.00
GCC	41	31.70	19.70	17.75	30.85	0.00	0.00
GCC	42	29.68	21.17	18.77	30.38	0.00	0.00
GCC	43	31.28	19.15	19.07	30.50	0.00	0.00
GCC	44	30.35	20.82	18.22	30.60	0.00	0.00
GCC	45	30.28	21.24	18.05	30.43	0.00	0.00
GCC	46	30.65	19.82	18.67	30.85	0.00	0.00
GCC	47	30.10	20.32	19.52	30.05	0.00	0.00
GCC	48	30.45	21.09	17.75	30.70	0.00	0.00
GCC	49	30.03	19.17	19.05	31.75	0.00	0.00
GCC	50	30.53	20.34	18.52	30.60	0.00	0.00
GCC	51	31.93	19.32	18.67	30.08	0.00	0.00
GCC	52	31.65	20.72	16.23	31.40	0.00	0.00
GCC	53	30.83	19.60	18.15	31.43	0.00	0.00
GCC	54	30.20	21.17	17.72	30.90	0.00	0.00
GCC	55	30.55	20.14	18.17	31.13	0.00	0.00
GCC	56	30.45	20.14	18.95	30.45	0.00	0.00
GCC	57	29.66	19.15	19.70	31.50	0.00	0.00
GCC	58	30.03	20.07	18.40	31.50	0.00	0.00
GCC	59	29.43	20.44	17.55	32.58	0.00	0.00
GCC	60	31.48	20.27	18.85	29.41	0.00	0.00
GCC	61	30.23	21.19	18.35	30.23	0.00	0.00
GCC	62	28.93	19.97	19.32	31.78	0.00	0.00
GCC	63	29.78	19.97	17.30	32.95	0.00	0.00
GCC	64	30.05	20.09	18.32	31.53	0.00	0.00
GCC	65	30.48	19.97	18.97	30.58	0.00	0.00
GCC	66	30.50	20.14	19.77	29.58	0.00	0.00
GCC	67	31.13	20.54	18.45	29.88	0.00	0.00
GCC	68	29.23	21.27	17.95	31.55	0.00	0.00
GCC	69	29.61	20.57	18.05	31.78	0.00	0.00
GCC	70	29.93	19.75	18.45	31.88	0.00	0.00
GCC	71	30.20	20.72	18.37	30.70	0.00	0.00
GCC	72	31.13	19.22	18.32	31.33	0.00	0.00
GCC	73	31.50	18.42	18.92	31.15	0.00	0.00
GCC	74	32.15	20.02	17.87	29.96	0.00	0.00
GCC	75	29.48	18.82	19.67	32.03	0.00	0.00
GCC	76	30.03	20.00	18.80	31.18	0.00	0.00
GCC	77	31.18	19.42	19.27	30.13	0.00	0.00
GCC	78	30.95	20.22	18.45	30.38	0.00	0.00
GCC	79	30.45	20.22	19.17	30.15	0.00	0.00
GCC	80	30.75	20.42	18.62	30.20	0.00	0.00
GCC	81	30.75	19.42	19.55	30.28	0.00	0.00
GCC	82	29.76	19.67	19.72	30.85	0.00	0.00
GCC	83	31.25	19.95	18.15	30.65	0.00	0.00
GCC	84	30.48	19.30	18.45	31.78	0.00	0.00
GCC	85	29.53	20.12	19.40	30.95	0.00	0.00
GCC	86	31.43	19.27	18.20	31.10	0.00	0.00
GCC	87	30.68	19.67	18.82	30.83	0.00	0.00
GCC	88	30.20	20.72	18.92	30.15	0.00	0.00
GCC	89	30.78	20.47	18.32	30.43	0.00	0.00
GCC	90	29.86	19.62	18.70	31.83	0.00	0.00
GCC	91	30.30	20.04	18.95	30.70	0.00	0.00
GCC	92	29.76	20.59	17.17	32.48	0.00	0.00
GCC	93	30.98	19.95	18.85	30.23	0.00	0.00
GCC	94	30.55	18.65	18.62	32.18	0.00	0.00
GCC	95	30.58	19.27	18.47	31.68	0.00	0.00
GCC	96	30.80	20.62	18.47	30.10	0.00	0.00
GCC	97	30.90	19.90	17.15	32.05	0.00	0.00
GCC	98	30.05	20.69	19.65	29.61	0.00	0.00
GCC	99	30.35	20.14	17.30	32.20	0.00	0.00
GCC	100	30.80	20.14	20.04	29.01	0.00	0.00
GCC	101	31.23	20.27	18.65	29.86	0.00	0.00
GCC	102	29.86	20.42	18.40	31.33	0.00	0.00
GCC	103	30.65	19.85	19.65	29.86	0.00	0.00
GCC	104	31.23	19.80	19.10	29.88	0.00	0.00
GCC	105	31.48	19.95	18.85	29.73	0.00	0.00
GCC	106	30.75	20.19	19.00	30.05	0.00	0.00
GCC	107	29.36	20.42	19.32	30.90	0.00	0.00
GCC	108	29.88	20.67	19.22	30.23	0.00	0.00
GCC	109	30.90	20.14	18.10	30.85	0.00	0.00
GCC	110	31.83	20.04	18.37	29.76	0.00	0.00
GCC	111	29.68	19.77	18.62	31.93	0.00	0.00
GCC	112	30.33	20.59	18.50	30.58	0.00	0.00
GCC	113	31.43	20.24	18.22	30.10	0.00	0.00
GCC	114	30.05	19.85	18.95	31.15	0.00	0.00
GCC	115	29.76	20.07	19.10	31.08	0.00	0.00
GCC	116	30.08	19.77	18.72	31.43	0.00	0.00
GCC	117	30.33	21.29	19.02	29.36	0.00	0.00
GCC	118	30.03	20.79	19.10	30.08	0.00	0.00
GCC	119	30.63	21.02	18.70	29.66	0.00	0.00
GCC	120	31.30	20.49	17.62	30.58	0.00	0.00
GCC	121	30.68	20.12	18.10	31.10	0.00	0.00
GCC	122	30.93	21.19	18.10	29.78	0.00	0.00
GCC	123	31.60	19.47	19.37	29.56	0.00	0.00
GCC	124	30.40	19.90	19.20	30.50	0.00	0.00
GCC	125	29.61	20.44	19.30	30.65	0.00	0.00
GCC	126	30.55	19.65	19.02	30.78	0.00	0.00
GCC	127	31.25	19.27	18.67	30.80	0.00	0.00
GCC	128	30.30	21.22	18.07	30.40	0.00	0.00
GCC	129	31.63	20.22	17.75	30.40	0.00	0.00
GCC	130	30.48	19.37	19.07	31.08	0.00	0.00
GCC	131	29.66	19.85	18.85	31.65	0.00	0.00
GCC	132	29.96	19.22	19.27	31.55	0.00	0.00
GCC	133	30.98	19.02	18.95	31.05	0.00	0.00
GCC	134	30.95	20.44	18.27	30.33	0.00	0.00
GCC	135	30.30	20.24	19.02	30.43	0.00	0.00
GCC	136	29.98	20.00	18.72	31.30	0.00	0.00
GCC	137	30.93	20.14	18.20	30.73	0.00	0.00
GCC	138	30.98	19.12	19.05	30.85	0.00	0.00
GCC	139	30.70	20.59	17.97	30.73	0.00	0.00
GCC	140	30.93	19.47	19.27	30.33	0.00	0.00
GCC	141	30.00	21.09	18.27	30.63	0.00	0.00
GCC	142	29.96	21.42	18.12	30.50	0.00	0.00
GCC	143	30.08	20.29	18.82	30.80	0.00	0.00
GCC	144	30.08	19.50	19.02	31.40	0.00	0.00
GCC	145	30.18	20.09	17.72	32.00	0.00	0.00
GCC	146	30.28	19.60	18.47	31.65	0.00	0.00
GCC	147	30.88	19.92	19.02	30.18	0.00	0.00
GCC	148	31.10	20.04	17.07	31.78	0.00	0.00
GCC	149	29.73	20.27	19.22	30.78	0.00	0.00
GCC	150	30.59	19.13	19.13	31.16	0.00	0.00
# ACGT content per cycle, read oriented. Use `grep ^GCT | cut -f 2-` to extract this part. The columns are: cycle; A,C,G,T base counts as a percentage of all A/C/G/T bases [%]
GCT	1	30.89	18.58	19.30	31.24
GCT	2	29.96	19.67	19.57	30.80
GCT	3	32.18	19.35	18.85	29.63
GCT	4	31.28	19.75	18.60	30.38
GCT	5	29.78	20.42	18.35	31.45
GCT	6	30.45	19.40	20.29	29.86
GCT	7	29.96	18.95	19.97	31.13
GCT	8	29.98	19.80	20.00	30.23
GCT	9	29.93	19.82	19.65	30.60
GCT	10	31.53	18.87	20.72	28.88
GCT	11	29.88	17.27	20.22	32.63
GCT	12	31.43	20.09	18.92	29.56
GCT	13	32.00	18.90	19.55	29.56
GCT	14	31.98	19.47	19.02	29.53
GCT	15	31.38	19.72	18.87	30.03
GCT	16	31.90	19.55	18.35	30.20
GCT	17	30.73	19.55	18.62	31.10
GCT	18	29.96	18.90	20.04	31.10
GCT	19	31.58	19.67	19.55	29.21
GCT	20	31.48	19.57	18.70	30.25
GCT	21	31.78	19.90	19.12	29.21
GCT	22	31.50	18.35	18.77	31.38
GCT	23	30.63	19.40	19.55	30.43
GCT	24	31.25	19.32	19.25	30.18
GCT	25	30.88	18.85	18.50	31.78
GCT	26	30.88	19.30	19.75	30.08
GCT	27	32.05	18.30	19.92	29.73
GCT	28	30.70	18.27	19.72	31.30
GCT	29	30.08	20.32	19.60	30.00
GCT	30	31.13	19.00	18.45	31.43
GCT	31	31.30	19.10	19.97	29.63
GCT	32	31.93	19.77	18.10	30.20
GCT	33	30.05	19.17	20.12	30.65
GCT	34	30.15	19.15	19.10	31.60
GCT	35	30.28	20.67	18.32	30.73
GCT	36	30.58	19.57	18.90	30.95
GCT	37	31.78	18.52	19.02	30.68
GCT	38	30.08	19.07	19.95	30.90
GCT	39	30.53	18.42	19.85	31.20
GCT	40	31.15	19.07	19.30	30.48
GCT	41	30.43	18.55	18.90	32.13
GCT	42	29.86	19.82	20.12	30.20
GCT	43	30.68	19.22	19.00	31.10
GCT	44	31.15	18.45	20.59	29.81
GCT	45	30.88	18.87	20.42	29.83
GCT	46	31.50	19.50	19.00	30.00
GCT	47	29.46	20.74	19.10	30.70
GCT	48	30.05	18.52	20.32	31.10
GCT	49	30.73	18.75	19.47	31.05
GCT	50	30.38	19.42	19.45	30.75
GCT	51	31.18	19.50	18.50	30.83
GCT	52	30.83	18.47	18.47	32.23
GCT	53	30.43	19.57	18.17	31.83
GCT	54	30.55	19.75	19.15	30.55
GCT	55	31.20	19.37	18.95	30.48
GCT	56	30.30	20.52	18.57	30.60
GCT	57	31.60	19.82	19.02	29.56
GCT	58	32.33	19.25	19.22	29.21
GCT	59	31.88	18.72	19.27	30.13
GCT	60	30.68	19.65	19.47	30.20
GCT	61	30.40	20.19	19.35	30.05
GCT	62	30.35	20.27	19.02	30.35
GCT	63	31.53	18.35	18.92	31.20
GCT	64	31.30	18.92	19.50	30.28
GCT	65	30.20	19.42	19.52	30.85
GCT	66	30.05	19.82	20.09	30.03
GCT	67	31.18	19.97	19.02	29.83
GCT	68	30.93	20.34	18.87	29.86
GCT	69	30.33	18.67	19.95	31.05
GCT	70	30.08	19.07	19.12	31.73
GCT	71	30.25	19.25	19.85	30.65
GCT	72	30.88	18.95	18.60	31.58
GCT	73	32.08	17.67	19.67	30.58
GCT	74	29.53	19.12	18.77	32.58
GCT	75	31.53	19.25	19.25	29.98
GCT	76	30.63	19.22	19.57	30.58
GCT	77	30.60	19.07	19.62	30.70
GCT	78	29.93	20.17	18.50	31.40
GCT	79	29.26	20.59	18.80	31.35
GCT	80	30.20	19.10	19.95	30.75
GCT	81	29.88	19.52	19.45	31.15
GCT	82	31.00	19.45	19.95	29.61
GCT	83	31.05	19.67	18.42	30.85
GCT	84	31.00	18.20	19.55	31.25
GCT	85	30.60	19.62	19.90	29.88
GCT	86	31.53	19.10	18.37	31.00
GCT	87	30.65	19.17	19.32	30.85
GCT	88	31.33	19.37	20.27	29.03
GCT	89	30.45	18.62	20.17	30.75
GCT	90	30.20	19.60	18.72	31.48
GCT	91	30.28	19.85	19.15	30.73
GCT	92	31.53	19.25	18.52	30.70
GCT	93	30.73	19.72	19.07	30.48
GCT	94	31.80	19.17	18.10	30.93
GCT	95	31.68	18.50	19.25	30.58
GCT	96	30.40	19.70	19.40	30.50
GCT	97	30.48	19.15	17.90	32.48
GCT	98	29.66	20.07	20.27	30.00
GCT	99	30.60	19.02	18.42	31.95
GCT	100	29.93	20.24	19.95	29.88
GCT	101	30.38	20.14	18.77	30.70
GCT	102	29.41	19.50	19.32	31.78
GCT	103	30.83	20.04	19.45	29.68
GCT	104	30.00	18.50	20.39	31.10
GCT	105	31.10	19.90	18.90	30.10
GCT	106	30.20	18.92	20.27	30.60
GCT	107	30.00	19.65	20.09	30.25
GCT	108	30.10	20.27	19.62	30.00
GCT	109	29.61	18.92	19.32	32.15
GCT	110	30.80	18.80	19.62	30.78
GCT	111	30.85	19.12	19.27	30.75
GCT	112	29.31	19.75	19.35	31.60
GCT	113	29.06	20.14	18.32	32.48
GCT	114	29.51	18.82	19.97	31.70
GCT	115	29.31	20.14	19.02	31.53
GCT	116	31.53	19.70	18.80	29.98
GCT	117	30.35	20.29	20.02	29.33
GCT	118	29.43	19.72	20.17	30.68
GCT	119	30.45	20.12	19.60	29.83
GCT	120	31.38	19.15	18.97	30.50
GCT	121	30.33	19.90	18.32	31.45
GCT	122	31.15	20.89	18.40	29.56
GCT	123	29.18	19.32	19.52	31.98
GCT	124	30.63	19.60	19.50	30.28
GCT	125	30.63	20.94	18.80	29.63
GCT	126	30.48	19.70	18.97	30.85
GCT	127	30.55	19.50	18.45	31.50
GCT	128	29.78	20.62	18.67	30.93
GCT	129	30.33	18.60	19.37	31.70
GCT	130	31.03	19.80	18.65	30.53
GCT	131	31.15	19.62	19.07	30.15
GCT	132	31.40	18.90	19.60	30.10
GCT	133	31.13	18.70	19.27	30.90
GCT	134	30.65	18.87	19.85	30.63
GCT	135	30.13	19.50	19.77	30.60
GCT	136	30.78	19.92	18.80	30.50
GCT	137	31.08	19.12	19.22	30.58
GCT	138	30.13	18.75	19.42	31.70
GCT	139	31.20	20.02	18.55	30.23
GCT	140	31.98	18.90	19.85	29.28
GCT	141	29.56	20.32	19.05	31.08
GCT	142	29.96	19.90	19.65	30.50
GCT	143	31.48	20.77	18.35	29.41
GCT	144	32.18	19.07	19.45	29.31
GCT	145	31.43	18.07	19.75	30.75
GCT	146	31.70	18.70	19.37	30.23
GCT	147	30.20	19.32	19.62	30.85
GCT	148	30.20	18.67	18.45	32.68
GCT	149	30.45	19.67	19.82	30.05
GCT	150	31.99	18.85	19.40	29.76
# ACGT content per cycle for first fragments. Use `grep ^FBC | cut -f 2-` to extract this part. The columns are: cycle; A,C,G,T base counts as a percentage of all A/C/G/T bases [%]; and N and O counts as a percentage of all A/C/G/T bases [%]
FBC	1	30.32	19.03	18.78	31.87	0.05	0.00
FBC	2	29.16	19.67	19.17	32.00	0.00	0.00
FBC	3	30.90	19.37	18.82	30.90	0.00	0.00
FBC	4	29.26	20.22	17.97	32.55	0.00	0.00
FBC	5	31.65	20.07	18.17	30.10	0.00	0.00
FBC	6	31.55	21.12	19.32	28.01	0.00	0.00
FBC	7	31.30	21.87	17.02	29.81	0.00	0.00
FBC	8	31.15	21.37	18.02	29.46	0.00	0.00
FBC	9	30.55	20.67	19.77	29.01	0.00	0.00
FBC	10	28.66	20.62	18.17	32.55	0.00	0.00
FBC	11	31.20	19.42	17.72	31.65	0.00	0.00
FBC	12	29.86	20.22	19.92	30.00	0.00	0.00
FBC	13	31.00	20.62	19.02	29.36	0.00	0.00
FBC	14	31.95	19.72	19.52	28.81	0.00	0.00
FBC	15	29.51	19.37	19.72	31.40	0.00	0.00
FBC	16	30.30	18.17	18.37	33.15	0.00	0.00
FBC	17	31.10	19.87	17.72	31.30	0.00	0.00
FBC	18	29.66	20.17	18.47	31.70	0.00	0.00
FBC	19	30.80	20.12	18.92	30.15	0.00	0.00
FBC	20	29.96	20.17	19.27	30.60	0.00	0.00
FBC	21	31.15	19.52	19.62	29.71	0.00	0.00
FBC	22	31.70	17.47	19.17	31.65	0.00	0.00
FBC	23	31.60	18.97	19.12	30.30	0.00	0.00
FBC	24	30.55	19.57	18.22	31.65	0.00	0.00
FBC	25	31.00	20.77	18.27	29.96	0.00	0.00
FBC	26	29.46	19.87	19.37	31.30	0.00	0.00
FBC	27	29.76	20.47	18.72	31.05	0.00	0.00
FBC	28	32.05	19.77	18.22	29.96	0.00	0.00
FBC	29	31.10	20.42	18.07	30.40	0.00	0.00
FBC	30	30.95	19.32	17.02	32.70	0.00	0.00
FBC	31	30.60	19.72	19.02	30.65	0.00	0.00
FBC	32	28.91	19.27	19.52	32.30	0.00	0.00
FBC	33	29.06	21.32	19.52	30.10	0.00	0.00
FBC	34	31.10	20.32	18.47	30.10	0.00	0.00
FBC	35	29.81	19.57	20.07	30.55	0.00	0.00
FBC	36	30.90	19.62	18.07	31.40	0.00	0.00
FBC	37	30.90	19.12	18.82	31.15	0.00	0.00
FBC	38	30.20	19.02	20.57	30.20	0.00	0.00
FBC	39	29.46	18.87	18.47	33.20	0.00	0.00
FBC	40	29.31	19.62	19.32	31.75	0.00	0.00
FBC	41	31.55	18.97	16.97	32.50	0.00	0.00
FBC	42	29.11	21.22	19.67	30.00	0.00	0.00
FBC	43	30.75	19.37	18.42	31.45	0.00	0.00
FBC	44	31.45	21.37	17.02	30.15	0.00	0.00
FBC	45	29.61	21.02	18.67	30.70	0.00	0.00
FBC	46	31.25	19.62	18.62	30.50	0.00	0.00
FBC	47	30.35	21.12	19.17	29.36	0.00	0.00
FBC	48	29.91	21.57	17.22	31.30	0.00	0.00
FBC	49	29.71	19.62	18.72	31.95	0.00	0.00
FBC	50	31.65	20.87	17.87	29.61	0.00	0.00
FBC	51	33.10	18.87	18.42	29.61	0.00	0.00
FBC	52	32.25	20.47	16.03	31.25	0.00	0.00
FBC	53	30.60	19.77	17.52	32.10	0.00	0.00
FBC	54	29.21	21.22	18.17	31.40	0.00	0.00
FBC	55	30.50	19.12	18.77	31.60	0.00	0.00
FBC	56	30.40	20.12	18.47	31.00	0.00	0.00
FBC	57	28.46	19.12	19.97	32.45	0.00	0.00
FBC	58	28.91	20.67	19.57	30.85	0.00	0.00
FBC	59	29.66	20.12	17.12	33.10	0.00	0.00
FBC	60	31.40	20.07	18.92	29.61	0.00	0.00
FBC	61	30.25	21.02	17.72	31.00	0.00	0.00
FBC	62	28.81	20.47	19.67	31.05	0.00	0.00
FBC	63	29.66	19.17	18.02	33.15	0.00	0.00
FBC	64	30.35	21.07	17.82	30.75	0.00	0.00
FBC	65	29.51	19.87	19.37	31.25	0.00	0.00
FBC	66	31.10	20.52	19.57	28.81	0.00	0.00
FBC	67	30.85	19.72	18.12	31.30	0.00	0.00
FBC	68	29.66	21.32	17.12	31.90	0.00	0.00
FBC	69	30.05	21.72	17.37	30.85	0.00	0.00
FBC	70	29.91	19.87	18.62	31.60	0.00	0.00
FBC	71	30.55	20.32	18.02	31.10	0.00	0.00
FBC	72	31.00	18.42	17.97	32.60	0.00	0.00
FBC	73	31.10	18.72	19.37	30.80	0.00	0.00
FBC	74	32.30	19.72	17.57	30.40	0.00	0.00
FBC	75	27.81	19.92	19.77	32.50	0.00	0.00
FBC	76	31.10	19.32	17.92	31.65	0.00	0.00
FBC	77	31.75	19.72	18.27	30.25	0.00	0.00
FBC	78	30.15	20.37	19.32	30.15	0.00	0.00
FBC	79	29.86	21.02	18.12	31.00	0.00	0.00
FBC	80	30.85	19.62	18.52	31.00	0.00	0.00
FBC	81	31.50	18.92	19.17	30.40	0.00	0.00
FBC	82	29.81	19.17	20.07	30.95	0.00	0.00
FBC	83	32.30	19.47	18.72	29.51	0.00	0.00
FBC	84	31.15	17.77	18.72	32.35	0.00	0.00
FBC	85	29.91	19.97	18.97	31.15	0.00	0.00
FBC	86	31.00	19.32	18.27	31.40	0.00	0.00
FBC	87	31.00	18.82	18.17	32.00	0.00	0.00
FBC	88	29.26	20.12	20.22	30.40	0.00	0.00
FBC	89	30.65	20.32	18.92	30.10	0.00	0.00
FBC	90	30.00	18.82	20.12	31.05	0.00	0.00
FBC	91	30.10	19.72	18.67	31.50	0.00	0.00
FBC	92	30.50	20.12	17.67	31.70	0.00	0.00
FBC	93	32.40	18.87	18.62	30.10	0.00	0.00
FBC	94	30.65	19.07	18.72	31.55	0.00	0.00
FBC	95	30.05	19.47	18.77	31.70	0.00	0.00
FBC	96	29.71	20.22	19.22	30.85	0.00	0.00
FBC	97	30.85	19.82	17.42	31.90	0.00	0.00
FBC	98	29.96	20.72	19.42	29.91	0.00	0.00
FBC	99	29.81	19.47	17.02	33.70	0.00	0.00
FBC	100	30.20	20.37	19.02	30.40	0.00	0.00
FBC	101	30.85	19.22	19.27	30.65	0.00	0.00
FBC	102	28.51	19.97	19.47	32.05	0.00	0.00
FBC	103	30.40	20.12	19.22	30.25	0.00	0.00
FBC	104	29.46	20.17	20.22	30.15	0.00	0.00
FBC	105	31.40	19.47	19.37	29.76	0.00	0.00
FBC	106	30.00	21.37	19.07	29.56	0.00	0.00
FBC	107	28.81	21.12	19.52	30.55	0.00	0.00
FBC	108	29.36	20.67	19.37	30.60	0.00	0.00
FBC	109	31.10	21.42	16.53	30.95	0.00	0.00
FBC	110	32.05	19.82	18.07	30.05	0.00	0.00
FBC	111	30.15	19.72	18.97	31.15	0.00	0.00
FBC	112	28.51	21.72	18.17	31.60	0.00	0.00
FBC	113	30.80	20.47	18.82	29.91	0.00	0.00
FBC	114	29.51	19.92	18.52	32.05	0.00	0.00
FBC	115	30.05	20.02	20.22	29.71	0.00	0.00
FBC	116	30.50	19.27	19.17	31.05	0.00	0.00
FBC	117	30.70	20.97	19.37	28.96	0.00	0.00
FBC	118	29.71	20.57	20.07	29.66	0.00	0.00
FBC	119	30.20	20.12	19.62	30.05	0.00	0.00
FBC	120	31.45	21.22	17.87	29.46	0.00	0.00
FBC	121	31.00	19.57	18.07	31.35	0.00	0.00
FBC	122	29.96	22.17	18.42	29.46	0.00	0.00
FBC	123	31.65	20.12	18.77	29.46	0.00	0.00
FBC	124	30.95	19.22	19.47	30.35	0.00	0.00
FBC	125	29.16	20.32	18.82	31.70	0.00	0.00
FBC	126	30.70	19.87	19.07	30.35	0.00	0.00
FBC	127	32.50	19.52	18.07	29.91	0.00	0.00
FBC	128	30.90	22.12	16.82	30.15	0.00	0.00
FBC	129	29.66	20.92	17.97	31.45	0.00	0.00
FBC	130	30.55	18.32	20.42	30.70	0.00	0.00
FBC	131	30.45	19.32	18.77	31.45	0.00	0.00
FBC	132	28.96	20.07	19.27	31.70	0.00	0.00
FBC	133	32.90	18.07	18.97	30.05	0.00	0.00
FBC	134	30.30	19.92	18.67	31.10	0.00	0.00
FBC	135	30.35	19.37	20.17	30.10	0.00	0.00
FBC	136	29.51	19.92	18.12	32.45	0.00	0.00
FBC	137	31.10	20.42	18.32	30.15	0.00	0.00
FBC	138	30.55	19.87	18.07	31.50	0.00	0.00
FBC	139	31.60	20.67	18.07	29.66	0.00	0.00
FBC	140	31.75	18.62	20.12	29.51	0.00	0.00
FBC	141	30.65	21.17	17.62	30.55	0.00	0.00
FBC	142	29.36	21.67	18.92	30.05	0.00	0.00
FBC	143	29.71	20.47	19.22	30.60	0.00	0.00
FBC	144	29.66	18.97	19.12	32.25	0.00	0.00
FBC	145	30.60	20.52	17.82	31.05	0.00	0.00
FBC	146	29.91	19.77	18.72	31.60	0.00	0.00
FBC	147	31.35	19.07	19.07	30.50	0.00	0.00
FBC	148	31.35	20.72	16.77	31.15	0.00	0.00
FBC	149	29.41	20.37	19.47	30.75	0.00	0.00
FBC	150	30.60	19.27	19.02	31.10	0.00	0.00
# ACGT raw counters for first fragments. Use `grep ^FTC | cut -f 2-` to extract this part. The columns are: A,C,G,T,N base counters
FTC	91485	60069	56131	92764	1
# ACGT content per cycle for last fragments. Use `grep ^LBC | cut -f 2-` to extract this part. The columns are: cycle; A,C,G,T base counts as a percentage of all A/C/G/T bases [%]; and N and O counts as a percentage of all A/C/G/T bases [%]
LBC	1	29.61	18.47	19.47	32.45	0.00	0.00
LBC	2	29.56	20.32	19.32	30.80	0.00	0.00
LBC	3	29.66	20.37	17.82	32.15	0.00	0.00
LBC	4	31.60	20.42	18.07	29.91	0.00	0.00
LBC	5	31.25	20.27	19.02	29.46	0.00	0.00
LBC	6	30.05	19.22	19.72	31.00	0.00	0.00
LBC	7	31.50	19.27	19.67	29.56	0.00	0.00
LBC	8	27.81	20.07	20.12	32.00	0.00	0.00
LBC	9	30.60	20.52	17.97	30.90	0.00	0.00
LBC	10	29.31	21.77	18.62	30.30	0.00	0.00
LBC	11	31.55	20.17	17.67	30.60	0.00	0.00
LBC	12	30.65	20.07	17.82	31.45	0.00	0.00
LBC	13	30.55	19.07	18.17	32.20	0.00	0.00
LBC	14	31.15	19.12	18.62	31.10	0.00	0.00
LBC	15	31.40	18.67	19.42	30.50	0.00	0.00
LBC	16	30.10	20.37	18.87	30.65	0.00	0.00
LBC	17	30.75	20.37	18.37	30.50	0.00	0.00
LBC	18	30.40	21.02	18.22	30.35	0.00	0.00
LBC	19	29.76	21.67	17.72	30.85	0.00	0.00
LBC	20	30.25	18.77	18.32	32.65	0.00	0.00
LBC	21	31.35	20.97	17.92	29.76	0.00	0.00
LBC	22	29.31	18.77	18.82	33.10	0.00	0.00
LBC	23	30.40	21.42	18.37	29.81	0.00	0.00
LBC	24	31.15	20.22	19.12	29.51	0.00	0.00
LBC	25	32.75	17.57	18.07	31.60	0.00	0.00
LBC	26	31.15	18.32	20.52	30.00	0.00	0.00
LBC	27	32.55	19.37	17.87	30.20	0.00	0.00
LBC	28	30.85	19.52	18.47	31.15	0.00	0.00
LBC	29	29.26	20.77	20.57	29.41	0.00	0.00
LBC	30	29.61	19.52	19.02	31.85	0.00	0.00
LBC	31	30.30	19.32	20.07	30.30	0.00	0.00
LBC	32	33.40	18.27	18.67	29.66	0.00	0.00
LBC	33	32.05	19.57	18.17	30.20	0.00	0.00
LBC	34	30.65	18.77	18.92	31.65	0.00	0.00
LBC	35	30.80	20.47	17.87	30.85	0.00	0.00
LBC	36	31.25	20.67	18.57	29.51	0.00	0.00
LBC	37	31.55	20.27	16.87	31.30	0.00	0.00
LBC	38	31.95	20.77	17.67	29.61	0.00	0.00
LBC	39	31.15	20.97	18.22	29.66	0.00	0.00
LBC	40	30.25	19.42	18.37	31.95	0.00	0.00
LBC	41	31.85	20.42	18.52	29.21	0.00	0.00
LBC	42	30.25	21.12	17.87	30.75	0.00	0.00
LBC	43	31.80	18.92	19.72	29.56	0.00	0.00
LBC	44	29.26	20.27	19.42	31.05	0.00	0.00
LBC	45	30.95	21.47	17.42	30.15	0.00	0.00
LBC	46	30.05	20.02	18.72	31.20	0.00	0.00
LBC	47	29.86	19.52	19.87	30.75	0.00	0.00
LBC	48	31.00	20.62	18.27	30.10	0.00	0.00
LBC	49	30.35	18.72	19.37	31.55	0.00	0.00
LBC	50	29.41	19.82	19.17	31.60	0.00	0.00
LBC	51	30.75	19.77	18.92	30.55	0.00	0.00
LBC	52	31.05	20.97	16.43	31.55	0.00	0.00
LBC	53	31.05	19.42	18.77	30.75	0.00	0.00
LBC	54	31.20	21.12	17.27	30.40	0.00	0.00
LBC	55	30.60	21.17	17.57	30.65	0.00	0.00
LBC	56	30.50	20.17	19.42	29.91	0.00	0.00
LBC	57	30.85	19.17	19.42	30.55	0.00	0.00
LBC	58	31.15	19.47	17.22	32.15	0.00	0.00
LBC	59	29.21	20.77	17.97	32.05	0.00	0.00
LBC	60	31.55	20.47	18.77	29.21	0.00	0.00
LBC	61	30.20	21.37	18.97	29.46	0.00	0.00
LBC	62	29.06	19.47	18.97	32.50	0.00	0.00
LBC	63	29.91	20.77	16.58	32.75	0.00	0.00
LBC	64	29.76	19.12	18.82	32.30	0.00	0.00
LBC	65	31.45	20.07	18.57	29.91	0.00	0.00
LBC	66	29.91	19.77	19.97	30.35	0.00	0.00
LBC	67	31.40	21.37	18.77	28.46	0.00	0.00
LBC	68	28.81	21.22	18.77	31.20	0.00	0.00
LBC	69	29.16	19.42	18.72	32.70	0.00	0.00
LBC	70	29.96	19.62	18.27	32.15	0.00	0.00
LBC	71	29.86	21.12	18.72	30.30	0.00	0.00
LBC	72	31.25	20.02	18.67	30.05	0.00	0.00
LBC	73	31.90	18.12	18.47	31.50	0.00	0.00
LBC	74	32.00	20.32	18.17	29.51	0.00	0.00
LBC	75	31.15	17.72	19.57	31.55	0.00	0.00
LBC	76	28.96	20.67	19.67	30.70	0.00	0.00
LBC	77	30.60	19.12	20.27	30.00	0.00	0.00
LBC	78	31.75	20.07	17.57	30.60	0.00	0.00
LBC	79	31.05	19.42	20.22	29.31	0.00	0.00
LBC	80	30.65	21.22	18.72	29.41	0.00	0.00
LBC	81	30.00	19.92	19.92	30.15	0.00	0.00
LBC	82	29.71	20.17	19.37	30.75	0.00	0.00
LBC	83	30.20	20.42	17.57	31.80	0.00	0.00
LBC	84	29.81	20.82	18.17	31.20	0.00	0.00
LBC	85	29.16	20.27	19.82	30.75	0.00	0.00
LBC	86	31.85	19.22	18.12	30.80	0.00	0.00
LBC	87	30.35	20.52	19.47	29.66	0.00	0.00
LBC	88	31.15	21.32	17.62	29.91	0.00	0.00
LBC	89	30.90	20.62	17.72	30.75	0.00	0.00
LBC	90	29.71	20.42	17.27	32.60	0.00	0.00
LBC	91	30.50	20.37	19.22	29.91	0.00	0.00
LBC	92	29.01	21.07	16.67	33.25	0.00	0.00
LBC	93	29.56	21.02	19.07	30.35	0.00	0.00
LBC	94	30.45	18.22	18.52	32.80	0.00	0.00
LBC	95	31.10	19.07	18.17	31.65	0.00	0.00
LBC	96	31.90	21.02	17.72	29.36	0.00	0.00
LBC	97	30.95	19.97	16.87	32.20	0.00	0.00
LBC	98	30.15	20.67	19.87	29.31	0.00	0.00
LBC	99	30.90	20.82	17.57	30.70	0.00	0.00
LBC	100	31.40	19.92	21.07	27.61	0.00	0.00
LBC	101	31.60	21.32	18.02	29.06	0.00	0.00
LBC	102	31.20	20.87	17.32	30.60	0.00	0.00
LBC	103	30.90	19.57	20.07	29.46	0.00	0.00
LBC	104	33.00	19.42	17.97	29.61	0.00	0.00
LBC	105	31.55	20.42	18.32	29.71	0.00	0.00
LBC	106	31.50	19.02	18.92	30.55	0.00	0.00
LBC	107	29.91	19.72	19.12	31.25	0.00	0.00
LBC	108	30.40	20.67	19.07	29.86	0.00	0.00
LBC	109	30.70	18.87	19.67	30.75	0.00	0.00
LBC	110	31.60	20.27	18.67	29.46	0.00	0.00
LBC	111	29.21	19.82	18.27	32.70	0.00	0.00
LBC	112	32.15	19.47	18.82	29.56	0.00	0.00
LBC	113	32.05	20.02	17.62	30.30	0.00	0.00
LBC	114	30.60	19.77	19.37	30.25	0.00	0.00
LBC	115	29.46	20.12	17.97	32.45	0.00	0.00
LBC	116	29.66	20.27	18.27	31.80	0.00	0.00
LBC	117	29.96	21.62	18.67	29.76	0.00	0.00
LBC	118	30.35	21.02	18.12	30.50	0.00	0.00
LBC	119	31.05	21.92	17.77	29.26	0.00	0.00
LBC	120	31.15	19.77	17.37	31.70	0.00	0.00
LBC	121	30.35	20.67	18.12	30.85	0.00	0.00
LBC	122	31.90	20.22	17.77	30.10	0.00	0.00
LBC	123	31.55	18.82	19.97	29.66	0.00	0.00
LBC	124	29.86	20.57	18.92	30.65	0.00	0.00
LBC	125	30.05	20.57	19.77	29.61	0.00	0.00
LBC	126	30.40	19.42	18.97	31.20	0.00	0.00
LBC	127	30.00	19.02	19.27	31.70	0.00	0.00
LBC	128	29.71	20.32	19.32	30.65	0.00	0.00
LBC	129	33.60	19.52	17.52	29.36	0.00	0.00
LBC	130	30.40	20.42	17.72	31.45	0.00	0.00
LBC	131	28.86	20.37	18.92	31.85	0.00	0.00
LBC	132	30.95	18.37	19.27	31.40	0.00	0.00
LBC	133	29.06	19.97	18.92	32.05	0.00	0.00
LBC	134	31.60	20.97	17.87	29.56	0.00	0.00
LBC	135	30.25	21.12	17.87	30.75	0.00	0.00
LBC	136	30.45	20.07	19.32	30.15	0.00	0.00
LBC	137	30.75	19.87	18.07	31.30	0.00	0.00
LBC	138	31.40	18.37	20.02	30.20	0.00	0.00
LBC	139	29.81	20.52	17.87	31.80	0.00	0.00
LBC	140	30.10	20.32	18.42	31.15	0.00	0.00
LBC	141	29.36	21.02	18.92	30.70	0.00	0.00
LBC	142	30.55	21.17	17.32	30.95	0.00	0.00
LBC	143	30.45	20.12	18.42	31.00	0.00	0.00
LBC	144	30.50	20.02	18.92	30.55	0.00	0.00
LBC	145	29.76	19.67	17.62	32.95	0.00	0.00
LBC	146	30.65	19.42	18.22	31.70	0.00	0.00
LBC	147	30.40	20.77	18.97	29.86	0.00	0.00
LBC	148	30.85	19.37	17.37	32.40	0.00	0.00
LBC	149	30.05	20.17	18.97	30.80	0.00	0.00
LBC	150	30.57	18.98	19.23	31.22	0.00	0.00
# ACGT raw counters for last fragments. Use `grep ^LTC | cut -f 2-` to extract this part. The columns are: A,C,G,T,N base counters
LTC	91975	60257	55865	92352	0
# Insert sizes. Use `grep ^IS | cut -f 2-` to extract this part. The columns are: insert size, pairs total, inward oriented pairs, outward oriented pairs, other pairs
IS	0	0	0	0	0
IS	1	0	0	0	0
IS	2	0	0	0	0
IS	3	0	0	0	0
IS	4	0	0	0	0
IS	5	0	0	0	0
IS	6	0	0	0	0
IS	7	0	0	0	0
IS	8	0	0	0	0
IS	9	0	0	0	0
IS	10	0	0	0	0
IS	11	0	0	0	0
IS	12	0	0	0	0
IS	13	0	0	0	0
IS	14	0	0	0	0
IS	15	0	0	0	0
IS	16	0	0	0	0
IS	17	0	0	0	0
IS	18	0	0	0	0
IS	19	0	0	0	0
IS	20	0	0	0	0
IS	21	0	0	0	0
IS	22	0	0	0	0
IS	23	0	0	0	0
IS	24	0	0	0	0
IS	25	0	0	0	0
IS	26	0	0	0	0
IS	27	0	0	0	0
IS	28	0	0	0	0
IS	29	0	0	0	0
IS	30	0	0	0	0
IS	31	0	0	0	0
IS	32	0	0	0	0
IS	33	0	0	0	0
IS	34	0	0	0	0
IS	35	0	0	0	0
IS	36	0	0	0	0
IS	37	0	0	0	0
IS	38	0	0	0	0
IS	39	0	0	0	0
IS	40	0	0	0	0
IS	41	0	0	0	0
IS	42	0	0	0	0
IS	43	0	0	0	0
IS	44	0	0	0	0
IS	45	0	0	0	0
IS	46	0	0	0	0
IS	47	0	0	0	0
IS	48	0	0	0	0
IS	49	0	0	0	0
IS	50	0	0	0	0
IS	51	0	0	0	0
IS	52	0	0	0	0
IS	53	0	0	0	0
IS	54	0	0	0	0
IS	55	0	0	0	0
IS	56	0	0	0	0
IS	57	0	0	0	0
IS	58	0	0	0	0
IS	59	0	0	0	0
IS	60	0	0	0	0
IS	61	0	0	0	0
IS	62	0	0	0	0
IS	63	0	0	0	0
IS	64	0	0	0	0
IS	65	0	0	0	0
IS	66	0	0	0	0
IS	67	0	0	0	0
IS	68	0	0	0	0
IS	69	0	0	0	0
IS	70	0	0	0	0
IS	71	0	0	0	0
IS	72	0	0	0	0
IS	73	0	0	0	0
IS	74	0	0	0	0
IS	75	0	0	0	0
IS	76	0	0	0	0
IS	77	0	0	0	0
IS	78	0	0	0	0
IS	79	0	0	0	0
IS	80	0	0	0	0
IS	81	0	0	0	0
IS	82	0	0	0	0
IS	83	0	0	0	0
IS	84	0	0	0	0
IS	85	0	0	0	0
IS	86	0	0	0	0
IS	87	0	0	0	0
IS	88	0	0	0	0
IS	89	0	0	0	0
IS	90	0	0	0	0
IS	91	0	0	0	0
IS	92	0	0	0	0
IS	93	0	0	0	0
IS	94	0	0	0	0
IS	95	0	0	0	0
IS	96	0	0	0	0
IS	97	0	0	0	0
IS	98	0	0	0	0
IS	99	0	0	0	0
IS	100	0	0	0	0
IS	101	0	0	0	0
IS	102	0	0	0	0
IS	103	0	0	0	0
IS	104	0	0	0	0
IS	105	0	0	0	0
IS	106	0	0	0	0
IS	107	0	0	0	0
IS	108	0	0	0	0
IS	109	0	0	0	0
IS	110	0	0	0	0
IS	111	0	0	0	0
IS	112	0	0	0	0
IS	113	0	0	0	0
IS	114	0	0	0	0
IS	115	0	0	0	0
IS	116	0	0	0	0
IS	117	0	0	0	0
IS	118	0	0	0	0
IS	119	0	0	0	0
IS	120	0	0	0	0
IS	121	0	0	0	0
IS	122	0	0	0	0
IS	123	0	0	0	0
IS	124	0	0	0	0
IS	125	0	0	0	0
IS	126	0	0	0	0
IS	127	0	0	0	0
IS	128	0	0	0	0
IS	129	0	0	0	0
IS	130	0	0	0	0
IS	131	0	0	0	0
IS	132	0	0	0	0
IS	133	0	0	0	0
IS	134	0	0	0	0
IS	135	0	0	0	0
IS	136	0	0	0	0
IS	137	0	0	0	0
IS	138	0	0	0	0
IS	139	0	0	0	0
IS	140	0	0	0	0
IS	141	0	0	0	0
IS	142	0	0	0	0
IS	143	0	0	0	0
IS	144	0	0	0	0
IS	145	0	0	0	0
IS	146	0	0	0	0
IS	147	0	0	0	0
IS	148	0	0	0	0
IS	149	0	0	0	0
IS	150	0	0	0	0
IS	151	0	0	0	0
IS	152	0	0	0	0
IS	153	0	0	0	0
IS	154	0	0	0	0
IS	155	0	0	0	0
IS	156	0	0	0	0
IS	157	0	0	0	0
IS	158	0	0	0	0
IS	159	0	0	0	0
IS	160	0	0	0	0
IS	161	0	0	0	0
IS	162	0	0	0	0
IS	163	0	0	0	0
IS	164	0	0	0	0
IS	165	0	0	0	0
IS	166	0	0	0	0
IS	167	0	0	0	0
IS	168	0	0	0	0
IS	169	0	0	0	0
IS	170	0	0	0	0
IS	171	0	0	0	0
IS	172	0	0	0	0
IS	173	0	0	0	0
IS	174	0	0	0	0
IS	175	0	0	0	0
IS	176	0	0	0	0
IS	177	0	0	0	0
IS	178	0	0	0	0
IS	179	0	0	0	0
IS	180	0	0	0	0
IS	181	0	0	0	0
IS	182	0	0	0	0
IS	183	0	0	0	0
IS	184	0	0	0	0
IS	185	0	0	0	0
IS	186	0	0	0	0
IS	187	0	0	0	0
IS	188	0	0	0	0
IS	189	0	0	0	0
IS	190	0	0	0	0
IS	191	0	0	0	0
IS	192	0	0	0	0
IS	193	0	0	0	0
IS	194	0	0	0	0
IS	195	0	0	0	0
IS	196	0	0	0	0
IS	197	0	0	0	0
IS	198	0	0	0	0
IS	199	0	0	0	0
IS	200	0	0	0	0
IS	201	0	0	0	0
IS	202	0	0	0	0
IS	203	0	0	0	0
IS	204	0	0	0	0
IS	205	0	0	0	0
IS	206	0	0	0	0
IS	207	0	0	0	0
IS	208	0	0	0	0
IS	209	0	0	0	0
IS	210	0	0	0	0
IS	211	0	0	0	0
IS	212	0	0	0	0
IS	213	0	0	0	0
IS	214	0	0	0	0
IS	215	0	0	0	0
IS	216	0	0	0	0
IS	217	0	0	0	0
IS	218	0	0	0	0
IS	219	0	0	0	0
IS	220	0	0	0	0
IS	221	0	0	0	0
IS	222	0	0	0	0
IS	223	0	0	0	0
IS	224	0	0	0	0
IS	225	0	0	0	0
IS	226	0	0	0	0
IS	227	0	0	0	0
IS	228	0	0	0	0
IS	229	0	0	0	0
IS	230	0	0	0	0
IS	231	0	0	0	0
IS	232	0	0	0	0
IS	233	0	0	0	0
IS	234	0	0	0	0
IS	235	0	0	0	0
IS	236	0	0	0	0
IS	237	0	0	0	0
IS	238	0	0	0	0
IS	239	0	0	0	0
IS	240	0	0	0	0
IS	241	0	0	0	0
IS	242	0	0	0	0
IS	243	0	0	0	0
IS	244	0	0	0	0
IS	245	0	0	0	0
IS	246	0	0	0	0
IS	247	0	0	0	0
IS	248	0	0	0	0
IS	249	0	0	0	0
IS	250	0	0	0	0
IS	251	0	0	0	0
IS	252	0	0	0	0
IS	253	0	0	0	0
IS	254	0	0	0	0
IS	255	0	0	0	0
IS	256	0	0	0	0
IS	257	0	0	0	0
IS	258	0	0	0	0
IS	259	0	0	0	0
IS	260	0	0	0	0
IS	261	0	0	0	0
IS	262	0	0	0	0
IS	263	0	0	0	0
IS	264	0	0	0	0
IS	265	0	0	0	0
IS	266	0	0	0	0
IS	267	0	0	0	0
IS	268	0	0	0	0
IS	269	0	0	0	0
IS	270	0	0	0	0
IS	271	0	0	0	0
IS	272	0	0	0	0
IS	273	0	0	0	0
IS	274	0	0	0	0
IS	275	0	0	0	0
IS	276	0	0	0	0
IS	277	0	0	0	0
IS	278	0	0	0	0
IS	279	0	0	0	0
IS	280	0	0	0	0
IS	281	0	0	0	0
IS	282	0	0	0	0
IS	283	0	0	0	0
IS	284	0	0	0	0
IS	285	0	0	0	0
IS	286	0	0	0	0
IS	287	0	0	0	0
IS	288	0	0	0	0
IS	289	0	0	0	0
IS	290	0	0	0	0
IS	291	0	0	0	0
IS	292	0	0	0	0
IS	293	0	0	0	0
IS	294	0	0	0	0
IS	295	0	0	0	0
IS	296	0	0	0	0
IS	297	0	0	0	0
IS	298	0	0	0	0
IS	299	0	0	0	0
IS	300	0	0	0	0
IS	301	0	0	0	0
IS	302	0	0	0	0
IS	303	0	0	0	0
IS	304	0	0	0	0
IS	305	0	0	0	0
IS	306	0	0	0	0
IS	307	0	0	0	0
IS	308	0	0	0	0
IS	309	0	0	0	0
IS	310	0	0	0	0
IS	311	0	0	0	0
IS	312	0	0	0	0
IS	313	0	0	0	0
IS	314	0	0	0	0
IS	315	0	0	0	0
IS	316	0	0	0	0
IS	317	0	0	0	0
IS	318	0	0	0	0
IS	319	0	0	0	0
IS	320	0	0	0	0
IS	321	0	0	0	0
IS	322	0	0	0	0
IS	323	0	0	0	0
IS	324	0	0	0	0
IS	325	0	0	0	0
IS	326	0	0	0	0
IS	327	0	0	0	0
IS	328	0	0	0	0
IS	329	0	0	0	0
IS	330	0	0	0	0
IS	331	0	0	0	0
IS	332	0	0	0	0
IS	333	0	0	0	0
IS	334	0	0	0	0
IS	335	0	0	0	0
IS	336	0	0	0	0
IS	337	0	0	0	0
IS	338	0	0	0	0
IS	339	0	0	0	0
IS	340	0	0	0	0
IS	341	0	0	0	0
IS	342	0	0	0	0
IS	343	0	0	0	0
IS	344	0	0	0	0
IS	345	0	0	0	0
IS	346	0	0	0	0
IS	347	0	0	0	0
IS	348	0	0	0	0
IS	349	0	0	0	0
IS	350	0	0	0	0
IS	351	0	0	0	0
IS	352	0	0	0	0
IS	353	1	1	0	0
IS	354	0	0	0	0
IS	355	0	0	0	0
IS	356	0	0	0	0
IS	357	0	0	0	0
IS	358	0	0	0	0
IS	359	1	1	0	0
IS	360	1	1	0	0
IS	361	2	2	0	0
IS	362	0	0	0	0
IS	363	0	0	0	0
IS	364	0	0	0	0
IS	365	0	0	0	0
IS	366	0	0	0	0
IS	367	1	1	0	0
IS	368	0	0	0	0
IS	369	2	2	0	0
IS	370	0	0	0	0
IS	371	0	0	0	0
IS	372	2	2	0	0
IS	373	1	1	0	0
IS	374	1	1	0	0
IS	375	0	0	0	0
IS	376	3	3	0	0
IS	377	0	0	0	0
IS	378	1	1	0	0
IS	379	0	0	0	0
IS	380	0	0	0	0
IS	381	1	1	0	0
IS	382	1	1	0	0
IS	383	1	1	0	0
IS	384	3	3	0	0
IS	385	0	0	0	0
IS	386	2	2	0	0
IS	387	0	0	0	0
IS	388	4	4	0	0
IS	389	2	2	0	0
IS	390	0	0	0	0
IS	391	2	2	0	0
IS	392	3	3	0	0
IS	393	2	2	0	0
IS	394	1	1	0	0
IS	395	1	1	0	0
IS	396	7	7	0	0
IS	397	2	2	0	0
IS	398	1	1	0	0
IS	399	2	2	0	0
IS	400	1	1	0	0
IS	401	1	1	0	0
IS	402	3	3	0	0
IS	403	0	0	0	0
IS	404	1	1	0	0
IS	405	1	1	0	0
IS	406	6	6	0	0
IS	407	2	2	0	0
IS	408	4	4	0	0
IS	409	7	7	0	0
IS	410	3	3	0	0
IS	411	2	2	0	0
IS	412	4	4	0	0
IS	413	5	5	0	0
IS	414	3	3	0	0
IS	415	5	5	0	0
IS	416	5	5	0	0
IS	417	4	4	0	0
IS	418	2	2	0	0
IS	419	5	5	0	0
IS	420	2	2	0	0
IS	421	4	4	0	0
IS	422	6	6	0	0
IS	423	9	9	0	0
IS	424	5	5	0	0
IS	425	3	3	0	0
IS	426	8	8	0	0
IS	427	5	5	0	0
IS	428	7	7	0	0
IS	429	6	6	0	0
IS	430	3	3	0	0
IS	431	7	7	0	0
IS	432	4	4	0	0
IS	433	6	6	0	0
IS	434	5	5	0	0
IS	435	8	8	0	0
IS	436	2	2	0	0
IS	437	7	7	0	0
IS	438	3	3	0	0
IS	439	7	7	0	0
IS	440	4	4	0	0
IS	441	5	5	0	0
IS	442	16	16	0	0
IS	443	4	4	0	0
IS	444	14	14	0	0
IS	445	7	7	0	0
IS	446	9	9	0	0
IS	447	10	10	0	0
IS	448	9	9	0	0
IS	449	13	13	0	0
IS	450	16	16	0	0
IS	451	12	12	0	0
IS	452	18	18	0	0
IS	453	6	6	0	0
IS	454	19	19	0	0
IS	455	16	16	0	0
IS	456	11	11	0	0
IS	457	13	13	0	0
IS	458	6	6	0	0
IS	459	6	6	0	0
IS	460	15	15	0	0
IS	461	12	12	0	0
IS	462	10	10	0	0
IS	463	10	10	0	0
IS	464	8	8	0	0
IS	465	10	10	0	0
IS	466	10	10	0	0
IS	467	8	8	0	0
IS	468	10	10	0	0
IS	469	11	11	0	0
IS	470	10	10	0	0
IS	471	13	13	0	0
IS	472	17	17	0	0
IS	473	21	21	0	0
IS	474	10	10	0	0
IS	475	10	10	0	0
IS	476	21	21	0	0
IS	477	17	17	0	0
IS	478	9	9	0	0
IS	479	12	12	0	0
IS	480	18	18	0	0
IS	481	17	17	0	0
IS	482	15	15	0	0
IS	483	25	25	0	0
IS	484	17	17	0	0
IS	485	14	14	0	0
IS	486	18	18	0	0
IS	487	14	14	0	0
IS	488	17	17	0	0
IS	489	22	22	0	0
IS	490	15	15	0	0
IS	491	17	17	0	0
IS	492	12	12	0	0
IS	493	12	12	0	0
IS	494	14	14	0	0
IS	495	11	11	0	0
IS	496	11	11	0	0
IS	497	10	10	0	0
IS	498	25	25	0	0
IS	499	16	16	0	0
IS	500	23	23	0	0
IS	501	24	24	0	0
IS	502	20	20	0	0
IS	503	23	23	0	0
IS	504	16	16	0	0
IS	505	14	14	0	0
IS	506	22	22	0	0
IS	507	16	16	0	0
IS	508	20	20	0	0
IS	509	10	10	0	0
IS	510	11	11	0	0
IS	511	17	17	0	0
IS	512	17	17	0	0
IS	513	10	10	0	0
IS	514	16	16	0	0
IS	515	15	15	0	0
IS	516	20	20	0	0
IS	517	17	17	0	0
IS	518	8	8	0	0
IS	519	14	14	0	0
IS	520	21	21	0	0
IS	521	19	19	0	0
IS	522	14	14	0	0
IS	523	9	9	0	0
IS	524	15	15	0	0
IS	525	13	13	0	0
IS	526	13	13	0	0
IS	527	11	11	0	0
IS	528	12	12	0	0
IS	529	10	10	0	0
IS	530	9	9	0	0
IS	531	19	19	0	0
IS	532	6	6	0	0
IS	533	10	10	0	0
IS	534	15	15	0	0
IS	535	17	17	0	0
IS	536	15	15	0	0
IS	537	15	15	0	0
IS	538	13	13	0	0
IS	539	8	8	0	0
IS	540	11	11	0	0
IS	541	12	12	0	0
IS	542	5	5	0	0
IS	543	13	13	0	0
IS	544	8	8	0	0
IS	545	8	8	0	0
IS	546	6	6	0	0
IS	547	8	8	0	0
IS	548	7	7	0	0
IS	549	8	8	0	0
IS	550	11	11	0	0
IS	551	7	7	0	0
IS	552	11	11	0	0
IS	553	10	10	0	0
IS	554	5	5	0	0
IS	555	14	14	0	0
IS	556	11	11	0	0
IS	557	12	12	0	0
IS	558	15	15	0	0
IS	559	9	9	0	0
IS	560	7	7	0	0
IS	561	8	8	0	0
IS	562	3	3	0	0
IS	563	6	6	0	0
IS	564	7	7	0	0
IS	565	10	10	0	0
IS	566	4	4	0	0
IS	567	5	5	0	0
IS	568	4	4	0	0
IS	569	2	2	0	0
IS	570	10	10	0	0
IS	571	9	9	0	0
IS	572	3	3	0	0
IS	573	6	6	0	0
IS	574	4	4	0	0
IS	575	6	6	0	0
IS	576	3	3	0	0
IS	577	6	6	0	0
IS	578	5	5	0	0
IS	579	8	8	0	0
IS	580	4	4	0	0
IS	581	5	5	0	0
IS	582	3	3	0	0
IS	583	0	0	0	0
IS	584	4	4	0	0
IS	585	1	1	0	0
IS	586	4	4	0	0
IS	587	4	4	0	0
IS	588	4	4	0	0
IS	589	2	2	0	0
IS	590	4	4	0	0
IS	591	3	3	0	0
IS	592	4	4	0	0
IS	593	3	3	0	0
IS	594	4	4	0	0
IS	595	3	3	0	0
IS	596	3	3	0	0
IS	597	3	3	0	0
IS	598	0	0	0	0
IS	599	0	0	0	0
IS	600	4	4	0	0
IS	601	0	0	0	0
IS	602	3	3	0	0
IS	603	1	1	0	0
IS	604	0	0	0	0
IS	605	0	0	0	0
IS	606	1	1	0	0
IS	607	0	0	0	0
IS	608	1	1	0	0
IS	609	3	3	0	0
IS	610	3	3	0	0
IS	611	1	1	0	0
IS	612	2	2	0	0
IS	613	1	1	0	0
IS	614	1	1	0	0
# Read lengths. Use `grep ^RL | cut -f 2-` to extract this part. The columns are: read length, count
RL	149	1
RL	150	4005
# Read lengths - first fragments. Use `grep ^FRL | cut -f 2-` to extract this part. The columns are: read length, count
FRL	150	2003
# Read lengths - last fragments. Use `grep ^LRL | cut -f 2-` to extract this part. The columns are: read length, count
LRL	149	1
LRL	150	2002
# Mapping qualities for reads !(UNMAP|SECOND|SUPPL|QCFAIL|DUP). Use `grep ^MAPQ | cut -f 2-` to extract this part. The columns are: mapq, count
MAPQ	0	14
MAPQ	3	2
MAPQ	9	2
MAPQ	27	10
MAPQ	33	1
MAPQ	39	2
MAPQ	40	32
MAPQ	45	2
MAPQ	48	43
MAPQ	50	5
MAPQ	51	1
MAPQ	57	12
MAPQ	60	3880
# Indel distribution. Use `grep ^ID | cut -f 2-` to extract this part. The columns are: length, number of insertions, number of deletions
# Indels per cycle. Use `grep ^IC | cut -f 2-` to extract this part. The columns are: cycle, number of insertions (fwd), .. (rev) , number of deletions (fwd), .. (rev)
# Coverage distribution. Use `grep ^COV | cut -f 2-` to extract this part.
COV	[1-1]	1	4469
COV	[2-2]	2	9679
COV	[3-3]	3	15064
COV	[4-4]	4	20081
COV	[5-5]	5	19834
COV	[6-6]	6	16838
COV	[7-7]	7	12676
COV	[8-8]	8	9057
COV	[9-9]	9	5388
COV	[10-10]	10	2232
COV	[11-11]	11	917
COV	[12-12]	12	345
COV	[13-13]	13	249
COV	[14-14]	14	88
COV	[15-15]	15	44
# GC-depth. Use `grep ^GCD | cut -f 2-` to extract this part. The columns are: GC%, unique sequence percentiles, 10th, 25th, 50th, 75th and 90th depth percentile
GCD	0.0	15.385	0.000	0.000	0.000	0.000	0.000
GCD	37.0	30.769	2.505	2.505	2.505	2.505	2.505
GCD	38.0	46.154	2.490	2.490	2.497	2.505	2.505
GCD	39.0	84.615	2.505	2.505	2.505	2.505	2.505
GCD	40.0	92.308	2.505	2.505	2.505	2.505	2.505
GCD	46.0	100.000	2.505	2.505	2.505	2.505	2.505
