# This file was produced by samtools stats (1.20+htslib-1.21) and can be plotted using plot-bamstats
# This file contains statistics for all reads.
# The command line was:  stats sample3836.sorted.group.rmdup.bam
# CHK, Checksum	[2]Read Names	[3]Sequences	[4]Qualities
# CHK, CRC32 of reads which passed filtering followed by addition (32bit overflow)
CHK	c5d689ee	96b9d078	aa5d711b
# Summary Numbers. Use `grep ^SN | cut -f 2-` to extract this part.
SN	raw total sequences:	4006	# excluding supplementary and secondary reads
SN	filtered sequences:	0
SN	sequences:	4006
SN	is sorted:	1
SN	1st fragments:	2003
SN	last fragments:	2003
SN	reads mapped:	4006
SN	reads mapped and paired:	4006	# paired-end technology bit set + both mates mapped
SN	reads unmapped:	0
SN	reads properly paired:	4006	# proper-pair bit set
SN	reads paired:	4006	# paired-end technology bit set
SN	reads duplicated:	0	# PCR or optical duplicate bit set
SN	reads MQ0:	20	# mapped and MQ=0
SN	reads QC failed:	0
SN	non-primary alignments:	0
SN	supplementary alignments:	0
SN	total length:	600897	# ignores clipping
SN	total first fragment length:	300447	# ignores clipping
SN	total last fragment length:	300450	# ignores clipping
SN	bases mapped:	600897	# ignores clipping
SN	bases mapped (cigar):	600897	# more accurate
SN	bases trimmed:	0
SN	bases duplicated:	0
SN	mismatches:	991	# from NM fields
SN	error rate:	1.649201e-03	# mismatches / bases mapped (cigar)
SN	average length:	150
SN	average first fragment length:	150
SN	average last fragment length:	150
SN	maximum length:	150
SN	maximum first fragment length:	150
SN	maximum last fragment length:	150
SN	average quality:	30.0
SN	insert size average:	498.0
SN	insert size standard deviation:	49.7
SN	inward oriented pairs:	2003
SN	outward oriented pairs:	0
SN	pairs with other orientation:	0
SN	pairs on different chromosomes:	0
SN	percentage of properly paired reads (%):	100.0
# First Fragment Qualities. Use `grep ^FFQ | cut -f 2-` to extract this part.
# Columns correspond to qualities and rows to cycles. First column is the cycle number.
FFQ	1	0	0	0	0	0	0	0	0	0	0	0	0	0	0	0	0	0	0	0	0	0	0	0	0	0	0	0	0	0	0	2003	0
FFQ	2	0	0	0	0	0	0	0	0	0	0	0	0	0	0	0	0	0	0	0	0	0	0	0	0	0	0	0	0	0	0	2003	0
FFQ	3	0	0	0	0	0	0	0	0	0	0	0	0	0	0	0	0	0	0	0	0	0	0	0	0	0	0	0	0	0	0	2003	0
FFQ	4	0	0	0	0	0	0	0	0	0	0	0	0	0	0	0	0	0	0	0	0	0	0	0	0	0	0	0	0	0	0	2003	0
FFQ	5	0	0	0	0	0	0	0	0	0	0	0	0	0	0	0	0	0	0	0	0	0	0	0	0	0	0	0	0	0	0	2003	0
FFQ	6	0	0	0	0	0	0	0	0	0	0	0	0	0	0	0	0	0	0	0	0	0	0	0	0	0	0	0	0	0	0	2003	0
FFQ	7	0	0	0	0	0	0	0	0	0	0	0	0	0	0	0	0	0	0	0	0	0	0	0	0	0	0	0	0	0	0	2003	0
FFQ	8	0	0	0	0	0	0	0	0	0	0	0	0	0	0	0	0	0	0	0	0	0	0	0	0	0	0	0	0	0	0	2003	0
FFQ	9	0	0	0	0	0	0	0	0	0	0	0	0	0	0	0	0	0	0	0	0	0	0	0	0	0	0	0	0	0	0	2003	0
FFQ	10	0	0	0	0	0	0	0	0	0	0	0	0	0	0	0	0	0	0	0	0	0	0	0	0	0	0	0	0	0	0	2003	0
FFQ	11	0	0	0	0	0	0	0	0	0	0	0	0	0	0	0	0	0	0	0	0	0	0	0	0	0	0	0	0	0	0	2003	0
FFQ	12	0	0	0	0	0	0	0	0	0	0	0	0	0	0	0	0	0	0	0	0	0	0	0	0	0	0	0	0	0	0	2003	0
FFQ	13	0	0	0	0	0	0	0	0	0	0	0	0	0	0	0	0	0	0	0	0	0	0	0	0	0	0	0	0	0	0	2003	0
FFQ	14	0	0	0	0	0	0	0	0	0	0	0	0	0	0	0	0	0	0	0	0	0	0	0	0	0	0	0	0	0	0	2003	0
FFQ	15	0	0	0	0	0	0	0	0	0	0	0	0	0	0	0	0	0	0	0	0	0	0	0	0	0	0	0	0	0	0	2003	0
FFQ	16	0	0	0	0	0	0	0	0	0	0	0	0	0	0	0	0	0	0	0	0	0	0	0	0	0	0	0	0	0	0	2003	0
FFQ	17	0	0	0	0	0	0	0	0	0	0	0	0	0	0	0	0	0	0	0	0	0	0	0	0	0	0	0	0	0	0	2003	0
FFQ	18	0	0	0	0	0	0	0	0	0	0	0	0	0	0	0	0	0	0	0	0	0	0	0	0	0	0	0	0	0	0	2003	0
FFQ	19	0	0	0	0	0	0	0	0	0	0	0	0	0	0	0	0	0	0	0	0	0	0	0	0	0	0	0	0	0	0	2003	0
FFQ	20	0	0	0	0	0	0	0	0	0	0	0	0	0	0	0	0	0	0	0	0	0	0	0	0	0	0	0	0	0	0	2003	0
FFQ	21	0	0	0	0	0	0	0	0	0	0	0	0	0	0	0	0	0	0	0	0	0	0	0	0	0	0	0	0	0	0	2003	0
FFQ	22	0	0	0	0	0	0	0	0	0	0	0	0	0	0	0	0	0	0	0	0	0	0	0	0	0	0	0	0	0	0	2003	0
FFQ	23	0	0	0	0	0	0	0	0	0	0	0	0	0	0	0	0	0	0	0	0	0	0	0	0	0	0	0	0	0	0	2003	0
FFQ	24	0	0	0	0	0	0	0	0	0	0	0	0	0	0	0	0	0	0	0	0	0	0	0	0	0	0	0	0	0	0	2003	0
FFQ	25	0	0	0	0	0	0	0	0	0	0	0	0	0	0	0	0	0	0	0	0	0	0	0	0	0	0	0	0	0	0	2003	0
FFQ	26	0	0	0	0	0	0	0	0	0	0	0	0	0	0	0	0	0	0	0	0	0	0	0	0	0	0	0	0	0	0	2003	0
FFQ	27	0	0	0	0	0	0	0	0	0	0	0	0	0	0	0	0	0	0	0	0	0	0	0	0	0	0	0	0	0	0	2003	0
FFQ	28	0	0	0	0	0	0	0	0	0	0	0	0	0	0	0	0	0	0	0	0	0	0	0	0	0	0	0	0	0	0	2003	0
FFQ	29	0	0	0	0	0	0	0	0	0	0	0	0	0	0	0	0	0	0	0	0	0	0	0	0	0	0	0	0	0	0	2003	0
FFQ	30	0	0	0	0	0	0	0	0	0	0	0	0	0	0	0	0	0	0	0	0	0	0	0	0	0	0	0	0	0	0	2003	0
FFQ	31	0	0	0	0	0	0	0	0	0	0	0	0	0	0	0	0	0	0	0	0	0	0	0	0	0	0	0	0	0	0	2003	0
FFQ	32	0	0	0	0	0	0	0	0	0	0	0	0	0	0	0	0	0	0	0	0	0	0	0	0	0	0	0	0	0	0	2003	0
FFQ	33	0	0	0	0	0	0	0	0	0	0	0	0	0	0	0	0	0	0	0	0	0	0	0	0	0	0	0	0	0	0	2003	0
FFQ	34	0	0	0	0	0	0	0	0	0	0	0	0	0	0	0	0	0	0	0	0	0	0	0	0	0	0	0	0	0	0	2003	0
FFQ	35	0	0	0	0	0	0	0	0	0	0	0	0	0	0	0	0	0	0	0	0	0	0	0	0	0	0	0	0	0	0	2003	0
FFQ	36	0	0	0	0	0	0	0	0	0	0	0	0	0	0	0	0	0	0	0	0	0	0	0	0	0	0	0	0	0	0	2003	0
FFQ	37	0	0	0	0	0	0	0	0	0	0	0	0	0	0	0	0	0	0	0	0	0	0	0	0	0	0	0	0	0	0	2003	0
FFQ	38	0	0	0	0	0	0	0	0	0	0	0	0	0	0	0	0	0	0	0	0	0	0	0	0	0	0	0	0	0	0	2003	0
FFQ	39	0	0	0	0	0	0	0	0	0	0	0	0	0	0	0	0	0	0	0	0	0	0	0	0	0	0	0	0	0	0	2003	0
FFQ	40	0	0	0	0	0	0	0	0	0	0	0	0	0	0	0	0	0	0	0	0	0	0	0	0	0	0	0	0	0	0	2003	0
FFQ	41	0	0	0	0	0	0	0	0	0	0	0	0	0	0	0	0	0	0	0	0	0	0	0	0	0	0	0	0	0	0	2003	0
FFQ	42	0	0	0	0	0	0	0	0	0	0	0	0	0	0	0	0	0	0	0	0	0	0	0	0	0	0	0	0	0	0	2003	0
FFQ	43	0	0	0	0	0	0	0	0	0	0	0	0	0	0	0	0	0	0	0	0	0	0	0	0	0	0	0	0	0	0	2003	0
FFQ	44	0	0	0	0	0	0	0	0	0	0	0	0	0	0	0	0	0	0	0	0	0	0	0	0	0	0	0	0	0	0	2003	0
FFQ	45	0	0	0	0	0	0	0	0	0	0	0	0	0	0	0	0	0	0	0	0	0	0	0	0	0	0	0	0	0	0	2003	0
FFQ	46	0	0	0	0	0	0	0	0	0	0	0	0	0	0	0	0	0	0	0	0	0	0	0	0	0	0	0	0	0	0	2003	0
FFQ	47	0	0	0	0	0	0	0	0	0	0	0	0	0	0	0	0	0	0	0	0	0	0	0	0	0	0	0	0	0	0	2003	0
FFQ	48	0	0	0	0	0	0	0	0	0	0	0	0	0	0	0	0	0	0	0	0	0	0	0	0	0	0	0	0	0	0	2003	0
FFQ	49	0	0	0	0	0	0	0	0	0	0	0	0	0	0	0	0	0	0	0	0	0	0	0	0	0	0	0	0	0	0	2003	0
FFQ	50	0	0	0	0	0	0	0	0	0	0	0	0	0	0	0	0	0	0	0	0	0	0	0	0	0	0	0	0	0	0	2003	0
FFQ	51	0	0	0	0	0	0	0	0	0	0	0	0	0	0	0	0	0	0	0	0	0	0	0	0	0	0	0	0	0	0	2003	0
FFQ	52	0	0	0	0	0	0	0	0	0	0	0	0	0	0	0	0	0	0	0	0	0	0	0	0	0	0	0	0	0	0	2003	0
FFQ	53	0	0	0	0	0	0	0	0	0	0	0	0	0	0	0	0	0	0	0	0	0	0	0	0	0	0	0	0	0	0	2003	0
FFQ	54	0	0	0	0	0	0	0	0	0	0	0	0	0	0	0	0	0	0	0	0	0	0	0	0	0	0	0	0	0	0	2003	0
FFQ	55	0	0	0	0	0	0	0	0	0	0	0	0	0	0	0	0	0	0	0	0	0	0	0	0	0	0	0	0	0	0	2003	0
FFQ	56	0	0	0	0	0	0	0	0	0	0	0	0	0	0	0	0	0	0	0	0	0	0	0	0	0	0	0	0	0	0	2003	0
FFQ	57	0	0	0	0	0	0	0	0	0	0	0	0	0	0	0	0	0	0	0	0	0	0	0	0	0	0	0	0	0	0	2003	0
FFQ	58	0	0	0	0	0	0	0	0	0	0	0	0	0	0	0	0	0	0	0	0	0	0	0	0	0	0	0	0	0	0	2003	0
FFQ	59	0	0	0	0	0	0	0	0	0	0	0	0	0	0	0	0	0	0	0	0	0	0	0	0	0	0	0	0	0	0	2003	0
FFQ	60	0	0	0	0	0	0	0	0	0	0	0	0	0	0	0	0	0	0	0	0	0	0	0	0	0	0	0	0	0	0	2003	0
FFQ	61	0	0	0	0	0	0	0	0	0	0	0	0	0	0	0	0	0	0	0	0	0	0	0	0	0	0	0	0	0	0	2003	0
FFQ	62	0	0	0	0	0	0	0	0	0	0	0	0	0	0	0	0	0	0	0	0	0	0	0	0	0	0	0	0	0	0	2003	0
FFQ	63	0	0	0	0	0	0	0	0	0	0	0	0	0	0	0	0	0	0	0	0	0	0	0	0	0	0	0	0	0	0	2003	0
FFQ	64	0	0	0	0	0	0	0	0	0	0	0	0	0	0	0	0	0	0	0	0	0	0	0	0	0	0	0	0	0	0	2003	0
FFQ	65	0	0	0	0	0	0	0	0	0	0	0	0	0	0	0	0	0	0	0	0	0	0	0	0	0	0	0	0	0	0	2003	0
FFQ	66	0	0	0	0	0	0	0	0	0	0	0	0	0	0	0	0	0	0	0	0	0	0	0	0	0	0	0	0	0	0	2003	0
FFQ	67	0	0	0	0	0	0	0	0	0	0	0	0	0	0	0	0	0	0	0	0	0	0	0	0	0	0	0	0	0	0	2003	0
FFQ	68	0	0	0	0	0	0	0	0	0	0	0	0	0	0	0	0	0	0	0	0	0	0	0	0	0	0	0	0	0	0	2003	0
FFQ	69	0	0	0	0	0	0	0	0	0	0	0	0	0	0	0	0	0	0	0	0	0	0	0	0	0	0	0	0	0	0	2003	0
FFQ	70	0	0	0	0	0	0	0	0	0	0	0	0	0	0	0	0	0	0	0	0	0	0	0	0	0	0	0	0	0	0	2003	0
FFQ	71	0	0	0	0	0	0	0	0	0	0	0	0	0	0	0	0	0	0	0	0	0	0	0	0	0	0	0	0	0	0	2003	0
FFQ	72	0	0	0	0	0	0	0	0	0	0	0	0	0	0	0	0	0	0	0	0	0	0	0	0	0	0	0	0	0	0	2003	0
FFQ	73	0	0	0	0	0	0	0	0	0	0	0	0	0	0	0	0	0	0	0	0	0	0	0	0	0	0	0	0	0	0	2003	0
FFQ	74	0	0	0	0	0	0	0	0	0	0	0	0	0	0	0	0	0	0	0	0	0	0	0	0	0	0	0	0	0	0	2003	0
FFQ	75	0	0	0	0	0	0	0	0	0	0	0	0	0	0	0	0	0	0	0	0	0	0	0	0	0	0	0	0	0	0	2003	0
FFQ	76	0	0	0	0	0	0	0	0	0	0	0	0	0	0	0	0	0	0	0	0	0	0	0	0	0	0	0	0	0	0	2003	0
FFQ	77	0	0	0	0	0	0	0	0	0	0	0	0	0	0	0	0	0	0	0	0	0	0	0	0	0	0	0	0	0	0	2003	0
FFQ	78	0	0	0	0	0	0	0	0	0	0	0	0	0	0	0	0	0	0	0	0	0	0	0	0	0	0	0	0	0	0	2003	0
FFQ	79	0	0	0	0	0	0	0	0	0	0	0	0	0	0	0	0	0	0	0	0	0	0	0	0	0	0	0	0	0	0	2003	0
FFQ	80	0	0	0	0	0	0	0	0	0	0	0	0	0	0	0	0	0	0	0	0	0	0	0	0	0	0	0	0	0	0	2003	0
FFQ	81	0	0	0	0	0	0	0	0	0	0	0	0	0	0	0	0	0	0	0	0	0	0	0	0	0	0	0	0	0	0	2003	0
FFQ	82	0	0	0	0	0	0	0	0	0	0	0	0	0	0	0	0	0	0	0	0	0	0	0	0	0	0	0	0	0	0	2003	0
FFQ	83	0	0	0	0	0	0	0	0	0	0	0	0	0	0	0	0	0	0	0	0	0	0	0	0	0	0	0	0	0	0	2003	0
FFQ	84	0	0	0	0	0	0	0	0	0	0	0	0	0	0	0	0	0	0	0	0	0	0	0	0	0	0	0	0	0	0	2003	0
FFQ	85	0	0	0	0	0	0	0	0	0	0	0	0	0	0	0	0	0	0	0	0	0	0	0	0	0	0	0	0	0	0	2003	0
FFQ	86	0	0	0	0	0	0	0	0	0	0	0	0	0	0	0	0	0	0	0	0	0	0	0	0	0	0	0	0	0	0	2003	0
FFQ	87	0	0	0	0	0	0	0	0	0	0	0	0	0	0	0	0	0	0	0	0	0	0	0	0	0	0	0	0	0	0	2003	0
FFQ	88	0	0	0	0	0	0	0	0	0	0	0	0	0	0	0	0	0	0	0	0	0	0	0	0	0	0	0	0	0	0	2003	0
FFQ	89	0	0	0	0	0	0	0	0	0	0	0	0	0	0	0	0	0	0	0	0	0	0	0	0	0	0	0	0	0	0	2003	0
FFQ	90	0	0	0	0	0	0	0	0	0	0	0	0	0	0	0	0	0	0	0	0	0	0	0	0	0	0	0	0	0	0	2003	0
FFQ	91	0	0	0	0	0	0	0	0	0	0	0	0	0	0	0	0	0	0	0	0	0	0	0	0	0	0	0	0	0	0	2003	0
FFQ	92	0	0	0	0	0	0	0	0	0	0	0	0	0	0	0	0	0	0	0	0	0	0	0	0	0	0	0	0	0	0	2003	0
FFQ	93	0	0	0	0	0	0	0	0	0	0	0	0	0	0	0	0	0	0	0	0	0	0	0	0	0	0	0	0	0	0	2003	0
FFQ	94	0	0	0	0	0	0	0	0	0	0	0	0	0	0	0	0	0	0	0	0	0	0	0	0	0	0	0	0	0	0	2003	0
FFQ	95	0	0	0	0	0	0	0	0	0	0	0	0	0	0	0	0	0	0	0	0	0	0	0	0	0	0	0	0	0	0	2003	0
FFQ	96	0	0	0	0	0	0	0	0	0	0	0	0	0	0	0	0	0	0	0	0	0	0	0	0	0	0	0	0	0	0	2003	0
FFQ	97	0	0	0	0	0	0	0	0	0	0	0	0	0	0	0	0	0	0	0	0	0	0	0	0	0	0	0	0	0	0	2003	0
FFQ	98	0	0	0	0	0	0	0	0	0	0	0	0	0	0	0	0	0	0	0	0	0	0	0	0	0	0	0	0	0	0	2003	0
FFQ	99	0	0	0	0	0	0	0	0	0	0	0	0	0	0	0	0	0	0	0	0	0	0	0	0	0	0	0	0	0	0	2003	0
FFQ	100	0	0	0	0	0	0	0	0	0	0	0	0	0	0	0	0	0	0	0	0	0	0	0	0	0	0	0	0	0	0	2003	0
FFQ	101	0	0	0	0	0	0	0	0	0	0	0	0	0	0	0	0	0	0	0	0	0	0	0	0	0	0	0	0	0	0	2003	0
FFQ	102	0	0	0	0	0	0	0	0	0	0	0	0	0	0	0	0	0	0	0	0	0	0	0	0	0	0	0	0	0	0	2003	0
FFQ	103	0	0	0	0	0	0	0	0	0	0	0	0	0	0	0	0	0	0	0	0	0	0	0	0	0	0	0	0	0	0	2003	0
FFQ	104	0	0	0	0	0	0	0	0	0	0	0	0	0	0	0	0	0	0	0	0	0	0	0	0	0	0	0	0	0	0	2003	0
FFQ	105	0	0	0	0	0	0	0	0	0	0	0	0	0	0	0	0	0	0	0	0	0	0	0	0	0	0	0	0	0	0	2003	0
FFQ	106	0	0	0	0	0	0	0	0	0	0	0	0	0	0	0	0	0	0	0	0	0	0	0	0	0	0	0	0	0	0	2003	0
FFQ	107	0	0	0	0	0	0	0	0	0	0	0	0	0	0	0	0	0	0	0	0	0	0	0	0	0	0	0	0	0	0	2003	0
FFQ	108	0	0	0	0	0	0	0	0	0	0	0	0	0	0	0	0	0	0	0	0	0	0	0	0	0	0	0	0	0	0	2003	0
FFQ	109	0	0	0	0	0	0	0	0	0	0	0	0	0	0	0	0	0	0	0	0	0	0	0	0	0	0	0	0	0	0	2003	0
FFQ	110	0	0	0	0	0	0	0	0	0	0	0	0	0	0	0	0	0	0	0	0	0	0	0	0	0	0	0	0	0	0	2003	0
FFQ	111	0	0	0	0	0	0	0	0	0	0	0	0	0	0	0	0	0	0	0	0	0	0	0	0	0	0	0	0	0	0	2003	0
FFQ	112	0	0	0	0	0	0	0	0	0	0	0	0	0	0	0	0	0	0	0	0	0	0	0	0	0	0	0	0	0	0	2003	0
FFQ	113	0	0	0	0	0	0	0	0	0	0	0	0	0	0	0	0	0	0	0	0	0	0	0	0	0	0	0	0	0	0	2003	0
FFQ	114	0	0	0	0	0	0	0	0	0	0	0	0	0	0	0	0	0	0	0	0	0	0	0	0	0	0	0	0	0	0	2003	0
FFQ	115	0	0	0	0	0	0	0	0	0	0	0	0	0	0	0	0	0	0	0	0	0	0	0	0	0	0	0	0	0	0	2003	0
FFQ	116	0	0	0	0	0	0	0	0	0	0	0	0	0	0	0	0	0	0	0	0	0	0	0	0	0	0	0	0	0	0	2003	0
FFQ	117	0	0	0	0	0	0	0	0	0	0	0	0	0	0	0	0	0	0	0	0	0	0	0	0	0	0	0	0	0	0	2003	0
FFQ	118	0	0	0	0	0	0	0	0	0	0	0	0	0	0	0	0	0	0	0	0	0	0	0	0	0	0	0	0	0	0	2003	0
FFQ	119	0	0	0	0	0	0	0	0	0	0	0	0	0	0	0	0	0	0	0	0	0	0	0	0	0	0	0	0	0	0	2003	0
FFQ	120	0	0	0	0	0	0	0	0	0	0	0	0	0	0	0	0	0	0	0	0	0	0	0	0	0	0	0	0	0	0	2003	0
FFQ	121	0	0	0	0	0	0	0	0	0	0	0	0	0	0	0	0	0	0	0	0	0	0	0	0	0	0	0	0	0	0	2003	0
FFQ	122	0	0	0	0	0	0	0	0	0	0	0	0	0	0	0	0	0	0	0	0	0	0	0	0	0	0	0	0	0	0	2003	0
FFQ	123	0	0	0	0	0	0	0	0	0	0	0	0	0	0	0	0	0	0	0	0	0	0	0	0	0	0	0	0	0	0	2003	0
FFQ	124	0	0	0	0	0	0	0	0	0	0	0	0	0	0	0	0	0	0	0	0	0	0	0	0	0	0	0	0	0	0	2003	0
FFQ	125	0	0	0	0	0	0	0	0	0	0	0	0	0	0	0	0	0	0	0	0	0	0	0	0	0	0	0	0	0	0	2003	0
FFQ	126	0	0	0	0	0	0	0	0	0	0	0	0	0	0	0	0	0	0	0	0	0	0	0	0	0	0	0	0	0	0	2003	0
FFQ	127	0	0	0	0	0	0	0	0	0	0	0	0	0	0	0	0	0	0	0	0	0	0	0	0	0	0	0	0	0	0	2003	0
FFQ	128	0	0	0	0	0	0	0	0	0	0	0	0	0	0	0	0	0	0	0	0	0	0	0	0	0	0	0	0	0	0	2003	0
FFQ	129	0	0	0	0	0	0	0	0	0	0	0	0	0	0	0	0	0	0	0	0	0	0	0	0	0	0	0	0	0	0	2003	0
FFQ	130	0	0	0	0	0	0	0	0	0	0	0	0	0	0	0	0	0	0	0	0	0	0	0	0	0	0	0	0	0	0	2003	0
FFQ	131	0	0	0	0	0	0	0	0	0	0	0	0	0	0	0	0	0	0	0	0	0	0	0	0	0	0	0	0	0	0	2003	0
FFQ	132	0	0	0	0	0	0	0	0	0	0	0	0	0	0	0	0	0	0	0	0	0	0	0	0	0	0	0	0	0	0	2003	0
FFQ	133	0	0	0	0	0	0	0	0	0	0	0	0	0	0	0	0	0	0	0	0	0	0	0	0	0	0	0	0	0	0	2003	0
FFQ	134	0	0	0	0	0	0	0	0	0	0	0	0	0	0	0	0	0	0	0	0	0	0	0	0	0	0	0	0	0	0	2003	0
FFQ	135	0	0	0	0	0	0	0	0	0	0	0	0	0	0	0	0	0	0	0	0	0	0	0	0	0	0	0	0	0	0	2003	0
FFQ	136	0	0	0	0	0	0	0	0	0	0	0	0	0	0	0	0	0	0	0	0	0	0	0	0	0	0	0	0	0	0	2003	0
FFQ	137	0	0	0	0	0	0	0	0	0	0	0	0	0	0	0	0	0	0	0	0	0	0	0	0	0	0	0	0	0	0	2003	0
FFQ	138	0	0	0	0	0	0	0	0	0	0	0	0	0	0	0	0	0	0	0	0	0	0	0	0	0	0	0	0	0	0	2003	0
FFQ	139	0	0	0	0	0	0	0	0	0	0	0	0	0	0	0	0	0	0	0	0	0	0	0	0	0	0	0	0	0	0	2003	0
FFQ	140	0	0	0	0	0	0	0	0	0	0	0	0	0	0	0	0	0	0	0	0	0	0	0	0	0	0	0	0	0	0	2003	0
FFQ	141	0	0	0	0	0	0	0	0	0	0	0	0	0	0	0	0	0	0	0	0	0	0	0	0	0	0	0	0	0	0	2003	0
FFQ	142	0	0	0	0	0	0	0	0	0	0	0	0	0	0	0	0	0	0	0	0	0	0	0	0	0	0	0	0	0	0	2003	0
FFQ	143	0	0	0	0	0	0	0	0	0	0	0	0	0	0	0	0	0	0	0	0	0	0	0	0	0	0	0	0	0	0	2003	0
FFQ	144	0	0	0	0	0	0	0	0	0	0	0	0	0	0	0	0	0	0	0	0	0	0	0	0	0	0	0	0	0	0	2003	0
FFQ	145	0	0	0	0	0	0	0	0	0	0	0	0	0	0	0	0	0	0	0	0	0	0	0	0	0	0	0	0	0	0	2003	0
FFQ	146	0	0	0	0	0	0	0	0	0	0	0	0	0	0	0	0	0	0	0	0	0	0	0	0	0	0	0	0	0	0	2003	0
FFQ	147	0	0	0	0	0	0	0	0	0	0	0	0	0	0	0	0	0	0	0	0	0	0	0	0	0	0	0	0	0	0	2003	0
FFQ	148	0	0	0	0	0	0	0	0	0	0	0	0	0	0	0	0	0	0	0	0	0	0	0	0	0	0	0	0	0	0	2002	0
FFQ	149	0	0	0	0	0	0	0	0	0	0	0	0	0	0	0	0	0	0	0	0	0	0	0	0	0	0	0	0	0	0	2002	0
FFQ	150	0	0	0	0	0	0	0	0	0	0	0	0	0	0	0	0	0	0	0	0	0	0	0	0	0	0	0	0	0	0	2002	0
# Last Fragment Qualities. Use `grep ^LFQ | cut -f 2-` to extract this part.
# Columns correspond to qualities and rows to cycles. First column is the cycle number.
LFQ	1	0	0	0	0	0	0	0	0	0	0	0	0	0	0	0	0	0	0	0	0	0	0	0	0	0	0	0	0	0	0	2003	0
LFQ	2	0	0	0	0	0	0	0	0	0	0	0	0	0	0	0	0	0	0	0	0	0	0	0	0	0	0	0	0	0	0	2003	0
LFQ	3	0	0	0	0	0	0	0	0	0	0	0	0	0	0	0	0	0	0	0	0	0	0	0	0	0	0	0	0	0	0	2003	0
LFQ	4	0	0	0	0	0	0	0	0	0	0	0	0	0	0	0	0	0	0	0	0	0	0	0	0	0	0	0	0	0	0	2003	0
LFQ	5	0	0	0	0	0	0	0	0	0	0	0	0	0	0	0	0	0	0	0	0	0	0	0	0	0	0	0	0	0	0	2003	0
LFQ	6	0	0	0	0	0	0	0	0	0	0	0	0	0	0	0	0	0	0	0	0	0	0	0	0	0	0	0	0	0	0	2003	0
LFQ	7	0	0	0	0	0	0	0	0	0	0	0	0	0	0	0	0	0	0	0	0	0	0	0	0	0	0	0	0	0	0	2003	0
LFQ	8	0	0	0	0	0	0	0	0	0	0	0	0	0	0	0	0	0	0	0	0	0	0	0	0	0	0	0	0	0	0	2003	0
LFQ	9	0	0	0	0	0	0	0	0	0	0	0	0	0	0	0	0	0	0	0	0	0	0	0	0	0	0	0	0	0	0	2003	0
LFQ	10	0	0	0	0	0	0	0	0	0	0	0	0	0	0	0	0	0	0	0	0	0	0	0	0	0	0	0	0	0	0	2003	0
LFQ	11	0	0	0	0	0	0	0	0	0	0	0	0	0	0	0	0	0	0	0	0	0	0	0	0	0	0	0	0	0	0	2003	0
LFQ	12	0	0	0	0	0	0	0	0	0	0	0	0	0	0	0	0	0	0	0	0	0	0	0	0	0	0	0	0	0	0	2003	0
LFQ	13	0	0	0	0	0	0	0	0	0	0	0	0	0	0	0	0	0	0	0	0	0	0	0	0	0	0	0	0	0	0	2003	0
LFQ	14	0	0	0	0	0	0	0	0	0	0	0	0	0	0	0	0	0	0	0	0	0	0	0	0	0	0	0	0	0	0	2003	0
LFQ	15	0	0	0	0	0	0	0	0	0	0	0	0	0	0	0	0	0	0	0	0	0	0	0	0	0	0	0	0	0	0	2003	0
LFQ	16	0	0	0	0	0	0	0	0	0	0	0	0	0	0	0	0	0	0	0	0	0	0	0	0	0	0	0	0	0	0	2003	0
LFQ	17	0	0	0	0	0	0	0	0	0	0	0	0	0	0	0	0	0	0	0	0	0	0	0	0	0	0	0	0	0	0	2003	0
LFQ	18	0	0	0	0	0	0	0	0	0	0	0	0	0	0	0	0	0	0	0	0	0	0	0	0	0	0	0	0	0	0	2003	0
LFQ	19	0	0	0	0	0	0	0	0	0	0	0	0	0	0	0	0	0	0	0	0	0	0	0	0	0	0	0	0	0	0	2003	0
LFQ	20	0	0	0	0	0	0	0	0	0	0	0	0	0	0	0	0	0	0	0	0	0	0	0	0	0	0	0	0	0	0	2003	0
LFQ	21	0	0	0	0	0	0	0	0	0	0	0	0	0	0	0	0	0	0	0	0	0	0	0	0	0	0	0	0	0	0	2003	0
LFQ	22	0	0	0	0	0	0	0	0	0	0	0	0	0	0	0	0	0	0	0	0	0	0	0	0	0	0	0	0	0	0	2003	0
LFQ	23	0	0	0	0	0	0	0	0	0	0	0	0	0	0	0	0	0	0	0	0	0	0	0	0	0	0	0	0	0	0	2003	0
LFQ	24	0	0	0	0	0	0	0	0	0	0	0	0	0	0	0	0	0	0	0	0	0	0	0	0	0	0	0	0	0	0	2003	0
LFQ	25	0	0	0	0	0	0	0	0	0	0	0	0	0	0	0	0	0	0	0	0	0	0	0	0	0	0	0	0	0	0	2003	0
LFQ	26	0	0	0	0	0	0	0	0	0	0	0	0	0	0	0	0	0	0	0	0	0	0	0	0	0	0	0	0	0	0	2003	0
LFQ	27	0	0	0	0	0	0	0	0	0	0	0	0	0	0	0	0	0	0	0	0	0	0	0	0	0	0	0	0	0	0	2003	0
LFQ	28	0	0	0	0	0	0	0	0	0	0	0	0	0	0	0	0	0	0	0	0	0	0	0	0	0	0	0	0	0	0	2003	0
LFQ	29	0	0	0	0	0	0	0	0	0	0	0	0	0	0	0	0	0	0	0	0	0	0	0	0	0	0	0	0	0	0	2003	0
LFQ	30	0	0	0	0	0	0	0	0	0	0	0	0	0	0	0	0	0	0	0	0	0	0	0	0	0	0	0	0	0	0	2003	0
LFQ	31	0	0	0	0	0	0	0	0	0	0	0	0	0	0	0	0	0	0	0	0	0	0	0	0	0	0	0	0	0	0	2003	0
LFQ	32	0	0	0	0	0	0	0	0	0	0	0	0	0	0	0	0	0	0	0	0	0	0	0	0	0	0	0	0	0	0	2003	0
LFQ	33	0	0	0	0	0	0	0	0	0	0	0	0	0	0	0	0	0	0	0	0	0	0	0	0	0	0	0	0	0	0	2003	0
LFQ	34	0	0	0	0	0	0	0	0	0	0	0	0	0	0	0	0	0	0	0	0	0	0	0	0	0	0	0	0	0	0	2003	0
LFQ	35	0	0	0	0	0	0	0	0	0	0	0	0	0	0	0	0	0	0	0	0	0	0	0	0	0	0	0	0	0	0	2003	0
LFQ	36	0	0	0	0	0	0	0	0	0	0	0	0	0	0	0	0	0	0	0	0	0	0	0	0	0	0	0	0	0	0	2003	0
LFQ	37	0	0	0	0	0	0	0	0	0	0	0	0	0	0	0	0	0	0	0	0	0	0	0	0	0	0	0	0	0	0	2003	0
LFQ	38	0	0	0	0	0	0	0	0	0	0	0	0	0	0	0	0	0	0	0	0	0	0	0	0	0	0	0	0	0	0	2003	0
LFQ	39	0	0	0	0	0	0	0	0	0	0	0	0	0	0	0	0	0	0	0	0	0	0	0	0	0	0	0	0	0	0	2003	0
LFQ	40	0	0	0	0	0	0	0	0	0	0	0	0	0	0	0	0	0	0	0	0	0	0	0	0	0	0	0	0	0	0	2003	0
LFQ	41	0	0	0	0	0	0	0	0	0	0	0	0	0	0	0	0	0	0	0	0	0	0	0	0	0	0	0	0	0	0	2003	0
LFQ	42	0	0	0	0	0	0	0	0	0	0	0	0	0	0	0	0	0	0	0	0	0	0	0	0	0	0	0	0	0	0	2003	0
LFQ	43	0	0	0	0	0	0	0	0	0	0	0	0	0	0	0	0	0	0	0	0	0	0	0	0	0	0	0	0	0	0	2003	0
LFQ	44	0	0	0	0	0	0	0	0	0	0	0	0	0	0	0	0	0	0	0	0	0	0	0	0	0	0	0	0	0	0	2003	0
LFQ	45	0	0	0	0	0	0	0	0	0	0	0	0	0	0	0	0	0	0	0	0	0	0	0	0	0	0	0	0	0	0	2003	0
LFQ	46	0	0	0	0	0	0	0	0	0	0	0	0	0	0	0	0	0	0	0	0	0	0	0	0	0	0	0	0	0	0	2003	0
LFQ	47	0	0	0	0	0	0	0	0	0	0	0	0	0	0	0	0	0	0	0	0	0	0	0	0	0	0	0	0	0	0	2003	0
LFQ	48	0	0	0	0	0	0	0	0	0	0	0	0	0	0	0	0	0	0	0	0	0	0	0	0	0	0	0	0	0	0	2003	0
LFQ	49	0	0	0	0	0	0	0	0	0	0	0	0	0	0	0	0	0	0	0	0	0	0	0	0	0	0	0	0	0	0	2003	0
LFQ	50	0	0	0	0	0	0	0	0	0	0	0	0	0	0	0	0	0	0	0	0	0	0	0	0	0	0	0	0	0	0	2003	0
LFQ	51	0	0	0	0	0	0	0	0	0	0	0	0	0	0	0	0	0	0	0	0	0	0	0	0	0	0	0	0	0	0	2003	0
LFQ	52	0	0	0	0	0	0	0	0	0	0	0	0	0	0	0	0	0	0	0	0	0	0	0	0	0	0	0	0	0	0	2003	0
LFQ	53	0	0	0	0	0	0	0	0	0	0	0	0	0	0	0	0	0	0	0	0	0	0	0	0	0	0	0	0	0	0	2003	0
LFQ	54	0	0	0	0	0	0	0	0	0	0	0	0	0	0	0	0	0	0	0	0	0	0	0	0	0	0	0	0	0	0	2003	0
LFQ	55	0	0	0	0	0	0	0	0	0	0	0	0	0	0	0	0	0	0	0	0	0	0	0	0	0	0	0	0	0	0	2003	0
LFQ	56	0	0	0	0	0	0	0	0	0	0	0	0	0	0	0	0	0	0	0	0	0	0	0	0	0	0	0	0	0	0	2003	0
LFQ	57	0	0	0	0	0	0	0	0	0	0	0	0	0	0	0	0	0	0	0	0	0	0	0	0	0	0	0	0	0	0	2003	0
LFQ	58	0	0	0	0	0	0	0	0	0	0	0	0	0	0	0	0	0	0	0	0	0	0	0	0	0	0	0	0	0	0	2003	0
LFQ	59	0	0	0	0	0	0	0	0	0	0	0	0	0	0	0	0	0	0	0	0	0	0	0	0	0	0	0	0	0	0	2003	0
LFQ	60	0	0	0	0	0	0	0	0	0	0	0	0	0	0	0	0	0	0	0	0	0	0	0	0	0	0	0	0	0	0	2003	0
LFQ	61	0	0	0	0	0	0	0	0	0	0	0	0	0	0	0	0	0	0	0	0	0	0	0	0	0	0	0	0	0	0	2003	0
LFQ	62	0	0	0	0	0	0	0	0	0	0	0	0	0	0	0	0	0	0	0	0	0	0	0	0	0	0	0	0	0	0	2003	0
LFQ	63	0	0	0	0	0	0	0	0	0	0	0	0	0	0	0	0	0	0	0	0	0	0	0	0	0	0	0	0	0	0	2003	0
LFQ	64	0	0	0	0	0	0	0	0	0	0	0	0	0	0	0	0	0	0	0	0	0	0	0	0	0	0	0	0	0	0	2003	0
LFQ	65	0	0	0	0	0	0	0	0	0	0	0	0	0	0	0	0	0	0	0	0	0	0	0	0	0	0	0	0	0	0	2003	0
LFQ	66	0	0	0	0	0	0	0	0	0	0	0	0	0	0	0	0	0	0	0	0	0	0	0	0	0	0	0	0	0	0	2003	0
LFQ	67	0	0	0	0	0	0	0	0	0	0	0	0	0	0	0	0	0	0	0	0	0	0	0	0	0	0	0	0	0	0	2003	0
LFQ	68	0	0	0	0	0	0	0	0	0	0	0	0	0	0	0	0	0	0	0	0	0	0	0	0	0	0	0	0	0	0	2003	0
LFQ	69	0	0	0	0	0	0	0	0	0	0	0	0	0	0	0	0	0	0	0	0	0	0	0	0	0	0	0	0	0	0	2003	0
LFQ	70	0	0	0	0	0	0	0	0	0	0	0	0	0	0	0	0	0	0	0	0	0	0	0	0	0	0	0	0	0	0	2003	0
LFQ	71	0	0	0	0	0	0	0	0	0	0	0	0	0	0	0	0	0	0	0	0	0	0	0	0	0	0	0	0	0	0	2003	0
LFQ	72	0	0	0	0	0	0	0	0	0	0	0	0	0	0	0	0	0	0	0	0	0	0	0	0	0	0	0	0	0	0	2003	0
LFQ	73	0	0	0	0	0	0	0	0	0	0	0	0	0	0	0	0	0	0	0	0	0	0	0	0	0	0	0	0	0	0	2003	0
LFQ	74	0	0	0	0	0	0	0	0	0	0	0	0	0	0	0	0	0	0	0	0	0	0	0	0	0	0	0	0	0	0	2003	0
LFQ	75	0	0	0	0	0	0	0	0	0	0	0	0	0	0	0	0	0	0	0	0	0	0	0	0	0	0	0	0	0	0	2003	0
LFQ	76	0	0	0	0	0	0	0	0	0	0	0	0	0	0	0	0	0	0	0	0	0	0	0	0	0	0	0	0	0	0	2003	0
LFQ	77	0	0	0	0	0	0	0	0	0	0	0	0	0	0	0	0	0	0	0	0	0	0	0	0	0	0	0	0	0	0	2003	0
LFQ	78	0	0	0	0	0	0	0	0	0	0	0	0	0	0	0	0	0	0	0	0	0	0	0	0	0	0	0	0	0	0	2003	0
LFQ	79	0	0	0	0	0	0	0	0	0	0	0	0	0	0	0	0	0	0	0	0	0	0	0	0	0	0	0	0	0	0	2003	0
LFQ	80	0	0	0	0	0	0	0	0	0	0	0	0	0	0	0	0	0	0	0	0	0	0	0	0	0	0	0	0	0	0	2003	0
LFQ	81	0	0	0	0	0	0	0	0	0	0	0	0	0	0	0	0	0	0	0	0	0	0	0	0	0	0	0	0	0	0	2003	0
LFQ	82	0	0	0	0	0	0	0	0	0	0	0	0	0	0	0	0	0	0	0	0	0	0	0	0	0	0	0	0	0	0	2003	0
LFQ	83	0	0	0	0	0	0	0	0	0	0	0	0	0	0	0	0	0	0	0	0	0	0	0	0	0	0	0	0	0	0	2003	0
LFQ	84	0	0	0	0	0	0	0	0	0	0	0	0	0	0	0	0	0	0	0	0	0	0	0	0	0	0	0	0	0	0	2003	0
LFQ	85	0	0	0	0	0	0	0	0	0	0	0	0	0	0	0	0	0	0	0	0	0	0	0	0	0	0	0	0	0	0	2003	0
LFQ	86	0	0	0	0	0	0	0	0	0	0	0	0	0	0	0	0	0	0	0	0	0	0	0	0	0	0	0	0	0	0	2003	0
LFQ	87	0	0	0	0	0	0	0	0	0	0	0	0	0	0	0	0	0	0	0	0	0	0	0	0	0	0	0	0	0	0	2003	0
LFQ	88	0	0	0	0	0	0	0	0	0	0	0	0	0	0	0	0	0	0	0	0	0	0	0	0	0	0	0	0	0	0	2003	0
LFQ	89	0	0	0	0	0	0	0	0	0	0	0	0	0	0	0	0	0	0	0	0	0	0	0	0	0	0	0	0	0	0	2003	0
LFQ	90	0	0	0	0	0	0	0	0	0	0	0	0	0	0	0	0	0	0	0	0	0	0	0	0	0	0	0	0	0	0	2003	0
LFQ	91	0	0	0	0	0	0	0	0	0	0	0	0	0	0	0	0	0	0	0	0	0	0	0	0	0	0	0	0	0	0	2003	0
LFQ	92	0	0	0	0	0	0	0	0	0	0	0	0	0	0	0	0	0	0	0	0	0	0	0	0	0	0	0	0	0	0	2003	0
LFQ	93	0	0	0	0	0	0	0	0	0	0	0	0	0	0	0	0	0	0	0	0	0	0	0	0	0	0	0	0	0	0	2003	0
LFQ	94	0	0	0	0	0	0	0	0	0	0	0	0	0	0	0	0	0	0	0	0	0	0	0	0	0	0	0	0	0	0	2003	0
LFQ	95	0	0	0	0	0	0	0	0	0	0	0	0	0	0	0	0	0	0	0	0	0	0	0	0	0	0	0	0	0	0	2003	0
LFQ	96	0	0	0	0	0	0	0	0	0	0	0	0	0	0	0	0	0	0	0	0	0	0	0	0	0	0	0	0	0	0	2003	0
LFQ	97	0	0	0	0	0	0	0	0	0	0	0	0	0	0	0	0	0	0	0	0	0	0	0	0	0	0	0	0	0	0	2003	0
LFQ	98	0	0	0	0	0	0	0	0	0	0	0	0	0	0	0	0	0	0	0	0	0	0	0	0	0	0	0	0	0	0	2003	0
LFQ	99	0	0	0	0	0	0	0	0	0	0	0	0	0	0	0	0	0	0	0	0	0	0	0	0	0	0	0	0	0	0	2003	0
LFQ	100	0	0	0	0	0	0	0	0	0	0	0	0	0	0	0	0	0	0	0	0	0	0	0	0	0	0	0	0	0	0	2003	0
LFQ	101	0	0	0	0	0	0	0	0	0	0	0	0	0	0	0	0	0	0	0	0	0	0	0	0	0	0	0	0	0	0	2003	0
LFQ	102	0	0	0	0	0	0	0	0	0	0	0	0	0	0	0	0	0	0	0	0	0	0	0	0	0	0	0	0	0	0	2003	0
LFQ	103	0	0	0	0	0	0	0	0	0	0	0	0	0	0	0	0	0	0	0	0	0	0	0	0	0	0	0	0	0	0	2003	0
LFQ	104	0	0	0	0	0	0	0	0	0	0	0	0	0	0	0	0	0	0	0	0	0	0	0	0	0	0	0	0	0	0	2003	0
LFQ	105	0	0	0	0	0	0	0	0	0	0	0	0	0	0	0	0	0	0	0	0	0	0	0	0	0	0	0	0	0	0	2003	0
LFQ	106	0	0	0	0	0	0	0	0	0	0	0	0	0	0	0	0	0	0	0	0	0	0	0	0	0	0	0	0	0	0	2003	0
LFQ	107	0	0	0	0	0	0	0	0	0	0	0	0	0	0	0	0	0	0	0	0	0	0	0	0	0	0	0	0	0	0	2003	0
LFQ	108	0	0	0	0	0	0	0	0	0	0	0	0	0	0	0	0	0	0	0	0	0	0	0	0	0	0	0	0	0	0	2003	0
LFQ	109	0	0	0	0	0	0	0	0	0	0	0	0	0	0	0	0	0	0	0	0	0	0	0	0	0	0	0	0	0	0	2003	0
LFQ	110	0	0	0	0	0	0	0	0	0	0	0	0	0	0	0	0	0	0	0	0	0	0	0	0	0	0	0	0	0	0	2003	0
LFQ	111	0	0	0	0	0	0	0	0	0	0	0	0	0	0	0	0	0	0	0	0	0	0	0	0	0	0	0	0	0	0	2003	0
LFQ	112	0	0	0	0	0	0	0	0	0	0	0	0	0	0	0	0	0	0	0	0	0	0	0	0	0	0	0	0	0	0	2003	0
LFQ	113	0	0	0	0	0	0	0	0	0	0	0	0	0	0	0	0	0	0	0	0	0	0	0	0	0	0	0	0	0	0	2003	0
LFQ	114	0	0	0	0	0	0	0	0	0	0	0	0	0	0	0	0	0	0	0	0	0	0	0	0	0	0	0	0	0	0	2003	0
LFQ	115	0	0	0	0	0	0	0	0	0	0	0	0	0	0	0	0	0	0	0	0	0	0	0	0	0	0	0	0	0	0	2003	0
LFQ	116	0	0	0	0	0	0	0	0	0	0	0	0	0	0	0	0	0	0	0	0	0	0	0	0	0	0	0	0	0	0	2003	0
LFQ	117	0	0	0	0	0	0	0	0	0	0	0	0	0	0	0	0	0	0	0	0	0	0	0	0	0	0	0	0	0	0	2003	0
LFQ	118	0	0	0	0	0	0	0	0	0	0	0	0	0	0	0	0	0	0	0	0	0	0	0	0	0	0	0	0	0	0	2003	0
LFQ	119	0	0	0	0	0	0	0	0	0	0	0	0	0	0	0	0	0	0	0	0	0	0	0	0	0	0	0	0	0	0	2003	0
LFQ	120	0	0	0	0	0	0	0	0	0	0	0	0	0	0	0	0	0	0	0	0	0	0	0	0	0	0	0	0	0	0	2003	0
LFQ	121	0	0	0	0	0	0	0	0	0	0	0	0	0	0	0	0	0	0	0	0	0	0	0	0	0	0	0	0	0	0	2003	0
LFQ	122	0	0	0	0	0	0	0	0	0	0	0	0	0	0	0	0	0	0	0	0	0	0	0	0	0	0	0	0	0	0	2003	0
LFQ	123	0	0	0	0	0	0	0	0	0	0	0	0	0	0	0	0	0	0	0	0	0	0	0	0	0	0	0	0	0	0	2003	0
LFQ	124	0	0	0	0	0	0	0	0	0	0	0	0	0	0	0	0	0	0	0	0	0	0	0	0	0	0	0	0	0	0	2003	0
LFQ	125	0	0	0	0	0	0	0	0	0	0	0	0	0	0	0	0	0	0	0	0	0	0	0	0	0	0	0	0	0	0	2003	0
LFQ	126	0	0	0	0	0	0	0	0	0	0	0	0	0	0	0	0	0	0	0	0	0	0	0	0	0	0	0	0	0	0	2003	0
LFQ	127	0	0	0	0	0	0	0	0	0	0	0	0	0	0	0	0	0	0	0	0	0	0	0	0	0	0	0	0	0	0	2003	0
LFQ	128	0	0	0	0	0	0	0	0	0	0	0	0	0	0	0	0	0	0	0	0	0	0	0	0	0	0	0	0	0	0	2003	0
LFQ	129	0	0	0	0	0	0	0	0	0	0	0	0	0	0	0	0	0	0	0	0	0	0	0	0	0	0	0	0	0	0	2003	0
LFQ	130	0	0	0	0	0	0	0	0	0	0	0	0	0	0	0	0	0	0	0	0	0	0	0	0	0	0	0	0	0	0	2003	0
LFQ	131	0	0	0	0	0	0	0	0	0	0	0	0	0	0	0	0	0	0	0	0	0	0	0	0	0	0	0	0	0	0	2003	0
LFQ	132	0	0	0	0	0	0	0	0	0	0	0	0	0	0	0	0	0	0	0	0	0	0	0	0	0	0	0	0	0	0	2003	0
LFQ	133	0	0	0	0	0	0	0	0	0	0	0	0	0	0	0	0	0	0	0	0	0	0	0	0	0	0	0	0	0	0	2003	0
LFQ	134	0	0	0	0	0	0	0	0	0	0	0	0	0	0	0	0	0	0	0	0	0	0	0	0	0	0	0	0	0	0	2003	0
LFQ	135	0	0	0	0	0	0	0	0	0	0	0	0	0	0	0	0	0	0	0	0	0	0	0	0	0	0	0	0	0	0	2003	0
LFQ	136	0	0	0	0	0	0	0	0	0	0	0	0	0	0	0	0	0	0	0	0	0	0	0	0	0	0	0	0	0	0	2003	0
LFQ	137	0	0	0	0	0	0	0	0	0	0	0	0	0	0	0	0	0	0	0	0	0	0	0	0	0	0	0	0	0	0	2003	0
LFQ	138	0	0	0	0	0	0	0	0	0	0	0	0	0	0	0	0	0	0	0	0	0	0	0	0	0	0	0	0	0	0	2003	0
LFQ	139	0	0	0	0	0	0	0	0	0	0	0	0	0	0	0	0	0	0	0	0	0	0	0	0	0	0	0	0	0	0	2003	0
LFQ	140	0	0	0	0	0	0	0	0	0	0	0	0	0	0	0	0	0	0	0	0	0	0	0	0	0	0	0	0	0	0	2003	0
LFQ	141	0	0	0	0	0	0	0	0	0	0	0	0	0	0	0	0	0	0	0	0	0	0	0	0	0	0	0	0	0	0	2003	0
LFQ	142	0	0	0	0	0	0	0	0	0	0	0	0	0	0	0	0	0	0	0	0	0	0	0	0	0	0	0	0	0	0	2003	0
LFQ	143	0	0	0	0	0	0	0	0	0	0	0	0	0	0	0	0	0	0	0	0	0	0	0	0	0	0	0	0	0	0	2003	0
LFQ	144	0	0	0	0	0	0	0	0	0	0	0	0	0	0	0	0	0	0	0	0	0	0	0	0	0	0	0	0	0	0	2003	0
LFQ	145	0	0	0	0	0	0	0	0	0	0	0	0	0	0	0	0	0	0	0	0	0	0	0	0	0	0	0	0	0	0	2003	0
LFQ	146	0	0	0	0	0	0	0	0	0	0	0	0	0	0	0	0	0	0	0	0	0	0	0	0	0	0	0	0	0	0	2003	0
LFQ	147	0	0	0	0	0	0	0	0	0	0	0	0	0	0	0	0	0	0	0	0	0	0	0	0	0	0	0	0	0	0	2003	0
LFQ	148	0	0	0	0	0	0	0	0	0	0	0	0	0	0	0	0	0	0	0	0	0	0	0	0	0	0	0	0	0	0	2003	0
LFQ	149	0	0	0	0	0	0	0	0	0	0	0	0	0	0	0	0	0	0	0	0	0	0	0	0	0	0	0	0	0	0	2003	0
LFQ	150	0	0	0	0	0	0	0	0	0	0	0	0	0	0	0	0	0	0	0	0	0	0	0	0	0	0	0	0	0	0	2003	0
# GC Content of first fragments. Use `grep ^GCF | cut -f 2-` to extract this part.
GCF	7.54	0
GCF	15.33	1
GCF	17.09	0
GCF	19.10	1
GCF	20.10	2
GCF	20.85	0
GCF	21.36	2
GCF	22.11	5
GCF	22.86	3
GCF	23.37	12
GCF	24.12	11
GCF	24.87	12
GCF	25.38	15
GCF	26.13	19
GCF	26.88	17
GCF	27.39	23
GCF	28.14	21
GCF	28.89	32
GCF	29.40	33
GCF	30.15	36
GCF	30.90	43
GCF	31.41	39
GCF	32.16	45
GCF	32.91	56
GCF	33.42	52
GCF	33.92	74
GCF	34.67	75
GCF	35.43	80
GCF	35.93	62
GCF	36.68	87
GCF	37.69	64
GCF	38.69	88
GCF	39.45	84
GCF	39.95	68
GCF	40.70	54
GCF	41.46	73
GCF	41.96	51
GCF	42.71	49
GCF	43.47	54
GCF	43.97	56
GCF	44.72	53
GCF	45.48	43
GCF	45.98	47
GCF	46.73	37
GCF	47.49	52
GCF	47.99	25
GCF	48.74	35
GCF	49.50	15
GCF	50.00	13
GCF	50.75	20
GCF	51.51	13
GCF	52.01	20
GCF	52.76	7
GCF	53.52	6
GCF	54.02	5
GCF	54.77	4
GCF	55.53	10
GCF	56.53	5
GCF	58.54	4
GCF	60.80	1
GCF	62.56	0
GCF	63.57	2
GCF	65.08	0
GCF	67.09	1
GCF	68.34	0
GCF	69.35	1
# GC Content of last fragments. Use `grep ^GCL | cut -f 2-` to extract this part.
GCL	3.77	0
GCL	8.04	1
GCL	13.07	0
GCL	18.34	2
GCL	19.85	1
GCL	20.85	2
GCL	21.36	5
GCL	22.11	4
GCL	22.86	3
GCL	23.37	8
GCL	24.12	6
GCL	24.87	5
GCL	25.38	17
GCL	26.38	16
GCL	27.39	17
GCL	28.14	15
GCL	28.89	31
GCL	29.90	39
GCL	30.90	23
GCL	31.41	46
GCL	32.16	50
GCL	32.91	56
GCL	33.42	50
GCL	33.92	69
GCL	34.67	57
GCL	35.43	88
GCL	35.93	75
GCL	36.68	81
GCL	37.44	69
GCL	38.44	68
GCL	39.45	87
GCL	39.95	92
GCL	40.70	59
GCL	41.46	63
GCL	41.96	49
GCL	42.71	60
GCL	43.47	44
GCL	43.97	54
GCL	44.72	59
GCL	45.48	49
GCL	45.98	50
GCL	46.73	37
GCL	47.49	32
GCL	47.99	31
GCL	48.74	17
GCL	49.50	28
GCL	50.00	20
GCL	50.75	26
GCL	51.51	15
GCL	52.01	13
GCL	52.76	9
GCL	53.52	10
GCL	54.02	8
GCL	54.77	3
GCL	55.53	8
GCL	56.03	7
GCL	56.78	8
GCL	57.79	4
GCL	58.79	2
GCL	59.55	6
GCL	60.05	4
GCL	61.06	1
GCL	62.06	3
GCL	63.07	1
GCL	64.07	0
GCL	64.82	3
GCL	65.83	0
GCL	66.58	3
GCL	67.59	0
GCL	68.59	1
GCL	69.60	0
GCL	70.60	1
# ACGT content per cycle. Use `grep ^GCC | cut -f 2-` to extract this part. The columns are: cycle; A,C,G,T base counts as a percentage of all A/C/G/T bases [%]; and N and O counts as a percentage of all A/C/G/T bases [%]
GCC	1	31.40	18.65	18.65	31.30	0.00	0.00
GCC	2	30.88	20.67	18.92	29.53	0.00	0.00
GCC	3	30.30	21.24	18.37	30.08	0.00	0.00
GCC	4	30.90	19.85	18.52	30.73	0.00	0.00
GCC	5	30.28	19.97	19.10	30.65	0.00	0.00
GCC	6	29.03	19.42	19.45	32.10	0.00	0.00
GCC	7	30.58	19.80	18.67	30.95	0.00	0.00
GCC	8	29.83	20.37	19.17	30.63	0.00	0.00
GCC	9	31.25	19.97	19.25	29.53	0.00	0.00
GCC	10	30.65	20.44	18.62	30.28	0.00	0.00
GCC	11	28.81	19.95	20.47	30.78	0.00	0.00
GCC	12	31.10	19.30	19.50	30.10	0.00	0.00
GCC	13	30.58	20.54	19.27	29.61	0.00	0.00
GCC	14	31.28	19.85	18.50	30.38	0.00	0.00
GCC	15	30.00	20.67	18.70	30.63	0.00	0.00
GCC	16	30.08	19.72	18.95	31.25	0.00	0.00
GCC	17	30.13	19.95	19.57	30.35	0.00	0.00
GCC	18	31.13	19.87	18.87	30.13	0.00	0.00
GCC	19	31.55	19.90	17.92	30.63	0.00	0.00
GCC	20	30.35	20.32	17.85	31.48	0.00	0.00
GCC	21	32.08	19.95	19.72	28.26	0.00	0.00
GCC	22	31.03	20.82	18.87	29.28	0.00	0.00
GCC	23	30.70	20.04	19.92	29.33	0.00	0.00
GCC	24	31.40	18.65	19.10	30.85	0.00	0.00
GCC	25	31.43	19.80	18.12	30.65	0.00	0.00
GCC	26	29.66	20.57	18.90	30.88	0.00	0.00
GCC	27	30.03	19.87	19.17	30.93	0.00	0.00
GCC	28	29.81	21.09	18.85	30.25	0.00	0.00
GCC	29	30.68	20.22	18.40	30.70	0.00	0.00
GCC	30	31.88	19.70	18.22	30.20	0.00	0.00
GCC	31	29.58	20.59	19.60	30.23	0.00	0.00
GCC	32	29.71	20.92	19.40	29.98	0.00	0.00
GCC	33	29.98	20.54	19.35	30.13	0.00	0.00
GCC	34	31.50	19.85	18.92	29.73	0.00	0.00
GCC	35	32.15	19.82	18.85	29.18	0.00	0.00
GCC	36	31.58	18.60	18.97	30.85	0.00	0.00
GCC	37	30.93	19.30	18.62	31.15	0.00	0.00
GCC	38	30.83	20.07	19.05	30.05	0.00	0.00
GCC	39	29.53	19.52	20.24	30.70	0.00	0.00
GCC	40	30.55	19.10	18.57	31.78	0.00	0.00
GCC	41	29.76	19.55	20.82	29.88	0.00	0.00
GCC	42	31.28	19.77	18.35	30.60	0.00	0.00
GCC	43	30.80	18.47	19.62	31.10	0.00	0.00
GCC	44	31.35	20.00	18.70	29.96	0.00	0.00
GCC	45	31.25	19.37	19.30	30.08	0.00	0.00
GCC	46	31.00	19.35	18.95	30.70	0.00	0.00
GCC	47	31.63	18.60	19.50	30.28	0.00	0.00
GCC	48	30.50	19.97	19.55	29.98	0.00	0.00
GCC	49	29.68	19.05	19.00	32.28	0.00	0.00
GCC	50	30.48	19.70	19.17	30.65	0.00	0.00
GCC	51	29.73	20.69	18.82	30.75	0.00	0.00
GCC	52	29.86	20.02	18.95	31.18	0.00	0.00
GCC	53	29.33	20.57	19.50	30.60	0.00	0.00
GCC	54	31.45	18.87	20.22	29.46	0.00	0.00
GCC	55	31.08	19.25	19.30	30.38	0.00	0.00
GCC	56	30.40	19.60	19.72	30.28	0.00	0.00
GCC	57	31.60	20.84	17.47	30.08	0.00	0.00
GCC	58	32.23	20.34	19.12	28.31	0.00	0.00
GCC	59	30.08	19.47	19.20	31.25	0.00	0.00
GCC	60	30.98	20.62	18.30	30.10	0.00	0.00
GCC	61	29.03	20.67	19.20	31.10	0.00	0.00
GCC	62	30.58	19.82	19.22	30.38	0.00	0.00
GCC	63	30.08	19.90	18.60	31.43	0.00	0.00
GCC	64	30.45	19.25	18.60	31.70	0.00	0.00
GCC	65	30.35	18.80	19.27	31.58	0.00	0.00
GCC	66	31.28	19.25	18.87	30.60	0.00	0.00
GCC	67	29.48	19.85	19.80	30.88	0.00	0.00
GCC	68	30.50	20.49	18.95	30.05	0.00	0.00
GCC	69	29.31	20.27	19.07	31.35	0.00	0.00
GCC	70	31.65	19.85	19.50	29.01	0.00	0.00
GCC	71	29.58	19.35	19.12	31.95	0.00	0.00
GCC	72	32.65	20.69	17.47	29.18	0.00	0.00
GCC	73	29.38	21.07	18.65	30.90	0.00	0.00
GCC	74	30.95	18.77	18.05	32.23	0.00	0.00
GCC	75	30.10	19.80	19.52	30.58	0.00	0.00
GCC	76	30.13	19.07	18.65	32.15	0.00	0.00
GCC	77	29.28	20.32	19.85	30.55	0.00	0.00
GCC	78	30.18	19.97	19.67	30.18	0.00	0.00
GCC	79	31.20	19.10	18.62	31.08	0.00	0.00
GCC	80	31.28	19.32	19.80	29.61	0.00	0.00
GCC	81	29.93	19.40	19.45	31.23	0.00	0.00
GCC	82	30.03	20.39	18.20	31.38	0.00	0.00
GCC	83	29.03	20.69	19.42	30.85	0.00	0.00
GCC	84	31.25	19.90	19.45	29.41	0.00	0.00
GCC	85	31.15	19.87	18.95	30.03	0.00	0.00
GCC	86	30.58	18.47	19.35	31.60	0.00	0.00
GCC	87	31.53	20.14	18.50	29.83	0.00	0.00
GCC	88	30.38	20.54	18.62	30.45	0.00	0.00
GCC	89	31.33	18.90	19.70	30.08	0.00	0.00
GCC	90	30.33	21.09	18.87	29.71	0.00	0.00
GCC	91	30.70	19.30	19.37	30.63	0.00	0.00
GCC	92	29.53	20.82	19.40	30.25	0.00	0.00
GCC	93	29.96	19.80	20.12	30.13	0.00	0.00
GCC	94	30.38	20.04	19.22	30.35	0.00	0.00
GCC	95	30.60	20.82	19.07	29.51	0.00	0.00
GCC	96	29.66	19.42	19.17	31.75	0.00	0.00
GCC	97	30.98	19.47	19.85	29.71	0.00	0.00
GCC	98	30.78	19.85	19.05	30.33	0.00	0.00
GCC	99	30.10	20.04	19.37	30.48	0.00	0.00
GCC	100	30.88	19.27	18.75	31.10	0.00	0.00
GCC	101	31.08	21.07	19.05	28.81	0.00	0.00
GCC	102	30.20	19.85	19.10	30.85	0.00	0.00
GCC	103	29.33	20.72	18.65	31.30	0.00	0.00
GCC	104	30.70	20.42	18.42	30.45	0.00	0.00
GCC	105	30.48	20.32	19.70	29.51	0.00	0.00
GCC	106	30.15	20.74	18.50	30.60	0.00	0.00
GCC	107	30.90	19.70	19.05	30.35	0.00	0.00
GCC	108	29.86	19.52	20.24	30.38	0.00	0.00
GCC	109	31.55	19.20	19.10	30.15	0.00	0.00
GCC	110	29.36	20.67	19.92	30.05	0.00	0.00
GCC	111	32.20	20.67	18.77	28.36	0.00	0.00
GCC	112	32.23	19.80	18.10	29.88	0.00	0.00
GCC	113	29.78	20.47	18.67	31.08	0.00	0.00
GCC	114	31.03	19.02	20.07	29.88	0.00	0.00
GCC	115	30.13	19.87	19.22	30.78	0.00	0.00
GCC	116	30.48	19.60	18.67	31.25	0.00	0.00
GCC	117	31.08	19.80	18.60	30.53	0.00	0.00
GCC	118	29.63	19.40	19.45	31.53	0.00	0.00
GCC	119	31.30	20.07	18.92	29.71	0.00	0.00
GCC	120	31.75	19.15	18.67	30.43	0.00	0.00
GCC	121	30.20	19.32	19.80	30.68	0.00	0.00
GCC	122	29.78	20.39	19.12	30.70	0.00	0.00
GCC	123	31.30	17.92	19.17	31.60	0.00	0.00
GCC	124	30.78	20.14	17.72	31.35	0.00	0.00
GCC	125	31.28	19.57	18.90	30.25	0.00	0.00
GCC	126	30.73	19.40	19.22	30.65	0.00	0.00
GCC	127	31.20	19.85	18.92	30.03	0.00	0.00
GCC	128	30.48	20.14	18.22	31.15	0.00	0.00
GCC	129	31.48	20.97	18.50	29.06	0.00	0.00
GCC	130	31.35	19.65	19.00	30.00	0.00	0.00
GCC	131	32.10	19.10	18.77	30.03	0.00	0.00
GCC	132	30.75	19.10	19.12	31.03	0.00	0.00
GCC	133	32.18	18.90	18.90	30.03	0.00	0.00
GCC	134	31.50	19.70	18.75	30.05	0.00	0.00
GCC	135	29.58	20.07	18.67	31.68	0.00	0.00
GCC	136	30.25	20.97	18.30	30.48	0.00	0.00
GCC	137	30.78	19.97	19.45	29.81	0.00	0.00
GCC	138	30.50	19.40	19.02	31.08	0.00	0.00
GCC	139	30.78	19.40	19.70	30.13	0.00	0.00
GCC	140	30.15	19.42	18.65	31.78	0.00	0.00
GCC	141	31.35	19.92	19.27	29.46	0.00	0.00
GCC	142	30.93	19.92	19.50	29.66	0.00	0.00
GCC	143	32.10	20.22	18.10	29.58	0.00	0.00
GCC	144	31.18	20.59	18.65	29.58	0.00	0.00
GCC	145	32.45	19.72	17.80	30.03	0.00	0.00
GCC	146	30.90	19.75	18.62	30.73	0.00	0.00
GCC	147	30.43	19.97	19.25	30.35	0.00	0.00
GCC	148	31.19	18.80	19.15	30.86	0.00	0.00
GCC	149	29.76	20.27	17.75	32.21	0.00	0.00
GCC	150	30.51	19.55	19.03	30.91	0.00	0.00
# ACGT content per cycle, read oriented. Use `grep ^GCT | cut -f 2-` to extract this part. The columns are: cycle; A,C,G,T base counts as a percentage of all A/C/G/T bases [%]
GCT	1	31.98	17.75	19.55	30.73
GCT	2	31.43	19.30	20.29	28.98
GCT	3	29.81	19.87	19.75	30.58
GCT	4	30.13	20.14	18.22	31.50
GCT	5	30.55	20.42	18.65	30.38
GCT	6	29.83	19.05	19.82	31.30
GCT	7	30.03	19.67	18.80	31.50
GCT	8	29.66	20.17	19.37	30.80
GCT	9	30.90	20.14	19.07	29.88
GCT	10	31.23	19.50	19.57	29.71
GCT	11	30.23	19.95	20.47	29.36
GCT	12	31.35	19.47	19.32	29.86
GCT	13	30.28	20.02	19.80	29.91
GCT	14	30.85	19.35	19.00	30.80
GCT	15	30.28	19.32	20.04	30.35
GCT	16	29.86	19.62	19.05	31.48
GCT	17	29.43	19.52	20.00	31.05
GCT	18	30.40	19.42	19.32	30.85
GCT	19	29.78	18.90	18.92	32.40
GCT	20	31.55	18.65	19.52	30.28
GCT	21	30.20	19.60	20.07	30.13
GCT	22	30.18	19.65	20.04	30.13
GCT	23	30.48	19.65	20.32	29.56
GCT	24	31.25	18.67	19.07	31.00
GCT	25	30.95	18.75	19.17	31.13
GCT	26	29.88	19.82	19.65	30.65
GCT	27	29.86	19.97	19.07	31.10
GCT	28	29.91	20.12	19.82	30.15
GCT	29	29.96	18.82	19.80	31.43
GCT	30	29.78	19.22	18.70	32.30
GCT	31	29.33	20.52	19.67	30.48
GCT	32	29.58	20.52	19.80	30.10
GCT	33	29.41	19.65	20.24	30.70
GCT	34	32.03	19.30	19.47	29.21
GCT	35	30.85	19.35	19.32	30.48
GCT	36	31.30	19.15	18.42	31.13
GCT	37	30.80	18.85	19.07	31.28
GCT	38	31.40	20.07	19.05	29.48
GCT	39	29.58	20.09	19.67	30.65
GCT	40	30.18	18.85	18.82	32.15
GCT	41	29.41	20.62	19.75	30.23
GCT	42	31.25	19.52	18.60	30.63
GCT	43	30.05	19.40	18.70	31.85
GCT	44	30.10	19.72	18.97	31.20
GCT	45	31.53	19.72	18.95	29.81
GCT	46	31.40	19.42	18.87	30.30
GCT	47	32.35	18.90	19.20	29.56
GCT	48	31.13	19.27	20.24	29.36
GCT	49	31.80	17.90	20.14	30.15
GCT	50	31.43	19.17	19.70	29.71
GCT	51	29.43	20.07	19.45	31.05
GCT	52	31.25	20.24	18.72	29.78
GCT	53	29.11	20.17	19.90	30.83
GCT	54	29.83	19.27	19.82	31.08
GCT	55	30.55	19.85	18.70	30.90
GCT	56	30.00	19.82	19.50	30.68
GCT	57	30.43	19.00	19.32	31.25
GCT	58	30.30	20.19	19.27	30.23
GCT	59	31.38	19.65	19.02	29.96
GCT	60	30.28	19.80	19.12	30.80
GCT	61	30.85	20.32	19.55	29.28
GCT	62	31.40	19.92	19.12	29.56
GCT	63	30.58	19.92	18.57	30.93
GCT	64	30.08	19.95	17.90	32.08
GCT	65	29.93	19.80	18.27	32.00
GCT	66	30.78	19.67	18.45	31.10
GCT	67	29.98	20.02	19.62	30.38
GCT	68	30.23	20.04	19.40	30.33
GCT	69	30.63	20.42	18.92	30.03
GCT	70	30.85	19.72	19.62	29.81
GCT	71	29.88	19.27	19.20	31.65
GCT	72	29.81	18.62	19.55	32.03
GCT	73	30.00	20.37	19.35	30.28
GCT	74	32.68	17.87	18.95	30.50
GCT	75	30.28	19.45	19.87	30.40
GCT	76	30.35	18.92	18.80	31.93
GCT	77	30.15	20.02	20.14	29.68
GCT	78	29.71	19.27	20.37	30.65
GCT	79	32.05	19.42	18.30	30.23
GCT	80	30.10	19.92	19.20	30.78
GCT	81	30.70	18.85	20.00	30.45
GCT	82	30.08	19.62	18.97	31.33
GCT	83	29.51	20.64	19.47	30.38
GCT	84	30.25	19.52	19.82	30.40
GCT	85	29.93	19.62	19.20	31.25
GCT	86	29.88	18.55	19.27	32.30
GCT	87	31.30	19.05	19.60	30.05
GCT	88	30.03	20.22	18.95	30.80
GCT	89	31.20	19.45	19.15	30.20
GCT	90	30.75	19.75	20.22	29.28
GCT	91	30.35	19.22	19.45	30.98
GCT	92	30.40	20.27	19.95	29.38
GCT	93	30.38	18.80	21.12	29.71
GCT	94	31.70	19.00	20.27	29.03
GCT	95	30.83	20.17	19.72	29.28
GCT	96	30.25	18.90	19.70	31.15
GCT	97	31.05	19.12	20.19	29.63
GCT	98	29.58	20.27	18.62	31.53
GCT	99	29.51	19.77	19.65	31.08
GCT	100	30.95	19.17	18.85	31.03
GCT	101	30.30	19.82	20.29	29.58
GCT	102	30.65	19.57	19.37	30.40
GCT	103	31.35	20.82	18.55	29.28
GCT	104	30.13	19.82	19.02	31.03
GCT	105	30.48	20.54	19.47	29.51
GCT	106	29.61	19.77	19.47	31.15
GCT	107	29.98	19.80	18.95	31.28
GCT	108	29.41	19.15	20.62	30.83
GCT	109	30.93	18.90	19.40	30.78
GCT	110	28.41	20.24	20.34	31.00
GCT	111	29.38	19.42	20.02	31.18
GCT	112	30.80	19.55	18.35	31.30
GCT	113	29.91	19.87	19.27	30.95
GCT	114	28.91	19.42	19.67	32.00
GCT	115	30.75	18.82	20.27	30.15
GCT	116	30.83	20.32	17.95	30.90
GCT	117	30.50	20.59	17.80	31.10
GCT	118	30.78	19.82	19.02	30.38
GCT	119	29.66	20.89	18.10	31.35
GCT	120	31.38	18.95	18.87	30.80
GCT	121	30.33	19.87	19.25	30.55
GCT	122	29.41	20.19	19.32	31.08
GCT	123	31.40	18.35	18.75	31.50
GCT	124	30.80	19.35	18.52	31.33
GCT	125	30.98	19.10	19.37	30.55
GCT	126	30.28	20.02	18.60	31.10
GCT	127	30.75	19.02	19.75	30.48
GCT	128	30.90	19.95	18.42	30.73
GCT	129	29.83	20.14	19.32	30.70
GCT	130	31.18	19.65	19.00	30.18
GCT	131	31.75	18.92	18.95	30.38
GCT	132	30.95	19.37	18.85	30.83
GCT	133	31.50	19.10	18.70	30.70
GCT	134	30.30	19.32	19.12	31.25
GCT	135	30.50	20.17	18.57	30.75
GCT	136	29.11	20.19	19.07	31.63
GCT	137	30.30	19.92	19.50	30.28
GCT	138	30.03	18.15	20.27	31.55
GCT	139	30.95	19.90	19.20	29.96
GCT	140	31.23	18.77	19.30	30.70
GCT	141	30.68	20.42	18.77	30.13
GCT	142	30.48	19.00	20.42	30.10
GCT	143	30.75	19.25	19.07	30.93
GCT	144	30.43	18.87	20.37	30.33
GCT	145	32.08	18.87	18.65	30.40
GCT	146	31.63	18.95	19.42	30.00
GCT	147	30.18	19.55	19.67	30.60
GCT	148	30.61	19.38	18.58	31.44
GCT	149	30.76	18.43	19.60	31.21
GCT	150	29.04	19.48	19.10	32.38
# ACGT content per cycle for first fragments. Use `grep ^FBC | cut -f 2-` to extract this part. The columns are: cycle; A,C,G,T base counts as a percentage of all A/C/G/T bases [%]; and N and O counts as a percentage of all A/C/G/T bases [%]
FBC	1	32.85	17.42	18.57	31.15	0.00	0.00
FBC	2	29.46	21.57	18.42	30.55	0.00	0.00
FBC	3	30.20	20.47	18.52	30.80	0.00	0.00
FBC	4	31.45	18.87	17.77	31.90	0.00	0.00
FBC	5	30.85	19.52	18.92	30.70	0.00	0.00
FBC	6	27.56	19.62	20.42	32.40	0.00	0.00
FBC	7	29.66	19.47	19.27	31.60	0.00	0.00
FBC	8	28.71	19.77	19.57	31.95	0.00	0.00
FBC	9	31.55	19.72	20.32	28.41	0.00	0.00
FBC	10	29.91	21.27	17.92	30.90	0.00	0.00
FBC	11	28.56	19.02	20.47	31.95	0.00	0.00
FBC	12	32.10	17.87	17.97	32.05	0.00	0.00
FBC	13	30.80	20.57	19.57	29.06	0.00	0.00
FBC	14	31.85	19.37	17.72	31.05	0.00	0.00
FBC	15	30.60	20.02	19.42	29.96	0.00	0.00
FBC	16	28.86	18.77	19.72	32.65	0.00	0.00
FBC	17	29.51	19.22	20.12	31.15	0.00	0.00
FBC	18	30.05	19.37	19.47	31.10	0.00	0.00
FBC	19	31.50	19.47	17.62	31.40	0.00	0.00
FBC	20	30.25	20.37	18.02	31.35	0.00	0.00
FBC	21	32.40	19.67	19.92	28.01	0.00	0.00
FBC	22	30.25	20.57	19.17	30.00	0.00	0.00
FBC	23	29.61	19.92	20.62	29.86	0.00	0.00
FBC	24	30.50	19.17	19.57	30.75	0.00	0.00
FBC	25	31.45	19.92	17.77	30.85	0.00	0.00
FBC	26	29.11	19.92	19.12	31.85	0.00	0.00
FBC	27	30.05	18.77	20.17	31.00	0.00	0.00
FBC	28	29.26	20.52	19.02	31.20	0.00	0.00
FBC	29	28.16	20.47	19.72	31.65	0.00	0.00
FBC	30	30.90	19.87	19.32	29.91	0.00	0.00
FBC	31	30.00	20.37	19.17	30.45	0.00	0.00
FBC	32	29.41	20.82	19.32	30.45	0.00	0.00
FBC	33	28.46	21.17	20.12	30.25	0.00	0.00
FBC	34	31.20	19.57	19.22	30.00	0.00	0.00
FBC	35	31.85	20.17	18.67	29.31	0.00	0.00
FBC	36	31.85	18.47	18.97	30.70	0.00	0.00
FBC	37	31.30	19.22	19.37	30.10	0.00	0.00
FBC	38	29.16	20.62	19.67	30.55	0.00	0.00
FBC	39	29.86	19.97	19.27	30.90	0.00	0.00
FBC	40	29.91	18.37	19.22	32.50	0.00	0.00
FBC	41	30.40	18.92	21.22	29.46	0.00	0.00
FBC	42	31.30	20.67	17.22	30.80	0.00	0.00
FBC	43	30.90	18.17	19.22	31.70	0.00	0.00
FBC	44	31.60	20.32	17.52	30.55	0.00	0.00
FBC	45	31.45	20.17	17.92	30.45	0.00	0.00
FBC	46	30.65	19.82	18.87	30.65	0.00	0.00
FBC	47	30.45	18.87	19.42	31.25	0.00	0.00
FBC	48	30.65	20.27	19.07	30.00	0.00	0.00
FBC	49	29.26	19.82	18.52	32.40	0.00	0.00
FBC	50	30.70	19.77	19.57	29.96	0.00	0.00
FBC	51	28.86	20.37	19.47	31.30	0.00	0.00
FBC	52	30.35	20.77	18.22	30.65	0.00	0.00
FBC	53	29.41	20.72	19.52	30.35	0.00	0.00
FBC	54	30.80	19.22	20.67	29.31	0.00	0.00
FBC	55	32.15	19.32	18.37	30.15	0.00	0.00
FBC	56	30.80	19.07	19.87	30.25	0.00	0.00
FBC	57	31.65	20.52	17.67	30.15	0.00	0.00
FBC	58	32.90	19.42	19.37	28.31	0.00	0.00
FBC	59	30.65	19.67	19.22	30.45	0.00	0.00
FBC	60	31.30	21.17	17.62	29.91	0.00	0.00
FBC	61	30.40	19.92	19.12	30.55	0.00	0.00
FBC	62	30.95	19.57	18.12	31.35	0.00	0.00
FBC	63	29.31	19.57	19.12	32.00	0.00	0.00
FBC	64	29.91	19.37	18.22	32.50	0.00	0.00
FBC	65	32.00	18.52	18.67	30.80	0.00	0.00
FBC	66	31.35	18.97	19.67	30.00	0.00	0.00
FBC	67	28.66	20.32	19.97	31.05	0.00	0.00
FBC	68	30.95	21.27	18.32	29.46	0.00	0.00
FBC	69	29.56	19.87	18.42	32.15	0.00	0.00
FBC	70	31.90	20.87	18.42	28.81	0.00	0.00
FBC	71	29.86	20.22	18.37	31.55	0.00	0.00
FBC	72	34.20	21.22	16.67	27.91	0.00	0.00
FBC	73	30.20	21.17	18.12	30.50	0.00	0.00
FBC	74	31.45	18.52	16.87	33.15	0.00	0.00
FBC	75	28.96	21.07	19.12	30.85	0.00	0.00
FBC	76	29.96	19.97	17.17	32.90	0.00	0.00
FBC	77	30.45	19.67	18.42	31.45	0.00	0.00
FBC	78	30.15	19.97	19.12	30.75	0.00	0.00
FBC	79	30.60	19.67	17.62	32.10	0.00	0.00
FBC	80	31.70	18.57	20.97	28.76	0.00	0.00
FBC	81	29.86	18.52	19.72	31.90	0.00	0.00
FBC	82	30.25	20.22	17.17	32.35	0.00	0.00
FBC	83	27.86	21.07	19.72	31.35	0.00	0.00
FBC	84	30.95	19.92	19.07	30.05	0.00	0.00
FBC	85	31.55	20.52	17.92	30.00	0.00	0.00
FBC	86	30.95	19.17	19.32	30.55	0.00	0.00
FBC	87	31.80	19.17	17.77	31.25	0.00	0.00
FBC	88	29.61	20.42	17.82	32.15	0.00	0.00
FBC	89	32.10	19.47	18.87	29.56	0.00	0.00
FBC	90	30.30	21.87	18.67	29.16	0.00	0.00
FBC	91	30.70	19.47	18.67	31.15	0.00	0.00
FBC	92	29.31	20.87	19.47	30.35	0.00	0.00
FBC	93	29.21	20.17	20.47	30.15	0.00	0.00
FBC	94	31.25	20.42	19.02	29.31	0.00	0.00
FBC	95	31.00	20.02	19.47	29.51	0.00	0.00
FBC	96	29.31	19.32	19.97	31.40	0.00	0.00
FBC	97	32.70	18.92	18.92	29.46	0.00	0.00
FBC	98	30.85	20.77	18.62	29.76	0.00	0.00
FBC	99	30.45	19.32	19.47	30.75	0.00	0.00
FBC	100	30.25	20.57	18.27	30.90	0.00	0.00
FBC	101	31.85	21.47	17.97	28.71	0.00	0.00
FBC	102	29.91	19.92	18.77	31.40	0.00	0.00
FBC	103	28.96	21.57	17.92	31.55	0.00	0.00
FBC	104	29.86	22.07	18.37	29.71	0.00	0.00
FBC	105	31.00	20.07	19.47	29.46	0.00	0.00
FBC	106	29.26	20.97	18.67	31.10	0.00	0.00
FBC	107	31.65	19.22	17.32	31.80	0.00	0.00
FBC	108	28.66	19.37	21.07	30.90	0.00	0.00
FBC	109	31.45	19.82	18.92	29.81	0.00	0.00
FBC	110	29.86	20.42	20.22	29.51	0.00	0.00
FBC	111	30.75	21.22	19.22	28.81	0.00	0.00
FBC	112	32.05	20.42	17.57	29.96	0.00	0.00
FBC	113	29.71	20.57	19.07	30.65	0.00	0.00
FBC	114	31.10	19.32	20.47	29.11	0.00	0.00
FBC	115	30.00	19.82	18.97	31.20	0.00	0.00
FBC	116	30.90	18.67	17.77	32.65	0.00	0.00
FBC	117	31.45	20.17	17.07	31.30	0.00	0.00
FBC	118	29.06	19.57	19.72	31.65	0.00	0.00
FBC	119	31.25	20.07	17.87	30.80	0.00	0.00
FBC	120	30.90	18.67	19.92	30.50	0.00	0.00
FBC	121	30.70	18.72	19.22	31.35	0.00	0.00
FBC	122	29.66	20.77	17.47	32.10	0.00	0.00
FBC	123	31.15	18.47	18.52	31.85	0.00	0.00
FBC	124	30.80	20.02	17.22	31.95	0.00	0.00
FBC	125	29.86	19.97	19.07	31.10	0.00	0.00
FBC	126	31.30	18.82	18.62	31.25	0.00	0.00
FBC	127	30.75	19.92	18.72	30.60	0.00	0.00
FBC	128	30.00	19.82	18.52	31.65	0.00	0.00
FBC	129	31.85	21.12	18.37	28.66	0.00	0.00
FBC	130	30.20	20.02	18.87	30.90	0.00	0.00
FBC	131	31.10	19.27	19.17	30.45	0.00	0.00
FBC	132	29.76	19.97	18.77	31.50	0.00	0.00
FBC	133	32.95	18.47	18.87	29.71	0.00	0.00
FBC	134	31.55	18.97	19.47	30.00	0.00	0.00
FBC	135	30.45	19.12	18.67	31.75	0.00	0.00
FBC	136	32.15	20.27	17.37	30.20	0.00	0.00
FBC	137	30.35	19.87	19.97	29.81	0.00	0.00
FBC	138	30.35	18.97	18.62	32.05	0.00	0.00
FBC	139	31.20	18.27	19.57	30.95	0.00	0.00
FBC	140	29.66	19.57	18.67	32.10	0.00	0.00
FBC	141	31.75	19.97	18.22	30.05	0.00	0.00
FBC	142	31.65	20.32	17.72	30.30	0.00	0.00
FBC	143	32.75	19.82	17.57	29.86	0.00	0.00
FBC	144	31.80	19.77	18.47	29.96	0.00	0.00
FBC	145	32.90	20.02	17.67	29.41	0.00	0.00
FBC	146	30.25	18.62	18.42	32.70	0.00	0.00
FBC	147	31.65	20.82	18.37	29.16	0.00	0.00
FBC	148	31.87	19.08	18.68	30.37	0.00	0.00
FBC	149	29.72	19.38	18.23	32.67	0.00	0.00
FBC	150	30.37	20.23	17.93	31.47	0.00	0.00
# ACGT raw counters for first fragments. Use `grep ^FTC | cut -f 2-` to extract this part. The columns are: A,C,G,T,N base counters
FTC	91942	59623	56610	92272	0
# ACGT content per cycle for last fragments. Use `grep ^LBC | cut -f 2-` to extract this part. The columns are: cycle; A,C,G,T base counts as a percentage of all A/C/G/T bases [%]; and N and O counts as a percentage of all A/C/G/T bases [%]
LBC	1	29.96	19.87	18.72	31.45	0.00	0.00
LBC	2	32.30	19.77	19.42	28.51	0.00	0.00
LBC	3	30.40	22.02	18.22	29.36	0.00	0.00
LBC	4	30.35	20.82	19.27	29.56	0.00	0.00
LBC	5	29.71	20.42	19.27	30.60	0.00	0.00
LBC	6	30.50	19.22	18.47	31.80	0.00	0.00
LBC	7	31.50	20.12	18.07	30.30	0.00	0.00
LBC	8	30.95	20.97	18.77	29.31	0.00	0.00
LBC	9	30.95	20.22	18.17	30.65	0.00	0.00
LBC	10	31.40	19.62	19.32	29.66	0.00	0.00
LBC	11	29.06	20.87	20.47	29.61	0.00	0.00
LBC	12	30.10	20.72	21.02	28.16	0.00	0.00
LBC	13	30.35	20.52	18.97	30.15	0.00	0.00
LBC	14	30.70	20.32	19.27	29.71	0.00	0.00
LBC	15	29.41	21.32	17.97	31.30	0.00	0.00
LBC	16	31.30	20.67	18.17	29.86	0.00	0.00
LBC	17	30.75	20.67	19.02	29.56	0.00	0.00
LBC	18	32.20	20.37	18.27	29.16	0.00	0.00
LBC	19	31.60	20.32	18.22	29.86	0.00	0.00
LBC	20	30.45	20.27	17.67	31.60	0.00	0.00
LBC	21	31.75	20.22	19.52	28.51	0.00	0.00
LBC	22	31.80	21.07	18.57	28.56	0.00	0.00
LBC	23	31.80	20.17	19.22	28.81	0.00	0.00
LBC	24	32.30	18.12	18.62	30.95	0.00	0.00
LBC	25	31.40	19.67	18.47	30.45	0.00	0.00
LBC	26	30.20	21.22	18.67	29.91	0.00	0.00
LBC	27	30.00	20.97	18.17	30.85	0.00	0.00
LBC	28	30.35	21.67	18.67	29.31	0.00	0.00
LBC	29	33.20	19.97	17.07	29.76	0.00	0.00
LBC	30	32.85	19.52	17.12	30.50	0.00	0.00
LBC	31	29.16	20.82	20.02	30.00	0.00	0.00
LBC	32	30.00	21.02	19.47	29.51	0.00	0.00
LBC	33	31.50	19.92	18.57	30.00	0.00	0.00
LBC	34	31.80	20.12	18.62	29.46	0.00	0.00
LBC	35	32.45	19.47	19.02	29.06	0.00	0.00
LBC	36	31.30	18.72	18.97	31.00	0.00	0.00
LBC	37	30.55	19.37	17.87	32.20	0.00	0.00
LBC	38	32.50	19.52	18.42	29.56	0.00	0.00
LBC	39	29.21	19.07	21.22	30.50	0.00	0.00
LBC	40	31.20	19.82	17.92	31.05	0.00	0.00
LBC	41	29.11	20.17	20.42	30.30	0.00	0.00
LBC	42	31.25	18.87	19.47	30.40	0.00	0.00
LBC	43	30.70	18.77	20.02	30.50	0.00	0.00
LBC	44	31.10	19.67	19.87	29.36	0.00	0.00
LBC	45	31.05	18.57	20.67	29.71	0.00	0.00
LBC	46	31.35	18.87	19.02	30.75	0.00	0.00
LBC	47	32.80	18.32	19.57	29.31	0.00	0.00
LBC	48	30.35	19.67	20.02	29.96	0.00	0.00
LBC	49	30.10	18.27	19.47	32.15	0.00	0.00
LBC	50	30.25	19.62	18.77	31.35	0.00	0.00
LBC	51	30.60	21.02	18.17	30.20	0.00	0.00
LBC	52	29.36	19.27	19.67	31.70	0.00	0.00
LBC	53	29.26	20.42	19.47	30.85	0.00	0.00
LBC	54	32.10	18.52	19.77	29.61	0.00	0.00
LBC	55	30.00	19.17	20.22	30.60	0.00	0.00
LBC	56	30.00	20.12	19.57	30.30	0.00	0.00
LBC	57	31.55	21.17	17.27	30.00	0.00	0.00
LBC	58	31.55	21.27	18.87	28.31	0.00	0.00
LBC	59	29.51	19.27	19.17	32.05	0.00	0.00
LBC	60	30.65	20.07	18.97	30.30	0.00	0.00
LBC	61	27.66	21.42	19.27	31.65	0.00	0.00
LBC	62	30.20	20.07	20.32	29.41	0.00	0.00
LBC	63	30.85	20.22	18.07	30.85	0.00	0.00
LBC	64	31.00	19.12	18.97	30.90	0.00	0.00
LBC	65	28.71	19.07	19.87	32.35	0.00	0.00
LBC	66	31.20	19.52	18.07	31.20	0.00	0.00
LBC	67	30.30	19.37	19.62	30.70	0.00	0.00
LBC	68	30.05	19.72	19.57	30.65	0.00	0.00
LBC	69	29.06	20.67	19.72	30.55	0.00	0.00
LBC	70	31.40	18.82	20.57	29.21	0.00	0.00
LBC	71	29.31	18.47	19.87	32.35	0.00	0.00
LBC	72	31.10	20.17	18.27	30.45	0.00	0.00
LBC	73	28.56	20.97	19.17	31.30	0.00	0.00
LBC	74	30.45	19.02	19.22	31.30	0.00	0.00
LBC	75	31.25	18.52	19.92	30.30	0.00	0.00
LBC	76	30.30	18.17	20.12	31.40	0.00	0.00
LBC	77	28.11	20.97	21.27	29.66	0.00	0.00
LBC	78	30.20	19.97	20.22	29.61	0.00	0.00
LBC	79	31.80	18.52	19.62	30.05	0.00	0.00
LBC	80	30.85	20.07	18.62	30.45	0.00	0.00
LBC	81	30.00	20.27	19.17	30.55	0.00	0.00
LBC	82	29.81	20.57	19.22	30.40	0.00	0.00
LBC	83	30.20	20.32	19.12	30.35	0.00	0.00
LBC	84	31.55	19.87	19.82	28.76	0.00	0.00
LBC	85	30.75	19.22	19.97	30.05	0.00	0.00
LBC	86	30.20	17.77	19.37	32.65	0.00	0.00
LBC	87	31.25	21.12	19.22	28.41	0.00	0.00
LBC	88	31.15	20.67	19.42	28.76	0.00	0.00
LBC	89	30.55	18.32	20.52	30.60	0.00	0.00
LBC	90	30.35	20.32	19.07	30.25	0.00	0.00
LBC	91	30.70	19.12	20.07	30.10	0.00	0.00
LBC	92	29.76	20.77	19.32	30.15	0.00	0.00
LBC	93	30.70	19.42	19.77	30.10	0.00	0.00
LBC	94	29.51	19.67	19.42	31.40	0.00	0.00
LBC	95	30.20	21.62	18.67	29.51	0.00	0.00
LBC	96	30.00	19.52	18.37	32.10	0.00	0.00
LBC	97	29.26	20.02	20.77	29.96	0.00	0.00
LBC	98	30.70	18.92	19.47	30.90	0.00	0.00
LBC	99	29.76	20.77	19.27	30.20	0.00	0.00
LBC	100	31.50	17.97	19.22	31.30	0.00	0.00
LBC	101	30.30	20.67	20.12	28.91	0.00	0.00
LBC	102	30.50	19.77	19.42	30.30	0.00	0.00
LBC	103	29.71	19.87	19.37	31.05	0.00	0.00
LBC	104	31.55	18.77	18.47	31.20	0.00	0.00
LBC	105	29.96	20.57	19.92	29.56	0.00	0.00
LBC	106	31.05	20.52	18.32	30.10	0.00	0.00
LBC	107	30.15	20.17	20.77	28.91	0.00	0.00
LBC	108	31.05	19.67	19.42	29.86	0.00	0.00
LBC	109	31.65	18.57	19.27	30.50	0.00	0.00
LBC	110	28.86	20.92	19.62	30.60	0.00	0.00
LBC	111	33.65	20.12	18.32	27.91	0.00	0.00
LBC	112	32.40	19.17	18.62	29.81	0.00	0.00
LBC	113	29.86	20.37	18.27	31.50	0.00	0.00
LBC	114	30.95	18.72	19.67	30.65	0.00	0.00
LBC	115	30.25	19.92	19.47	30.35	0.00	0.00
LBC	116	30.05	20.52	19.57	29.86	0.00	0.00
LBC	117	30.70	19.42	20.12	29.76	0.00	0.00
LBC	118	30.20	19.22	19.17	31.40	0.00	0.00
LBC	119	31.35	20.07	19.97	28.61	0.00	0.00
LBC	120	32.60	19.62	17.42	30.35	0.00	0.00
LBC	121	29.71	19.92	20.37	30.00	0.00	0.00
LBC	122	29.91	20.02	20.77	29.31	0.00	0.00
LBC	123	31.45	17.37	19.82	31.35	0.00	0.00
LBC	124	30.75	20.27	18.22	30.75	0.00	0.00
LBC	125	32.70	19.17	18.72	29.41	0.00	0.00
LBC	126	30.15	19.97	19.82	30.05	0.00	0.00
LBC	127	31.65	19.77	19.12	29.46	0.00	0.00
LBC	128	30.95	20.47	17.92	30.65	0.00	0.00
LBC	129	31.10	20.82	18.62	29.46	0.00	0.00
LBC	130	32.50	19.27	19.12	29.11	0.00	0.00
LBC	131	33.10	18.92	18.37	29.61	0.00	0.00
LBC	132	31.75	18.22	19.47	30.55	0.00	0.00
LBC	133	31.40	19.32	18.92	30.35	0.00	0.00
LBC	134	31.45	20.42	18.02	30.10	0.00	0.00
LBC	135	28.71	21.02	18.67	31.60	0.00	0.00
LBC	136	28.36	21.67	19.22	30.75	0.00	0.00
LBC	137	31.20	20.07	18.92	29.81	0.00	0.00
LBC	138	30.65	19.82	19.42	30.10	0.00	0.00
LBC	139	30.35	20.52	19.82	29.31	0.00	0.00
LBC	140	30.65	19.27	18.62	31.45	0.00	0.00
LBC	141	30.95	19.87	20.32	28.86	0.00	0.00
LBC	142	30.20	19.52	21.27	29.01	0.00	0.00
LBC	143	31.45	20.62	18.62	29.31	0.00	0.00
LBC	144	30.55	21.42	18.82	29.21	0.00	0.00
LBC	145	32.00	19.42	17.92	30.65	0.00	0.00
LBC	146	31.55	20.87	18.82	28.76	0.00	0.00
LBC	147	29.21	19.12	20.12	31.55	0.00	0.00
LBC	148	30.50	18.52	19.62	31.35	0.00	0.00
LBC	149	29.81	21.17	17.27	31.75	0.00	0.00
LBC	150	30.65	18.87	20.12	30.35	0.00	0.00
# ACGT raw counters for last fragments. Use `grep ^LTC | cut -f 2-` to extract this part. The columns are: A,C,G,T,N base counters
LTC	92230	59732	57673	90815	0
# Insert sizes. Use `grep ^IS | cut -f 2-` to extract this part. The columns are: insert size, pairs total, inward oriented pairs, outward oriented pairs, other pairs
IS	0	0	0	0	0
IS	1	0	0	0	0
IS	2	0	0	0	0
IS	3	0	0	0	0
IS	4	0	0	0	0
IS	5	0	0	0	0
IS	6	0	0	0	0
IS	7	0	0	0	0
IS	8	0	0	0	0
IS	9	0	0	0	0
IS	10	0	0	0	0
IS	11	0	0	0	0
IS	12	0	0	0	0
IS	13	0	0	0	0
IS	14	0	0	0	0
IS	15	0	0	0	0
IS	16	0	0	0	0
IS	17	0	0	0	0
IS	18	0	0	0	0
IS	19	0	0	0	0
IS	20	0	0	0	0
IS	21	0	0	0	0
IS	22	0	0	0	0
IS	23	0	0	0	0
IS	24	0	0	0	0
IS	25	0	0	0	0
IS	26	0	0	0	0
IS	27	0	0	0	0
IS	28	0	0	0	0
IS	29	0	0	0	0
IS	30	0	0	0	0
IS	31	0	0	0	0
IS	32	0	0	0	0
IS	33	0	0	0	0
IS	34	0	0	0	0
IS	35	0	0	0	0
IS	36	0	0	0	0
IS	37	0	0	0	0
IS	38	0	0	0	0
IS	39	0	0	0	0
IS	40	0	0	0	0
IS	41	0	0	0	0
IS	42	0	0	0	0
IS	43	0	0	0	0
IS	44	0	0	0	0
IS	45	0	0	0	0
IS	46	0	0	0	0
IS	47	0	0	0	0
IS	48	0	0	0	0
IS	49	0	0	0	0
IS	50	0	0	0	0
IS	51	0	0	0	0
IS	52	0	0	0	0
IS	53	0	0	0	0
IS	54	0	0	0	0
IS	55	0	0	0	0
IS	56	0	0	0	0
IS	57	0	0	0	0
IS	58	0	0	0	0
IS	59	0	0	0	0
IS	60	0	0	0	0
IS	61	0	0	0	0
IS	62	0	0	0	0
IS	63	0	0	0	0
IS	64	0	0	0	0
IS	65	0	0	0	0
IS	66	0	0	0	0
IS	67	0	0	0	0
IS	68	0	0	0	0
IS	69	0	0	0	0
IS	70	0	0	0	0
IS	71	0	0	0	0
IS	72	0	0	0	0
IS	73	0	0	0	0
IS	74	0	0	0	0
IS	75	0	0	0	0
IS	76	0	0	0	0
IS	77	0	0	0	0
IS	78	0	0	0	0
IS	79	0	0	0	0
IS	80	0	0	0	0
IS	81	0	0	0	0
IS	82	0	0	0	0
IS	83	0	0	0	0
IS	84	0	0	0	0
IS	85	0	0	0	0
IS	86	0	0	0	0
IS	87	0	0	0	0
IS	88	0	0	0	0
IS	89	0	0	0	0
IS	90	0	0	0	0
IS	91	0	0	0	0
IS	92	0	0	0	0
IS	93	0	0	0	0
IS	94	0	0	0	0
IS	95	0	0	0	0
IS	96	0	0	0	0
IS	97	0	0	0	0
IS	98	0	0	0	0
IS	99	0	0	0	0
IS	100	0	0	0	0
IS	101	0	0	0	0
IS	102	0	0	0	0
IS	103	0	0	0	0
IS	104	0	0	0	0
IS	105	0	0	0	0
IS	106	0	0	0	0
IS	107	0	0	0	0
IS	108	0	0	0	0
IS	109	0	0	0	0
IS	110	0	0	0	0
IS	111	0	0	0	0
IS	112	0	0	0	0
IS	113	0	0	0	0
IS	114	0	0	0	0
IS	115	0	0	0	0
IS	116	0	0	0	0
IS	117	0	0	0	0
IS	118	0	0	0	0
IS	119	0	0	0	0
IS	120	0	0	0	0
IS	121	0	0	0	0
IS	122	0	0	0	0
IS	123	0	0	0	0
IS	124	0	0	0	0
IS	125	0	0	0	0
IS	126	0	0	0	0
IS	127	0	0	0	0
IS	128	0	0	0	0
IS	129	0	0	0	0
IS	130	0	0	0	0
IS	131	0	0	0	0
IS	132	0	0	0	0
IS	133	0	0	0	0
IS	134	0	0	0	0
IS	135	0	0	0	0
IS	136	0	0	0	0
IS	137	0	0	0	0
IS	138	0	0	0	0
IS	139	0	0	0	0
IS	140	0	0	0	0
IS	141	0	0	0	0
IS	142	0	0	0	0
IS	143	0	0	0	0
IS	144	0	0	0	0
IS	145	0	0	0	0
IS	146	0	0	0	0
IS	147	0	0	0	0
IS	148	0	0	0	0
IS	149	0	0	0	0
IS	150	0	0	0	0
IS	151	0	0	0	0
IS	152	0	0	0	0
IS	153	0	0	0	0
IS	154	0	0	0	0
IS	155	0	0	0	0
IS	156	0	0	0	0
IS	157	0	0	0	0
IS	158	0	0	0	0
IS	159	0	0	0	0
IS	160	0	0	0	0
IS	161	0	0	0	0
IS	162	0	0	0	0
IS	163	0	0	0	0
IS	164	0	0	0	0
IS	165	0	0	0	0
IS	166	0	0	0	0
IS	167	0	0	0	0
IS	168	0	0	0	0
IS	169	0	0	0	0
IS	170	0	0	0	0
IS	171	0	0	0	0
IS	172	0	0	0	0
IS	173	0	0	0	0
IS	174	0	0	0	0
IS	175	0	0	0	0
IS	176	0	0	0	0
IS	177	0	0	0	0
IS	178	0	0	0	0
IS	179	0	0	0	0
IS	180	0	0	0	0
IS	181	0	0	0	0
IS	182	0	0	0	0
IS	183	0	0	0	0
IS	184	0	0	0	0
IS	185	0	0	0	0
IS	186	0	0	0	0
IS	187	0	0	0	0
IS	188	0	0	0	0
IS	189	0	0	0	0
IS	190	0	0	0	0
IS	191	0	0	0	0
IS	192	0	0	0	0
IS	193	0	0	0	0
IS	194	0	0	0	0
IS	195	0	0	0	0
IS	196	0	0	0	0
IS	197	0	0	0	0
IS	198	0	0	0	0
IS	199	0	0	0	0
IS	200	0	0	0	0
IS	201	0	0	0	0
IS	202	0	0	0	0
IS	203	0	0	0	0
IS	204	0	0	0	0
IS	205	0	0	0	0
IS	206	0	0	0	0
IS	207	0	0	0	0
IS	208	0	0	0	0
IS	209	0	0	0	0
IS	210	0	0	0	0
IS	211	0	0	0	0
IS	212	0	0	0	0
IS	213	0	0	0	0
IS	214	0	0	0	0
IS	215	0	0	0	0
IS	216	0	0	0	0
IS	217	0	0	0	0
IS	218	0	0	0	0
IS	219	0	0	0	0
IS	220	0	0	0	0
IS	221	0	0	0	0
IS	222	0	0	0	0
IS	223	0	0	0	0
IS	224	0	0	0	0
IS	225	0	0	0	0
IS	226	0	0	0	0
IS	227	0	0	0	0
IS	228	0	0	0	0
IS	229	0	0	0	0
IS	230	0	0	0	0
IS	231	0	0	0	0
IS	232	0	0	0	0
IS	233	0	0	0	0
IS	234	0	0	0	0
IS	235	0	0	0	0
IS	236	0	0	0	0
IS	237	0	0	0	0
IS	238	0	0	0	0
IS	239	0	0	0	0
IS	240	0	0	0	0
IS	241	0	0	0	0
IS	242	0	0	0	0
IS	243	0	0	0	0
IS	244	0	0	0	0
IS	245	0	0	0	0
IS	246	0	0	0	0
IS	247	0	0	0	0
IS	248	0	0	0	0
IS	249	0	0	0	0
IS	250	0	0	0	0
IS	251	0	0	0	0
IS	252	0	0	0	0
IS	253	0	0	0	0
IS	254	0	0	0	0
IS	255	0	0	0	0
IS	256	0	0	0	0
IS	257	0	0	0	0
IS	258	0	0	0	0
IS	259	0	0	0	0
IS	260	0	0	0	0
IS	261	0	0	0	0
IS	262	0	0	0	0
IS	263	0	0	0	0
IS	264	0	0	0	0
IS	265	0	0	0	0
IS	266	0	0	0	0
IS	267	0	0	0	0
IS	268	0	0	0	0
IS	269	0	0	0	0
IS	270	0	0	0	0
IS	271	0	0	0	0
IS	272	0	0	0	0
IS	273	0	0	0	0
IS	274	0	0	0	0
IS	275	0	0	0	0
IS	276	0	0	0	0
IS	277	0	0	0	0
IS	278	0	0	0	0
IS	279	0	0	0	0
IS	280	0	0	0	0
IS	281	0	0	0	0
IS	282	0	0	0	0
IS	283	0	0	0	0
IS	284	0	0	0	0
IS	285	0	0	0	0
IS	286	0	0	0	0
IS	287	0	0	0	0
IS	288	0	0	0	0
IS	289	0	0	0	0
IS	290	0	0	0	0
IS	291	0	0	0	0
IS	292	0	0	0	0
IS	293	0	0	0	0
IS	294	0	0	0	0
IS	295	0	0	0	0
IS	296	0	0	0	0
IS	297	0	0	0	0
IS	298	0	0	0	0
IS	299	0	0	0	0
IS	300	0	0	0	0
IS	301	0	0	0	0
IS	302	0	0	0	0
IS	303	0	0	0	0
IS	304	0	0	0	0
IS	305	0	0	0	0
IS	306	0	0	0	0
IS	307	0	0	0	0
IS	308	1	1	0	0
IS	309	0	0	0	0
IS	310	0	0	0	0
IS	311	0	0	0	0
IS	312	0	0	0	0
IS	313	0	0	0	0
IS	314	0	0	0	0
IS	315	0	0	0	0
IS	316	0	0	0	0
IS	317	1	1	0	0
IS	318	0	0	0	0
IS	319	0	0	0	0
IS	320	0	0	0	0
IS	321	0	0	0	0
IS	322	0	0	0	0
IS	323	0	0	0	0
IS	324	0	0	0	0
IS	325	0	0	0	0
IS	326	0	0	0	0
IS	327	0	0	0	0
IS	328	0	0	0	0
IS	329	0	0	0	0
IS	330	0	0	0	0
IS	331	0	0	0	0
IS	332	0	0	0	0
IS	333	0	0	0	0
IS	334	0	0	0	0
IS	335	0	0	0	0
IS	336	0	0	0	0
IS	337	0	0	0	0
IS	338	0	0	0	0
IS	339	0	0	0	0
IS	340	0	0	0	0
IS	341	0	0	0	0
IS	342	0	0	0	0
IS	343	0	0	0	0
IS	344	0	0	0	0
IS	345	0	0	0	0
IS	346	0	0	0	0
IS	347	0	0	0	0
IS	348	1	1	0	0
IS	349	0	0	0	0
IS	350	0	0	0	0
IS	351	0	0	0	0
IS	352	1	1	0	0
IS	353	0	0	0	0
IS	354	0	0	0	0
IS	355	1	1	0	0
IS	356	0	0	0	0
IS	357	2	2	0	0
IS	358	0	0	0	0
IS	359	0	0	0	0
IS	360	0	0	0	0
IS	361	0	0	0	0
IS	362	0	0	0	0
IS	363	0	0	0	0
IS	364	0	0	0	0
IS	365	1	1	0	0
IS	366	0	0	0	0
IS	367	1	1	0	0
IS	368	0	0	0	0
IS	369	1	1	0	0
IS	370	0	0	0	0
IS	371	1	1	0	0
IS	372	1	1	0	0
IS	373	0	0	0	0
IS	374	2	2	0	0
IS	375	0	0	0	0
IS	376	1	1	0	0
IS	377	0	0	0	0
IS	378	1	1	0	0
IS	379	0	0	0	0
IS	380	1	1	0	0
IS	381	0	0	0	0
IS	382	1	1	0	0
IS	383	2	2	0	0
IS	384	1	1	0	0
IS	385	3	3	0	0
IS	386	1	1	0	0
IS	387	1	1	0	0
IS	388	1	1	0	0
IS	389	0	0	0	0
IS	390	1	1	0	0
IS	391	1	1	0	0
IS	392	3	3	0	0
IS	393	2	2	0	0
IS	394	5	5	0	0
IS	395	0	0	0	0
IS	396	0	0	0	0
IS	397	2	2	0	0
IS	398	3	3	0	0
IS	399	2	2	0	0
IS	400	3	3	0	0
IS	401	3	3	0	0
IS	402	5	5	0	0
IS	403	1	1	0	0
IS	404	4	4	0	0
IS	405	3	3	0	0
IS	406	0	0	0	0
IS	407	4	4	0	0
IS	408	1	1	0	0
IS	409	3	3	0	0
IS	410	3	3	0	0
IS	411	2	2	0	0
IS	412	4	4	0	0
IS	413	4	4	0	0
IS	414	3	3	0	0
IS	415	6	6	0	0
IS	416	3	3	0	0
IS	417	4	4	0	0
IS	418	3	3	0	0
IS	419	3	3	0	0
IS	420	2	2	0	0
IS	421	3	3	0	0
IS	422	8	8	0	0
IS	423	8	8	0	0
IS	424	4	4	0	0
IS	425	6	6	0	0
IS	426	2	2	0	0
IS	427	7	7	0	0
IS	428	7	7	0	0
IS	429	10	10	0	0
IS	430	4	4	0	0
IS	431	8	8	0	0
IS	432	9	9	0	0
IS	433	7	7	0	0
IS	434	11	11	0	0
IS	435	9	9	0	0
IS	436	5	5	0	0
IS	437	8	8	0	0
IS	438	5	5	0	0
IS	439	9	9	0	0
IS	440	4	4	0	0
IS	441	11	11	0	0
IS	442	13	13	0	0
IS	443	9	9	0	0
IS	444	8	8	0	0
IS	445	9	9	0	0
IS	446	18	18	0	0
IS	447	8	8	0	0
IS	448	6	6	0	0
IS	449	12	12	0	0
IS	450	12	12	0	0
IS	451	7	7	0	0
IS	452	9	9	0	0
IS	453	9	9	0	0
IS	454	12	12	0	0
IS	455	11	11	0	0
IS	456	8	8	0	0
IS	457	7	7	0	0
IS	458	15	15	0	0
IS	459	16	16	0	0
IS	460	16	16	0	0
IS	461	14	14	0	0
IS	462	17	17	0	0
IS	463	9	9	0	0
IS	464	17	17	0	0
IS	465	16	16	0	0
IS	466	9	9	0	0
IS	467	14	14	0	0
IS	468	11	11	0	0
IS	469	10	10	0	0
IS	470	12	12	0	0
IS	471	19	19	0	0
IS	472	15	15	0	0
IS	473	12	12	0	0
IS	474	6	6	0	0
IS	475	20	20	0	0
IS	476	22	22	0	0
IS	477	10	10	0	0
IS	478	14	14	0	0
IS	479	11	11	0	0
IS	480	12	12	0	0
IS	481	23	23	0	0
IS	482	15	15	0	0
IS	483	13	13	0	0
IS	484	12	12	0	0
IS	485	11	11	0	0
IS	486	14	14	0	0
IS	487	12	12	0	0
IS	488	15	15	0	0
IS	489	13	13	0	0
IS	490	19	19	0	0
IS	491	15	15	0	0
IS	492	14	14	0	0
IS	493	15	15	0	0
IS	494	20	20	0	0
IS	495	28	28	0	0
IS	496	9	9	0	0
IS	497	12	12	0	0
IS	498	9	9	0	0
IS	499	20	20	0	0
IS	500	18	18	0	0
IS	501	6	6	0	0
IS	502	16	16	0	0
IS	503	13	13	0	0
IS	504	13	13	0	0
IS	505	22	22	0	0
IS	506	21	21	0	0
IS	507	14	14	0	0
IS	508	12	12	0	0
IS	509	12	12	0	0
IS	510	16	16	0	0
IS	511	12	12	0	0
IS	512	15	15	0	0
IS	513	9	9	0	0
IS	514	20	20	0	0
IS	515	16	16	0	0
IS	516	12	12	0	0
IS	517	19	19	0	0
IS	518	8	8	0	0
IS	519	14	14	0	0
IS	520	17	17	0	0
IS	521	11	11	0	0
IS	522	11	11	0	0
IS	523	17	17	0	0
IS	524	7	7	0	0
IS	525	15	15	0	0
IS	526	14	14	0	0
IS	527	14	14	0	0
IS	528	14	14	0	0
IS	529	7	7	0	0
IS	530	11	11	0	0
IS	531	12	12	0	0
IS	532	12	12	0	0
IS	533	16	16	0	0
IS	534	10	10	0	0
IS	535	16	16	0	0
IS	536	14	14	0	0
IS	537	17	17	0	0
IS	538	10	10	0	0
IS	539	10	10	0	0
IS	540	11	11	0	0
IS	541	16	16	0	0
IS	542	5	5	0	0
IS	543	11	11	0	0
IS	544	10	10	0	0
IS	545	7	7	0	0
IS	546	7	7	0	0
IS	547	6	6	0	0
IS	548	10	10	0	0
IS	549	14	14	0	0
IS	550	8	8	0	0
IS	551	14	14	0	0
IS	552	7	7	0	0
IS	553	8	8	0	0
IS	554	13	13	0	0
IS	555	9	9	0	0
IS	556	7	7	0	0
IS	557	12	12	0	0
IS	558	5	5	0	0
IS	559	9	9	0	0
IS	560	5	5	0	0
IS	561	5	5	0	0
IS	562	8	8	0	0
IS	563	8	8	0	0
IS	564	7	7	0	0
IS	565	9	9	0	0
IS	566	9	9	0	0
IS	567	4	4	0	0
IS	568	9	9	0	0
IS	569	7	7	0	0
IS	570	3	3	0	0
IS	571	6	6	0	0
IS	572	11	11	0	0
IS	573	3	3	0	0
IS	574	3	3	0	0
IS	575	11	11	0	0
IS	576	1	1	0	0
IS	577	7	7	0	0
IS	578	5	5	0	0
IS	579	7	7	0	0
IS	580	5	5	0	0
IS	581	4	4	0	0
IS	582	2	2	0	0
IS	583	6	6	0	0
IS	584	3	3	0	0
IS	585	4	4	0	0
IS	586	3	3	0	0
IS	587	6	6	0	0
IS	588	5	5	0	0
IS	589	8	8	0	0
IS	590	1	1	0	0
IS	591	1	1	0	0
IS	592	5	5	0	0
IS	593	7	7	0	0
IS	594	6	6	0	0
IS	595	6	6	0	0
IS	596	0	0	0	0
IS	597	3	3	0	0
IS	598	2	2	0	0
IS	599	4	4	0	0
IS	600	1	1	0	0
IS	601	4	4	0	0
IS	602	1	1	0	0
IS	603	3	3	0	0
IS	604	1	1	0	0
IS	605	2	2	0	0
IS	606	3	3	0	0
IS	607	0	0	0	0
IS	608	3	3	0	0
IS	609	3	3	0	0
IS	610	1	1	0	0
IS	611	0	0	0	0
IS	612	1	1	0	0
# Read lengths. Use `grep ^RL | cut -f 2-` to extract this part. The columns are: read length, count
RL	147	1
RL	150	4005
# Read lengths - first fragments. Use `grep ^FRL | cut -f 2-` to extract this part. The columns are: read length, count
FRL	147	1
FRL	150	2002
# Read lengths - last fragments. Use `grep ^LRL | cut -f 2-` to extract this part. The columns are: read length, count
LRL	150	2003
# Mapping qualities for reads !(UNMAP|SECOND|SUPPL|QCFAIL|DUP). Use `grep ^MAPQ | cut -f 2-` to extract this part. The columns are: mapq, count
MAPQ	0	20
MAPQ	3	2
MAPQ	27	8
MAPQ	33	2
MAPQ	40	23
MAPQ	45	1
MAPQ	47	3
MAPQ	48	53
MAPQ	51	3
MAPQ	52	2
MAPQ	57	8
MAPQ	59	6
MAPQ	60	3875
# Indel distribution. Use `grep ^ID | cut -f 2-` to extract this part. The columns are: length, number of insertions, number of deletions
# Indels per cycle. Use `grep ^IC | cut -f 2-` to extract this part. The columns are: cycle, number of insertions (fwd), .. (rev) , number of deletions (fwd), .. (rev)
# Coverage distribution. Use `grep ^COV | cut -f 2-` to extract this part.
COV	[1-1]	1	5310
COV	[2-2]	2	9458
COV	[3-3]	3	14925
COV	[4-4]	4	19363
COV	[5-5]	5	19546
COV	[6-6]	6	17957
COV	[7-7]	7	12800
COV	[8-8]	8	8452
COV	[9-9]	9	5078
COV	[10-10]	10	2235
COV	[11-11]	11	1122
COV	[12-12]	12	470
COV	[13-13]	13	278
COV	[14-14]	14	82
COV	[15-15]	15	48
COV	[16-16]	16	15
# GC-depth. Use `grep ^GCD | cut -f 2-` to extract this part. The columns are: GC%, unique sequence percentiles, 10th, 25th, 50th, 75th and 90th depth percentile
GCD	0.0	15.385	0.000	0.000	0.000	0.000	0.000
GCD	37.0	30.769	2.490	2.490	2.497	2.505	2.505
GCD	38.0	53.846	2.505	2.505	2.505	2.505	2.505
GCD	39.0	76.923	2.505	2.505	2.505	2.505	2.505
GCD	40.0	92.308	2.505	2.505	2.505	2.505	2.505
GCD	46.0	100.000	2.505	2.505	2.505	2.505	2.505
