# This file was produced by samtools stats (1.20+htslib-1.21) and can be plotted using plot-bamstats
# This file contains statistics for all reads.
# The command line was:  stats sample3787.sorted.bam
# CHK, Checksum	[2]Read Names	[3]Sequences	[4]Qualities
# CHK, CRC32 of reads which passed filtering followed by addition (32bit overflow)
CHK	7b3bead4	1a37106d	5025e158
# Summary Numbers. Use `grep ^SN | cut -f 2-` to extract this part.
SN	raw total sequences:	4004	# excluding supplementary and secondary reads
SN	filtered sequences:	0
SN	sequences:	4004
SN	is sorted:	1
SN	1st fragments:	2002
SN	last fragments:	2002
SN	reads mapped:	4004
SN	reads mapped and paired:	4004	# paired-end technology bit set + both mates mapped
SN	reads unmapped:	0
SN	reads properly paired:	4004	# proper-pair bit set
SN	reads paired:	4004	# paired-end technology bit set
SN	reads duplicated:	0	# PCR or optical duplicate bit set
SN	reads MQ0:	4	# mapped and MQ=0
SN	reads QC failed:	0
SN	non-primary alignments:	0
SN	supplementary alignments:	0
SN	total length:	600600	# ignores clipping
SN	total first fragment length:	300300	# ignores clipping
SN	total last fragment length:	300300	# ignores clipping
SN	bases mapped:	600600	# ignores clipping
SN	bases mapped (cigar):	600600	# more accurate
SN	bases trimmed:	0
SN	bases duplicated:	0
SN	mismatches:	1028	# from NM fields
SN	error rate:	1.711622e-03	# mismatches / bases mapped (cigar)
SN	average length:	150
SN	average first fragment length:	150
SN	average last fragment length:	150
SN	maximum length:	150
SN	maximum first fragment length:	150
SN	maximum last fragment length:	150
SN	average quality:	30.0
SN	insert size average:	501.1
SN	insert size standard deviation:	47.4
SN	inward oriented pairs:	2002
SN	outward oriented pairs:	0
SN	pairs with other orientation:	0
SN	pairs on different chromosomes:	0
SN	percentage of properly paired reads (%):	100.0
# First Fragment Qualities. Use `grep ^FFQ | cut -f 2-` to extract this part.
# Columns correspond to qualities and rows to cycles. First column is the cycle number.
FFQ	1	0	0	0	0	0	0	0	0	0	0	0	0	0	0	0	0	0	0	0	0	0	0	0	0	0	0	0	0	0	0	2002	0
FFQ	2	0	0	0	0	0	0	0	0	0	0	0	0	0	0	0	0	0	0	0	0	0	0	0	0	0	0	0	0	0	0	2002	0
FFQ	3	0	0	0	0	0	0	0	0	0	0	0	0	0	0	0	0	0	0	0	0	0	0	0	0	0	0	0	0	0	0	2002	0
FFQ	4	0	0	0	0	0	0	0	0	0	0	0	0	0	0	0	0	0	0	0	0	0	0	0	0	0	0	0	0	0	0	2002	0
FFQ	5	0	0	0	0	0	0	0	0	0	0	0	0	0	0	0	0	0	0	0	0	0	0	0	0	0	0	0	0	0	0	2002	0
FFQ	6	0	0	0	0	0	0	0	0	0	0	0	0	0	0	0	0	0	0	0	0	0	0	0	0	0	0	0	0	0	0	2002	0
FFQ	7	0	0	0	0	0	0	0	0	0	0	0	0	0	0	0	0	0	0	0	0	0	0	0	0	0	0	0	0	0	0	2002	0
FFQ	8	0	0	0	0	0	0	0	0	0	0	0	0	0	0	0	0	0	0	0	0	0	0	0	0	0	0	0	0	0	0	2002	0
FFQ	9	0	0	0	0	0	0	0	0	0	0	0	0	0	0	0	0	0	0	0	0	0	0	0	0	0	0	0	0	0	0	2002	0
FFQ	10	0	0	0	0	0	0	0	0	0	0	0	0	0	0	0	0	0	0	0	0	0	0	0	0	0	0	0	0	0	0	2002	0
FFQ	11	0	0	0	0	0	0	0	0	0	0	0	0	0	0	0	0	0	0	0	0	0	0	0	0	0	0	0	0	0	0	2002	0
FFQ	12	0	0	0	0	0	0	0	0	0	0	0	0	0	0	0	0	0	0	0	0	0	0	0	0	0	0	0	0	0	0	2002	0
FFQ	13	0	0	0	0	0	0	0	0	0	0	0	0	0	0	0	0	0	0	0	0	0	0	0	0	0	0	0	0	0	0	2002	0
FFQ	14	0	0	0	0	0	0	0	0	0	0	0	0	0	0	0	0	0	0	0	0	0	0	0	0	0	0	0	0	0	0	2002	0
FFQ	15	0	0	0	0	0	0	0	0	0	0	0	0	0	0	0	0	0	0	0	0	0	0	0	0	0	0	0	0	0	0	2002	0
FFQ	16	0	0	0	0	0	0	0	0	0	0	0	0	0	0	0	0	0	0	0	0	0	0	0	0	0	0	0	0	0	0	2002	0
FFQ	17	0	0	0	0	0	0	0	0	0	0	0	0	0	0	0	0	0	0	0	0	0	0	0	0	0	0	0	0	0	0	2002	0
FFQ	18	0	0	0	0	0	0	0	0	0	0	0	0	0	0	0	0	0	0	0	0	0	0	0	0	0	0	0	0	0	0	2002	0
FFQ	19	0	0	0	0	0	0	0	0	0	0	0	0	0	0	0	0	0	0	0	0	0	0	0	0	0	0	0	0	0	0	2002	0
FFQ	20	0	0	0	0	0	0	0	0	0	0	0	0	0	0	0	0	0	0	0	0	0	0	0	0	0	0	0	0	0	0	2002	0
FFQ	21	0	0	0	0	0	0	0	0	0	0	0	0	0	0	0	0	0	0	0	0	0	0	0	0	0	0	0	0	0	0	2002	0
FFQ	22	0	0	0	0	0	0	0	0	0	0	0	0	0	0	0	0	0	0	0	0	0	0	0	0	0	0	0	0	0	0	2002	0
FFQ	23	0	0	0	0	0	0	0	0	0	0	0	0	0	0	0	0	0	0	0	0	0	0	0	0	0	0	0	0	0	0	2002	0
FFQ	24	0	0	0	0	0	0	0	0	0	0	0	0	0	0	0	0	0	0	0	0	0	0	0	0	0	0	0	0	0	0	2002	0
FFQ	25	0	0	0	0	0	0	0	0	0	0	0	0	0	0	0	0	0	0	0	0	0	0	0	0	0	0	0	0	0	0	2002	0
FFQ	26	0	0	0	0	0	0	0	0	0	0	0	0	0	0	0	0	0	0	0	0	0	0	0	0	0	0	0	0	0	0	2002	0
FFQ	27	0	0	0	0	0	0	0	0	0	0	0	0	0	0	0	0	0	0	0	0	0	0	0	0	0	0	0	0	0	0	2002	0
FFQ	28	0	0	0	0	0	0	0	0	0	0	0	0	0	0	0	0	0	0	0	0	0	0	0	0	0	0	0	0	0	0	2002	0
FFQ	29	0	0	0	0	0	0	0	0	0	0	0	0	0	0	0	0	0	0	0	0	0	0	0	0	0	0	0	0	0	0	2002	0
FFQ	30	0	0	0	0	0	0	0	0	0	0	0	0	0	0	0	0	0	0	0	0	0	0	0	0	0	0	0	0	0	0	2002	0
FFQ	31	0	0	0	0	0	0	0	0	0	0	0	0	0	0	0	0	0	0	0	0	0	0	0	0	0	0	0	0	0	0	2002	0
FFQ	32	0	0	0	0	0	0	0	0	0	0	0	0	0	0	0	0	0	0	0	0	0	0	0	0	0	0	0	0	0	0	2002	0
FFQ	33	0	0	0	0	0	0	0	0	0	0	0	0	0	0	0	0	0	0	0	0	0	0	0	0	0	0	0	0	0	0	2002	0
FFQ	34	0	0	0	0	0	0	0	0	0	0	0	0	0	0	0	0	0	0	0	0	0	0	0	0	0	0	0	0	0	0	2002	0
FFQ	35	0	0	0	0	0	0	0	0	0	0	0	0	0	0	0	0	0	0	0	0	0	0	0	0	0	0	0	0	0	0	2002	0
FFQ	36	0	0	0	0	0	0	0	0	0	0	0	0	0	0	0	0	0	0	0	0	0	0	0	0	0	0	0	0	0	0	2002	0
FFQ	37	0	0	0	0	0	0	0	0	0	0	0	0	0	0	0	0	0	0	0	0	0	0	0	0	0	0	0	0	0	0	2002	0
FFQ	38	0	0	0	0	0	0	0	0	0	0	0	0	0	0	0	0	0	0	0	0	0	0	0	0	0	0	0	0	0	0	2002	0
FFQ	39	0	0	0	0	0	0	0	0	0	0	0	0	0	0	0	0	0	0	0	0	0	0	0	0	0	0	0	0	0	0	2002	0
FFQ	40	0	0	0	0	0	0	0	0	0	0	0	0	0	0	0	0	0	0	0	0	0	0	0	0	0	0	0	0	0	0	2002	0
FFQ	41	0	0	0	0	0	0	0	0	0	0	0	0	0	0	0	0	0	0	0	0	0	0	0	0	0	0	0	0	0	0	2002	0
FFQ	42	0	0	0	0	0	0	0	0	0	0	0	0	0	0	0	0	0	0	0	0	0	0	0	0	0	0	0	0	0	0	2002	0
FFQ	43	0	0	0	0	0	0	0	0	0	0	0	0	0	0	0	0	0	0	0	0	0	0	0	0	0	0	0	0	0	0	2002	0
FFQ	44	0	0	0	0	0	0	0	0	0	0	0	0	0	0	0	0	0	0	0	0	0	0	0	0	0	0	0	0	0	0	2002	0
FFQ	45	0	0	0	0	0	0	0	0	0	0	0	0	0	0	0	0	0	0	0	0	0	0	0	0	0	0	0	0	0	0	2002	0
FFQ	46	0	0	0	0	0	0	0	0	0	0	0	0	0	0	0	0	0	0	0	0	0	0	0	0	0	0	0	0	0	0	2002	0
FFQ	47	0	0	0	0	0	0	0	0	0	0	0	0	0	0	0	0	0	0	0	0	0	0	0	0	0	0	0	0	0	0	2002	0
FFQ	48	0	0	0	0	0	0	0	0	0	0	0	0	0	0	0	0	0	0	0	0	0	0	0	0	0	0	0	0	0	0	2002	0
FFQ	49	0	0	0	0	0	0	0	0	0	0	0	0	0	0	0	0	0	0	0	0	0	0	0	0	0	0	0	0	0	0	2002	0
FFQ	50	0	0	0	0	0	0	0	0	0	0	0	0	0	0	0	0	0	0	0	0	0	0	0	0	0	0	0	0	0	0	2002	0
FFQ	51	0	0	0	0	0	0	0	0	0	0	0	0	0	0	0	0	0	0	0	0	0	0	0	0	0	0	0	0	0	0	2002	0
FFQ	52	0	0	0	0	0	0	0	0	0	0	0	0	0	0	0	0	0	0	0	0	0	0	0	0	0	0	0	0	0	0	2002	0
FFQ	53	0	0	0	0	0	0	0	0	0	0	0	0	0	0	0	0	0	0	0	0	0	0	0	0	0	0	0	0	0	0	2002	0
FFQ	54	0	0	0	0	0	0	0	0	0	0	0	0	0	0	0	0	0	0	0	0	0	0	0	0	0	0	0	0	0	0	2002	0
FFQ	55	0	0	0	0	0	0	0	0	0	0	0	0	0	0	0	0	0	0	0	0	0	0	0	0	0	0	0	0	0	0	2002	0
FFQ	56	0	0	0	0	0	0	0	0	0	0	0	0	0	0	0	0	0	0	0	0	0	0	0	0	0	0	0	0	0	0	2002	0
FFQ	57	0	0	0	0	0	0	0	0	0	0	0	0	0	0	0	0	0	0	0	0	0	0	0	0	0	0	0	0	0	0	2002	0
FFQ	58	0	0	0	0	0	0	0	0	0	0	0	0	0	0	0	0	0	0	0	0	0	0	0	0	0	0	0	0	0	0	2002	0
FFQ	59	0	0	0	0	0	0	0	0	0	0	0	0	0	0	0	0	0	0	0	0	0	0	0	0	0	0	0	0	0	0	2002	0
FFQ	60	0	0	0	0	0	0	0	0	0	0	0	0	0	0	0	0	0	0	0	0	0	0	0	0	0	0	0	0	0	0	2002	0
FFQ	61	0	0	0	0	0	0	0	0	0	0	0	0	0	0	0	0	0	0	0	0	0	0	0	0	0	0	0	0	0	0	2002	0
FFQ	62	0	0	0	0	0	0	0	0	0	0	0	0	0	0	0	0	0	0	0	0	0	0	0	0	0	0	0	0	0	0	2002	0
FFQ	63	0	0	0	0	0	0	0	0	0	0	0	0	0	0	0	0	0	0	0	0	0	0	0	0	0	0	0	0	0	0	2002	0
FFQ	64	0	0	0	0	0	0	0	0	0	0	0	0	0	0	0	0	0	0	0	0	0	0	0	0	0	0	0	0	0	0	2002	0
FFQ	65	0	0	0	0	0	0	0	0	0	0	0	0	0	0	0	0	0	0	0	0	0	0	0	0	0	0	0	0	0	0	2002	0
FFQ	66	0	0	0	0	0	0	0	0	0	0	0	0	0	0	0	0	0	0	0	0	0	0	0	0	0	0	0	0	0	0	2002	0
FFQ	67	0	0	0	0	0	0	0	0	0	0	0	0	0	0	0	0	0	0	0	0	0	0	0	0	0	0	0	0	0	0	2002	0
FFQ	68	0	0	0	0	0	0	0	0	0	0	0	0	0	0	0	0	0	0	0	0	0	0	0	0	0	0	0	0	0	0	2002	0
FFQ	69	0	0	0	0	0	0	0	0	0	0	0	0	0	0	0	0	0	0	0	0	0	0	0	0	0	0	0	0	0	0	2002	0
FFQ	70	0	0	0	0	0	0	0	0	0	0	0	0	0	0	0	0	0	0	0	0	0	0	0	0	0	0	0	0	0	0	2002	0
FFQ	71	0	0	0	0	0	0	0	0	0	0	0	0	0	0	0	0	0	0	0	0	0	0	0	0	0	0	0	0	0	0	2002	0
FFQ	72	0	0	0	0	0	0	0	0	0	0	0	0	0	0	0	0	0	0	0	0	0	0	0	0	0	0	0	0	0	0	2002	0
FFQ	73	0	0	0	0	0	0	0	0	0	0	0	0	0	0	0	0	0	0	0	0	0	0	0	0	0	0	0	0	0	0	2002	0
FFQ	74	0	0	0	0	0	0	0	0	0	0	0	0	0	0	0	0	0	0	0	0	0	0	0	0	0	0	0	0	0	0	2002	0
FFQ	75	0	0	0	0	0	0	0	0	0	0	0	0	0	0	0	0	0	0	0	0	0	0	0	0	0	0	0	0	0	0	2002	0
FFQ	76	0	0	0	0	0	0	0	0	0	0	0	0	0	0	0	0	0	0	0	0	0	0	0	0	0	0	0	0	0	0	2002	0
FFQ	77	0	0	0	0	0	0	0	0	0	0	0	0	0	0	0	0	0	0	0	0	0	0	0	0	0	0	0	0	0	0	2002	0
FFQ	78	0	0	0	0	0	0	0	0	0	0	0	0	0	0	0	0	0	0	0	0	0	0	0	0	0	0	0	0	0	0	2002	0
FFQ	79	0	0	0	0	0	0	0	0	0	0	0	0	0	0	0	0	0	0	0	0	0	0	0	0	0	0	0	0	0	0	2002	0
FFQ	80	0	0	0	0	0	0	0	0	0	0	0	0	0	0	0	0	0	0	0	0	0	0	0	0	0	0	0	0	0	0	2002	0
FFQ	81	0	0	0	0	0	0	0	0	0	0	0	0	0	0	0	0	0	0	0	0	0	0	0	0	0	0	0	0	0	0	2002	0
FFQ	82	0	0	0	0	0	0	0	0	0	0	0	0	0	0	0	0	0	0	0	0	0	0	0	0	0	0	0	0	0	0	2002	0
FFQ	83	0	0	0	0	0	0	0	0	0	0	0	0	0	0	0	0	0	0	0	0	0	0	0	0	0	0	0	0	0	0	2002	0
FFQ	84	0	0	0	0	0	0	0	0	0	0	0	0	0	0	0	0	0	0	0	0	0	0	0	0	0	0	0	0	0	0	2002	0
FFQ	85	0	0	0	0	0	0	0	0	0	0	0	0	0	0	0	0	0	0	0	0	0	0	0	0	0	0	0	0	0	0	2002	0
FFQ	86	0	0	0	0	0	0	0	0	0	0	0	0	0	0	0	0	0	0	0	0	0	0	0	0	0	0	0	0	0	0	2002	0
FFQ	87	0	0	0	0	0	0	0	0	0	0	0	0	0	0	0	0	0	0	0	0	0	0	0	0	0	0	0	0	0	0	2002	0
FFQ	88	0	0	0	0	0	0	0	0	0	0	0	0	0	0	0	0	0	0	0	0	0	0	0	0	0	0	0	0	0	0	2002	0
FFQ	89	0	0	0	0	0	0	0	0	0	0	0	0	0	0	0	0	0	0	0	0	0	0	0	0	0	0	0	0	0	0	2002	0
FFQ	90	0	0	0	0	0	0	0	0	0	0	0	0	0	0	0	0	0	0	0	0	0	0	0	0	0	0	0	0	0	0	2002	0
FFQ	91	0	0	0	0	0	0	0	0	0	0	0	0	0	0	0	0	0	0	0	0	0	0	0	0	0	0	0	0	0	0	2002	0
FFQ	92	0	0	0	0	0	0	0	0	0	0	0	0	0	0	0	0	0	0	0	0	0	0	0	0	0	0	0	0	0	0	2002	0
FFQ	93	0	0	0	0	0	0	0	0	0	0	0	0	0	0	0	0	0	0	0	0	0	0	0	0	0	0	0	0	0	0	2002	0
FFQ	94	0	0	0	0	0	0	0	0	0	0	0	0	0	0	0	0	0	0	0	0	0	0	0	0	0	0	0	0	0	0	2002	0
FFQ	95	0	0	0	0	0	0	0	0	0	0	0	0	0	0	0	0	0	0	0	0	0	0	0	0	0	0	0	0	0	0	2002	0
FFQ	96	0	0	0	0	0	0	0	0	0	0	0	0	0	0	0	0	0	0	0	0	0	0	0	0	0	0	0	0	0	0	2002	0
FFQ	97	0	0	0	0	0	0	0	0	0	0	0	0	0	0	0	0	0	0	0	0	0	0	0	0	0	0	0	0	0	0	2002	0
FFQ	98	0	0	0	0	0	0	0	0	0	0	0	0	0	0	0	0	0	0	0	0	0	0	0	0	0	0	0	0	0	0	2002	0
FFQ	99	0	0	0	0	0	0	0	0	0	0	0	0	0	0	0	0	0	0	0	0	0	0	0	0	0	0	0	0	0	0	2002	0
FFQ	100	0	0	0	0	0	0	0	0	0	0	0	0	0	0	0	0	0	0	0	0	0	0	0	0	0	0	0	0	0	0	2002	0
FFQ	101	0	0	0	0	0	0	0	0	0	0	0	0	0	0	0	0	0	0	0	0	0	0	0	0	0	0	0	0	0	0	2002	0
FFQ	102	0	0	0	0	0	0	0	0	0	0	0	0	0	0	0	0	0	0	0	0	0	0	0	0	0	0	0	0	0	0	2002	0
FFQ	103	0	0	0	0	0	0	0	0	0	0	0	0	0	0	0	0	0	0	0	0	0	0	0	0	0	0	0	0	0	0	2002	0
FFQ	104	0	0	0	0	0	0	0	0	0	0	0	0	0	0	0	0	0	0	0	0	0	0	0	0	0	0	0	0	0	0	2002	0
FFQ	105	0	0	0	0	0	0	0	0	0	0	0	0	0	0	0	0	0	0	0	0	0	0	0	0	0	0	0	0	0	0	2002	0
FFQ	106	0	0	0	0	0	0	0	0	0	0	0	0	0	0	0	0	0	0	0	0	0	0	0	0	0	0	0	0	0	0	2002	0
FFQ	107	0	0	0	0	0	0	0	0	0	0	0	0	0	0	0	0	0	0	0	0	0	0	0	0	0	0	0	0	0	0	2002	0
FFQ	108	0	0	0	0	0	0	0	0	0	0	0	0	0	0	0	0	0	0	0	0	0	0	0	0	0	0	0	0	0	0	2002	0
FFQ	109	0	0	0	0	0	0	0	0	0	0	0	0	0	0	0	0	0	0	0	0	0	0	0	0	0	0	0	0	0	0	2002	0
FFQ	110	0	0	0	0	0	0	0	0	0	0	0	0	0	0	0	0	0	0	0	0	0	0	0	0	0	0	0	0	0	0	2002	0
FFQ	111	0	0	0	0	0	0	0	0	0	0	0	0	0	0	0	0	0	0	0	0	0	0	0	0	0	0	0	0	0	0	2002	0
FFQ	112	0	0	0	0	0	0	0	0	0	0	0	0	0	0	0	0	0	0	0	0	0	0	0	0	0	0	0	0	0	0	2002	0
FFQ	113	0	0	0	0	0	0	0	0	0	0	0	0	0	0	0	0	0	0	0	0	0	0	0	0	0	0	0	0	0	0	2002	0
FFQ	114	0	0	0	0	0	0	0	0	0	0	0	0	0	0	0	0	0	0	0	0	0	0	0	0	0	0	0	0	0	0	2002	0
FFQ	115	0	0	0	0	0	0	0	0	0	0	0	0	0	0	0	0	0	0	0	0	0	0	0	0	0	0	0	0	0	0	2002	0
FFQ	116	0	0	0	0	0	0	0	0	0	0	0	0	0	0	0	0	0	0	0	0	0	0	0	0	0	0	0	0	0	0	2002	0
FFQ	117	0	0	0	0	0	0	0	0	0	0	0	0	0	0	0	0	0	0	0	0	0	0	0	0	0	0	0	0	0	0	2002	0
FFQ	118	0	0	0	0	0	0	0	0	0	0	0	0	0	0	0	0	0	0	0	0	0	0	0	0	0	0	0	0	0	0	2002	0
FFQ	119	0	0	0	0	0	0	0	0	0	0	0	0	0	0	0	0	0	0	0	0	0	0	0	0	0	0	0	0	0	0	2002	0
FFQ	120	0	0	0	0	0	0	0	0	0	0	0	0	0	0	0	0	0	0	0	0	0	0	0	0	0	0	0	0	0	0	2002	0
FFQ	121	0	0	0	0	0	0	0	0	0	0	0	0	0	0	0	0	0	0	0	0	0	0	0	0	0	0	0	0	0	0	2002	0
FFQ	122	0	0	0	0	0	0	0	0	0	0	0	0	0	0	0	0	0	0	0	0	0	0	0	0	0	0	0	0	0	0	2002	0
FFQ	123	0	0	0	0	0	0	0	0	0	0	0	0	0	0	0	0	0	0	0	0	0	0	0	0	0	0	0	0	0	0	2002	0
FFQ	124	0	0	0	0	0	0	0	0	0	0	0	0	0	0	0	0	0	0	0	0	0	0	0	0	0	0	0	0	0	0	2002	0
FFQ	125	0	0	0	0	0	0	0	0	0	0	0	0	0	0	0	0	0	0	0	0	0	0	0	0	0	0	0	0	0	0	2002	0
FFQ	126	0	0	0	0	0	0	0	0	0	0	0	0	0	0	0	0	0	0	0	0	0	0	0	0	0	0	0	0	0	0	2002	0
FFQ	127	0	0	0	0	0	0	0	0	0	0	0	0	0	0	0	0	0	0	0	0	0	0	0	0	0	0	0	0	0	0	2002	0
FFQ	128	0	0	0	0	0	0	0	0	0	0	0	0	0	0	0	0	0	0	0	0	0	0	0	0	0	0	0	0	0	0	2002	0
FFQ	129	0	0	0	0	0	0	0	0	0	0	0	0	0	0	0	0	0	0	0	0	0	0	0	0	0	0	0	0	0	0	2002	0
FFQ	130	0	0	0	0	0	0	0	0	0	0	0	0	0	0	0	0	0	0	0	0	0	0	0	0	0	0	0	0	0	0	2002	0
FFQ	131	0	0	0	0	0	0	0	0	0	0	0	0	0	0	0	0	0	0	0	0	0	0	0	0	0	0	0	0	0	0	2002	0
FFQ	132	0	0	0	0	0	0	0	0	0	0	0	0	0	0	0	0	0	0	0	0	0	0	0	0	0	0	0	0	0	0	2002	0
FFQ	133	0	0	0	0	0	0	0	0	0	0	0	0	0	0	0	0	0	0	0	0	0	0	0	0	0	0	0	0	0	0	2002	0
FFQ	134	0	0	0	0	0	0	0	0	0	0	0	0	0	0	0	0	0	0	0	0	0	0	0	0	0	0	0	0	0	0	2002	0
FFQ	135	0	0	0	0	0	0	0	0	0	0	0	0	0	0	0	0	0	0	0	0	0	0	0	0	0	0	0	0	0	0	2002	0
FFQ	136	0	0	0	0	0	0	0	0	0	0	0	0	0	0	0	0	0	0	0	0	0	0	0	0	0	0	0	0	0	0	2002	0
FFQ	137	0	0	0	0	0	0	0	0	0	0	0	0	0	0	0	0	0	0	0	0	0	0	0	0	0	0	0	0	0	0	2002	0
FFQ	138	0	0	0	0	0	0	0	0	0	0	0	0	0	0	0	0	0	0	0	0	0	0	0	0	0	0	0	0	0	0	2002	0
FFQ	139	0	0	0	0	0	0	0	0	0	0	0	0	0	0	0	0	0	0	0	0	0	0	0	0	0	0	0	0	0	0	2002	0
FFQ	140	0	0	0	0	0	0	0	0	0	0	0	0	0	0	0	0	0	0	0	0	0	0	0	0	0	0	0	0	0	0	2002	0
FFQ	141	0	0	0	0	0	0	0	0	0	0	0	0	0	0	0	0	0	0	0	0	0	0	0	0	0	0	0	0	0	0	2002	0
FFQ	142	0	0	0	0	0	0	0	0	0	0	0	0	0	0	0	0	0	0	0	0	0	0	0	0	0	0	0	0	0	0	2002	0
FFQ	143	0	0	0	0	0	0	0	0	0	0	0	0	0	0	0	0	0	0	0	0	0	0	0	0	0	0	0	0	0	0	2002	0
FFQ	144	0	0	0	0	0	0	0	0	0	0	0	0	0	0	0	0	0	0	0	0	0	0	0	0	0	0	0	0	0	0	2002	0
FFQ	145	0	0	0	0	0	0	0	0	0	0	0	0	0	0	0	0	0	0	0	0	0	0	0	0	0	0	0	0	0	0	2002	0
FFQ	146	0	0	0	0	0	0	0	0	0	0	0	0	0	0	0	0	0	0	0	0	0	0	0	0	0	0	0	0	0	0	2002	0
FFQ	147	0	0	0	0	0	0	0	0	0	0	0	0	0	0	0	0	0	0	0	0	0	0	0	0	0	0	0	0	0	0	2002	0
FFQ	148	0	0	0	0	0	0	0	0	0	0	0	0	0	0	0	0	0	0	0	0	0	0	0	0	0	0	0	0	0	0	2002	0
FFQ	149	0	0	0	0	0	0	0	0	0	0	0	0	0	0	0	0	0	0	0	0	0	0	0	0	0	0	0	0	0	0	2002	0
FFQ	150	0	0	0	0	0	0	0	0	0	0	0	0	0	0	0	0	0	0	0	0	0	0	0	0	0	0	0	0	0	0	2002	0
# Last Fragment Qualities. Use `grep ^LFQ | cut -f 2-` to extract this part.
# Columns correspond to qualities and rows to cycles. First column is the cycle number.
LFQ	1	0	0	0	0	0	0	0	0	0	0	0	0	0	0	0	0	0	0	0	0	0	0	0	0	0	0	0	0	0	0	2002	0
LFQ	2	0	0	0	0	0	0	0	0	0	0	0	0	0	0	0	0	0	0	0	0	0	0	0	0	0	0	0	0	0	0	2002	0
LFQ	3	0	0	0	0	0	0	0	0	0	0	0	0	0	0	0	0	0	0	0	0	0	0	0	0	0	0	0	0	0	0	2002	0
LFQ	4	0	0	0	0	0	0	0	0	0	0	0	0	0	0	0	0	0	0	0	0	0	0	0	0	0	0	0	0	0	0	2002	0
LFQ	5	0	0	0	0	0	0	0	0	0	0	0	0	0	0	0	0	0	0	0	0	0	0	0	0	0	0	0	0	0	0	2002	0
LFQ	6	0	0	0	0	0	0	0	0	0	0	0	0	0	0	0	0	0	0	0	0	0	0	0	0	0	0	0	0	0	0	2002	0
LFQ	7	0	0	0	0	0	0	0	0	0	0	0	0	0	0	0	0	0	0	0	0	0	0	0	0	0	0	0	0	0	0	2002	0
LFQ	8	0	0	0	0	0	0	0	0	0	0	0	0	0	0	0	0	0	0	0	0	0	0	0	0	0	0	0	0	0	0	2002	0
LFQ	9	0	0	0	0	0	0	0	0	0	0	0	0	0	0	0	0	0	0	0	0	0	0	0	0	0	0	0	0	0	0	2002	0
LFQ	10	0	0	0	0	0	0	0	0	0	0	0	0	0	0	0	0	0	0	0	0	0	0	0	0	0	0	0	0	0	0	2002	0
LFQ	11	0	0	0	0	0	0	0	0	0	0	0	0	0	0	0	0	0	0	0	0	0	0	0	0	0	0	0	0	0	0	2002	0
LFQ	12	0	0	0	0	0	0	0	0	0	0	0	0	0	0	0	0	0	0	0	0	0	0	0	0	0	0	0	0	0	0	2002	0
LFQ	13	0	0	0	0	0	0	0	0	0	0	0	0	0	0	0	0	0	0	0	0	0	0	0	0	0	0	0	0	0	0	2002	0
LFQ	14	0	0	0	0	0	0	0	0	0	0	0	0	0	0	0	0	0	0	0	0	0	0	0	0	0	0	0	0	0	0	2002	0
LFQ	15	0	0	0	0	0	0	0	0	0	0	0	0	0	0	0	0	0	0	0	0	0	0	0	0	0	0	0	0	0	0	2002	0
LFQ	16	0	0	0	0	0	0	0	0	0	0	0	0	0	0	0	0	0	0	0	0	0	0	0	0	0	0	0	0	0	0	2002	0
LFQ	17	0	0	0	0	0	0	0	0	0	0	0	0	0	0	0	0	0	0	0	0	0	0	0	0	0	0	0	0	0	0	2002	0
LFQ	18	0	0	0	0	0	0	0	0	0	0	0	0	0	0	0	0	0	0	0	0	0	0	0	0	0	0	0	0	0	0	2002	0
LFQ	19	0	0	0	0	0	0	0	0	0	0	0	0	0	0	0	0	0	0	0	0	0	0	0	0	0	0	0	0	0	0	2002	0
LFQ	20	0	0	0	0	0	0	0	0	0	0	0	0	0	0	0	0	0	0	0	0	0	0	0	0	0	0	0	0	0	0	2002	0
LFQ	21	0	0	0	0	0	0	0	0	0	0	0	0	0	0	0	0	0	0	0	0	0	0	0	0	0	0	0	0	0	0	2002	0
LFQ	22	0	0	0	0	0	0	0	0	0	0	0	0	0	0	0	0	0	0	0	0	0	0	0	0	0	0	0	0	0	0	2002	0
LFQ	23	0	0	0	0	0	0	0	0	0	0	0	0	0	0	0	0	0	0	0	0	0	0	0	0	0	0	0	0	0	0	2002	0
LFQ	24	0	0	0	0	0	0	0	0	0	0	0	0	0	0	0	0	0	0	0	0	0	0	0	0	0	0	0	0	0	0	2002	0
LFQ	25	0	0	0	0	0	0	0	0	0	0	0	0	0	0	0	0	0	0	0	0	0	0	0	0	0	0	0	0	0	0	2002	0
LFQ	26	0	0	0	0	0	0	0	0	0	0	0	0	0	0	0	0	0	0	0	0	0	0	0	0	0	0	0	0	0	0	2002	0
LFQ	27	0	0	0	0	0	0	0	0	0	0	0	0	0	0	0	0	0	0	0	0	0	0	0	0	0	0	0	0	0	0	2002	0
LFQ	28	0	0	0	0	0	0	0	0	0	0	0	0	0	0	0	0	0	0	0	0	0	0	0	0	0	0	0	0	0	0	2002	0
LFQ	29	0	0	0	0	0	0	0	0	0	0	0	0	0	0	0	0	0	0	0	0	0	0	0	0	0	0	0	0	0	0	2002	0
LFQ	30	0	0	0	0	0	0	0	0	0	0	0	0	0	0	0	0	0	0	0	0	0	0	0	0	0	0	0	0	0	0	2002	0
LFQ	31	0	0	0	0	0	0	0	0	0	0	0	0	0	0	0	0	0	0	0	0	0	0	0	0	0	0	0	0	0	0	2002	0
LFQ	32	0	0	0	0	0	0	0	0	0	0	0	0	0	0	0	0	0	0	0	0	0	0	0	0	0	0	0	0	0	0	2002	0
LFQ	33	0	0	0	0	0	0	0	0	0	0	0	0	0	0	0	0	0	0	0	0	0	0	0	0	0	0	0	0	0	0	2002	0
LFQ	34	0	0	0	0	0	0	0	0	0	0	0	0	0	0	0	0	0	0	0	0	0	0	0	0	0	0	0	0	0	0	2002	0
LFQ	35	0	0	0	0	0	0	0	0	0	0	0	0	0	0	0	0	0	0	0	0	0	0	0	0	0	0	0	0	0	0	2002	0
LFQ	36	0	0	0	0	0	0	0	0	0	0	0	0	0	0	0	0	0	0	0	0	0	0	0	0	0	0	0	0	0	0	2002	0
LFQ	37	0	0	0	0	0	0	0	0	0	0	0	0	0	0	0	0	0	0	0	0	0	0	0	0	0	0	0	0	0	0	2002	0
LFQ	38	0	0	0	0	0	0	0	0	0	0	0	0	0	0	0	0	0	0	0	0	0	0	0	0	0	0	0	0	0	0	2002	0
LFQ	39	0	0	0	0	0	0	0	0	0	0	0	0	0	0	0	0	0	0	0	0	0	0	0	0	0	0	0	0	0	0	2002	0
LFQ	40	0	0	0	0	0	0	0	0	0	0	0	0	0	0	0	0	0	0	0	0	0	0	0	0	0	0	0	0	0	0	2002	0
LFQ	41	0	0	0	0	0	0	0	0	0	0	0	0	0	0	0	0	0	0	0	0	0	0	0	0	0	0	0	0	0	0	2002	0
LFQ	42	0	0	0	0	0	0	0	0	0	0	0	0	0	0	0	0	0	0	0	0	0	0	0	0	0	0	0	0	0	0	2002	0
LFQ	43	0	0	0	0	0	0	0	0	0	0	0	0	0	0	0	0	0	0	0	0	0	0	0	0	0	0	0	0	0	0	2002	0
LFQ	44	0	0	0	0	0	0	0	0	0	0	0	0	0	0	0	0	0	0	0	0	0	0	0	0	0	0	0	0	0	0	2002	0
LFQ	45	0	0	0	0	0	0	0	0	0	0	0	0	0	0	0	0	0	0	0	0	0	0	0	0	0	0	0	0	0	0	2002	0
LFQ	46	0	0	0	0	0	0	0	0	0	0	0	0	0	0	0	0	0	0	0	0	0	0	0	0	0	0	0	0	0	0	2002	0
LFQ	47	0	0	0	0	0	0	0	0	0	0	0	0	0	0	0	0	0	0	0	0	0	0	0	0	0	0	0	0	0	0	2002	0
LFQ	48	0	0	0	0	0	0	0	0	0	0	0	0	0	0	0	0	0	0	0	0	0	0	0	0	0	0	0	0	0	0	2002	0
LFQ	49	0	0	0	0	0	0	0	0	0	0	0	0	0	0	0	0	0	0	0	0	0	0	0	0	0	0	0	0	0	0	2002	0
LFQ	50	0	0	0	0	0	0	0	0	0	0	0	0	0	0	0	0	0	0	0	0	0	0	0	0	0	0	0	0	0	0	2002	0
LFQ	51	0	0	0	0	0	0	0	0	0	0	0	0	0	0	0	0	0	0	0	0	0	0	0	0	0	0	0	0	0	0	2002	0
LFQ	52	0	0	0	0	0	0	0	0	0	0	0	0	0	0	0	0	0	0	0	0	0	0	0	0	0	0	0	0	0	0	2002	0
LFQ	53	0	0	0	0	0	0	0	0	0	0	0	0	0	0	0	0	0	0	0	0	0	0	0	0	0	0	0	0	0	0	2002	0
LFQ	54	0	0	0	0	0	0	0	0	0	0	0	0	0	0	0	0	0	0	0	0	0	0	0	0	0	0	0	0	0	0	2002	0
LFQ	55	0	0	0	0	0	0	0	0	0	0	0	0	0	0	0	0	0	0	0	0	0	0	0	0	0	0	0	0	0	0	2002	0
LFQ	56	0	0	0	0	0	0	0	0	0	0	0	0	0	0	0	0	0	0	0	0	0	0	0	0	0	0	0	0	0	0	2002	0
LFQ	57	0	0	0	0	0	0	0	0	0	0	0	0	0	0	0	0	0	0	0	0	0	0	0	0	0	0	0	0	0	0	2002	0
LFQ	58	0	0	0	0	0	0	0	0	0	0	0	0	0	0	0	0	0	0	0	0	0	0	0	0	0	0	0	0	0	0	2002	0
LFQ	59	0	0	0	0	0	0	0	0	0	0	0	0	0	0	0	0	0	0	0	0	0	0	0	0	0	0	0	0	0	0	2002	0
LFQ	60	0	0	0	0	0	0	0	0	0	0	0	0	0	0	0	0	0	0	0	0	0	0	0	0	0	0	0	0	0	0	2002	0
LFQ	61	0	0	0	0	0	0	0	0	0	0	0	0	0	0	0	0	0	0	0	0	0	0	0	0	0	0	0	0	0	0	2002	0
LFQ	62	0	0	0	0	0	0	0	0	0	0	0	0	0	0	0	0	0	0	0	0	0	0	0	0	0	0	0	0	0	0	2002	0
LFQ	63	0	0	0	0	0	0	0	0	0	0	0	0	0	0	0	0	0	0	0	0	0	0	0	0	0	0	0	0	0	0	2002	0
LFQ	64	0	0	0	0	0	0	0	0	0	0	0	0	0	0	0	0	0	0	0	0	0	0	0	0	0	0	0	0	0	0	2002	0
LFQ	65	0	0	0	0	0	0	0	0	0	0	0	0	0	0	0	0	0	0	0	0	0	0	0	0	0	0	0	0	0	0	2002	0
LFQ	66	0	0	0	0	0	0	0	0	0	0	0	0	0	0	0	0	0	0	0	0	0	0	0	0	0	0	0	0	0	0	2002	0
LFQ	67	0	0	0	0	0	0	0	0	0	0	0	0	0	0	0	0	0	0	0	0	0	0	0	0	0	0	0	0	0	0	2002	0
LFQ	68	0	0	0	0	0	0	0	0	0	0	0	0	0	0	0	0	0	0	0	0	0	0	0	0	0	0	0	0	0	0	2002	0
LFQ	69	0	0	0	0	0	0	0	0	0	0	0	0	0	0	0	0	0	0	0	0	0	0	0	0	0	0	0	0	0	0	2002	0
LFQ	70	0	0	0	0	0	0	0	0	0	0	0	0	0	0	0	0	0	0	0	0	0	0	0	0	0	0	0	0	0	0	2002	0
LFQ	71	0	0	0	0	0	0	0	0	0	0	0	0	0	0	0	0	0	0	0	0	0	0	0	0	0	0	0	0	0	0	2002	0
LFQ	72	0	0	0	0	0	0	0	0	0	0	0	0	0	0	0	0	0	0	0	0	0	0	0	0	0	0	0	0	0	0	2002	0
LFQ	73	0	0	0	0	0	0	0	0	0	0	0	0	0	0	0	0	0	0	0	0	0	0	0	0	0	0	0	0	0	0	2002	0
LFQ	74	0	0	0	0	0	0	0	0	0	0	0	0	0	0	0	0	0	0	0	0	0	0	0	0	0	0	0	0	0	0	2002	0
LFQ	75	0	0	0	0	0	0	0	0	0	0	0	0	0	0	0	0	0	0	0	0	0	0	0	0	0	0	0	0	0	0	2002	0
LFQ	76	0	0	0	0	0	0	0	0	0	0	0	0	0	0	0	0	0	0	0	0	0	0	0	0	0	0	0	0	0	0	2002	0
LFQ	77	0	0	0	0	0	0	0	0	0	0	0	0	0	0	0	0	0	0	0	0	0	0	0	0	0	0	0	0	0	0	2002	0
LFQ	78	0	0	0	0	0	0	0	0	0	0	0	0	0	0	0	0	0	0	0	0	0	0	0	0	0	0	0	0	0	0	2002	0
LFQ	79	0	0	0	0	0	0	0	0	0	0	0	0	0	0	0	0	0	0	0	0	0	0	0	0	0	0	0	0	0	0	2002	0
LFQ	80	0	0	0	0	0	0	0	0	0	0	0	0	0	0	0	0	0	0	0	0	0	0	0	0	0	0	0	0	0	0	2002	0
LFQ	81	0	0	0	0	0	0	0	0	0	0	0	0	0	0	0	0	0	0	0	0	0	0	0	0	0	0	0	0	0	0	2002	0
LFQ	82	0	0	0	0	0	0	0	0	0	0	0	0	0	0	0	0	0	0	0	0	0	0	0	0	0	0	0	0	0	0	2002	0
LFQ	83	0	0	0	0	0	0	0	0	0	0	0	0	0	0	0	0	0	0	0	0	0	0	0	0	0	0	0	0	0	0	2002	0
LFQ	84	0	0	0	0	0	0	0	0	0	0	0	0	0	0	0	0	0	0	0	0	0	0	0	0	0	0	0	0	0	0	2002	0
LFQ	85	0	0	0	0	0	0	0	0	0	0	0	0	0	0	0	0	0	0	0	0	0	0	0	0	0	0	0	0	0	0	2002	0
LFQ	86	0	0	0	0	0	0	0	0	0	0	0	0	0	0	0	0	0	0	0	0	0	0	0	0	0	0	0	0	0	0	2002	0
LFQ	87	0	0	0	0	0	0	0	0	0	0	0	0	0	0	0	0	0	0	0	0	0	0	0	0	0	0	0	0	0	0	2002	0
LFQ	88	0	0	0	0	0	0	0	0	0	0	0	0	0	0	0	0	0	0	0	0	0	0	0	0	0	0	0	0	0	0	2002	0
LFQ	89	0	0	0	0	0	0	0	0	0	0	0	0	0	0	0	0	0	0	0	0	0	0	0	0	0	0	0	0	0	0	2002	0
LFQ	90	0	0	0	0	0	0	0	0	0	0	0	0	0	0	0	0	0	0	0	0	0	0	0	0	0	0	0	0	0	0	2002	0
LFQ	91	0	0	0	0	0	0	0	0	0	0	0	0	0	0	0	0	0	0	0	0	0	0	0	0	0	0	0	0	0	0	2002	0
LFQ	92	0	0	0	0	0	0	0	0	0	0	0	0	0	0	0	0	0	0	0	0	0	0	0	0	0	0	0	0	0	0	2002	0
LFQ	93	0	0	0	0	0	0	0	0	0	0	0	0	0	0	0	0	0	0	0	0	0	0	0	0	0	0	0	0	0	0	2002	0
LFQ	94	0	0	0	0	0	0	0	0	0	0	0	0	0	0	0	0	0	0	0	0	0	0	0	0	0	0	0	0	0	0	2002	0
LFQ	95	0	0	0	0	0	0	0	0	0	0	0	0	0	0	0	0	0	0	0	0	0	0	0	0	0	0	0	0	0	0	2002	0
LFQ	96	0	0	0	0	0	0	0	0	0	0	0	0	0	0	0	0	0	0	0	0	0	0	0	0	0	0	0	0	0	0	2002	0
LFQ	97	0	0	0	0	0	0	0	0	0	0	0	0	0	0	0	0	0	0	0	0	0	0	0	0	0	0	0	0	0	0	2002	0
LFQ	98	0	0	0	0	0	0	0	0	0	0	0	0	0	0	0	0	0	0	0	0	0	0	0	0	0	0	0	0	0	0	2002	0
LFQ	99	0	0	0	0	0	0	0	0	0	0	0	0	0	0	0	0	0	0	0	0	0	0	0	0	0	0	0	0	0	0	2002	0
LFQ	100	0	0	0	0	0	0	0	0	0	0	0	0	0	0	0	0	0	0	0	0	0	0	0	0	0	0	0	0	0	0	2002	0
LFQ	101	0	0	0	0	0	0	0	0	0	0	0	0	0	0	0	0	0	0	0	0	0	0	0	0	0	0	0	0	0	0	2002	0
LFQ	102	0	0	0	0	0	0	0	0	0	0	0	0	0	0	0	0	0	0	0	0	0	0	0	0	0	0	0	0	0	0	2002	0
LFQ	103	0	0	0	0	0	0	0	0	0	0	0	0	0	0	0	0	0	0	0	0	0	0	0	0	0	0	0	0	0	0	2002	0
LFQ	104	0	0	0	0	0	0	0	0	0	0	0	0	0	0	0	0	0	0	0	0	0	0	0	0	0	0	0	0	0	0	2002	0
LFQ	105	0	0	0	0	0	0	0	0	0	0	0	0	0	0	0	0	0	0	0	0	0	0	0	0	0	0	0	0	0	0	2002	0
LFQ	106	0	0	0	0	0	0	0	0	0	0	0	0	0	0	0	0	0	0	0	0	0	0	0	0	0	0	0	0	0	0	2002	0
LFQ	107	0	0	0	0	0	0	0	0	0	0	0	0	0	0	0	0	0	0	0	0	0	0	0	0	0	0	0	0	0	0	2002	0
LFQ	108	0	0	0	0	0	0	0	0	0	0	0	0	0	0	0	0	0	0	0	0	0	0	0	0	0	0	0	0	0	0	2002	0
LFQ	109	0	0	0	0	0	0	0	0	0	0	0	0	0	0	0	0	0	0	0	0	0	0	0	0	0	0	0	0	0	0	2002	0
LFQ	110	0	0	0	0	0	0	0	0	0	0	0	0	0	0	0	0	0	0	0	0	0	0	0	0	0	0	0	0	0	0	2002	0
LFQ	111	0	0	0	0	0	0	0	0	0	0	0	0	0	0	0	0	0	0	0	0	0	0	0	0	0	0	0	0	0	0	2002	0
LFQ	112	0	0	0	0	0	0	0	0	0	0	0	0	0	0	0	0	0	0	0	0	0	0	0	0	0	0	0	0	0	0	2002	0
LFQ	113	0	0	0	0	0	0	0	0	0	0	0	0	0	0	0	0	0	0	0	0	0	0	0	0	0	0	0	0	0	0	2002	0
LFQ	114	0	0	0	0	0	0	0	0	0	0	0	0	0	0	0	0	0	0	0	0	0	0	0	0	0	0	0	0	0	0	2002	0
LFQ	115	0	0	0	0	0	0	0	0	0	0	0	0	0	0	0	0	0	0	0	0	0	0	0	0	0	0	0	0	0	0	2002	0
LFQ	116	0	0	0	0	0	0	0	0	0	0	0	0	0	0	0	0	0	0	0	0	0	0	0	0	0	0	0	0	0	0	2002	0
LFQ	117	0	0	0	0	0	0	0	0	0	0	0	0	0	0	0	0	0	0	0	0	0	0	0	0	0	0	0	0	0	0	2002	0
LFQ	118	0	0	0	0	0	0	0	0	0	0	0	0	0	0	0	0	0	0	0	0	0	0	0	0	0	0	0	0	0	0	2002	0
LFQ	119	0	0	0	0	0	0	0	0	0	0	0	0	0	0	0	0	0	0	0	0	0	0	0	0	0	0	0	0	0	0	2002	0
LFQ	120	0	0	0	0	0	0	0	0	0	0	0	0	0	0	0	0	0	0	0	0	0	0	0	0	0	0	0	0	0	0	2002	0
LFQ	121	0	0	0	0	0	0	0	0	0	0	0	0	0	0	0	0	0	0	0	0	0	0	0	0	0	0	0	0	0	0	2002	0
LFQ	122	0	0	0	0	0	0	0	0	0	0	0	0	0	0	0	0	0	0	0	0	0	0	0	0	0	0	0	0	0	0	2002	0
LFQ	123	0	0	0	0	0	0	0	0	0	0	0	0	0	0	0	0	0	0	0	0	0	0	0	0	0	0	0	0	0	0	2002	0
LFQ	124	0	0	0	0	0	0	0	0	0	0	0	0	0	0	0	0	0	0	0	0	0	0	0	0	0	0	0	0	0	0	2002	0
LFQ	125	0	0	0	0	0	0	0	0	0	0	0	0	0	0	0	0	0	0	0	0	0	0	0	0	0	0	0	0	0	0	2002	0
LFQ	126	0	0	0	0	0	0	0	0	0	0	0	0	0	0	0	0	0	0	0	0	0	0	0	0	0	0	0	0	0	0	2002	0
LFQ	127	0	0	0	0	0	0	0	0	0	0	0	0	0	0	0	0	0	0	0	0	0	0	0	0	0	0	0	0	0	0	2002	0
LFQ	128	0	0	0	0	0	0	0	0	0	0	0	0	0	0	0	0	0	0	0	0	0	0	0	0	0	0	0	0	0	0	2002	0
LFQ	129	0	0	0	0	0	0	0	0	0	0	0	0	0	0	0	0	0	0	0	0	0	0	0	0	0	0	0	0	0	0	2002	0
LFQ	130	0	0	0	0	0	0	0	0	0	0	0	0	0	0	0	0	0	0	0	0	0	0	0	0	0	0	0	0	0	0	2002	0
LFQ	131	0	0	0	0	0	0	0	0	0	0	0	0	0	0	0	0	0	0	0	0	0	0	0	0	0	0	0	0	0	0	2002	0
LFQ	132	0	0	0	0	0	0	0	0	0	0	0	0	0	0	0	0	0	0	0	0	0	0	0	0	0	0	0	0	0	0	2002	0
LFQ	133	0	0	0	0	0	0	0	0	0	0	0	0	0	0	0	0	0	0	0	0	0	0	0	0	0	0	0	0	0	0	2002	0
LFQ	134	0	0	0	0	0	0	0	0	0	0	0	0	0	0	0	0	0	0	0	0	0	0	0	0	0	0	0	0	0	0	2002	0
LFQ	135	0	0	0	0	0	0	0	0	0	0	0	0	0	0	0	0	0	0	0	0	0	0	0	0	0	0	0	0	0	0	2002	0
LFQ	136	0	0	0	0	0	0	0	0	0	0	0	0	0	0	0	0	0	0	0	0	0	0	0	0	0	0	0	0	0	0	2002	0
LFQ	137	0	0	0	0	0	0	0	0	0	0	0	0	0	0	0	0	0	0	0	0	0	0	0	0	0	0	0	0	0	0	2002	0
LFQ	138	0	0	0	0	0	0	0	0	0	0	0	0	0	0	0	0	0	0	0	0	0	0	0	0	0	0	0	0	0	0	2002	0
LFQ	139	0	0	0	0	0	0	0	0	0	0	0	0	0	0	0	0	0	0	0	0	0	0	0	0	0	0	0	0	0	0	2002	0
LFQ	140	0	0	0	0	0	0	0	0	0	0	0	0	0	0	0	0	0	0	0	0	0	0	0	0	0	0	0	0	0	0	2002	0
LFQ	141	0	0	0	0	0	0	0	0	0	0	0	0	0	0	0	0	0	0	0	0	0	0	0	0	0	0	0	0	0	0	2002	0
LFQ	142	0	0	0	0	0	0	0	0	0	0	0	0	0	0	0	0	0	0	0	0	0	0	0	0	0	0	0	0	0	0	2002	0
LFQ	143	0	0	0	0	0	0	0	0	0	0	0	0	0	0	0	0	0	0	0	0	0	0	0	0	0	0	0	0	0	0	2002	0
LFQ	144	0	0	0	0	0	0	0	0	0	0	0	0	0	0	0	0	0	0	0	0	0	0	0	0	0	0	0	0	0	0	2002	0
LFQ	145	0	0	0	0	0	0	0	0	0	0	0	0	0	0	0	0	0	0	0	0	0	0	0	0	0	0	0	0	0	0	2002	0
LFQ	146	0	0	0	0	0	0	0	0	0	0	0	0	0	0	0	0	0	0	0	0	0	0	0	0	0	0	0	0	0	0	2002	0
LFQ	147	0	0	0	0	0	0	0	0	0	0	0	0	0	0	0	0	0	0	0	0	0	0	0	0	0	0	0	0	0	0	2002	0
LFQ	148	0	0	0	0	0	0	0	0	0	0	0	0	0	0	0	0	0	0	0	0	0	0	0	0	0	0	0	0	0	0	2002	0
LFQ	149	0	0	0	0	0	0	0	0	0	0	0	0	0	0	0	0	0	0	0	0	0	0	0	0	0	0	0	0	0	0	2002	0
LFQ	150	0	0	0	0	0	0	0	0	0	0	0	0	0	0	0	0	0	0	0	0	0	0	0	0	0	0	0	0	0	0	2002	0
# GC Content of first fragments. Use `grep ^GCF | cut -f 2-` to extract this part.
GCF	5.78	0
GCF	12.06	1
GCF	14.07	0
GCF	16.33	1
GCF	17.34	0
GCF	18.09	2
GCF	18.84	3
GCF	19.35	1
GCF	20.10	2
GCF	21.11	3
GCF	22.11	2
GCF	22.86	6
GCF	23.37	5
GCF	24.12	12
GCF	24.87	14
GCF	25.38	8
GCF	26.13	19
GCF	26.88	18
GCF	27.39	22
GCF	28.14	20
GCF	28.89	29
GCF	29.40	25
GCF	30.15	36
GCF	30.90	38
GCF	31.41	45
GCF	32.16	46
GCF	32.91	57
GCF	33.42	56
GCF	33.92	62
GCF	34.67	71
GCF	35.43	81
GCF	35.93	74
GCF	36.68	98
GCF	37.44	64
GCF	37.94	60
GCF	38.94	70
GCF	39.95	74
GCF	40.70	56
GCF	41.46	59
GCF	41.96	58
GCF	42.71	61
GCF	43.47	63
GCF	43.97	46
GCF	44.72	55
GCF	45.73	46
GCF	46.73	43
GCF	47.49	42
GCF	47.99	35
GCF	48.74	30
GCF	49.50	17
GCF	50.00	20
GCF	51.26	17
GCF	53.02	5
GCF	54.52	9
GCF	55.78	5
GCF	56.78	4
GCF	57.54	2
GCF	58.54	5
GCF	59.55	4
GCF	60.05	2
GCF	60.80	3
GCF	61.56	2
GCF	63.07	1
GCF	64.82	0
GCF	65.58	2
GCF	66.08	1
GCF	67.59	0
GCF	69.35	3
# GC Content of last fragments. Use `grep ^GCL | cut -f 2-` to extract this part.
GCL	3.77	0
GCL	8.04	1
GCL	9.05	0
GCL	10.05	1
GCL	13.57	0
GCL	16.83	1
GCL	17.84	0
GCL	18.84	3
GCL	19.35	1
GCL	20.10	0
GCL	20.85	1
GCL	21.36	8
GCL	22.11	4
GCL	22.86	3
GCL	23.37	7
GCL	24.12	8
GCL	24.87	11
GCL	25.38	10
GCL	26.13	14
GCL	26.88	16
GCL	27.39	23
GCL	28.14	24
GCL	28.89	35
GCL	29.40	28
GCL	30.15	39
GCL	30.90	38
GCL	31.41	39
GCL	32.16	46
GCL	32.91	53
GCL	33.42	65
GCL	33.92	49
GCL	34.67	71
GCL	35.43	82
GCL	35.93	68
GCL	36.68	80
GCL	37.44	67
GCL	37.94	76
GCL	38.69	72
GCL	39.45	74
GCL	39.95	68
GCL	40.70	79
GCL	41.46	68
GCL	41.96	56
GCL	42.71	48
GCL	43.47	65
GCL	43.97	50
GCL	44.72	60
GCL	45.48	49
GCL	46.48	43
GCL	47.49	45
GCL	47.99	30
GCL	48.74	19
GCL	49.50	16
GCL	50.00	18
GCL	50.75	24
GCL	51.51	11
GCL	52.01	10
GCL	52.76	7
GCL	53.52	8
GCL	54.02	9
GCL	55.03	10
GCL	56.03	5
GCL	56.78	3
GCL	57.54	4
GCL	58.04	8
GCL	58.79	4
GCL	59.55	1
GCL	60.05	3
GCL	60.80	1
GCL	61.56	2
GCL	62.56	0
GCL	63.57	3
GCL	64.82	0
GCL	66.08	1
GCL	66.58	0
GCL	67.34	1
GCL	68.34	0
GCL	69.35	1
GCL	70.10	0
GCL	70.60	1
# ACGT content per cycle. Use `grep ^GCC | cut -f 2-` to extract this part. The columns are: cycle; A,C,G,T base counts as a percentage of all A/C/G/T bases [%]; and N and O counts as a percentage of all A/C/G/T bases [%]
GCC	1	30.25	19.89	18.59	31.28	0.02	0.00
GCC	2	30.49	20.28	19.38	29.85	0.00	0.00
GCC	3	31.74	19.63	18.63	30.00	0.00	0.00
GCC	4	32.14	19.83	19.61	28.42	0.00	0.00
GCC	5	31.27	20.10	18.38	30.24	0.00	0.00
GCC	6	30.79	19.58	18.48	31.14	0.00	0.00
GCC	7	31.67	19.18	19.18	29.97	0.00	0.00
GCC	8	30.69	19.01	18.01	32.29	0.00	0.00
GCC	9	31.87	19.58	19.06	29.50	0.00	0.00
GCC	10	31.44	18.78	18.33	31.44	0.00	0.00
GCC	11	30.34	19.96	19.56	30.14	0.00	0.00
GCC	12	30.57	19.78	19.16	30.49	0.00	0.00
GCC	13	31.12	19.66	19.58	29.65	0.00	0.00
GCC	14	30.79	21.18	19.43	28.60	0.00	0.00
GCC	15	31.79	18.26	19.18	30.77	0.00	0.00
GCC	16	30.54	20.23	19.16	30.07	0.00	0.00
GCC	17	30.09	20.20	19.01	30.69	0.00	0.00
GCC	18	31.24	19.83	18.56	30.37	0.00	0.00
GCC	19	29.87	20.85	19.48	29.80	0.00	0.00
GCC	20	30.04	20.45	19.06	30.44	0.00	0.00
GCC	21	31.09	20.13	18.58	30.19	0.00	0.00
GCC	22	29.12	21.23	19.56	30.09	0.00	0.00
GCC	23	31.69	19.21	18.93	30.17	0.00	0.00
GCC	24	30.37	19.81	19.11	30.72	0.00	0.00
GCC	25	31.29	20.48	18.41	29.82	0.00	0.00
GCC	26	30.64	19.78	17.98	31.59	0.00	0.00
GCC	27	30.12	20.10	18.51	31.27	0.00	0.00
GCC	28	31.27	20.88	17.78	30.07	0.00	0.00
GCC	29	29.50	20.50	18.33	31.67	0.00	0.00
GCC	30	29.72	19.63	19.96	30.69	0.00	0.00
GCC	31	30.74	20.05	18.13	31.07	0.00	0.00
GCC	32	32.22	19.31	17.81	30.67	0.00	0.00
GCC	33	29.25	19.66	19.38	31.72	0.00	0.00
GCC	34	29.42	19.93	18.53	32.12	0.00	0.00
GCC	35	32.14	19.36	19.38	29.12	0.00	0.00
GCC	36	28.92	19.83	19.53	31.72	0.00	0.00
GCC	37	29.92	20.90	19.48	29.70	0.00	0.00
GCC	38	30.84	20.20	18.66	30.29	0.00	0.00
GCC	39	32.12	20.25	18.68	28.95	0.00	0.00
GCC	40	30.12	20.03	18.53	31.32	0.00	0.00
GCC	41	29.02	20.33	19.26	31.39	0.00	0.00
GCC	42	30.79	18.91	18.63	31.67	0.00	0.00
GCC	43	30.02	19.41	19.36	31.22	0.00	0.00
GCC	44	30.42	19.63	18.71	31.24	0.00	0.00
GCC	45	30.32	19.68	18.88	31.12	0.00	0.00
GCC	46	30.79	19.33	19.43	30.44	0.00	0.00
GCC	47	30.72	19.91	18.38	30.99	0.00	0.00
GCC	48	31.82	19.56	18.78	29.85	0.00	0.00
GCC	49	30.34	19.23	19.16	31.27	0.00	0.00
GCC	50	29.22	19.61	19.88	31.29	0.00	0.00
GCC	51	29.65	20.70	19.01	30.64	0.00	0.00
GCC	52	29.92	19.76	18.88	31.44	0.00	0.00
GCC	53	29.17	20.50	18.56	31.77	0.00	0.00
GCC	54	29.70	20.13	19.58	30.59	0.00	0.00
GCC	55	30.17	20.15	18.43	31.24	0.00	0.00
GCC	56	30.32	19.46	18.21	32.02	0.00	0.00
GCC	57	29.75	19.81	19.76	30.69	0.00	0.00
GCC	58	29.77	21.73	18.18	30.32	0.00	0.00
GCC	59	31.22	20.38	17.88	30.52	0.00	0.00
GCC	60	29.57	20.38	19.31	30.74	0.00	0.00
GCC	61	31.17	20.45	18.61	29.77	0.00	0.00
GCC	62	31.09	20.48	17.76	30.67	0.00	0.00
GCC	63	30.72	19.83	18.78	30.67	0.00	0.00
GCC	64	30.17	19.38	19.98	30.47	0.00	0.00
GCC	65	30.57	18.86	20.28	30.29	0.00	0.00
GCC	66	30.49	20.10	18.28	31.12	0.00	0.00
GCC	67	30.19	19.83	18.76	31.22	0.00	0.00
GCC	68	30.84	19.38	19.06	30.72	0.00	0.00
GCC	69	30.52	20.15	19.11	30.22	0.00	0.00
GCC	70	30.54	19.83	19.03	30.59	0.00	0.00
GCC	71	29.47	21.28	17.73	31.52	0.00	0.00
GCC	72	30.27	19.78	18.78	31.17	0.00	0.00
GCC	73	31.97	19.31	19.33	29.40	0.00	0.00
GCC	74	29.92	19.13	19.78	31.17	0.00	0.00
GCC	75	30.39	18.73	20.18	30.69	0.00	0.00
GCC	76	30.94	19.36	18.46	31.24	0.00	0.00
GCC	77	29.10	20.53	19.38	30.99	0.00	0.00
GCC	78	29.65	21.23	19.38	29.75	0.00	0.00
GCC	79	30.00	20.55	19.11	30.34	0.00	0.00
GCC	80	30.49	19.81	20.15	29.55	0.00	0.00
GCC	81	29.75	20.15	19.48	30.62	0.00	0.00
GCC	82	30.79	19.71	19.28	30.22	0.00	0.00
GCC	83	30.32	20.18	19.76	29.75	0.00	0.00
GCC	84	29.75	18.33	20.65	31.27	0.00	0.00
GCC	85	31.24	19.38	18.48	30.89	0.00	0.00
GCC	86	29.02	19.46	19.66	31.87	0.00	0.00
GCC	87	30.82	18.13	18.76	32.29	0.00	0.00
GCC	88	29.75	20.45	18.98	30.82	0.00	0.00
GCC	89	30.97	19.96	18.56	30.52	0.00	0.00
GCC	90	31.77	19.68	17.98	30.57	0.00	0.00
GCC	91	31.14	20.60	18.66	29.60	0.00	0.00
GCC	92	31.34	20.40	18.43	29.82	0.00	0.00
GCC	93	29.52	19.96	19.83	30.69	0.00	0.00
GCC	94	31.79	19.16	18.68	30.37	0.00	0.00
GCC	95	29.90	19.58	19.18	31.34	0.00	0.00
GCC	96	31.72	19.96	17.86	30.47	0.00	0.00
GCC	97	30.19	20.23	19.56	30.02	0.00	0.00
GCC	98	30.84	20.55	18.33	30.27	0.00	0.00
GCC	99	28.90	20.30	18.81	31.99	0.00	0.00
GCC	100	32.04	20.33	18.58	29.05	0.00	0.00
GCC	101	29.97	20.58	19.48	29.97	0.00	0.00
GCC	102	30.44	18.81	19.73	31.02	0.00	0.00
GCC	103	30.74	19.11	19.11	31.04	0.00	0.00
GCC	104	31.02	19.36	19.03	30.59	0.00	0.00
GCC	105	30.09	19.26	19.46	31.19	0.00	0.00
GCC	106	31.57	19.43	18.01	30.99	0.00	0.00
GCC	107	29.32	21.18	19.21	30.29	0.00	0.00
GCC	108	29.30	20.98	18.98	30.74	0.00	0.00
GCC	109	30.52	19.83	19.36	30.29	0.00	0.00
GCC	110	30.39	20.38	18.68	30.54	0.00	0.00
GCC	111	31.19	20.18	18.68	29.95	0.00	0.00
GCC	112	29.40	19.81	19.23	31.57	0.00	0.00
GCC	113	30.17	19.51	19.16	31.17	0.00	0.00
GCC	114	30.67	19.81	18.58	30.94	0.00	0.00
GCC	115	29.30	20.53	19.36	30.82	0.00	0.00
GCC	116	29.65	19.48	19.53	31.34	0.00	0.00
GCC	117	29.40	20.05	19.33	31.22	0.00	0.00
GCC	118	30.82	19.61	19.11	30.47	0.00	0.00
GCC	119	30.37	20.40	18.38	30.84	0.00	0.00
GCC	120	30.69	20.73	19.01	29.57	0.00	0.00
GCC	121	30.29	20.40	19.31	30.00	0.00	0.00
GCC	122	30.34	20.48	18.16	31.02	0.00	0.00
GCC	123	30.04	20.63	18.68	30.64	0.00	0.00
GCC	124	29.65	20.28	19.48	30.59	0.00	0.00
GCC	125	29.77	20.55	19.31	30.37	0.00	0.00
GCC	126	30.29	20.13	18.73	30.84	0.00	0.00
GCC	127	30.39	19.36	17.88	32.37	0.00	0.00
GCC	128	31.29	18.86	19.73	30.12	0.00	0.00
GCC	129	30.42	20.30	20.00	29.27	0.00	0.00
GCC	130	31.47	20.55	18.01	29.97	0.00	0.00
GCC	131	30.44	19.38	19.51	30.67	0.00	0.00
GCC	132	30.54	19.01	19.73	30.72	0.00	0.00
GCC	133	29.57	20.18	19.21	31.04	0.00	0.00
GCC	134	29.10	19.61	20.00	31.29	0.00	0.00
GCC	135	29.55	20.45	18.88	31.12	0.00	0.00
GCC	136	30.67	19.71	18.53	31.09	0.00	0.00
GCC	137	30.27	19.73	18.91	31.09	0.00	0.00
GCC	138	31.02	19.96	18.41	30.62	0.00	0.00
GCC	139	31.62	18.63	19.31	30.44	0.00	0.00
GCC	140	31.37	19.76	19.33	29.55	0.00	0.00
GCC	141	30.04	20.60	18.83	30.52	0.00	0.00
GCC	142	30.62	20.15	18.48	30.74	0.00	0.00
GCC	143	31.34	20.38	18.78	29.50	0.00	0.00
GCC	144	30.22	20.50	19.51	29.77	0.00	0.00
GCC	145	30.89	20.48	18.43	30.19	0.00	0.00
GCC	146	30.22	19.28	19.33	31.17	0.00	0.00
GCC	147	30.74	20.33	17.66	31.27	0.00	0.00
GCC	148	30.29	20.53	18.13	31.04	0.00	0.00
GCC	149	30.72	19.43	19.08	30.77	0.00	0.00
GCC	150	30.92	19.26	19.03	30.79	0.00	0.00
# ACGT content per cycle, read oriented. Use `grep ^GCT | cut -f 2-` to extract this part. The columns are: cycle; A,C,G,T base counts as a percentage of all A/C/G/T bases [%]
GCT	1	31.45	19.74	18.74	30.08
GCT	2	30.57	19.66	20.00	29.77
GCT	3	31.02	19.56	18.71	30.72
GCT	4	30.47	19.71	19.73	30.09
GCT	5	32.09	19.18	19.31	29.42
GCT	6	31.79	19.88	18.18	30.14
GCT	7	30.57	19.88	18.48	31.07
GCT	8	30.77	18.63	18.38	32.22
GCT	9	31.79	19.61	19.03	29.57
GCT	10	31.12	18.41	18.71	31.77
GCT	11	30.39	20.15	19.36	30.09
GCT	12	30.32	20.08	18.86	30.74
GCT	13	30.57	18.21	21.03	30.19
GCT	14	29.50	20.03	20.58	29.90
GCT	15	30.39	18.61	18.83	32.17
GCT	16	29.35	19.23	20.15	31.27
GCT	17	30.97	20.28	18.93	29.82
GCT	18	31.42	19.26	19.13	30.19
GCT	19	29.87	19.81	20.53	29.80
GCT	20	30.07	19.03	20.48	30.42
GCT	21	30.22	20.05	18.66	31.07
GCT	22	29.37	19.38	21.40	29.85
GCT	23	31.27	18.68	19.46	30.59
GCT	24	31.27	20.40	18.51	29.82
GCT	25	30.59	20.43	18.46	30.52
GCT	26	31.62	19.36	18.41	30.62
GCT	27	30.69	20.18	18.43	30.69
GCT	28	31.14	19.26	19.41	30.19
GCT	29	30.77	19.38	19.46	30.39
GCT	30	31.14	20.55	19.03	29.27
GCT	31	31.39	18.96	19.23	30.42
GCT	32	30.22	19.26	17.86	32.67
GCT	33	30.47	19.53	19.51	30.49
GCT	34	30.39	19.31	19.16	31.14
GCT	35	31.14	19.46	19.28	30.12
GCT	36	30.24	19.21	20.15	30.39
GCT	37	29.80	19.98	20.40	29.82
GCT	38	30.49	19.66	19.21	30.64
GCT	39	31.47	19.46	19.48	29.60
GCT	40	31.14	19.31	19.26	30.29
GCT	41	30.02	19.58	20.00	30.39
GCT	42	29.97	19.23	18.31	32.49
GCT	43	31.34	19.88	18.88	29.90
GCT	44	31.34	19.16	19.18	30.32
GCT	45	30.29	19.46	19.11	31.14
GCT	46	30.32	19.36	19.41	30.92
GCT	47	31.37	19.46	18.83	30.34
GCT	48	30.54	18.88	19.46	31.12
GCT	49	30.99	18.93	19.46	30.62
GCT	50	30.34	18.73	20.75	30.17
GCT	51	29.77	19.98	19.73	30.52
GCT	52	29.90	19.43	19.21	31.47
GCT	53	29.67	20.40	18.66	31.27
GCT	54	29.55	20.23	19.48	30.74
GCT	55	30.27	20.05	18.53	31.14
GCT	56	30.09	18.88	18.78	32.24
GCT	57	29.97	19.53	20.03	30.47
GCT	58	30.47	20.38	19.53	29.62
GCT	59	32.52	18.83	19.43	29.22
GCT	60	30.12	19.88	19.81	30.19
GCT	61	31.04	20.38	18.68	29.90
GCT	62	31.02	18.81	19.43	30.74
GCT	63	31.12	19.33	19.28	30.27
GCT	64	29.95	19.81	19.56	30.69
GCT	65	31.69	19.73	19.41	29.17
GCT	66	30.89	19.26	19.13	30.72
GCT	67	31.29	19.03	19.56	30.12
GCT	68	31.49	19.48	18.96	30.07
GCT	69	30.44	19.43	19.83	30.29
GCT	70	30.07	20.00	18.86	31.07
GCT	71	30.74	19.91	19.11	30.24
GCT	72	31.89	19.56	19.01	29.55
GCT	73	30.09	20.28	18.36	31.27
GCT	74	30.32	19.28	19.63	30.77
GCT	75	30.52	20.00	18.91	30.57
GCT	76	31.84	18.91	18.91	30.34
GCT	77	28.97	20.10	19.81	31.12
GCT	78	30.09	19.83	20.78	29.30
GCT	79	30.34	20.35	19.31	30.00
GCT	80	30.00	19.66	20.30	30.04
GCT	81	30.04	19.76	19.88	30.32
GCT	82	31.32	19.18	19.81	29.70
GCT	83	29.97	20.33	19.61	30.09
GCT	84	32.17	19.91	19.08	28.85
GCT	85	32.84	18.83	19.03	29.30
GCT	86	30.57	18.91	20.20	30.32
GCT	87	30.19	18.16	18.73	32.92
GCT	88	29.95	18.96	20.48	30.62
GCT	89	30.84	18.83	19.68	30.64
GCT	90	31.74	18.76	18.91	30.59
GCT	91	30.29	19.71	19.56	30.44
GCT	92	31.52	18.98	19.86	29.65
GCT	93	30.64	19.88	19.91	29.57
GCT	94	31.17	18.83	19.01	30.99
GCT	95	30.22	18.91	19.86	31.02
GCT	96	31.44	18.88	18.93	30.74
GCT	97	30.84	19.93	19.86	29.37
GCT	98	30.52	19.63	19.26	30.59
GCT	99	30.14	19.86	19.26	30.74
GCT	100	30.09	18.58	20.33	30.99
GCT	101	30.47	19.43	20.63	29.47
GCT	102	31.02	19.63	18.91	30.44
GCT	103	31.02	19.13	19.08	30.77
GCT	104	31.04	19.53	18.86	30.57
GCT	105	30.84	20.30	18.41	30.44
GCT	106	31.87	18.68	18.76	30.69
GCT	107	28.77	19.68	20.70	30.84
GCT	108	31.12	20.15	19.81	28.92
GCT	109	31.44	19.26	19.93	29.37
GCT	110	30.32	18.86	20.20	30.62
GCT	111	30.84	19.28	19.58	30.29
GCT	112	30.37	20.28	18.76	30.59
GCT	113	30.82	19.66	19.01	30.52
GCT	114	31.42	18.96	19.43	30.19
GCT	115	30.12	19.66	20.23	30.00
GCT	116	30.00	19.83	19.18	30.99
GCT	117	30.07	19.68	19.71	30.54
GCT	118	30.77	18.51	20.20	30.52
GCT	119	30.72	19.51	19.28	30.49
GCT	120	30.02	20.55	19.18	30.24
GCT	121	30.94	19.46	20.25	29.35
GCT	122	30.39	19.13	19.51	30.97
GCT	123	30.14	19.73	19.58	30.54
GCT	124	30.54	20.23	19.53	29.70
GCT	125	30.67	20.20	19.66	29.47
GCT	126	31.67	19.16	19.71	29.47
GCT	127	30.44	18.11	19.13	32.32
GCT	128	30.67	19.03	19.56	30.74
GCT	129	30.19	19.78	20.53	29.50
GCT	130	30.62	19.16	19.41	30.82
GCT	131	30.52	19.56	19.33	30.59
GCT	132	30.79	18.91	19.83	30.47
GCT	133	28.85	19.86	19.53	31.77
GCT	134	30.44	20.25	19.36	29.95
GCT	135	30.29	18.91	20.43	30.37
GCT	136	30.62	19.41	18.83	31.14
GCT	137	30.24	19.16	19.48	31.12
GCT	138	30.42	20.00	18.36	31.22
GCT	139	30.84	18.31	19.63	31.22
GCT	140	29.62	19.31	19.78	31.29
GCT	141	30.29	19.81	19.63	30.27
GCT	142	31.32	19.21	19.43	30.04
GCT	143	30.54	19.33	19.83	30.29
GCT	144	30.72	19.21	20.80	29.27
GCT	145	31.37	20.15	18.76	29.72
GCT	146	31.24	19.11	19.51	30.14
GCT	147	30.32	18.71	19.28	31.69
GCT	148	30.09	18.68	19.98	31.24
GCT	149	29.90	19.36	19.16	31.59
GCT	150	30.69	18.48	19.81	31.02
# ACGT content per cycle for first fragments. Use `grep ^FBC | cut -f 2-` to extract this part. The columns are: cycle; A,C,G,T base counts as a percentage of all A/C/G/T bases [%]; and N and O counts as a percentage of all A/C/G/T bases [%]
FBC	1	29.37	20.13	18.63	31.87	0.00	0.00
FBC	2	29.57	20.88	19.38	30.17	0.00	0.00
FBC	3	31.77	20.38	18.18	29.67	0.00	0.00
FBC	4	31.97	19.63	19.68	28.72	0.00	0.00
FBC	5	30.87	20.68	17.78	30.67	0.00	0.00
FBC	6	30.32	18.48	18.78	32.42	0.00	0.00
FBC	7	31.82	18.68	19.88	29.62	0.00	0.00
FBC	8	29.77	19.18	17.38	33.67	0.00	0.00
FBC	9	30.82	19.33	19.78	30.07	0.00	0.00
FBC	10	31.22	18.33	18.18	32.27	0.00	0.00
FBC	11	30.77	20.33	20.33	28.57	0.00	0.00
FBC	12	31.27	21.38	19.23	28.12	0.00	0.00
FBC	13	31.47	19.83	19.63	29.07	0.00	0.00
FBC	14	31.47	21.08	19.68	27.77	0.00	0.00
FBC	15	32.67	18.28	18.88	30.17	0.00	0.00
FBC	16	30.72	20.23	19.48	29.57	0.00	0.00
FBC	17	30.17	20.13	19.58	30.12	0.00	0.00
FBC	18	30.92	20.73	18.38	29.97	0.00	0.00
FBC	19	30.62	21.28	19.48	28.62	0.00	0.00
FBC	20	30.12	19.93	19.03	30.92	0.00	0.00
FBC	21	31.62	20.68	17.78	29.92	0.00	0.00
FBC	22	28.87	21.53	19.48	30.12	0.00	0.00
FBC	23	30.52	20.08	18.73	30.67	0.00	0.00
FBC	24	29.97	19.63	19.53	30.87	0.00	0.00
FBC	25	30.92	21.38	18.48	29.22	0.00	0.00
FBC	26	31.42	20.18	17.13	31.27	0.00	0.00
FBC	27	30.12	20.03	17.83	32.02	0.00	0.00
FBC	28	31.77	21.23	16.63	30.37	0.00	0.00
FBC	29	30.12	20.73	18.03	31.12	0.00	0.00
FBC	30	29.52	19.33	19.58	31.57	0.00	0.00
FBC	31	30.87	19.78	18.63	30.72	0.00	0.00
FBC	32	33.12	19.73	17.43	29.72	0.00	0.00
FBC	33	29.72	19.98	19.08	31.22	0.00	0.00
FBC	34	29.02	19.83	18.78	32.37	0.00	0.00
FBC	35	30.02	20.08	20.28	29.62	0.00	0.00
FBC	36	28.87	19.43	20.08	31.62	0.00	0.00
FBC	37	30.27	21.88	19.58	28.27	0.00	0.00
FBC	38	30.62	20.93	18.28	30.17	0.00	0.00
FBC	39	31.27	20.83	19.08	28.82	0.00	0.00
FBC	40	29.42	20.08	18.83	31.67	0.00	0.00
FBC	41	29.57	20.33	19.18	30.92	0.00	0.00
FBC	42	32.82	19.38	17.68	30.12	0.00	0.00
FBC	43	30.62	18.48	19.28	31.62	0.00	0.00
FBC	44	30.32	20.23	19.83	29.62	0.00	0.00
FBC	45	30.67	19.18	18.98	31.17	0.00	0.00
FBC	46	31.17	19.48	18.68	30.67	0.00	0.00
FBC	47	31.47	19.38	18.78	30.37	0.00	0.00
FBC	48	31.82	20.43	17.73	30.02	0.00	0.00
FBC	49	30.27	19.23	20.38	30.12	0.00	0.00
FBC	50	29.07	19.53	19.18	32.22	0.00	0.00
FBC	51	30.42	20.93	19.23	29.42	0.00	0.00
FBC	52	30.47	20.53	17.93	31.07	0.00	0.00
FBC	53	30.22	20.73	17.78	31.27	0.00	0.00
FBC	54	29.17	19.48	19.48	31.87	0.00	0.00
FBC	55	31.17	21.33	17.93	29.57	0.00	0.00
FBC	56	31.02	19.63	17.93	31.42	0.00	0.00
FBC	57	30.47	19.93	20.23	29.37	0.00	0.00
FBC	58	29.52	22.63	17.68	30.17	0.00	0.00
FBC	59	30.12	19.33	19.38	31.17	0.00	0.00
FBC	60	29.77	21.13	18.68	30.42	0.00	0.00
FBC	61	30.92	20.38	18.93	29.77	0.00	0.00
FBC	62	31.12	20.73	17.73	30.42	0.00	0.00
FBC	63	30.62	19.83	19.48	30.07	0.00	0.00
FBC	64	30.67	19.33	20.13	29.87	0.00	0.00
FBC	65	30.82	18.63	19.68	30.87	0.00	0.00
FBC	66	30.67	20.38	16.58	32.37	0.00	0.00
FBC	67	30.82	20.18	17.38	31.62	0.00	0.00
FBC	68	31.07	20.28	18.58	30.07	0.00	0.00
FBC	69	31.02	20.43	18.33	30.22	0.00	0.00
FBC	70	31.87	20.18	18.28	29.67	0.00	0.00
FBC	71	30.32	21.33	17.78	30.57	0.00	0.00
FBC	72	30.17	19.43	18.63	31.77	0.00	0.00
FBC	73	30.92	19.73	18.93	30.42	0.00	0.00
FBC	74	30.47	18.43	19.83	31.27	0.00	0.00
FBC	75	28.52	18.48	21.53	31.47	0.00	0.00
FBC	76	29.77	20.28	18.28	31.67	0.00	0.00
FBC	77	29.37	21.93	19.53	29.17	0.00	0.00
FBC	78	29.72	20.38	19.58	30.32	0.00	0.00
FBC	79	29.67	21.73	18.78	29.82	0.00	0.00
FBC	80	31.22	18.98	20.63	29.17	0.00	0.00
FBC	81	29.17	20.73	20.18	29.92	0.00	0.00
FBC	82	29.12	19.98	18.93	31.97	0.00	0.00
FBC	83	29.97	20.53	20.08	29.42	0.00	0.00
FBC	84	29.67	17.28	20.93	32.12	0.00	0.00
FBC	85	31.72	19.33	18.58	30.37	0.00	0.00
FBC	86	28.92	18.78	19.28	33.02	0.00	0.00
FBC	87	29.62	17.88	19.78	32.72	0.00	0.00
FBC	88	29.77	20.93	19.18	30.12	0.00	0.00
FBC	89	30.12	20.93	18.53	30.42	0.00	0.00
FBC	90	32.07	19.68	17.38	30.87	0.00	0.00
FBC	91	30.97	20.63	19.13	29.27	0.00	0.00
FBC	92	31.57	20.63	18.38	29.42	0.00	0.00
FBC	93	28.72	20.13	20.83	30.32	0.00	0.00
FBC	94	31.92	19.13	17.93	31.02	0.00	0.00
FBC	95	29.82	19.68	18.63	31.87	0.00	0.00
FBC	96	32.27	19.83	17.63	30.27	0.00	0.00
FBC	97	30.47	20.33	19.33	29.87	0.00	0.00
FBC	98	32.02	19.48	17.58	30.92	0.00	0.00
FBC	99	29.17	21.28	18.18	31.37	0.00	0.00
FBC	100	32.52	20.38	17.98	29.12	0.00	0.00
FBC	101	29.92	20.78	19.13	30.17	0.00	0.00
FBC	102	30.47	18.63	19.43	31.47	0.00	0.00
FBC	103	31.32	20.13	18.18	30.37	0.00	0.00
FBC	104	31.37	20.58	18.53	29.52	0.00	0.00
FBC	105	31.12	18.83	19.08	30.97	0.00	0.00
FBC	106	31.67	19.03	17.98	31.32	0.00	0.00
FBC	107	29.22	21.08	19.53	30.17	0.00	0.00
FBC	108	29.87	20.48	18.98	30.67	0.00	0.00
FBC	109	30.27	19.63	20.48	29.62	0.00	0.00
FBC	110	29.57	19.98	19.33	31.12	0.00	0.00
FBC	111	30.37	20.33	18.53	30.77	0.00	0.00
FBC	112	28.42	20.58	18.83	32.17	0.00	0.00
FBC	113	31.07	19.33	19.58	30.02	0.00	0.00
FBC	114	29.67	20.18	18.63	31.52	0.00	0.00
FBC	115	27.87	21.68	19.88	30.57	0.00	0.00
FBC	116	30.87	19.48	18.68	30.97	0.00	0.00
FBC	117	30.37	19.33	18.83	31.47	0.00	0.00
FBC	118	31.12	20.13	18.78	29.97	0.00	0.00
FBC	119	31.12	20.68	17.93	30.27	0.00	0.00
FBC	120	29.42	21.73	19.18	29.67	0.00	0.00
FBC	121	31.62	19.43	19.43	29.52	0.00	0.00
FBC	122	29.32	21.83	18.23	30.62	0.00	0.00
FBC	123	29.62	20.63	18.08	31.67	0.00	0.00
FBC	124	29.97	20.33	18.83	30.87	0.00	0.00
FBC	125	29.72	19.33	19.78	31.17	0.00	0.00
FBC	126	30.57	19.63	18.88	30.92	0.00	0.00
FBC	127	30.82	19.73	17.28	32.17	0.00	0.00
FBC	128	31.27	19.18	18.83	30.72	0.00	0.00
FBC	129	31.37	19.78	18.58	30.27	0.00	0.00
FBC	130	31.82	19.68	18.28	30.22	0.00	0.00
FBC	131	30.77	19.38	19.93	29.92	0.00	0.00
FBC	132	30.67	19.28	19.83	30.22	0.00	0.00
FBC	133	29.27	19.43	20.23	31.07	0.00	0.00
FBC	134	29.62	19.48	19.63	31.27	0.00	0.00
FBC	135	29.27	20.38	18.68	31.67	0.00	0.00
FBC	136	31.12	19.88	17.88	31.12	0.00	0.00
FBC	137	30.97	19.13	19.13	30.77	0.00	0.00
FBC	138	30.72	19.68	18.08	31.52	0.00	0.00
FBC	139	32.27	18.38	18.98	30.37	0.00	0.00
FBC	140	30.77	19.58	19.43	30.22	0.00	0.00
FBC	141	29.62	19.88	18.68	31.82	0.00	0.00
FBC	142	31.82	18.63	18.28	31.27	0.00	0.00
FBC	143	32.32	19.63	18.33	29.72	0.00	0.00
FBC	144	30.87	21.63	19.68	27.82	0.00	0.00
FBC	145	31.07	20.53	18.58	29.82	0.00	0.00
FBC	146	31.07	18.88	19.23	30.82	0.00	0.00
FBC	147	30.97	19.63	18.43	30.97	0.00	0.00
FBC	148	31.22	20.13	17.93	30.72	0.00	0.00
FBC	149	29.92	20.18	18.93	30.97	0.00	0.00
FBC	150	32.02	19.48	18.43	30.07	0.00	0.00
# ACGT raw counters for first fragments. Use `grep ^FTC | cut -f 2-` to extract this part. The columns are: A,C,G,T,N base counters
FTC	91746	60090	56692	91772	0
# ACGT content per cycle for last fragments. Use `grep ^LBC | cut -f 2-` to extract this part. The columns are: cycle; A,C,G,T base counts as a percentage of all A/C/G/T bases [%]; and N and O counts as a percentage of all A/C/G/T bases [%]
LBC	1	31.13	19.64	18.54	30.68	0.05	0.00
LBC	2	31.42	19.68	19.38	29.52	0.00	0.00
LBC	3	31.72	18.88	19.08	30.32	0.00	0.00
LBC	4	32.32	20.03	19.53	28.12	0.00	0.00
LBC	5	31.67	19.53	18.98	29.82	0.00	0.00
LBC	6	31.27	20.68	18.18	29.87	0.00	0.00
LBC	7	31.52	19.68	18.48	30.32	0.00	0.00
LBC	8	31.62	18.83	18.63	30.92	0.00	0.00
LBC	9	32.92	19.83	18.33	28.92	0.00	0.00
LBC	10	31.67	19.23	18.48	30.62	0.00	0.00
LBC	11	29.92	19.58	18.78	31.72	0.00	0.00
LBC	12	29.87	18.18	19.08	32.87	0.00	0.00
LBC	13	30.77	19.48	19.53	30.22	0.00	0.00
LBC	14	30.12	21.28	19.18	29.42	0.00	0.00
LBC	15	30.92	18.23	19.48	31.37	0.00	0.00
LBC	16	30.37	20.23	18.83	30.57	0.00	0.00
LBC	17	30.02	20.28	18.43	31.27	0.00	0.00
LBC	18	31.57	18.93	18.73	30.77	0.00	0.00
LBC	19	29.12	20.43	19.48	30.97	0.00	0.00
LBC	20	29.97	20.98	19.08	29.97	0.00	0.00
LBC	21	30.57	19.58	19.38	30.47	0.00	0.00
LBC	22	29.37	20.93	19.63	30.07	0.00	0.00
LBC	23	32.87	18.33	19.13	29.67	0.00	0.00
LBC	24	30.77	19.98	18.68	30.57	0.00	0.00
LBC	25	31.67	19.58	18.33	30.42	0.00	0.00
LBC	26	29.87	19.38	18.83	31.92	0.00	0.00
LBC	27	30.12	20.18	19.18	30.52	0.00	0.00
LBC	28	30.77	20.53	18.93	29.77	0.00	0.00
LBC	29	28.87	20.28	18.63	32.22	0.00	0.00
LBC	30	29.92	19.93	20.33	29.82	0.00	0.00
LBC	31	30.62	20.33	17.63	31.42	0.00	0.00
LBC	32	31.32	18.88	18.18	31.62	0.00	0.00
LBC	33	28.77	19.33	19.68	32.22	0.00	0.00
LBC	34	29.82	20.03	18.28	31.87	0.00	0.00
LBC	35	34.27	18.63	18.48	28.62	0.00	0.00
LBC	36	28.97	20.23	18.98	31.82	0.00	0.00
LBC	37	29.57	19.93	19.38	31.12	0.00	0.00
LBC	38	31.07	19.48	19.03	30.42	0.00	0.00
LBC	39	32.97	19.68	18.28	29.07	0.00	0.00
LBC	40	30.82	19.98	18.23	30.97	0.00	0.00
LBC	41	28.47	20.33	19.33	31.87	0.00	0.00
LBC	42	28.77	18.43	19.58	33.22	0.00	0.00
LBC	43	29.42	20.33	19.43	30.82	0.00	0.00
LBC	44	30.52	19.03	17.58	32.87	0.00	0.00
LBC	45	29.97	20.18	18.78	31.07	0.00	0.00
LBC	46	30.42	19.18	20.18	30.22	0.00	0.00
LBC	47	29.97	20.43	17.98	31.62	0.00	0.00
LBC	48	31.82	18.68	19.83	29.67	0.00	0.00
LBC	49	30.42	19.23	17.93	32.42	0.00	0.00
LBC	50	29.37	19.68	20.58	30.37	0.00	0.00
LBC	51	28.87	20.48	18.78	31.87	0.00	0.00
LBC	52	29.37	18.98	19.83	31.82	0.00	0.00
LBC	53	28.12	20.28	19.33	32.27	0.00	0.00
LBC	54	30.22	20.78	19.68	29.32	0.00	0.00
LBC	55	29.17	18.98	18.93	32.92	0.00	0.00
LBC	56	29.62	19.28	18.48	32.62	0.00	0.00
LBC	57	29.02	19.68	19.28	32.02	0.00	0.00
LBC	58	30.02	20.83	18.68	30.47	0.00	0.00
LBC	59	32.32	21.43	16.38	29.87	0.00	0.00
LBC	60	29.37	19.63	19.93	31.07	0.00	0.00
LBC	61	31.42	20.53	18.28	29.77	0.00	0.00
LBC	62	31.07	20.23	17.78	30.92	0.00	0.00
LBC	63	30.82	19.83	18.08	31.27	0.00	0.00
LBC	64	29.67	19.43	19.83	31.07	0.00	0.00
LBC	65	30.32	19.08	20.88	29.72	0.00	0.00
LBC	66	30.32	19.83	19.98	29.87	0.00	0.00
LBC	67	29.57	19.48	20.13	30.82	0.00	0.00
LBC	68	30.62	18.48	19.53	31.37	0.00	0.00
LBC	69	30.02	19.88	19.88	30.22	0.00	0.00
LBC	70	29.22	19.48	19.78	31.52	0.00	0.00
LBC	71	28.62	21.23	17.68	32.47	0.00	0.00
LBC	72	30.37	20.13	18.93	30.57	0.00	0.00
LBC	73	33.02	18.88	19.73	28.37	0.00	0.00
LBC	74	29.37	19.83	19.73	31.07	0.00	0.00
LBC	75	32.27	18.98	18.83	29.92	0.00	0.00
LBC	76	32.12	18.43	18.63	30.82	0.00	0.00
LBC	77	28.82	19.13	19.23	32.82	0.00	0.00
LBC	78	29.57	22.08	19.18	29.17	0.00	0.00
LBC	79	30.32	19.38	19.43	30.87	0.00	0.00
LBC	80	29.77	20.63	19.68	29.92	0.00	0.00
LBC	81	30.32	19.58	18.78	31.32	0.00	0.00
LBC	82	32.47	19.43	19.63	28.47	0.00	0.00
LBC	83	30.67	19.83	19.43	30.07	0.00	0.00
LBC	84	29.82	19.38	20.38	30.42	0.00	0.00
LBC	85	30.77	19.43	18.38	31.42	0.00	0.00
LBC	86	29.12	20.13	20.03	30.72	0.00	0.00
LBC	87	32.02	18.38	17.73	31.87	0.00	0.00
LBC	88	29.72	19.98	18.78	31.52	0.00	0.00
LBC	89	31.82	18.98	18.58	30.62	0.00	0.00
LBC	90	31.47	19.68	18.58	30.27	0.00	0.00
LBC	91	31.32	20.58	18.18	29.92	0.00	0.00
LBC	92	31.12	20.18	18.48	30.22	0.00	0.00
LBC	93	30.32	19.78	18.83	31.07	0.00	0.00
LBC	94	31.67	19.18	19.43	29.72	0.00	0.00
LBC	95	29.97	19.48	19.73	30.82	0.00	0.00
LBC	96	31.17	20.08	18.08	30.67	0.00	0.00
LBC	97	29.92	20.13	19.78	30.17	0.00	0.00
LBC	98	29.67	21.63	19.08	29.62	0.00	0.00
LBC	99	28.62	19.33	19.43	32.62	0.00	0.00
LBC	100	31.57	20.28	19.18	28.97	0.00	0.00
LBC	101	30.02	20.38	19.83	29.77	0.00	0.00
LBC	102	30.42	18.98	20.03	30.57	0.00	0.00
LBC	103	30.17	18.08	20.03	31.72	0.00	0.00
LBC	104	30.67	18.13	19.53	31.67	0.00	0.00
LBC	105	29.07	19.68	19.83	31.42	0.00	0.00
LBC	106	31.47	19.83	18.03	30.67	0.00	0.00
LBC	107	29.42	21.28	18.88	30.42	0.00	0.00
LBC	108	28.72	21.48	18.98	30.82	0.00	0.00
LBC	109	30.77	20.03	18.23	30.97	0.00	0.00
LBC	110	31.22	20.78	18.03	29.97	0.00	0.00
LBC	111	32.02	20.03	18.83	29.12	0.00	0.00
LBC	112	30.37	19.03	19.63	30.97	0.00	0.00
LBC	113	29.27	19.68	18.73	32.32	0.00	0.00
LBC	114	31.67	19.43	18.53	30.37	0.00	0.00
LBC	115	30.72	19.38	18.83	31.07	0.00	0.00
LBC	116	28.42	19.48	20.38	31.72	0.00	0.00
LBC	117	28.42	20.78	19.83	30.97	0.00	0.00
LBC	118	30.52	19.08	19.43	30.97	0.00	0.00
LBC	119	29.62	20.13	18.83	31.42	0.00	0.00
LBC	120	31.97	19.73	18.83	29.47	0.00	0.00
LBC	121	28.97	21.38	19.18	30.47	0.00	0.00
LBC	122	31.37	19.13	18.08	31.42	0.00	0.00
LBC	123	30.47	20.63	19.28	29.62	0.00	0.00
LBC	124	29.32	20.23	20.13	30.32	0.00	0.00
LBC	125	29.82	21.78	18.83	29.57	0.00	0.00
LBC	126	30.02	20.63	18.58	30.77	0.00	0.00
LBC	127	29.97	18.98	18.48	32.57	0.00	0.00
LBC	128	31.32	18.53	20.63	29.52	0.00	0.00
LBC	129	29.47	20.83	21.43	28.27	0.00	0.00
LBC	130	31.12	21.43	17.73	29.72	0.00	0.00
LBC	131	30.12	19.38	19.08	31.42	0.00	0.00
LBC	132	30.42	18.73	19.63	31.22	0.00	0.00
LBC	133	29.87	20.93	18.18	31.02	0.00	0.00
LBC	134	28.57	19.73	20.38	31.32	0.00	0.00
LBC	135	29.82	20.53	19.08	30.57	0.00	0.00
LBC	136	30.22	19.53	19.18	31.07	0.00	0.00
LBC	137	29.57	20.33	18.68	31.42	0.00	0.00
LBC	138	31.32	20.23	18.73	29.72	0.00	0.00
LBC	139	30.97	18.88	19.63	30.52	0.00	0.00
LBC	140	31.97	19.93	19.23	28.87	0.00	0.00
LBC	141	30.47	21.33	18.98	29.22	0.00	0.00
LBC	142	29.42	21.68	18.68	30.22	0.00	0.00
LBC	143	30.37	21.13	19.23	29.27	0.00	0.00
LBC	144	29.57	19.38	19.33	31.72	0.00	0.00
LBC	145	30.72	20.43	18.28	30.57	0.00	0.00
LBC	146	29.37	19.68	19.43	31.52	0.00	0.00
LBC	147	30.52	21.03	16.88	31.57	0.00	0.00
LBC	148	29.37	20.93	18.33	31.37	0.00	0.00
LBC	149	31.52	18.68	19.23	30.57	0.00	0.00
LBC	150	29.82	19.03	19.63	31.52	0.00	0.00
# ACGT raw counters for last fragments. Use `grep ^LTC | cut -f 2-` to extract this part. The columns are: A,C,G,T,N base counters
LTC	91286	59570	57200	92243	1
# Insert sizes. Use `grep ^IS | cut -f 2-` to extract this part. The columns are: insert size, pairs total, inward oriented pairs, outward oriented pairs, other pairs
IS	0	0	0	0	0
IS	1	0	0	0	0
IS	2	0	0	0	0
IS	3	0	0	0	0
IS	4	0	0	0	0
IS	5	0	0	0	0
IS	6	0	0	0	0
IS	7	0	0	0	0
IS	8	0	0	0	0
IS	9	0	0	0	0
IS	10	0	0	0	0
IS	11	0	0	0	0
IS	12	0	0	0	0
IS	13	0	0	0	0
IS	14	0	0	0	0
IS	15	0	0	0	0
IS	16	0	0	0	0
IS	17	0	0	0	0
IS	18	0	0	0	0
IS	19	0	0	0	0
IS	20	0	0	0	0
IS	21	0	0	0	0
IS	22	0	0	0	0
IS	23	0	0	0	0
IS	24	0	0	0	0
IS	25	0	0	0	0
IS	26	0	0	0	0
IS	27	0	0	0	0
IS	28	0	0	0	0
IS	29	0	0	0	0
IS	30	0	0	0	0
IS	31	0	0	0	0
IS	32	0	0	0	0
IS	33	0	0	0	0
IS	34	0	0	0	0
IS	35	0	0	0	0
IS	36	0	0	0	0
IS	37	0	0	0	0
IS	38	0	0	0	0
IS	39	0	0	0	0
IS	40	0	0	0	0
IS	41	0	0	0	0
IS	42	0	0	0	0
IS	43	0	0	0	0
IS	44	0	0	0	0
IS	45	0	0	0	0
IS	46	0	0	0	0
IS	47	0	0	0	0
IS	48	0	0	0	0
IS	49	0	0	0	0
IS	50	0	0	0	0
IS	51	0	0	0	0
IS	52	0	0	0	0
IS	53	0	0	0	0
IS	54	0	0	0	0
IS	55	0	0	0	0
IS	56	0	0	0	0
IS	57	0	0	0	0
IS	58	0	0	0	0
IS	59	0	0	0	0
IS	60	0	0	0	0
IS	61	0	0	0	0
IS	62	0	0	0	0
IS	63	0	0	0	0
IS	64	0	0	0	0
IS	65	0	0	0	0
IS	66	0	0	0	0
IS	67	0	0	0	0
IS	68	0	0	0	0
IS	69	0	0	0	0
IS	70	0	0	0	0
IS	71	0	0	0	0
IS	72	0	0	0	0
IS	73	0	0	0	0
IS	74	0	0	0	0
IS	75	0	0	0	0
IS	76	0	0	0	0
IS	77	0	0	0	0
IS	78	0	0	0	0
IS	79	0	0	0	0
IS	80	0	0	0	0
IS	81	0	0	0	0
IS	82	0	0	0	0
IS	83	0	0	0	0
IS	84	0	0	0	0
IS	85	0	0	0	0
IS	86	0	0	0	0
IS	87	0	0	0	0
IS	88	0	0	0	0
IS	89	0	0	0	0
IS	90	0	0	0	0
IS	91	0	0	0	0
IS	92	0	0	0	0
IS	93	0	0	0	0
IS	94	0	0	0	0
IS	95	0	0	0	0
IS	96	0	0	0	0
IS	97	0	0	0	0
IS	98	0	0	0	0
IS	99	0	0	0	0
IS	100	0	0	0	0
IS	101	0	0	0	0
IS	102	0	0	0	0
IS	103	0	0	0	0
IS	104	0	0	0	0
IS	105	0	0	0	0
IS	106	0	0	0	0
IS	107	0	0	0	0
IS	108	0	0	0	0
IS	109	0	0	0	0
IS	110	0	0	0	0
IS	111	0	0	0	0
IS	112	0	0	0	0
IS	113	0	0	0	0
IS	114	0	0	0	0
IS	115	0	0	0	0
IS	116	0	0	0	0
IS	117	0	0	0	0
IS	118	0	0	0	0
IS	119	0	0	0	0
IS	120	0	0	0	0
IS	121	0	0	0	0
IS	122	0	0	0	0
IS	123	0	0	0	0
IS	124	0	0	0	0
IS	125	0	0	0	0
IS	126	0	0	0	0
IS	127	0	0	0	0
IS	128	0	0	0	0
IS	129	0	0	0	0
IS	130	0	0	0	0
IS	131	0	0	0	0
IS	132	0	0	0	0
IS	133	0	0	0	0
IS	134	0	0	0	0
IS	135	0	0	0	0
IS	136	0	0	0	0
IS	137	0	0	0	0
IS	138	0	0	0	0
IS	139	0	0	0	0
IS	140	0	0	0	0
IS	141	0	0	0	0
IS	142	0	0	0	0
IS	143	0	0	0	0
IS	144	0	0	0	0
IS	145	0	0	0	0
IS	146	0	0	0	0
IS	147	0	0	0	0
IS	148	0	0	0	0
IS	149	0	0	0	0
IS	150	0	0	0	0
IS	151	0	0	0	0
IS	152	0	0	0	0
IS	153	0	0	0	0
IS	154	0	0	0	0
IS	155	0	0	0	0
IS	156	0	0	0	0
IS	157	0	0	0	0
IS	158	0	0	0	0
IS	159	0	0	0	0
IS	160	0	0	0	0
IS	161	0	0	0	0
IS	162	0	0	0	0
IS	163	0	0	0	0
IS	164	0	0	0	0
IS	165	0	0	0	0
IS	166	0	0	0	0
IS	167	0	0	0	0
IS	168	0	0	0	0
IS	169	0	0	0	0
IS	170	0	0	0	0
IS	171	0	0	0	0
IS	172	0	0	0	0
IS	173	0	0	0	0
IS	174	0	0	0	0
IS	175	0	0	0	0
IS	176	0	0	0	0
IS	177	0	0	0	0
IS	178	0	0	0	0
IS	179	0	0	0	0
IS	180	0	0	0	0
IS	181	0	0	0	0
IS	182	0	0	0	0
IS	183	0	0	0	0
IS	184	0	0	0	0
IS	185	0	0	0	0
IS	186	0	0	0	0
IS	187	0	0	0	0
IS	188	0	0	0	0
IS	189	0	0	0	0
IS	190	0	0	0	0
IS	191	0	0	0	0
IS	192	0	0	0	0
IS	193	0	0	0	0
IS	194	0	0	0	0
IS	195	0	0	0	0
IS	196	0	0	0	0
IS	197	0	0	0	0
IS	198	0	0	0	0
IS	199	0	0	0	0
IS	200	0	0	0	0
IS	201	0	0	0	0
IS	202	0	0	0	0
IS	203	0	0	0	0
IS	204	0	0	0	0
IS	205	0	0	0	0
IS	206	0	0	0	0
IS	207	0	0	0	0
IS	208	0	0	0	0
IS	209	0	0	0	0
IS	210	0	0	0	0
IS	211	0	0	0	0
IS	212	0	0	0	0
IS	213	0	0	0	0
IS	214	0	0	0	0
IS	215	0	0	0	0
IS	216	0	0	0	0
IS	217	0	0	0	0
IS	218	0	0	0	0
IS	219	0	0	0	0
IS	220	0	0	0	0
IS	221	0	0	0	0
IS	222	0	0	0	0
IS	223	0	0	0	0
IS	224	0	0	0	0
IS	225	0	0	0	0
IS	226	0	0	0	0
IS	227	0	0	0	0
IS	228	0	0	0	0
IS	229	0	0	0	0
IS	230	0	0	0	0
IS	231	0	0	0	0
IS	232	0	0	0	0
IS	233	0	0	0	0
IS	234	0	0	0	0
IS	235	0	0	0	0
IS	236	0	0	0	0
IS	237	0	0	0	0
IS	238	0	0	0	0
IS	239	0	0	0	0
IS	240	0	0	0	0
IS	241	0	0	0	0
IS	242	0	0	0	0
IS	243	0	0	0	0
IS	244	0	0	0	0
IS	245	0	0	0	0
IS	246	0	0	0	0
IS	247	0	0	0	0
IS	248	0	0	0	0
IS	249	0	0	0	0
IS	250	0	0	0	0
IS	251	0	0	0	0
IS	252	0	0	0	0
IS	253	0	0	0	0
IS	254	0	0	0	0
IS	255	0	0	0	0
IS	256	0	0	0	0
IS	257	0	0	0	0
IS	258	0	0	0	0
IS	259	0	0	0	0
IS	260	0	0	0	0
IS	261	0	0	0	0
IS	262	0	0	0	0
IS	263	0	0	0	0
IS	264	0	0	0	0
IS	265	0	0	0	0
IS	266	0	0	0	0
IS	267	0	0	0	0
IS	268	0	0	0	0
IS	269	0	0	0	0
IS	270	0	0	0	0
IS	271	0	0	0	0
IS	272	0	0	0	0
IS	273	0	0	0	0
IS	274	0	0	0	0
IS	275	0	0	0	0
IS	276	0	0	0	0
IS	277	0	0	0	0
IS	278	0	0	0	0
IS	279	0	0	0	0
IS	280	0	0	0	0
IS	281	0	0	0	0
IS	282	0	0	0	0
IS	283	0	0	0	0
IS	284	0	0	0	0
IS	285	0	0	0	0
IS	286	0	0	0	0
IS	287	0	0	0	0
IS	288	0	0	0	0
IS	289	0	0	0	0
IS	290	0	0	0	0
IS	291	0	0	0	0
IS	292	0	0	0	0
IS	293	0	0	0	0
IS	294	0	0	0	0
IS	295	0	0	0	0
IS	296	0	0	0	0
IS	297	0	0	0	0
IS	298	0	0	0	0
IS	299	0	0	0	0
IS	300	0	0	0	0
IS	301	0	0	0	0
IS	302	0	0	0	0
IS	303	0	0	0	0
IS	304	0	0	0	0
IS	305	0	0	0	0
IS	306	0	0	0	0
IS	307	0	0	0	0
IS	308	0	0	0	0
IS	309	0	0	0	0
IS	310	0	0	0	0
IS	311	0	0	0	0
IS	312	0	0	0	0
IS	313	0	0	0	0
IS	314	0	0	0	0
IS	315	0	0	0	0
IS	316	0	0	0	0
IS	317	0	0	0	0
IS	318	0	0	0	0
IS	319	0	0	0	0
IS	320	0	0	0	0
IS	321	0	0	0	0
IS	322	0	0	0	0
IS	323	0	0	0	0
IS	324	0	0	0	0
IS	325	0	0	0	0
IS	326	0	0	0	0
IS	327	0	0	0	0
IS	328	0	0	0	0
IS	329	0	0	0	0
IS	330	0	0	0	0
IS	331	0	0	0	0
IS	332	1	1	0	0
IS	333	0	0	0	0
IS	334	0	0	0	0
IS	335	0	0	0	0
IS	336	0	0	0	0
IS	337	0	0	0	0
IS	338	0	0	0	0
IS	339	0	0	0	0
IS	340	0	0	0	0
IS	341	0	0	0	0
IS	342	0	0	0	0
IS	343	0	0	0	0
IS	344	0	0	0	0
IS	345	0	0	0	0
IS	346	0	0	0	0
IS	347	2	2	0	0
IS	348	0	0	0	0
IS	349	0	0	0	0
IS	350	0	0	0	0
IS	351	0	0	0	0
IS	352	0	0	0	0
IS	353	0	0	0	0
IS	354	0	0	0	0
IS	355	0	0	0	0
IS	356	0	0	0	0
IS	357	0	0	0	0
IS	358	0	0	0	0
IS	359	0	0	0	0
IS	360	0	0	0	0
IS	361	0	0	0	0
IS	362	0	0	0	0
IS	363	0	0	0	0
IS	364	0	0	0	0
IS	365	0	0	0	0
IS	366	0	0	0	0
IS	367	0	0	0	0
IS	368	0	0	0	0
IS	369	1	1	0	0
IS	370	0	0	0	0
IS	371	0	0	0	0
IS	372	1	1	0	0
IS	373	1	1	0	0
IS	374	0	0	0	0
IS	375	0	0	0	0
IS	376	1	1	0	0
IS	377	0	0	0	0
IS	378	1	1	0	0
IS	379	1	1	0	0
IS	380	1	1	0	0
IS	381	1	1	0	0
IS	382	1	1	0	0
IS	383	1	1	0	0
IS	384	2	2	0	0
IS	385	2	2	0	0
IS	386	0	0	0	0
IS	387	1	1	0	0
IS	388	4	4	0	0
IS	389	0	0	0	0
IS	390	1	1	0	0
IS	391	2	2	0	0
IS	392	2	2	0	0
IS	393	1	1	0	0
IS	394	4	4	0	0
IS	395	2	2	0	0
IS	396	1	1	0	0
IS	397	1	1	0	0
IS	398	2	2	0	0
IS	399	3	3	0	0
IS	400	0	0	0	0
IS	401	1	1	0	0
IS	402	1	1	0	0
IS	403	3	3	0	0
IS	404	1	1	0	0
IS	405	2	2	0	0
IS	406	1	1	0	0
IS	407	2	2	0	0
IS	408	5	5	0	0
IS	409	1	1	0	0
IS	410	6	6	0	0
IS	411	5	5	0	0
IS	412	2	2	0	0
IS	413	4	4	0	0
IS	414	6	6	0	0
IS	415	1	1	0	0
IS	416	8	8	0	0
IS	417	1	1	0	0
IS	418	2	2	0	0
IS	419	1	1	0	0
IS	420	4	4	0	0
IS	421	5	5	0	0
IS	422	1	1	0	0
IS	423	1	1	0	0
IS	424	4	4	0	0
IS	425	5	5	0	0
IS	426	5	5	0	0
IS	427	5	5	0	0
IS	428	7	7	0	0
IS	429	5	5	0	0
IS	430	10	10	0	0
IS	431	3	3	0	0
IS	432	10	10	0	0
IS	433	4	4	0	0
IS	434	2	2	0	0
IS	435	5	5	0	0
IS	436	6	6	0	0
IS	437	4	4	0	0
IS	438	7	7	0	0
IS	439	12	12	0	0
IS	440	8	8	0	0
IS	441	9	9	0	0
IS	442	8	8	0	0
IS	443	7	7	0	0
IS	444	6	6	0	0
IS	445	9	9	0	0
IS	446	7	7	0	0
IS	447	5	5	0	0
IS	448	7	7	0	0
IS	449	5	5	0	0
IS	450	10	10	0	0
IS	451	8	8	0	0
IS	452	8	8	0	0
IS	453	6	6	0	0
IS	454	14	14	0	0
IS	455	12	12	0	0
IS	456	15	15	0	0
IS	457	13	13	0	0
IS	458	6	6	0	0
IS	459	12	12	0	0
IS	460	16	16	0	0
IS	461	14	14	0	0
IS	462	11	11	0	0
IS	463	7	7	0	0
IS	464	13	13	0	0
IS	465	12	12	0	0
IS	466	12	12	0	0
IS	467	11	11	0	0
IS	468	18	18	0	0
IS	469	14	14	0	0
IS	470	12	12	0	0
IS	471	16	16	0	0
IS	472	19	19	0	0
IS	473	9	9	0	0
IS	474	9	9	0	0
IS	475	13	13	0	0
IS	476	19	19	0	0
IS	477	13	13	0	0
IS	478	13	13	0	0
IS	479	13	13	0	0
IS	480	12	12	0	0
IS	481	14	14	0	0
IS	482	13	13	0	0
IS	483	11	11	0	0
IS	484	15	15	0	0
IS	485	23	23	0	0
IS	486	17	17	0	0
IS	487	16	16	0	0
IS	488	23	23	0	0
IS	489	10	10	0	0
IS	490	19	19	0	0
IS	491	16	16	0	0
IS	492	22	22	0	0
IS	493	18	18	0	0
IS	494	18	18	0	0
IS	495	12	12	0	0
IS	496	16	16	0	0
IS	497	12	12	0	0
IS	498	14	14	0	0
IS	499	20	20	0	0
IS	500	14	14	0	0
IS	501	13	13	0	0
IS	502	15	15	0	0
IS	503	10	10	0	0
IS	504	22	22	0	0
IS	505	16	16	0	0
IS	506	22	22	0	0
IS	507	17	17	0	0
IS	508	20	20	0	0
IS	509	11	11	0	0
IS	510	20	20	0	0
IS	511	15	15	0	0
IS	512	24	24	0	0
IS	513	18	18	0	0
IS	514	14	14	0	0
IS	515	16	16	0	0
IS	516	21	21	0	0
IS	517	17	17	0	0
IS	518	14	14	0	0
IS	519	16	16	0	0
IS	520	17	17	0	0
IS	521	8	8	0	0
IS	522	8	8	0	0
IS	523	10	10	0	0
IS	524	12	12	0	0
IS	525	12	12	0	0
IS	526	10	10	0	0
IS	527	13	13	0	0
IS	528	10	10	0	0
IS	529	12	12	0	0
IS	530	15	15	0	0
IS	531	14	14	0	0
IS	532	21	21	0	0
IS	533	11	11	0	0
IS	534	13	13	0	0
IS	535	12	12	0	0
IS	536	7	7	0	0
IS	537	14	14	0	0
IS	538	14	14	0	0
IS	539	18	18	0	0
IS	540	15	15	0	0
IS	541	6	6	0	0
IS	542	19	19	0	0
IS	543	14	14	0	0
IS	544	16	16	0	0
IS	545	10	10	0	0
IS	546	10	10	0	0
IS	547	13	13	0	0
IS	548	9	9	0	0
IS	549	13	13	0	0
IS	550	14	14	0	0
IS	551	9	9	0	0
IS	552	9	9	0	0
IS	553	10	10	0	0
IS	554	10	10	0	0
IS	555	8	8	0	0
IS	556	15	15	0	0
IS	557	8	8	0	0
IS	558	10	10	0	0
IS	559	4	4	0	0
IS	560	6	6	0	0
IS	561	6	6	0	0
IS	562	8	8	0	0
IS	563	12	12	0	0
IS	564	7	7	0	0
IS	565	4	4	0	0
IS	566	7	7	0	0
IS	567	11	11	0	0
IS	568	7	7	0	0
IS	569	6	6	0	0
IS	570	7	7	0	0
IS	571	4	4	0	0
IS	572	5	5	0	0
IS	573	5	5	0	0
IS	574	5	5	0	0
IS	575	5	5	0	0
IS	576	1	1	0	0
IS	577	2	2	0	0
IS	578	1	1	0	0
IS	579	2	2	0	0
IS	580	6	6	0	0
IS	581	2	2	0	0
IS	582	6	6	0	0
IS	583	2	2	0	0
IS	584	5	5	0	0
IS	585	6	6	0	0
IS	586	4	4	0	0
IS	587	3	3	0	0
IS	588	5	5	0	0
IS	589	2	2	0	0
IS	590	4	4	0	0
IS	591	4	4	0	0
IS	592	4	4	0	0
IS	593	2	2	0	0
IS	594	4	4	0	0
IS	595	2	2	0	0
IS	596	6	6	0	0
IS	597	3	3	0	0
IS	598	4	4	0	0
IS	599	2	2	0	0
IS	600	2	2	0	0
IS	601	3	3	0	0
IS	602	4	4	0	0
IS	603	0	0	0	0
IS	604	1	1	0	0
IS	605	3	3	0	0
IS	606	0	0	0	0
IS	607	1	1	0	0
IS	608	0	0	0	0
IS	609	0	0	0	0
IS	610	3	3	0	0
IS	611	2	2	0	0
IS	612	1	1	0	0
IS	613	1	1	0	0
IS	614	0	0	0	0
IS	615	1	1	0	0
IS	616	1	1	0	0
IS	617	1	1	0	0
IS	618	2	2	0	0
IS	619	0	0	0	0
IS	620	1	1	0	0
IS	621	1	1	0	0
# Read lengths. Use `grep ^RL | cut -f 2-` to extract this part. The columns are: read length, count
RL	150	4004
# Read lengths - first fragments. Use `grep ^FRL | cut -f 2-` to extract this part. The columns are: read length, count
FRL	150	2002
# Read lengths - last fragments. Use `grep ^LRL | cut -f 2-` to extract this part. The columns are: read length, count
LRL	150	2002
# Mapping qualities for reads !(UNMAP|SECOND|SUPPL|QCFAIL|DUP). Use `grep ^MAPQ | cut -f 2-` to extract this part. The columns are: mapq, count
MAPQ	0	4
MAPQ	9	2
MAPQ	27	18
MAPQ	39	1
MAPQ	40	32
MAPQ	41	1
MAPQ	43	2
MAPQ	45	1
MAPQ	47	2
MAPQ	48	47
MAPQ	50	1
MAPQ	52	1
MAPQ	57	17
MAPQ	59	2
MAPQ	60	3873
# Indel distribution. Use `grep ^ID | cut -f 2-` to extract this part. The columns are: length, number of insertions, number of deletions
ID	1	4	0
# Indels per cycle. Use `grep ^IC | cut -f 2-` to extract this part. The columns are: cycle, number of insertions (fwd), .. (rev) , number of deletions (fwd), .. (rev)
IC	8	1	0	0	0
IC	9	1	0	0	0
IC	72	1	0	0	0
IC	142	1	0	0	0
# Coverage distribution. Use `grep ^COV | cut -f 2-` to extract this part.
COV	[1-1]	1	5766
COV	[2-2]	2	8558
COV	[3-3]	3	15162
COV	[4-4]	4	18948
COV	[5-5]	5	19266
COV	[6-6]	6	17802
COV	[7-7]	7	13048
COV	[8-8]	8	9308
COV	[9-9]	9	4904
COV	[10-10]	10	2097
COV	[11-11]	11	1053
COV	[12-12]	12	481
COV	[13-13]	13	304
COV	[14-14]	14	59
COV	[15-15]	15	17
# GC-depth. Use `grep ^GCD | cut -f 2-` to extract this part. The columns are: GC%, unique sequence percentiles, 10th, 25th, 50th, 75th and 90th depth percentile
GCD	0.0	15.385	0.000	0.000	0.000	0.000	0.000
GCD	37.0	30.769	2.490	2.490	2.497	2.505	2.505
GCD	38.0	46.154	2.505	2.505	2.505	2.505	2.505
GCD	39.0	84.615	2.490	2.497	2.505	2.505	2.505
GCD	40.0	92.308	2.505	2.505	2.505	2.505	2.505
GCD	46.0	100.000	2.505	2.505	2.505	2.505	2.505
