# This file was produced by samtools stats (1.20+htslib-1.21) and can be plotted using plot-bamstats
# This file contains statistics for all reads.
# The command line was:  stats sample3812.sorted.bam
# CHK, Checksum	[2]Read Names	[3]Sequences	[4]Qualities
# CHK, CRC32 of reads which passed filtering followed by addition (32bit overflow)
CHK	38c99ae4	2fe500b6	ae2c5cdf
# Summary Numbers. Use `grep ^SN | cut -f 2-` to extract this part.
SN	raw total sequences:	4006	# excluding supplementary and secondary reads
SN	filtered sequences:	0
SN	sequences:	4006
SN	is sorted:	1
SN	1st fragments:	2003
SN	last fragments:	2003
SN	reads mapped:	4006
SN	reads mapped and paired:	4006	# paired-end technology bit set + both mates mapped
SN	reads unmapped:	0
SN	reads properly paired:	4006	# proper-pair bit set
SN	reads paired:	4006	# paired-end technology bit set
SN	reads duplicated:	0	# PCR or optical duplicate bit set
SN	reads MQ0:	18	# mapped and MQ=0
SN	reads QC failed:	0
SN	non-primary alignments:	0
SN	supplementary alignments:	0
SN	total length:	600895	# ignores clipping
SN	total first fragment length:	300445	# ignores clipping
SN	total last fragment length:	300450	# ignores clipping
SN	bases mapped:	600895	# ignores clipping
SN	bases mapped (cigar):	600895	# more accurate
SN	bases trimmed:	0
SN	bases duplicated:	0
SN	mismatches:	1077	# from NM fields
SN	error rate:	1.792326e-03	# mismatches / bases mapped (cigar)
SN	average length:	150
SN	average first fragment length:	150
SN	average last fragment length:	150
SN	maximum length:	150
SN	maximum first fragment length:	150
SN	maximum last fragment length:	150
SN	average quality:	30.0
SN	insert size average:	497.8
SN	insert size standard deviation:	48.4
SN	inward oriented pairs:	2003
SN	outward oriented pairs:	0
SN	pairs with other orientation:	0
SN	pairs on different chromosomes:	0
SN	percentage of properly paired reads (%):	100.0
# First Fragment Qualities. Use `grep ^FFQ | cut -f 2-` to extract this part.
# Columns correspond to qualities and rows to cycles. First column is the cycle number.
FFQ	1	0	0	0	0	0	0	0	0	0	0	0	0	0	0	0	0	0	0	0	0	0	0	0	0	0	0	0	0	0	0	2003	0
FFQ	2	0	0	0	0	0	0	0	0	0	0	0	0	0	0	0	0	0	0	0	0	0	0	0	0	0	0	0	0	0	0	2003	0
FFQ	3	0	0	0	0	0	0	0	0	0	0	0	0	0	0	0	0	0	0	0	0	0	0	0	0	0	0	0	0	0	0	2003	0
FFQ	4	0	0	0	0	0	0	0	0	0	0	0	0	0	0	0	0	0	0	0	0	0	0	0	0	0	0	0	0	0	0	2003	0
FFQ	5	0	0	0	0	0	0	0	0	0	0	0	0	0	0	0	0	0	0	0	0	0	0	0	0	0	0	0	0	0	0	2003	0
FFQ	6	0	0	0	0	0	0	0	0	0	0	0	0	0	0	0	0	0	0	0	0	0	0	0	0	0	0	0	0	0	0	2003	0
FFQ	7	0	0	0	0	0	0	0	0	0	0	0	0	0	0	0	0	0	0	0	0	0	0	0	0	0	0	0	0	0	0	2003	0
FFQ	8	0	0	0	0	0	0	0	0	0	0	0	0	0	0	0	0	0	0	0	0	0	0	0	0	0	0	0	0	0	0	2003	0
FFQ	9	0	0	0	0	0	0	0	0	0	0	0	0	0	0	0	0	0	0	0	0	0	0	0	0	0	0	0	0	0	0	2003	0
FFQ	10	0	0	0	0	0	0	0	0	0	0	0	0	0	0	0	0	0	0	0	0	0	0	0	0	0	0	0	0	0	0	2003	0
FFQ	11	0	0	0	0	0	0	0	0	0	0	0	0	0	0	0	0	0	0	0	0	0	0	0	0	0	0	0	0	0	0	2003	0
FFQ	12	0	0	0	0	0	0	0	0	0	0	0	0	0	0	0	0	0	0	0	0	0	0	0	0	0	0	0	0	0	0	2003	0
FFQ	13	0	0	0	0	0	0	0	0	0	0	0	0	0	0	0	0	0	0	0	0	0	0	0	0	0	0	0	0	0	0	2003	0
FFQ	14	0	0	0	0	0	0	0	0	0	0	0	0	0	0	0	0	0	0	0	0	0	0	0	0	0	0	0	0	0	0	2003	0
FFQ	15	0	0	0	0	0	0	0	0	0	0	0	0	0	0	0	0	0	0	0	0	0	0	0	0	0	0	0	0	0	0	2003	0
FFQ	16	0	0	0	0	0	0	0	0	0	0	0	0	0	0	0	0	0	0	0	0	0	0	0	0	0	0	0	0	0	0	2003	0
FFQ	17	0	0	0	0	0	0	0	0	0	0	0	0	0	0	0	0	0	0	0	0	0	0	0	0	0	0	0	0	0	0	2003	0
FFQ	18	0	0	0	0	0	0	0	0	0	0	0	0	0	0	0	0	0	0	0	0	0	0	0	0	0	0	0	0	0	0	2003	0
FFQ	19	0	0	0	0	0	0	0	0	0	0	0	0	0	0	0	0	0	0	0	0	0	0	0	0	0	0	0	0	0	0	2003	0
FFQ	20	0	0	0	0	0	0	0	0	0	0	0	0	0	0	0	0	0	0	0	0	0	0	0	0	0	0	0	0	0	0	2003	0
FFQ	21	0	0	0	0	0	0	0	0	0	0	0	0	0	0	0	0	0	0	0	0	0	0	0	0	0	0	0	0	0	0	2003	0
FFQ	22	0	0	0	0	0	0	0	0	0	0	0	0	0	0	0	0	0	0	0	0	0	0	0	0	0	0	0	0	0	0	2003	0
FFQ	23	0	0	0	0	0	0	0	0	0	0	0	0	0	0	0	0	0	0	0	0	0	0	0	0	0	0	0	0	0	0	2003	0
FFQ	24	0	0	0	0	0	0	0	0	0	0	0	0	0	0	0	0	0	0	0	0	0	0	0	0	0	0	0	0	0	0	2003	0
FFQ	25	0	0	0	0	0	0	0	0	0	0	0	0	0	0	0	0	0	0	0	0	0	0	0	0	0	0	0	0	0	0	2003	0
FFQ	26	0	0	0	0	0	0	0	0	0	0	0	0	0	0	0	0	0	0	0	0	0	0	0	0	0	0	0	0	0	0	2003	0
FFQ	27	0	0	0	0	0	0	0	0	0	0	0	0	0	0	0	0	0	0	0	0	0	0	0	0	0	0	0	0	0	0	2003	0
FFQ	28	0	0	0	0	0	0	0	0	0	0	0	0	0	0	0	0	0	0	0	0	0	0	0	0	0	0	0	0	0	0	2003	0
FFQ	29	0	0	0	0	0	0	0	0	0	0	0	0	0	0	0	0	0	0	0	0	0	0	0	0	0	0	0	0	0	0	2003	0
FFQ	30	0	0	0	0	0	0	0	0	0	0	0	0	0	0	0	0	0	0	0	0	0	0	0	0	0	0	0	0	0	0	2003	0
FFQ	31	0	0	0	0	0	0	0	0	0	0	0	0	0	0	0	0	0	0	0	0	0	0	0	0	0	0	0	0	0	0	2003	0
FFQ	32	0	0	0	0	0	0	0	0	0	0	0	0	0	0	0	0	0	0	0	0	0	0	0	0	0	0	0	0	0	0	2003	0
FFQ	33	0	0	0	0	0	0	0	0	0	0	0	0	0	0	0	0	0	0	0	0	0	0	0	0	0	0	0	0	0	0	2003	0
FFQ	34	0	0	0	0	0	0	0	0	0	0	0	0	0	0	0	0	0	0	0	0	0	0	0	0	0	0	0	0	0	0	2003	0
FFQ	35	0	0	0	0	0	0	0	0	0	0	0	0	0	0	0	0	0	0	0	0	0	0	0	0	0	0	0	0	0	0	2003	0
FFQ	36	0	0	0	0	0	0	0	0	0	0	0	0	0	0	0	0	0	0	0	0	0	0	0	0	0	0	0	0	0	0	2003	0
FFQ	37	0	0	0	0	0	0	0	0	0	0	0	0	0	0	0	0	0	0	0	0	0	0	0	0	0	0	0	0	0	0	2003	0
FFQ	38	0	0	0	0	0	0	0	0	0	0	0	0	0	0	0	0	0	0	0	0	0	0	0	0	0	0	0	0	0	0	2003	0
FFQ	39	0	0	0	0	0	0	0	0	0	0	0	0	0	0	0	0	0	0	0	0	0	0	0	0	0	0	0	0	0	0	2003	0
FFQ	40	0	0	0	0	0	0	0	0	0	0	0	0	0	0	0	0	0	0	0	0	0	0	0	0	0	0	0	0	0	0	2003	0
FFQ	41	0	0	0	0	0	0	0	0	0	0	0	0	0	0	0	0	0	0	0	0	0	0	0	0	0	0	0	0	0	0	2003	0
FFQ	42	0	0	0	0	0	0	0	0	0	0	0	0	0	0	0	0	0	0	0	0	0	0	0	0	0	0	0	0	0	0	2003	0
FFQ	43	0	0	0	0	0	0	0	0	0	0	0	0	0	0	0	0	0	0	0	0	0	0	0	0	0	0	0	0	0	0	2003	0
FFQ	44	0	0	0	0	0	0	0	0	0	0	0	0	0	0	0	0	0	0	0	0	0	0	0	0	0	0	0	0	0	0	2003	0
FFQ	45	0	0	0	0	0	0	0	0	0	0	0	0	0	0	0	0	0	0	0	0	0	0	0	0	0	0	0	0	0	0	2003	0
FFQ	46	0	0	0	0	0	0	0	0	0	0	0	0	0	0	0	0	0	0	0	0	0	0	0	0	0	0	0	0	0	0	2003	0
FFQ	47	0	0	0	0	0	0	0	0	0	0	0	0	0	0	0	0	0	0	0	0	0	0	0	0	0	0	0	0	0	0	2003	0
FFQ	48	0	0	0	0	0	0	0	0	0	0	0	0	0	0	0	0	0	0	0	0	0	0	0	0	0	0	0	0	0	0	2003	0
FFQ	49	0	0	0	0	0	0	0	0	0	0	0	0	0	0	0	0	0	0	0	0	0	0	0	0	0	0	0	0	0	0	2003	0
FFQ	50	0	0	0	0	0	0	0	0	0	0	0	0	0	0	0	0	0	0	0	0	0	0	0	0	0	0	0	0	0	0	2003	0
FFQ	51	0	0	0	0	0	0	0	0	0	0	0	0	0	0	0	0	0	0	0	0	0	0	0	0	0	0	0	0	0	0	2003	0
FFQ	52	0	0	0	0	0	0	0	0	0	0	0	0	0	0	0	0	0	0	0	0	0	0	0	0	0	0	0	0	0	0	2003	0
FFQ	53	0	0	0	0	0	0	0	0	0	0	0	0	0	0	0	0	0	0	0	0	0	0	0	0	0	0	0	0	0	0	2003	0
FFQ	54	0	0	0	0	0	0	0	0	0	0	0	0	0	0	0	0	0	0	0	0	0	0	0	0	0	0	0	0	0	0	2003	0
FFQ	55	0	0	0	0	0	0	0	0	0	0	0	0	0	0	0	0	0	0	0	0	0	0	0	0	0	0	0	0	0	0	2003	0
FFQ	56	0	0	0	0	0	0	0	0	0	0	0	0	0	0	0	0	0	0	0	0	0	0	0	0	0	0	0	0	0	0	2003	0
FFQ	57	0	0	0	0	0	0	0	0	0	0	0	0	0	0	0	0	0	0	0	0	0	0	0	0	0	0	0	0	0	0	2003	0
FFQ	58	0	0	0	0	0	0	0	0	0	0	0	0	0	0	0	0	0	0	0	0	0	0	0	0	0	0	0	0	0	0	2003	0
FFQ	59	0	0	0	0	0	0	0	0	0	0	0	0	0	0	0	0	0	0	0	0	0	0	0	0	0	0	0	0	0	0	2003	0
FFQ	60	0	0	0	0	0	0	0	0	0	0	0	0	0	0	0	0	0	0	0	0	0	0	0	0	0	0	0	0	0	0	2003	0
FFQ	61	0	0	0	0	0	0	0	0	0	0	0	0	0	0	0	0	0	0	0	0	0	0	0	0	0	0	0	0	0	0	2003	0
FFQ	62	0	0	0	0	0	0	0	0	0	0	0	0	0	0	0	0	0	0	0	0	0	0	0	0	0	0	0	0	0	0	2003	0
FFQ	63	0	0	0	0	0	0	0	0	0	0	0	0	0	0	0	0	0	0	0	0	0	0	0	0	0	0	0	0	0	0	2003	0
FFQ	64	0	0	0	0	0	0	0	0	0	0	0	0	0	0	0	0	0	0	0	0	0	0	0	0	0	0	0	0	0	0	2003	0
FFQ	65	0	0	0	0	0	0	0	0	0	0	0	0	0	0	0	0	0	0	0	0	0	0	0	0	0	0	0	0	0	0	2003	0
FFQ	66	0	0	0	0	0	0	0	0	0	0	0	0	0	0	0	0	0	0	0	0	0	0	0	0	0	0	0	0	0	0	2003	0
FFQ	67	0	0	0	0	0	0	0	0	0	0	0	0	0	0	0	0	0	0	0	0	0	0	0	0	0	0	0	0	0	0	2003	0
FFQ	68	0	0	0	0	0	0	0	0	0	0	0	0	0	0	0	0	0	0	0	0	0	0	0	0	0	0	0	0	0	0	2003	0
FFQ	69	0	0	0	0	0	0	0	0	0	0	0	0	0	0	0	0	0	0	0	0	0	0	0	0	0	0	0	0	0	0	2003	0
FFQ	70	0	0	0	0	0	0	0	0	0	0	0	0	0	0	0	0	0	0	0	0	0	0	0	0	0	0	0	0	0	0	2003	0
FFQ	71	0	0	0	0	0	0	0	0	0	0	0	0	0	0	0	0	0	0	0	0	0	0	0	0	0	0	0	0	0	0	2003	0
FFQ	72	0	0	0	0	0	0	0	0	0	0	0	0	0	0	0	0	0	0	0	0	0	0	0	0	0	0	0	0	0	0	2003	0
FFQ	73	0	0	0	0	0	0	0	0	0	0	0	0	0	0	0	0	0	0	0	0	0	0	0	0	0	0	0	0	0	0	2003	0
FFQ	74	0	0	0	0	0	0	0	0	0	0	0	0	0	0	0	0	0	0	0	0	0	0	0	0	0	0	0	0	0	0	2003	0
FFQ	75	0	0	0	0	0	0	0	0	0	0	0	0	0	0	0	0	0	0	0	0	0	0	0	0	0	0	0	0	0	0	2003	0
FFQ	76	0	0	0	0	0	0	0	0	0	0	0	0	0	0	0	0	0	0	0	0	0	0	0	0	0	0	0	0	0	0	2003	0
FFQ	77	0	0	0	0	0	0	0	0	0	0	0	0	0	0	0	0	0	0	0	0	0	0	0	0	0	0	0	0	0	0	2003	0
FFQ	78	0	0	0	0	0	0	0	0	0	0	0	0	0	0	0	0	0	0	0	0	0	0	0	0	0	0	0	0	0	0	2003	0
FFQ	79	0	0	0	0	0	0	0	0	0	0	0	0	0	0	0	0	0	0	0	0	0	0	0	0	0	0	0	0	0	0	2003	0
FFQ	80	0	0	0	0	0	0	0	0	0	0	0	0	0	0	0	0	0	0	0	0	0	0	0	0	0	0	0	0	0	0	2003	0
FFQ	81	0	0	0	0	0	0	0	0	0	0	0	0	0	0	0	0	0	0	0	0	0	0	0	0	0	0	0	0	0	0	2003	0
FFQ	82	0	0	0	0	0	0	0	0	0	0	0	0	0	0	0	0	0	0	0	0	0	0	0	0	0	0	0	0	0	0	2003	0
FFQ	83	0	0	0	0	0	0	0	0	0	0	0	0	0	0	0	0	0	0	0	0	0	0	0	0	0	0	0	0	0	0	2003	0
FFQ	84	0	0	0	0	0	0	0	0	0	0	0	0	0	0	0	0	0	0	0	0	0	0	0	0	0	0	0	0	0	0	2003	0
FFQ	85	0	0	0	0	0	0	0	0	0	0	0	0	0	0	0	0	0	0	0	0	0	0	0	0	0	0	0	0	0	0	2003	0
FFQ	86	0	0	0	0	0	0	0	0	0	0	0	0	0	0	0	0	0	0	0	0	0	0	0	0	0	0	0	0	0	0	2003	0
FFQ	87	0	0	0	0	0	0	0	0	0	0	0	0	0	0	0	0	0	0	0	0	0	0	0	0	0	0	0	0	0	0	2003	0
FFQ	88	0	0	0	0	0	0	0	0	0	0	0	0	0	0	0	0	0	0	0	0	0	0	0	0	0	0	0	0	0	0	2003	0
FFQ	89	0	0	0	0	0	0	0	0	0	0	0	0	0	0	0	0	0	0	0	0	0	0	0	0	0	0	0	0	0	0	2003	0
FFQ	90	0	0	0	0	0	0	0	0	0	0	0	0	0	0	0	0	0	0	0	0	0	0	0	0	0	0	0	0	0	0	2003	0
FFQ	91	0	0	0	0	0	0	0	0	0	0	0	0	0	0	0	0	0	0	0	0	0	0	0	0	0	0	0	0	0	0	2003	0
FFQ	92	0	0	0	0	0	0	0	0	0	0	0	0	0	0	0	0	0	0	0	0	0	0	0	0	0	0	0	0	0	0	2003	0
FFQ	93	0	0	0	0	0	0	0	0	0	0	0	0	0	0	0	0	0	0	0	0	0	0	0	0	0	0	0	0	0	0	2003	0
FFQ	94	0	0	0	0	0	0	0	0	0	0	0	0	0	0	0	0	0	0	0	0	0	0	0	0	0	0	0	0	0	0	2003	0
FFQ	95	0	0	0	0	0	0	0	0	0	0	0	0	0	0	0	0	0	0	0	0	0	0	0	0	0	0	0	0	0	0	2003	0
FFQ	96	0	0	0	0	0	0	0	0	0	0	0	0	0	0	0	0	0	0	0	0	0	0	0	0	0	0	0	0	0	0	2003	0
FFQ	97	0	0	0	0	0	0	0	0	0	0	0	0	0	0	0	0	0	0	0	0	0	0	0	0	0	0	0	0	0	0	2003	0
FFQ	98	0	0	0	0	0	0	0	0	0	0	0	0	0	0	0	0	0	0	0	0	0	0	0	0	0	0	0	0	0	0	2003	0
FFQ	99	0	0	0	0	0	0	0	0	0	0	0	0	0	0	0	0	0	0	0	0	0	0	0	0	0	0	0	0	0	0	2003	0
FFQ	100	0	0	0	0	0	0	0	0	0	0	0	0	0	0	0	0	0	0	0	0	0	0	0	0	0	0	0	0	0	0	2003	0
FFQ	101	0	0	0	0	0	0	0	0	0	0	0	0	0	0	0	0	0	0	0	0	0	0	0	0	0	0	0	0	0	0	2003	0
FFQ	102	0	0	0	0	0	0	0	0	0	0	0	0	0	0	0	0	0	0	0	0	0	0	0	0	0	0	0	0	0	0	2003	0
FFQ	103	0	0	0	0	0	0	0	0	0	0	0	0	0	0	0	0	0	0	0	0	0	0	0	0	0	0	0	0	0	0	2003	0
FFQ	104	0	0	0	0	0	0	0	0	0	0	0	0	0	0	0	0	0	0	0	0	0	0	0	0	0	0	0	0	0	0	2003	0
FFQ	105	0	0	0	0	0	0	0	0	0	0	0	0	0	0	0	0	0	0	0	0	0	0	0	0	0	0	0	0	0	0	2003	0
FFQ	106	0	0	0	0	0	0	0	0	0	0	0	0	0	0	0	0	0	0	0	0	0	0	0	0	0	0	0	0	0	0	2003	0
FFQ	107	0	0	0	0	0	0	0	0	0	0	0	0	0	0	0	0	0	0	0	0	0	0	0	0	0	0	0	0	0	0	2003	0
FFQ	108	0	0	0	0	0	0	0	0	0	0	0	0	0	0	0	0	0	0	0	0	0	0	0	0	0	0	0	0	0	0	2003	0
FFQ	109	0	0	0	0	0	0	0	0	0	0	0	0	0	0	0	0	0	0	0	0	0	0	0	0	0	0	0	0	0	0	2003	0
FFQ	110	0	0	0	0	0	0	0	0	0	0	0	0	0	0	0	0	0	0	0	0	0	0	0	0	0	0	0	0	0	0	2003	0
FFQ	111	0	0	0	0	0	0	0	0	0	0	0	0	0	0	0	0	0	0	0	0	0	0	0	0	0	0	0	0	0	0	2003	0
FFQ	112	0	0	0	0	0	0	0	0	0	0	0	0	0	0	0	0	0	0	0	0	0	0	0	0	0	0	0	0	0	0	2003	0
FFQ	113	0	0	0	0	0	0	0	0	0	0	0	0	0	0	0	0	0	0	0	0	0	0	0	0	0	0	0	0	0	0	2003	0
FFQ	114	0	0	0	0	0	0	0	0	0	0	0	0	0	0	0	0	0	0	0	0	0	0	0	0	0	0	0	0	0	0	2003	0
FFQ	115	0	0	0	0	0	0	0	0	0	0	0	0	0	0	0	0	0	0	0	0	0	0	0	0	0	0	0	0	0	0	2003	0
FFQ	116	0	0	0	0	0	0	0	0	0	0	0	0	0	0	0	0	0	0	0	0	0	0	0	0	0	0	0	0	0	0	2003	0
FFQ	117	0	0	0	0	0	0	0	0	0	0	0	0	0	0	0	0	0	0	0	0	0	0	0	0	0	0	0	0	0	0	2003	0
FFQ	118	0	0	0	0	0	0	0	0	0	0	0	0	0	0	0	0	0	0	0	0	0	0	0	0	0	0	0	0	0	0	2003	0
FFQ	119	0	0	0	0	0	0	0	0	0	0	0	0	0	0	0	0	0	0	0	0	0	0	0	0	0	0	0	0	0	0	2003	0
FFQ	120	0	0	0	0	0	0	0	0	0	0	0	0	0	0	0	0	0	0	0	0	0	0	0	0	0	0	0	0	0	0	2003	0
FFQ	121	0	0	0	0	0	0	0	0	0	0	0	0	0	0	0	0	0	0	0	0	0	0	0	0	0	0	0	0	0	0	2003	0
FFQ	122	0	0	0	0	0	0	0	0	0	0	0	0	0	0	0	0	0	0	0	0	0	0	0	0	0	0	0	0	0	0	2003	0
FFQ	123	0	0	0	0	0	0	0	0	0	0	0	0	0	0	0	0	0	0	0	0	0	0	0	0	0	0	0	0	0	0	2003	0
FFQ	124	0	0	0	0	0	0	0	0	0	0	0	0	0	0	0	0	0	0	0	0	0	0	0	0	0	0	0	0	0	0	2003	0
FFQ	125	0	0	0	0	0	0	0	0	0	0	0	0	0	0	0	0	0	0	0	0	0	0	0	0	0	0	0	0	0	0	2003	0
FFQ	126	0	0	0	0	0	0	0	0	0	0	0	0	0	0	0	0	0	0	0	0	0	0	0	0	0	0	0	0	0	0	2003	0
FFQ	127	0	0	0	0	0	0	0	0	0	0	0	0	0	0	0	0	0	0	0	0	0	0	0	0	0	0	0	0	0	0	2003	0
FFQ	128	0	0	0	0	0	0	0	0	0	0	0	0	0	0	0	0	0	0	0	0	0	0	0	0	0	0	0	0	0	0	2003	0
FFQ	129	0	0	0	0	0	0	0	0	0	0	0	0	0	0	0	0	0	0	0	0	0	0	0	0	0	0	0	0	0	0	2003	0
FFQ	130	0	0	0	0	0	0	0	0	0	0	0	0	0	0	0	0	0	0	0	0	0	0	0	0	0	0	0	0	0	0	2003	0
FFQ	131	0	0	0	0	0	0	0	0	0	0	0	0	0	0	0	0	0	0	0	0	0	0	0	0	0	0	0	0	0	0	2003	0
FFQ	132	0	0	0	0	0	0	0	0	0	0	0	0	0	0	0	0	0	0	0	0	0	0	0	0	0	0	0	0	0	0	2003	0
FFQ	133	0	0	0	0	0	0	0	0	0	0	0	0	0	0	0	0	0	0	0	0	0	0	0	0	0	0	0	0	0	0	2003	0
FFQ	134	0	0	0	0	0	0	0	0	0	0	0	0	0	0	0	0	0	0	0	0	0	0	0	0	0	0	0	0	0	0	2003	0
FFQ	135	0	0	0	0	0	0	0	0	0	0	0	0	0	0	0	0	0	0	0	0	0	0	0	0	0	0	0	0	0	0	2003	0
FFQ	136	0	0	0	0	0	0	0	0	0	0	0	0	0	0	0	0	0	0	0	0	0	0	0	0	0	0	0	0	0	0	2003	0
FFQ	137	0	0	0	0	0	0	0	0	0	0	0	0	0	0	0	0	0	0	0	0	0	0	0	0	0	0	0	0	0	0	2003	0
FFQ	138	0	0	0	0	0	0	0	0	0	0	0	0	0	0	0	0	0	0	0	0	0	0	0	0	0	0	0	0	0	0	2003	0
FFQ	139	0	0	0	0	0	0	0	0	0	0	0	0	0	0	0	0	0	0	0	0	0	0	0	0	0	0	0	0	0	0	2003	0
FFQ	140	0	0	0	0	0	0	0	0	0	0	0	0	0	0	0	0	0	0	0	0	0	0	0	0	0	0	0	0	0	0	2003	0
FFQ	141	0	0	0	0	0	0	0	0	0	0	0	0	0	0	0	0	0	0	0	0	0	0	0	0	0	0	0	0	0	0	2003	0
FFQ	142	0	0	0	0	0	0	0	0	0	0	0	0	0	0	0	0	0	0	0	0	0	0	0	0	0	0	0	0	0	0	2003	0
FFQ	143	0	0	0	0	0	0	0	0	0	0	0	0	0	0	0	0	0	0	0	0	0	0	0	0	0	0	0	0	0	0	2003	0
FFQ	144	0	0	0	0	0	0	0	0	0	0	0	0	0	0	0	0	0	0	0	0	0	0	0	0	0	0	0	0	0	0	2003	0
FFQ	145	0	0	0	0	0	0	0	0	0	0	0	0	0	0	0	0	0	0	0	0	0	0	0	0	0	0	0	0	0	0	2003	0
FFQ	146	0	0	0	0	0	0	0	0	0	0	0	0	0	0	0	0	0	0	0	0	0	0	0	0	0	0	0	0	0	0	2002	0
FFQ	147	0	0	0	0	0	0	0	0	0	0	0	0	0	0	0	0	0	0	0	0	0	0	0	0	0	0	0	0	0	0	2002	0
FFQ	148	0	0	0	0	0	0	0	0	0	0	0	0	0	0	0	0	0	0	0	0	0	0	0	0	0	0	0	0	0	0	2002	0
FFQ	149	0	0	0	0	0	0	0	0	0	0	0	0	0	0	0	0	0	0	0	0	0	0	0	0	0	0	0	0	0	0	2002	0
FFQ	150	0	0	0	0	0	0	0	0	0	0	0	0	0	0	0	0	0	0	0	0	0	0	0	0	0	0	0	0	0	0	2002	0
# Last Fragment Qualities. Use `grep ^LFQ | cut -f 2-` to extract this part.
# Columns correspond to qualities and rows to cycles. First column is the cycle number.
LFQ	1	0	0	0	0	0	0	0	0	0	0	0	0	0	0	0	0	0	0	0	0	0	0	0	0	0	0	0	0	0	0	2003	0
LFQ	2	0	0	0	0	0	0	0	0	0	0	0	0	0	0	0	0	0	0	0	0	0	0	0	0	0	0	0	0	0	0	2003	0
LFQ	3	0	0	0	0	0	0	0	0	0	0	0	0	0	0	0	0	0	0	0	0	0	0	0	0	0	0	0	0	0	0	2003	0
LFQ	4	0	0	0	0	0	0	0	0	0	0	0	0	0	0	0	0	0	0	0	0	0	0	0	0	0	0	0	0	0	0	2003	0
LFQ	5	0	0	0	0	0	0	0	0	0	0	0	0	0	0	0	0	0	0	0	0	0	0	0	0	0	0	0	0	0	0	2003	0
LFQ	6	0	0	0	0	0	0	0	0	0	0	0	0	0	0	0	0	0	0	0	0	0	0	0	0	0	0	0	0	0	0	2003	0
LFQ	7	0	0	0	0	0	0	0	0	0	0	0	0	0	0	0	0	0	0	0	0	0	0	0	0	0	0	0	0	0	0	2003	0
LFQ	8	0	0	0	0	0	0	0	0	0	0	0	0	0	0	0	0	0	0	0	0	0	0	0	0	0	0	0	0	0	0	2003	0
LFQ	9	0	0	0	0	0	0	0	0	0	0	0	0	0	0	0	0	0	0	0	0	0	0	0	0	0	0	0	0	0	0	2003	0
LFQ	10	0	0	0	0	0	0	0	0	0	0	0	0	0	0	0	0	0	0	0	0	0	0	0	0	0	0	0	0	0	0	2003	0
LFQ	11	0	0	0	0	0	0	0	0	0	0	0	0	0	0	0	0	0	0	0	0	0	0	0	0	0	0	0	0	0	0	2003	0
LFQ	12	0	0	0	0	0	0	0	0	0	0	0	0	0	0	0	0	0	0	0	0	0	0	0	0	0	0	0	0	0	0	2003	0
LFQ	13	0	0	0	0	0	0	0	0	0	0	0	0	0	0	0	0	0	0	0	0	0	0	0	0	0	0	0	0	0	0	2003	0
LFQ	14	0	0	0	0	0	0	0	0	0	0	0	0	0	0	0	0	0	0	0	0	0	0	0	0	0	0	0	0	0	0	2003	0
LFQ	15	0	0	0	0	0	0	0	0	0	0	0	0	0	0	0	0	0	0	0	0	0	0	0	0	0	0	0	0	0	0	2003	0
LFQ	16	0	0	0	0	0	0	0	0	0	0	0	0	0	0	0	0	0	0	0	0	0	0	0	0	0	0	0	0	0	0	2003	0
LFQ	17	0	0	0	0	0	0	0	0	0	0	0	0	0	0	0	0	0	0	0	0	0	0	0	0	0	0	0	0	0	0	2003	0
LFQ	18	0	0	0	0	0	0	0	0	0	0	0	0	0	0	0	0	0	0	0	0	0	0	0	0	0	0	0	0	0	0	2003	0
LFQ	19	0	0	0	0	0	0	0	0	0	0	0	0	0	0	0	0	0	0	0	0	0	0	0	0	0	0	0	0	0	0	2003	0
LFQ	20	0	0	0	0	0	0	0	0	0	0	0	0	0	0	0	0	0	0	0	0	0	0	0	0	0	0	0	0	0	0	2003	0
LFQ	21	0	0	0	0	0	0	0	0	0	0	0	0	0	0	0	0	0	0	0	0	0	0	0	0	0	0	0	0	0	0	2003	0
LFQ	22	0	0	0	0	0	0	0	0	0	0	0	0	0	0	0	0	0	0	0	0	0	0	0	0	0	0	0	0	0	0	2003	0
LFQ	23	0	0	0	0	0	0	0	0	0	0	0	0	0	0	0	0	0	0	0	0	0	0	0	0	0	0	0	0	0	0	2003	0
LFQ	24	0	0	0	0	0	0	0	0	0	0	0	0	0	0	0	0	0	0	0	0	0	0	0	0	0	0	0	0	0	0	2003	0
LFQ	25	0	0	0	0	0	0	0	0	0	0	0	0	0	0	0	0	0	0	0	0	0	0	0	0	0	0	0	0	0	0	2003	0
LFQ	26	0	0	0	0	0	0	0	0	0	0	0	0	0	0	0	0	0	0	0	0	0	0	0	0	0	0	0	0	0	0	2003	0
LFQ	27	0	0	0	0	0	0	0	0	0	0	0	0	0	0	0	0	0	0	0	0	0	0	0	0	0	0	0	0	0	0	2003	0
LFQ	28	0	0	0	0	0	0	0	0	0	0	0	0	0	0	0	0	0	0	0	0	0	0	0	0	0	0	0	0	0	0	2003	0
LFQ	29	0	0	0	0	0	0	0	0	0	0	0	0	0	0	0	0	0	0	0	0	0	0	0	0	0	0	0	0	0	0	2003	0
LFQ	30	0	0	0	0	0	0	0	0	0	0	0	0	0	0	0	0	0	0	0	0	0	0	0	0	0	0	0	0	0	0	2003	0
LFQ	31	0	0	0	0	0	0	0	0	0	0	0	0	0	0	0	0	0	0	0	0	0	0	0	0	0	0	0	0	0	0	2003	0
LFQ	32	0	0	0	0	0	0	0	0	0	0	0	0	0	0	0	0	0	0	0	0	0	0	0	0	0	0	0	0	0	0	2003	0
LFQ	33	0	0	0	0	0	0	0	0	0	0	0	0	0	0	0	0	0	0	0	0	0	0	0	0	0	0	0	0	0	0	2003	0
LFQ	34	0	0	0	0	0	0	0	0	0	0	0	0	0	0	0	0	0	0	0	0	0	0	0	0	0	0	0	0	0	0	2003	0
LFQ	35	0	0	0	0	0	0	0	0	0	0	0	0	0	0	0	0	0	0	0	0	0	0	0	0	0	0	0	0	0	0	2003	0
LFQ	36	0	0	0	0	0	0	0	0	0	0	0	0	0	0	0	0	0	0	0	0	0	0	0	0	0	0	0	0	0	0	2003	0
LFQ	37	0	0	0	0	0	0	0	0	0	0	0	0	0	0	0	0	0	0	0	0	0	0	0	0	0	0	0	0	0	0	2003	0
LFQ	38	0	0	0	0	0	0	0	0	0	0	0	0	0	0	0	0	0	0	0	0	0	0	0	0	0	0	0	0	0	0	2003	0
LFQ	39	0	0	0	0	0	0	0	0	0	0	0	0	0	0	0	0	0	0	0	0	0	0	0	0	0	0	0	0	0	0	2003	0
LFQ	40	0	0	0	0	0	0	0	0	0	0	0	0	0	0	0	0	0	0	0	0	0	0	0	0	0	0	0	0	0	0	2003	0
LFQ	41	0	0	0	0	0	0	0	0	0	0	0	0	0	0	0	0	0	0	0	0	0	0	0	0	0	0	0	0	0	0	2003	0
LFQ	42	0	0	0	0	0	0	0	0	0	0	0	0	0	0	0	0	0	0	0	0	0	0	0	0	0	0	0	0	0	0	2003	0
LFQ	43	0	0	0	0	0	0	0	0	0	0	0	0	0	0	0	0	0	0	0	0	0	0	0	0	0	0	0	0	0	0	2003	0
LFQ	44	0	0	0	0	0	0	0	0	0	0	0	0	0	0	0	0	0	0	0	0	0	0	0	0	0	0	0	0	0	0	2003	0
LFQ	45	0	0	0	0	0	0	0	0	0	0	0	0	0	0	0	0	0	0	0	0	0	0	0	0	0	0	0	0	0	0	2003	0
LFQ	46	0	0	0	0	0	0	0	0	0	0	0	0	0	0	0	0	0	0	0	0	0	0	0	0	0	0	0	0	0	0	2003	0
LFQ	47	0	0	0	0	0	0	0	0	0	0	0	0	0	0	0	0	0	0	0	0	0	0	0	0	0	0	0	0	0	0	2003	0
LFQ	48	0	0	0	0	0	0	0	0	0	0	0	0	0	0	0	0	0	0	0	0	0	0	0	0	0	0	0	0	0	0	2003	0
LFQ	49	0	0	0	0	0	0	0	0	0	0	0	0	0	0	0	0	0	0	0	0	0	0	0	0	0	0	0	0	0	0	2003	0
LFQ	50	0	0	0	0	0	0	0	0	0	0	0	0	0	0	0	0	0	0	0	0	0	0	0	0	0	0	0	0	0	0	2003	0
LFQ	51	0	0	0	0	0	0	0	0	0	0	0	0	0	0	0	0	0	0	0	0	0	0	0	0	0	0	0	0	0	0	2003	0
LFQ	52	0	0	0	0	0	0	0	0	0	0	0	0	0	0	0	0	0	0	0	0	0	0	0	0	0	0	0	0	0	0	2003	0
LFQ	53	0	0	0	0	0	0	0	0	0	0	0	0	0	0	0	0	0	0	0	0	0	0	0	0	0	0	0	0	0	0	2003	0
LFQ	54	0	0	0	0	0	0	0	0	0	0	0	0	0	0	0	0	0	0	0	0	0	0	0	0	0	0	0	0	0	0	2003	0
LFQ	55	0	0	0	0	0	0	0	0	0	0	0	0	0	0	0	0	0	0	0	0	0	0	0	0	0	0	0	0	0	0	2003	0
LFQ	56	0	0	0	0	0	0	0	0	0	0	0	0	0	0	0	0	0	0	0	0	0	0	0	0	0	0	0	0	0	0	2003	0
LFQ	57	0	0	0	0	0	0	0	0	0	0	0	0	0	0	0	0	0	0	0	0	0	0	0	0	0	0	0	0	0	0	2003	0
LFQ	58	0	0	0	0	0	0	0	0	0	0	0	0	0	0	0	0	0	0	0	0	0	0	0	0	0	0	0	0	0	0	2003	0
LFQ	59	0	0	0	0	0	0	0	0	0	0	0	0	0	0	0	0	0	0	0	0	0	0	0	0	0	0	0	0	0	0	2003	0
LFQ	60	0	0	0	0	0	0	0	0	0	0	0	0	0	0	0	0	0	0	0	0	0	0	0	0	0	0	0	0	0	0	2003	0
LFQ	61	0	0	0	0	0	0	0	0	0	0	0	0	0	0	0	0	0	0	0	0	0	0	0	0	0	0	0	0	0	0	2003	0
LFQ	62	0	0	0	0	0	0	0	0	0	0	0	0	0	0	0	0	0	0	0	0	0	0	0	0	0	0	0	0	0	0	2003	0
LFQ	63	0	0	0	0	0	0	0	0	0	0	0	0	0	0	0	0	0	0	0	0	0	0	0	0	0	0	0	0	0	0	2003	0
LFQ	64	0	0	0	0	0	0	0	0	0	0	0	0	0	0	0	0	0	0	0	0	0	0	0	0	0	0	0	0	0	0	2003	0
LFQ	65	0	0	0	0	0	0	0	0	0	0	0	0	0	0	0	0	0	0	0	0	0	0	0	0	0	0	0	0	0	0	2003	0
LFQ	66	0	0	0	0	0	0	0	0	0	0	0	0	0	0	0	0	0	0	0	0	0	0	0	0	0	0	0	0	0	0	2003	0
LFQ	67	0	0	0	0	0	0	0	0	0	0	0	0	0	0	0	0	0	0	0	0	0	0	0	0	0	0	0	0	0	0	2003	0
LFQ	68	0	0	0	0	0	0	0	0	0	0	0	0	0	0	0	0	0	0	0	0	0	0	0	0	0	0	0	0	0	0	2003	0
LFQ	69	0	0	0	0	0	0	0	0	0	0	0	0	0	0	0	0	0	0	0	0	0	0	0	0	0	0	0	0	0	0	2003	0
LFQ	70	0	0	0	0	0	0	0	0	0	0	0	0	0	0	0	0	0	0	0	0	0	0	0	0	0	0	0	0	0	0	2003	0
LFQ	71	0	0	0	0	0	0	0	0	0	0	0	0	0	0	0	0	0	0	0	0	0	0	0	0	0	0	0	0	0	0	2003	0
LFQ	72	0	0	0	0	0	0	0	0	0	0	0	0	0	0	0	0	0	0	0	0	0	0	0	0	0	0	0	0	0	0	2003	0
LFQ	73	0	0	0	0	0	0	0	0	0	0	0	0	0	0	0	0	0	0	0	0	0	0	0	0	0	0	0	0	0	0	2003	0
LFQ	74	0	0	0	0	0	0	0	0	0	0	0	0	0	0	0	0	0	0	0	0	0	0	0	0	0	0	0	0	0	0	2003	0
LFQ	75	0	0	0	0	0	0	0	0	0	0	0	0	0	0	0	0	0	0	0	0	0	0	0	0	0	0	0	0	0	0	2003	0
LFQ	76	0	0	0	0	0	0	0	0	0	0	0	0	0	0	0	0	0	0	0	0	0	0	0	0	0	0	0	0	0	0	2003	0
LFQ	77	0	0	0	0	0	0	0	0	0	0	0	0	0	0	0	0	0	0	0	0	0	0	0	0	0	0	0	0	0	0	2003	0
LFQ	78	0	0	0	0	0	0	0	0	0	0	0	0	0	0	0	0	0	0	0	0	0	0	0	0	0	0	0	0	0	0	2003	0
LFQ	79	0	0	0	0	0	0	0	0	0	0	0	0	0	0	0	0	0	0	0	0	0	0	0	0	0	0	0	0	0	0	2003	0
LFQ	80	0	0	0	0	0	0	0	0	0	0	0	0	0	0	0	0	0	0	0	0	0	0	0	0	0	0	0	0	0	0	2003	0
LFQ	81	0	0	0	0	0	0	0	0	0	0	0	0	0	0	0	0	0	0	0	0	0	0	0	0	0	0	0	0	0	0	2003	0
LFQ	82	0	0	0	0	0	0	0	0	0	0	0	0	0	0	0	0	0	0	0	0	0	0	0	0	0	0	0	0	0	0	2003	0
LFQ	83	0	0	0	0	0	0	0	0	0	0	0	0	0	0	0	0	0	0	0	0	0	0	0	0	0	0	0	0	0	0	2003	0
LFQ	84	0	0	0	0	0	0	0	0	0	0	0	0	0	0	0	0	0	0	0	0	0	0	0	0	0	0	0	0	0	0	2003	0
LFQ	85	0	0	0	0	0	0	0	0	0	0	0	0	0	0	0	0	0	0	0	0	0	0	0	0	0	0	0	0	0	0	2003	0
LFQ	86	0	0	0	0	0	0	0	0	0	0	0	0	0	0	0	0	0	0	0	0	0	0	0	0	0	0	0	0	0	0	2003	0
LFQ	87	0	0	0	0	0	0	0	0	0	0	0	0	0	0	0	0	0	0	0	0	0	0	0	0	0	0	0	0	0	0	2003	0
LFQ	88	0	0	0	0	0	0	0	0	0	0	0	0	0	0	0	0	0	0	0	0	0	0	0	0	0	0	0	0	0	0	2003	0
LFQ	89	0	0	0	0	0	0	0	0	0	0	0	0	0	0	0	0	0	0	0	0	0	0	0	0	0	0	0	0	0	0	2003	0
LFQ	90	0	0	0	0	0	0	0	0	0	0	0	0	0	0	0	0	0	0	0	0	0	0	0	0	0	0	0	0	0	0	2003	0
LFQ	91	0	0	0	0	0	0	0	0	0	0	0	0	0	0	0	0	0	0	0	0	0	0	0	0	0	0	0	0	0	0	2003	0
LFQ	92	0	0	0	0	0	0	0	0	0	0	0	0	0	0	0	0	0	0	0	0	0	0	0	0	0	0	0	0	0	0	2003	0
LFQ	93	0	0	0	0	0	0	0	0	0	0	0	0	0	0	0	0	0	0	0	0	0	0	0	0	0	0	0	0	0	0	2003	0
LFQ	94	0	0	0	0	0	0	0	0	0	0	0	0	0	0	0	0	0	0	0	0	0	0	0	0	0	0	0	0	0	0	2003	0
LFQ	95	0	0	0	0	0	0	0	0	0	0	0	0	0	0	0	0	0	0	0	0	0	0	0	0	0	0	0	0	0	0	2003	0
LFQ	96	0	0	0	0	0	0	0	0	0	0	0	0	0	0	0	0	0	0	0	0	0	0	0	0	0	0	0	0	0	0	2003	0
LFQ	97	0	0	0	0	0	0	0	0	0	0	0	0	0	0	0	0	0	0	0	0	0	0	0	0	0	0	0	0	0	0	2003	0
LFQ	98	0	0	0	0	0	0	0	0	0	0	0	0	0	0	0	0	0	0	0	0	0	0	0	0	0	0	0	0	0	0	2003	0
LFQ	99	0	0	0	0	0	0	0	0	0	0	0	0	0	0	0	0	0	0	0	0	0	0	0	0	0	0	0	0	0	0	2003	0
LFQ	100	0	0	0	0	0	0	0	0	0	0	0	0	0	0	0	0	0	0	0	0	0	0	0	0	0	0	0	0	0	0	2003	0
LFQ	101	0	0	0	0	0	0	0	0	0	0	0	0	0	0	0	0	0	0	0	0	0	0	0	0	0	0	0	0	0	0	2003	0
LFQ	102	0	0	0	0	0	0	0	0	0	0	0	0	0	0	0	0	0	0	0	0	0	0	0	0	0	0	0	0	0	0	2003	0
LFQ	103	0	0	0	0	0	0	0	0	0	0	0	0	0	0	0	0	0	0	0	0	0	0	0	0	0	0	0	0	0	0	2003	0
LFQ	104	0	0	0	0	0	0	0	0	0	0	0	0	0	0	0	0	0	0	0	0	0	0	0	0	0	0	0	0	0	0	2003	0
LFQ	105	0	0	0	0	0	0	0	0	0	0	0	0	0	0	0	0	0	0	0	0	0	0	0	0	0	0	0	0	0	0	2003	0
LFQ	106	0	0	0	0	0	0	0	0	0	0	0	0	0	0	0	0	0	0	0	0	0	0	0	0	0	0	0	0	0	0	2003	0
LFQ	107	0	0	0	0	0	0	0	0	0	0	0	0	0	0	0	0	0	0	0	0	0	0	0	0	0	0	0	0	0	0	2003	0
LFQ	108	0	0	0	0	0	0	0	0	0	0	0	0	0	0	0	0	0	0	0	0	0	0	0	0	0	0	0	0	0	0	2003	0
LFQ	109	0	0	0	0	0	0	0	0	0	0	0	0	0	0	0	0	0	0	0	0	0	0	0	0	0	0	0	0	0	0	2003	0
LFQ	110	0	0	0	0	0	0	0	0	0	0	0	0	0	0	0	0	0	0	0	0	0	0	0	0	0	0	0	0	0	0	2003	0
LFQ	111	0	0	0	0	0	0	0	0	0	0	0	0	0	0	0	0	0	0	0	0	0	0	0	0	0	0	0	0	0	0	2003	0
LFQ	112	0	0	0	0	0	0	0	0	0	0	0	0	0	0	0	0	0	0	0	0	0	0	0	0	0	0	0	0	0	0	2003	0
LFQ	113	0	0	0	0	0	0	0	0	0	0	0	0	0	0	0	0	0	0	0	0	0	0	0	0	0	0	0	0	0	0	2003	0
LFQ	114	0	0	0	0	0	0	0	0	0	0	0	0	0	0	0	0	0	0	0	0	0	0	0	0	0	0	0	0	0	0	2003	0
LFQ	115	0	0	0	0	0	0	0	0	0	0	0	0	0	0	0	0	0	0	0	0	0	0	0	0	0	0	0	0	0	0	2003	0
LFQ	116	0	0	0	0	0	0	0	0	0	0	0	0	0	0	0	0	0	0	0	0	0	0	0	0	0	0	0	0	0	0	2003	0
LFQ	117	0	0	0	0	0	0	0	0	0	0	0	0	0	0	0	0	0	0	0	0	0	0	0	0	0	0	0	0	0	0	2003	0
LFQ	118	0	0	0	0	0	0	0	0	0	0	0	0	0	0	0	0	0	0	0	0	0	0	0	0	0	0	0	0	0	0	2003	0
LFQ	119	0	0	0	0	0	0	0	0	0	0	0	0	0	0	0	0	0	0	0	0	0	0	0	0	0	0	0	0	0	0	2003	0
LFQ	120	0	0	0	0	0	0	0	0	0	0	0	0	0	0	0	0	0	0	0	0	0	0	0	0	0	0	0	0	0	0	2003	0
LFQ	121	0	0	0	0	0	0	0	0	0	0	0	0	0	0	0	0	0	0	0	0	0	0	0	0	0	0	0	0	0	0	2003	0
LFQ	122	0	0	0	0	0	0	0	0	0	0	0	0	0	0	0	0	0	0	0	0	0	0	0	0	0	0	0	0	0	0	2003	0
LFQ	123	0	0	0	0	0	0	0	0	0	0	0	0	0	0	0	0	0	0	0	0	0	0	0	0	0	0	0	0	0	0	2003	0
LFQ	124	0	0	0	0	0	0	0	0	0	0	0	0	0	0	0	0	0	0	0	0	0	0	0	0	0	0	0	0	0	0	2003	0
LFQ	125	0	0	0	0	0	0	0	0	0	0	0	0	0	0	0	0	0	0	0	0	0	0	0	0	0	0	0	0	0	0	2003	0
LFQ	126	0	0	0	0	0	0	0	0	0	0	0	0	0	0	0	0	0	0	0	0	0	0	0	0	0	0	0	0	0	0	2003	0
LFQ	127	0	0	0	0	0	0	0	0	0	0	0	0	0	0	0	0	0	0	0	0	0	0	0	0	0	0	0	0	0	0	2003	0
LFQ	128	0	0	0	0	0	0	0	0	0	0	0	0	0	0	0	0	0	0	0	0	0	0	0	0	0	0	0	0	0	0	2003	0
LFQ	129	0	0	0	0	0	0	0	0	0	0	0	0	0	0	0	0	0	0	0	0	0	0	0	0	0	0	0	0	0	0	2003	0
LFQ	130	0	0	0	0	0	0	0	0	0	0	0	0	0	0	0	0	0	0	0	0	0	0	0	0	0	0	0	0	0	0	2003	0
LFQ	131	0	0	0	0	0	0	0	0	0	0	0	0	0	0	0	0	0	0	0	0	0	0	0	0	0	0	0	0	0	0	2003	0
LFQ	132	0	0	0	0	0	0	0	0	0	0	0	0	0	0	0	0	0	0	0	0	0	0	0	0	0	0	0	0	0	0	2003	0
LFQ	133	0	0	0	0	0	0	0	0	0	0	0	0	0	0	0	0	0	0	0	0	0	0	0	0	0	0	0	0	0	0	2003	0
LFQ	134	0	0	0	0	0	0	0	0	0	0	0	0	0	0	0	0	0	0	0	0	0	0	0	0	0	0	0	0	0	0	2003	0
LFQ	135	0	0	0	0	0	0	0	0	0	0	0	0	0	0	0	0	0	0	0	0	0	0	0	0	0	0	0	0	0	0	2003	0
LFQ	136	0	0	0	0	0	0	0	0	0	0	0	0	0	0	0	0	0	0	0	0	0	0	0	0	0	0	0	0	0	0	2003	0
LFQ	137	0	0	0	0	0	0	0	0	0	0	0	0	0	0	0	0	0	0	0	0	0	0	0	0	0	0	0	0	0	0	2003	0
LFQ	138	0	0	0	0	0	0	0	0	0	0	0	0	0	0	0	0	0	0	0	0	0	0	0	0	0	0	0	0	0	0	2003	0
LFQ	139	0	0	0	0	0	0	0	0	0	0	0	0	0	0	0	0	0	0	0	0	0	0	0	0	0	0	0	0	0	0	2003	0
LFQ	140	0	0	0	0	0	0	0	0	0	0	0	0	0	0	0	0	0	0	0	0	0	0	0	0	0	0	0	0	0	0	2003	0
LFQ	141	0	0	0	0	0	0	0	0	0	0	0	0	0	0	0	0	0	0	0	0	0	0	0	0	0	0	0	0	0	0	2003	0
LFQ	142	0	0	0	0	0	0	0	0	0	0	0	0	0	0	0	0	0	0	0	0	0	0	0	0	0	0	0	0	0	0	2003	0
LFQ	143	0	0	0	0	0	0	0	0	0	0	0	0	0	0	0	0	0	0	0	0	0	0	0	0	0	0	0	0	0	0	2003	0
LFQ	144	0	0	0	0	0	0	0	0	0	0	0	0	0	0	0	0	0	0	0	0	0	0	0	0	0	0	0	0	0	0	2003	0
LFQ	145	0	0	0	0	0	0	0	0	0	0	0	0	0	0	0	0	0	0	0	0	0	0	0	0	0	0	0	0	0	0	2003	0
LFQ	146	0	0	0	0	0	0	0	0	0	0	0	0	0	0	0	0	0	0	0	0	0	0	0	0	0	0	0	0	0	0	2003	0
LFQ	147	0	0	0	0	0	0	0	0	0	0	0	0	0	0	0	0	0	0	0	0	0	0	0	0	0	0	0	0	0	0	2003	0
LFQ	148	0	0	0	0	0	0	0	0	0	0	0	0	0	0	0	0	0	0	0	0	0	0	0	0	0	0	0	0	0	0	2003	0
LFQ	149	0	0	0	0	0	0	0	0	0	0	0	0	0	0	0	0	0	0	0	0	0	0	0	0	0	0	0	0	0	0	2003	0
LFQ	150	0	0	0	0	0	0	0	0	0	0	0	0	0	0	0	0	0	0	0	0	0	0	0	0	0	0	0	0	0	0	2003	0
# GC Content of first fragments. Use `grep ^GCF | cut -f 2-` to extract this part.
GCF	5.53	0
GCF	11.31	1
GCF	13.57	0
GCF	16.08	1
GCF	16.83	0
GCF	17.34	1
GCF	18.09	3
GCF	18.84	1
GCF	19.35	0
GCF	20.10	3
GCF	21.11	2
GCF	22.11	1
GCF	22.86	9
GCF	23.37	8
GCF	24.12	13
GCF	24.87	7
GCF	25.38	14
GCF	26.13	21
GCF	26.88	13
GCF	27.39	11
GCF	27.89	24
GCF	28.39	23
GCF	29.15	26
GCF	30.15	25
GCF	30.90	30
GCF	31.41	44
GCF	32.16	49
GCF	32.91	50
GCF	33.42	74
GCF	33.92	76
GCF	34.67	67
GCF	35.43	84
GCF	35.93	70
GCF	36.68	86
GCF	37.44	83
GCF	37.94	63
GCF	38.94	75
GCF	39.95	62
GCF	40.70	76
GCF	41.46	59
GCF	41.96	53
GCF	42.71	39
GCF	43.47	60
GCF	43.97	58
GCF	44.72	46
GCF	45.48	41
GCF	45.98	47
GCF	46.73	33
GCF	47.49	55
GCF	47.99	36
GCF	48.74	28
GCF	49.50	29
GCF	50.00	12
GCF	50.75	20
GCF	51.51	15
GCF	52.01	18
GCF	52.76	9
GCF	53.52	11
GCF	54.02	7
GCF	54.77	3
GCF	55.53	7
GCF	56.03	9
GCF	56.78	4
GCF	57.79	6
GCF	59.30	2
GCF	60.80	1
GCF	61.81	0
GCF	62.81	2
GCF	63.57	3
GCF	64.57	0
GCF	65.58	3
GCF	67.34	0
GCF	69.35	1
GCF	70.35	0
GCF	71.36	1
# GC Content of last fragments. Use `grep ^GCL | cut -f 2-` to extract this part.
GCL	3.27	0
GCL	6.78	1
GCL	10.30	0
GCL	14.07	1
GCL	15.58	0
GCL	16.83	1
GCL	17.34	0
GCL	18.09	2
GCL	18.84	3
GCL	19.35	0
GCL	20.10	4
GCL	20.85	7
GCL	21.36	4
GCL	22.11	5
GCL	22.86	8
GCL	23.37	4
GCL	24.12	5
GCL	24.87	15
GCL	25.38	16
GCL	26.13	17
GCL	26.88	25
GCL	27.39	22
GCL	28.14	25
GCL	28.89	31
GCL	29.40	47
GCL	30.15	36
GCL	30.90	33
GCL	31.41	43
GCL	32.16	51
GCL	32.91	66
GCL	33.42	59
GCL	33.92	62
GCL	34.67	63
GCL	35.43	83
GCL	36.43	86
GCL	37.44	75
GCL	37.94	62
GCL	38.69	70
GCL	39.45	58
GCL	39.95	63
GCL	40.70	56
GCL	41.46	63
GCL	41.96	56
GCL	42.71	54
GCL	43.47	56
GCL	43.97	46
GCL	44.72	44
GCL	45.48	43
GCL	45.98	52
GCL	46.73	42
GCL	47.49	33
GCL	47.99	32
GCL	48.74	30
GCL	49.50	19
GCL	50.00	14
GCL	50.75	23
GCL	51.51	15
GCL	52.01	19
GCL	52.76	7
GCL	53.52	12
GCL	54.02	3
GCL	54.77	7
GCL	55.53	3
GCL	56.03	7
GCL	57.04	3
GCL	58.54	4
GCL	59.80	2
GCL	61.06	3
GCL	62.06	1
GCL	62.81	2
GCL	66.83	0
GCL	70.60	1
# ACGT content per cycle. Use `grep ^GCC | cut -f 2-` to extract this part. The columns are: cycle; A,C,G,T base counts as a percentage of all A/C/G/T bases [%]; and N and O counts as a percentage of all A/C/G/T bases [%]
GCC	1	31.05	19.37	18.82	30.75	0.00	0.00
GCC	2	30.93	18.90	18.42	31.75	0.00	0.00
GCC	3	31.18	19.70	18.02	31.10	0.00	0.00
GCC	4	32.03	19.97	19.57	28.43	0.00	0.00
GCC	5	31.00	20.24	18.77	29.98	0.00	0.00
GCC	6	30.80	19.77	19.37	30.05	0.00	0.00
GCC	7	31.40	18.90	19.20	30.50	0.00	0.00
GCC	8	31.05	20.32	18.00	30.63	0.00	0.00
GCC	9	30.93	19.90	19.30	29.88	0.00	0.00
GCC	10	30.13	19.80	18.35	31.73	0.00	0.00
GCC	11	30.85	20.32	18.42	30.40	0.00	0.00
GCC	12	29.21	19.25	19.62	31.93	0.00	0.00
GCC	13	29.26	19.90	19.15	31.70	0.00	0.00
GCC	14	30.03	21.02	18.35	30.60	0.00	0.00
GCC	15	30.73	18.52	19.05	31.70	0.00	0.00
GCC	16	31.38	19.10	19.55	29.98	0.00	0.00
GCC	17	31.53	18.62	18.65	31.20	0.00	0.00
GCC	18	29.76	20.34	18.75	31.15	0.00	0.00
GCC	19	30.15	19.40	20.02	30.43	0.00	0.00
GCC	20	30.38	19.47	19.50	30.65	0.00	0.00
GCC	21	31.45	18.00	18.72	31.83	0.00	0.00
GCC	22	31.18	19.60	19.72	29.51	0.00	0.00
GCC	23	29.73	20.49	19.37	30.40	0.00	0.00
GCC	24	30.33	20.99	17.87	30.80	0.00	0.00
GCC	25	30.73	19.57	18.87	30.83	0.00	0.00
GCC	26	29.88	20.64	18.77	30.70	0.00	0.00
GCC	27	30.03	19.32	19.07	31.58	0.00	0.00
GCC	28	30.23	19.85	18.85	31.08	0.00	0.00
GCC	29	30.78	21.04	17.90	30.28	0.00	0.00
GCC	30	31.08	20.29	18.82	29.81	0.00	0.00
GCC	31	30.40	21.02	17.85	30.73	0.00	0.00
GCC	32	30.93	20.14	19.42	29.51	0.00	0.00
GCC	33	30.30	19.80	18.50	31.40	0.00	0.00
GCC	34	29.18	20.94	18.95	30.93	0.00	0.00
GCC	35	31.33	19.05	17.95	31.68	0.00	0.00
GCC	36	30.28	20.54	18.47	30.70	0.00	0.00
GCC	37	30.05	20.89	18.00	31.05	0.00	0.00
GCC	38	29.13	21.17	17.77	31.93	0.00	0.00
GCC	39	30.30	18.82	19.30	31.58	0.00	0.00
GCC	40	30.08	20.87	19.00	30.05	0.00	0.00
GCC	41	31.00	19.55	19.10	30.35	0.00	0.00
GCC	42	31.13	20.97	18.60	29.31	0.00	0.00
GCC	43	32.05	19.05	18.50	30.40	0.00	0.00
GCC	44	31.10	19.32	19.20	30.38	0.00	0.00
GCC	45	30.13	20.12	18.85	30.90	0.00	0.00
GCC	46	30.85	19.72	18.30	31.13	0.00	0.00
GCC	47	31.03	19.50	18.57	30.90	0.00	0.00
GCC	48	29.58	20.19	19.25	30.98	0.00	0.00
GCC	49	31.83	19.02	18.77	30.38	0.00	0.00
GCC	50	31.13	19.57	17.77	31.53	0.00	0.00
GCC	51	31.43	19.67	18.85	30.05	0.00	0.00
GCC	52	29.68	19.72	18.35	32.25	0.00	0.00
GCC	53	30.33	18.92	18.77	31.98	0.00	0.00
GCC	54	31.25	19.72	18.47	30.55	0.00	0.00
GCC	55	30.53	18.00	18.35	33.13	0.00	0.00
GCC	56	30.78	19.40	19.30	30.53	0.00	0.00
GCC	57	31.05	18.87	18.52	31.55	0.00	0.00
GCC	58	30.40	20.14	18.95	30.50	0.00	0.00
GCC	59	30.45	19.00	19.82	30.73	0.00	0.00
GCC	60	29.66	21.64	18.07	30.63	0.00	0.00
GCC	61	29.98	19.15	18.85	32.03	0.00	0.00
GCC	62	30.33	19.82	18.70	31.15	0.00	0.00
GCC	63	31.00	19.40	18.45	31.15	0.00	0.00
GCC	64	30.78	18.87	19.22	31.13	0.00	0.00
GCC	65	30.05	18.95	19.10	31.90	0.00	0.00
GCC	66	31.28	19.60	17.32	31.80	0.00	0.00
GCC	67	31.43	19.05	19.42	30.10	0.00	0.00
GCC	68	31.10	20.47	18.20	30.23	0.00	0.00
GCC	69	31.80	20.17	17.77	30.25	0.00	0.00
GCC	70	30.05	21.07	17.82	31.05	0.00	0.00
GCC	71	30.50	19.95	17.82	31.73	0.00	0.00
GCC	72	30.75	19.80	19.00	30.45	0.00	0.00
GCC	73	31.03	20.52	18.95	29.51	0.00	0.00
GCC	74	30.73	19.87	19.35	30.05	0.00	0.00
GCC	75	31.53	20.77	17.70	30.00	0.00	0.00
GCC	76	31.23	19.75	19.77	29.26	0.00	0.00
GCC	77	31.23	19.55	17.82	31.40	0.00	0.00
GCC	78	30.13	20.12	19.62	30.13	0.00	0.00
GCC	79	30.30	19.62	19.55	30.53	0.00	0.00
GCC	80	31.03	19.82	19.15	30.00	0.00	0.00
GCC	81	30.60	20.67	19.15	29.58	0.00	0.00
GCC	82	30.18	20.92	19.77	29.13	0.00	0.00
GCC	83	29.91	19.75	18.75	31.60	0.00	0.00
GCC	84	30.08	19.87	19.20	30.85	0.00	0.00
GCC	85	30.45	20.22	18.30	31.03	0.00	0.00
GCC	86	31.25	19.65	19.42	29.68	0.00	0.00
GCC	87	30.98	20.22	18.80	30.00	0.00	0.00
GCC	88	30.65	19.70	18.70	30.95	0.00	0.00
GCC	89	30.20	20.27	18.07	31.45	0.00	0.00
GCC	90	29.26	20.69	18.00	32.05	0.00	0.00
GCC	91	29.76	20.67	19.05	30.53	0.00	0.00
GCC	92	29.96	19.92	18.52	31.60	0.00	0.00
GCC	93	31.13	19.42	18.20	31.25	0.00	0.00
GCC	94	29.98	20.82	18.67	30.53	0.00	0.00
GCC	95	30.23	19.15	18.40	32.23	0.00	0.00
GCC	96	29.28	20.37	19.47	30.88	0.00	0.00
GCC	97	30.65	20.14	18.85	30.35	0.00	0.00
GCC	98	31.10	19.32	19.55	30.03	0.00	0.00
GCC	99	31.08	20.34	18.80	29.78	0.00	0.00
GCC	100	31.48	19.47	18.97	30.08	0.00	0.00
GCC	101	29.73	20.39	17.72	32.15	0.00	0.00
GCC	102	30.60	20.14	18.85	30.40	0.00	0.00
GCC	103	30.53	20.12	20.34	29.01	0.00	0.00
GCC	104	30.88	19.17	18.47	31.48	0.00	0.00
GCC	105	31.28	18.55	19.22	30.95	0.00	0.00
GCC	106	32.13	18.90	18.92	30.05	0.00	0.00
GCC	107	30.83	18.87	19.42	30.88	0.00	0.00
GCC	108	31.18	20.09	18.62	30.10	0.00	0.00
GCC	109	30.65	19.62	19.52	30.20	0.00	0.00
GCC	110	31.43	19.22	19.27	30.08	0.00	0.00
GCC	111	30.38	20.34	18.50	30.78	0.00	0.00
GCC	112	30.60	20.67	19.55	29.18	0.00	0.00
GCC	113	30.90	19.60	18.87	30.63	0.00	0.00
GCC	114	30.73	19.45	19.52	30.30	0.00	0.00
GCC	115	30.20	20.67	17.87	31.25	0.00	0.00
GCC	116	29.58	19.75	19.37	31.30	0.00	0.00
GCC	117	30.55	19.45	19.20	30.80	0.00	0.00
GCC	118	31.28	19.45	18.82	30.45	0.00	0.00
GCC	119	30.20	20.34	17.45	32.00	0.00	0.00
GCC	120	30.25	19.45	19.70	30.60	0.00	0.00
GCC	121	29.41	20.02	19.25	31.33	0.00	0.00
GCC	122	30.33	20.64	18.75	30.28	0.00	0.00
GCC	123	30.30	18.72	18.60	32.38	0.00	0.00
GCC	124	30.45	20.07	19.17	30.30	0.00	0.00
GCC	125	29.68	21.17	18.67	30.48	0.00	0.00
GCC	126	30.03	20.27	19.10	30.60	0.00	0.00
GCC	127	30.43	18.50	18.82	32.25	0.00	0.00
GCC	128	29.93	19.75	19.15	31.18	0.00	0.00
GCC	129	31.18	20.44	17.70	30.68	0.00	0.00
GCC	130	29.53	20.52	19.35	30.60	0.00	0.00
GCC	131	30.48	20.54	19.52	29.46	0.00	0.00
GCC	132	29.83	20.67	19.27	30.23	0.00	0.00
GCC	133	31.30	19.80	18.20	30.70	0.00	0.00
GCC	134	30.55	19.97	18.72	30.75	0.00	0.00
GCC	135	30.48	20.32	18.20	31.00	0.00	0.00
GCC	136	31.13	18.50	20.12	30.25	0.00	0.00
GCC	137	29.66	19.77	19.32	31.25	0.00	0.00
GCC	138	30.28	20.52	18.65	30.55	0.00	0.00
GCC	139	30.65	19.35	19.90	30.10	0.00	0.00
GCC	140	31.00	19.45	18.97	30.58	0.00	0.00
GCC	141	30.55	19.77	19.45	30.23	0.00	0.00
GCC	142	30.65	19.55	18.05	31.75	0.00	0.00
GCC	143	29.96	20.39	18.65	31.00	0.00	0.00
GCC	144	30.00	19.57	18.75	31.68	0.00	0.00
GCC	145	30.18	20.04	19.25	30.53	0.00	0.00
GCC	146	29.51	19.60	18.80	32.08	0.00	0.00
GCC	147	29.19	21.55	17.80	31.46	0.00	0.00
GCC	148	29.04	19.15	19.33	32.48	0.00	0.00
GCC	149	30.86	19.43	19.40	30.31	0.00	0.00
GCC	150	30.26	20.27	18.75	30.71	0.00	0.00
# ACGT content per cycle, read oriented. Use `grep ^GCT | cut -f 2-` to extract this part. The columns are: cycle; A,C,G,T base counts as a percentage of all A/C/G/T bases [%]
GCT	1	32.35	19.85	18.35	29.46
GCT	2	31.30	18.50	18.82	31.38
GCT	3	31.03	19.07	18.65	31.25
GCT	4	30.23	19.50	20.04	30.23
GCT	5	30.90	18.87	20.14	30.08
GCT	6	30.80	19.85	19.30	30.05
GCT	7	30.73	19.05	19.05	31.18
GCT	8	30.80	18.80	19.52	30.88
GCT	9	31.45	20.34	18.85	29.36
GCT	10	30.45	19.35	18.80	31.40
GCT	11	31.68	20.02	18.72	29.58
GCT	12	30.90	19.57	19.30	30.23
GCT	13	31.25	19.82	19.22	29.71
GCT	14	30.68	19.75	19.62	29.96
GCT	15	31.18	19.05	18.52	31.25
GCT	16	30.60	18.85	19.80	30.75
GCT	17	31.20	18.62	18.65	31.53
GCT	18	30.60	18.97	20.12	30.30
GCT	19	30.00	19.72	19.70	30.58
GCT	20	30.53	20.04	18.92	30.50
GCT	21	31.75	18.07	18.65	31.53
GCT	22	31.48	19.27	20.04	29.21
GCT	23	30.93	20.67	19.20	29.21
GCT	24	31.28	18.82	20.04	29.86
GCT	25	31.25	19.57	18.87	30.30
GCT	26	30.53	19.67	19.75	30.05
GCT	27	31.48	19.05	19.35	30.13
GCT	28	31.08	19.22	19.47	30.23
GCT	29	30.73	20.42	18.52	30.33
GCT	30	30.38	19.77	19.35	30.50
GCT	31	29.86	19.60	19.27	31.28
GCT	32	29.96	19.35	20.22	30.48
GCT	33	31.98	18.85	19.45	29.73
GCT	34	30.33	19.52	20.37	29.78
GCT	35	32.43	18.87	18.12	30.58
GCT	36	30.70	19.55	19.47	30.28
GCT	37	30.63	19.00	19.90	30.48
GCT	38	32.80	19.77	19.17	28.26
GCT	39	30.78	19.17	18.95	31.10
GCT	40	29.73	20.09	19.77	30.40
GCT	41	31.60	19.62	19.02	29.76
GCT	42	31.05	20.07	19.50	29.38
GCT	43	30.78	19.00	18.55	31.68
GCT	44	31.18	19.32	19.20	30.30
GCT	45	30.23	19.55	19.42	30.80
GCT	46	30.83	18.67	19.35	31.15
GCT	47	31.35	19.10	18.97	30.58
GCT	48	30.23	19.37	20.07	30.33
GCT	49	31.20	18.87	18.92	31.00
GCT	50	30.75	18.82	18.52	31.90
GCT	51	31.83	18.80	19.72	29.66
GCT	52	31.28	19.35	18.72	30.65
GCT	53	32.35	18.87	18.82	29.96
GCT	54	30.95	18.65	19.55	30.85
GCT	55	31.38	17.97	18.37	32.28
GCT	56	31.58	19.17	19.52	29.73
GCT	57	30.90	17.70	19.70	31.70
GCT	58	30.50	19.02	20.07	30.40
GCT	59	30.88	20.14	18.67	30.30
GCT	60	30.08	19.70	20.02	30.20
GCT	61	31.38	19.22	18.77	30.63
GCT	62	31.75	18.92	19.60	29.73
GCT	63	30.93	18.65	19.20	31.23
GCT	64	31.58	18.80	19.30	30.33
GCT	65	31.23	18.65	19.40	30.73
GCT	66	31.35	18.00	18.92	31.73
GCT	67	31.45	18.85	19.62	30.08
GCT	68	30.93	19.67	19.00	30.40
GCT	69	32.68	18.97	18.97	29.38
GCT	70	30.23	17.97	20.92	30.88
GCT	71	31.78	19.10	18.67	30.45
GCT	72	30.75	18.57	20.22	30.45
GCT	73	30.43	18.95	20.52	30.10
GCT	74	31.10	18.57	20.64	29.68
GCT	75	31.63	19.65	18.82	29.91
GCT	76	30.20	19.35	20.17	30.28
GCT	77	30.60	19.45	17.92	32.03
GCT	78	31.08	19.20	20.54	29.18
GCT	79	31.50	19.55	19.62	29.33
GCT	80	30.75	18.52	20.44	30.28
GCT	81	29.11	19.75	20.07	31.08
GCT	82	29.68	20.79	19.90	29.63
GCT	83	31.00	19.17	19.32	30.50
GCT	84	30.03	18.95	20.12	30.90
GCT	85	30.98	19.72	18.80	30.50
GCT	86	31.00	19.42	19.65	29.93
GCT	87	29.61	19.67	19.35	31.38
GCT	88	30.25	19.77	18.62	31.35
GCT	89	30.83	19.17	19.17	30.83
GCT	90	30.55	19.12	19.57	30.75
GCT	91	30.18	20.37	19.35	30.10
GCT	92	31.08	19.32	19.12	30.48
GCT	93	31.23	18.25	19.37	31.15
GCT	94	30.63	20.14	19.35	29.88
GCT	95	32.13	19.07	18.47	30.33
GCT	96	30.63	19.80	20.04	29.53
GCT	97	30.68	18.70	20.29	30.33
GCT	98	31.58	19.67	19.20	29.56
GCT	99	30.50	19.00	20.14	30.35
GCT	100	31.55	19.57	18.87	30.00
GCT	101	30.78	18.57	19.55	31.10
GCT	102	31.10	19.62	19.37	29.91
GCT	103	29.48	21.34	19.12	30.05
GCT	104	29.91	18.77	18.87	32.45
GCT	105	30.20	18.95	18.82	32.03
GCT	106	31.45	18.85	18.97	30.73
GCT	107	30.98	18.65	19.65	30.73
GCT	108	31.45	20.04	18.67	29.83
GCT	109	30.75	19.25	19.90	30.10
GCT	110	30.28	19.50	19.00	31.23
GCT	111	30.45	19.90	18.95	30.70
GCT	112	30.33	19.97	20.24	29.46
GCT	113	30.55	18.97	19.50	30.98
GCT	114	31.35	19.50	19.47	29.68
GCT	115	29.88	19.17	19.37	31.58
GCT	116	30.55	19.25	19.87	30.33
GCT	117	31.13	19.10	19.55	30.23
GCT	118	31.93	19.57	18.70	29.81
GCT	119	32.60	19.52	18.27	29.61
GCT	120	31.35	19.02	20.12	29.51
GCT	121	31.33	19.77	19.50	29.41
GCT	122	32.15	19.95	19.45	28.46
GCT	123	32.53	18.72	18.60	30.15
GCT	124	30.50	19.50	19.75	30.25
GCT	125	30.33	19.80	20.04	29.83
GCT	126	30.60	19.92	19.45	30.03
GCT	127	30.35	18.25	19.07	32.33
GCT	128	31.08	19.17	19.72	30.03
GCT	129	30.95	18.10	20.04	30.90
GCT	130	30.78	19.55	20.32	29.36
GCT	131	29.21	19.40	20.67	30.73
GCT	132	31.18	20.29	19.65	28.88
GCT	133	31.78	18.90	19.10	30.23
GCT	134	30.98	19.42	19.27	30.33
GCT	135	31.33	19.60	18.92	30.15
GCT	136	30.63	19.37	19.25	30.75
GCT	137	29.96	19.60	19.50	30.95
GCT	138	30.43	19.15	20.02	30.40
GCT	139	30.80	19.17	20.07	29.96
GCT	140	30.90	19.72	18.70	30.68
GCT	141	30.83	19.67	19.55	29.96
GCT	142	32.10	19.77	17.82	30.30
GCT	143	30.38	19.65	19.40	30.58
GCT	144	31.48	18.72	19.60	30.20
GCT	145	30.55	19.00	20.29	30.15
GCT	146	30.44	19.65	18.75	31.16
GCT	147	29.61	20.85	18.50	31.04
GCT	148	31.26	18.25	20.22	30.26
GCT	149	30.11	19.55	19.28	31.06
GCT	150	29.84	19.33	19.70	31.14
# ACGT content per cycle for first fragments. Use `grep ^FBC | cut -f 2-` to extract this part. The columns are: cycle; A,C,G,T base counts as a percentage of all A/C/G/T bases [%]; and N and O counts as a percentage of all A/C/G/T bases [%]
FBC	1	30.40	19.77	19.37	30.45	0.00	0.00
FBC	2	30.95	18.77	18.02	32.25	0.00	0.00
FBC	3	30.75	20.02	18.52	30.70	0.00	0.00
FBC	4	32.05	20.02	20.32	27.61	0.00	0.00
FBC	5	32.65	19.57	18.97	28.81	0.00	0.00
FBC	6	29.86	19.97	18.52	31.65	0.00	0.00
FBC	7	29.16	19.67	19.52	31.65	0.00	0.00
FBC	8	30.50	21.17	19.22	29.11	0.00	0.00
FBC	9	31.35	20.47	19.12	29.06	0.00	0.00
FBC	10	30.20	19.57	17.62	32.60	0.00	0.00
FBC	11	31.05	21.32	18.97	28.66	0.00	0.00
FBC	12	30.15	19.02	19.47	31.35	0.00	0.00
FBC	13	28.86	19.37	19.37	32.40	0.00	0.00
FBC	14	29.91	20.17	19.37	30.55	0.00	0.00
FBC	15	30.80	19.27	18.37	31.55	0.00	0.00
FBC	16	32.55	18.32	19.07	30.05	0.00	0.00
FBC	17	30.85	18.17	19.17	31.80	0.00	0.00
FBC	18	29.91	20.62	18.12	31.35	0.00	0.00
FBC	19	29.91	18.97	20.82	30.30	0.00	0.00
FBC	20	31.30	19.42	19.37	29.91	0.00	0.00
FBC	21	30.90	17.82	20.12	31.15	0.00	0.00
FBC	22	30.75	19.77	19.37	30.10	0.00	0.00
FBC	23	29.16	20.87	20.37	29.61	0.00	0.00
FBC	24	29.61	20.67	17.87	31.85	0.00	0.00
FBC	25	30.00	19.97	19.27	30.75	0.00	0.00
FBC	26	27.71	21.62	18.67	32.00	0.00	0.00
FBC	27	30.25	19.22	19.37	31.15	0.00	0.00
FBC	28	30.95	18.97	18.87	31.20	0.00	0.00
FBC	29	31.30	20.47	19.22	29.01	0.00	0.00
FBC	30	31.10	20.47	18.42	30.00	0.00	0.00
FBC	31	30.95	21.17	18.02	29.86	0.00	0.00
FBC	32	31.50	20.12	19.52	28.86	0.00	0.00
FBC	33	29.66	20.27	19.67	30.40	0.00	0.00
FBC	34	29.06	20.77	19.52	30.65	0.00	0.00
FBC	35	32.35	18.17	18.22	31.25	0.00	0.00
FBC	36	30.80	20.62	19.07	29.51	0.00	0.00
FBC	37	29.31	21.22	17.92	31.55	0.00	0.00
FBC	38	28.61	21.37	17.87	32.15	0.00	0.00
FBC	39	29.96	20.12	18.87	31.05	0.00	0.00
FBC	40	29.61	21.22	19.07	30.10	0.00	0.00
FBC	41	31.90	21.12	17.72	29.26	0.00	0.00
FBC	42	30.70	21.72	18.92	28.66	0.00	0.00
FBC	43	32.70	18.42	17.47	31.40	0.00	0.00
FBC	44	31.45	19.17	19.97	29.41	0.00	0.00
FBC	45	30.55	21.37	18.62	29.46	0.00	0.00
FBC	46	30.95	19.87	18.72	30.45	0.00	0.00
FBC	47	30.60	20.07	17.67	31.65	0.00	0.00
FBC	48	29.71	20.42	18.32	31.55	0.00	0.00
FBC	49	32.20	19.77	17.67	30.35	0.00	0.00
FBC	50	31.60	20.17	17.67	30.55	0.00	0.00
FBC	51	31.45	19.47	18.87	30.20	0.00	0.00
FBC	52	30.65	18.72	18.82	31.80	0.00	0.00
FBC	53	30.40	19.92	18.02	31.65	0.00	0.00
FBC	54	30.80	19.97	18.57	30.65	0.00	0.00
FBC	55	30.90	17.17	17.77	34.15	0.00	0.00
FBC	56	31.25	19.07	19.62	30.05	0.00	0.00
FBC	57	31.95	18.77	18.77	30.50	0.00	0.00
FBC	58	30.25	19.72	19.67	30.35	0.00	0.00
FBC	59	30.00	20.27	20.47	29.26	0.00	0.00
FBC	60	29.01	22.32	18.07	30.60	0.00	0.00
FBC	61	29.16	19.07	18.72	33.05	0.00	0.00
FBC	62	29.51	19.82	18.87	31.80	0.00	0.00
FBC	63	31.25	19.87	18.67	30.20	0.00	0.00
FBC	64	30.65	18.82	19.77	30.75	0.00	0.00
FBC	65	29.76	17.82	19.42	33.00	0.00	0.00
FBC	66	31.90	19.32	17.17	31.60	0.00	0.00
FBC	67	31.15	18.67	20.37	29.81	0.00	0.00
FBC	68	31.35	20.42	19.07	29.16	0.00	0.00
FBC	69	32.05	20.77	17.82	29.36	0.00	0.00
FBC	70	30.25	21.12	18.52	30.10	0.00	0.00
FBC	71	30.25	20.22	17.02	32.50	0.00	0.00
FBC	72	31.00	19.62	19.02	30.35	0.00	0.00
FBC	73	30.70	20.82	18.62	29.86	0.00	0.00
FBC	74	31.70	19.77	19.12	29.41	0.00	0.00
FBC	75	30.90	20.62	18.12	30.35	0.00	0.00
FBC	76	31.60	19.97	19.87	28.56	0.00	0.00
FBC	77	31.15	21.07	16.82	30.95	0.00	0.00
FBC	78	29.31	21.07	20.27	29.36	0.00	0.00
FBC	79	29.86	20.72	19.62	29.81	0.00	0.00
FBC	80	30.40	20.62	20.32	28.66	0.00	0.00
FBC	81	31.50	20.97	19.47	28.06	0.00	0.00
FBC	82	30.05	20.52	19.67	29.76	0.00	0.00
FBC	83	29.86	20.22	19.37	30.55	0.00	0.00
FBC	84	29.51	20.32	20.12	30.05	0.00	0.00
FBC	85	30.25	19.47	19.52	30.75	0.00	0.00
FBC	86	32.75	19.07	19.67	28.51	0.00	0.00
FBC	87	32.80	19.42	18.12	29.66	0.00	0.00
FBC	88	31.50	19.97	18.87	29.66	0.00	0.00
FBC	89	30.15	20.72	17.72	31.40	0.00	0.00
FBC	90	29.46	21.52	16.23	32.80	0.00	0.00
FBC	91	29.01	20.87	19.27	30.85	0.00	0.00
FBC	92	29.06	21.47	18.02	31.45	0.00	0.00
FBC	93	30.30	19.62	18.92	31.15	0.00	0.00
FBC	94	28.51	22.27	18.27	30.95	0.00	0.00
FBC	95	29.41	18.72	18.42	33.45	0.00	0.00
FBC	96	30.00	19.57	20.07	30.35	0.00	0.00
FBC	97	29.61	21.22	19.77	29.41	0.00	0.00
FBC	98	30.45	20.27	19.77	29.51	0.00	0.00
FBC	99	31.05	20.12	18.72	30.10	0.00	0.00
FBC	100	31.20	19.87	19.47	29.46	0.00	0.00
FBC	101	29.96	20.02	18.17	31.85	0.00	0.00
FBC	102	31.00	19.77	18.97	30.25	0.00	0.00
FBC	103	30.20	20.42	20.32	29.06	0.00	0.00
FBC	104	29.56	19.37	18.32	32.75	0.00	0.00
FBC	105	30.95	18.47	19.57	31.00	0.00	0.00
FBC	106	32.20	20.12	18.37	29.31	0.00	0.00
FBC	107	30.65	19.32	18.92	31.10	0.00	0.00
FBC	108	30.80	20.92	18.92	29.36	0.00	0.00
FBC	109	30.20	18.77	21.12	29.91	0.00	0.00
FBC	110	30.30	20.17	20.32	29.21	0.00	0.00
FBC	111	30.20	20.22	18.22	31.35	0.00	0.00
FBC	112	30.85	20.42	19.92	28.81	0.00	0.00
FBC	113	30.85	18.82	19.87	30.45	0.00	0.00
FBC	114	29.26	19.32	20.72	30.70	0.00	0.00
FBC	115	31.10	19.67	17.57	31.65	0.00	0.00
FBC	116	28.46	20.22	19.92	31.40	0.00	0.00
FBC	117	30.25	20.07	19.62	30.05	0.00	0.00
FBC	118	31.25	18.92	19.67	30.15	0.00	0.00
FBC	119	29.56	20.77	18.62	31.05	0.00	0.00
FBC	120	30.20	19.27	20.02	30.50	0.00	0.00
FBC	121	28.91	20.02	19.02	32.05	0.00	0.00
FBC	122	30.05	20.32	19.12	30.50	0.00	0.00
FBC	123	29.96	18.62	17.77	33.65	0.00	0.00
FBC	124	30.05	20.82	18.62	30.50	0.00	0.00
FBC	125	28.76	21.37	19.42	30.45	0.00	0.00
FBC	126	28.61	20.82	19.57	31.00	0.00	0.00
FBC	127	30.90	17.17	19.32	32.60	0.00	0.00
FBC	128	30.20	20.22	19.17	30.40	0.00	0.00
FBC	129	31.95	20.57	17.42	30.05	0.00	0.00
FBC	130	29.96	20.52	19.17	30.35	0.00	0.00
FBC	131	29.91	21.12	20.67	28.31	0.00	0.00
FBC	132	29.96	20.97	19.72	29.36	0.00	0.00
FBC	133	30.80	20.22	18.32	30.65	0.00	0.00
FBC	134	29.76	20.97	18.07	31.20	0.00	0.00
FBC	135	31.00	21.62	16.92	30.45	0.00	0.00
FBC	136	31.45	17.12	20.67	30.75	0.00	0.00
FBC	137	29.46	19.47	20.27	30.80	0.00	0.00
FBC	138	30.70	20.67	18.12	30.50	0.00	0.00
FBC	139	29.86	20.32	20.37	29.46	0.00	0.00
FBC	140	30.20	19.42	19.72	30.65	0.00	0.00
FBC	141	29.86	20.02	18.67	31.45	0.00	0.00
FBC	142	29.36	20.12	17.32	33.20	0.00	0.00
FBC	143	28.81	19.92	19.42	31.85	0.00	0.00
FBC	144	29.31	19.82	19.27	31.60	0.00	0.00
FBC	145	29.81	19.37	19.02	31.80	0.00	0.00
FBC	146	29.37	19.93	19.68	31.02	0.00	0.00
FBC	147	30.62	20.73	16.88	31.77	0.00	0.00
FBC	148	29.02	18.68	20.08	32.22	0.00	0.00
FBC	149	30.77	19.53	20.68	29.02	0.00	0.00
FBC	150	29.77	20.43	18.73	31.07	0.00	0.00
# ACGT raw counters for first fragments. Use `grep ^FTC | cut -f 2-` to extract this part. The columns are: A,C,G,T,N base counters
FTC	91398	60057	57029	91961	0
# ACGT content per cycle for last fragments. Use `grep ^LBC | cut -f 2-` to extract this part. The columns are: cycle; A,C,G,T base counts as a percentage of all A/C/G/T bases [%]; and N and O counts as a percentage of all A/C/G/T bases [%]
LBC	1	31.70	18.97	18.27	31.05	0.00	0.00
LBC	2	30.90	19.02	18.82	31.25	0.00	0.00
LBC	3	31.60	19.37	17.52	31.50	0.00	0.00
LBC	4	32.00	19.92	18.82	29.26	0.00	0.00
LBC	5	29.36	20.92	18.57	31.15	0.00	0.00
LBC	6	31.75	19.57	20.22	28.46	0.00	0.00
LBC	7	33.65	18.12	18.87	29.36	0.00	0.00
LBC	8	31.60	19.47	16.77	32.15	0.00	0.00
LBC	9	30.50	19.32	19.47	30.70	0.00	0.00
LBC	10	30.05	20.02	19.07	30.85	0.00	0.00
LBC	11	30.65	19.32	17.87	32.15	0.00	0.00
LBC	12	28.26	19.47	19.77	32.50	0.00	0.00
LBC	13	29.66	20.42	18.92	31.00	0.00	0.00
LBC	14	30.15	21.87	17.32	30.65	0.00	0.00
LBC	15	30.65	17.77	19.72	31.85	0.00	0.00
LBC	16	30.20	19.87	20.02	29.91	0.00	0.00
LBC	17	32.20	19.07	18.12	30.60	0.00	0.00
LBC	18	29.61	20.07	19.37	30.95	0.00	0.00
LBC	19	30.40	19.82	19.22	30.55	0.00	0.00
LBC	20	29.46	19.52	19.62	31.40	0.00	0.00
LBC	21	32.00	18.17	17.32	32.50	0.00	0.00
LBC	22	31.60	19.42	20.07	28.91	0.00	0.00
LBC	23	30.30	20.12	18.37	31.20	0.00	0.00
LBC	24	31.05	21.32	17.87	29.76	0.00	0.00
LBC	25	31.45	19.17	18.47	30.90	0.00	0.00
LBC	26	32.05	19.67	18.87	29.41	0.00	0.00
LBC	27	29.81	19.42	18.77	32.00	0.00	0.00
LBC	28	29.51	20.72	18.82	30.95	0.00	0.00
LBC	29	30.25	21.62	16.58	31.55	0.00	0.00
LBC	30	31.05	20.12	19.22	29.61	0.00	0.00
LBC	31	29.86	20.87	17.67	31.60	0.00	0.00
LBC	32	30.35	20.17	19.32	30.15	0.00	0.00
LBC	33	30.95	19.32	17.32	32.40	0.00	0.00
LBC	34	29.31	21.12	18.37	31.20	0.00	0.00
LBC	35	30.30	19.92	17.67	32.10	0.00	0.00
LBC	36	29.76	20.47	17.87	31.90	0.00	0.00
LBC	37	30.80	20.57	18.07	30.55	0.00	0.00
LBC	38	29.66	20.97	17.67	31.70	0.00	0.00
LBC	39	30.65	17.52	19.72	32.10	0.00	0.00
LBC	40	30.55	20.52	18.92	30.00	0.00	0.00
LBC	41	30.10	17.97	20.47	31.45	0.00	0.00
LBC	42	31.55	20.22	18.27	29.96	0.00	0.00
LBC	43	31.40	19.67	19.52	29.41	0.00	0.00
LBC	44	30.75	19.47	18.42	31.35	0.00	0.00
LBC	45	29.71	18.87	19.07	32.35	0.00	0.00
LBC	46	30.75	19.57	17.87	31.80	0.00	0.00
LBC	47	31.45	18.92	19.47	30.15	0.00	0.00
LBC	48	29.46	19.97	20.17	30.40	0.00	0.00
LBC	49	31.45	18.27	19.87	30.40	0.00	0.00
LBC	50	30.65	18.97	17.87	32.50	0.00	0.00
LBC	51	31.40	19.87	18.82	29.91	0.00	0.00
LBC	52	28.71	20.72	17.87	32.70	0.00	0.00
LBC	53	30.25	17.92	19.52	32.30	0.00	0.00
LBC	54	31.70	19.47	18.37	30.45	0.00	0.00
LBC	55	30.15	18.82	18.92	32.10	0.00	0.00
LBC	56	30.30	19.72	18.97	31.00	0.00	0.00
LBC	57	30.15	18.97	18.27	32.60	0.00	0.00
LBC	58	30.55	20.57	18.22	30.65	0.00	0.00
LBC	59	30.90	17.72	19.17	32.20	0.00	0.00
LBC	60	30.30	20.97	18.07	30.65	0.00	0.00
LBC	61	30.80	19.22	18.97	31.00	0.00	0.00
LBC	62	31.15	19.82	18.52	30.50	0.00	0.00
LBC	63	30.75	18.92	18.22	32.10	0.00	0.00
LBC	64	30.90	18.92	18.67	31.50	0.00	0.00
LBC	65	30.35	20.07	18.77	30.80	0.00	0.00
LBC	66	30.65	19.87	17.47	32.00	0.00	0.00
LBC	67	31.70	19.42	18.47	30.40	0.00	0.00
LBC	68	30.85	20.52	17.32	31.30	0.00	0.00
LBC	69	31.55	19.57	17.72	31.15	0.00	0.00
LBC	70	29.86	21.02	17.12	32.00	0.00	0.00
LBC	71	30.75	19.67	18.62	30.95	0.00	0.00
LBC	72	30.50	19.97	18.97	30.55	0.00	0.00
LBC	73	31.35	20.22	19.27	29.16	0.00	0.00
LBC	74	29.76	19.97	19.57	30.70	0.00	0.00
LBC	75	32.15	20.92	17.27	29.66	0.00	0.00
LBC	76	30.85	19.52	19.67	29.96	0.00	0.00
LBC	77	31.30	18.02	18.82	31.85	0.00	0.00
LBC	78	30.95	19.17	18.97	30.90	0.00	0.00
LBC	79	30.75	18.52	19.47	31.25	0.00	0.00
LBC	80	31.65	19.02	17.97	31.35	0.00	0.00
LBC	81	29.71	20.37	18.82	31.10	0.00	0.00
LBC	82	30.30	21.32	19.87	28.51	0.00	0.00
LBC	83	29.96	19.27	18.12	32.65	0.00	0.00
LBC	84	30.65	19.42	18.27	31.65	0.00	0.00
LBC	85	30.65	20.97	17.07	31.30	0.00	0.00
LBC	86	29.76	20.22	19.17	30.85	0.00	0.00
LBC	87	29.16	21.02	19.47	30.35	0.00	0.00
LBC	88	29.81	19.42	18.52	32.25	0.00	0.00
LBC	89	30.25	19.82	18.42	31.50	0.00	0.00
LBC	90	29.06	19.87	19.77	31.30	0.00	0.00
LBC	91	30.50	20.47	18.82	30.20	0.00	0.00
LBC	92	30.85	18.37	19.02	31.75	0.00	0.00
LBC	93	31.95	19.22	17.47	31.35	0.00	0.00
LBC	94	31.45	19.37	19.07	30.10	0.00	0.00
LBC	95	31.05	19.57	18.37	31.00	0.00	0.00
LBC	96	28.56	21.17	18.87	31.40	0.00	0.00
LBC	97	31.70	19.07	17.92	31.30	0.00	0.00
LBC	98	31.75	18.37	19.32	30.55	0.00	0.00
LBC	99	31.10	20.57	18.87	29.46	0.00	0.00
LBC	100	31.75	19.07	18.47	30.70	0.00	0.00
LBC	101	29.51	20.77	17.27	32.45	0.00	0.00
LBC	102	30.20	20.52	18.72	30.55	0.00	0.00
LBC	103	30.85	19.82	20.37	28.96	0.00	0.00
LBC	104	32.20	18.97	18.62	30.20	0.00	0.00
LBC	105	31.60	18.62	18.87	30.90	0.00	0.00
LBC	106	32.05	17.67	19.47	30.80	0.00	0.00
LBC	107	31.00	18.42	19.92	30.65	0.00	0.00
LBC	108	31.55	19.27	18.32	30.85	0.00	0.00
LBC	109	31.10	20.47	17.92	30.50	0.00	0.00
LBC	110	32.55	18.27	18.22	30.95	0.00	0.00
LBC	111	30.55	20.47	18.77	30.20	0.00	0.00
LBC	112	30.35	20.92	19.17	29.56	0.00	0.00
LBC	113	30.95	20.37	17.87	30.80	0.00	0.00
LBC	114	32.20	19.57	18.32	29.91	0.00	0.00
LBC	115	29.31	21.67	18.17	30.85	0.00	0.00
LBC	116	30.70	19.27	18.82	31.20	0.00	0.00
LBC	117	30.85	18.82	18.77	31.55	0.00	0.00
LBC	118	31.30	19.97	17.97	30.75	0.00	0.00
LBC	119	30.85	19.92	16.28	32.95	0.00	0.00
LBC	120	30.30	19.62	19.37	30.70	0.00	0.00
LBC	121	29.91	20.02	19.47	30.60	0.00	0.00
LBC	122	30.60	20.97	18.37	30.05	0.00	0.00
LBC	123	30.65	18.82	19.42	31.10	0.00	0.00
LBC	124	30.85	19.32	19.72	30.10	0.00	0.00
LBC	125	30.60	20.97	17.92	30.50	0.00	0.00
LBC	126	31.45	19.72	18.62	30.20	0.00	0.00
LBC	127	29.96	19.82	18.32	31.90	0.00	0.00
LBC	128	29.66	19.27	19.12	31.95	0.00	0.00
LBC	129	30.40	20.32	17.97	31.30	0.00	0.00
LBC	130	29.11	20.52	19.52	30.85	0.00	0.00
LBC	131	31.05	19.97	18.37	30.60	0.00	0.00
LBC	132	29.71	20.37	18.82	31.10	0.00	0.00
LBC	133	31.80	19.37	18.07	30.75	0.00	0.00
LBC	134	31.35	18.97	19.37	30.30	0.00	0.00
LBC	135	29.96	19.02	19.47	31.55	0.00	0.00
LBC	136	30.80	19.87	19.57	29.76	0.00	0.00
LBC	137	29.86	20.07	18.37	31.70	0.00	0.00
LBC	138	29.86	20.37	19.17	30.60	0.00	0.00
LBC	139	31.45	18.37	19.42	30.75	0.00	0.00
LBC	140	31.80	19.47	18.22	30.50	0.00	0.00
LBC	141	31.25	19.52	20.22	29.01	0.00	0.00
LBC	142	31.95	18.97	18.77	30.30	0.00	0.00
LBC	143	31.10	20.87	17.87	30.15	0.00	0.00
LBC	144	30.70	19.32	18.22	31.75	0.00	0.00
LBC	145	30.55	20.72	19.47	29.26	0.00	0.00
LBC	146	29.66	19.27	17.92	33.15	0.00	0.00
LBC	147	27.76	22.37	18.72	31.15	0.00	0.00
LBC	148	29.06	19.62	18.57	32.75	0.00	0.00
LBC	149	30.95	19.32	18.12	31.60	0.00	0.00
LBC	150	30.75	20.12	18.77	30.35	0.00	0.00
# ACGT raw counters for last fragments. Use `grep ^LTC | cut -f 2-` to extract this part. The columns are: A,C,G,T,N base counters
LTC	92150	59253	56074	92973	0
# Insert sizes. Use `grep ^IS | cut -f 2-` to extract this part. The columns are: insert size, pairs total, inward oriented pairs, outward oriented pairs, other pairs
IS	0	0	0	0	0
IS	1	0	0	0	0
IS	2	0	0	0	0
IS	3	0	0	0	0
IS	4	0	0	0	0
IS	5	0	0	0	0
IS	6	0	0	0	0
IS	7	0	0	0	0
IS	8	0	0	0	0
IS	9	0	0	0	0
IS	10	0	0	0	0
IS	11	0	0	0	0
IS	12	0	0	0	0
IS	13	0	0	0	0
IS	14	0	0	0	0
IS	15	0	0	0	0
IS	16	0	0	0	0
IS	17	0	0	0	0
IS	18	0	0	0	0
IS	19	0	0	0	0
IS	20	0	0	0	0
IS	21	0	0	0	0
IS	22	0	0	0	0
IS	23	0	0	0	0
IS	24	0	0	0	0
IS	25	0	0	0	0
IS	26	0	0	0	0
IS	27	0	0	0	0
IS	28	0	0	0	0
IS	29	0	0	0	0
IS	30	0	0	0	0
IS	31	0	0	0	0
IS	32	0	0	0	0
IS	33	0	0	0	0
IS	34	0	0	0	0
IS	35	0	0	0	0
IS	36	0	0	0	0
IS	37	0	0	0	0
IS	38	0	0	0	0
IS	39	0	0	0	0
IS	40	0	0	0	0
IS	41	0	0	0	0
IS	42	0	0	0	0
IS	43	0	0	0	0
IS	44	0	0	0	0
IS	45	0	0	0	0
IS	46	0	0	0	0
IS	47	0	0	0	0
IS	48	0	0	0	0
IS	49	0	0	0	0
IS	50	0	0	0	0
IS	51	0	0	0	0
IS	52	0	0	0	0
IS	53	0	0	0	0
IS	54	0	0	0	0
IS	55	0	0	0	0
IS	56	0	0	0	0
IS	57	0	0	0	0
IS	58	0	0	0	0
IS	59	0	0	0	0
IS	60	0	0	0	0
IS	61	0	0	0	0
IS	62	0	0	0	0
IS	63	0	0	0	0
IS	64	0	0	0	0
IS	65	0	0	0	0
IS	66	0	0	0	0
IS	67	0	0	0	0
IS	68	0	0	0	0
IS	69	0	0	0	0
IS	70	0	0	0	0
IS	71	0	0	0	0
IS	72	0	0	0	0
IS	73	0	0	0	0
IS	74	0	0	0	0
IS	75	0	0	0	0
IS	76	0	0	0	0
IS	77	0	0	0	0
IS	78	0	0	0	0
IS	79	0	0	0	0
IS	80	0	0	0	0
IS	81	0	0	0	0
IS	82	0	0	0	0
IS	83	0	0	0	0
IS	84	0	0	0	0
IS	85	0	0	0	0
IS	86	0	0	0	0
IS	87	0	0	0	0
IS	88	0	0	0	0
IS	89	0	0	0	0
IS	90	0	0	0	0
IS	91	0	0	0	0
IS	92	0	0	0	0
IS	93	0	0	0	0
IS	94	0	0	0	0
IS	95	0	0	0	0
IS	96	0	0	0	0
IS	97	0	0	0	0
IS	98	0	0	0	0
IS	99	0	0	0	0
IS	100	0	0	0	0
IS	101	0	0	0	0
IS	102	0	0	0	0
IS	103	0	0	0	0
IS	104	0	0	0	0
IS	105	0	0	0	0
IS	106	0	0	0	0
IS	107	0	0	0	0
IS	108	0	0	0	0
IS	109	0	0	0	0
IS	110	0	0	0	0
IS	111	0	0	0	0
IS	112	0	0	0	0
IS	113	0	0	0	0
IS	114	0	0	0	0
IS	115	0	0	0	0
IS	116	0	0	0	0
IS	117	0	0	0	0
IS	118	0	0	0	0
IS	119	0	0	0	0
IS	120	0	0	0	0
IS	121	0	0	0	0
IS	122	0	0	0	0
IS	123	0	0	0	0
IS	124	0	0	0	0
IS	125	0	0	0	0
IS	126	0	0	0	0
IS	127	0	0	0	0
IS	128	0	0	0	0
IS	129	0	0	0	0
IS	130	0	0	0	0
IS	131	0	0	0	0
IS	132	0	0	0	0
IS	133	0	0	0	0
IS	134	0	0	0	0
IS	135	0	0	0	0
IS	136	0	0	0	0
IS	137	0	0	0	0
IS	138	0	0	0	0
IS	139	0	0	0	0
IS	140	0	0	0	0
IS	141	0	0	0	0
IS	142	0	0	0	0
IS	143	0	0	0	0
IS	144	0	0	0	0
IS	145	0	0	0	0
IS	146	0	0	0	0
IS	147	0	0	0	0
IS	148	0	0	0	0
IS	149	0	0	0	0
IS	150	0	0	0	0
IS	151	0	0	0	0
IS	152	0	0	0	0
IS	153	0	0	0	0
IS	154	0	0	0	0
IS	155	0	0	0	0
IS	156	0	0	0	0
IS	157	0	0	0	0
IS	158	0	0	0	0
IS	159	0	0	0	0
IS	160	0	0	0	0
IS	161	0	0	0	0
IS	162	0	0	0	0
IS	163	0	0	0	0
IS	164	0	0	0	0
IS	165	0	0	0	0
IS	166	0	0	0	0
IS	167	0	0	0	0
IS	168	0	0	0	0
IS	169	0	0	0	0
IS	170	0	0	0	0
IS	171	0	0	0	0
IS	172	0	0	0	0
IS	173	0	0	0	0
IS	174	0	0	0	0
IS	175	0	0	0	0
IS	176	0	0	0	0
IS	177	0	0	0	0
IS	178	0	0	0	0
IS	179	0	0	0	0
IS	180	0	0	0	0
IS	181	0	0	0	0
IS	182	0	0	0	0
IS	183	0	0	0	0
IS	184	0	0	0	0
IS	185	0	0	0	0
IS	186	0	0	0	0
IS	187	0	0	0	0
IS	188	0	0	0	0
IS	189	0	0	0	0
IS	190	0	0	0	0
IS	191	0	0	0	0
IS	192	0	0	0	0
IS	193	0	0	0	0
IS	194	0	0	0	0
IS	195	0	0	0	0
IS	196	0	0	0	0
IS	197	0	0	0	0
IS	198	0	0	0	0
IS	199	0	0	0	0
IS	200	0	0	0	0
IS	201	0	0	0	0
IS	202	0	0	0	0
IS	203	0	0	0	0
IS	204	0	0	0	0
IS	205	0	0	0	0
IS	206	0	0	0	0
IS	207	0	0	0	0
IS	208	0	0	0	0
IS	209	0	0	0	0
IS	210	0	0	0	0
IS	211	0	0	0	0
IS	212	0	0	0	0
IS	213	0	0	0	0
IS	214	0	0	0	0
IS	215	0	0	0	0
IS	216	0	0	0	0
IS	217	0	0	0	0
IS	218	0	0	0	0
IS	219	0	0	0	0
IS	220	0	0	0	0
IS	221	0	0	0	0
IS	222	0	0	0	0
IS	223	0	0	0	0
IS	224	0	0	0	0
IS	225	0	0	0	0
IS	226	0	0	0	0
IS	227	0	0	0	0
IS	228	0	0	0	0
IS	229	0	0	0	0
IS	230	0	0	0	0
IS	231	0	0	0	0
IS	232	0	0	0	0
IS	233	0	0	0	0
IS	234	0	0	0	0
IS	235	0	0	0	0
IS	236	0	0	0	0
IS	237	0	0	0	0
IS	238	0	0	0	0
IS	239	0	0	0	0
IS	240	0	0	0	0
IS	241	0	0	0	0
IS	242	0	0	0	0
IS	243	0	0	0	0
IS	244	0	0	0	0
IS	245	0	0	0	0
IS	246	0	0	0	0
IS	247	0	0	0	0
IS	248	0	0	0	0
IS	249	0	0	0	0
IS	250	0	0	0	0
IS	251	0	0	0	0
IS	252	0	0	0	0
IS	253	0	0	0	0
IS	254	0	0	0	0
IS	255	0	0	0	0
IS	256	0	0	0	0
IS	257	0	0	0	0
IS	258	0	0	0	0
IS	259	0	0	0	0
IS	260	0	0	0	0
IS	261	0	0	0	0
IS	262	0	0	0	0
IS	263	0	0	0	0
IS	264	0	0	0	0
IS	265	0	0	0	0
IS	266	0	0	0	0
IS	267	0	0	0	0
IS	268	0	0	0	0
IS	269	0	0	0	0
IS	270	0	0	0	0
IS	271	0	0	0	0
IS	272	0	0	0	0
IS	273	0	0	0	0
IS	274	0	0	0	0
IS	275	0	0	0	0
IS	276	0	0	0	0
IS	277	0	0	0	0
IS	278	0	0	0	0
IS	279	0	0	0	0
IS	280	0	0	0	0
IS	281	0	0	0	0
IS	282	0	0	0	0
IS	283	0	0	0	0
IS	284	0	0	0	0
IS	285	0	0	0	0
IS	286	0	0	0	0
IS	287	0	0	0	0
IS	288	0	0	0	0
IS	289	0	0	0	0
IS	290	0	0	0	0
IS	291	0	0	0	0
IS	292	0	0	0	0
IS	293	0	0	0	0
IS	294	0	0	0	0
IS	295	0	0	0	0
IS	296	0	0	0	0
IS	297	0	0	0	0
IS	298	0	0	0	0
IS	299	0	0	0	0
IS	300	0	0	0	0
IS	301	0	0	0	0
IS	302	0	0	0	0
IS	303	0	0	0	0
IS	304	0	0	0	0
IS	305	0	0	0	0
IS	306	0	0	0	0
IS	307	0	0	0	0
IS	308	0	0	0	0
IS	309	0	0	0	0
IS	310	0	0	0	0
IS	311	0	0	0	0
IS	312	0	0	0	0
IS	313	0	0	0	0
IS	314	0	0	0	0
IS	315	0	0	0	0
IS	316	0	0	0	0
IS	317	0	0	0	0
IS	318	0	0	0	0
IS	319	0	0	0	0
IS	320	0	0	0	0
IS	321	0	0	0	0
IS	322	0	0	0	0
IS	323	0	0	0	0
IS	324	0	0	0	0
IS	325	0	0	0	0
IS	326	1	1	0	0
IS	327	0	0	0	0
IS	328	0	0	0	0
IS	329	0	0	0	0
IS	330	0	0	0	0
IS	331	0	0	0	0
IS	332	0	0	0	0
IS	333	0	0	0	0
IS	334	0	0	0	0
IS	335	0	0	0	0
IS	336	0	0	0	0
IS	337	0	0	0	0
IS	338	0	0	0	0
IS	339	0	0	0	0
IS	340	0	0	0	0
IS	341	0	0	0	0
IS	342	0	0	0	0
IS	343	0	0	0	0
IS	344	0	0	0	0
IS	345	0	0	0	0
IS	346	1	1	0	0
IS	347	0	0	0	0
IS	348	0	0	0	0
IS	349	0	0	0	0
IS	350	0	0	0	0
IS	351	0	0	0	0
IS	352	0	0	0	0
IS	353	0	0	0	0
IS	354	0	0	0	0
IS	355	0	0	0	0
IS	356	1	1	0	0
IS	357	0	0	0	0
IS	358	0	0	0	0
IS	359	0	0	0	0
IS	360	1	1	0	0
IS	361	1	1	0	0
IS	362	1	1	0	0
IS	363	2	2	0	0
IS	364	0	0	0	0
IS	365	1	1	0	0
IS	366	0	0	0	0
IS	367	1	1	0	0
IS	368	2	2	0	0
IS	369	1	1	0	0
IS	370	1	1	0	0
IS	371	0	0	0	0
IS	372	0	0	0	0
IS	373	0	0	0	0
IS	374	0	0	0	0
IS	375	0	0	0	0
IS	376	2	2	0	0
IS	377	0	0	0	0
IS	378	2	2	0	0
IS	379	1	1	0	0
IS	380	1	1	0	0
IS	381	3	3	0	0
IS	382	1	1	0	0
IS	383	1	1	0	0
IS	384	0	0	0	0
IS	385	3	3	0	0
IS	386	2	2	0	0
IS	387	0	0	0	0
IS	388	0	0	0	0
IS	389	2	2	0	0
IS	390	3	3	0	0
IS	391	0	0	0	0
IS	392	0	0	0	0
IS	393	1	1	0	0
IS	394	1	1	0	0
IS	395	1	1	0	0
IS	396	0	0	0	0
IS	397	2	2	0	0
IS	398	2	2	0	0
IS	399	1	1	0	0
IS	400	5	5	0	0
IS	401	3	3	0	0
IS	402	2	2	0	0
IS	403	2	2	0	0
IS	404	2	2	0	0
IS	405	3	3	0	0
IS	406	5	5	0	0
IS	407	3	3	0	0
IS	408	1	1	0	0
IS	409	4	4	0	0
IS	410	4	4	0	0
IS	411	1	1	0	0
IS	412	1	1	0	0
IS	413	4	4	0	0
IS	414	4	4	0	0
IS	415	3	3	0	0
IS	416	7	7	0	0
IS	417	6	6	0	0
IS	418	6	6	0	0
IS	419	6	6	0	0
IS	420	4	4	0	0
IS	421	3	3	0	0
IS	422	13	13	0	0
IS	423	2	2	0	0
IS	424	3	3	0	0
IS	425	5	5	0	0
IS	426	4	4	0	0
IS	427	4	4	0	0
IS	428	3	3	0	0
IS	429	6	6	0	0
IS	430	8	8	0	0
IS	431	9	9	0	0
IS	432	8	8	0	0
IS	433	7	7	0	0
IS	434	3	3	0	0
IS	435	5	5	0	0
IS	436	5	5	0	0
IS	437	8	8	0	0
IS	438	5	5	0	0
IS	439	6	6	0	0
IS	440	8	8	0	0
IS	441	8	8	0	0
IS	442	15	15	0	0
IS	443	18	18	0	0
IS	444	4	4	0	0
IS	445	9	9	0	0
IS	446	11	11	0	0
IS	447	8	8	0	0
IS	448	12	12	0	0
IS	449	10	10	0	0
IS	450	7	7	0	0
IS	451	7	7	0	0
IS	452	8	8	0	0
IS	453	7	7	0	0
IS	454	17	17	0	0
IS	455	14	14	0	0
IS	456	7	7	0	0
IS	457	12	12	0	0
IS	458	6	6	0	0
IS	459	9	9	0	0
IS	460	16	16	0	0
IS	461	13	13	0	0
IS	462	9	9	0	0
IS	463	14	14	0	0
IS	464	14	14	0	0
IS	465	17	17	0	0
IS	466	15	15	0	0
IS	467	13	13	0	0
IS	468	12	12	0	0
IS	469	10	10	0	0
IS	470	9	9	0	0
IS	471	17	17	0	0
IS	472	10	10	0	0
IS	473	13	13	0	0
IS	474	11	11	0	0
IS	475	17	17	0	0
IS	476	18	18	0	0
IS	477	18	18	0	0
IS	478	14	14	0	0
IS	479	13	13	0	0
IS	480	19	19	0	0
IS	481	17	17	0	0
IS	482	12	12	0	0
IS	483	13	13	0	0
IS	484	16	16	0	0
IS	485	21	21	0	0
IS	486	18	18	0	0
IS	487	13	13	0	0
IS	488	20	20	0	0
IS	489	14	14	0	0
IS	490	15	15	0	0
IS	491	15	15	0	0
IS	492	17	17	0	0
IS	493	15	15	0	0
IS	494	17	17	0	0
IS	495	6	6	0	0
IS	496	10	10	0	0
IS	497	18	18	0	0
IS	498	10	10	0	0
IS	499	9	9	0	0
IS	500	18	18	0	0
IS	501	16	16	0	0
IS	502	18	18	0	0
IS	503	21	21	0	0
IS	504	16	16	0	0
IS	505	17	17	0	0
IS	506	20	20	0	0
IS	507	16	16	0	0
IS	508	15	15	0	0
IS	509	14	14	0	0
IS	510	15	15	0	0
IS	511	12	12	0	0
IS	512	18	18	0	0
IS	513	12	12	0	0
IS	514	16	16	0	0
IS	515	17	17	0	0
IS	516	9	9	0	0
IS	517	10	10	0	0
IS	518	18	18	0	0
IS	519	15	15	0	0
IS	520	11	11	0	0
IS	521	9	9	0	0
IS	522	17	17	0	0
IS	523	24	24	0	0
IS	524	8	8	0	0
IS	525	16	16	0	0
IS	526	22	22	0	0
IS	527	12	12	0	0
IS	528	19	19	0	0
IS	529	14	14	0	0
IS	530	16	16	0	0
IS	531	9	9	0	0
IS	532	9	9	0	0
IS	533	12	12	0	0
IS	534	12	12	0	0
IS	535	14	14	0	0
IS	536	16	16	0	0
IS	537	13	13	0	0
IS	538	14	14	0	0
IS	539	5	5	0	0
IS	540	13	13	0	0
IS	541	16	16	0	0
IS	542	18	18	0	0
IS	543	9	9	0	0
IS	544	8	8	0	0
IS	545	8	8	0	0
IS	546	13	13	0	0
IS	547	13	13	0	0
IS	548	6	6	0	0
IS	549	12	12	0	0
IS	550	9	9	0	0
IS	551	11	11	0	0
IS	552	7	7	0	0
IS	553	7	7	0	0
IS	554	7	7	0	0
IS	555	9	9	0	0
IS	556	13	13	0	0
IS	557	7	7	0	0
IS	558	8	8	0	0
IS	559	12	12	0	0
IS	560	8	8	0	0
IS	561	7	7	0	0
IS	562	7	7	0	0
IS	563	7	7	0	0
IS	564	5	5	0	0
IS	565	4	4	0	0
IS	566	5	5	0	0
IS	567	5	5	0	0
IS	568	6	6	0	0
IS	569	5	5	0	0
IS	570	6	6	0	0
IS	571	5	5	0	0
IS	572	2	2	0	0
IS	573	6	6	0	0
IS	574	3	3	0	0
IS	575	6	6	0	0
IS	576	4	4	0	0
IS	577	12	12	0	0
IS	578	4	4	0	0
IS	579	5	5	0	0
IS	580	7	7	0	0
IS	581	4	4	0	0
IS	582	0	0	0	0
IS	583	6	6	0	0
IS	584	4	4	0	0
IS	585	2	2	0	0
IS	586	4	4	0	0
IS	587	8	8	0	0
IS	588	5	5	0	0
IS	589	6	6	0	0
IS	590	3	3	0	0
IS	591	6	6	0	0
IS	592	1	1	0	0
IS	593	5	5	0	0
IS	594	1	1	0	0
IS	595	2	2	0	0
IS	596	4	4	0	0
IS	597	3	3	0	0
IS	598	2	2	0	0
IS	599	1	1	0	0
IS	600	1	1	0	0
IS	601	3	3	0	0
IS	602	3	3	0	0
IS	603	1	1	0	0
IS	604	0	0	0	0
IS	605	0	0	0	0
IS	606	0	0	0	0
IS	607	3	3	0	0
IS	608	3	3	0	0
IS	609	0	0	0	0
IS	610	0	0	0	0
IS	611	0	0	0	0
IS	612	0	0	0	0
IS	613	0	0	0	0
IS	614	2	2	0	0
# Read lengths. Use `grep ^RL | cut -f 2-` to extract this part. The columns are: read length, count
RL	145	1
RL	150	4005
# Read lengths - first fragments. Use `grep ^FRL | cut -f 2-` to extract this part. The columns are: read length, count
FRL	145	1
FRL	150	2002
# Read lengths - last fragments. Use `grep ^LRL | cut -f 2-` to extract this part. The columns are: read length, count
LRL	150	2003
# Mapping qualities for reads !(UNMAP|SECOND|SUPPL|QCFAIL|DUP). Use `grep ^MAPQ | cut -f 2-` to extract this part. The columns are: mapq, count
MAPQ	0	18
MAPQ	3	4
MAPQ	27	9
MAPQ	33	1
MAPQ	40	27
MAPQ	41	1
MAPQ	45	1
MAPQ	47	4
MAPQ	48	31
MAPQ	50	3
MAPQ	52	2
MAPQ	57	8
MAPQ	59	3
MAPQ	60	3894
# Indel distribution. Use `grep ^ID | cut -f 2-` to extract this part. The columns are: length, number of insertions, number of deletions
ID	1	0	3
# Indels per cycle. Use `grep ^IC | cut -f 2-` to extract this part. The columns are: cycle, number of insertions (fwd), .. (rev) , number of deletions (fwd), .. (rev)
IC	33	0	0	0	1
IC	50	0	0	1	0
IC	52	0	0	1	0
# Coverage distribution. Use `grep ^COV | cut -f 2-` to extract this part.
COV	[1-1]	1	5084
COV	[2-2]	2	10528
COV	[3-3]	3	15347
COV	[4-4]	4	18273
COV	[5-5]	5	19447
COV	[6-6]	6	16323
COV	[7-7]	7	12962
COV	[8-8]	8	8250
COV	[9-9]	9	4900
COV	[10-10]	10	2976
COV	[11-11]	11	1558
COV	[12-12]	12	752
COV	[13-13]	13	241
COV	[14-14]	14	40
# GC-depth. Use `grep ^GCD | cut -f 2-` to extract this part. The columns are: GC%, unique sequence percentiles, 10th, 25th, 50th, 75th and 90th depth percentile
GCD	0.0	15.385	0.000	0.000	0.000	0.000	0.000
GCD	37.0	30.769	2.505	2.505	2.505	2.505	2.505
GCD	38.0	61.538	2.505	2.505	2.505	2.505	2.505
GCD	39.0	84.615	2.505	2.505	2.505	2.505	2.505
GCD	40.0	92.308	2.505	2.505	2.505	2.505	2.505
GCD	46.0	100.000	2.505	2.505	2.505	2.505	2.505
