# This file was produced by samtools stats (1.20+htslib-1.21) and can be plotted using plot-bamstats
# This file contains statistics for all reads.
# The command line was:  stats sample3802.sorted.group.rmdup.bam
# CHK, Checksum	[2]Read Names	[3]Sequences	[4]Qualities
# CHK, CRC32 of reads which passed filtering followed by addition (32bit overflow)
CHK	aaab511a	0ed45ada	f1f23d24
# Summary Numbers. Use `grep ^SN | cut -f 2-` to extract this part.
SN	raw total sequences:	4006	# excluding supplementary and secondary reads
SN	filtered sequences:	0
SN	sequences:	4006
SN	is sorted:	1
SN	1st fragments:	2003
SN	last fragments:	2003
SN	reads mapped:	4006
SN	reads mapped and paired:	4006	# paired-end technology bit set + both mates mapped
SN	reads unmapped:	0
SN	reads properly paired:	4006	# proper-pair bit set
SN	reads paired:	4006	# paired-end technology bit set
SN	reads duplicated:	0	# PCR or optical duplicate bit set
SN	reads MQ0:	12	# mapped and MQ=0
SN	reads QC failed:	0
SN	non-primary alignments:	0
SN	supplementary alignments:	0
SN	total length:	600900	# ignores clipping
SN	total first fragment length:	300450	# ignores clipping
SN	total last fragment length:	300450	# ignores clipping
SN	bases mapped:	600900	# ignores clipping
SN	bases mapped (cigar):	600900	# more accurate
SN	bases trimmed:	0
SN	bases duplicated:	0
SN	mismatches:	988	# from NM fields
SN	error rate:	1.644200e-03	# mismatches / bases mapped (cigar)
SN	average length:	150
SN	average first fragment length:	150
SN	average last fragment length:	150
SN	maximum length:	150
SN	maximum first fragment length:	150
SN	maximum last fragment length:	150
SN	average quality:	30.0
SN	insert size average:	496.5
SN	insert size standard deviation:	49.1
SN	inward oriented pairs:	2003
SN	outward oriented pairs:	0
SN	pairs with other orientation:	0
SN	pairs on different chromosomes:	0
SN	percentage of properly paired reads (%):	100.0
# First Fragment Qualities. Use `grep ^FFQ | cut -f 2-` to extract this part.
# Columns correspond to qualities and rows to cycles. First column is the cycle number.
FFQ	1	0	0	0	0	0	0	0	0	0	0	0	0	0	0	0	0	0	0	0	0	0	0	0	0	0	0	0	0	0	0	2003	0
FFQ	2	0	0	0	0	0	0	0	0	0	0	0	0	0	0	0	0	0	0	0	0	0	0	0	0	0	0	0	0	0	0	2003	0
FFQ	3	0	0	0	0	0	0	0	0	0	0	0	0	0	0	0	0	0	0	0	0	0	0	0	0	0	0	0	0	0	0	2003	0
FFQ	4	0	0	0	0	0	0	0	0	0	0	0	0	0	0	0	0	0	0	0	0	0	0	0	0	0	0	0	0	0	0	2003	0
FFQ	5	0	0	0	0	0	0	0	0	0	0	0	0	0	0	0	0	0	0	0	0	0	0	0	0	0	0	0	0	0	0	2003	0
FFQ	6	0	0	0	0	0	0	0	0	0	0	0	0	0	0	0	0	0	0	0	0	0	0	0	0	0	0	0	0	0	0	2003	0
FFQ	7	0	0	0	0	0	0	0	0	0	0	0	0	0	0	0	0	0	0	0	0	0	0	0	0	0	0	0	0	0	0	2003	0
FFQ	8	0	0	0	0	0	0	0	0	0	0	0	0	0	0	0	0	0	0	0	0	0	0	0	0	0	0	0	0	0	0	2003	0
FFQ	9	0	0	0	0	0	0	0	0	0	0	0	0	0	0	0	0	0	0	0	0	0	0	0	0	0	0	0	0	0	0	2003	0
FFQ	10	0	0	0	0	0	0	0	0	0	0	0	0	0	0	0	0	0	0	0	0	0	0	0	0	0	0	0	0	0	0	2003	0
FFQ	11	0	0	0	0	0	0	0	0	0	0	0	0	0	0	0	0	0	0	0	0	0	0	0	0	0	0	0	0	0	0	2003	0
FFQ	12	0	0	0	0	0	0	0	0	0	0	0	0	0	0	0	0	0	0	0	0	0	0	0	0	0	0	0	0	0	0	2003	0
FFQ	13	0	0	0	0	0	0	0	0	0	0	0	0	0	0	0	0	0	0	0	0	0	0	0	0	0	0	0	0	0	0	2003	0
FFQ	14	0	0	0	0	0	0	0	0	0	0	0	0	0	0	0	0	0	0	0	0	0	0	0	0	0	0	0	0	0	0	2003	0
FFQ	15	0	0	0	0	0	0	0	0	0	0	0	0	0	0	0	0	0	0	0	0	0	0	0	0	0	0	0	0	0	0	2003	0
FFQ	16	0	0	0	0	0	0	0	0	0	0	0	0	0	0	0	0	0	0	0	0	0	0	0	0	0	0	0	0	0	0	2003	0
FFQ	17	0	0	0	0	0	0	0	0	0	0	0	0	0	0	0	0	0	0	0	0	0	0	0	0	0	0	0	0	0	0	2003	0
FFQ	18	0	0	0	0	0	0	0	0	0	0	0	0	0	0	0	0	0	0	0	0	0	0	0	0	0	0	0	0	0	0	2003	0
FFQ	19	0	0	0	0	0	0	0	0	0	0	0	0	0	0	0	0	0	0	0	0	0	0	0	0	0	0	0	0	0	0	2003	0
FFQ	20	0	0	0	0	0	0	0	0	0	0	0	0	0	0	0	0	0	0	0	0	0	0	0	0	0	0	0	0	0	0	2003	0
FFQ	21	0	0	0	0	0	0	0	0	0	0	0	0	0	0	0	0	0	0	0	0	0	0	0	0	0	0	0	0	0	0	2003	0
FFQ	22	0	0	0	0	0	0	0	0	0	0	0	0	0	0	0	0	0	0	0	0	0	0	0	0	0	0	0	0	0	0	2003	0
FFQ	23	0	0	0	0	0	0	0	0	0	0	0	0	0	0	0	0	0	0	0	0	0	0	0	0	0	0	0	0	0	0	2003	0
FFQ	24	0	0	0	0	0	0	0	0	0	0	0	0	0	0	0	0	0	0	0	0	0	0	0	0	0	0	0	0	0	0	2003	0
FFQ	25	0	0	0	0	0	0	0	0	0	0	0	0	0	0	0	0	0	0	0	0	0	0	0	0	0	0	0	0	0	0	2003	0
FFQ	26	0	0	0	0	0	0	0	0	0	0	0	0	0	0	0	0	0	0	0	0	0	0	0	0	0	0	0	0	0	0	2003	0
FFQ	27	0	0	0	0	0	0	0	0	0	0	0	0	0	0	0	0	0	0	0	0	0	0	0	0	0	0	0	0	0	0	2003	0
FFQ	28	0	0	0	0	0	0	0	0	0	0	0	0	0	0	0	0	0	0	0	0	0	0	0	0	0	0	0	0	0	0	2003	0
FFQ	29	0	0	0	0	0	0	0	0	0	0	0	0	0	0	0	0	0	0	0	0	0	0	0	0	0	0	0	0	0	0	2003	0
FFQ	30	0	0	0	0	0	0	0	0	0	0	0	0	0	0	0	0	0	0	0	0	0	0	0	0	0	0	0	0	0	0	2003	0
FFQ	31	0	0	0	0	0	0	0	0	0	0	0	0	0	0	0	0	0	0	0	0	0	0	0	0	0	0	0	0	0	0	2003	0
FFQ	32	0	0	0	0	0	0	0	0	0	0	0	0	0	0	0	0	0	0	0	0	0	0	0	0	0	0	0	0	0	0	2003	0
FFQ	33	0	0	0	0	0	0	0	0	0	0	0	0	0	0	0	0	0	0	0	0	0	0	0	0	0	0	0	0	0	0	2003	0
FFQ	34	0	0	0	0	0	0	0	0	0	0	0	0	0	0	0	0	0	0	0	0	0	0	0	0	0	0	0	0	0	0	2003	0
FFQ	35	0	0	0	0	0	0	0	0	0	0	0	0	0	0	0	0	0	0	0	0	0	0	0	0	0	0	0	0	0	0	2003	0
FFQ	36	0	0	0	0	0	0	0	0	0	0	0	0	0	0	0	0	0	0	0	0	0	0	0	0	0	0	0	0	0	0	2003	0
FFQ	37	0	0	0	0	0	0	0	0	0	0	0	0	0	0	0	0	0	0	0	0	0	0	0	0	0	0	0	0	0	0	2003	0
FFQ	38	0	0	0	0	0	0	0	0	0	0	0	0	0	0	0	0	0	0	0	0	0	0	0	0	0	0	0	0	0	0	2003	0
FFQ	39	0	0	0	0	0	0	0	0	0	0	0	0	0	0	0	0	0	0	0	0	0	0	0	0	0	0	0	0	0	0	2003	0
FFQ	40	0	0	0	0	0	0	0	0	0	0	0	0	0	0	0	0	0	0	0	0	0	0	0	0	0	0	0	0	0	0	2003	0
FFQ	41	0	0	0	0	0	0	0	0	0	0	0	0	0	0	0	0	0	0	0	0	0	0	0	0	0	0	0	0	0	0	2003	0
FFQ	42	0	0	0	0	0	0	0	0	0	0	0	0	0	0	0	0	0	0	0	0	0	0	0	0	0	0	0	0	0	0	2003	0
FFQ	43	0	0	0	0	0	0	0	0	0	0	0	0	0	0	0	0	0	0	0	0	0	0	0	0	0	0	0	0	0	0	2003	0
FFQ	44	0	0	0	0	0	0	0	0	0	0	0	0	0	0	0	0	0	0	0	0	0	0	0	0	0	0	0	0	0	0	2003	0
FFQ	45	0	0	0	0	0	0	0	0	0	0	0	0	0	0	0	0	0	0	0	0	0	0	0	0	0	0	0	0	0	0	2003	0
FFQ	46	0	0	0	0	0	0	0	0	0	0	0	0	0	0	0	0	0	0	0	0	0	0	0	0	0	0	0	0	0	0	2003	0
FFQ	47	0	0	0	0	0	0	0	0	0	0	0	0	0	0	0	0	0	0	0	0	0	0	0	0	0	0	0	0	0	0	2003	0
FFQ	48	0	0	0	0	0	0	0	0	0	0	0	0	0	0	0	0	0	0	0	0	0	0	0	0	0	0	0	0	0	0	2003	0
FFQ	49	0	0	0	0	0	0	0	0	0	0	0	0	0	0	0	0	0	0	0	0	0	0	0	0	0	0	0	0	0	0	2003	0
FFQ	50	0	0	0	0	0	0	0	0	0	0	0	0	0	0	0	0	0	0	0	0	0	0	0	0	0	0	0	0	0	0	2003	0
FFQ	51	0	0	0	0	0	0	0	0	0	0	0	0	0	0	0	0	0	0	0	0	0	0	0	0	0	0	0	0	0	0	2003	0
FFQ	52	0	0	0	0	0	0	0	0	0	0	0	0	0	0	0	0	0	0	0	0	0	0	0	0	0	0	0	0	0	0	2003	0
FFQ	53	0	0	0	0	0	0	0	0	0	0	0	0	0	0	0	0	0	0	0	0	0	0	0	0	0	0	0	0	0	0	2003	0
FFQ	54	0	0	0	0	0	0	0	0	0	0	0	0	0	0	0	0	0	0	0	0	0	0	0	0	0	0	0	0	0	0	2003	0
FFQ	55	0	0	0	0	0	0	0	0	0	0	0	0	0	0	0	0	0	0	0	0	0	0	0	0	0	0	0	0	0	0	2003	0
FFQ	56	0	0	0	0	0	0	0	0	0	0	0	0	0	0	0	0	0	0	0	0	0	0	0	0	0	0	0	0	0	0	2003	0
FFQ	57	0	0	0	0	0	0	0	0	0	0	0	0	0	0	0	0	0	0	0	0	0	0	0	0	0	0	0	0	0	0	2003	0
FFQ	58	0	0	0	0	0	0	0	0	0	0	0	0	0	0	0	0	0	0	0	0	0	0	0	0	0	0	0	0	0	0	2003	0
FFQ	59	0	0	0	0	0	0	0	0	0	0	0	0	0	0	0	0	0	0	0	0	0	0	0	0	0	0	0	0	0	0	2003	0
FFQ	60	0	0	0	0	0	0	0	0	0	0	0	0	0	0	0	0	0	0	0	0	0	0	0	0	0	0	0	0	0	0	2003	0
FFQ	61	0	0	0	0	0	0	0	0	0	0	0	0	0	0	0	0	0	0	0	0	0	0	0	0	0	0	0	0	0	0	2003	0
FFQ	62	0	0	0	0	0	0	0	0	0	0	0	0	0	0	0	0	0	0	0	0	0	0	0	0	0	0	0	0	0	0	2003	0
FFQ	63	0	0	0	0	0	0	0	0	0	0	0	0	0	0	0	0	0	0	0	0	0	0	0	0	0	0	0	0	0	0	2003	0
FFQ	64	0	0	0	0	0	0	0	0	0	0	0	0	0	0	0	0	0	0	0	0	0	0	0	0	0	0	0	0	0	0	2003	0
FFQ	65	0	0	0	0	0	0	0	0	0	0	0	0	0	0	0	0	0	0	0	0	0	0	0	0	0	0	0	0	0	0	2003	0
FFQ	66	0	0	0	0	0	0	0	0	0	0	0	0	0	0	0	0	0	0	0	0	0	0	0	0	0	0	0	0	0	0	2003	0
FFQ	67	0	0	0	0	0	0	0	0	0	0	0	0	0	0	0	0	0	0	0	0	0	0	0	0	0	0	0	0	0	0	2003	0
FFQ	68	0	0	0	0	0	0	0	0	0	0	0	0	0	0	0	0	0	0	0	0	0	0	0	0	0	0	0	0	0	0	2003	0
FFQ	69	0	0	0	0	0	0	0	0	0	0	0	0	0	0	0	0	0	0	0	0	0	0	0	0	0	0	0	0	0	0	2003	0
FFQ	70	0	0	0	0	0	0	0	0	0	0	0	0	0	0	0	0	0	0	0	0	0	0	0	0	0	0	0	0	0	0	2003	0
FFQ	71	0	0	0	0	0	0	0	0	0	0	0	0	0	0	0	0	0	0	0	0	0	0	0	0	0	0	0	0	0	0	2003	0
FFQ	72	0	0	0	0	0	0	0	0	0	0	0	0	0	0	0	0	0	0	0	0	0	0	0	0	0	0	0	0	0	0	2003	0
FFQ	73	0	0	0	0	0	0	0	0	0	0	0	0	0	0	0	0	0	0	0	0	0	0	0	0	0	0	0	0	0	0	2003	0
FFQ	74	0	0	0	0	0	0	0	0	0	0	0	0	0	0	0	0	0	0	0	0	0	0	0	0	0	0	0	0	0	0	2003	0
FFQ	75	0	0	0	0	0	0	0	0	0	0	0	0	0	0	0	0	0	0	0	0	0	0	0	0	0	0	0	0	0	0	2003	0
FFQ	76	0	0	0	0	0	0	0	0	0	0	0	0	0	0	0	0	0	0	0	0	0	0	0	0	0	0	0	0	0	0	2003	0
FFQ	77	0	0	0	0	0	0	0	0	0	0	0	0	0	0	0	0	0	0	0	0	0	0	0	0	0	0	0	0	0	0	2003	0
FFQ	78	0	0	0	0	0	0	0	0	0	0	0	0	0	0	0	0	0	0	0	0	0	0	0	0	0	0	0	0	0	0	2003	0
FFQ	79	0	0	0	0	0	0	0	0	0	0	0	0	0	0	0	0	0	0	0	0	0	0	0	0	0	0	0	0	0	0	2003	0
FFQ	80	0	0	0	0	0	0	0	0	0	0	0	0	0	0	0	0	0	0	0	0	0	0	0	0	0	0	0	0	0	0	2003	0
FFQ	81	0	0	0	0	0	0	0	0	0	0	0	0	0	0	0	0	0	0	0	0	0	0	0	0	0	0	0	0	0	0	2003	0
FFQ	82	0	0	0	0	0	0	0	0	0	0	0	0	0	0	0	0	0	0	0	0	0	0	0	0	0	0	0	0	0	0	2003	0
FFQ	83	0	0	0	0	0	0	0	0	0	0	0	0	0	0	0	0	0	0	0	0	0	0	0	0	0	0	0	0	0	0	2003	0
FFQ	84	0	0	0	0	0	0	0	0	0	0	0	0	0	0	0	0	0	0	0	0	0	0	0	0	0	0	0	0	0	0	2003	0
FFQ	85	0	0	0	0	0	0	0	0	0	0	0	0	0	0	0	0	0	0	0	0	0	0	0	0	0	0	0	0	0	0	2003	0
FFQ	86	0	0	0	0	0	0	0	0	0	0	0	0	0	0	0	0	0	0	0	0	0	0	0	0	0	0	0	0	0	0	2003	0
FFQ	87	0	0	0	0	0	0	0	0	0	0	0	0	0	0	0	0	0	0	0	0	0	0	0	0	0	0	0	0	0	0	2003	0
FFQ	88	0	0	0	0	0	0	0	0	0	0	0	0	0	0	0	0	0	0	0	0	0	0	0	0	0	0	0	0	0	0	2003	0
FFQ	89	0	0	0	0	0	0	0	0	0	0	0	0	0	0	0	0	0	0	0	0	0	0	0	0	0	0	0	0	0	0	2003	0
FFQ	90	0	0	0	0	0	0	0	0	0	0	0	0	0	0	0	0	0	0	0	0	0	0	0	0	0	0	0	0	0	0	2003	0
FFQ	91	0	0	0	0	0	0	0	0	0	0	0	0	0	0	0	0	0	0	0	0	0	0	0	0	0	0	0	0	0	0	2003	0
FFQ	92	0	0	0	0	0	0	0	0	0	0	0	0	0	0	0	0	0	0	0	0	0	0	0	0	0	0	0	0	0	0	2003	0
FFQ	93	0	0	0	0	0	0	0	0	0	0	0	0	0	0	0	0	0	0	0	0	0	0	0	0	0	0	0	0	0	0	2003	0
FFQ	94	0	0	0	0	0	0	0	0	0	0	0	0	0	0	0	0	0	0	0	0	0	0	0	0	0	0	0	0	0	0	2003	0
FFQ	95	0	0	0	0	0	0	0	0	0	0	0	0	0	0	0	0	0	0	0	0	0	0	0	0	0	0	0	0	0	0	2003	0
FFQ	96	0	0	0	0	0	0	0	0	0	0	0	0	0	0	0	0	0	0	0	0	0	0	0	0	0	0	0	0	0	0	2003	0
FFQ	97	0	0	0	0	0	0	0	0	0	0	0	0	0	0	0	0	0	0	0	0	0	0	0	0	0	0	0	0	0	0	2003	0
FFQ	98	0	0	0	0	0	0	0	0	0	0	0	0	0	0	0	0	0	0	0	0	0	0	0	0	0	0	0	0	0	0	2003	0
FFQ	99	0	0	0	0	0	0	0	0	0	0	0	0	0	0	0	0	0	0	0	0	0	0	0	0	0	0	0	0	0	0	2003	0
FFQ	100	0	0	0	0	0	0	0	0	0	0	0	0	0	0	0	0	0	0	0	0	0	0	0	0	0	0	0	0	0	0	2003	0
FFQ	101	0	0	0	0	0	0	0	0	0	0	0	0	0	0	0	0	0	0	0	0	0	0	0	0	0	0	0	0	0	0	2003	0
FFQ	102	0	0	0	0	0	0	0	0	0	0	0	0	0	0	0	0	0	0	0	0	0	0	0	0	0	0	0	0	0	0	2003	0
FFQ	103	0	0	0	0	0	0	0	0	0	0	0	0	0	0	0	0	0	0	0	0	0	0	0	0	0	0	0	0	0	0	2003	0
FFQ	104	0	0	0	0	0	0	0	0	0	0	0	0	0	0	0	0	0	0	0	0	0	0	0	0	0	0	0	0	0	0	2003	0
FFQ	105	0	0	0	0	0	0	0	0	0	0	0	0	0	0	0	0	0	0	0	0	0	0	0	0	0	0	0	0	0	0	2003	0
FFQ	106	0	0	0	0	0	0	0	0	0	0	0	0	0	0	0	0	0	0	0	0	0	0	0	0	0	0	0	0	0	0	2003	0
FFQ	107	0	0	0	0	0	0	0	0	0	0	0	0	0	0	0	0	0	0	0	0	0	0	0	0	0	0	0	0	0	0	2003	0
FFQ	108	0	0	0	0	0	0	0	0	0	0	0	0	0	0	0	0	0	0	0	0	0	0	0	0	0	0	0	0	0	0	2003	0
FFQ	109	0	0	0	0	0	0	0	0	0	0	0	0	0	0	0	0	0	0	0	0	0	0	0	0	0	0	0	0	0	0	2003	0
FFQ	110	0	0	0	0	0	0	0	0	0	0	0	0	0	0	0	0	0	0	0	0	0	0	0	0	0	0	0	0	0	0	2003	0
FFQ	111	0	0	0	0	0	0	0	0	0	0	0	0	0	0	0	0	0	0	0	0	0	0	0	0	0	0	0	0	0	0	2003	0
FFQ	112	0	0	0	0	0	0	0	0	0	0	0	0	0	0	0	0	0	0	0	0	0	0	0	0	0	0	0	0	0	0	2003	0
FFQ	113	0	0	0	0	0	0	0	0	0	0	0	0	0	0	0	0	0	0	0	0	0	0	0	0	0	0	0	0	0	0	2003	0
FFQ	114	0	0	0	0	0	0	0	0	0	0	0	0	0	0	0	0	0	0	0	0	0	0	0	0	0	0	0	0	0	0	2003	0
FFQ	115	0	0	0	0	0	0	0	0	0	0	0	0	0	0	0	0	0	0	0	0	0	0	0	0	0	0	0	0	0	0	2003	0
FFQ	116	0	0	0	0	0	0	0	0	0	0	0	0	0	0	0	0	0	0	0	0	0	0	0	0	0	0	0	0	0	0	2003	0
FFQ	117	0	0	0	0	0	0	0	0	0	0	0	0	0	0	0	0	0	0	0	0	0	0	0	0	0	0	0	0	0	0	2003	0
FFQ	118	0	0	0	0	0	0	0	0	0	0	0	0	0	0	0	0	0	0	0	0	0	0	0	0	0	0	0	0	0	0	2003	0
FFQ	119	0	0	0	0	0	0	0	0	0	0	0	0	0	0	0	0	0	0	0	0	0	0	0	0	0	0	0	0	0	0	2003	0
FFQ	120	0	0	0	0	0	0	0	0	0	0	0	0	0	0	0	0	0	0	0	0	0	0	0	0	0	0	0	0	0	0	2003	0
FFQ	121	0	0	0	0	0	0	0	0	0	0	0	0	0	0	0	0	0	0	0	0	0	0	0	0	0	0	0	0	0	0	2003	0
FFQ	122	0	0	0	0	0	0	0	0	0	0	0	0	0	0	0	0	0	0	0	0	0	0	0	0	0	0	0	0	0	0	2003	0
FFQ	123	0	0	0	0	0	0	0	0	0	0	0	0	0	0	0	0	0	0	0	0	0	0	0	0	0	0	0	0	0	0	2003	0
FFQ	124	0	0	0	0	0	0	0	0	0	0	0	0	0	0	0	0	0	0	0	0	0	0	0	0	0	0	0	0	0	0	2003	0
FFQ	125	0	0	0	0	0	0	0	0	0	0	0	0	0	0	0	0	0	0	0	0	0	0	0	0	0	0	0	0	0	0	2003	0
FFQ	126	0	0	0	0	0	0	0	0	0	0	0	0	0	0	0	0	0	0	0	0	0	0	0	0	0	0	0	0	0	0	2003	0
FFQ	127	0	0	0	0	0	0	0	0	0	0	0	0	0	0	0	0	0	0	0	0	0	0	0	0	0	0	0	0	0	0	2003	0
FFQ	128	0	0	0	0	0	0	0	0	0	0	0	0	0	0	0	0	0	0	0	0	0	0	0	0	0	0	0	0	0	0	2003	0
FFQ	129	0	0	0	0	0	0	0	0	0	0	0	0	0	0	0	0	0	0	0	0	0	0	0	0	0	0	0	0	0	0	2003	0
FFQ	130	0	0	0	0	0	0	0	0	0	0	0	0	0	0	0	0	0	0	0	0	0	0	0	0	0	0	0	0	0	0	2003	0
FFQ	131	0	0	0	0	0	0	0	0	0	0	0	0	0	0	0	0	0	0	0	0	0	0	0	0	0	0	0	0	0	0	2003	0
FFQ	132	0	0	0	0	0	0	0	0	0	0	0	0	0	0	0	0	0	0	0	0	0	0	0	0	0	0	0	0	0	0	2003	0
FFQ	133	0	0	0	0	0	0	0	0	0	0	0	0	0	0	0	0	0	0	0	0	0	0	0	0	0	0	0	0	0	0	2003	0
FFQ	134	0	0	0	0	0	0	0	0	0	0	0	0	0	0	0	0	0	0	0	0	0	0	0	0	0	0	0	0	0	0	2003	0
FFQ	135	0	0	0	0	0	0	0	0	0	0	0	0	0	0	0	0	0	0	0	0	0	0	0	0	0	0	0	0	0	0	2003	0
FFQ	136	0	0	0	0	0	0	0	0	0	0	0	0	0	0	0	0	0	0	0	0	0	0	0	0	0	0	0	0	0	0	2003	0
FFQ	137	0	0	0	0	0	0	0	0	0	0	0	0	0	0	0	0	0	0	0	0	0	0	0	0	0	0	0	0	0	0	2003	0
FFQ	138	0	0	0	0	0	0	0	0	0	0	0	0	0	0	0	0	0	0	0	0	0	0	0	0	0	0	0	0	0	0	2003	0
FFQ	139	0	0	0	0	0	0	0	0	0	0	0	0	0	0	0	0	0	0	0	0	0	0	0	0	0	0	0	0	0	0	2003	0
FFQ	140	0	0	0	0	0	0	0	0	0	0	0	0	0	0	0	0	0	0	0	0	0	0	0	0	0	0	0	0	0	0	2003	0
FFQ	141	0	0	0	0	0	0	0	0	0	0	0	0	0	0	0	0	0	0	0	0	0	0	0	0	0	0	0	0	0	0	2003	0
FFQ	142	0	0	0	0	0	0	0	0	0	0	0	0	0	0	0	0	0	0	0	0	0	0	0	0	0	0	0	0	0	0	2003	0
FFQ	143	0	0	0	0	0	0	0	0	0	0	0	0	0	0	0	0	0	0	0	0	0	0	0	0	0	0	0	0	0	0	2003	0
FFQ	144	0	0	0	0	0	0	0	0	0	0	0	0	0	0	0	0	0	0	0	0	0	0	0	0	0	0	0	0	0	0	2003	0
FFQ	145	0	0	0	0	0	0	0	0	0	0	0	0	0	0	0	0	0	0	0	0	0	0	0	0	0	0	0	0	0	0	2003	0
FFQ	146	0	0	0	0	0	0	0	0	0	0	0	0	0	0	0	0	0	0	0	0	0	0	0	0	0	0	0	0	0	0	2003	0
FFQ	147	0	0	0	0	0	0	0	0	0	0	0	0	0	0	0	0	0	0	0	0	0	0	0	0	0	0	0	0	0	0	2003	0
FFQ	148	0	0	0	0	0	0	0	0	0	0	0	0	0	0	0	0	0	0	0	0	0	0	0	0	0	0	0	0	0	0	2003	0
FFQ	149	0	0	0	0	0	0	0	0	0	0	0	0	0	0	0	0	0	0	0	0	0	0	0	0	0	0	0	0	0	0	2003	0
FFQ	150	0	0	0	0	0	0	0	0	0	0	0	0	0	0	0	0	0	0	0	0	0	0	0	0	0	0	0	0	0	0	2003	0
# Last Fragment Qualities. Use `grep ^LFQ | cut -f 2-` to extract this part.
# Columns correspond to qualities and rows to cycles. First column is the cycle number.
LFQ	1	0	0	0	0	0	0	0	0	0	0	0	0	0	0	0	0	0	0	0	0	0	0	0	0	0	0	0	0	0	0	2003	0
LFQ	2	0	0	0	0	0	0	0	0	0	0	0	0	0	0	0	0	0	0	0	0	0	0	0	0	0	0	0	0	0	0	2003	0
LFQ	3	0	0	0	0	0	0	0	0	0	0	0	0	0	0	0	0	0	0	0	0	0	0	0	0	0	0	0	0	0	0	2003	0
LFQ	4	0	0	0	0	0	0	0	0	0	0	0	0	0	0	0	0	0	0	0	0	0	0	0	0	0	0	0	0	0	0	2003	0
LFQ	5	0	0	0	0	0	0	0	0	0	0	0	0	0	0	0	0	0	0	0	0	0	0	0	0	0	0	0	0	0	0	2003	0
LFQ	6	0	0	0	0	0	0	0	0	0	0	0	0	0	0	0	0	0	0	0	0	0	0	0	0	0	0	0	0	0	0	2003	0
LFQ	7	0	0	0	0	0	0	0	0	0	0	0	0	0	0	0	0	0	0	0	0	0	0	0	0	0	0	0	0	0	0	2003	0
LFQ	8	0	0	0	0	0	0	0	0	0	0	0	0	0	0	0	0	0	0	0	0	0	0	0	0	0	0	0	0	0	0	2003	0
LFQ	9	0	0	0	0	0	0	0	0	0	0	0	0	0	0	0	0	0	0	0	0	0	0	0	0	0	0	0	0	0	0	2003	0
LFQ	10	0	0	0	0	0	0	0	0	0	0	0	0	0	0	0	0	0	0	0	0	0	0	0	0	0	0	0	0	0	0	2003	0
LFQ	11	0	0	0	0	0	0	0	0	0	0	0	0	0	0	0	0	0	0	0	0	0	0	0	0	0	0	0	0	0	0	2003	0
LFQ	12	0	0	0	0	0	0	0	0	0	0	0	0	0	0	0	0	0	0	0	0	0	0	0	0	0	0	0	0	0	0	2003	0
LFQ	13	0	0	0	0	0	0	0	0	0	0	0	0	0	0	0	0	0	0	0	0	0	0	0	0	0	0	0	0	0	0	2003	0
LFQ	14	0	0	0	0	0	0	0	0	0	0	0	0	0	0	0	0	0	0	0	0	0	0	0	0	0	0	0	0	0	0	2003	0
LFQ	15	0	0	0	0	0	0	0	0	0	0	0	0	0	0	0	0	0	0	0	0	0	0	0	0	0	0	0	0	0	0	2003	0
LFQ	16	0	0	0	0	0	0	0	0	0	0	0	0	0	0	0	0	0	0	0	0	0	0	0	0	0	0	0	0	0	0	2003	0
LFQ	17	0	0	0	0	0	0	0	0	0	0	0	0	0	0	0	0	0	0	0	0	0	0	0	0	0	0	0	0	0	0	2003	0
LFQ	18	0	0	0	0	0	0	0	0	0	0	0	0	0	0	0	0	0	0	0	0	0	0	0	0	0	0	0	0	0	0	2003	0
LFQ	19	0	0	0	0	0	0	0	0	0	0	0	0	0	0	0	0	0	0	0	0	0	0	0	0	0	0	0	0	0	0	2003	0
LFQ	20	0	0	0	0	0	0	0	0	0	0	0	0	0	0	0	0	0	0	0	0	0	0	0	0	0	0	0	0	0	0	2003	0
LFQ	21	0	0	0	0	0	0	0	0	0	0	0	0	0	0	0	0	0	0	0	0	0	0	0	0	0	0	0	0	0	0	2003	0
LFQ	22	0	0	0	0	0	0	0	0	0	0	0	0	0	0	0	0	0	0	0	0	0	0	0	0	0	0	0	0	0	0	2003	0
LFQ	23	0	0	0	0	0	0	0	0	0	0	0	0	0	0	0	0	0	0	0	0	0	0	0	0	0	0	0	0	0	0	2003	0
LFQ	24	0	0	0	0	0	0	0	0	0	0	0	0	0	0	0	0	0	0	0	0	0	0	0	0	0	0	0	0	0	0	2003	0
LFQ	25	0	0	0	0	0	0	0	0	0	0	0	0	0	0	0	0	0	0	0	0	0	0	0	0	0	0	0	0	0	0	2003	0
LFQ	26	0	0	0	0	0	0	0	0	0	0	0	0	0	0	0	0	0	0	0	0	0	0	0	0	0	0	0	0	0	0	2003	0
LFQ	27	0	0	0	0	0	0	0	0	0	0	0	0	0	0	0	0	0	0	0	0	0	0	0	0	0	0	0	0	0	0	2003	0
LFQ	28	0	0	0	0	0	0	0	0	0	0	0	0	0	0	0	0	0	0	0	0	0	0	0	0	0	0	0	0	0	0	2003	0
LFQ	29	0	0	0	0	0	0	0	0	0	0	0	0	0	0	0	0	0	0	0	0	0	0	0	0	0	0	0	0	0	0	2003	0
LFQ	30	0	0	0	0	0	0	0	0	0	0	0	0	0	0	0	0	0	0	0	0	0	0	0	0	0	0	0	0	0	0	2003	0
LFQ	31	0	0	0	0	0	0	0	0	0	0	0	0	0	0	0	0	0	0	0	0	0	0	0	0	0	0	0	0	0	0	2003	0
LFQ	32	0	0	0	0	0	0	0	0	0	0	0	0	0	0	0	0	0	0	0	0	0	0	0	0	0	0	0	0	0	0	2003	0
LFQ	33	0	0	0	0	0	0	0	0	0	0	0	0	0	0	0	0	0	0	0	0	0	0	0	0	0	0	0	0	0	0	2003	0
LFQ	34	0	0	0	0	0	0	0	0	0	0	0	0	0	0	0	0	0	0	0	0	0	0	0	0	0	0	0	0	0	0	2003	0
LFQ	35	0	0	0	0	0	0	0	0	0	0	0	0	0	0	0	0	0	0	0	0	0	0	0	0	0	0	0	0	0	0	2003	0
LFQ	36	0	0	0	0	0	0	0	0	0	0	0	0	0	0	0	0	0	0	0	0	0	0	0	0	0	0	0	0	0	0	2003	0
LFQ	37	0	0	0	0	0	0	0	0	0	0	0	0	0	0	0	0	0	0	0	0	0	0	0	0	0	0	0	0	0	0	2003	0
LFQ	38	0	0	0	0	0	0	0	0	0	0	0	0	0	0	0	0	0	0	0	0	0	0	0	0	0	0	0	0	0	0	2003	0
LFQ	39	0	0	0	0	0	0	0	0	0	0	0	0	0	0	0	0	0	0	0	0	0	0	0	0	0	0	0	0	0	0	2003	0
LFQ	40	0	0	0	0	0	0	0	0	0	0	0	0	0	0	0	0	0	0	0	0	0	0	0	0	0	0	0	0	0	0	2003	0
LFQ	41	0	0	0	0	0	0	0	0	0	0	0	0	0	0	0	0	0	0	0	0	0	0	0	0	0	0	0	0	0	0	2003	0
LFQ	42	0	0	0	0	0	0	0	0	0	0	0	0	0	0	0	0	0	0	0	0	0	0	0	0	0	0	0	0	0	0	2003	0
LFQ	43	0	0	0	0	0	0	0	0	0	0	0	0	0	0	0	0	0	0	0	0	0	0	0	0	0	0	0	0	0	0	2003	0
LFQ	44	0	0	0	0	0	0	0	0	0	0	0	0	0	0	0	0	0	0	0	0	0	0	0	0	0	0	0	0	0	0	2003	0
LFQ	45	0	0	0	0	0	0	0	0	0	0	0	0	0	0	0	0	0	0	0	0	0	0	0	0	0	0	0	0	0	0	2003	0
LFQ	46	0	0	0	0	0	0	0	0	0	0	0	0	0	0	0	0	0	0	0	0	0	0	0	0	0	0	0	0	0	0	2003	0
LFQ	47	0	0	0	0	0	0	0	0	0	0	0	0	0	0	0	0	0	0	0	0	0	0	0	0	0	0	0	0	0	0	2003	0
LFQ	48	0	0	0	0	0	0	0	0	0	0	0	0	0	0	0	0	0	0	0	0	0	0	0	0	0	0	0	0	0	0	2003	0
LFQ	49	0	0	0	0	0	0	0	0	0	0	0	0	0	0	0	0	0	0	0	0	0	0	0	0	0	0	0	0	0	0	2003	0
LFQ	50	0	0	0	0	0	0	0	0	0	0	0	0	0	0	0	0	0	0	0	0	0	0	0	0	0	0	0	0	0	0	2003	0
LFQ	51	0	0	0	0	0	0	0	0	0	0	0	0	0	0	0	0	0	0	0	0	0	0	0	0	0	0	0	0	0	0	2003	0
LFQ	52	0	0	0	0	0	0	0	0	0	0	0	0	0	0	0	0	0	0	0	0	0	0	0	0	0	0	0	0	0	0	2003	0
LFQ	53	0	0	0	0	0	0	0	0	0	0	0	0	0	0	0	0	0	0	0	0	0	0	0	0	0	0	0	0	0	0	2003	0
LFQ	54	0	0	0	0	0	0	0	0	0	0	0	0	0	0	0	0	0	0	0	0	0	0	0	0	0	0	0	0	0	0	2003	0
LFQ	55	0	0	0	0	0	0	0	0	0	0	0	0	0	0	0	0	0	0	0	0	0	0	0	0	0	0	0	0	0	0	2003	0
LFQ	56	0	0	0	0	0	0	0	0	0	0	0	0	0	0	0	0	0	0	0	0	0	0	0	0	0	0	0	0	0	0	2003	0
LFQ	57	0	0	0	0	0	0	0	0	0	0	0	0	0	0	0	0	0	0	0	0	0	0	0	0	0	0	0	0	0	0	2003	0
LFQ	58	0	0	0	0	0	0	0	0	0	0	0	0	0	0	0	0	0	0	0	0	0	0	0	0	0	0	0	0	0	0	2003	0
LFQ	59	0	0	0	0	0	0	0	0	0	0	0	0	0	0	0	0	0	0	0	0	0	0	0	0	0	0	0	0	0	0	2003	0
LFQ	60	0	0	0	0	0	0	0	0	0	0	0	0	0	0	0	0	0	0	0	0	0	0	0	0	0	0	0	0	0	0	2003	0
LFQ	61	0	0	0	0	0	0	0	0	0	0	0	0	0	0	0	0	0	0	0	0	0	0	0	0	0	0	0	0	0	0	2003	0
LFQ	62	0	0	0	0	0	0	0	0	0	0	0	0	0	0	0	0	0	0	0	0	0	0	0	0	0	0	0	0	0	0	2003	0
LFQ	63	0	0	0	0	0	0	0	0	0	0	0	0	0	0	0	0	0	0	0	0	0	0	0	0	0	0	0	0	0	0	2003	0
LFQ	64	0	0	0	0	0	0	0	0	0	0	0	0	0	0	0	0	0	0	0	0	0	0	0	0	0	0	0	0	0	0	2003	0
LFQ	65	0	0	0	0	0	0	0	0	0	0	0	0	0	0	0	0	0	0	0	0	0	0	0	0	0	0	0	0	0	0	2003	0
LFQ	66	0	0	0	0	0	0	0	0	0	0	0	0	0	0	0	0	0	0	0	0	0	0	0	0	0	0	0	0	0	0	2003	0
LFQ	67	0	0	0	0	0	0	0	0	0	0	0	0	0	0	0	0	0	0	0	0	0	0	0	0	0	0	0	0	0	0	2003	0
LFQ	68	0	0	0	0	0	0	0	0	0	0	0	0	0	0	0	0	0	0	0	0	0	0	0	0	0	0	0	0	0	0	2003	0
LFQ	69	0	0	0	0	0	0	0	0	0	0	0	0	0	0	0	0	0	0	0	0	0	0	0	0	0	0	0	0	0	0	2003	0
LFQ	70	0	0	0	0	0	0	0	0	0	0	0	0	0	0	0	0	0	0	0	0	0	0	0	0	0	0	0	0	0	0	2003	0
LFQ	71	0	0	0	0	0	0	0	0	0	0	0	0	0	0	0	0	0	0	0	0	0	0	0	0	0	0	0	0	0	0	2003	0
LFQ	72	0	0	0	0	0	0	0	0	0	0	0	0	0	0	0	0	0	0	0	0	0	0	0	0	0	0	0	0	0	0	2003	0
LFQ	73	0	0	0	0	0	0	0	0	0	0	0	0	0	0	0	0	0	0	0	0	0	0	0	0	0	0	0	0	0	0	2003	0
LFQ	74	0	0	0	0	0	0	0	0	0	0	0	0	0	0	0	0	0	0	0	0	0	0	0	0	0	0	0	0	0	0	2003	0
LFQ	75	0	0	0	0	0	0	0	0	0	0	0	0	0	0	0	0	0	0	0	0	0	0	0	0	0	0	0	0	0	0	2003	0
LFQ	76	0	0	0	0	0	0	0	0	0	0	0	0	0	0	0	0	0	0	0	0	0	0	0	0	0	0	0	0	0	0	2003	0
LFQ	77	0	0	0	0	0	0	0	0	0	0	0	0	0	0	0	0	0	0	0	0	0	0	0	0	0	0	0	0	0	0	2003	0
LFQ	78	0	0	0	0	0	0	0	0	0	0	0	0	0	0	0	0	0	0	0	0	0	0	0	0	0	0	0	0	0	0	2003	0
LFQ	79	0	0	0	0	0	0	0	0	0	0	0	0	0	0	0	0	0	0	0	0	0	0	0	0	0	0	0	0	0	0	2003	0
LFQ	80	0	0	0	0	0	0	0	0	0	0	0	0	0	0	0	0	0	0	0	0	0	0	0	0	0	0	0	0	0	0	2003	0
LFQ	81	0	0	0	0	0	0	0	0	0	0	0	0	0	0	0	0	0	0	0	0	0	0	0	0	0	0	0	0	0	0	2003	0
LFQ	82	0	0	0	0	0	0	0	0	0	0	0	0	0	0	0	0	0	0	0	0	0	0	0	0	0	0	0	0	0	0	2003	0
LFQ	83	0	0	0	0	0	0	0	0	0	0	0	0	0	0	0	0	0	0	0	0	0	0	0	0	0	0	0	0	0	0	2003	0
LFQ	84	0	0	0	0	0	0	0	0	0	0	0	0	0	0	0	0	0	0	0	0	0	0	0	0	0	0	0	0	0	0	2003	0
LFQ	85	0	0	0	0	0	0	0	0	0	0	0	0	0	0	0	0	0	0	0	0	0	0	0	0	0	0	0	0	0	0	2003	0
LFQ	86	0	0	0	0	0	0	0	0	0	0	0	0	0	0	0	0	0	0	0	0	0	0	0	0	0	0	0	0	0	0	2003	0
LFQ	87	0	0	0	0	0	0	0	0	0	0	0	0	0	0	0	0	0	0	0	0	0	0	0	0	0	0	0	0	0	0	2003	0
LFQ	88	0	0	0	0	0	0	0	0	0	0	0	0	0	0	0	0	0	0	0	0	0	0	0	0	0	0	0	0	0	0	2003	0
LFQ	89	0	0	0	0	0	0	0	0	0	0	0	0	0	0	0	0	0	0	0	0	0	0	0	0	0	0	0	0	0	0	2003	0
LFQ	90	0	0	0	0	0	0	0	0	0	0	0	0	0	0	0	0	0	0	0	0	0	0	0	0	0	0	0	0	0	0	2003	0
LFQ	91	0	0	0	0	0	0	0	0	0	0	0	0	0	0	0	0	0	0	0	0	0	0	0	0	0	0	0	0	0	0	2003	0
LFQ	92	0	0	0	0	0	0	0	0	0	0	0	0	0	0	0	0	0	0	0	0	0	0	0	0	0	0	0	0	0	0	2003	0
LFQ	93	0	0	0	0	0	0	0	0	0	0	0	0	0	0	0	0	0	0	0	0	0	0	0	0	0	0	0	0	0	0	2003	0
LFQ	94	0	0	0	0	0	0	0	0	0	0	0	0	0	0	0	0	0	0	0	0	0	0	0	0	0	0	0	0	0	0	2003	0
LFQ	95	0	0	0	0	0	0	0	0	0	0	0	0	0	0	0	0	0	0	0	0	0	0	0	0	0	0	0	0	0	0	2003	0
LFQ	96	0	0	0	0	0	0	0	0	0	0	0	0	0	0	0	0	0	0	0	0	0	0	0	0	0	0	0	0	0	0	2003	0
LFQ	97	0	0	0	0	0	0	0	0	0	0	0	0	0	0	0	0	0	0	0	0	0	0	0	0	0	0	0	0	0	0	2003	0
LFQ	98	0	0	0	0	0	0	0	0	0	0	0	0	0	0	0	0	0	0	0	0	0	0	0	0	0	0	0	0	0	0	2003	0
LFQ	99	0	0	0	0	0	0	0	0	0	0	0	0	0	0	0	0	0	0	0	0	0	0	0	0	0	0	0	0	0	0	2003	0
LFQ	100	0	0	0	0	0	0	0	0	0	0	0	0	0	0	0	0	0	0	0	0	0	0	0	0	0	0	0	0	0	0	2003	0
LFQ	101	0	0	0	0	0	0	0	0	0	0	0	0	0	0	0	0	0	0	0	0	0	0	0	0	0	0	0	0	0	0	2003	0
LFQ	102	0	0	0	0	0	0	0	0	0	0	0	0	0	0	0	0	0	0	0	0	0	0	0	0	0	0	0	0	0	0	2003	0
LFQ	103	0	0	0	0	0	0	0	0	0	0	0	0	0	0	0	0	0	0	0	0	0	0	0	0	0	0	0	0	0	0	2003	0
LFQ	104	0	0	0	0	0	0	0	0	0	0	0	0	0	0	0	0	0	0	0	0	0	0	0	0	0	0	0	0	0	0	2003	0
LFQ	105	0	0	0	0	0	0	0	0	0	0	0	0	0	0	0	0	0	0	0	0	0	0	0	0	0	0	0	0	0	0	2003	0
LFQ	106	0	0	0	0	0	0	0	0	0	0	0	0	0	0	0	0	0	0	0	0	0	0	0	0	0	0	0	0	0	0	2003	0
LFQ	107	0	0	0	0	0	0	0	0	0	0	0	0	0	0	0	0	0	0	0	0	0	0	0	0	0	0	0	0	0	0	2003	0
LFQ	108	0	0	0	0	0	0	0	0	0	0	0	0	0	0	0	0	0	0	0	0	0	0	0	0	0	0	0	0	0	0	2003	0
LFQ	109	0	0	0	0	0	0	0	0	0	0	0	0	0	0	0	0	0	0	0	0	0	0	0	0	0	0	0	0	0	0	2003	0
LFQ	110	0	0	0	0	0	0	0	0	0	0	0	0	0	0	0	0	0	0	0	0	0	0	0	0	0	0	0	0	0	0	2003	0
LFQ	111	0	0	0	0	0	0	0	0	0	0	0	0	0	0	0	0	0	0	0	0	0	0	0	0	0	0	0	0	0	0	2003	0
LFQ	112	0	0	0	0	0	0	0	0	0	0	0	0	0	0	0	0	0	0	0	0	0	0	0	0	0	0	0	0	0	0	2003	0
LFQ	113	0	0	0	0	0	0	0	0	0	0	0	0	0	0	0	0	0	0	0	0	0	0	0	0	0	0	0	0	0	0	2003	0
LFQ	114	0	0	0	0	0	0	0	0	0	0	0	0	0	0	0	0	0	0	0	0	0	0	0	0	0	0	0	0	0	0	2003	0
LFQ	115	0	0	0	0	0	0	0	0	0	0	0	0	0	0	0	0	0	0	0	0	0	0	0	0	0	0	0	0	0	0	2003	0
LFQ	116	0	0	0	0	0	0	0	0	0	0	0	0	0	0	0	0	0	0	0	0	0	0	0	0	0	0	0	0	0	0	2003	0
LFQ	117	0	0	0	0	0	0	0	0	0	0	0	0	0	0	0	0	0	0	0	0	0	0	0	0	0	0	0	0	0	0	2003	0
LFQ	118	0	0	0	0	0	0	0	0	0	0	0	0	0	0	0	0	0	0	0	0	0	0	0	0	0	0	0	0	0	0	2003	0
LFQ	119	0	0	0	0	0	0	0	0	0	0	0	0	0	0	0	0	0	0	0	0	0	0	0	0	0	0	0	0	0	0	2003	0
LFQ	120	0	0	0	0	0	0	0	0	0	0	0	0	0	0	0	0	0	0	0	0	0	0	0	0	0	0	0	0	0	0	2003	0
LFQ	121	0	0	0	0	0	0	0	0	0	0	0	0	0	0	0	0	0	0	0	0	0	0	0	0	0	0	0	0	0	0	2003	0
LFQ	122	0	0	0	0	0	0	0	0	0	0	0	0	0	0	0	0	0	0	0	0	0	0	0	0	0	0	0	0	0	0	2003	0
LFQ	123	0	0	0	0	0	0	0	0	0	0	0	0	0	0	0	0	0	0	0	0	0	0	0	0	0	0	0	0	0	0	2003	0
LFQ	124	0	0	0	0	0	0	0	0	0	0	0	0	0	0	0	0	0	0	0	0	0	0	0	0	0	0	0	0	0	0	2003	0
LFQ	125	0	0	0	0	0	0	0	0	0	0	0	0	0	0	0	0	0	0	0	0	0	0	0	0	0	0	0	0	0	0	2003	0
LFQ	126	0	0	0	0	0	0	0	0	0	0	0	0	0	0	0	0	0	0	0	0	0	0	0	0	0	0	0	0	0	0	2003	0
LFQ	127	0	0	0	0	0	0	0	0	0	0	0	0	0	0	0	0	0	0	0	0	0	0	0	0	0	0	0	0	0	0	2003	0
LFQ	128	0	0	0	0	0	0	0	0	0	0	0	0	0	0	0	0	0	0	0	0	0	0	0	0	0	0	0	0	0	0	2003	0
LFQ	129	0	0	0	0	0	0	0	0	0	0	0	0	0	0	0	0	0	0	0	0	0	0	0	0	0	0	0	0	0	0	2003	0
LFQ	130	0	0	0	0	0	0	0	0	0	0	0	0	0	0	0	0	0	0	0	0	0	0	0	0	0	0	0	0	0	0	2003	0
LFQ	131	0	0	0	0	0	0	0	0	0	0	0	0	0	0	0	0	0	0	0	0	0	0	0	0	0	0	0	0	0	0	2003	0
LFQ	132	0	0	0	0	0	0	0	0	0	0	0	0	0	0	0	0	0	0	0	0	0	0	0	0	0	0	0	0	0	0	2003	0
LFQ	133	0	0	0	0	0	0	0	0	0	0	0	0	0	0	0	0	0	0	0	0	0	0	0	0	0	0	0	0	0	0	2003	0
LFQ	134	0	0	0	0	0	0	0	0	0	0	0	0	0	0	0	0	0	0	0	0	0	0	0	0	0	0	0	0	0	0	2003	0
LFQ	135	0	0	0	0	0	0	0	0	0	0	0	0	0	0	0	0	0	0	0	0	0	0	0	0	0	0	0	0	0	0	2003	0
LFQ	136	0	0	0	0	0	0	0	0	0	0	0	0	0	0	0	0	0	0	0	0	0	0	0	0	0	0	0	0	0	0	2003	0
LFQ	137	0	0	0	0	0	0	0	0	0	0	0	0	0	0	0	0	0	0	0	0	0	0	0	0	0	0	0	0	0	0	2003	0
LFQ	138	0	0	0	0	0	0	0	0	0	0	0	0	0	0	0	0	0	0	0	0	0	0	0	0	0	0	0	0	0	0	2003	0
LFQ	139	0	0	0	0	0	0	0	0	0	0	0	0	0	0	0	0	0	0	0	0	0	0	0	0	0	0	0	0	0	0	2003	0
LFQ	140	0	0	0	0	0	0	0	0	0	0	0	0	0	0	0	0	0	0	0	0	0	0	0	0	0	0	0	0	0	0	2003	0
LFQ	141	0	0	0	0	0	0	0	0	0	0	0	0	0	0	0	0	0	0	0	0	0	0	0	0	0	0	0	0	0	0	2003	0
LFQ	142	0	0	0	0	0	0	0	0	0	0	0	0	0	0	0	0	0	0	0	0	0	0	0	0	0	0	0	0	0	0	2003	0
LFQ	143	0	0	0	0	0	0	0	0	0	0	0	0	0	0	0	0	0	0	0	0	0	0	0	0	0	0	0	0	0	0	2003	0
LFQ	144	0	0	0	0	0	0	0	0	0	0	0	0	0	0	0	0	0	0	0	0	0	0	0	0	0	0	0	0	0	0	2003	0
LFQ	145	0	0	0	0	0	0	0	0	0	0	0	0	0	0	0	0	0	0	0	0	0	0	0	0	0	0	0	0	0	0	2003	0
LFQ	146	0	0	0	0	0	0	0	0	0	0	0	0	0	0	0	0	0	0	0	0	0	0	0	0	0	0	0	0	0	0	2003	0
LFQ	147	0	0	0	0	0	0	0	0	0	0	0	0	0	0	0	0	0	0	0	0	0	0	0	0	0	0	0	0	0	0	2003	0
LFQ	148	0	0	0	0	0	0	0	0	0	0	0	0	0	0	0	0	0	0	0	0	0	0	0	0	0	0	0	0	0	0	2003	0
LFQ	149	0	0	0	0	0	0	0	0	0	0	0	0	0	0	0	0	0	0	0	0	0	0	0	0	0	0	0	0	0	0	2003	0
LFQ	150	0	0	0	0	0	0	0	0	0	0	0	0	0	0	0	0	0	0	0	0	0	0	0	0	0	0	0	0	0	0	2003	0
# GC Content of first fragments. Use `grep ^GCF | cut -f 2-` to extract this part.
GCF	5.53	0
GCF	11.31	1
GCF	13.32	0
GCF	15.33	2
GCF	17.09	0
GCF	19.10	1
GCF	20.10	5
GCF	21.11	3
GCF	22.11	8
GCF	22.86	6
GCF	23.37	10
GCF	24.12	7
GCF	24.87	4
GCF	25.38	9
GCF	26.13	13
GCF	26.88	16
GCF	27.39	19
GCF	28.14	24
GCF	28.89	35
GCF	29.40	28
GCF	30.15	51
GCF	31.66	38
GCF	32.91	52
GCF	33.42	53
GCF	33.92	48
GCF	34.67	58
GCF	35.43	77
GCF	35.93	84
GCF	36.68	88
GCF	37.44	75
GCF	37.94	74
GCF	38.69	76
GCF	39.45	67
GCF	39.95	77
GCF	40.95	74
GCF	41.96	62
GCF	42.71	65
GCF	43.72	53
GCF	44.72	51
GCF	45.48	47
GCF	45.98	54
GCF	46.73	46
GCF	47.49	34
GCF	47.99	37
GCF	48.74	22
GCF	49.50	23
GCF	50.00	15
GCF	50.75	22
GCF	51.51	6
GCF	52.01	13
GCF	53.02	5
GCF	54.02	7
GCF	54.77	5
GCF	55.53	6
GCF	56.03	4
GCF	56.78	6
GCF	57.54	3
GCF	58.04	6
GCF	58.79	2
GCF	59.80	3
GCF	60.80	1
GCF	61.56	0
GCF	62.06	1
GCF	62.81	0
GCF	63.57	1
GCF	64.57	0
GCF	66.08	1
GCF	67.34	0
GCF	68.09	1
GCF	69.10	0
GCF	70.10	1
# GC Content of last fragments. Use `grep ^GCL | cut -f 2-` to extract this part.
GCL	6.28	0
GCL	12.81	1
GCL	14.07	0
GCL	15.33	1
GCL	16.58	0
GCL	18.09	1
GCL	19.10	2
GCL	20.10	1
GCL	20.85	2
GCL	21.36	1
GCL	22.11	3
GCL	22.86	13
GCL	23.37	3
GCL	24.12	11
GCL	24.87	13
GCL	25.38	8
GCL	26.13	17
GCL	26.88	20
GCL	27.39	24
GCL	28.14	28
GCL	28.89	30
GCL	29.90	34
GCL	30.90	39
GCL	31.41	51
GCL	32.16	49
GCL	32.91	61
GCL	33.42	62
GCL	33.92	56
GCL	34.67	66
GCL	35.43	81
GCL	35.93	62
GCL	36.68	83
GCL	37.44	67
GCL	37.94	56
GCL	38.69	67
GCL	39.45	66
GCL	39.95	72
GCL	40.70	71
GCL	41.46	56
GCL	41.96	71
GCL	42.71	53
GCL	43.47	60
GCL	43.97	52
GCL	44.72	59
GCL	45.48	48
GCL	45.98	36
GCL	46.73	47
GCL	47.49	44
GCL	47.99	34
GCL	48.74	23
GCL	49.50	29
GCL	50.00	14
GCL	50.75	10
GCL	51.51	18
GCL	52.51	10
GCL	53.52	13
GCL	54.02	8
GCL	54.77	5
GCL	55.53	6
GCL	56.03	5
GCL	57.04	7
GCL	58.04	2
GCL	58.79	3
GCL	59.80	5
GCL	60.80	1
GCL	61.56	2
GCL	63.07	0
GCL	64.82	1
GCL	66.58	0
GCL	68.09	1
# ACGT content per cycle. Use `grep ^GCC | cut -f 2-` to extract this part. The columns are: cycle; A,C,G,T base counts as a percentage of all A/C/G/T bases [%]; and N and O counts as a percentage of all A/C/G/T bases [%]
GCC	1	31.03	19.62	19.12	30.23	0.00	0.00
GCC	2	30.33	19.47	18.72	31.48	0.00	0.00
GCC	3	31.78	19.92	19.02	29.28	0.00	0.00
GCC	4	31.60	20.27	17.25	30.88	0.00	0.00
GCC	5	29.38	20.24	18.25	32.13	0.00	0.00
GCC	6	31.08	20.99	18.17	29.76	0.00	0.00
GCC	7	31.08	20.34	17.82	30.75	0.00	0.00
GCC	8	31.70	20.89	17.67	29.73	0.00	0.00
GCC	9	31.18	19.90	18.00	30.93	0.00	0.00
GCC	10	30.38	18.62	18.90	32.10	0.00	0.00
GCC	11	29.78	20.32	19.37	30.53	0.00	0.00
GCC	12	30.83	20.19	18.25	30.73	0.00	0.00
GCC	13	30.10	20.72	19.35	29.83	0.00	0.00
GCC	14	30.68	18.47	18.60	32.25	0.00	0.00
GCC	15	31.20	20.27	18.30	30.23	0.00	0.00
GCC	16	31.88	19.95	18.35	29.83	0.00	0.00
GCC	17	30.35	20.44	18.30	30.90	0.00	0.00
GCC	18	30.33	19.80	18.82	31.05	0.00	0.00
GCC	19	30.50	19.80	18.25	31.45	0.00	0.00
GCC	20	31.23	19.95	19.47	29.36	0.00	0.00
GCC	21	30.68	19.57	19.80	29.96	0.00	0.00
GCC	22	29.46	20.37	18.90	31.28	0.00	0.00
GCC	23	30.60	20.17	18.85	30.38	0.00	0.00
GCC	24	30.53	19.72	18.87	30.88	0.00	0.00
GCC	25	30.75	19.80	19.17	30.28	0.00	0.00
GCC	26	31.48	20.42	17.65	30.45	0.00	0.00
GCC	27	29.81	20.82	19.02	30.35	0.00	0.00
GCC	28	31.10	20.27	18.07	30.55	0.00	0.00
GCC	29	29.58	20.69	18.85	30.88	0.00	0.00
GCC	30	30.05	20.00	19.20	30.75	0.00	0.00
GCC	31	31.03	19.57	18.80	30.60	0.00	0.00
GCC	32	30.65	19.57	18.55	31.23	0.00	0.00
GCC	33	31.13	19.10	18.50	31.28	0.00	0.00
GCC	34	30.33	19.75	18.80	31.13	0.00	0.00
GCC	35	31.25	20.52	19.00	29.23	0.00	0.00
GCC	36	30.85	19.45	19.32	30.38	0.00	0.00
GCC	37	31.48	20.09	18.32	30.10	0.00	0.00
GCC	38	30.65	18.97	19.35	31.03	0.00	0.00
GCC	39	30.85	19.50	18.60	31.05	0.00	0.00
GCC	40	29.88	20.00	19.65	30.48	0.00	0.00
GCC	41	31.30	20.44	19.00	29.26	0.00	0.00
GCC	42	29.68	21.24	18.45	30.63	0.00	0.00
GCC	43	30.60	20.62	17.67	31.10	0.00	0.00
GCC	44	30.40	19.45	19.92	30.23	0.00	0.00
GCC	45	30.65	19.32	19.00	31.03	0.00	0.00
GCC	46	31.75	20.12	17.92	30.20	0.00	0.00
GCC	47	30.03	21.24	18.15	30.58	0.00	0.00
GCC	48	31.43	20.22	18.50	29.86	0.00	0.00
GCC	49	30.03	20.44	18.50	31.03	0.00	0.00
GCC	50	30.25	19.15	18.90	31.70	0.00	0.00
GCC	51	29.43	20.22	18.52	31.83	0.00	0.00
GCC	52	30.45	19.60	18.47	31.48	0.00	0.00
GCC	53	31.38	20.09	19.67	28.86	0.00	0.00
GCC	54	30.25	20.92	19.12	29.71	0.00	0.00
GCC	55	30.38	19.40	19.80	30.43	0.00	0.00
GCC	56	32.58	19.47	18.30	29.66	0.00	0.00
GCC	57	30.43	19.80	18.95	30.83	0.00	0.00
GCC	58	30.95	18.67	19.27	31.10	0.00	0.00
GCC	59	30.35	20.39	18.62	30.63	0.00	0.00
GCC	60	30.15	20.54	19.17	30.13	0.00	0.00
GCC	61	30.45	20.54	18.40	30.60	0.00	0.00
GCC	62	30.25	21.22	17.57	30.95	0.00	0.00
GCC	63	30.48	20.07	18.35	31.10	0.00	0.00
GCC	64	29.36	20.47	18.80	31.38	0.00	0.00
GCC	65	31.68	19.22	19.52	29.58	0.00	0.00
GCC	66	29.76	20.64	18.92	30.68	0.00	0.00
GCC	67	31.38	21.14	17.70	29.78	0.00	0.00
GCC	68	31.00	19.52	18.67	30.80	0.00	0.00
GCC	69	29.96	21.47	18.37	30.20	0.00	0.00
GCC	70	30.80	20.62	18.25	30.33	0.00	0.00
GCC	71	30.90	20.22	18.07	30.80	0.00	0.00
GCC	72	30.20	20.99	18.67	30.13	0.00	0.00
GCC	73	32.50	19.85	17.60	30.05	0.00	0.00
GCC	74	30.00	19.45	20.12	30.43	0.00	0.00
GCC	75	30.73	19.62	18.82	30.83	0.00	0.00
GCC	76	30.83	19.82	19.37	29.98	0.00	0.00
GCC	77	30.50	21.09	18.27	30.13	0.00	0.00
GCC	78	31.45	20.14	17.52	30.88	0.00	0.00
GCC	79	30.93	20.87	18.30	29.91	0.00	0.00
GCC	80	31.20	20.82	17.40	30.58	0.00	0.00
GCC	81	31.50	18.65	17.95	31.90	0.00	0.00
GCC	82	30.20	21.27	19.12	29.41	0.00	0.00
GCC	83	30.25	19.17	19.87	30.70	0.00	0.00
GCC	84	31.33	19.30	18.15	31.23	0.00	0.00
GCC	85	30.65	18.57	19.45	31.33	0.00	0.00
GCC	86	30.78	19.45	18.70	31.08	0.00	0.00
GCC	87	30.80	19.10	19.20	30.90	0.00	0.00
GCC	88	30.35	20.07	18.37	31.20	0.00	0.00
GCC	89	30.83	19.37	18.70	31.10	0.00	0.00
GCC	90	30.13	19.57	18.97	31.33	0.00	0.00
GCC	91	32.10	19.77	19.57	28.56	0.00	0.00
GCC	92	30.03	20.12	18.02	31.83	0.00	0.00
GCC	93	30.95	20.77	18.50	29.78	0.00	0.00
GCC	94	30.23	19.70	19.32	30.75	0.00	0.00
GCC	95	31.48	20.00	17.82	30.70	0.00	0.00
GCC	96	30.88	20.29	18.85	29.98	0.00	0.00
GCC	97	29.61	19.45	19.12	31.83	0.00	0.00
GCC	98	30.50	19.85	18.32	31.33	0.00	0.00
GCC	99	30.03	20.54	19.30	30.13	0.00	0.00
GCC	100	30.45	20.87	19.17	29.51	0.00	0.00
GCC	101	30.95	20.97	17.20	30.88	0.00	0.00
GCC	102	30.63	20.24	18.42	30.70	0.00	0.00
GCC	103	30.28	20.59	18.90	30.23	0.00	0.00
GCC	104	28.93	19.92	19.55	31.60	0.00	0.00
GCC	105	31.10	19.25	18.72	30.93	0.00	0.00
GCC	106	29.66	20.29	19.05	31.00	0.00	0.00
GCC	107	32.28	19.97	18.70	29.06	0.00	0.00
GCC	108	30.58	20.49	19.62	29.31	0.00	0.00
GCC	109	31.25	19.90	18.82	30.03	0.00	0.00
GCC	110	29.96	19.95	19.55	30.55	0.00	0.00
GCC	111	29.31	19.25	19.65	31.80	0.00	0.00
GCC	112	29.01	19.32	20.02	31.65	0.00	0.00
GCC	113	29.78	20.72	18.02	31.48	0.00	0.00
GCC	114	30.65	20.37	18.40	30.58	0.00	0.00
GCC	115	30.98	20.59	18.52	29.91	0.00	0.00
GCC	116	31.10	20.32	18.67	29.91	0.00	0.00
GCC	117	32.65	19.45	18.45	29.46	0.00	0.00
GCC	118	30.13	20.32	17.70	31.85	0.00	0.00
GCC	119	30.28	20.07	19.85	29.81	0.00	0.00
GCC	120	32.00	19.32	18.80	29.88	0.00	0.00
GCC	121	30.03	20.34	19.22	30.40	0.00	0.00
GCC	122	31.10	19.65	19.40	29.86	0.00	0.00
GCC	123	30.83	20.37	18.97	29.83	0.00	0.00
GCC	124	30.45	19.55	19.07	30.93	0.00	0.00
GCC	125	30.20	19.50	18.60	31.70	0.00	0.00
GCC	126	30.33	20.04	18.30	31.33	0.00	0.00
GCC	127	30.48	20.62	18.47	30.43	0.00	0.00
GCC	128	30.73	19.72	18.70	30.85	0.00	0.00
GCC	129	29.98	20.62	18.32	31.08	0.00	0.00
GCC	130	29.91	20.99	18.95	30.15	0.00	0.00
GCC	131	30.25	20.94	19.02	29.78	0.00	0.00
GCC	132	30.30	19.52	19.07	31.10	0.00	0.00
GCC	133	30.70	19.60	18.65	31.05	0.00	0.00
GCC	134	29.91	20.24	18.62	31.23	0.00	0.00
GCC	135	30.38	19.90	19.15	30.58	0.00	0.00
GCC	136	29.41	20.44	19.72	30.43	0.00	0.00
GCC	137	29.93	20.49	19.25	30.33	0.00	0.00
GCC	138	31.23	20.04	18.80	29.93	0.00	0.00
GCC	139	29.98	19.97	19.10	30.95	0.00	0.00
GCC	140	29.78	20.74	18.90	30.58	0.00	0.00
GCC	141	30.55	21.34	17.37	30.73	0.00	0.00
GCC	142	30.20	20.62	18.15	31.03	0.00	0.00
GCC	143	30.98	19.82	17.85	31.35	0.00	0.00
GCC	144	31.70	19.57	18.27	30.45	0.00	0.00
GCC	145	30.45	20.00	20.09	29.46	0.00	0.00
GCC	146	30.70	19.77	19.35	30.18	0.00	0.00
GCC	147	32.18	19.37	18.97	29.48	0.00	0.00
GCC	148	31.75	18.95	19.10	30.20	0.00	0.00
GCC	149	30.95	20.00	18.65	30.40	0.00	0.00
GCC	150	30.93	19.20	18.65	31.23	0.00	0.00
# ACGT content per cycle, read oriented. Use `grep ^GCT | cut -f 2-` to extract this part. The columns are: cycle; A,C,G,T base counts as a percentage of all A/C/G/T bases [%]
GCT	1	31.53	19.30	19.45	29.73
GCT	2	30.68	18.35	19.85	31.13
GCT	3	31.90	18.82	20.12	29.16
GCT	4	31.13	18.77	18.75	31.35
GCT	5	32.03	19.52	18.97	29.48
GCT	6	31.03	20.52	18.65	29.81
GCT	7	30.60	18.90	19.27	31.23
GCT	8	30.15	19.72	18.85	31.28
GCT	9	30.35	19.15	18.75	31.75
GCT	10	31.65	18.22	19.30	30.83
GCT	11	29.61	19.77	19.92	30.70
GCT	12	30.15	18.45	20.00	31.40
GCT	13	30.88	20.72	19.35	29.06
GCT	14	31.85	18.22	18.85	31.08
GCT	15	30.28	19.32	19.25	31.15
GCT	16	30.60	18.95	19.35	31.10
GCT	17	32.48	19.55	19.20	28.78
GCT	18	30.30	19.70	18.92	31.08
GCT	19	31.60	18.77	19.27	30.35
GCT	20	29.86	19.35	20.07	30.73
GCT	21	31.78	20.04	19.32	28.86
GCT	22	29.88	19.32	19.95	30.85
GCT	23	29.31	19.10	19.92	31.68
GCT	24	30.50	19.07	19.52	30.90
GCT	25	30.80	20.22	18.75	30.23
GCT	26	31.45	19.62	18.45	30.48
GCT	27	30.38	19.42	20.42	29.78
GCT	28	30.95	19.20	19.15	30.70
GCT	29	30.83	19.57	19.97	29.63
GCT	30	29.38	20.19	19.00	31.43
GCT	31	31.33	19.40	18.97	30.30
GCT	32	31.38	18.72	19.40	30.50
GCT	33	31.53	19.72	17.87	30.88
GCT	34	29.78	18.92	19.62	31.68
GCT	35	29.51	18.45	21.07	30.98
GCT	36	30.13	18.70	20.07	31.10
GCT	37	30.33	18.77	19.65	31.25
GCT	38	29.43	19.02	19.30	32.25
GCT	39	30.75	18.52	19.57	31.15
GCT	40	30.05	19.90	19.75	30.30
GCT	41	29.86	19.32	20.12	30.70
GCT	42	29.51	20.14	19.55	30.80
GCT	43	29.81	19.25	19.05	31.90
GCT	44	29.38	19.20	20.17	31.25
GCT	45	30.68	19.62	18.70	31.00
GCT	46	30.83	19.57	18.47	31.13
GCT	47	30.25	19.90	19.50	30.35
GCT	48	32.15	19.82	18.90	29.13
GCT	49	30.98	19.92	19.02	30.08
GCT	50	31.25	18.67	19.37	30.70
GCT	51	30.25	19.77	18.97	31.00
GCT	52	30.33	18.95	19.12	31.60
GCT	53	29.76	19.70	20.07	30.48
GCT	54	29.81	19.75	20.29	30.15
GCT	55	30.35	19.00	20.19	30.45
GCT	56	30.80	18.42	19.35	31.43
GCT	57	31.28	19.57	19.17	29.98
GCT	58	31.73	18.97	18.97	30.33
GCT	59	30.88	19.45	19.57	30.10
GCT	60	29.71	19.87	19.85	30.58
GCT	61	30.28	20.64	18.30	30.78
GCT	62	31.10	20.39	18.40	30.10
GCT	63	30.88	19.40	19.02	30.70
GCT	64	30.80	18.80	20.47	29.93
GCT	65	30.55	18.42	20.32	30.70
GCT	66	29.51	19.07	20.49	30.93
GCT	67	30.15	19.15	19.70	31.00
GCT	68	30.40	19.25	18.95	31.40
GCT	69	29.71	20.44	19.40	30.45
GCT	70	31.53	19.52	19.35	29.61
GCT	71	31.23	19.07	19.22	30.48
GCT	72	30.65	19.37	20.29	29.68
GCT	73	32.48	19.55	17.90	30.08
GCT	74	29.43	20.19	19.37	31.00
GCT	75	30.50	19.52	18.92	31.05
GCT	76	30.78	20.00	19.20	30.03
GCT	77	29.58	20.09	19.27	31.05
GCT	78	31.53	17.80	19.87	30.80
GCT	79	29.56	19.82	19.35	31.28
GCT	80	31.23	19.12	19.10	30.55
GCT	81	32.10	17.92	18.67	31.30
GCT	82	29.96	20.89	19.50	29.66
GCT	83	29.96	19.30	19.75	31.00
GCT	84	31.28	19.02	18.42	31.28
GCT	85	32.73	19.87	18.15	29.26
GCT	86	31.03	18.87	19.27	30.83
GCT	87	31.68	19.35	18.95	30.03
GCT	88	29.76	19.95	18.50	31.80
GCT	89	31.35	19.07	19.00	30.58
GCT	90	31.23	19.15	19.40	30.23
GCT	91	30.50	19.55	19.80	30.15
GCT	92	30.33	18.80	19.35	31.53
GCT	93	29.58	18.47	20.79	31.15
GCT	94	31.30	19.75	19.27	29.68
GCT	95	30.98	17.72	20.09	31.20
GCT	96	29.83	19.22	19.92	31.03
GCT	97	30.30	19.87	18.70	31.13
GCT	98	29.93	18.85	19.32	31.90
GCT	99	30.58	19.27	20.57	29.58
GCT	100	30.23	19.42	20.62	29.73
GCT	101	29.73	19.92	18.25	32.10
GCT	102	30.63	19.02	19.65	30.70
GCT	103	30.80	19.40	20.09	29.71
GCT	104	30.70	19.27	20.19	29.83
GCT	105	30.18	18.65	19.32	31.85
GCT	106	30.60	20.47	18.87	30.05
GCT	107	31.18	19.15	19.52	30.15
GCT	108	29.58	19.92	20.19	30.30
GCT	109	30.03	18.55	20.17	31.25
GCT	110	30.20	19.72	19.77	30.30
GCT	111	29.96	19.62	19.27	31.15
GCT	112	30.65	19.30	20.04	30.00
GCT	113	30.85	19.17	19.57	30.40
GCT	114	30.13	19.82	18.95	31.10
GCT	115	30.05	19.75	19.37	30.83
GCT	116	30.30	19.30	19.70	30.70
GCT	117	31.35	19.02	18.87	30.75
GCT	118	30.78	19.10	18.92	31.20
GCT	119	30.73	20.04	19.87	29.36
GCT	120	31.05	18.90	19.22	30.83
GCT	121	30.70	20.04	19.52	29.73
GCT	122	30.95	19.57	19.47	30.00
GCT	123	30.38	19.55	19.80	30.28
GCT	124	30.68	19.80	18.82	30.70
GCT	125	31.63	19.00	19.10	30.28
GCT	126	32.20	19.40	18.95	29.46
GCT	127	31.58	18.25	20.84	29.33
GCT	128	30.60	18.67	19.75	30.98
GCT	129	31.28	20.00	18.95	29.78
GCT	130	30.68	19.70	20.24	29.38
GCT	131	29.91	19.72	20.24	30.13
GCT	132	30.05	19.75	18.85	31.35
GCT	133	31.93	18.95	19.30	29.83
GCT	134	30.83	19.80	19.07	30.30
GCT	135	29.48	19.67	19.37	31.48
GCT	136	29.61	19.52	20.64	30.23
GCT	137	29.18	19.02	20.72	31.08
GCT	138	30.30	19.90	18.95	30.85
GCT	139	28.93	19.85	19.22	32.00
GCT	140	29.21	19.70	19.95	31.15
GCT	141	29.88	19.45	19.27	31.40
GCT	142	30.30	20.19	18.57	30.93
GCT	143	30.30	18.82	18.85	32.03
GCT	144	31.45	20.09	17.75	30.70
GCT	145	31.25	19.87	20.22	28.66
GCT	146	31.95	19.75	19.37	28.93
GCT	147	31.08	19.30	19.05	30.58
GCT	148	30.90	19.32	18.72	31.05
GCT	149	31.38	18.80	19.85	29.98
GCT	150	30.95	18.70	19.15	31.20
# ACGT content per cycle for first fragments. Use `grep ^FBC | cut -f 2-` to extract this part. The columns are: cycle; A,C,G,T base counts as a percentage of all A/C/G/T bases [%]; and N and O counts as a percentage of all A/C/G/T bases [%]
FBC	1	31.10	19.92	19.17	29.81	0.00	0.00
FBC	2	29.51	20.02	18.32	32.15	0.00	0.00
FBC	3	32.40	19.97	19.57	28.06	0.00	0.00
FBC	4	31.20	20.27	17.07	31.45	0.00	0.00
FBC	5	29.16	19.52	18.62	32.70	0.00	0.00
FBC	6	31.15	20.62	17.72	30.50	0.00	0.00
FBC	7	30.85	20.92	17.77	30.45	0.00	0.00
FBC	8	29.51	20.92	18.57	31.00	0.00	0.00
FBC	9	31.30	19.22	18.67	30.80	0.00	0.00
FBC	10	28.91	18.77	19.62	32.70	0.00	0.00
FBC	11	28.21	21.82	19.52	30.45	0.00	0.00
FBC	12	29.76	20.72	19.32	30.20	0.00	0.00
FBC	13	30.70	20.47	19.07	29.76	0.00	0.00
FBC	14	29.36	18.87	19.17	32.60	0.00	0.00
FBC	15	31.15	21.07	18.17	29.61	0.00	0.00
FBC	16	31.60	19.72	17.77	30.90	0.00	0.00
FBC	17	29.11	20.77	18.42	31.70	0.00	0.00
FBC	18	30.80	19.17	18.67	31.35	0.00	0.00
FBC	19	31.75	19.02	17.52	31.70	0.00	0.00
FBC	20	31.75	20.52	20.07	27.66	0.00	0.00
FBC	21	29.81	18.82	20.37	31.00	0.00	0.00
FBC	22	29.26	20.72	19.12	30.90	0.00	0.00
FBC	23	30.40	20.12	17.32	32.15	0.00	0.00
FBC	24	29.31	20.02	19.57	31.10	0.00	0.00
FBC	25	30.80	20.27	18.82	30.10	0.00	0.00
FBC	26	30.60	20.17	18.17	31.05	0.00	0.00
FBC	27	29.91	20.37	18.32	31.40	0.00	0.00
FBC	28	30.30	21.82	17.02	30.85	0.00	0.00
FBC	29	29.61	20.37	19.32	30.70	0.00	0.00
FBC	30	31.10	19.62	18.42	30.85	0.00	0.00
FBC	31	30.15	20.57	18.47	30.80	0.00	0.00
FBC	32	30.20	19.32	18.87	31.60	0.00	0.00
FBC	33	32.20	19.47	17.12	31.20	0.00	0.00
FBC	34	30.90	19.52	19.17	30.40	0.00	0.00
FBC	35	31.05	19.92	19.17	29.86	0.00	0.00
FBC	36	31.50	18.32	19.32	30.85	0.00	0.00
FBC	37	31.05	19.37	18.62	30.95	0.00	0.00
FBC	38	30.75	18.62	20.87	29.76	0.00	0.00
FBC	39	30.95	19.82	18.87	30.35	0.00	0.00
FBC	40	30.65	20.42	19.22	29.71	0.00	0.00
FBC	41	32.20	20.77	18.37	28.66	0.00	0.00
FBC	42	29.76	22.27	18.17	29.81	0.00	0.00
FBC	43	31.55	21.57	17.72	29.16	0.00	0.00
FBC	44	30.45	18.72	19.62	31.20	0.00	0.00
FBC	45	31.60	18.12	19.17	31.10	0.00	0.00
FBC	46	31.50	19.57	18.32	30.60	0.00	0.00
FBC	47	30.90	20.57	17.92	30.60	0.00	0.00
FBC	48	32.35	19.32	19.02	29.31	0.00	0.00
FBC	49	28.56	20.22	19.37	31.85	0.00	0.00
FBC	50	30.60	19.62	18.97	30.80	0.00	0.00
FBC	51	29.61	19.62	19.42	31.35	0.00	0.00
FBC	52	30.80	19.57	18.77	30.85	0.00	0.00
FBC	53	31.15	21.27	20.07	27.51	0.00	0.00
FBC	54	30.05	21.27	19.12	29.56	0.00	0.00
FBC	55	30.70	20.22	19.67	29.41	0.00	0.00
FBC	56	33.55	19.52	17.57	29.36	0.00	0.00
FBC	57	30.15	20.72	19.02	30.10	0.00	0.00
FBC	58	30.65	18.77	19.17	31.40	0.00	0.00
FBC	59	31.20	19.37	18.62	30.80	0.00	0.00
FBC	60	31.15	21.22	18.32	29.31	0.00	0.00
FBC	61	30.80	21.17	18.02	30.00	0.00	0.00
FBC	62	30.55	21.42	17.97	30.05	0.00	0.00
FBC	63	30.40	20.32	17.92	31.35	0.00	0.00
FBC	64	29.81	20.52	19.37	30.30	0.00	0.00
FBC	65	32.00	19.02	19.07	29.91	0.00	0.00
FBC	66	29.11	19.72	18.67	32.50	0.00	0.00
FBC	67	31.50	21.37	18.17	28.96	0.00	0.00
FBC	68	32.10	18.22	19.02	30.65	0.00	0.00
FBC	69	29.46	20.57	18.77	31.20	0.00	0.00
FBC	70	30.80	20.92	18.47	29.81	0.00	0.00
FBC	71	30.45	20.37	18.27	30.90	0.00	0.00
FBC	72	29.16	21.57	18.92	30.35	0.00	0.00
FBC	73	31.05	20.07	17.17	31.70	0.00	0.00
FBC	74	29.46	18.92	21.57	30.05	0.00	0.00
FBC	75	29.36	20.42	19.22	31.00	0.00	0.00
FBC	76	30.80	19.67	19.22	30.30	0.00	0.00
FBC	77	30.20	20.72	18.57	30.50	0.00	0.00
FBC	78	31.65	19.72	17.72	30.90	0.00	0.00
FBC	79	30.95	21.17	17.77	30.10	0.00	0.00
FBC	80	31.80	20.07	17.02	31.10	0.00	0.00
FBC	81	33.30	17.62	16.97	32.10	0.00	0.00
FBC	82	30.80	21.97	19.67	27.56	0.00	0.00
FBC	83	30.65	18.87	19.62	30.85	0.00	0.00
FBC	84	30.60	19.92	18.52	30.95	0.00	0.00
FBC	85	31.85	18.12	19.47	30.55	0.00	0.00
FBC	86	31.40	18.22	19.27	31.10	0.00	0.00
FBC	87	30.95	19.22	18.97	30.85	0.00	0.00
FBC	88	29.36	20.52	18.52	31.60	0.00	0.00
FBC	89	30.20	18.92	18.92	31.95	0.00	0.00
FBC	90	29.71	20.02	18.22	32.05	0.00	0.00
FBC	91	32.20	19.17	19.42	29.21	0.00	0.00
FBC	92	31.85	19.52	16.97	31.65	0.00	0.00
FBC	93	30.75	20.62	19.22	29.41	0.00	0.00
FBC	94	30.25	20.32	19.37	30.05	0.00	0.00
FBC	95	31.60	19.97	17.57	30.85	0.00	0.00
FBC	96	30.60	19.32	20.12	29.96	0.00	0.00
FBC	97	30.45	18.72	18.82	32.00	0.00	0.00
FBC	98	31.25	19.72	18.62	30.40	0.00	0.00
FBC	99	29.46	20.82	18.37	31.35	0.00	0.00
FBC	100	30.60	20.47	19.72	29.21	0.00	0.00
FBC	101	32.50	19.77	17.37	30.35	0.00	0.00
FBC	102	31.25	20.17	17.77	30.80	0.00	0.00
FBC	103	30.25	21.07	19.07	29.61	0.00	0.00
FBC	104	29.61	19.57	19.62	31.20	0.00	0.00
FBC	105	32.35	17.57	18.42	31.65	0.00	0.00
FBC	106	30.20	20.17	18.87	30.75	0.00	0.00
FBC	107	31.55	19.62	18.92	29.91	0.00	0.00
FBC	108	30.65	21.62	19.52	28.21	0.00	0.00
FBC	109	31.55	19.17	20.57	28.71	0.00	0.00
FBC	110	29.06	20.97	18.52	31.45	0.00	0.00
FBC	111	29.21	20.12	18.32	32.35	0.00	0.00
FBC	112	28.61	19.27	19.62	32.50	0.00	0.00
FBC	113	30.10	19.72	18.57	31.60	0.00	0.00
FBC	114	31.80	19.97	18.77	29.46	0.00	0.00
FBC	115	31.80	20.12	18.77	29.31	0.00	0.00
FBC	116	30.60	20.42	19.27	29.71	0.00	0.00
FBC	117	32.35	20.07	17.82	29.76	0.00	0.00
FBC	118	29.11	20.92	18.92	31.05	0.00	0.00
FBC	119	30.80	20.42	19.87	28.91	0.00	0.00
FBC	120	33.10	19.32	18.27	29.31	0.00	0.00
FBC	121	30.25	20.27	19.57	29.91	0.00	0.00
FBC	122	31.35	19.87	19.17	29.61	0.00	0.00
FBC	123	29.56	19.52	20.02	30.90	0.00	0.00
FBC	124	29.96	20.17	19.52	30.35	0.00	0.00
FBC	125	29.71	19.47	19.07	31.75	0.00	0.00
FBC	126	31.15	19.72	18.72	30.40	0.00	0.00
FBC	127	30.85	20.32	19.07	29.76	0.00	0.00
FBC	128	31.30	19.87	18.82	30.00	0.00	0.00
FBC	129	30.40	20.02	18.97	30.60	0.00	0.00
FBC	130	29.51	21.02	19.47	30.00	0.00	0.00
FBC	131	30.70	20.57	18.62	30.10	0.00	0.00
FBC	132	30.70	19.57	19.42	30.30	0.00	0.00
FBC	133	31.35	20.07	18.07	30.50	0.00	0.00
FBC	134	30.85	19.22	18.92	31.00	0.00	0.00
FBC	135	30.85	19.07	19.07	31.00	0.00	0.00
FBC	136	29.16	19.57	20.87	30.40	0.00	0.00
FBC	137	30.00	20.22	19.27	30.50	0.00	0.00
FBC	138	31.75	20.92	18.67	28.66	0.00	0.00
FBC	139	29.31	20.72	19.02	30.95	0.00	0.00
FBC	140	29.71	20.22	19.37	30.70	0.00	0.00
FBC	141	30.60	20.37	18.82	30.20	0.00	0.00
FBC	142	29.61	20.62	18.62	31.15	0.00	0.00
FBC	143	31.90	19.27	18.27	30.55	0.00	0.00
FBC	144	31.35	19.22	18.67	30.75	0.00	0.00
FBC	145	30.75	19.52	21.37	28.36	0.00	0.00
FBC	146	30.60	20.27	18.87	30.25	0.00	0.00
FBC	147	32.55	18.27	19.12	30.05	0.00	0.00
FBC	148	31.25	19.27	19.82	29.66	0.00	0.00
FBC	149	31.95	19.77	17.82	30.45	0.00	0.00
FBC	150	30.90	19.12	19.17	30.80	0.00	0.00
# ACGT raw counters for first fragments. Use `grep ^FTC | cut -f 2-` to extract this part. The columns are: A,C,G,T,N base counters
FTC	92219	60018	56564	91649	0
# ACGT content per cycle for last fragments. Use `grep ^LBC | cut -f 2-` to extract this part. The columns are: cycle; A,C,G,T base counts as a percentage of all A/C/G/T bases [%]; and N and O counts as a percentage of all A/C/G/T bases [%]
LBC	1	30.95	19.32	19.07	30.65	0.00	0.00
LBC	2	31.15	18.92	19.12	30.80	0.00	0.00
LBC	3	31.15	19.87	18.47	30.50	0.00	0.00
LBC	4	32.00	20.27	17.42	30.30	0.00	0.00
LBC	5	29.61	20.97	17.87	31.55	0.00	0.00
LBC	6	31.00	21.37	18.62	29.01	0.00	0.00
LBC	7	31.30	19.77	17.87	31.05	0.00	0.00
LBC	8	33.90	20.87	16.77	28.46	0.00	0.00
LBC	9	31.05	20.57	17.32	31.05	0.00	0.00
LBC	10	31.85	18.47	18.17	31.50	0.00	0.00
LBC	11	31.35	18.82	19.22	30.60	0.00	0.00
LBC	12	31.90	19.67	17.17	31.25	0.00	0.00
LBC	13	29.51	20.97	19.62	29.91	0.00	0.00
LBC	14	32.00	18.07	18.02	31.90	0.00	0.00
LBC	15	31.25	19.47	18.42	30.85	0.00	0.00
LBC	16	32.15	20.17	18.92	28.76	0.00	0.00
LBC	17	31.60	20.12	18.17	30.10	0.00	0.00
LBC	18	29.86	20.42	18.97	30.75	0.00	0.00
LBC	19	29.26	20.57	18.97	31.20	0.00	0.00
LBC	20	30.70	19.37	18.87	31.05	0.00	0.00
LBC	21	31.55	20.32	19.22	28.91	0.00	0.00
LBC	22	29.66	20.02	18.67	31.65	0.00	0.00
LBC	23	30.80	20.22	20.37	28.61	0.00	0.00
LBC	24	31.75	19.42	18.17	30.65	0.00	0.00
LBC	25	30.70	19.32	19.52	30.45	0.00	0.00
LBC	26	32.35	20.67	17.12	29.86	0.00	0.00
LBC	27	29.71	21.27	19.72	29.31	0.00	0.00
LBC	28	31.90	18.72	19.12	30.25	0.00	0.00
LBC	29	29.56	21.02	18.37	31.05	0.00	0.00
LBC	30	29.01	20.37	19.97	30.65	0.00	0.00
LBC	31	31.90	18.57	19.12	30.40	0.00	0.00
LBC	32	31.10	19.82	18.22	30.85	0.00	0.00
LBC	33	30.05	18.72	19.87	31.35	0.00	0.00
LBC	34	29.76	19.97	18.42	31.85	0.00	0.00
LBC	35	31.45	21.12	18.82	28.61	0.00	0.00
LBC	36	30.20	20.57	19.32	29.91	0.00	0.00
LBC	37	31.90	20.82	18.02	29.26	0.00	0.00
LBC	38	30.55	19.32	17.82	32.30	0.00	0.00
LBC	39	30.75	19.17	18.32	31.75	0.00	0.00
LBC	40	29.11	19.57	20.07	31.25	0.00	0.00
LBC	41	30.40	20.12	19.62	29.86	0.00	0.00
LBC	42	29.61	20.22	18.72	31.45	0.00	0.00
LBC	43	29.66	19.67	17.62	33.05	0.00	0.00
LBC	44	30.35	20.17	20.22	29.26	0.00	0.00
LBC	45	29.71	20.52	18.82	30.95	0.00	0.00
LBC	46	32.00	20.67	17.52	29.81	0.00	0.00
LBC	47	29.16	21.92	18.37	30.55	0.00	0.00
LBC	48	30.50	21.12	17.97	30.40	0.00	0.00
LBC	49	31.50	20.67	17.62	30.20	0.00	0.00
LBC	50	29.91	18.67	18.82	32.60	0.00	0.00
LBC	51	29.26	20.82	17.62	32.30	0.00	0.00
LBC	52	30.10	19.62	18.17	32.10	0.00	0.00
LBC	53	31.60	18.92	19.27	30.20	0.00	0.00
LBC	54	30.45	20.57	19.12	29.86	0.00	0.00
LBC	55	30.05	18.57	19.92	31.45	0.00	0.00
LBC	56	31.60	19.42	19.02	29.96	0.00	0.00
LBC	57	30.70	18.87	18.87	31.55	0.00	0.00
LBC	58	31.25	18.57	19.37	30.80	0.00	0.00
LBC	59	29.51	21.42	18.62	30.45	0.00	0.00
LBC	60	29.16	19.87	20.02	30.95	0.00	0.00
LBC	61	30.10	19.92	18.77	31.20	0.00	0.00
LBC	62	29.96	21.02	17.17	31.85	0.00	0.00
LBC	63	30.55	19.82	18.77	30.85	0.00	0.00
LBC	64	28.91	20.42	18.22	32.45	0.00	0.00
LBC	65	31.35	19.42	19.97	29.26	0.00	0.00
LBC	66	30.40	21.57	19.17	28.86	0.00	0.00
LBC	67	31.25	20.92	17.22	30.60	0.00	0.00
LBC	68	29.91	20.82	18.32	30.95	0.00	0.00
LBC	69	30.45	22.37	17.97	29.21	0.00	0.00
LBC	70	30.80	20.32	18.02	30.85	0.00	0.00
LBC	71	31.35	20.07	17.87	30.70	0.00	0.00
LBC	72	31.25	20.42	18.42	29.91	0.00	0.00
LBC	73	33.95	19.62	18.02	28.41	0.00	0.00
LBC	74	30.55	19.97	18.67	30.80	0.00	0.00
LBC	75	32.10	18.82	18.42	30.65	0.00	0.00
LBC	76	30.85	19.97	19.52	29.66	0.00	0.00
LBC	77	30.80	21.47	17.97	29.76	0.00	0.00
LBC	78	31.25	20.57	17.32	30.85	0.00	0.00
LBC	79	30.90	20.57	18.82	29.71	0.00	0.00
LBC	80	30.60	21.57	17.77	30.05	0.00	0.00
LBC	81	29.71	19.67	18.92	31.70	0.00	0.00
LBC	82	29.61	20.57	18.57	31.25	0.00	0.00
LBC	83	29.86	19.47	20.12	30.55	0.00	0.00
LBC	84	32.05	18.67	17.77	31.50	0.00	0.00
LBC	85	29.46	19.02	19.42	32.10	0.00	0.00
LBC	86	30.15	20.67	18.12	31.05	0.00	0.00
LBC	87	30.65	18.97	19.42	30.95	0.00	0.00
LBC	88	31.35	19.62	18.22	30.80	0.00	0.00
LBC	89	31.45	19.82	18.47	30.25	0.00	0.00
LBC	90	30.55	19.12	19.72	30.60	0.00	0.00
LBC	91	32.00	20.37	19.72	27.91	0.00	0.00
LBC	92	28.21	20.72	19.07	32.00	0.00	0.00
LBC	93	31.15	20.92	17.77	30.15	0.00	0.00
LBC	94	30.20	19.07	19.27	31.45	0.00	0.00
LBC	95	31.35	20.02	18.07	30.55	0.00	0.00
LBC	96	31.15	21.27	17.57	30.00	0.00	0.00
LBC	97	28.76	20.17	19.42	31.65	0.00	0.00
LBC	98	29.76	19.97	18.02	32.25	0.00	0.00
LBC	99	30.60	20.27	20.22	28.91	0.00	0.00
LBC	100	30.30	21.27	18.62	29.81	0.00	0.00
LBC	101	29.41	22.17	17.02	31.40	0.00	0.00
LBC	102	30.00	20.32	19.07	30.60	0.00	0.00
LBC	103	30.30	20.12	18.72	30.85	0.00	0.00
LBC	104	28.26	20.27	19.47	32.00	0.00	0.00
LBC	105	29.86	20.92	19.02	30.20	0.00	0.00
LBC	106	29.11	20.42	19.22	31.25	0.00	0.00
LBC	107	33.00	20.32	18.47	28.21	0.00	0.00
LBC	108	30.50	19.37	19.72	30.40	0.00	0.00
LBC	109	30.95	20.62	17.07	31.35	0.00	0.00
LBC	110	30.85	18.92	20.57	29.66	0.00	0.00
LBC	111	29.41	18.37	20.97	31.25	0.00	0.00
LBC	112	29.41	19.37	20.42	30.80	0.00	0.00
LBC	113	29.46	21.72	17.47	31.35	0.00	0.00
LBC	114	29.51	20.77	18.02	31.70	0.00	0.00
LBC	115	30.15	21.07	18.27	30.50	0.00	0.00
LBC	116	31.60	20.22	18.07	30.10	0.00	0.00
LBC	117	32.95	18.82	19.07	29.16	0.00	0.00
LBC	118	31.15	19.72	16.48	32.65	0.00	0.00
LBC	119	29.76	19.72	19.82	30.70	0.00	0.00
LBC	120	30.90	19.32	19.32	30.45	0.00	0.00
LBC	121	29.81	20.42	18.87	30.90	0.00	0.00
LBC	122	30.85	19.42	19.62	30.10	0.00	0.00
LBC	123	32.10	21.22	17.92	28.76	0.00	0.00
LBC	124	30.95	18.92	18.62	31.50	0.00	0.00
LBC	125	30.70	19.52	18.12	31.65	0.00	0.00
LBC	126	29.51	20.37	17.87	32.25	0.00	0.00
LBC	127	30.10	20.92	17.87	31.10	0.00	0.00
LBC	128	30.15	19.57	18.57	31.70	0.00	0.00
LBC	129	29.56	21.22	17.67	31.55	0.00	0.00
LBC	130	30.30	20.97	18.42	30.30	0.00	0.00
LBC	131	29.81	21.32	19.42	29.46	0.00	0.00
LBC	132	29.91	19.47	18.72	31.90	0.00	0.00
LBC	133	30.05	19.12	19.22	31.60	0.00	0.00
LBC	134	28.96	21.27	18.32	31.45	0.00	0.00
LBC	135	29.91	20.72	19.22	30.15	0.00	0.00
LBC	136	29.66	21.32	18.57	30.45	0.00	0.00
LBC	137	29.86	20.77	19.22	30.15	0.00	0.00
LBC	138	30.70	19.17	18.92	31.20	0.00	0.00
LBC	139	30.65	19.22	19.17	30.95	0.00	0.00
LBC	140	29.86	21.27	18.42	30.45	0.00	0.00
LBC	141	30.50	22.32	15.93	31.25	0.00	0.00
LBC	142	30.80	20.62	17.67	30.90	0.00	0.00
LBC	143	30.05	20.37	17.42	32.15	0.00	0.00
LBC	144	32.05	19.92	17.87	30.15	0.00	0.00
LBC	145	30.15	20.47	18.82	30.55	0.00	0.00
LBC	146	30.80	19.27	19.82	30.10	0.00	0.00
LBC	147	31.80	20.47	18.82	28.91	0.00	0.00
LBC	148	32.25	18.62	18.37	30.75	0.00	0.00
LBC	149	29.96	20.22	19.47	30.35	0.00	0.00
LBC	150	30.95	19.27	18.12	31.65	0.00	0.00
# ACGT raw counters for last fragments. Use `grep ^LTC | cut -f 2-` to extract this part. The columns are: A,C,G,T,N base counters
LTC	91913	60431	55986	92120	0
# Insert sizes. Use `grep ^IS | cut -f 2-` to extract this part. The columns are: insert size, pairs total, inward oriented pairs, outward oriented pairs, other pairs
IS	0	0	0	0	0
IS	1	0	0	0	0
IS	2	0	0	0	0
IS	3	0	0	0	0
IS	4	0	0	0	0
IS	5	0	0	0	0
IS	6	0	0	0	0
IS	7	0	0	0	0
IS	8	0	0	0	0
IS	9	0	0	0	0
IS	10	0	0	0	0
IS	11	0	0	0	0
IS	12	0	0	0	0
IS	13	0	0	0	0
IS	14	0	0	0	0
IS	15	0	0	0	0
IS	16	0	0	0	0
IS	17	0	0	0	0
IS	18	0	0	0	0
IS	19	0	0	0	0
IS	20	0	0	0	0
IS	21	0	0	0	0
IS	22	0	0	0	0
IS	23	0	0	0	0
IS	24	0	0	0	0
IS	25	0	0	0	0
IS	26	0	0	0	0
IS	27	0	0	0	0
IS	28	0	0	0	0
IS	29	0	0	0	0
IS	30	0	0	0	0
IS	31	0	0	0	0
IS	32	0	0	0	0
IS	33	0	0	0	0
IS	34	0	0	0	0
IS	35	0	0	0	0
IS	36	0	0	0	0
IS	37	0	0	0	0
IS	38	0	0	0	0
IS	39	0	0	0	0
IS	40	0	0	0	0
IS	41	0	0	0	0
IS	42	0	0	0	0
IS	43	0	0	0	0
IS	44	0	0	0	0
IS	45	0	0	0	0
IS	46	0	0	0	0
IS	47	0	0	0	0
IS	48	0	0	0	0
IS	49	0	0	0	0
IS	50	0	0	0	0
IS	51	0	0	0	0
IS	52	0	0	0	0
IS	53	0	0	0	0
IS	54	0	0	0	0
IS	55	0	0	0	0
IS	56	0	0	0	0
IS	57	0	0	0	0
IS	58	0	0	0	0
IS	59	0	0	0	0
IS	60	0	0	0	0
IS	61	0	0	0	0
IS	62	0	0	0	0
IS	63	0	0	0	0
IS	64	0	0	0	0
IS	65	0	0	0	0
IS	66	0	0	0	0
IS	67	0	0	0	0
IS	68	0	0	0	0
IS	69	0	0	0	0
IS	70	0	0	0	0
IS	71	0	0	0	0
IS	72	0	0	0	0
IS	73	0	0	0	0
IS	74	0	0	0	0
IS	75	0	0	0	0
IS	76	0	0	0	0
IS	77	0	0	0	0
IS	78	0	0	0	0
IS	79	0	0	0	0
IS	80	0	0	0	0
IS	81	0	0	0	0
IS	82	0	0	0	0
IS	83	0	0	0	0
IS	84	0	0	0	0
IS	85	0	0	0	0
IS	86	0	0	0	0
IS	87	0	0	0	0
IS	88	0	0	0	0
IS	89	0	0	0	0
IS	90	0	0	0	0
IS	91	0	0	0	0
IS	92	0	0	0	0
IS	93	0	0	0	0
IS	94	0	0	0	0
IS	95	0	0	0	0
IS	96	0	0	0	0
IS	97	0	0	0	0
IS	98	0	0	0	0
IS	99	0	0	0	0
IS	100	0	0	0	0
IS	101	0	0	0	0
IS	102	0	0	0	0
IS	103	0	0	0	0
IS	104	0	0	0	0
IS	105	0	0	0	0
IS	106	0	0	0	0
IS	107	0	0	0	0
IS	108	0	0	0	0
IS	109	0	0	0	0
IS	110	0	0	0	0
IS	111	0	0	0	0
IS	112	0	0	0	0
IS	113	0	0	0	0
IS	114	0	0	0	0
IS	115	0	0	0	0
IS	116	0	0	0	0
IS	117	0	0	0	0
IS	118	0	0	0	0
IS	119	0	0	0	0
IS	120	0	0	0	0
IS	121	0	0	0	0
IS	122	0	0	0	0
IS	123	0	0	0	0
IS	124	0	0	0	0
IS	125	0	0	0	0
IS	126	0	0	0	0
IS	127	0	0	0	0
IS	128	0	0	0	0
IS	129	0	0	0	0
IS	130	0	0	0	0
IS	131	0	0	0	0
IS	132	0	0	0	0
IS	133	0	0	0	0
IS	134	0	0	0	0
IS	135	0	0	0	0
IS	136	0	0	0	0
IS	137	0	0	0	0
IS	138	0	0	0	0
IS	139	0	0	0	0
IS	140	0	0	0	0
IS	141	0	0	0	0
IS	142	0	0	0	0
IS	143	0	0	0	0
IS	144	0	0	0	0
IS	145	0	0	0	0
IS	146	0	0	0	0
IS	147	0	0	0	0
IS	148	0	0	0	0
IS	149	0	0	0	0
IS	150	0	0	0	0
IS	151	0	0	0	0
IS	152	0	0	0	0
IS	153	0	0	0	0
IS	154	0	0	0	0
IS	155	0	0	0	0
IS	156	0	0	0	0
IS	157	0	0	0	0
IS	158	0	0	0	0
IS	159	0	0	0	0
IS	160	0	0	0	0
IS	161	0	0	0	0
IS	162	0	0	0	0
IS	163	0	0	0	0
IS	164	0	0	0	0
IS	165	0	0	0	0
IS	166	0	0	0	0
IS	167	0	0	0	0
IS	168	0	0	0	0
IS	169	0	0	0	0
IS	170	0	0	0	0
IS	171	0	0	0	0
IS	172	0	0	0	0
IS	173	0	0	0	0
IS	174	0	0	0	0
IS	175	0	0	0	0
IS	176	0	0	0	0
IS	177	0	0	0	0
IS	178	0	0	0	0
IS	179	0	0	0	0
IS	180	0	0	0	0
IS	181	0	0	0	0
IS	182	0	0	0	0
IS	183	0	0	0	0
IS	184	0	0	0	0
IS	185	0	0	0	0
IS	186	0	0	0	0
IS	187	0	0	0	0
IS	188	0	0	0	0
IS	189	0	0	0	0
IS	190	0	0	0	0
IS	191	0	0	0	0
IS	192	0	0	0	0
IS	193	0	0	0	0
IS	194	0	0	0	0
IS	195	0	0	0	0
IS	196	0	0	0	0
IS	197	0	0	0	0
IS	198	0	0	0	0
IS	199	0	0	0	0
IS	200	0	0	0	0
IS	201	0	0	0	0
IS	202	0	0	0	0
IS	203	0	0	0	0
IS	204	0	0	0	0
IS	205	0	0	0	0
IS	206	0	0	0	0
IS	207	0	0	0	0
IS	208	0	0	0	0
IS	209	0	0	0	0
IS	210	0	0	0	0
IS	211	0	0	0	0
IS	212	0	0	0	0
IS	213	0	0	0	0
IS	214	0	0	0	0
IS	215	0	0	0	0
IS	216	0	0	0	0
IS	217	0	0	0	0
IS	218	0	0	0	0
IS	219	0	0	0	0
IS	220	0	0	0	0
IS	221	0	0	0	0
IS	222	0	0	0	0
IS	223	0	0	0	0
IS	224	0	0	0	0
IS	225	0	0	0	0
IS	226	0	0	0	0
IS	227	0	0	0	0
IS	228	0	0	0	0
IS	229	0	0	0	0
IS	230	0	0	0	0
IS	231	0	0	0	0
IS	232	0	0	0	0
IS	233	0	0	0	0
IS	234	0	0	0	0
IS	235	0	0	0	0
IS	236	0	0	0	0
IS	237	0	0	0	0
IS	238	0	0	0	0
IS	239	0	0	0	0
IS	240	0	0	0	0
IS	241	0	0	0	0
IS	242	0	0	0	0
IS	243	0	0	0	0
IS	244	0	0	0	0
IS	245	0	0	0	0
IS	246	0	0	0	0
IS	247	0	0	0	0
IS	248	0	0	0	0
IS	249	0	0	0	0
IS	250	0	0	0	0
IS	251	0	0	0	0
IS	252	0	0	0	0
IS	253	0	0	0	0
IS	254	0	0	0	0
IS	255	0	0	0	0
IS	256	0	0	0	0
IS	257	0	0	0	0
IS	258	0	0	0	0
IS	259	0	0	0	0
IS	260	0	0	0	0
IS	261	0	0	0	0
IS	262	0	0	0	0
IS	263	0	0	0	0
IS	264	0	0	0	0
IS	265	0	0	0	0
IS	266	0	0	0	0
IS	267	0	0	0	0
IS	268	0	0	0	0
IS	269	0	0	0	0
IS	270	0	0	0	0
IS	271	0	0	0	0
IS	272	0	0	0	0
IS	273	0	0	0	0
IS	274	0	0	0	0
IS	275	0	0	0	0
IS	276	0	0	0	0
IS	277	0	0	0	0
IS	278	0	0	0	0
IS	279	0	0	0	0
IS	280	0	0	0	0
IS	281	0	0	0	0
IS	282	0	0	0	0
IS	283	0	0	0	0
IS	284	0	0	0	0
IS	285	0	0	0	0
IS	286	0	0	0	0
IS	287	0	0	0	0
IS	288	0	0	0	0
IS	289	0	0	0	0
IS	290	0	0	0	0
IS	291	0	0	0	0
IS	292	0	0	0	0
IS	293	0	0	0	0
IS	294	0	0	0	0
IS	295	0	0	0	0
IS	296	0	0	0	0
IS	297	0	0	0	0
IS	298	0	0	0	0
IS	299	0	0	0	0
IS	300	0	0	0	0
IS	301	0	0	0	0
IS	302	0	0	0	0
IS	303	0	0	0	0
IS	304	0	0	0	0
IS	305	0	0	0	0
IS	306	0	0	0	0
IS	307	0	0	0	0
IS	308	0	0	0	0
IS	309	0	0	0	0
IS	310	0	0	0	0
IS	311	0	0	0	0
IS	312	0	0	0	0
IS	313	0	0	0	0
IS	314	0	0	0	0
IS	315	0	0	0	0
IS	316	0	0	0	0
IS	317	0	0	0	0
IS	318	0	0	0	0
IS	319	0	0	0	0
IS	320	0	0	0	0
IS	321	0	0	0	0
IS	322	0	0	0	0
IS	323	0	0	0	0
IS	324	0	0	0	0
IS	325	0	0	0	0
IS	326	0	0	0	0
IS	327	0	0	0	0
IS	328	0	0	0	0
IS	329	0	0	0	0
IS	330	0	0	0	0
IS	331	1	1	0	0
IS	332	0	0	0	0
IS	333	0	0	0	0
IS	334	0	0	0	0
IS	335	1	1	0	0
IS	336	0	0	0	0
IS	337	0	0	0	0
IS	338	0	0	0	0
IS	339	0	0	0	0
IS	340	0	0	0	0
IS	341	0	0	0	0
IS	342	1	1	0	0
IS	343	0	0	0	0
IS	344	0	0	0	0
IS	345	1	1	0	0
IS	346	0	0	0	0
IS	347	1	1	0	0
IS	348	0	0	0	0
IS	349	0	0	0	0
IS	350	0	0	0	0
IS	351	0	0	0	0
IS	352	1	1	0	0
IS	353	0	0	0	0
IS	354	0	0	0	0
IS	355	0	0	0	0
IS	356	0	0	0	0
IS	357	0	0	0	0
IS	358	0	0	0	0
IS	359	0	0	0	0
IS	360	0	0	0	0
IS	361	0	0	0	0
IS	362	0	0	0	0
IS	363	1	1	0	0
IS	364	0	0	0	0
IS	365	1	1	0	0
IS	366	1	1	0	0
IS	367	0	0	0	0
IS	368	0	0	0	0
IS	369	1	1	0	0
IS	370	0	0	0	0
IS	371	2	2	0	0
IS	372	1	1	0	0
IS	373	1	1	0	0
IS	374	0	0	0	0
IS	375	3	3	0	0
IS	376	2	2	0	0
IS	377	2	2	0	0
IS	378	2	2	0	0
IS	379	2	2	0	0
IS	380	0	0	0	0
IS	381	2	2	0	0
IS	382	0	0	0	0
IS	383	0	0	0	0
IS	384	1	1	0	0
IS	385	0	0	0	0
IS	386	0	0	0	0
IS	387	1	1	0	0
IS	388	3	3	0	0
IS	389	1	1	0	0
IS	390	2	2	0	0
IS	391	2	2	0	0
IS	392	0	0	0	0
IS	393	2	2	0	0
IS	394	0	0	0	0
IS	395	2	2	0	0
IS	396	3	3	0	0
IS	397	1	1	0	0
IS	398	4	4	0	0
IS	399	3	3	0	0
IS	400	0	0	0	0
IS	401	4	4	0	0
IS	402	1	1	0	0
IS	403	3	3	0	0
IS	404	2	2	0	0
IS	405	4	4	0	0
IS	406	1	1	0	0
IS	407	6	6	0	0
IS	408	2	2	0	0
IS	409	0	0	0	0
IS	410	0	0	0	0
IS	411	2	2	0	0
IS	412	3	3	0	0
IS	413	4	4	0	0
IS	414	3	3	0	0
IS	415	1	1	0	0
IS	416	3	3	0	0
IS	417	7	7	0	0
IS	418	1	1	0	0
IS	419	7	7	0	0
IS	420	4	4	0	0
IS	421	4	4	0	0
IS	422	10	10	0	0
IS	423	3	3	0	0
IS	424	4	4	0	0
IS	425	5	5	0	0
IS	426	6	6	0	0
IS	427	5	5	0	0
IS	428	7	7	0	0
IS	429	6	6	0	0
IS	430	8	8	0	0
IS	431	10	10	0	0
IS	432	5	5	0	0
IS	433	6	6	0	0
IS	434	14	14	0	0
IS	435	12	12	0	0
IS	436	8	8	0	0
IS	437	6	6	0	0
IS	438	12	12	0	0
IS	439	6	6	0	0
IS	440	14	14	0	0
IS	441	10	10	0	0
IS	442	10	10	0	0
IS	443	9	9	0	0
IS	444	10	10	0	0
IS	445	7	7	0	0
IS	446	11	11	0	0
IS	447	9	9	0	0
IS	448	12	12	0	0
IS	449	12	12	0	0
IS	450	9	9	0	0
IS	451	12	12	0	0
IS	452	14	14	0	0
IS	453	11	11	0	0
IS	454	8	8	0	0
IS	455	14	14	0	0
IS	456	12	12	0	0
IS	457	6	6	0	0
IS	458	9	9	0	0
IS	459	13	13	0	0
IS	460	20	20	0	0
IS	461	15	15	0	0
IS	462	15	15	0	0
IS	463	13	13	0	0
IS	464	11	11	0	0
IS	465	13	13	0	0
IS	466	8	8	0	0
IS	467	14	14	0	0
IS	468	9	9	0	0
IS	469	9	9	0	0
IS	470	12	12	0	0
IS	471	13	13	0	0
IS	472	14	14	0	0
IS	473	18	18	0	0
IS	474	7	7	0	0
IS	475	13	13	0	0
IS	476	15	15	0	0
IS	477	11	11	0	0
IS	478	19	19	0	0
IS	479	19	19	0	0
IS	480	11	11	0	0
IS	481	14	14	0	0
IS	482	14	14	0	0
IS	483	18	18	0	0
IS	484	17	17	0	0
IS	485	12	12	0	0
IS	486	16	16	0	0
IS	487	14	14	0	0
IS	488	10	10	0	0
IS	489	20	20	0	0
IS	490	16	16	0	0
IS	491	24	24	0	0
IS	492	11	11	0	0
IS	493	19	19	0	0
IS	494	5	5	0	0
IS	495	14	14	0	0
IS	496	17	17	0	0
IS	497	14	14	0	0
IS	498	19	19	0	0
IS	499	20	20	0	0
IS	500	14	14	0	0
IS	501	18	18	0	0
IS	502	15	15	0	0
IS	503	13	13	0	0
IS	504	22	22	0	0
IS	505	16	16	0	0
IS	506	15	15	0	0
IS	507	13	13	0	0
IS	508	19	19	0	0
IS	509	19	19	0	0
IS	510	14	14	0	0
IS	511	14	14	0	0
IS	512	10	10	0	0
IS	513	13	13	0	0
IS	514	11	11	0	0
IS	515	17	17	0	0
IS	516	18	18	0	0
IS	517	10	10	0	0
IS	518	15	15	0	0
IS	519	17	17	0	0
IS	520	20	20	0	0
IS	521	12	12	0	0
IS	522	17	17	0	0
IS	523	10	10	0	0
IS	524	16	16	0	0
IS	525	13	13	0	0
IS	526	11	11	0	0
IS	527	13	13	0	0
IS	528	11	11	0	0
IS	529	9	9	0	0
IS	530	20	20	0	0
IS	531	17	17	0	0
IS	532	12	12	0	0
IS	533	12	12	0	0
IS	534	13	13	0	0
IS	535	5	5	0	0
IS	536	12	12	0	0
IS	537	8	8	0	0
IS	538	11	11	0	0
IS	539	12	12	0	0
IS	540	16	16	0	0
IS	541	8	8	0	0
IS	542	11	11	0	0
IS	543	11	11	0	0
IS	544	17	17	0	0
IS	545	12	12	0	0
IS	546	10	10	0	0
IS	547	9	9	0	0
IS	548	12	12	0	0
IS	549	8	8	0	0
IS	550	13	13	0	0
IS	551	9	9	0	0
IS	552	9	9	0	0
IS	553	7	7	0	0
IS	554	7	7	0	0
IS	555	8	8	0	0
IS	556	8	8	0	0
IS	557	2	2	0	0
IS	558	9	9	0	0
IS	559	7	7	0	0
IS	560	5	5	0	0
IS	561	2	2	0	0
IS	562	6	6	0	0
IS	563	11	11	0	0
IS	564	4	4	0	0
IS	565	4	4	0	0
IS	566	9	9	0	0
IS	567	5	5	0	0
IS	568	6	6	0	0
IS	569	7	7	0	0
IS	570	8	8	0	0
IS	571	7	7	0	0
IS	572	2	2	0	0
IS	573	5	5	0	0
IS	574	5	5	0	0
IS	575	4	4	0	0
IS	576	7	7	0	0
IS	577	7	7	0	0
IS	578	4	4	0	0
IS	579	3	3	0	0
IS	580	5	5	0	0
IS	581	2	2	0	0
IS	582	7	7	0	0
IS	583	4	4	0	0
IS	584	5	5	0	0
IS	585	3	3	0	0
IS	586	0	0	0	0
IS	587	6	6	0	0
IS	588	3	3	0	0
IS	589	2	2	0	0
IS	590	1	1	0	0
IS	591	6	6	0	0
IS	592	1	1	0	0
IS	593	2	2	0	0
IS	594	0	0	0	0
IS	595	1	1	0	0
IS	596	1	1	0	0
IS	597	3	3	0	0
IS	598	1	1	0	0
IS	599	2	2	0	0
IS	600	3	3	0	0
IS	601	7	7	0	0
IS	602	3	3	0	0
IS	603	0	0	0	0
IS	604	0	0	0	0
IS	605	3	3	0	0
IS	606	1	1	0	0
IS	607	3	3	0	0
IS	608	3	3	0	0
IS	609	2	2	0	0
IS	610	1	1	0	0
IS	611	1	1	0	0
IS	612	1	1	0	0
IS	613	1	1	0	0
IS	614	2	2	0	0
IS	615	1	1	0	0
IS	616	2	2	0	0
IS	617	3	3	0	0
# Read lengths. Use `grep ^RL | cut -f 2-` to extract this part. The columns are: read length, count
RL	150	4006
# Read lengths - first fragments. Use `grep ^FRL | cut -f 2-` to extract this part. The columns are: read length, count
FRL	150	2003
# Read lengths - last fragments. Use `grep ^LRL | cut -f 2-` to extract this part. The columns are: read length, count
LRL	150	2003
# Mapping qualities for reads !(UNMAP|SECOND|SUPPL|QCFAIL|DUP). Use `grep ^MAPQ | cut -f 2-` to extract this part. The columns are: mapq, count
MAPQ	0	12
MAPQ	33	1
MAPQ	40	32
MAPQ	41	2
MAPQ	45	1
MAPQ	47	2
MAPQ	48	40
MAPQ	50	4
MAPQ	52	3
MAPQ	57	13
MAPQ	59	6
MAPQ	60	3890
# Indel distribution. Use `grep ^ID | cut -f 2-` to extract this part. The columns are: length, number of insertions, number of deletions
# Indels per cycle. Use `grep ^IC | cut -f 2-` to extract this part. The columns are: cycle, number of insertions (fwd), .. (rev) , number of deletions (fwd), .. (rev)
# Coverage distribution. Use `grep ^COV | cut -f 2-` to extract this part.
COV	[1-1]	1	6450
COV	[2-2]	2	9970
COV	[3-3]	3	14801
COV	[4-4]	4	16762
COV	[5-5]	5	18623
COV	[6-6]	6	16562
COV	[7-7]	7	12798
COV	[8-8]	8	8771
COV	[9-9]	9	5945
COV	[10-10]	10	3336
COV	[11-11]	11	1409
COV	[12-12]	12	587
COV	[13-13]	13	102
COV	[14-14]	14	6
# GC-depth. Use `grep ^GCD | cut -f 2-` to extract this part. The columns are: GC%, unique sequence percentiles, 10th, 25th, 50th, 75th and 90th depth percentile
GCD	0.0	15.385	0.000	0.000	0.000	0.000	0.000
GCD	37.0	23.077	2.505	2.505	2.505	2.505	2.505
GCD	38.0	53.846	2.490	2.494	2.505	2.505	2.505
GCD	39.0	84.615	2.505	2.505	2.505	2.505	2.505
GCD	40.0	92.308	2.505	2.505	2.505	2.505	2.505
GCD	46.0	100.000	2.505	2.505	2.505	2.505	2.505
