# This file was produced by samtools stats (1.20+htslib-1.21) and can be plotted using plot-bamstats
# This file contains statistics for all reads.
# The command line was:  stats sample3801.sorted.group.rmdup.bam
# CHK, Checksum	[2]Read Names	[3]Sequences	[4]Qualities
# CHK, CRC32 of reads which passed filtering followed by addition (32bit overflow)
CHK	7784e928	7f7bb72b	93be98f0
# Summary Numbers. Use `grep ^SN | cut -f 2-` to extract this part.
SN	raw total sequences:	4008	# excluding supplementary and secondary reads
SN	filtered sequences:	0
SN	sequences:	4008
SN	is sorted:	1
SN	1st fragments:	2004
SN	last fragments:	2004
SN	reads mapped:	4008
SN	reads mapped and paired:	4008	# paired-end technology bit set + both mates mapped
SN	reads unmapped:	0
SN	reads properly paired:	4008	# proper-pair bit set
SN	reads paired:	4008	# paired-end technology bit set
SN	reads duplicated:	0	# PCR or optical duplicate bit set
SN	reads MQ0:	6	# mapped and MQ=0
SN	reads QC failed:	0
SN	non-primary alignments:	0
SN	supplementary alignments:	0
SN	total length:	601200	# ignores clipping
SN	total first fragment length:	300600	# ignores clipping
SN	total last fragment length:	300600	# ignores clipping
SN	bases mapped:	601200	# ignores clipping
SN	bases mapped (cigar):	601200	# more accurate
SN	bases trimmed:	0
SN	bases duplicated:	0
SN	mismatches:	1040	# from NM fields
SN	error rate:	1.729874e-03	# mismatches / bases mapped (cigar)
SN	average length:	150
SN	average first fragment length:	150
SN	average last fragment length:	150
SN	maximum length:	150
SN	maximum first fragment length:	150
SN	maximum last fragment length:	150
SN	average quality:	30.0
SN	insert size average:	499.2
SN	insert size standard deviation:	47.9
SN	inward oriented pairs:	2004
SN	outward oriented pairs:	0
SN	pairs with other orientation:	0
SN	pairs on different chromosomes:	0
SN	percentage of properly paired reads (%):	100.0
# First Fragment Qualities. Use `grep ^FFQ | cut -f 2-` to extract this part.
# Columns correspond to qualities and rows to cycles. First column is the cycle number.
FFQ	1	0	0	0	0	0	0	0	0	0	0	0	0	0	0	0	0	0	0	0	0	0	0	0	0	0	0	0	0	0	0	2004	0
FFQ	2	0	0	0	0	0	0	0	0	0	0	0	0	0	0	0	0	0	0	0	0	0	0	0	0	0	0	0	0	0	0	2004	0
FFQ	3	0	0	0	0	0	0	0	0	0	0	0	0	0	0	0	0	0	0	0	0	0	0	0	0	0	0	0	0	0	0	2004	0
FFQ	4	0	0	0	0	0	0	0	0	0	0	0	0	0	0	0	0	0	0	0	0	0	0	0	0	0	0	0	0	0	0	2004	0
FFQ	5	0	0	0	0	0	0	0	0	0	0	0	0	0	0	0	0	0	0	0	0	0	0	0	0	0	0	0	0	0	0	2004	0
FFQ	6	0	0	0	0	0	0	0	0	0	0	0	0	0	0	0	0	0	0	0	0	0	0	0	0	0	0	0	0	0	0	2004	0
FFQ	7	0	0	0	0	0	0	0	0	0	0	0	0	0	0	0	0	0	0	0	0	0	0	0	0	0	0	0	0	0	0	2004	0
FFQ	8	0	0	0	0	0	0	0	0	0	0	0	0	0	0	0	0	0	0	0	0	0	0	0	0	0	0	0	0	0	0	2004	0
FFQ	9	0	0	0	0	0	0	0	0	0	0	0	0	0	0	0	0	0	0	0	0	0	0	0	0	0	0	0	0	0	0	2004	0
FFQ	10	0	0	0	0	0	0	0	0	0	0	0	0	0	0	0	0	0	0	0	0	0	0	0	0	0	0	0	0	0	0	2004	0
FFQ	11	0	0	0	0	0	0	0	0	0	0	0	0	0	0	0	0	0	0	0	0	0	0	0	0	0	0	0	0	0	0	2004	0
FFQ	12	0	0	0	0	0	0	0	0	0	0	0	0	0	0	0	0	0	0	0	0	0	0	0	0	0	0	0	0	0	0	2004	0
FFQ	13	0	0	0	0	0	0	0	0	0	0	0	0	0	0	0	0	0	0	0	0	0	0	0	0	0	0	0	0	0	0	2004	0
FFQ	14	0	0	0	0	0	0	0	0	0	0	0	0	0	0	0	0	0	0	0	0	0	0	0	0	0	0	0	0	0	0	2004	0
FFQ	15	0	0	0	0	0	0	0	0	0	0	0	0	0	0	0	0	0	0	0	0	0	0	0	0	0	0	0	0	0	0	2004	0
FFQ	16	0	0	0	0	0	0	0	0	0	0	0	0	0	0	0	0	0	0	0	0	0	0	0	0	0	0	0	0	0	0	2004	0
FFQ	17	0	0	0	0	0	0	0	0	0	0	0	0	0	0	0	0	0	0	0	0	0	0	0	0	0	0	0	0	0	0	2004	0
FFQ	18	0	0	0	0	0	0	0	0	0	0	0	0	0	0	0	0	0	0	0	0	0	0	0	0	0	0	0	0	0	0	2004	0
FFQ	19	0	0	0	0	0	0	0	0	0	0	0	0	0	0	0	0	0	0	0	0	0	0	0	0	0	0	0	0	0	0	2004	0
FFQ	20	0	0	0	0	0	0	0	0	0	0	0	0	0	0	0	0	0	0	0	0	0	0	0	0	0	0	0	0	0	0	2004	0
FFQ	21	0	0	0	0	0	0	0	0	0	0	0	0	0	0	0	0	0	0	0	0	0	0	0	0	0	0	0	0	0	0	2004	0
FFQ	22	0	0	0	0	0	0	0	0	0	0	0	0	0	0	0	0	0	0	0	0	0	0	0	0	0	0	0	0	0	0	2004	0
FFQ	23	0	0	0	0	0	0	0	0	0	0	0	0	0	0	0	0	0	0	0	0	0	0	0	0	0	0	0	0	0	0	2004	0
FFQ	24	0	0	0	0	0	0	0	0	0	0	0	0	0	0	0	0	0	0	0	0	0	0	0	0	0	0	0	0	0	0	2004	0
FFQ	25	0	0	0	0	0	0	0	0	0	0	0	0	0	0	0	0	0	0	0	0	0	0	0	0	0	0	0	0	0	0	2004	0
FFQ	26	0	0	0	0	0	0	0	0	0	0	0	0	0	0	0	0	0	0	0	0	0	0	0	0	0	0	0	0	0	0	2004	0
FFQ	27	0	0	0	0	0	0	0	0	0	0	0	0	0	0	0	0	0	0	0	0	0	0	0	0	0	0	0	0	0	0	2004	0
FFQ	28	0	0	0	0	0	0	0	0	0	0	0	0	0	0	0	0	0	0	0	0	0	0	0	0	0	0	0	0	0	0	2004	0
FFQ	29	0	0	0	0	0	0	0	0	0	0	0	0	0	0	0	0	0	0	0	0	0	0	0	0	0	0	0	0	0	0	2004	0
FFQ	30	0	0	0	0	0	0	0	0	0	0	0	0	0	0	0	0	0	0	0	0	0	0	0	0	0	0	0	0	0	0	2004	0
FFQ	31	0	0	0	0	0	0	0	0	0	0	0	0	0	0	0	0	0	0	0	0	0	0	0	0	0	0	0	0	0	0	2004	0
FFQ	32	0	0	0	0	0	0	0	0	0	0	0	0	0	0	0	0	0	0	0	0	0	0	0	0	0	0	0	0	0	0	2004	0
FFQ	33	0	0	0	0	0	0	0	0	0	0	0	0	0	0	0	0	0	0	0	0	0	0	0	0	0	0	0	0	0	0	2004	0
FFQ	34	0	0	0	0	0	0	0	0	0	0	0	0	0	0	0	0	0	0	0	0	0	0	0	0	0	0	0	0	0	0	2004	0
FFQ	35	0	0	0	0	0	0	0	0	0	0	0	0	0	0	0	0	0	0	0	0	0	0	0	0	0	0	0	0	0	0	2004	0
FFQ	36	0	0	0	0	0	0	0	0	0	0	0	0	0	0	0	0	0	0	0	0	0	0	0	0	0	0	0	0	0	0	2004	0
FFQ	37	0	0	0	0	0	0	0	0	0	0	0	0	0	0	0	0	0	0	0	0	0	0	0	0	0	0	0	0	0	0	2004	0
FFQ	38	0	0	0	0	0	0	0	0	0	0	0	0	0	0	0	0	0	0	0	0	0	0	0	0	0	0	0	0	0	0	2004	0
FFQ	39	0	0	0	0	0	0	0	0	0	0	0	0	0	0	0	0	0	0	0	0	0	0	0	0	0	0	0	0	0	0	2004	0
FFQ	40	0	0	0	0	0	0	0	0	0	0	0	0	0	0	0	0	0	0	0	0	0	0	0	0	0	0	0	0	0	0	2004	0
FFQ	41	0	0	0	0	0	0	0	0	0	0	0	0	0	0	0	0	0	0	0	0	0	0	0	0	0	0	0	0	0	0	2004	0
FFQ	42	0	0	0	0	0	0	0	0	0	0	0	0	0	0	0	0	0	0	0	0	0	0	0	0	0	0	0	0	0	0	2004	0
FFQ	43	0	0	0	0	0	0	0	0	0	0	0	0	0	0	0	0	0	0	0	0	0	0	0	0	0	0	0	0	0	0	2004	0
FFQ	44	0	0	0	0	0	0	0	0	0	0	0	0	0	0	0	0	0	0	0	0	0	0	0	0	0	0	0	0	0	0	2004	0
FFQ	45	0	0	0	0	0	0	0	0	0	0	0	0	0	0	0	0	0	0	0	0	0	0	0	0	0	0	0	0	0	0	2004	0
FFQ	46	0	0	0	0	0	0	0	0	0	0	0	0	0	0	0	0	0	0	0	0	0	0	0	0	0	0	0	0	0	0	2004	0
FFQ	47	0	0	0	0	0	0	0	0	0	0	0	0	0	0	0	0	0	0	0	0	0	0	0	0	0	0	0	0	0	0	2004	0
FFQ	48	0	0	0	0	0	0	0	0	0	0	0	0	0	0	0	0	0	0	0	0	0	0	0	0	0	0	0	0	0	0	2004	0
FFQ	49	0	0	0	0	0	0	0	0	0	0	0	0	0	0	0	0	0	0	0	0	0	0	0	0	0	0	0	0	0	0	2004	0
FFQ	50	0	0	0	0	0	0	0	0	0	0	0	0	0	0	0	0	0	0	0	0	0	0	0	0	0	0	0	0	0	0	2004	0
FFQ	51	0	0	0	0	0	0	0	0	0	0	0	0	0	0	0	0	0	0	0	0	0	0	0	0	0	0	0	0	0	0	2004	0
FFQ	52	0	0	0	0	0	0	0	0	0	0	0	0	0	0	0	0	0	0	0	0	0	0	0	0	0	0	0	0	0	0	2004	0
FFQ	53	0	0	0	0	0	0	0	0	0	0	0	0	0	0	0	0	0	0	0	0	0	0	0	0	0	0	0	0	0	0	2004	0
FFQ	54	0	0	0	0	0	0	0	0	0	0	0	0	0	0	0	0	0	0	0	0	0	0	0	0	0	0	0	0	0	0	2004	0
FFQ	55	0	0	0	0	0	0	0	0	0	0	0	0	0	0	0	0	0	0	0	0	0	0	0	0	0	0	0	0	0	0	2004	0
FFQ	56	0	0	0	0	0	0	0	0	0	0	0	0	0	0	0	0	0	0	0	0	0	0	0	0	0	0	0	0	0	0	2004	0
FFQ	57	0	0	0	0	0	0	0	0	0	0	0	0	0	0	0	0	0	0	0	0	0	0	0	0	0	0	0	0	0	0	2004	0
FFQ	58	0	0	0	0	0	0	0	0	0	0	0	0	0	0	0	0	0	0	0	0	0	0	0	0	0	0	0	0	0	0	2004	0
FFQ	59	0	0	0	0	0	0	0	0	0	0	0	0	0	0	0	0	0	0	0	0	0	0	0	0	0	0	0	0	0	0	2004	0
FFQ	60	0	0	0	0	0	0	0	0	0	0	0	0	0	0	0	0	0	0	0	0	0	0	0	0	0	0	0	0	0	0	2004	0
FFQ	61	0	0	0	0	0	0	0	0	0	0	0	0	0	0	0	0	0	0	0	0	0	0	0	0	0	0	0	0	0	0	2004	0
FFQ	62	0	0	0	0	0	0	0	0	0	0	0	0	0	0	0	0	0	0	0	0	0	0	0	0	0	0	0	0	0	0	2004	0
FFQ	63	0	0	0	0	0	0	0	0	0	0	0	0	0	0	0	0	0	0	0	0	0	0	0	0	0	0	0	0	0	0	2004	0
FFQ	64	0	0	0	0	0	0	0	0	0	0	0	0	0	0	0	0	0	0	0	0	0	0	0	0	0	0	0	0	0	0	2004	0
FFQ	65	0	0	0	0	0	0	0	0	0	0	0	0	0	0	0	0	0	0	0	0	0	0	0	0	0	0	0	0	0	0	2004	0
FFQ	66	0	0	0	0	0	0	0	0	0	0	0	0	0	0	0	0	0	0	0	0	0	0	0	0	0	0	0	0	0	0	2004	0
FFQ	67	0	0	0	0	0	0	0	0	0	0	0	0	0	0	0	0	0	0	0	0	0	0	0	0	0	0	0	0	0	0	2004	0
FFQ	68	0	0	0	0	0	0	0	0	0	0	0	0	0	0	0	0	0	0	0	0	0	0	0	0	0	0	0	0	0	0	2004	0
FFQ	69	0	0	0	0	0	0	0	0	0	0	0	0	0	0	0	0	0	0	0	0	0	0	0	0	0	0	0	0	0	0	2004	0
FFQ	70	0	0	0	0	0	0	0	0	0	0	0	0	0	0	0	0	0	0	0	0	0	0	0	0	0	0	0	0	0	0	2004	0
FFQ	71	0	0	0	0	0	0	0	0	0	0	0	0	0	0	0	0	0	0	0	0	0	0	0	0	0	0	0	0	0	0	2004	0
FFQ	72	0	0	0	0	0	0	0	0	0	0	0	0	0	0	0	0	0	0	0	0	0	0	0	0	0	0	0	0	0	0	2004	0
FFQ	73	0	0	0	0	0	0	0	0	0	0	0	0	0	0	0	0	0	0	0	0	0	0	0	0	0	0	0	0	0	0	2004	0
FFQ	74	0	0	0	0	0	0	0	0	0	0	0	0	0	0	0	0	0	0	0	0	0	0	0	0	0	0	0	0	0	0	2004	0
FFQ	75	0	0	0	0	0	0	0	0	0	0	0	0	0	0	0	0	0	0	0	0	0	0	0	0	0	0	0	0	0	0	2004	0
FFQ	76	0	0	0	0	0	0	0	0	0	0	0	0	0	0	0	0	0	0	0	0	0	0	0	0	0	0	0	0	0	0	2004	0
FFQ	77	0	0	0	0	0	0	0	0	0	0	0	0	0	0	0	0	0	0	0	0	0	0	0	0	0	0	0	0	0	0	2004	0
FFQ	78	0	0	0	0	0	0	0	0	0	0	0	0	0	0	0	0	0	0	0	0	0	0	0	0	0	0	0	0	0	0	2004	0
FFQ	79	0	0	0	0	0	0	0	0	0	0	0	0	0	0	0	0	0	0	0	0	0	0	0	0	0	0	0	0	0	0	2004	0
FFQ	80	0	0	0	0	0	0	0	0	0	0	0	0	0	0	0	0	0	0	0	0	0	0	0	0	0	0	0	0	0	0	2004	0
FFQ	81	0	0	0	0	0	0	0	0	0	0	0	0	0	0	0	0	0	0	0	0	0	0	0	0	0	0	0	0	0	0	2004	0
FFQ	82	0	0	0	0	0	0	0	0	0	0	0	0	0	0	0	0	0	0	0	0	0	0	0	0	0	0	0	0	0	0	2004	0
FFQ	83	0	0	0	0	0	0	0	0	0	0	0	0	0	0	0	0	0	0	0	0	0	0	0	0	0	0	0	0	0	0	2004	0
FFQ	84	0	0	0	0	0	0	0	0	0	0	0	0	0	0	0	0	0	0	0	0	0	0	0	0	0	0	0	0	0	0	2004	0
FFQ	85	0	0	0	0	0	0	0	0	0	0	0	0	0	0	0	0	0	0	0	0	0	0	0	0	0	0	0	0	0	0	2004	0
FFQ	86	0	0	0	0	0	0	0	0	0	0	0	0	0	0	0	0	0	0	0	0	0	0	0	0	0	0	0	0	0	0	2004	0
FFQ	87	0	0	0	0	0	0	0	0	0	0	0	0	0	0	0	0	0	0	0	0	0	0	0	0	0	0	0	0	0	0	2004	0
FFQ	88	0	0	0	0	0	0	0	0	0	0	0	0	0	0	0	0	0	0	0	0	0	0	0	0	0	0	0	0	0	0	2004	0
FFQ	89	0	0	0	0	0	0	0	0	0	0	0	0	0	0	0	0	0	0	0	0	0	0	0	0	0	0	0	0	0	0	2004	0
FFQ	90	0	0	0	0	0	0	0	0	0	0	0	0	0	0	0	0	0	0	0	0	0	0	0	0	0	0	0	0	0	0	2004	0
FFQ	91	0	0	0	0	0	0	0	0	0	0	0	0	0	0	0	0	0	0	0	0	0	0	0	0	0	0	0	0	0	0	2004	0
FFQ	92	0	0	0	0	0	0	0	0	0	0	0	0	0	0	0	0	0	0	0	0	0	0	0	0	0	0	0	0	0	0	2004	0
FFQ	93	0	0	0	0	0	0	0	0	0	0	0	0	0	0	0	0	0	0	0	0	0	0	0	0	0	0	0	0	0	0	2004	0
FFQ	94	0	0	0	0	0	0	0	0	0	0	0	0	0	0	0	0	0	0	0	0	0	0	0	0	0	0	0	0	0	0	2004	0
FFQ	95	0	0	0	0	0	0	0	0	0	0	0	0	0	0	0	0	0	0	0	0	0	0	0	0	0	0	0	0	0	0	2004	0
FFQ	96	0	0	0	0	0	0	0	0	0	0	0	0	0	0	0	0	0	0	0	0	0	0	0	0	0	0	0	0	0	0	2004	0
FFQ	97	0	0	0	0	0	0	0	0	0	0	0	0	0	0	0	0	0	0	0	0	0	0	0	0	0	0	0	0	0	0	2004	0
FFQ	98	0	0	0	0	0	0	0	0	0	0	0	0	0	0	0	0	0	0	0	0	0	0	0	0	0	0	0	0	0	0	2004	0
FFQ	99	0	0	0	0	0	0	0	0	0	0	0	0	0	0	0	0	0	0	0	0	0	0	0	0	0	0	0	0	0	0	2004	0
FFQ	100	0	0	0	0	0	0	0	0	0	0	0	0	0	0	0	0	0	0	0	0	0	0	0	0	0	0	0	0	0	0	2004	0
FFQ	101	0	0	0	0	0	0	0	0	0	0	0	0	0	0	0	0	0	0	0	0	0	0	0	0	0	0	0	0	0	0	2004	0
FFQ	102	0	0	0	0	0	0	0	0	0	0	0	0	0	0	0	0	0	0	0	0	0	0	0	0	0	0	0	0	0	0	2004	0
FFQ	103	0	0	0	0	0	0	0	0	0	0	0	0	0	0	0	0	0	0	0	0	0	0	0	0	0	0	0	0	0	0	2004	0
FFQ	104	0	0	0	0	0	0	0	0	0	0	0	0	0	0	0	0	0	0	0	0	0	0	0	0	0	0	0	0	0	0	2004	0
FFQ	105	0	0	0	0	0	0	0	0	0	0	0	0	0	0	0	0	0	0	0	0	0	0	0	0	0	0	0	0	0	0	2004	0
FFQ	106	0	0	0	0	0	0	0	0	0	0	0	0	0	0	0	0	0	0	0	0	0	0	0	0	0	0	0	0	0	0	2004	0
FFQ	107	0	0	0	0	0	0	0	0	0	0	0	0	0	0	0	0	0	0	0	0	0	0	0	0	0	0	0	0	0	0	2004	0
FFQ	108	0	0	0	0	0	0	0	0	0	0	0	0	0	0	0	0	0	0	0	0	0	0	0	0	0	0	0	0	0	0	2004	0
FFQ	109	0	0	0	0	0	0	0	0	0	0	0	0	0	0	0	0	0	0	0	0	0	0	0	0	0	0	0	0	0	0	2004	0
FFQ	110	0	0	0	0	0	0	0	0	0	0	0	0	0	0	0	0	0	0	0	0	0	0	0	0	0	0	0	0	0	0	2004	0
FFQ	111	0	0	0	0	0	0	0	0	0	0	0	0	0	0	0	0	0	0	0	0	0	0	0	0	0	0	0	0	0	0	2004	0
FFQ	112	0	0	0	0	0	0	0	0	0	0	0	0	0	0	0	0	0	0	0	0	0	0	0	0	0	0	0	0	0	0	2004	0
FFQ	113	0	0	0	0	0	0	0	0	0	0	0	0	0	0	0	0	0	0	0	0	0	0	0	0	0	0	0	0	0	0	2004	0
FFQ	114	0	0	0	0	0	0	0	0	0	0	0	0	0	0	0	0	0	0	0	0	0	0	0	0	0	0	0	0	0	0	2004	0
FFQ	115	0	0	0	0	0	0	0	0	0	0	0	0	0	0	0	0	0	0	0	0	0	0	0	0	0	0	0	0	0	0	2004	0
FFQ	116	0	0	0	0	0	0	0	0	0	0	0	0	0	0	0	0	0	0	0	0	0	0	0	0	0	0	0	0	0	0	2004	0
FFQ	117	0	0	0	0	0	0	0	0	0	0	0	0	0	0	0	0	0	0	0	0	0	0	0	0	0	0	0	0	0	0	2004	0
FFQ	118	0	0	0	0	0	0	0	0	0	0	0	0	0	0	0	0	0	0	0	0	0	0	0	0	0	0	0	0	0	0	2004	0
FFQ	119	0	0	0	0	0	0	0	0	0	0	0	0	0	0	0	0	0	0	0	0	0	0	0	0	0	0	0	0	0	0	2004	0
FFQ	120	0	0	0	0	0	0	0	0	0	0	0	0	0	0	0	0	0	0	0	0	0	0	0	0	0	0	0	0	0	0	2004	0
FFQ	121	0	0	0	0	0	0	0	0	0	0	0	0	0	0	0	0	0	0	0	0	0	0	0	0	0	0	0	0	0	0	2004	0
FFQ	122	0	0	0	0	0	0	0	0	0	0	0	0	0	0	0	0	0	0	0	0	0	0	0	0	0	0	0	0	0	0	2004	0
FFQ	123	0	0	0	0	0	0	0	0	0	0	0	0	0	0	0	0	0	0	0	0	0	0	0	0	0	0	0	0	0	0	2004	0
FFQ	124	0	0	0	0	0	0	0	0	0	0	0	0	0	0	0	0	0	0	0	0	0	0	0	0	0	0	0	0	0	0	2004	0
FFQ	125	0	0	0	0	0	0	0	0	0	0	0	0	0	0	0	0	0	0	0	0	0	0	0	0	0	0	0	0	0	0	2004	0
FFQ	126	0	0	0	0	0	0	0	0	0	0	0	0	0	0	0	0	0	0	0	0	0	0	0	0	0	0	0	0	0	0	2004	0
FFQ	127	0	0	0	0	0	0	0	0	0	0	0	0	0	0	0	0	0	0	0	0	0	0	0	0	0	0	0	0	0	0	2004	0
FFQ	128	0	0	0	0	0	0	0	0	0	0	0	0	0	0	0	0	0	0	0	0	0	0	0	0	0	0	0	0	0	0	2004	0
FFQ	129	0	0	0	0	0	0	0	0	0	0	0	0	0	0	0	0	0	0	0	0	0	0	0	0	0	0	0	0	0	0	2004	0
FFQ	130	0	0	0	0	0	0	0	0	0	0	0	0	0	0	0	0	0	0	0	0	0	0	0	0	0	0	0	0	0	0	2004	0
FFQ	131	0	0	0	0	0	0	0	0	0	0	0	0	0	0	0	0	0	0	0	0	0	0	0	0	0	0	0	0	0	0	2004	0
FFQ	132	0	0	0	0	0	0	0	0	0	0	0	0	0	0	0	0	0	0	0	0	0	0	0	0	0	0	0	0	0	0	2004	0
FFQ	133	0	0	0	0	0	0	0	0	0	0	0	0	0	0	0	0	0	0	0	0	0	0	0	0	0	0	0	0	0	0	2004	0
FFQ	134	0	0	0	0	0	0	0	0	0	0	0	0	0	0	0	0	0	0	0	0	0	0	0	0	0	0	0	0	0	0	2004	0
FFQ	135	0	0	0	0	0	0	0	0	0	0	0	0	0	0	0	0	0	0	0	0	0	0	0	0	0	0	0	0	0	0	2004	0
FFQ	136	0	0	0	0	0	0	0	0	0	0	0	0	0	0	0	0	0	0	0	0	0	0	0	0	0	0	0	0	0	0	2004	0
FFQ	137	0	0	0	0	0	0	0	0	0	0	0	0	0	0	0	0	0	0	0	0	0	0	0	0	0	0	0	0	0	0	2004	0
FFQ	138	0	0	0	0	0	0	0	0	0	0	0	0	0	0	0	0	0	0	0	0	0	0	0	0	0	0	0	0	0	0	2004	0
FFQ	139	0	0	0	0	0	0	0	0	0	0	0	0	0	0	0	0	0	0	0	0	0	0	0	0	0	0	0	0	0	0	2004	0
FFQ	140	0	0	0	0	0	0	0	0	0	0	0	0	0	0	0	0	0	0	0	0	0	0	0	0	0	0	0	0	0	0	2004	0
FFQ	141	0	0	0	0	0	0	0	0	0	0	0	0	0	0	0	0	0	0	0	0	0	0	0	0	0	0	0	0	0	0	2004	0
FFQ	142	0	0	0	0	0	0	0	0	0	0	0	0	0	0	0	0	0	0	0	0	0	0	0	0	0	0	0	0	0	0	2004	0
FFQ	143	0	0	0	0	0	0	0	0	0	0	0	0	0	0	0	0	0	0	0	0	0	0	0	0	0	0	0	0	0	0	2004	0
FFQ	144	0	0	0	0	0	0	0	0	0	0	0	0	0	0	0	0	0	0	0	0	0	0	0	0	0	0	0	0	0	0	2004	0
FFQ	145	0	0	0	0	0	0	0	0	0	0	0	0	0	0	0	0	0	0	0	0	0	0	0	0	0	0	0	0	0	0	2004	0
FFQ	146	0	0	0	0	0	0	0	0	0	0	0	0	0	0	0	0	0	0	0	0	0	0	0	0	0	0	0	0	0	0	2004	0
FFQ	147	0	0	0	0	0	0	0	0	0	0	0	0	0	0	0	0	0	0	0	0	0	0	0	0	0	0	0	0	0	0	2004	0
FFQ	148	0	0	0	0	0	0	0	0	0	0	0	0	0	0	0	0	0	0	0	0	0	0	0	0	0	0	0	0	0	0	2004	0
FFQ	149	0	0	0	0	0	0	0	0	0	0	0	0	0	0	0	0	0	0	0	0	0	0	0	0	0	0	0	0	0	0	2004	0
FFQ	150	0	0	0	0	0	0	0	0	0	0	0	0	0	0	0	0	0	0	0	0	0	0	0	0	0	0	0	0	0	0	2004	0
# Last Fragment Qualities. Use `grep ^LFQ | cut -f 2-` to extract this part.
# Columns correspond to qualities and rows to cycles. First column is the cycle number.
LFQ	1	0	0	0	0	0	0	0	0	0	0	0	0	0	0	0	0	0	0	0	0	0	0	0	0	0	0	0	0	0	0	2004	0
LFQ	2	0	0	0	0	0	0	0	0	0	0	0	0	0	0	0	0	0	0	0	0	0	0	0	0	0	0	0	0	0	0	2004	0
LFQ	3	0	0	0	0	0	0	0	0	0	0	0	0	0	0	0	0	0	0	0	0	0	0	0	0	0	0	0	0	0	0	2004	0
LFQ	4	0	0	0	0	0	0	0	0	0	0	0	0	0	0	0	0	0	0	0	0	0	0	0	0	0	0	0	0	0	0	2004	0
LFQ	5	0	0	0	0	0	0	0	0	0	0	0	0	0	0	0	0	0	0	0	0	0	0	0	0	0	0	0	0	0	0	2004	0
LFQ	6	0	0	0	0	0	0	0	0	0	0	0	0	0	0	0	0	0	0	0	0	0	0	0	0	0	0	0	0	0	0	2004	0
LFQ	7	0	0	0	0	0	0	0	0	0	0	0	0	0	0	0	0	0	0	0	0	0	0	0	0	0	0	0	0	0	0	2004	0
LFQ	8	0	0	0	0	0	0	0	0	0	0	0	0	0	0	0	0	0	0	0	0	0	0	0	0	0	0	0	0	0	0	2004	0
LFQ	9	0	0	0	0	0	0	0	0	0	0	0	0	0	0	0	0	0	0	0	0	0	0	0	0	0	0	0	0	0	0	2004	0
LFQ	10	0	0	0	0	0	0	0	0	0	0	0	0	0	0	0	0	0	0	0	0	0	0	0	0	0	0	0	0	0	0	2004	0
LFQ	11	0	0	0	0	0	0	0	0	0	0	0	0	0	0	0	0	0	0	0	0	0	0	0	0	0	0	0	0	0	0	2004	0
LFQ	12	0	0	0	0	0	0	0	0	0	0	0	0	0	0	0	0	0	0	0	0	0	0	0	0	0	0	0	0	0	0	2004	0
LFQ	13	0	0	0	0	0	0	0	0	0	0	0	0	0	0	0	0	0	0	0	0	0	0	0	0	0	0	0	0	0	0	2004	0
LFQ	14	0	0	0	0	0	0	0	0	0	0	0	0	0	0	0	0	0	0	0	0	0	0	0	0	0	0	0	0	0	0	2004	0
LFQ	15	0	0	0	0	0	0	0	0	0	0	0	0	0	0	0	0	0	0	0	0	0	0	0	0	0	0	0	0	0	0	2004	0
LFQ	16	0	0	0	0	0	0	0	0	0	0	0	0	0	0	0	0	0	0	0	0	0	0	0	0	0	0	0	0	0	0	2004	0
LFQ	17	0	0	0	0	0	0	0	0	0	0	0	0	0	0	0	0	0	0	0	0	0	0	0	0	0	0	0	0	0	0	2004	0
LFQ	18	0	0	0	0	0	0	0	0	0	0	0	0	0	0	0	0	0	0	0	0	0	0	0	0	0	0	0	0	0	0	2004	0
LFQ	19	0	0	0	0	0	0	0	0	0	0	0	0	0	0	0	0	0	0	0	0	0	0	0	0	0	0	0	0	0	0	2004	0
LFQ	20	0	0	0	0	0	0	0	0	0	0	0	0	0	0	0	0	0	0	0	0	0	0	0	0	0	0	0	0	0	0	2004	0
LFQ	21	0	0	0	0	0	0	0	0	0	0	0	0	0	0	0	0	0	0	0	0	0	0	0	0	0	0	0	0	0	0	2004	0
LFQ	22	0	0	0	0	0	0	0	0	0	0	0	0	0	0	0	0	0	0	0	0	0	0	0	0	0	0	0	0	0	0	2004	0
LFQ	23	0	0	0	0	0	0	0	0	0	0	0	0	0	0	0	0	0	0	0	0	0	0	0	0	0	0	0	0	0	0	2004	0
LFQ	24	0	0	0	0	0	0	0	0	0	0	0	0	0	0	0	0	0	0	0	0	0	0	0	0	0	0	0	0	0	0	2004	0
LFQ	25	0	0	0	0	0	0	0	0	0	0	0	0	0	0	0	0	0	0	0	0	0	0	0	0	0	0	0	0	0	0	2004	0
LFQ	26	0	0	0	0	0	0	0	0	0	0	0	0	0	0	0	0	0	0	0	0	0	0	0	0	0	0	0	0	0	0	2004	0
LFQ	27	0	0	0	0	0	0	0	0	0	0	0	0	0	0	0	0	0	0	0	0	0	0	0	0	0	0	0	0	0	0	2004	0
LFQ	28	0	0	0	0	0	0	0	0	0	0	0	0	0	0	0	0	0	0	0	0	0	0	0	0	0	0	0	0	0	0	2004	0
LFQ	29	0	0	0	0	0	0	0	0	0	0	0	0	0	0	0	0	0	0	0	0	0	0	0	0	0	0	0	0	0	0	2004	0
LFQ	30	0	0	0	0	0	0	0	0	0	0	0	0	0	0	0	0	0	0	0	0	0	0	0	0	0	0	0	0	0	0	2004	0
LFQ	31	0	0	0	0	0	0	0	0	0	0	0	0	0	0	0	0	0	0	0	0	0	0	0	0	0	0	0	0	0	0	2004	0
LFQ	32	0	0	0	0	0	0	0	0	0	0	0	0	0	0	0	0	0	0	0	0	0	0	0	0	0	0	0	0	0	0	2004	0
LFQ	33	0	0	0	0	0	0	0	0	0	0	0	0	0	0	0	0	0	0	0	0	0	0	0	0	0	0	0	0	0	0	2004	0
LFQ	34	0	0	0	0	0	0	0	0	0	0	0	0	0	0	0	0	0	0	0	0	0	0	0	0	0	0	0	0	0	0	2004	0
LFQ	35	0	0	0	0	0	0	0	0	0	0	0	0	0	0	0	0	0	0	0	0	0	0	0	0	0	0	0	0	0	0	2004	0
LFQ	36	0	0	0	0	0	0	0	0	0	0	0	0	0	0	0	0	0	0	0	0	0	0	0	0	0	0	0	0	0	0	2004	0
LFQ	37	0	0	0	0	0	0	0	0	0	0	0	0	0	0	0	0	0	0	0	0	0	0	0	0	0	0	0	0	0	0	2004	0
LFQ	38	0	0	0	0	0	0	0	0	0	0	0	0	0	0	0	0	0	0	0	0	0	0	0	0	0	0	0	0	0	0	2004	0
LFQ	39	0	0	0	0	0	0	0	0	0	0	0	0	0	0	0	0	0	0	0	0	0	0	0	0	0	0	0	0	0	0	2004	0
LFQ	40	0	0	0	0	0	0	0	0	0	0	0	0	0	0	0	0	0	0	0	0	0	0	0	0	0	0	0	0	0	0	2004	0
LFQ	41	0	0	0	0	0	0	0	0	0	0	0	0	0	0	0	0	0	0	0	0	0	0	0	0	0	0	0	0	0	0	2004	0
LFQ	42	0	0	0	0	0	0	0	0	0	0	0	0	0	0	0	0	0	0	0	0	0	0	0	0	0	0	0	0	0	0	2004	0
LFQ	43	0	0	0	0	0	0	0	0	0	0	0	0	0	0	0	0	0	0	0	0	0	0	0	0	0	0	0	0	0	0	2004	0
LFQ	44	0	0	0	0	0	0	0	0	0	0	0	0	0	0	0	0	0	0	0	0	0	0	0	0	0	0	0	0	0	0	2004	0
LFQ	45	0	0	0	0	0	0	0	0	0	0	0	0	0	0	0	0	0	0	0	0	0	0	0	0	0	0	0	0	0	0	2004	0
LFQ	46	0	0	0	0	0	0	0	0	0	0	0	0	0	0	0	0	0	0	0	0	0	0	0	0	0	0	0	0	0	0	2004	0
LFQ	47	0	0	0	0	0	0	0	0	0	0	0	0	0	0	0	0	0	0	0	0	0	0	0	0	0	0	0	0	0	0	2004	0
LFQ	48	0	0	0	0	0	0	0	0	0	0	0	0	0	0	0	0	0	0	0	0	0	0	0	0	0	0	0	0	0	0	2004	0
LFQ	49	0	0	0	0	0	0	0	0	0	0	0	0	0	0	0	0	0	0	0	0	0	0	0	0	0	0	0	0	0	0	2004	0
LFQ	50	0	0	0	0	0	0	0	0	0	0	0	0	0	0	0	0	0	0	0	0	0	0	0	0	0	0	0	0	0	0	2004	0
LFQ	51	0	0	0	0	0	0	0	0	0	0	0	0	0	0	0	0	0	0	0	0	0	0	0	0	0	0	0	0	0	0	2004	0
LFQ	52	0	0	0	0	0	0	0	0	0	0	0	0	0	0	0	0	0	0	0	0	0	0	0	0	0	0	0	0	0	0	2004	0
LFQ	53	0	0	0	0	0	0	0	0	0	0	0	0	0	0	0	0	0	0	0	0	0	0	0	0	0	0	0	0	0	0	2004	0
LFQ	54	0	0	0	0	0	0	0	0	0	0	0	0	0	0	0	0	0	0	0	0	0	0	0	0	0	0	0	0	0	0	2004	0
LFQ	55	0	0	0	0	0	0	0	0	0	0	0	0	0	0	0	0	0	0	0	0	0	0	0	0	0	0	0	0	0	0	2004	0
LFQ	56	0	0	0	0	0	0	0	0	0	0	0	0	0	0	0	0	0	0	0	0	0	0	0	0	0	0	0	0	0	0	2004	0
LFQ	57	0	0	0	0	0	0	0	0	0	0	0	0	0	0	0	0	0	0	0	0	0	0	0	0	0	0	0	0	0	0	2004	0
LFQ	58	0	0	0	0	0	0	0	0	0	0	0	0	0	0	0	0	0	0	0	0	0	0	0	0	0	0	0	0	0	0	2004	0
LFQ	59	0	0	0	0	0	0	0	0	0	0	0	0	0	0	0	0	0	0	0	0	0	0	0	0	0	0	0	0	0	0	2004	0
LFQ	60	0	0	0	0	0	0	0	0	0	0	0	0	0	0	0	0	0	0	0	0	0	0	0	0	0	0	0	0	0	0	2004	0
LFQ	61	0	0	0	0	0	0	0	0	0	0	0	0	0	0	0	0	0	0	0	0	0	0	0	0	0	0	0	0	0	0	2004	0
LFQ	62	0	0	0	0	0	0	0	0	0	0	0	0	0	0	0	0	0	0	0	0	0	0	0	0	0	0	0	0	0	0	2004	0
LFQ	63	0	0	0	0	0	0	0	0	0	0	0	0	0	0	0	0	0	0	0	0	0	0	0	0	0	0	0	0	0	0	2004	0
LFQ	64	0	0	0	0	0	0	0	0	0	0	0	0	0	0	0	0	0	0	0	0	0	0	0	0	0	0	0	0	0	0	2004	0
LFQ	65	0	0	0	0	0	0	0	0	0	0	0	0	0	0	0	0	0	0	0	0	0	0	0	0	0	0	0	0	0	0	2004	0
LFQ	66	0	0	0	0	0	0	0	0	0	0	0	0	0	0	0	0	0	0	0	0	0	0	0	0	0	0	0	0	0	0	2004	0
LFQ	67	0	0	0	0	0	0	0	0	0	0	0	0	0	0	0	0	0	0	0	0	0	0	0	0	0	0	0	0	0	0	2004	0
LFQ	68	0	0	0	0	0	0	0	0	0	0	0	0	0	0	0	0	0	0	0	0	0	0	0	0	0	0	0	0	0	0	2004	0
LFQ	69	0	0	0	0	0	0	0	0	0	0	0	0	0	0	0	0	0	0	0	0	0	0	0	0	0	0	0	0	0	0	2004	0
LFQ	70	0	0	0	0	0	0	0	0	0	0	0	0	0	0	0	0	0	0	0	0	0	0	0	0	0	0	0	0	0	0	2004	0
LFQ	71	0	0	0	0	0	0	0	0	0	0	0	0	0	0	0	0	0	0	0	0	0	0	0	0	0	0	0	0	0	0	2004	0
LFQ	72	0	0	0	0	0	0	0	0	0	0	0	0	0	0	0	0	0	0	0	0	0	0	0	0	0	0	0	0	0	0	2004	0
LFQ	73	0	0	0	0	0	0	0	0	0	0	0	0	0	0	0	0	0	0	0	0	0	0	0	0	0	0	0	0	0	0	2004	0
LFQ	74	0	0	0	0	0	0	0	0	0	0	0	0	0	0	0	0	0	0	0	0	0	0	0	0	0	0	0	0	0	0	2004	0
LFQ	75	0	0	0	0	0	0	0	0	0	0	0	0	0	0	0	0	0	0	0	0	0	0	0	0	0	0	0	0	0	0	2004	0
LFQ	76	0	0	0	0	0	0	0	0	0	0	0	0	0	0	0	0	0	0	0	0	0	0	0	0	0	0	0	0	0	0	2004	0
LFQ	77	0	0	0	0	0	0	0	0	0	0	0	0	0	0	0	0	0	0	0	0	0	0	0	0	0	0	0	0	0	0	2004	0
LFQ	78	0	0	0	0	0	0	0	0	0	0	0	0	0	0	0	0	0	0	0	0	0	0	0	0	0	0	0	0	0	0	2004	0
LFQ	79	0	0	0	0	0	0	0	0	0	0	0	0	0	0	0	0	0	0	0	0	0	0	0	0	0	0	0	0	0	0	2004	0
LFQ	80	0	0	0	0	0	0	0	0	0	0	0	0	0	0	0	0	0	0	0	0	0	0	0	0	0	0	0	0	0	0	2004	0
LFQ	81	0	0	0	0	0	0	0	0	0	0	0	0	0	0	0	0	0	0	0	0	0	0	0	0	0	0	0	0	0	0	2004	0
LFQ	82	0	0	0	0	0	0	0	0	0	0	0	0	0	0	0	0	0	0	0	0	0	0	0	0	0	0	0	0	0	0	2004	0
LFQ	83	0	0	0	0	0	0	0	0	0	0	0	0	0	0	0	0	0	0	0	0	0	0	0	0	0	0	0	0	0	0	2004	0
LFQ	84	0	0	0	0	0	0	0	0	0	0	0	0	0	0	0	0	0	0	0	0	0	0	0	0	0	0	0	0	0	0	2004	0
LFQ	85	0	0	0	0	0	0	0	0	0	0	0	0	0	0	0	0	0	0	0	0	0	0	0	0	0	0	0	0	0	0	2004	0
LFQ	86	0	0	0	0	0	0	0	0	0	0	0	0	0	0	0	0	0	0	0	0	0	0	0	0	0	0	0	0	0	0	2004	0
LFQ	87	0	0	0	0	0	0	0	0	0	0	0	0	0	0	0	0	0	0	0	0	0	0	0	0	0	0	0	0	0	0	2004	0
LFQ	88	0	0	0	0	0	0	0	0	0	0	0	0	0	0	0	0	0	0	0	0	0	0	0	0	0	0	0	0	0	0	2004	0
LFQ	89	0	0	0	0	0	0	0	0	0	0	0	0	0	0	0	0	0	0	0	0	0	0	0	0	0	0	0	0	0	0	2004	0
LFQ	90	0	0	0	0	0	0	0	0	0	0	0	0	0	0	0	0	0	0	0	0	0	0	0	0	0	0	0	0	0	0	2004	0
LFQ	91	0	0	0	0	0	0	0	0	0	0	0	0	0	0	0	0	0	0	0	0	0	0	0	0	0	0	0	0	0	0	2004	0
LFQ	92	0	0	0	0	0	0	0	0	0	0	0	0	0	0	0	0	0	0	0	0	0	0	0	0	0	0	0	0	0	0	2004	0
LFQ	93	0	0	0	0	0	0	0	0	0	0	0	0	0	0	0	0	0	0	0	0	0	0	0	0	0	0	0	0	0	0	2004	0
LFQ	94	0	0	0	0	0	0	0	0	0	0	0	0	0	0	0	0	0	0	0	0	0	0	0	0	0	0	0	0	0	0	2004	0
LFQ	95	0	0	0	0	0	0	0	0	0	0	0	0	0	0	0	0	0	0	0	0	0	0	0	0	0	0	0	0	0	0	2004	0
LFQ	96	0	0	0	0	0	0	0	0	0	0	0	0	0	0	0	0	0	0	0	0	0	0	0	0	0	0	0	0	0	0	2004	0
LFQ	97	0	0	0	0	0	0	0	0	0	0	0	0	0	0	0	0	0	0	0	0	0	0	0	0	0	0	0	0	0	0	2004	0
LFQ	98	0	0	0	0	0	0	0	0	0	0	0	0	0	0	0	0	0	0	0	0	0	0	0	0	0	0	0	0	0	0	2004	0
LFQ	99	0	0	0	0	0	0	0	0	0	0	0	0	0	0	0	0	0	0	0	0	0	0	0	0	0	0	0	0	0	0	2004	0
LFQ	100	0	0	0	0	0	0	0	0	0	0	0	0	0	0	0	0	0	0	0	0	0	0	0	0	0	0	0	0	0	0	2004	0
LFQ	101	0	0	0	0	0	0	0	0	0	0	0	0	0	0	0	0	0	0	0	0	0	0	0	0	0	0	0	0	0	0	2004	0
LFQ	102	0	0	0	0	0	0	0	0	0	0	0	0	0	0	0	0	0	0	0	0	0	0	0	0	0	0	0	0	0	0	2004	0
LFQ	103	0	0	0	0	0	0	0	0	0	0	0	0	0	0	0	0	0	0	0	0	0	0	0	0	0	0	0	0	0	0	2004	0
LFQ	104	0	0	0	0	0	0	0	0	0	0	0	0	0	0	0	0	0	0	0	0	0	0	0	0	0	0	0	0	0	0	2004	0
LFQ	105	0	0	0	0	0	0	0	0	0	0	0	0	0	0	0	0	0	0	0	0	0	0	0	0	0	0	0	0	0	0	2004	0
LFQ	106	0	0	0	0	0	0	0	0	0	0	0	0	0	0	0	0	0	0	0	0	0	0	0	0	0	0	0	0	0	0	2004	0
LFQ	107	0	0	0	0	0	0	0	0	0	0	0	0	0	0	0	0	0	0	0	0	0	0	0	0	0	0	0	0	0	0	2004	0
LFQ	108	0	0	0	0	0	0	0	0	0	0	0	0	0	0	0	0	0	0	0	0	0	0	0	0	0	0	0	0	0	0	2004	0
LFQ	109	0	0	0	0	0	0	0	0	0	0	0	0	0	0	0	0	0	0	0	0	0	0	0	0	0	0	0	0	0	0	2004	0
LFQ	110	0	0	0	0	0	0	0	0	0	0	0	0	0	0	0	0	0	0	0	0	0	0	0	0	0	0	0	0	0	0	2004	0
LFQ	111	0	0	0	0	0	0	0	0	0	0	0	0	0	0	0	0	0	0	0	0	0	0	0	0	0	0	0	0	0	0	2004	0
LFQ	112	0	0	0	0	0	0	0	0	0	0	0	0	0	0	0	0	0	0	0	0	0	0	0	0	0	0	0	0	0	0	2004	0
LFQ	113	0	0	0	0	0	0	0	0	0	0	0	0	0	0	0	0	0	0	0	0	0	0	0	0	0	0	0	0	0	0	2004	0
LFQ	114	0	0	0	0	0	0	0	0	0	0	0	0	0	0	0	0	0	0	0	0	0	0	0	0	0	0	0	0	0	0	2004	0
LFQ	115	0	0	0	0	0	0	0	0	0	0	0	0	0	0	0	0	0	0	0	0	0	0	0	0	0	0	0	0	0	0	2004	0
LFQ	116	0	0	0	0	0	0	0	0	0	0	0	0	0	0	0	0	0	0	0	0	0	0	0	0	0	0	0	0	0	0	2004	0
LFQ	117	0	0	0	0	0	0	0	0	0	0	0	0	0	0	0	0	0	0	0	0	0	0	0	0	0	0	0	0	0	0	2004	0
LFQ	118	0	0	0	0	0	0	0	0	0	0	0	0	0	0	0	0	0	0	0	0	0	0	0	0	0	0	0	0	0	0	2004	0
LFQ	119	0	0	0	0	0	0	0	0	0	0	0	0	0	0	0	0	0	0	0	0	0	0	0	0	0	0	0	0	0	0	2004	0
LFQ	120	0	0	0	0	0	0	0	0	0	0	0	0	0	0	0	0	0	0	0	0	0	0	0	0	0	0	0	0	0	0	2004	0
LFQ	121	0	0	0	0	0	0	0	0	0	0	0	0	0	0	0	0	0	0	0	0	0	0	0	0	0	0	0	0	0	0	2004	0
LFQ	122	0	0	0	0	0	0	0	0	0	0	0	0	0	0	0	0	0	0	0	0	0	0	0	0	0	0	0	0	0	0	2004	0
LFQ	123	0	0	0	0	0	0	0	0	0	0	0	0	0	0	0	0	0	0	0	0	0	0	0	0	0	0	0	0	0	0	2004	0
LFQ	124	0	0	0	0	0	0	0	0	0	0	0	0	0	0	0	0	0	0	0	0	0	0	0	0	0	0	0	0	0	0	2004	0
LFQ	125	0	0	0	0	0	0	0	0	0	0	0	0	0	0	0	0	0	0	0	0	0	0	0	0	0	0	0	0	0	0	2004	0
LFQ	126	0	0	0	0	0	0	0	0	0	0	0	0	0	0	0	0	0	0	0	0	0	0	0	0	0	0	0	0	0	0	2004	0
LFQ	127	0	0	0	0	0	0	0	0	0	0	0	0	0	0	0	0	0	0	0	0	0	0	0	0	0	0	0	0	0	0	2004	0
LFQ	128	0	0	0	0	0	0	0	0	0	0	0	0	0	0	0	0	0	0	0	0	0	0	0	0	0	0	0	0	0	0	2004	0
LFQ	129	0	0	0	0	0	0	0	0	0	0	0	0	0	0	0	0	0	0	0	0	0	0	0	0	0	0	0	0	0	0	2004	0
LFQ	130	0	0	0	0	0	0	0	0	0	0	0	0	0	0	0	0	0	0	0	0	0	0	0	0	0	0	0	0	0	0	2004	0
LFQ	131	0	0	0	0	0	0	0	0	0	0	0	0	0	0	0	0	0	0	0	0	0	0	0	0	0	0	0	0	0	0	2004	0
LFQ	132	0	0	0	0	0	0	0	0	0	0	0	0	0	0	0	0	0	0	0	0	0	0	0	0	0	0	0	0	0	0	2004	0
LFQ	133	0	0	0	0	0	0	0	0	0	0	0	0	0	0	0	0	0	0	0	0	0	0	0	0	0	0	0	0	0	0	2004	0
LFQ	134	0	0	0	0	0	0	0	0	0	0	0	0	0	0	0	0	0	0	0	0	0	0	0	0	0	0	0	0	0	0	2004	0
LFQ	135	0	0	0	0	0	0	0	0	0	0	0	0	0	0	0	0	0	0	0	0	0	0	0	0	0	0	0	0	0	0	2004	0
LFQ	136	0	0	0	0	0	0	0	0	0	0	0	0	0	0	0	0	0	0	0	0	0	0	0	0	0	0	0	0	0	0	2004	0
LFQ	137	0	0	0	0	0	0	0	0	0	0	0	0	0	0	0	0	0	0	0	0	0	0	0	0	0	0	0	0	0	0	2004	0
LFQ	138	0	0	0	0	0	0	0	0	0	0	0	0	0	0	0	0	0	0	0	0	0	0	0	0	0	0	0	0	0	0	2004	0
LFQ	139	0	0	0	0	0	0	0	0	0	0	0	0	0	0	0	0	0	0	0	0	0	0	0	0	0	0	0	0	0	0	2004	0
LFQ	140	0	0	0	0	0	0	0	0	0	0	0	0	0	0	0	0	0	0	0	0	0	0	0	0	0	0	0	0	0	0	2004	0
LFQ	141	0	0	0	0	0	0	0	0	0	0	0	0	0	0	0	0	0	0	0	0	0	0	0	0	0	0	0	0	0	0	2004	0
LFQ	142	0	0	0	0	0	0	0	0	0	0	0	0	0	0	0	0	0	0	0	0	0	0	0	0	0	0	0	0	0	0	2004	0
LFQ	143	0	0	0	0	0	0	0	0	0	0	0	0	0	0	0	0	0	0	0	0	0	0	0	0	0	0	0	0	0	0	2004	0
LFQ	144	0	0	0	0	0	0	0	0	0	0	0	0	0	0	0	0	0	0	0	0	0	0	0	0	0	0	0	0	0	0	2004	0
LFQ	145	0	0	0	0	0	0	0	0	0	0	0	0	0	0	0	0	0	0	0	0	0	0	0	0	0	0	0	0	0	0	2004	0
LFQ	146	0	0	0	0	0	0	0	0	0	0	0	0	0	0	0	0	0	0	0	0	0	0	0	0	0	0	0	0	0	0	2004	0
LFQ	147	0	0	0	0	0	0	0	0	0	0	0	0	0	0	0	0	0	0	0	0	0	0	0	0	0	0	0	0	0	0	2004	0
LFQ	148	0	0	0	0	0	0	0	0	0	0	0	0	0	0	0	0	0	0	0	0	0	0	0	0	0	0	0	0	0	0	2004	0
LFQ	149	0	0	0	0	0	0	0	0	0	0	0	0	0	0	0	0	0	0	0	0	0	0	0	0	0	0	0	0	0	0	2004	0
LFQ	150	0	0	0	0	0	0	0	0	0	0	0	0	0	0	0	0	0	0	0	0	0	0	0	0	0	0	0	0	0	0	2004	0
# GC Content of first fragments. Use `grep ^GCF | cut -f 2-` to extract this part.
GCF	3.27	0
GCF	6.78	1
GCF	11.31	0
GCF	16.08	1
GCF	16.83	0
GCF	17.34	3
GCF	18.09	0
GCF	18.84	2
GCF	19.35	1
GCF	20.10	3
GCF	20.85	6
GCF	21.36	0
GCF	22.11	3
GCF	22.86	5
GCF	23.37	8
GCF	24.12	10
GCF	24.87	14
GCF	25.38	13
GCF	26.13	18
GCF	26.88	21
GCF	27.39	25
GCF	28.14	29
GCF	28.89	27
GCF	29.40	36
GCF	30.15	45
GCF	30.90	42
GCF	31.41	47
GCF	32.16	42
GCF	32.91	51
GCF	33.42	67
GCF	33.92	71
GCF	34.67	72
GCF	35.43	75
GCF	35.93	94
GCF	36.68	82
GCF	37.44	71
GCF	37.94	65
GCF	38.69	78
GCF	39.45	72
GCF	39.95	48
GCF	40.95	60
GCF	41.96	58
GCF	42.71	45
GCF	43.47	51
GCF	43.97	55
GCF	44.72	42
GCF	45.48	41
GCF	45.98	44
GCF	46.73	41
GCF	47.49	42
GCF	47.99	35
GCF	48.74	31
GCF	49.50	18
GCF	50.00	13
GCF	50.75	22
GCF	51.51	19
GCF	52.01	12
GCF	52.76	5
GCF	53.52	8
GCF	54.52	6
GCF	55.53	4
GCF	56.03	5
GCF	57.04	6
GCF	58.04	7
GCF	58.79	4
GCF	59.80	1
GCF	61.06	0
GCF	62.06	2
GCF	62.81	0
GCF	63.57	2
GCF	66.08	0
GCF	68.59	3
GCF	69.35	1
# GC Content of last fragments. Use `grep ^GCL | cut -f 2-` to extract this part.
GCL	3.27	0
GCL	6.78	1
GCL	10.80	0
GCL	14.82	2
GCL	15.33	1
GCL	16.58	0
GCL	18.59	1
GCL	20.10	3
GCL	21.11	2
GCL	22.11	4
GCL	22.86	7
GCL	23.37	14
GCL	24.12	5
GCL	24.87	10
GCL	25.38	11
GCL	26.13	13
GCL	26.88	21
GCL	27.89	28
GCL	28.89	21
GCL	29.40	43
GCL	30.15	33
GCL	30.90	45
GCL	31.41	46
GCL	32.16	37
GCL	32.91	54
GCL	33.42	75
GCL	33.92	70
GCL	34.67	61
GCL	35.43	68
GCL	35.93	61
GCL	36.68	87
GCL	37.44	74
GCL	37.94	58
GCL	38.69	66
GCL	39.45	71
GCL	39.95	74
GCL	40.70	75
GCL	41.46	62
GCL	41.96	75
GCL	42.71	49
GCL	43.47	60
GCL	43.97	48
GCL	44.72	53
GCL	45.48	54
GCL	45.98	41
GCL	46.73	59
GCL	47.49	38
GCL	47.99	22
GCL	48.74	25
GCL	49.50	28
GCL	50.00	15
GCL	50.75	16
GCL	51.51	12
GCL	52.01	13
GCL	52.76	5
GCL	53.52	7
GCL	54.02	5
GCL	54.77	3
GCL	55.53	5
GCL	56.03	3
GCL	56.78	6
GCL	57.54	0
GCL	58.04	3
GCL	58.79	4
GCL	59.55	7
GCL	60.55	2
GCL	62.31	0
GCL	63.82	1
GCL	64.82	0
GCL	65.58	1
GCL	66.08	0
GCL	67.09	1
GCL	68.34	0
GCL	69.85	1
# ACGT content per cycle. Use `grep ^GCC | cut -f 2-` to extract this part. The columns are: cycle; A,C,G,T base counts as a percentage of all A/C/G/T bases [%]; and N and O counts as a percentage of all A/C/G/T bases [%]
GCC	1	29.92	20.01	20.28	29.79	0.00	0.00
GCC	2	30.41	19.76	18.99	30.84	0.00	0.00
GCC	3	30.69	19.66	18.66	30.99	0.00	0.00
GCC	4	30.59	20.68	17.91	30.81	0.00	0.00
GCC	5	30.74	19.46	19.59	30.21	0.00	0.00
GCC	6	30.91	19.09	18.56	31.44	0.00	0.00
GCC	7	31.29	18.86	19.21	30.64	0.00	0.00
GCC	8	30.01	20.83	17.37	31.79	0.00	0.00
GCC	9	30.69	20.11	18.21	30.99	0.00	0.00
GCC	10	30.41	20.16	17.99	31.44	0.00	0.00
GCC	11	31.74	18.71	17.84	31.71	0.00	0.00
GCC	12	29.97	19.79	19.59	30.66	0.00	0.00
GCC	13	31.04	20.98	18.39	29.59	0.00	0.00
GCC	14	31.31	20.06	18.41	30.21	0.00	0.00
GCC	15	31.06	18.86	19.19	30.89	0.00	0.00
GCC	16	30.59	19.61	19.36	30.44	0.00	0.00
GCC	17	32.11	19.94	18.44	29.52	0.00	0.00
GCC	18	30.04	19.86	19.71	30.39	0.00	0.00
GCC	19	30.26	20.31	19.31	30.11	0.00	0.00
GCC	20	32.04	20.66	17.66	29.64	0.00	0.00
GCC	21	29.87	18.74	19.49	31.91	0.00	0.00
GCC	22	30.01	20.41	18.89	30.69	0.00	0.00
GCC	23	30.11	21.13	18.04	30.71	0.00	0.00
GCC	24	29.94	20.71	18.66	30.69	0.00	0.00
GCC	25	30.66	20.23	18.04	31.06	0.00	0.00
GCC	26	30.49	19.54	18.89	31.09	0.00	0.00
GCC	27	31.69	18.71	18.96	30.64	0.00	0.00
GCC	28	31.21	19.74	18.41	30.64	0.00	0.00
GCC	29	30.76	19.59	18.44	31.21	0.00	0.00
GCC	30	30.91	19.89	19.36	29.84	0.00	0.00
GCC	31	30.54	19.54	18.54	31.39	0.00	0.00
GCC	32	30.49	19.04	18.96	31.51	0.00	0.00
GCC	33	32.31	19.81	17.81	30.06	0.00	0.00
GCC	34	31.66	19.41	18.89	30.04	0.00	0.00
GCC	35	32.29	20.11	18.11	29.49	0.00	0.00
GCC	36	30.41	20.01	18.71	30.86	0.00	0.00
GCC	37	30.29	20.48	18.51	30.71	0.00	0.00
GCC	38	31.01	18.49	18.79	31.71	0.00	0.00
GCC	39	29.69	20.41	19.81	30.09	0.00	0.00
GCC	40	31.16	19.51	19.34	29.99	0.00	0.00
GCC	41	31.99	19.34	17.04	31.64	0.00	0.00
GCC	42	30.19	19.29	19.84	30.69	0.00	0.00
GCC	43	31.01	19.84	19.31	29.84	0.00	0.00
GCC	44	32.31	19.34	18.01	30.34	0.00	0.00
GCC	45	31.24	20.08	19.04	29.64	0.00	0.00
GCC	46	30.99	20.53	17.71	30.76	0.00	0.00
GCC	47	30.41	20.66	18.79	30.14	0.00	0.00
GCC	48	30.84	19.66	18.61	30.89	0.00	0.00
GCC	49	30.84	18.96	19.56	30.64	0.00	0.00
GCC	50	31.06	19.94	18.39	30.61	0.00	0.00
GCC	51	30.89	20.08	18.76	30.26	0.00	0.00
GCC	52	30.11	20.83	18.44	30.61	0.00	0.00
GCC	53	31.71	19.49	18.61	30.19	0.00	0.00
GCC	54	31.59	19.89	18.59	29.94	0.00	0.00
GCC	55	31.24	20.01	18.41	30.34	0.00	0.00
GCC	56	31.34	19.76	18.46	30.44	0.00	0.00
GCC	57	30.79	19.59	19.39	30.24	0.00	0.00
GCC	58	32.61	19.26	18.26	29.87	0.00	0.00
GCC	59	30.21	19.86	18.59	31.34	0.00	0.00
GCC	60	29.94	20.76	18.49	30.81	0.00	0.00
GCC	61	30.54	19.99	18.76	30.71	0.00	0.00
GCC	62	30.59	19.14	18.64	31.64	0.00	0.00
GCC	63	32.01	19.24	18.26	30.49	0.00	0.00
GCC	64	31.19	18.84	19.31	30.66	0.00	0.00
GCC	65	29.62	19.91	19.99	30.49	0.00	0.00
GCC	66	30.46	20.01	19.06	30.46	0.00	0.00
GCC	67	30.46	20.28	18.69	30.56	0.00	0.00
GCC	68	31.14	19.69	17.81	31.36	0.00	0.00
GCC	69	31.29	20.11	18.14	30.46	0.00	0.00
GCC	70	30.41	19.11	18.66	31.81	0.00	0.00
GCC	71	30.51	19.74	18.54	31.21	0.00	0.00
GCC	72	31.46	18.54	18.86	31.14	0.00	0.00
GCC	73	29.59	20.46	18.79	31.16	0.00	0.00
GCC	74	31.99	20.28	17.76	29.97	0.00	0.00
GCC	75	31.24	19.86	18.91	29.99	0.00	0.00
GCC	76	31.09	20.11	18.74	30.06	0.00	0.00
GCC	77	30.74	19.24	19.21	30.81	0.00	0.00
GCC	78	30.39	19.94	18.16	31.51	0.00	0.00
GCC	79	29.99	20.16	18.61	31.24	0.00	0.00
GCC	80	30.86	20.56	18.14	30.44	0.00	0.00
GCC	81	31.26	20.13	18.21	30.39	0.00	0.00
GCC	82	29.57	20.48	18.39	31.56	0.00	0.00
GCC	83	31.19	19.16	18.29	31.36	0.00	0.00
GCC	84	31.44	19.81	18.59	30.16	0.00	0.00
GCC	85	30.36	19.61	18.81	31.21	0.00	0.00
GCC	86	31.41	19.26	19.16	30.16	0.00	0.00
GCC	87	30.04	20.13	19.06	30.76	0.00	0.00
GCC	88	29.74	19.89	19.04	31.34	0.00	0.00
GCC	89	31.16	19.61	19.29	29.94	0.00	0.00
GCC	90	29.69	18.61	20.21	31.49	0.00	0.00
GCC	91	30.41	19.96	18.39	31.24	0.00	0.00
GCC	92	30.59	20.78	18.64	29.99	0.00	0.00
GCC	93	30.16	19.14	18.89	31.81	0.00	0.00
GCC	94	31.06	19.61	18.96	30.36	0.00	0.00
GCC	95	31.06	20.03	18.59	30.31	0.00	0.00
GCC	96	31.66	20.01	17.27	31.06	0.00	0.00
GCC	97	30.66	19.39	19.81	30.14	0.00	0.00
GCC	98	32.06	19.39	17.59	30.96	0.00	0.00
GCC	99	29.72	20.91	18.31	31.06	0.00	0.00
GCC	100	31.61	19.76	17.94	30.69	0.00	0.00
GCC	101	30.19	20.08	18.46	31.26	0.00	0.00
GCC	102	30.99	19.24	19.56	30.21	0.00	0.00
GCC	103	30.56	19.69	18.71	31.04	0.00	0.00
GCC	104	31.11	20.91	18.86	29.12	0.00	0.00
GCC	105	30.21	20.01	17.74	32.04	0.00	0.00
GCC	106	30.91	19.14	19.06	30.89	0.00	0.00
GCC	107	31.16	18.86	19.96	30.01	0.00	0.00
GCC	108	31.04	18.11	19.79	31.06	0.00	0.00
GCC	109	30.59	19.16	18.24	32.01	0.00	0.00
GCC	110	31.74	19.59	18.49	30.19	0.00	0.00
GCC	111	31.54	19.76	19.39	29.32	0.00	0.00
GCC	112	30.44	20.81	17.42	31.34	0.00	0.00
GCC	113	29.82	20.23	18.84	31.11	0.00	0.00
GCC	114	30.14	20.11	19.56	30.19	0.00	0.00
GCC	115	30.16	19.16	20.08	30.59	0.00	0.00
GCC	116	30.34	19.49	18.91	31.26	0.00	0.00
GCC	117	31.11	20.13	19.41	29.34	0.00	0.00
GCC	118	30.69	18.94	18.76	31.61	0.00	0.00
GCC	119	30.86	19.79	18.29	31.06	0.00	0.00
GCC	120	29.94	19.39	18.21	32.46	0.00	0.00
GCC	121	28.77	19.96	19.46	31.81	0.00	0.00
GCC	122	30.99	19.29	18.49	31.24	0.00	0.00
GCC	123	30.74	19.51	18.49	31.26	0.00	0.00
GCC	124	30.16	20.01	18.84	30.99	0.00	0.00
GCC	125	31.09	19.46	18.59	30.86	0.00	0.00
GCC	126	30.24	19.34	18.96	31.46	0.00	0.00
GCC	127	30.59	19.69	18.79	30.94	0.00	0.00
GCC	128	30.04	20.43	19.09	30.44	0.00	0.00
GCC	129	31.81	19.44	18.56	30.19	0.00	0.00
GCC	130	30.56	21.21	19.06	29.17	0.00	0.00
GCC	131	30.86	19.56	19.16	30.41	0.00	0.00
GCC	132	30.64	19.64	20.03	29.69	0.00	0.00
GCC	133	29.72	19.79	18.04	32.46	0.00	0.00
GCC	134	30.84	19.64	18.44	31.09	0.00	0.00
GCC	135	29.82	19.66	19.26	31.26	0.00	0.00
GCC	136	29.84	19.54	19.71	30.91	0.00	0.00
GCC	137	31.39	18.89	19.56	30.16	0.00	0.00
GCC	138	31.84	20.08	19.01	29.07	0.00	0.00
GCC	139	30.14	20.51	20.13	29.22	0.00	0.00
GCC	140	30.41	19.61	18.91	31.06	0.00	0.00
GCC	141	31.44	19.91	18.09	30.56	0.00	0.00
GCC	142	30.81	19.56	18.64	30.99	0.00	0.00
GCC	143	29.97	19.01	20.06	30.96	0.00	0.00
GCC	144	31.14	19.16	19.54	30.16	0.00	0.00
GCC	145	31.66	19.36	18.06	30.91	0.00	0.00
GCC	146	30.94	19.99	17.42	31.66	0.00	0.00
GCC	147	31.14	19.49	18.14	31.24	0.00	0.00
GCC	148	31.09	19.71	18.41	30.79	0.00	0.00
GCC	149	30.79	18.54	20.06	30.61	0.00	0.00
GCC	150	32.24	19.64	18.24	29.89	0.00	0.00
# ACGT content per cycle, read oriented. Use `grep ^GCT | cut -f 2-` to extract this part. The columns are: cycle; A,C,G,T base counts as a percentage of all A/C/G/T bases [%]
GCT	1	29.32	20.26	20.03	30.39
GCT	2	30.71	19.56	19.19	30.54
GCT	3	29.87	19.04	19.29	31.81
GCT	4	30.31	19.71	18.89	31.09
GCT	5	31.04	19.51	19.54	29.92
GCT	6	32.34	18.71	18.94	30.01
GCT	7	30.54	19.41	18.66	31.39
GCT	8	30.99	19.11	19.09	30.81
GCT	9	30.66	19.24	19.09	31.01
GCT	10	31.66	19.21	18.94	30.19
GCT	11	32.88	18.01	18.54	30.56
GCT	12	30.59	20.01	19.36	30.04
GCT	13	30.81	19.51	19.86	29.82
GCT	14	30.41	19.41	19.06	31.11
GCT	15	30.54	19.14	18.91	31.41
GCT	16	29.82	19.14	19.84	31.21
GCT	17	30.74	19.31	19.06	30.89
GCT	18	30.16	20.13	19.44	30.26
GCT	19	29.67	19.61	20.01	30.71
GCT	20	30.79	19.36	18.96	30.89
GCT	21	30.99	19.26	18.96	30.79
GCT	22	30.44	19.24	20.06	30.26
GCT	23	30.61	19.69	19.49	30.21
GCT	24	31.74	19.56	19.81	28.89
GCT	25	31.09	20.66	17.61	30.64
GCT	26	28.69	19.39	19.04	32.88
GCT	27	32.01	18.84	18.84	30.31
GCT	28	31.14	19.11	19.04	30.71
GCT	29	30.86	19.49	18.54	31.11
GCT	30	29.57	19.54	19.71	31.19
GCT	31	30.19	20.08	17.99	31.74
GCT	32	29.09	18.24	19.76	32.91
GCT	33	31.26	19.21	18.41	31.11
GCT	34	30.86	19.36	18.94	30.84
GCT	35	30.59	19.91	18.31	31.19
GCT	36	31.34	19.39	19.34	29.94
GCT	37	31.51	20.21	18.79	29.49
GCT	38	30.79	18.51	18.76	31.94
GCT	39	30.84	20.66	19.56	28.94
GCT	40	31.69	19.84	19.01	29.47
GCT	41	31.94	18.34	18.04	31.69
GCT	42	29.14	19.09	20.03	31.74
GCT	43	30.34	19.66	19.49	30.51
GCT	44	31.64	18.51	18.84	31.01
GCT	45	30.31	19.46	19.66	30.56
GCT	46	30.36	19.46	18.79	31.39
GCT	47	30.11	19.26	20.18	30.44
GCT	48	30.64	19.21	19.06	31.09
GCT	49	30.64	18.36	20.16	30.84
GCT	50	30.99	18.81	19.51	30.69
GCT	51	30.06	19.06	19.79	31.09
GCT	52	29.57	19.29	19.99	31.16
GCT	53	30.11	19.19	18.91	31.79
GCT	54	29.97	19.46	19.01	31.56
GCT	55	29.17	19.89	18.54	32.41
GCT	56	31.21	18.89	19.34	30.56
GCT	57	30.54	20.38	18.59	30.49
GCT	58	31.54	18.89	18.64	30.94
GCT	59	31.44	19.54	18.91	30.11
GCT	60	30.16	19.19	20.06	30.59
GCT	61	30.81	18.26	20.48	30.44
GCT	62	30.56	18.71	19.06	31.66
GCT	63	31.26	18.24	19.26	31.24
GCT	64	30.54	19.14	19.01	31.31
GCT	65	30.69	19.19	20.71	29.42
GCT	66	31.64	20.23	18.84	29.29
GCT	67	31.01	20.08	18.89	30.01
GCT	68	31.69	18.89	18.61	30.81
GCT	69	30.99	19.11	19.14	30.76
GCT	70	31.01	18.36	19.41	31.21
GCT	71	31.21	19.34	18.94	30.51
GCT	72	32.51	18.59	18.81	30.09
GCT	73	30.04	19.86	19.39	30.71
GCT	74	30.84	19.29	18.76	31.11
GCT	75	29.92	19.99	18.79	31.31
GCT	76	30.44	19.26	19.59	30.71
GCT	77	30.36	18.91	19.54	31.19
GCT	78	31.16	18.76	19.34	30.74
GCT	79	30.39	20.26	18.51	30.84
GCT	80	29.89	20.18	18.51	31.41
GCT	81	30.96	18.89	19.46	30.69
GCT	82	31.39	19.31	19.56	29.74
GCT	83	31.46	18.34	19.11	31.09
GCT	84	30.94	19.41	18.99	30.66
GCT	85	30.19	20.48	17.94	31.39
GCT	86	31.06	19.96	18.46	30.51
GCT	87	30.31	19.71	19.49	30.49
GCT	88	31.16	19.06	19.86	29.92
GCT	89	31.11	19.81	19.09	29.99
GCT	90	30.66	20.13	18.69	30.51
GCT	91	30.96	18.86	19.49	30.69
GCT	92	31.49	20.48	18.94	29.09
GCT	93	30.84	19.61	18.41	31.14
GCT	94	30.81	19.61	18.96	30.61
GCT	95	32.41	18.14	20.48	28.97
GCT	96	31.61	18.46	18.81	31.11
GCT	97	31.31	19.74	19.46	29.49
GCT	98	32.63	18.11	18.86	30.39
GCT	99	31.01	20.61	18.61	29.77
GCT	100	30.79	19.24	18.46	31.51
GCT	101	31.34	19.79	18.76	30.11
GCT	102	30.21	19.01	19.79	30.99
GCT	103	30.74	19.36	19.04	30.86
GCT	104	29.67	19.71	20.06	30.56
GCT	105	31.49	18.49	19.26	30.76
GCT	106	29.89	18.66	19.54	31.91
GCT	107	31.01	19.66	19.16	30.16
GCT	108	31.74	19.01	18.89	30.36
GCT	109	32.34	18.76	18.64	30.26
GCT	110	30.96	18.96	19.11	30.96
GCT	111	29.94	19.41	19.74	30.91
GCT	112	31.26	19.14	19.09	30.51
GCT	113	31.54	19.91	19.16	29.39
GCT	114	29.79	20.81	18.86	30.54
GCT	115	29.52	20.26	18.99	31.24
GCT	116	30.61	19.01	19.39	30.99
GCT	117	31.14	20.06	19.49	29.32
GCT	118	31.06	18.91	18.79	31.24
GCT	119	30.96	18.29	19.79	30.96
GCT	120	32.53	18.39	19.21	29.87
GCT	121	30.39	20.03	19.39	30.19
GCT	122	31.31	18.91	18.86	30.91
GCT	123	31.66	19.24	18.76	30.34
GCT	124	30.46	19.41	19.44	30.69
GCT	125	31.64	19.31	18.74	30.31
GCT	126	30.54	18.74	19.56	31.16
GCT	127	30.96	19.31	19.16	30.56
GCT	128	29.99	19.49	20.03	30.49
GCT	129	30.84	18.56	19.44	31.16
GCT	130	28.42	20.01	20.26	31.31
GCT	131	30.26	19.41	19.31	31.01
GCT	132	29.64	20.08	19.59	30.69
GCT	133	30.51	19.39	18.44	31.66
GCT	134	30.26	19.71	18.36	31.66
GCT	135	32.04	19.74	19.19	29.04
GCT	136	28.89	19.09	20.16	31.86
GCT	137	31.49	19.49	18.96	30.06
GCT	138	30.36	19.61	19.49	30.54
GCT	139	29.37	19.54	21.11	29.99
GCT	140	30.74	19.89	18.64	30.74
GCT	141	32.26	19.09	18.91	29.74
GCT	142	31.16	19.21	18.99	30.64
GCT	143	30.39	19.74	19.34	30.54
GCT	144	30.61	19.69	19.01	30.69
GCT	145	31.09	18.59	18.84	31.49
GCT	146	32.26	18.71	18.69	30.34
GCT	147	31.26	19.16	18.46	31.11
GCT	148	31.14	18.36	19.76	30.74
GCT	149	31.49	19.04	19.56	29.92
GCT	150	30.71	18.66	19.21	31.41
# ACGT content per cycle for first fragments. Use `grep ^FBC | cut -f 2-` to extract this part. The columns are: cycle; A,C,G,T base counts as a percentage of all A/C/G/T bases [%]; and N and O counts as a percentage of all A/C/G/T bases [%]
FBC	1	29.79	20.81	19.86	29.54	0.00	0.00
FBC	2	31.14	19.06	19.26	30.54	0.00	0.00
FBC	3	32.19	19.11	17.47	31.24	0.00	0.00
FBC	4	29.84	21.41	18.06	30.69	0.00	0.00
FBC	5	30.69	19.51	18.81	30.99	0.00	0.00
FBC	6	31.64	20.36	18.01	29.99	0.00	0.00
FBC	7	30.79	19.21	18.41	31.59	0.00	0.00
FBC	8	29.44	21.11	16.92	32.53	0.00	0.00
FBC	9	30.34	19.96	17.86	31.84	0.00	0.00
FBC	10	30.69	20.21	18.46	30.64	0.00	0.00
FBC	11	31.84	18.76	16.57	32.83	0.00	0.00
FBC	12	30.79	20.51	18.71	29.99	0.00	0.00
FBC	13	30.29	22.06	18.91	28.74	0.00	0.00
FBC	14	31.74	20.81	18.06	29.39	0.00	0.00
FBC	15	31.94	18.21	18.46	31.39	0.00	0.00
FBC	16	31.14	19.76	18.16	30.94	0.00	0.00
FBC	17	31.69	19.76	18.41	30.14	0.00	0.00
FBC	18	30.29	20.81	19.36	29.54	0.00	0.00
FBC	19	29.64	20.31	19.26	30.79	0.00	0.00
FBC	20	31.79	20.66	17.47	30.09	0.00	0.00
FBC	21	29.29	19.26	18.86	32.58	0.00	0.00
FBC	22	30.09	20.06	19.11	30.74	0.00	0.00
FBC	23	30.59	20.56	18.46	30.39	0.00	0.00
FBC	24	29.74	20.61	18.66	30.99	0.00	0.00
FBC	25	30.54	20.31	17.27	31.89	0.00	0.00
FBC	26	30.54	19.31	19.21	30.94	0.00	0.00
FBC	27	32.29	18.11	18.81	30.79	0.00	0.00
FBC	28	31.04	20.61	17.71	30.64	0.00	0.00
FBC	29	30.04	19.11	17.71	33.13	0.00	0.00
FBC	30	30.74	20.56	18.61	30.09	0.00	0.00
FBC	31	29.44	20.61	18.91	31.04	0.00	0.00
FBC	32	30.69	19.01	19.36	30.94	0.00	0.00
FBC	33	32.73	19.26	17.96	30.04	0.00	0.00
FBC	34	32.19	18.86	19.16	29.79	0.00	0.00
FBC	35	32.24	20.76	17.96	29.04	0.00	0.00
FBC	36	31.39	18.96	18.96	30.69	0.00	0.00
FBC	37	30.44	21.06	17.27	31.24	0.00	0.00
FBC	38	32.14	17.17	18.86	31.84	0.00	0.00
FBC	39	30.19	19.61	20.16	30.04	0.00	0.00
FBC	40	31.19	18.66	19.21	30.94	0.00	0.00
FBC	41	32.98	18.46	17.02	31.54	0.00	0.00
FBC	42	29.84	18.91	21.11	30.14	0.00	0.00
FBC	43	30.84	20.41	18.36	30.39	0.00	0.00
FBC	44	32.49	19.76	17.27	30.49	0.00	0.00
FBC	45	30.89	20.36	19.36	29.39	0.00	0.00
FBC	46	30.59	19.86	18.71	30.84	0.00	0.00
FBC	47	29.69	21.26	18.51	30.54	0.00	0.00
FBC	48	29.49	19.06	19.06	32.39	0.00	0.00
FBC	49	31.04	18.81	19.71	30.44	0.00	0.00
FBC	50	31.19	19.91	18.96	29.94	0.00	0.00
FBC	51	30.79	20.11	19.86	29.24	0.00	0.00
FBC	52	30.14	21.46	18.41	29.99	0.00	0.00
FBC	53	32.44	19.36	18.51	29.69	0.00	0.00
FBC	54	30.89	20.51	18.61	29.99	0.00	0.00
FBC	55	32.63	18.96	18.61	29.79	0.00	0.00
FBC	56	31.09	19.01	19.11	30.79	0.00	0.00
FBC	57	30.94	19.66	19.96	29.44	0.00	0.00
FBC	58	32.83	18.71	18.61	29.84	0.00	0.00
FBC	59	30.64	20.16	18.11	31.09	0.00	0.00
FBC	60	29.29	21.11	17.91	31.69	0.00	0.00
FBC	61	30.39	20.96	18.46	30.19	0.00	0.00
FBC	62	28.99	20.91	18.76	31.34	0.00	0.00
FBC	63	32.29	19.26	18.86	29.59	0.00	0.00
FBC	64	31.79	18.86	18.36	30.99	0.00	0.00
FBC	65	29.69	19.96	20.06	30.29	0.00	0.00
FBC	66	31.09	20.01	19.06	29.84	0.00	0.00
FBC	67	30.14	21.01	19.06	29.79	0.00	0.00
FBC	68	30.29	18.81	17.71	33.18	0.00	0.00
FBC	69	30.09	20.46	18.41	31.04	0.00	0.00
FBC	70	30.49	19.16	18.86	31.49	0.00	0.00
FBC	71	31.14	20.06	18.51	30.29	0.00	0.00
FBC	72	32.04	18.46	17.66	31.84	0.00	0.00
FBC	73	29.39	21.01	19.31	30.29	0.00	0.00
FBC	74	33.78	19.01	18.31	28.89	0.00	0.00
FBC	75	31.69	19.21	19.51	29.59	0.00	0.00
FBC	76	32.29	20.06	18.71	28.94	0.00	0.00
FBC	77	31.84	18.71	18.91	30.54	0.00	0.00
FBC	78	30.24	21.11	17.76	30.89	0.00	0.00
FBC	79	29.64	19.86	19.86	30.64	0.00	0.00
FBC	80	31.24	20.06	17.76	30.94	0.00	0.00
FBC	81	31.19	19.46	17.86	31.49	0.00	0.00
FBC	82	29.89	19.41	19.81	30.89	0.00	0.00
FBC	83	32.19	17.81	17.96	32.04	0.00	0.00
FBC	84	32.53	18.76	18.31	30.39	0.00	0.00
FBC	85	30.09	20.46	19.71	29.74	0.00	0.00
FBC	86	31.99	19.26	18.76	29.99	0.00	0.00
FBC	87	29.14	20.96	19.01	30.89	0.00	0.00
FBC	88	30.24	18.61	19.31	31.84	0.00	0.00
FBC	89	32.04	20.11	18.51	29.34	0.00	0.00
FBC	90	28.29	18.76	20.01	32.93	0.00	0.00
FBC	91	30.69	19.96	18.56	30.79	0.00	0.00
FBC	92	29.19	22.60	18.76	29.44	0.00	0.00
FBC	93	29.59	19.46	19.56	31.39	0.00	0.00
FBC	94	30.44	20.06	18.76	30.74	0.00	0.00
FBC	95	31.04	18.71	20.36	29.89	0.00	0.00
FBC	96	31.84	20.21	17.27	30.69	0.00	0.00
FBC	97	31.69	19.01	19.91	29.39	0.00	0.00
FBC	98	31.89	19.01	17.71	31.39	0.00	0.00
FBC	99	29.54	20.51	18.46	31.49	0.00	0.00
FBC	100	31.29	19.86	18.11	30.74	0.00	0.00
FBC	101	29.84	19.81	18.61	31.74	0.00	0.00
FBC	102	31.04	19.11	19.21	30.64	0.00	0.00
FBC	103	30.99	18.61	18.86	31.54	0.00	0.00
FBC	104	30.54	20.66	19.56	29.24	0.00	0.00
FBC	105	29.69	19.56	17.61	33.13	0.00	0.00
FBC	106	30.29	18.61	19.16	31.94	0.00	0.00
FBC	107	31.59	19.26	18.86	30.29	0.00	0.00
FBC	108	30.74	18.26	19.31	31.69	0.00	0.00
FBC	109	31.39	19.01	17.47	32.14	0.00	0.00
FBC	110	31.89	20.51	17.37	30.24	0.00	0.00
FBC	111	31.69	20.31	19.51	28.49	0.00	0.00
FBC	112	31.34	21.31	16.12	31.24	0.00	0.00
FBC	113	30.14	19.06	18.61	32.19	0.00	0.00
FBC	114	29.89	19.96	20.16	29.99	0.00	0.00
FBC	115	30.64	18.76	19.71	30.89	0.00	0.00
FBC	116	28.99	19.61	19.31	32.09	0.00	0.00
FBC	117	31.64	19.51	18.96	29.89	0.00	0.00
FBC	118	30.34	19.61	18.91	31.14	0.00	0.00
FBC	119	30.24	20.46	18.71	30.59	0.00	0.00
FBC	120	31.99	19.06	17.51	31.44	0.00	0.00
FBC	121	29.19	19.36	19.86	31.59	0.00	0.00
FBC	122	29.54	19.61	19.06	31.79	0.00	0.00
FBC	123	31.24	20.16	17.56	31.04	0.00	0.00
FBC	124	29.74	21.01	17.47	31.79	0.00	0.00
FBC	125	30.74	20.21	17.96	31.09	0.00	0.00
FBC	126	30.64	18.26	19.36	31.74	0.00	0.00
FBC	127	29.99	19.01	20.71	30.29	0.00	0.00
FBC	128	29.54	19.26	19.96	31.24	0.00	0.00
FBC	129	30.94	19.36	18.56	31.14	0.00	0.00
FBC	130	30.54	21.21	19.16	29.09	0.00	0.00
FBC	131	30.64	19.71	18.26	31.39	0.00	0.00
FBC	132	31.54	18.71	20.11	29.64	0.00	0.00
FBC	133	29.29	19.11	18.61	32.98	0.00	0.00
FBC	134	30.74	18.81	19.61	30.84	0.00	0.00
FBC	135	29.64	19.01	18.01	33.33	0.00	0.00
FBC	136	29.99	20.51	18.46	31.04	0.00	0.00
FBC	137	31.99	19.61	18.86	29.54	0.00	0.00
FBC	138	32.09	20.76	18.06	29.09	0.00	0.00
FBC	139	31.34	18.96	20.11	29.59	0.00	0.00
FBC	140	30.09	20.21	18.76	30.94	0.00	0.00
FBC	141	30.59	19.76	18.41	31.24	0.00	0.00
FBC	142	31.44	20.26	17.51	30.79	0.00	0.00
FBC	143	30.94	18.56	19.61	30.89	0.00	0.00
FBC	144	31.49	19.86	18.86	29.79	0.00	0.00
FBC	145	31.39	18.81	18.06	31.74	0.00	0.00
FBC	146	32.39	18.96	16.82	31.84	0.00	0.00
FBC	147	31.19	20.21	17.17	31.44	0.00	0.00
FBC	148	29.99	20.01	19.81	30.19	0.00	0.00
FBC	149	30.64	19.06	20.06	30.24	0.00	0.00
FBC	150	32.93	18.91	17.96	30.19	0.00	0.00
# ACGT raw counters for first fragments. Use `grep ^FTC | cut -f 2-` to extract this part. The columns are: A,C,G,T,N base counters
FTC	92714	59299	56145	92442	0
# ACGT content per cycle for last fragments. Use `grep ^LBC | cut -f 2-` to extract this part. The columns are: cycle; A,C,G,T base counts as a percentage of all A/C/G/T bases [%]; and N and O counts as a percentage of all A/C/G/T bases [%]
LBC	1	30.04	19.21	20.71	30.04	0.00	0.00
LBC	2	29.69	20.46	18.71	31.14	0.00	0.00
LBC	3	29.19	20.21	19.86	30.74	0.00	0.00
LBC	4	31.34	19.96	17.76	30.94	0.00	0.00
LBC	5	30.79	19.41	20.36	29.44	0.00	0.00
LBC	6	30.19	17.81	19.11	32.88	0.00	0.00
LBC	7	31.79	18.51	20.01	29.69	0.00	0.00
LBC	8	30.59	20.56	17.81	31.04	0.00	0.00
LBC	9	31.04	20.26	18.56	30.14	0.00	0.00
LBC	10	30.14	20.11	17.51	32.24	0.00	0.00
LBC	11	31.64	18.66	19.11	30.59	0.00	0.00
LBC	12	29.14	19.06	20.46	31.34	0.00	0.00
LBC	13	31.79	19.91	17.86	30.44	0.00	0.00
LBC	14	30.89	19.31	18.76	31.04	0.00	0.00
LBC	15	30.19	19.51	19.91	30.39	0.00	0.00
LBC	16	30.04	19.46	20.56	29.94	0.00	0.00
LBC	17	32.53	20.11	18.46	28.89	0.00	0.00
LBC	18	29.79	18.91	20.06	31.24	0.00	0.00
LBC	19	30.89	20.31	19.36	29.44	0.00	0.00
LBC	20	32.29	20.66	17.86	29.19	0.00	0.00
LBC	21	30.44	18.21	20.11	31.24	0.00	0.00
LBC	22	29.94	20.76	18.66	30.64	0.00	0.00
LBC	23	29.64	21.71	17.61	31.04	0.00	0.00
LBC	24	30.14	20.81	18.66	30.39	0.00	0.00
LBC	25	30.79	20.16	18.81	30.24	0.00	0.00
LBC	26	30.44	19.76	18.56	31.24	0.00	0.00
LBC	27	31.09	19.31	19.11	30.49	0.00	0.00
LBC	28	31.39	18.86	19.11	30.64	0.00	0.00
LBC	29	31.49	20.06	19.16	29.29	0.00	0.00
LBC	30	31.09	19.21	20.11	29.59	0.00	0.00
LBC	31	31.64	18.46	18.16	31.74	0.00	0.00
LBC	32	30.29	19.06	18.56	32.09	0.00	0.00
LBC	33	31.89	20.36	17.66	30.09	0.00	0.00
LBC	34	31.14	19.96	18.61	30.29	0.00	0.00
LBC	35	32.34	19.46	18.26	29.94	0.00	0.00
LBC	36	29.44	21.06	18.46	31.04	0.00	0.00
LBC	37	30.14	19.91	19.76	30.19	0.00	0.00
LBC	38	29.89	19.81	18.71	31.59	0.00	0.00
LBC	39	29.19	21.21	19.46	30.14	0.00	0.00
LBC	40	31.14	20.36	19.46	29.04	0.00	0.00
LBC	41	30.99	20.21	17.07	31.74	0.00	0.00
LBC	42	30.54	19.66	18.56	31.24	0.00	0.00
LBC	43	31.19	19.26	20.26	29.29	0.00	0.00
LBC	44	32.14	18.91	18.76	30.19	0.00	0.00
LBC	45	31.59	19.81	18.71	29.89	0.00	0.00
LBC	46	31.39	21.21	16.72	30.69	0.00	0.00
LBC	47	31.14	20.06	19.06	29.74	0.00	0.00
LBC	48	32.19	20.26	18.16	29.39	0.00	0.00
LBC	49	30.64	19.11	19.41	30.84	0.00	0.00
LBC	50	30.94	19.96	17.81	31.29	0.00	0.00
LBC	51	30.99	20.06	17.66	31.29	0.00	0.00
LBC	52	30.09	20.21	18.46	31.24	0.00	0.00
LBC	53	30.99	19.61	18.71	30.69	0.00	0.00
LBC	54	32.29	19.26	18.56	29.89	0.00	0.00
LBC	55	29.84	21.06	18.21	30.89	0.00	0.00
LBC	56	31.59	20.51	17.81	30.09	0.00	0.00
LBC	57	30.64	19.51	18.81	31.04	0.00	0.00
LBC	58	32.39	19.81	17.91	29.89	0.00	0.00
LBC	59	29.79	19.56	19.06	31.59	0.00	0.00
LBC	60	30.59	20.41	19.06	29.94	0.00	0.00
LBC	61	30.69	19.01	19.06	31.24	0.00	0.00
LBC	62	32.19	17.37	18.51	31.94	0.00	0.00
LBC	63	31.74	19.21	17.66	31.39	0.00	0.00
LBC	64	30.59	18.81	20.26	30.34	0.00	0.00
LBC	65	29.54	19.86	19.91	30.69	0.00	0.00
LBC	66	29.84	20.01	19.06	31.09	0.00	0.00
LBC	67	30.79	19.56	18.31	31.34	0.00	0.00
LBC	68	31.99	20.56	17.91	29.54	0.00	0.00
LBC	69	32.49	19.76	17.86	29.89	0.00	0.00
LBC	70	30.34	19.06	18.46	32.14	0.00	0.00
LBC	71	29.89	19.41	18.56	32.14	0.00	0.00
LBC	72	30.89	18.61	20.06	30.44	0.00	0.00
LBC	73	29.79	19.91	18.26	32.04	0.00	0.00
LBC	74	30.19	21.56	17.22	31.04	0.00	0.00
LBC	75	30.79	20.51	18.31	30.39	0.00	0.00
LBC	76	29.89	20.16	18.76	31.19	0.00	0.00
LBC	77	29.64	19.76	19.51	31.09	0.00	0.00
LBC	78	30.54	18.76	18.56	32.14	0.00	0.00
LBC	79	30.34	20.46	17.37	31.84	0.00	0.00
LBC	80	30.49	21.06	18.51	29.94	0.00	0.00
LBC	81	31.34	20.81	18.56	29.29	0.00	0.00
LBC	82	29.24	21.56	16.97	32.24	0.00	0.00
LBC	83	30.19	20.51	18.61	30.69	0.00	0.00
LBC	84	30.34	20.86	18.86	29.94	0.00	0.00
LBC	85	30.64	18.76	17.91	32.68	0.00	0.00
LBC	86	30.84	19.26	19.56	30.34	0.00	0.00
LBC	87	30.94	19.31	19.11	30.64	0.00	0.00
LBC	88	29.24	21.16	18.76	30.84	0.00	0.00
LBC	89	30.29	19.11	20.06	30.54	0.00	0.00
LBC	90	31.09	18.46	20.41	30.04	0.00	0.00
LBC	91	30.14	19.96	18.21	31.69	0.00	0.00
LBC	92	31.99	18.96	18.51	30.54	0.00	0.00
LBC	93	30.74	18.81	18.21	32.24	0.00	0.00
LBC	94	31.69	19.16	19.16	29.99	0.00	0.00
LBC	95	31.09	21.36	16.82	30.74	0.00	0.00
LBC	96	31.49	19.81	17.27	31.44	0.00	0.00
LBC	97	29.64	19.76	19.71	30.89	0.00	0.00
LBC	98	32.24	19.76	17.47	30.54	0.00	0.00
LBC	99	29.89	21.31	18.16	30.64	0.00	0.00
LBC	100	31.94	19.66	17.76	30.64	0.00	0.00
LBC	101	30.54	20.36	18.31	30.79	0.00	0.00
LBC	102	30.94	19.36	19.91	29.79	0.00	0.00
LBC	103	30.14	20.76	18.56	30.54	0.00	0.00
LBC	104	31.69	21.16	18.16	28.99	0.00	0.00
LBC	105	30.74	20.46	17.86	30.94	0.00	0.00
LBC	106	31.54	19.66	18.96	29.84	0.00	0.00
LBC	107	30.74	18.46	21.06	29.74	0.00	0.00
LBC	108	31.34	17.96	20.26	30.44	0.00	0.00
LBC	109	29.79	19.31	19.01	31.89	0.00	0.00
LBC	110	31.59	18.66	19.61	30.14	0.00	0.00
LBC	111	31.39	19.21	19.26	30.14	0.00	0.00
LBC	112	29.54	20.31	18.71	31.44	0.00	0.00
LBC	113	29.49	21.41	19.06	30.04	0.00	0.00
LBC	114	30.39	20.26	18.96	30.39	0.00	0.00
LBC	115	29.69	19.56	20.46	30.29	0.00	0.00
LBC	116	31.69	19.36	18.51	30.44	0.00	0.00
LBC	117	30.59	20.76	19.86	28.79	0.00	0.00
LBC	118	31.04	18.26	18.61	32.09	0.00	0.00
LBC	119	31.49	19.11	17.86	31.54	0.00	0.00
LBC	120	27.89	19.71	18.91	33.48	0.00	0.00
LBC	121	28.34	20.56	19.06	32.04	0.00	0.00
LBC	122	32.44	18.96	17.91	30.69	0.00	0.00
LBC	123	30.24	18.86	19.41	31.49	0.00	0.00
LBC	124	30.59	19.01	20.21	30.19	0.00	0.00
LBC	125	31.44	18.71	19.21	30.64	0.00	0.00
LBC	126	29.84	20.41	18.56	31.19	0.00	0.00
LBC	127	31.19	20.36	16.87	31.59	0.00	0.00
LBC	128	30.54	21.61	18.21	29.64	0.00	0.00
LBC	129	32.68	19.51	18.56	29.24	0.00	0.00
LBC	130	30.59	21.21	18.96	29.24	0.00	0.00
LBC	131	31.09	19.41	20.06	29.44	0.00	0.00
LBC	132	29.74	20.56	19.96	29.74	0.00	0.00
LBC	133	30.14	20.46	17.47	31.94	0.00	0.00
LBC	134	30.94	20.46	17.27	31.34	0.00	0.00
LBC	135	29.99	20.31	20.51	29.19	0.00	0.00
LBC	136	29.69	18.56	20.96	30.79	0.00	0.00
LBC	137	30.79	18.16	20.26	30.79	0.00	0.00
LBC	138	31.59	19.41	19.96	29.04	0.00	0.00
LBC	139	28.94	22.06	20.16	28.84	0.00	0.00
LBC	140	30.74	19.01	19.06	31.19	0.00	0.00
LBC	141	32.29	20.06	17.76	29.89	0.00	0.00
LBC	142	30.19	18.86	19.76	31.19	0.00	0.00
LBC	143	28.99	19.46	20.51	31.04	0.00	0.00
LBC	144	30.79	18.46	20.21	30.54	0.00	0.00
LBC	145	31.94	19.91	18.06	30.09	0.00	0.00
LBC	146	29.49	21.01	18.01	31.49	0.00	0.00
LBC	147	31.09	18.76	19.11	31.04	0.00	0.00
LBC	148	32.19	19.41	17.02	31.39	0.00	0.00
LBC	149	30.94	18.01	20.06	30.99	0.00	0.00
LBC	150	31.54	20.36	18.51	29.59	0.00	0.00
# ACGT raw counters for last fragments. Use `grep ^LTC | cut -f 2-` to extract this part. The columns are: A,C,G,T,N base counters
LTC	92388	59462	56604	92146	0
# Insert sizes. Use `grep ^IS | cut -f 2-` to extract this part. The columns are: insert size, pairs total, inward oriented pairs, outward oriented pairs, other pairs
IS	0	0	0	0	0
IS	1	0	0	0	0
IS	2	0	0	0	0
IS	3	0	0	0	0
IS	4	0	0	0	0
IS	5	0	0	0	0
IS	6	0	0	0	0
IS	7	0	0	0	0
IS	8	0	0	0	0
IS	9	0	0	0	0
IS	10	0	0	0	0
IS	11	0	0	0	0
IS	12	0	0	0	0
IS	13	0	0	0	0
IS	14	0	0	0	0
IS	15	0	0	0	0
IS	16	0	0	0	0
IS	17	0	0	0	0
IS	18	0	0	0	0
IS	19	0	0	0	0
IS	20	0	0	0	0
IS	21	0	0	0	0
IS	22	0	0	0	0
IS	23	0	0	0	0
IS	24	0	0	0	0
IS	25	0	0	0	0
IS	26	0	0	0	0
IS	27	0	0	0	0
IS	28	0	0	0	0
IS	29	0	0	0	0
IS	30	0	0	0	0
IS	31	0	0	0	0
IS	32	0	0	0	0
IS	33	0	0	0	0
IS	34	0	0	0	0
IS	35	0	0	0	0
IS	36	0	0	0	0
IS	37	0	0	0	0
IS	38	0	0	0	0
IS	39	0	0	0	0
IS	40	0	0	0	0
IS	41	0	0	0	0
IS	42	0	0	0	0
IS	43	0	0	0	0
IS	44	0	0	0	0
IS	45	0	0	0	0
IS	46	0	0	0	0
IS	47	0	0	0	0
IS	48	0	0	0	0
IS	49	0	0	0	0
IS	50	0	0	0	0
IS	51	0	0	0	0
IS	52	0	0	0	0
IS	53	0	0	0	0
IS	54	0	0	0	0
IS	55	0	0	0	0
IS	56	0	0	0	0
IS	57	0	0	0	0
IS	58	0	0	0	0
IS	59	0	0	0	0
IS	60	0	0	0	0
IS	61	0	0	0	0
IS	62	0	0	0	0
IS	63	0	0	0	0
IS	64	0	0	0	0
IS	65	0	0	0	0
IS	66	0	0	0	0
IS	67	0	0	0	0
IS	68	0	0	0	0
IS	69	0	0	0	0
IS	70	0	0	0	0
IS	71	0	0	0	0
IS	72	0	0	0	0
IS	73	0	0	0	0
IS	74	0	0	0	0
IS	75	0	0	0	0
IS	76	0	0	0	0
IS	77	0	0	0	0
IS	78	0	0	0	0
IS	79	0	0	0	0
IS	80	0	0	0	0
IS	81	0	0	0	0
IS	82	0	0	0	0
IS	83	0	0	0	0
IS	84	0	0	0	0
IS	85	0	0	0	0
IS	86	0	0	0	0
IS	87	0	0	0	0
IS	88	0	0	0	0
IS	89	0	0	0	0
IS	90	0	0	0	0
IS	91	0	0	0	0
IS	92	0	0	0	0
IS	93	0	0	0	0
IS	94	0	0	0	0
IS	95	0	0	0	0
IS	96	0	0	0	0
IS	97	0	0	0	0
IS	98	0	0	0	0
IS	99	0	0	0	0
IS	100	0	0	0	0
IS	101	0	0	0	0
IS	102	0	0	0	0
IS	103	0	0	0	0
IS	104	0	0	0	0
IS	105	0	0	0	0
IS	106	0	0	0	0
IS	107	0	0	0	0
IS	108	0	0	0	0
IS	109	0	0	0	0
IS	110	0	0	0	0
IS	111	0	0	0	0
IS	112	0	0	0	0
IS	113	0	0	0	0
IS	114	0	0	0	0
IS	115	0	0	0	0
IS	116	0	0	0	0
IS	117	0	0	0	0
IS	118	0	0	0	0
IS	119	0	0	0	0
IS	120	0	0	0	0
IS	121	0	0	0	0
IS	122	0	0	0	0
IS	123	0	0	0	0
IS	124	0	0	0	0
IS	125	0	0	0	0
IS	126	0	0	0	0
IS	127	0	0	0	0
IS	128	0	0	0	0
IS	129	0	0	0	0
IS	130	0	0	0	0
IS	131	0	0	0	0
IS	132	0	0	0	0
IS	133	0	0	0	0
IS	134	0	0	0	0
IS	135	0	0	0	0
IS	136	0	0	0	0
IS	137	0	0	0	0
IS	138	0	0	0	0
IS	139	0	0	0	0
IS	140	0	0	0	0
IS	141	0	0	0	0
IS	142	0	0	0	0
IS	143	0	0	0	0
IS	144	0	0	0	0
IS	145	0	0	0	0
IS	146	0	0	0	0
IS	147	0	0	0	0
IS	148	0	0	0	0
IS	149	0	0	0	0
IS	150	0	0	0	0
IS	151	0	0	0	0
IS	152	0	0	0	0
IS	153	0	0	0	0
IS	154	0	0	0	0
IS	155	0	0	0	0
IS	156	0	0	0	0
IS	157	0	0	0	0
IS	158	0	0	0	0
IS	159	0	0	0	0
IS	160	0	0	0	0
IS	161	0	0	0	0
IS	162	0	0	0	0
IS	163	0	0	0	0
IS	164	0	0	0	0
IS	165	0	0	0	0
IS	166	0	0	0	0
IS	167	0	0	0	0
IS	168	0	0	0	0
IS	169	0	0	0	0
IS	170	0	0	0	0
IS	171	0	0	0	0
IS	172	0	0	0	0
IS	173	0	0	0	0
IS	174	0	0	0	0
IS	175	0	0	0	0
IS	176	0	0	0	0
IS	177	0	0	0	0
IS	178	0	0	0	0
IS	179	0	0	0	0
IS	180	0	0	0	0
IS	181	0	0	0	0
IS	182	0	0	0	0
IS	183	0	0	0	0
IS	184	0	0	0	0
IS	185	0	0	0	0
IS	186	0	0	0	0
IS	187	0	0	0	0
IS	188	0	0	0	0
IS	189	0	0	0	0
IS	190	0	0	0	0
IS	191	0	0	0	0
IS	192	0	0	0	0
IS	193	0	0	0	0
IS	194	0	0	0	0
IS	195	0	0	0	0
IS	196	0	0	0	0
IS	197	0	0	0	0
IS	198	0	0	0	0
IS	199	0	0	0	0
IS	200	0	0	0	0
IS	201	0	0	0	0
IS	202	0	0	0	0
IS	203	0	0	0	0
IS	204	0	0	0	0
IS	205	0	0	0	0
IS	206	0	0	0	0
IS	207	0	0	0	0
IS	208	0	0	0	0
IS	209	0	0	0	0
IS	210	0	0	0	0
IS	211	0	0	0	0
IS	212	0	0	0	0
IS	213	0	0	0	0
IS	214	0	0	0	0
IS	215	0	0	0	0
IS	216	0	0	0	0
IS	217	0	0	0	0
IS	218	0	0	0	0
IS	219	0	0	0	0
IS	220	0	0	0	0
IS	221	0	0	0	0
IS	222	0	0	0	0
IS	223	0	0	0	0
IS	224	0	0	0	0
IS	225	0	0	0	0
IS	226	0	0	0	0
IS	227	0	0	0	0
IS	228	0	0	0	0
IS	229	0	0	0	0
IS	230	0	0	0	0
IS	231	0	0	0	0
IS	232	0	0	0	0
IS	233	0	0	0	0
IS	234	0	0	0	0
IS	235	0	0	0	0
IS	236	0	0	0	0
IS	237	0	0	0	0
IS	238	0	0	0	0
IS	239	0	0	0	0
IS	240	0	0	0	0
IS	241	0	0	0	0
IS	242	0	0	0	0
IS	243	0	0	0	0
IS	244	0	0	0	0
IS	245	0	0	0	0
IS	246	0	0	0	0
IS	247	0	0	0	0
IS	248	0	0	0	0
IS	249	0	0	0	0
IS	250	0	0	0	0
IS	251	0	0	0	0
IS	252	0	0	0	0
IS	253	0	0	0	0
IS	254	0	0	0	0
IS	255	0	0	0	0
IS	256	0	0	0	0
IS	257	0	0	0	0
IS	258	0	0	0	0
IS	259	0	0	0	0
IS	260	0	0	0	0
IS	261	0	0	0	0
IS	262	0	0	0	0
IS	263	0	0	0	0
IS	264	0	0	0	0
IS	265	0	0	0	0
IS	266	0	0	0	0
IS	267	0	0	0	0
IS	268	0	0	0	0
IS	269	0	0	0	0
IS	270	0	0	0	0
IS	271	0	0	0	0
IS	272	0	0	0	0
IS	273	0	0	0	0
IS	274	0	0	0	0
IS	275	0	0	0	0
IS	276	0	0	0	0
IS	277	0	0	0	0
IS	278	0	0	0	0
IS	279	0	0	0	0
IS	280	0	0	0	0
IS	281	0	0	0	0
IS	282	0	0	0	0
IS	283	0	0	0	0
IS	284	0	0	0	0
IS	285	0	0	0	0
IS	286	0	0	0	0
IS	287	0	0	0	0
IS	288	0	0	0	0
IS	289	0	0	0	0
IS	290	0	0	0	0
IS	291	0	0	0	0
IS	292	0	0	0	0
IS	293	0	0	0	0
IS	294	0	0	0	0
IS	295	0	0	0	0
IS	296	0	0	0	0
IS	297	0	0	0	0
IS	298	0	0	0	0
IS	299	0	0	0	0
IS	300	0	0	0	0
IS	301	0	0	0	0
IS	302	0	0	0	0
IS	303	0	0	0	0
IS	304	0	0	0	0
IS	305	0	0	0	0
IS	306	0	0	0	0
IS	307	0	0	0	0
IS	308	0	0	0	0
IS	309	0	0	0	0
IS	310	0	0	0	0
IS	311	0	0	0	0
IS	312	0	0	0	0
IS	313	0	0	0	0
IS	314	0	0	0	0
IS	315	0	0	0	0
IS	316	0	0	0	0
IS	317	0	0	0	0
IS	318	0	0	0	0
IS	319	0	0	0	0
IS	320	0	0	0	0
IS	321	0	0	0	0
IS	322	0	0	0	0
IS	323	0	0	0	0
IS	324	0	0	0	0
IS	325	0	0	0	0
IS	326	0	0	0	0
IS	327	0	0	0	0
IS	328	0	0	0	0
IS	329	0	0	0	0
IS	330	0	0	0	0
IS	331	0	0	0	0
IS	332	0	0	0	0
IS	333	0	0	0	0
IS	334	1	1	0	0
IS	335	0	0	0	0
IS	336	0	0	0	0
IS	337	0	0	0	0
IS	338	0	0	0	0
IS	339	0	0	0	0
IS	340	0	0	0	0
IS	341	0	0	0	0
IS	342	0	0	0	0
IS	343	0	0	0	0
IS	344	1	1	0	0
IS	345	1	1	0	0
IS	346	0	0	0	0
IS	347	0	0	0	0
IS	348	0	0	0	0
IS	349	0	0	0	0
IS	350	0	0	0	0
IS	351	0	0	0	0
IS	352	0	0	0	0
IS	353	0	0	0	0
IS	354	0	0	0	0
IS	355	1	1	0	0
IS	356	0	0	0	0
IS	357	1	1	0	0
IS	358	0	0	0	0
IS	359	0	0	0	0
IS	360	0	0	0	0
IS	361	0	0	0	0
IS	362	1	1	0	0
IS	363	0	0	0	0
IS	364	2	2	0	0
IS	365	0	0	0	0
IS	366	0	0	0	0
IS	367	0	0	0	0
IS	368	0	0	0	0
IS	369	0	0	0	0
IS	370	1	1	0	0
IS	371	0	0	0	0
IS	372	0	0	0	0
IS	373	0	0	0	0
IS	374	0	0	0	0
IS	375	0	0	0	0
IS	376	0	0	0	0
IS	377	2	2	0	0
IS	378	0	0	0	0
IS	379	2	2	0	0
IS	380	0	0	0	0
IS	381	3	3	0	0
IS	382	4	4	0	0
IS	383	2	2	0	0
IS	384	1	1	0	0
IS	385	2	2	0	0
IS	386	0	0	0	0
IS	387	3	3	0	0
IS	388	1	1	0	0
IS	389	4	4	0	0
IS	390	0	0	0	0
IS	391	1	1	0	0
IS	392	2	2	0	0
IS	393	1	1	0	0
IS	394	3	3	0	0
IS	395	2	2	0	0
IS	396	3	3	0	0
IS	397	1	1	0	0
IS	398	1	1	0	0
IS	399	2	2	0	0
IS	400	3	3	0	0
IS	401	2	2	0	0
IS	402	0	0	0	0
IS	403	3	3	0	0
IS	404	2	2	0	0
IS	405	1	1	0	0
IS	406	1	1	0	0
IS	407	2	2	0	0
IS	408	3	3	0	0
IS	409	1	1	0	0
IS	410	3	3	0	0
IS	411	4	4	0	0
IS	412	6	6	0	0
IS	413	3	3	0	0
IS	414	2	2	0	0
IS	415	3	3	0	0
IS	416	3	3	0	0
IS	417	4	4	0	0
IS	418	1	1	0	0
IS	419	3	3	0	0
IS	420	4	4	0	0
IS	421	4	4	0	0
IS	422	7	7	0	0
IS	423	1	1	0	0
IS	424	3	3	0	0
IS	425	2	2	0	0
IS	426	7	7	0	0
IS	427	8	8	0	0
IS	428	6	6	0	0
IS	429	13	13	0	0
IS	430	9	9	0	0
IS	431	9	9	0	0
IS	432	1	1	0	0
IS	433	4	4	0	0
IS	434	4	4	0	0
IS	435	7	7	0	0
IS	436	4	4	0	0
IS	437	10	10	0	0
IS	438	8	8	0	0
IS	439	6	6	0	0
IS	440	3	3	0	0
IS	441	6	6	0	0
IS	442	7	7	0	0
IS	443	10	10	0	0
IS	444	7	7	0	0
IS	445	4	4	0	0
IS	446	14	14	0	0
IS	447	10	10	0	0
IS	448	12	12	0	0
IS	449	8	8	0	0
IS	450	12	12	0	0
IS	451	8	8	0	0
IS	452	9	9	0	0
IS	453	12	12	0	0
IS	454	14	14	0	0
IS	455	9	9	0	0
IS	456	9	9	0	0
IS	457	13	13	0	0
IS	458	17	17	0	0
IS	459	15	15	0	0
IS	460	12	12	0	0
IS	461	17	17	0	0
IS	462	13	13	0	0
IS	463	13	13	0	0
IS	464	6	6	0	0
IS	465	10	10	0	0
IS	466	12	12	0	0
IS	467	15	15	0	0
IS	468	11	11	0	0
IS	469	12	12	0	0
IS	470	13	13	0	0
IS	471	13	13	0	0
IS	472	11	11	0	0
IS	473	14	14	0	0
IS	474	15	15	0	0
IS	475	18	18	0	0
IS	476	12	12	0	0
IS	477	23	23	0	0
IS	478	15	15	0	0
IS	479	13	13	0	0
IS	480	9	9	0	0
IS	481	10	10	0	0
IS	482	13	13	0	0
IS	483	19	19	0	0
IS	484	19	19	0	0
IS	485	12	12	0	0
IS	486	8	8	0	0
IS	487	13	13	0	0
IS	488	20	20	0	0
IS	489	15	15	0	0
IS	490	13	13	0	0
IS	491	18	18	0	0
IS	492	14	14	0	0
IS	493	12	12	0	0
IS	494	19	19	0	0
IS	495	20	20	0	0
IS	496	14	14	0	0
IS	497	19	19	0	0
IS	498	18	18	0	0
IS	499	15	15	0	0
IS	500	10	10	0	0
IS	501	21	21	0	0
IS	502	12	12	0	0
IS	503	15	15	0	0
IS	504	15	15	0	0
IS	505	16	16	0	0
IS	506	19	19	0	0
IS	507	9	9	0	0
IS	508	13	13	0	0
IS	509	14	14	0	0
IS	510	24	24	0	0
IS	511	19	19	0	0
IS	512	13	13	0	0
IS	513	21	21	0	0
IS	514	11	11	0	0
IS	515	16	16	0	0
IS	516	13	13	0	0
IS	517	17	17	0	0
IS	518	14	14	0	0
IS	519	21	21	0	0
IS	520	16	16	0	0
IS	521	11	11	0	0
IS	522	16	16	0	0
IS	523	21	21	0	0
IS	524	9	9	0	0
IS	525	18	18	0	0
IS	526	9	9	0	0
IS	527	18	18	0	0
IS	528	13	13	0	0
IS	529	18	18	0	0
IS	530	10	10	0	0
IS	531	11	11	0	0
IS	532	14	14	0	0
IS	533	15	15	0	0
IS	534	13	13	0	0
IS	535	12	12	0	0
IS	536	11	11	0	0
IS	537	11	11	0	0
IS	538	15	15	0	0
IS	539	10	10	0	0
IS	540	12	12	0	0
IS	541	8	8	0	0
IS	542	13	13	0	0
IS	543	14	14	0	0
IS	544	8	8	0	0
IS	545	9	9	0	0
IS	546	8	8	0	0
IS	547	11	11	0	0
IS	548	12	12	0	0
IS	549	14	14	0	0
IS	550	13	13	0	0
IS	551	7	7	0	0
IS	552	13	13	0	0
IS	553	8	8	0	0
IS	554	10	10	0	0
IS	555	7	7	0	0
IS	556	14	14	0	0
IS	557	7	7	0	0
IS	558	10	10	0	0
IS	559	10	10	0	0
IS	560	5	5	0	0
IS	561	13	13	0	0
IS	562	6	6	0	0
IS	563	5	5	0	0
IS	564	8	8	0	0
IS	565	7	7	0	0
IS	566	6	6	0	0
IS	567	6	6	0	0
IS	568	4	4	0	0
IS	569	10	10	0	0
IS	570	6	6	0	0
IS	571	7	7	0	0
IS	572	7	7	0	0
IS	573	2	2	0	0
IS	574	6	6	0	0
IS	575	5	5	0	0
IS	576	4	4	0	0
IS	577	2	2	0	0
IS	578	8	8	0	0
IS	579	5	5	0	0
IS	580	6	6	0	0
IS	581	4	4	0	0
IS	582	2	2	0	0
IS	583	7	7	0	0
IS	584	5	5	0	0
IS	585	1	1	0	0
IS	586	5	5	0	0
IS	587	4	4	0	0
IS	588	6	6	0	0
IS	589	4	4	0	0
IS	590	5	5	0	0
IS	591	0	0	0	0
IS	592	3	3	0	0
IS	593	3	3	0	0
IS	594	2	2	0	0
IS	595	2	2	0	0
IS	596	1	1	0	0
IS	597	3	3	0	0
IS	598	2	2	0	0
IS	599	2	2	0	0
IS	600	1	1	0	0
IS	601	0	0	0	0
IS	602	4	4	0	0
IS	603	3	3	0	0
IS	604	1	1	0	0
IS	605	2	2	0	0
IS	606	2	2	0	0
IS	607	1	1	0	0
IS	608	2	2	0	0
IS	609	1	1	0	0
IS	610	0	0	0	0
IS	611	0	0	0	0
IS	612	0	0	0	0
IS	613	1	1	0	0
IS	614	2	2	0	0
# Read lengths. Use `grep ^RL | cut -f 2-` to extract this part. The columns are: read length, count
RL	150	4008
# Read lengths - first fragments. Use `grep ^FRL | cut -f 2-` to extract this part. The columns are: read length, count
FRL	150	2004
# Read lengths - last fragments. Use `grep ^LRL | cut -f 2-` to extract this part. The columns are: read length, count
LRL	150	2004
# Mapping qualities for reads !(UNMAP|SECOND|SUPPL|QCFAIL|DUP). Use `grep ^MAPQ | cut -f 2-` to extract this part. The columns are: mapq, count
MAPQ	0	6
MAPQ	27	2
MAPQ	33	3
MAPQ	39	4
MAPQ	40	42
MAPQ	43	1
MAPQ	45	2
MAPQ	46	2
MAPQ	47	1
MAPQ	48	51
MAPQ	50	6
MAPQ	51	1
MAPQ	52	1
MAPQ	57	14
MAPQ	59	2
MAPQ	60	3870
# Indel distribution. Use `grep ^ID | cut -f 2-` to extract this part. The columns are: length, number of insertions, number of deletions
# Indels per cycle. Use `grep ^IC | cut -f 2-` to extract this part. The columns are: cycle, number of insertions (fwd), .. (rev) , number of deletions (fwd), .. (rev)
# Coverage distribution. Use `grep ^COV | cut -f 2-` to extract this part.
COV	[1-1]	1	5357
COV	[2-2]	2	9878
COV	[3-3]	3	14731
COV	[4-4]	4	18437
COV	[5-5]	5	19495
COV	[6-6]	6	17225
COV	[7-7]	7	12942
COV	[8-8]	8	8549
COV	[9-9]	9	5380
COV	[10-10]	10	2825
COV	[11-11]	11	1235
COV	[12-12]	12	581
COV	[13-13]	13	82
COV	[14-14]	14	3
# GC-depth. Use `grep ^GCD | cut -f 2-` to extract this part. The columns are: GC%, unique sequence percentiles, 10th, 25th, 50th, 75th and 90th depth percentile
GCD	0.0	15.385	0.000	0.000	0.000	0.000	0.000
GCD	37.0	38.462	2.505	2.505	2.505	2.505	2.505
GCD	38.0	61.538	2.505	2.505	2.505	2.505	2.505
GCD	39.0	76.923	2.505	2.505	2.505	2.505	2.505
GCD	40.0	92.308	2.505	2.505	2.505	2.505	2.505
GCD	45.0	100.000	2.505	2.505	2.505	2.505	2.505
