# This file was produced by samtools stats (1.20+htslib-1.21) and can be plotted using plot-bamstats
# This file contains statistics for all reads.
# The command line was:  stats sample3837.sorted.group.rmdup.bam
# CHK, Checksum	[2]Read Names	[3]Sequences	[4]Qualities
# CHK, CRC32 of reads which passed filtering followed by addition (32bit overflow)
CHK	f0982dae	bcaa2a8e	48363365
# Summary Numbers. Use `grep ^SN | cut -f 2-` to extract this part.
SN	raw total sequences:	4006	# excluding supplementary and secondary reads
SN	filtered sequences:	0
SN	sequences:	4006
SN	is sorted:	1
SN	1st fragments:	2003
SN	last fragments:	2003
SN	reads mapped:	4006
SN	reads mapped and paired:	4006	# paired-end technology bit set + both mates mapped
SN	reads unmapped:	0
SN	reads properly paired:	4006	# proper-pair bit set
SN	reads paired:	4006	# paired-end technology bit set
SN	reads duplicated:	0	# PCR or optical duplicate bit set
SN	reads MQ0:	18	# mapped and MQ=0
SN	reads QC failed:	0
SN	non-primary alignments:	0
SN	supplementary alignments:	0
SN	total length:	600893	# ignores clipping
SN	total first fragment length:	300450	# ignores clipping
SN	total last fragment length:	300443	# ignores clipping
SN	bases mapped:	600893	# ignores clipping
SN	bases mapped (cigar):	600893	# more accurate
SN	bases trimmed:	0
SN	bases duplicated:	0
SN	mismatches:	1021	# from NM fields
SN	error rate:	1.699138e-03	# mismatches / bases mapped (cigar)
SN	average length:	150
SN	average first fragment length:	150
SN	average last fragment length:	150
SN	maximum length:	150
SN	maximum first fragment length:	150
SN	maximum last fragment length:	150
SN	average quality:	30.0
SN	insert size average:	499.7
SN	insert size standard deviation:	47.9
SN	inward oriented pairs:	2003
SN	outward oriented pairs:	0
SN	pairs with other orientation:	0
SN	pairs on different chromosomes:	0
SN	percentage of properly paired reads (%):	100.0
# First Fragment Qualities. Use `grep ^FFQ | cut -f 2-` to extract this part.
# Columns correspond to qualities and rows to cycles. First column is the cycle number.
FFQ	1	0	0	0	0	0	0	0	0	0	0	0	0	0	0	0	0	0	0	0	0	0	0	0	0	0	0	0	0	0	0	2003	0
FFQ	2	0	0	0	0	0	0	0	0	0	0	0	0	0	0	0	0	0	0	0	0	0	0	0	0	0	0	0	0	0	0	2003	0
FFQ	3	0	0	0	0	0	0	0	0	0	0	0	0	0	0	0	0	0	0	0	0	0	0	0	0	0	0	0	0	0	0	2003	0
FFQ	4	0	0	0	0	0	0	0	0	0	0	0	0	0	0	0	0	0	0	0	0	0	0	0	0	0	0	0	0	0	0	2003	0
FFQ	5	0	0	0	0	0	0	0	0	0	0	0	0	0	0	0	0	0	0	0	0	0	0	0	0	0	0	0	0	0	0	2003	0
FFQ	6	0	0	0	0	0	0	0	0	0	0	0	0	0	0	0	0	0	0	0	0	0	0	0	0	0	0	0	0	0	0	2003	0
FFQ	7	0	0	0	0	0	0	0	0	0	0	0	0	0	0	0	0	0	0	0	0	0	0	0	0	0	0	0	0	0	0	2003	0
FFQ	8	0	0	0	0	0	0	0	0	0	0	0	0	0	0	0	0	0	0	0	0	0	0	0	0	0	0	0	0	0	0	2003	0
FFQ	9	0	0	0	0	0	0	0	0	0	0	0	0	0	0	0	0	0	0	0	0	0	0	0	0	0	0	0	0	0	0	2003	0
FFQ	10	0	0	0	0	0	0	0	0	0	0	0	0	0	0	0	0	0	0	0	0	0	0	0	0	0	0	0	0	0	0	2003	0
FFQ	11	0	0	0	0	0	0	0	0	0	0	0	0	0	0	0	0	0	0	0	0	0	0	0	0	0	0	0	0	0	0	2003	0
FFQ	12	0	0	0	0	0	0	0	0	0	0	0	0	0	0	0	0	0	0	0	0	0	0	0	0	0	0	0	0	0	0	2003	0
FFQ	13	0	0	0	0	0	0	0	0	0	0	0	0	0	0	0	0	0	0	0	0	0	0	0	0	0	0	0	0	0	0	2003	0
FFQ	14	0	0	0	0	0	0	0	0	0	0	0	0	0	0	0	0	0	0	0	0	0	0	0	0	0	0	0	0	0	0	2003	0
FFQ	15	0	0	0	0	0	0	0	0	0	0	0	0	0	0	0	0	0	0	0	0	0	0	0	0	0	0	0	0	0	0	2003	0
FFQ	16	0	0	0	0	0	0	0	0	0	0	0	0	0	0	0	0	0	0	0	0	0	0	0	0	0	0	0	0	0	0	2003	0
FFQ	17	0	0	0	0	0	0	0	0	0	0	0	0	0	0	0	0	0	0	0	0	0	0	0	0	0	0	0	0	0	0	2003	0
FFQ	18	0	0	0	0	0	0	0	0	0	0	0	0	0	0	0	0	0	0	0	0	0	0	0	0	0	0	0	0	0	0	2003	0
FFQ	19	0	0	0	0	0	0	0	0	0	0	0	0	0	0	0	0	0	0	0	0	0	0	0	0	0	0	0	0	0	0	2003	0
FFQ	20	0	0	0	0	0	0	0	0	0	0	0	0	0	0	0	0	0	0	0	0	0	0	0	0	0	0	0	0	0	0	2003	0
FFQ	21	0	0	0	0	0	0	0	0	0	0	0	0	0	0	0	0	0	0	0	0	0	0	0	0	0	0	0	0	0	0	2003	0
FFQ	22	0	0	0	0	0	0	0	0	0	0	0	0	0	0	0	0	0	0	0	0	0	0	0	0	0	0	0	0	0	0	2003	0
FFQ	23	0	0	0	0	0	0	0	0	0	0	0	0	0	0	0	0	0	0	0	0	0	0	0	0	0	0	0	0	0	0	2003	0
FFQ	24	0	0	0	0	0	0	0	0	0	0	0	0	0	0	0	0	0	0	0	0	0	0	0	0	0	0	0	0	0	0	2003	0
FFQ	25	0	0	0	0	0	0	0	0	0	0	0	0	0	0	0	0	0	0	0	0	0	0	0	0	0	0	0	0	0	0	2003	0
FFQ	26	0	0	0	0	0	0	0	0	0	0	0	0	0	0	0	0	0	0	0	0	0	0	0	0	0	0	0	0	0	0	2003	0
FFQ	27	0	0	0	0	0	0	0	0	0	0	0	0	0	0	0	0	0	0	0	0	0	0	0	0	0	0	0	0	0	0	2003	0
FFQ	28	0	0	0	0	0	0	0	0	0	0	0	0	0	0	0	0	0	0	0	0	0	0	0	0	0	0	0	0	0	0	2003	0
FFQ	29	0	0	0	0	0	0	0	0	0	0	0	0	0	0	0	0	0	0	0	0	0	0	0	0	0	0	0	0	0	0	2003	0
FFQ	30	0	0	0	0	0	0	0	0	0	0	0	0	0	0	0	0	0	0	0	0	0	0	0	0	0	0	0	0	0	0	2003	0
FFQ	31	0	0	0	0	0	0	0	0	0	0	0	0	0	0	0	0	0	0	0	0	0	0	0	0	0	0	0	0	0	0	2003	0
FFQ	32	0	0	0	0	0	0	0	0	0	0	0	0	0	0	0	0	0	0	0	0	0	0	0	0	0	0	0	0	0	0	2003	0
FFQ	33	0	0	0	0	0	0	0	0	0	0	0	0	0	0	0	0	0	0	0	0	0	0	0	0	0	0	0	0	0	0	2003	0
FFQ	34	0	0	0	0	0	0	0	0	0	0	0	0	0	0	0	0	0	0	0	0	0	0	0	0	0	0	0	0	0	0	2003	0
FFQ	35	0	0	0	0	0	0	0	0	0	0	0	0	0	0	0	0	0	0	0	0	0	0	0	0	0	0	0	0	0	0	2003	0
FFQ	36	0	0	0	0	0	0	0	0	0	0	0	0	0	0	0	0	0	0	0	0	0	0	0	0	0	0	0	0	0	0	2003	0
FFQ	37	0	0	0	0	0	0	0	0	0	0	0	0	0	0	0	0	0	0	0	0	0	0	0	0	0	0	0	0	0	0	2003	0
FFQ	38	0	0	0	0	0	0	0	0	0	0	0	0	0	0	0	0	0	0	0	0	0	0	0	0	0	0	0	0	0	0	2003	0
FFQ	39	0	0	0	0	0	0	0	0	0	0	0	0	0	0	0	0	0	0	0	0	0	0	0	0	0	0	0	0	0	0	2003	0
FFQ	40	0	0	0	0	0	0	0	0	0	0	0	0	0	0	0	0	0	0	0	0	0	0	0	0	0	0	0	0	0	0	2003	0
FFQ	41	0	0	0	0	0	0	0	0	0	0	0	0	0	0	0	0	0	0	0	0	0	0	0	0	0	0	0	0	0	0	2003	0
FFQ	42	0	0	0	0	0	0	0	0	0	0	0	0	0	0	0	0	0	0	0	0	0	0	0	0	0	0	0	0	0	0	2003	0
FFQ	43	0	0	0	0	0	0	0	0	0	0	0	0	0	0	0	0	0	0	0	0	0	0	0	0	0	0	0	0	0	0	2003	0
FFQ	44	0	0	0	0	0	0	0	0	0	0	0	0	0	0	0	0	0	0	0	0	0	0	0	0	0	0	0	0	0	0	2003	0
FFQ	45	0	0	0	0	0	0	0	0	0	0	0	0	0	0	0	0	0	0	0	0	0	0	0	0	0	0	0	0	0	0	2003	0
FFQ	46	0	0	0	0	0	0	0	0	0	0	0	0	0	0	0	0	0	0	0	0	0	0	0	0	0	0	0	0	0	0	2003	0
FFQ	47	0	0	0	0	0	0	0	0	0	0	0	0	0	0	0	0	0	0	0	0	0	0	0	0	0	0	0	0	0	0	2003	0
FFQ	48	0	0	0	0	0	0	0	0	0	0	0	0	0	0	0	0	0	0	0	0	0	0	0	0	0	0	0	0	0	0	2003	0
FFQ	49	0	0	0	0	0	0	0	0	0	0	0	0	0	0	0	0	0	0	0	0	0	0	0	0	0	0	0	0	0	0	2003	0
FFQ	50	0	0	0	0	0	0	0	0	0	0	0	0	0	0	0	0	0	0	0	0	0	0	0	0	0	0	0	0	0	0	2003	0
FFQ	51	0	0	0	0	0	0	0	0	0	0	0	0	0	0	0	0	0	0	0	0	0	0	0	0	0	0	0	0	0	0	2003	0
FFQ	52	0	0	0	0	0	0	0	0	0	0	0	0	0	0	0	0	0	0	0	0	0	0	0	0	0	0	0	0	0	0	2003	0
FFQ	53	0	0	0	0	0	0	0	0	0	0	0	0	0	0	0	0	0	0	0	0	0	0	0	0	0	0	0	0	0	0	2003	0
FFQ	54	0	0	0	0	0	0	0	0	0	0	0	0	0	0	0	0	0	0	0	0	0	0	0	0	0	0	0	0	0	0	2003	0
FFQ	55	0	0	0	0	0	0	0	0	0	0	0	0	0	0	0	0	0	0	0	0	0	0	0	0	0	0	0	0	0	0	2003	0
FFQ	56	0	0	0	0	0	0	0	0	0	0	0	0	0	0	0	0	0	0	0	0	0	0	0	0	0	0	0	0	0	0	2003	0
FFQ	57	0	0	0	0	0	0	0	0	0	0	0	0	0	0	0	0	0	0	0	0	0	0	0	0	0	0	0	0	0	0	2003	0
FFQ	58	0	0	0	0	0	0	0	0	0	0	0	0	0	0	0	0	0	0	0	0	0	0	0	0	0	0	0	0	0	0	2003	0
FFQ	59	0	0	0	0	0	0	0	0	0	0	0	0	0	0	0	0	0	0	0	0	0	0	0	0	0	0	0	0	0	0	2003	0
FFQ	60	0	0	0	0	0	0	0	0	0	0	0	0	0	0	0	0	0	0	0	0	0	0	0	0	0	0	0	0	0	0	2003	0
FFQ	61	0	0	0	0	0	0	0	0	0	0	0	0	0	0	0	0	0	0	0	0	0	0	0	0	0	0	0	0	0	0	2003	0
FFQ	62	0	0	0	0	0	0	0	0	0	0	0	0	0	0	0	0	0	0	0	0	0	0	0	0	0	0	0	0	0	0	2003	0
FFQ	63	0	0	0	0	0	0	0	0	0	0	0	0	0	0	0	0	0	0	0	0	0	0	0	0	0	0	0	0	0	0	2003	0
FFQ	64	0	0	0	0	0	0	0	0	0	0	0	0	0	0	0	0	0	0	0	0	0	0	0	0	0	0	0	0	0	0	2003	0
FFQ	65	0	0	0	0	0	0	0	0	0	0	0	0	0	0	0	0	0	0	0	0	0	0	0	0	0	0	0	0	0	0	2003	0
FFQ	66	0	0	0	0	0	0	0	0	0	0	0	0	0	0	0	0	0	0	0	0	0	0	0	0	0	0	0	0	0	0	2003	0
FFQ	67	0	0	0	0	0	0	0	0	0	0	0	0	0	0	0	0	0	0	0	0	0	0	0	0	0	0	0	0	0	0	2003	0
FFQ	68	0	0	0	0	0	0	0	0	0	0	0	0	0	0	0	0	0	0	0	0	0	0	0	0	0	0	0	0	0	0	2003	0
FFQ	69	0	0	0	0	0	0	0	0	0	0	0	0	0	0	0	0	0	0	0	0	0	0	0	0	0	0	0	0	0	0	2003	0
FFQ	70	0	0	0	0	0	0	0	0	0	0	0	0	0	0	0	0	0	0	0	0	0	0	0	0	0	0	0	0	0	0	2003	0
FFQ	71	0	0	0	0	0	0	0	0	0	0	0	0	0	0	0	0	0	0	0	0	0	0	0	0	0	0	0	0	0	0	2003	0
FFQ	72	0	0	0	0	0	0	0	0	0	0	0	0	0	0	0	0	0	0	0	0	0	0	0	0	0	0	0	0	0	0	2003	0
FFQ	73	0	0	0	0	0	0	0	0	0	0	0	0	0	0	0	0	0	0	0	0	0	0	0	0	0	0	0	0	0	0	2003	0
FFQ	74	0	0	0	0	0	0	0	0	0	0	0	0	0	0	0	0	0	0	0	0	0	0	0	0	0	0	0	0	0	0	2003	0
FFQ	75	0	0	0	0	0	0	0	0	0	0	0	0	0	0	0	0	0	0	0	0	0	0	0	0	0	0	0	0	0	0	2003	0
FFQ	76	0	0	0	0	0	0	0	0	0	0	0	0	0	0	0	0	0	0	0	0	0	0	0	0	0	0	0	0	0	0	2003	0
FFQ	77	0	0	0	0	0	0	0	0	0	0	0	0	0	0	0	0	0	0	0	0	0	0	0	0	0	0	0	0	0	0	2003	0
FFQ	78	0	0	0	0	0	0	0	0	0	0	0	0	0	0	0	0	0	0	0	0	0	0	0	0	0	0	0	0	0	0	2003	0
FFQ	79	0	0	0	0	0	0	0	0	0	0	0	0	0	0	0	0	0	0	0	0	0	0	0	0	0	0	0	0	0	0	2003	0
FFQ	80	0	0	0	0	0	0	0	0	0	0	0	0	0	0	0	0	0	0	0	0	0	0	0	0	0	0	0	0	0	0	2003	0
FFQ	81	0	0	0	0	0	0	0	0	0	0	0	0	0	0	0	0	0	0	0	0	0	0	0	0	0	0	0	0	0	0	2003	0
FFQ	82	0	0	0	0	0	0	0	0	0	0	0	0	0	0	0	0	0	0	0	0	0	0	0	0	0	0	0	0	0	0	2003	0
FFQ	83	0	0	0	0	0	0	0	0	0	0	0	0	0	0	0	0	0	0	0	0	0	0	0	0	0	0	0	0	0	0	2003	0
FFQ	84	0	0	0	0	0	0	0	0	0	0	0	0	0	0	0	0	0	0	0	0	0	0	0	0	0	0	0	0	0	0	2003	0
FFQ	85	0	0	0	0	0	0	0	0	0	0	0	0	0	0	0	0	0	0	0	0	0	0	0	0	0	0	0	0	0	0	2003	0
FFQ	86	0	0	0	0	0	0	0	0	0	0	0	0	0	0	0	0	0	0	0	0	0	0	0	0	0	0	0	0	0	0	2003	0
FFQ	87	0	0	0	0	0	0	0	0	0	0	0	0	0	0	0	0	0	0	0	0	0	0	0	0	0	0	0	0	0	0	2003	0
FFQ	88	0	0	0	0	0	0	0	0	0	0	0	0	0	0	0	0	0	0	0	0	0	0	0	0	0	0	0	0	0	0	2003	0
FFQ	89	0	0	0	0	0	0	0	0	0	0	0	0	0	0	0	0	0	0	0	0	0	0	0	0	0	0	0	0	0	0	2003	0
FFQ	90	0	0	0	0	0	0	0	0	0	0	0	0	0	0	0	0	0	0	0	0	0	0	0	0	0	0	0	0	0	0	2003	0
FFQ	91	0	0	0	0	0	0	0	0	0	0	0	0	0	0	0	0	0	0	0	0	0	0	0	0	0	0	0	0	0	0	2003	0
FFQ	92	0	0	0	0	0	0	0	0	0	0	0	0	0	0	0	0	0	0	0	0	0	0	0	0	0	0	0	0	0	0	2003	0
FFQ	93	0	0	0	0	0	0	0	0	0	0	0	0	0	0	0	0	0	0	0	0	0	0	0	0	0	0	0	0	0	0	2003	0
FFQ	94	0	0	0	0	0	0	0	0	0	0	0	0	0	0	0	0	0	0	0	0	0	0	0	0	0	0	0	0	0	0	2003	0
FFQ	95	0	0	0	0	0	0	0	0	0	0	0	0	0	0	0	0	0	0	0	0	0	0	0	0	0	0	0	0	0	0	2003	0
FFQ	96	0	0	0	0	0	0	0	0	0	0	0	0	0	0	0	0	0	0	0	0	0	0	0	0	0	0	0	0	0	0	2003	0
FFQ	97	0	0	0	0	0	0	0	0	0	0	0	0	0	0	0	0	0	0	0	0	0	0	0	0	0	0	0	0	0	0	2003	0
FFQ	98	0	0	0	0	0	0	0	0	0	0	0	0	0	0	0	0	0	0	0	0	0	0	0	0	0	0	0	0	0	0	2003	0
FFQ	99	0	0	0	0	0	0	0	0	0	0	0	0	0	0	0	0	0	0	0	0	0	0	0	0	0	0	0	0	0	0	2003	0
FFQ	100	0	0	0	0	0	0	0	0	0	0	0	0	0	0	0	0	0	0	0	0	0	0	0	0	0	0	0	0	0	0	2003	0
FFQ	101	0	0	0	0	0	0	0	0	0	0	0	0	0	0	0	0	0	0	0	0	0	0	0	0	0	0	0	0	0	0	2003	0
FFQ	102	0	0	0	0	0	0	0	0	0	0	0	0	0	0	0	0	0	0	0	0	0	0	0	0	0	0	0	0	0	0	2003	0
FFQ	103	0	0	0	0	0	0	0	0	0	0	0	0	0	0	0	0	0	0	0	0	0	0	0	0	0	0	0	0	0	0	2003	0
FFQ	104	0	0	0	0	0	0	0	0	0	0	0	0	0	0	0	0	0	0	0	0	0	0	0	0	0	0	0	0	0	0	2003	0
FFQ	105	0	0	0	0	0	0	0	0	0	0	0	0	0	0	0	0	0	0	0	0	0	0	0	0	0	0	0	0	0	0	2003	0
FFQ	106	0	0	0	0	0	0	0	0	0	0	0	0	0	0	0	0	0	0	0	0	0	0	0	0	0	0	0	0	0	0	2003	0
FFQ	107	0	0	0	0	0	0	0	0	0	0	0	0	0	0	0	0	0	0	0	0	0	0	0	0	0	0	0	0	0	0	2003	0
FFQ	108	0	0	0	0	0	0	0	0	0	0	0	0	0	0	0	0	0	0	0	0	0	0	0	0	0	0	0	0	0	0	2003	0
FFQ	109	0	0	0	0	0	0	0	0	0	0	0	0	0	0	0	0	0	0	0	0	0	0	0	0	0	0	0	0	0	0	2003	0
FFQ	110	0	0	0	0	0	0	0	0	0	0	0	0	0	0	0	0	0	0	0	0	0	0	0	0	0	0	0	0	0	0	2003	0
FFQ	111	0	0	0	0	0	0	0	0	0	0	0	0	0	0	0	0	0	0	0	0	0	0	0	0	0	0	0	0	0	0	2003	0
FFQ	112	0	0	0	0	0	0	0	0	0	0	0	0	0	0	0	0	0	0	0	0	0	0	0	0	0	0	0	0	0	0	2003	0
FFQ	113	0	0	0	0	0	0	0	0	0	0	0	0	0	0	0	0	0	0	0	0	0	0	0	0	0	0	0	0	0	0	2003	0
FFQ	114	0	0	0	0	0	0	0	0	0	0	0	0	0	0	0	0	0	0	0	0	0	0	0	0	0	0	0	0	0	0	2003	0
FFQ	115	0	0	0	0	0	0	0	0	0	0	0	0	0	0	0	0	0	0	0	0	0	0	0	0	0	0	0	0	0	0	2003	0
FFQ	116	0	0	0	0	0	0	0	0	0	0	0	0	0	0	0	0	0	0	0	0	0	0	0	0	0	0	0	0	0	0	2003	0
FFQ	117	0	0	0	0	0	0	0	0	0	0	0	0	0	0	0	0	0	0	0	0	0	0	0	0	0	0	0	0	0	0	2003	0
FFQ	118	0	0	0	0	0	0	0	0	0	0	0	0	0	0	0	0	0	0	0	0	0	0	0	0	0	0	0	0	0	0	2003	0
FFQ	119	0	0	0	0	0	0	0	0	0	0	0	0	0	0	0	0	0	0	0	0	0	0	0	0	0	0	0	0	0	0	2003	0
FFQ	120	0	0	0	0	0	0	0	0	0	0	0	0	0	0	0	0	0	0	0	0	0	0	0	0	0	0	0	0	0	0	2003	0
FFQ	121	0	0	0	0	0	0	0	0	0	0	0	0	0	0	0	0	0	0	0	0	0	0	0	0	0	0	0	0	0	0	2003	0
FFQ	122	0	0	0	0	0	0	0	0	0	0	0	0	0	0	0	0	0	0	0	0	0	0	0	0	0	0	0	0	0	0	2003	0
FFQ	123	0	0	0	0	0	0	0	0	0	0	0	0	0	0	0	0	0	0	0	0	0	0	0	0	0	0	0	0	0	0	2003	0
FFQ	124	0	0	0	0	0	0	0	0	0	0	0	0	0	0	0	0	0	0	0	0	0	0	0	0	0	0	0	0	0	0	2003	0
FFQ	125	0	0	0	0	0	0	0	0	0	0	0	0	0	0	0	0	0	0	0	0	0	0	0	0	0	0	0	0	0	0	2003	0
FFQ	126	0	0	0	0	0	0	0	0	0	0	0	0	0	0	0	0	0	0	0	0	0	0	0	0	0	0	0	0	0	0	2003	0
FFQ	127	0	0	0	0	0	0	0	0	0	0	0	0	0	0	0	0	0	0	0	0	0	0	0	0	0	0	0	0	0	0	2003	0
FFQ	128	0	0	0	0	0	0	0	0	0	0	0	0	0	0	0	0	0	0	0	0	0	0	0	0	0	0	0	0	0	0	2003	0
FFQ	129	0	0	0	0	0	0	0	0	0	0	0	0	0	0	0	0	0	0	0	0	0	0	0	0	0	0	0	0	0	0	2003	0
FFQ	130	0	0	0	0	0	0	0	0	0	0	0	0	0	0	0	0	0	0	0	0	0	0	0	0	0	0	0	0	0	0	2003	0
FFQ	131	0	0	0	0	0	0	0	0	0	0	0	0	0	0	0	0	0	0	0	0	0	0	0	0	0	0	0	0	0	0	2003	0
FFQ	132	0	0	0	0	0	0	0	0	0	0	0	0	0	0	0	0	0	0	0	0	0	0	0	0	0	0	0	0	0	0	2003	0
FFQ	133	0	0	0	0	0	0	0	0	0	0	0	0	0	0	0	0	0	0	0	0	0	0	0	0	0	0	0	0	0	0	2003	0
FFQ	134	0	0	0	0	0	0	0	0	0	0	0	0	0	0	0	0	0	0	0	0	0	0	0	0	0	0	0	0	0	0	2003	0
FFQ	135	0	0	0	0	0	0	0	0	0	0	0	0	0	0	0	0	0	0	0	0	0	0	0	0	0	0	0	0	0	0	2003	0
FFQ	136	0	0	0	0	0	0	0	0	0	0	0	0	0	0	0	0	0	0	0	0	0	0	0	0	0	0	0	0	0	0	2003	0
FFQ	137	0	0	0	0	0	0	0	0	0	0	0	0	0	0	0	0	0	0	0	0	0	0	0	0	0	0	0	0	0	0	2003	0
FFQ	138	0	0	0	0	0	0	0	0	0	0	0	0	0	0	0	0	0	0	0	0	0	0	0	0	0	0	0	0	0	0	2003	0
FFQ	139	0	0	0	0	0	0	0	0	0	0	0	0	0	0	0	0	0	0	0	0	0	0	0	0	0	0	0	0	0	0	2003	0
FFQ	140	0	0	0	0	0	0	0	0	0	0	0	0	0	0	0	0	0	0	0	0	0	0	0	0	0	0	0	0	0	0	2003	0
FFQ	141	0	0	0	0	0	0	0	0	0	0	0	0	0	0	0	0	0	0	0	0	0	0	0	0	0	0	0	0	0	0	2003	0
FFQ	142	0	0	0	0	0	0	0	0	0	0	0	0	0	0	0	0	0	0	0	0	0	0	0	0	0	0	0	0	0	0	2003	0
FFQ	143	0	0	0	0	0	0	0	0	0	0	0	0	0	0	0	0	0	0	0	0	0	0	0	0	0	0	0	0	0	0	2003	0
FFQ	144	0	0	0	0	0	0	0	0	0	0	0	0	0	0	0	0	0	0	0	0	0	0	0	0	0	0	0	0	0	0	2003	0
FFQ	145	0	0	0	0	0	0	0	0	0	0	0	0	0	0	0	0	0	0	0	0	0	0	0	0	0	0	0	0	0	0	2003	0
FFQ	146	0	0	0	0	0	0	0	0	0	0	0	0	0	0	0	0	0	0	0	0	0	0	0	0	0	0	0	0	0	0	2003	0
FFQ	147	0	0	0	0	0	0	0	0	0	0	0	0	0	0	0	0	0	0	0	0	0	0	0	0	0	0	0	0	0	0	2003	0
FFQ	148	0	0	0	0	0	0	0	0	0	0	0	0	0	0	0	0	0	0	0	0	0	0	0	0	0	0	0	0	0	0	2003	0
FFQ	149	0	0	0	0	0	0	0	0	0	0	0	0	0	0	0	0	0	0	0	0	0	0	0	0	0	0	0	0	0	0	2003	0
FFQ	150	0	0	0	0	0	0	0	0	0	0	0	0	0	0	0	0	0	0	0	0	0	0	0	0	0	0	0	0	0	0	2003	0
# Last Fragment Qualities. Use `grep ^LFQ | cut -f 2-` to extract this part.
# Columns correspond to qualities and rows to cycles. First column is the cycle number.
LFQ	1	0	0	0	0	0	0	0	0	0	0	0	0	0	0	0	0	0	0	0	0	0	0	0	0	0	0	0	0	0	0	2003	0
LFQ	2	0	0	0	0	0	0	0	0	0	0	0	0	0	0	0	0	0	0	0	0	0	0	0	0	0	0	0	0	0	0	2003	0
LFQ	3	0	0	0	0	0	0	0	0	0	0	0	0	0	0	0	0	0	0	0	0	0	0	0	0	0	0	0	0	0	0	2003	0
LFQ	4	0	0	0	0	0	0	0	0	0	0	0	0	0	0	0	0	0	0	0	0	0	0	0	0	0	0	0	0	0	0	2003	0
LFQ	5	0	0	0	0	0	0	0	0	0	0	0	0	0	0	0	0	0	0	0	0	0	0	0	0	0	0	0	0	0	0	2003	0
LFQ	6	0	0	0	0	0	0	0	0	0	0	0	0	0	0	0	0	0	0	0	0	0	0	0	0	0	0	0	0	0	0	2003	0
LFQ	7	0	0	0	0	0	0	0	0	0	0	0	0	0	0	0	0	0	0	0	0	0	0	0	0	0	0	0	0	0	0	2003	0
LFQ	8	0	0	0	0	0	0	0	0	0	0	0	0	0	0	0	0	0	0	0	0	0	0	0	0	0	0	0	0	0	0	2003	0
LFQ	9	0	0	0	0	0	0	0	0	0	0	0	0	0	0	0	0	0	0	0	0	0	0	0	0	0	0	0	0	0	0	2003	0
LFQ	10	0	0	0	0	0	0	0	0	0	0	0	0	0	0	0	0	0	0	0	0	0	0	0	0	0	0	0	0	0	0	2003	0
LFQ	11	0	0	0	0	0	0	0	0	0	0	0	0	0	0	0	0	0	0	0	0	0	0	0	0	0	0	0	0	0	0	2003	0
LFQ	12	0	0	0	0	0	0	0	0	0	0	0	0	0	0	0	0	0	0	0	0	0	0	0	0	0	0	0	0	0	0	2003	0
LFQ	13	0	0	0	0	0	0	0	0	0	0	0	0	0	0	0	0	0	0	0	0	0	0	0	0	0	0	0	0	0	0	2003	0
LFQ	14	0	0	0	0	0	0	0	0	0	0	0	0	0	0	0	0	0	0	0	0	0	0	0	0	0	0	0	0	0	0	2003	0
LFQ	15	0	0	0	0	0	0	0	0	0	0	0	0	0	0	0	0	0	0	0	0	0	0	0	0	0	0	0	0	0	0	2003	0
LFQ	16	0	0	0	0	0	0	0	0	0	0	0	0	0	0	0	0	0	0	0	0	0	0	0	0	0	0	0	0	0	0	2003	0
LFQ	17	0	0	0	0	0	0	0	0	0	0	0	0	0	0	0	0	0	0	0	0	0	0	0	0	0	0	0	0	0	0	2003	0
LFQ	18	0	0	0	0	0	0	0	0	0	0	0	0	0	0	0	0	0	0	0	0	0	0	0	0	0	0	0	0	0	0	2003	0
LFQ	19	0	0	0	0	0	0	0	0	0	0	0	0	0	0	0	0	0	0	0	0	0	0	0	0	0	0	0	0	0	0	2003	0
LFQ	20	0	0	0	0	0	0	0	0	0	0	0	0	0	0	0	0	0	0	0	0	0	0	0	0	0	0	0	0	0	0	2003	0
LFQ	21	0	0	0	0	0	0	0	0	0	0	0	0	0	0	0	0	0	0	0	0	0	0	0	0	0	0	0	0	0	0	2003	0
LFQ	22	0	0	0	0	0	0	0	0	0	0	0	0	0	0	0	0	0	0	0	0	0	0	0	0	0	0	0	0	0	0	2003	0
LFQ	23	0	0	0	0	0	0	0	0	0	0	0	0	0	0	0	0	0	0	0	0	0	0	0	0	0	0	0	0	0	0	2003	0
LFQ	24	0	0	0	0	0	0	0	0	0	0	0	0	0	0	0	0	0	0	0	0	0	0	0	0	0	0	0	0	0	0	2003	0
LFQ	25	0	0	0	0	0	0	0	0	0	0	0	0	0	0	0	0	0	0	0	0	0	0	0	0	0	0	0	0	0	0	2003	0
LFQ	26	0	0	0	0	0	0	0	0	0	0	0	0	0	0	0	0	0	0	0	0	0	0	0	0	0	0	0	0	0	0	2003	0
LFQ	27	0	0	0	0	0	0	0	0	0	0	0	0	0	0	0	0	0	0	0	0	0	0	0	0	0	0	0	0	0	0	2003	0
LFQ	28	0	0	0	0	0	0	0	0	0	0	0	0	0	0	0	0	0	0	0	0	0	0	0	0	0	0	0	0	0	0	2003	0
LFQ	29	0	0	0	0	0	0	0	0	0	0	0	0	0	0	0	0	0	0	0	0	0	0	0	0	0	0	0	0	0	0	2003	0
LFQ	30	0	0	0	0	0	0	0	0	0	0	0	0	0	0	0	0	0	0	0	0	0	0	0	0	0	0	0	0	0	0	2003	0
LFQ	31	0	0	0	0	0	0	0	0	0	0	0	0	0	0	0	0	0	0	0	0	0	0	0	0	0	0	0	0	0	0	2003	0
LFQ	32	0	0	0	0	0	0	0	0	0	0	0	0	0	0	0	0	0	0	0	0	0	0	0	0	0	0	0	0	0	0	2003	0
LFQ	33	0	0	0	0	0	0	0	0	0	0	0	0	0	0	0	0	0	0	0	0	0	0	0	0	0	0	0	0	0	0	2003	0
LFQ	34	0	0	0	0	0	0	0	0	0	0	0	0	0	0	0	0	0	0	0	0	0	0	0	0	0	0	0	0	0	0	2003	0
LFQ	35	0	0	0	0	0	0	0	0	0	0	0	0	0	0	0	0	0	0	0	0	0	0	0	0	0	0	0	0	0	0	2003	0
LFQ	36	0	0	0	0	0	0	0	0	0	0	0	0	0	0	0	0	0	0	0	0	0	0	0	0	0	0	0	0	0	0	2003	0
LFQ	37	0	0	0	0	0	0	0	0	0	0	0	0	0	0	0	0	0	0	0	0	0	0	0	0	0	0	0	0	0	0	2003	0
LFQ	38	0	0	0	0	0	0	0	0	0	0	0	0	0	0	0	0	0	0	0	0	0	0	0	0	0	0	0	0	0	0	2003	0
LFQ	39	0	0	0	0	0	0	0	0	0	0	0	0	0	0	0	0	0	0	0	0	0	0	0	0	0	0	0	0	0	0	2003	0
LFQ	40	0	0	0	0	0	0	0	0	0	0	0	0	0	0	0	0	0	0	0	0	0	0	0	0	0	0	0	0	0	0	2003	0
LFQ	41	0	0	0	0	0	0	0	0	0	0	0	0	0	0	0	0	0	0	0	0	0	0	0	0	0	0	0	0	0	0	2003	0
LFQ	42	0	0	0	0	0	0	0	0	0	0	0	0	0	0	0	0	0	0	0	0	0	0	0	0	0	0	0	0	0	0	2003	0
LFQ	43	0	0	0	0	0	0	0	0	0	0	0	0	0	0	0	0	0	0	0	0	0	0	0	0	0	0	0	0	0	0	2003	0
LFQ	44	0	0	0	0	0	0	0	0	0	0	0	0	0	0	0	0	0	0	0	0	0	0	0	0	0	0	0	0	0	0	2003	0
LFQ	45	0	0	0	0	0	0	0	0	0	0	0	0	0	0	0	0	0	0	0	0	0	0	0	0	0	0	0	0	0	0	2003	0
LFQ	46	0	0	0	0	0	0	0	0	0	0	0	0	0	0	0	0	0	0	0	0	0	0	0	0	0	0	0	0	0	0	2003	0
LFQ	47	0	0	0	0	0	0	0	0	0	0	0	0	0	0	0	0	0	0	0	0	0	0	0	0	0	0	0	0	0	0	2003	0
LFQ	48	0	0	0	0	0	0	0	0	0	0	0	0	0	0	0	0	0	0	0	0	0	0	0	0	0	0	0	0	0	0	2003	0
LFQ	49	0	0	0	0	0	0	0	0	0	0	0	0	0	0	0	0	0	0	0	0	0	0	0	0	0	0	0	0	0	0	2003	0
LFQ	50	0	0	0	0	0	0	0	0	0	0	0	0	0	0	0	0	0	0	0	0	0	0	0	0	0	0	0	0	0	0	2003	0
LFQ	51	0	0	0	0	0	0	0	0	0	0	0	0	0	0	0	0	0	0	0	0	0	0	0	0	0	0	0	0	0	0	2003	0
LFQ	52	0	0	0	0	0	0	0	0	0	0	0	0	0	0	0	0	0	0	0	0	0	0	0	0	0	0	0	0	0	0	2003	0
LFQ	53	0	0	0	0	0	0	0	0	0	0	0	0	0	0	0	0	0	0	0	0	0	0	0	0	0	0	0	0	0	0	2003	0
LFQ	54	0	0	0	0	0	0	0	0	0	0	0	0	0	0	0	0	0	0	0	0	0	0	0	0	0	0	0	0	0	0	2003	0
LFQ	55	0	0	0	0	0	0	0	0	0	0	0	0	0	0	0	0	0	0	0	0	0	0	0	0	0	0	0	0	0	0	2003	0
LFQ	56	0	0	0	0	0	0	0	0	0	0	0	0	0	0	0	0	0	0	0	0	0	0	0	0	0	0	0	0	0	0	2003	0
LFQ	57	0	0	0	0	0	0	0	0	0	0	0	0	0	0	0	0	0	0	0	0	0	0	0	0	0	0	0	0	0	0	2003	0
LFQ	58	0	0	0	0	0	0	0	0	0	0	0	0	0	0	0	0	0	0	0	0	0	0	0	0	0	0	0	0	0	0	2003	0
LFQ	59	0	0	0	0	0	0	0	0	0	0	0	0	0	0	0	0	0	0	0	0	0	0	0	0	0	0	0	0	0	0	2003	0
LFQ	60	0	0	0	0	0	0	0	0	0	0	0	0	0	0	0	0	0	0	0	0	0	0	0	0	0	0	0	0	0	0	2003	0
LFQ	61	0	0	0	0	0	0	0	0	0	0	0	0	0	0	0	0	0	0	0	0	0	0	0	0	0	0	0	0	0	0	2003	0
LFQ	62	0	0	0	0	0	0	0	0	0	0	0	0	0	0	0	0	0	0	0	0	0	0	0	0	0	0	0	0	0	0	2003	0
LFQ	63	0	0	0	0	0	0	0	0	0	0	0	0	0	0	0	0	0	0	0	0	0	0	0	0	0	0	0	0	0	0	2003	0
LFQ	64	0	0	0	0	0	0	0	0	0	0	0	0	0	0	0	0	0	0	0	0	0	0	0	0	0	0	0	0	0	0	2003	0
LFQ	65	0	0	0	0	0	0	0	0	0	0	0	0	0	0	0	0	0	0	0	0	0	0	0	0	0	0	0	0	0	0	2003	0
LFQ	66	0	0	0	0	0	0	0	0	0	0	0	0	0	0	0	0	0	0	0	0	0	0	0	0	0	0	0	0	0	0	2003	0
LFQ	67	0	0	0	0	0	0	0	0	0	0	0	0	0	0	0	0	0	0	0	0	0	0	0	0	0	0	0	0	0	0	2003	0
LFQ	68	0	0	0	0	0	0	0	0	0	0	0	0	0	0	0	0	0	0	0	0	0	0	0	0	0	0	0	0	0	0	2003	0
LFQ	69	0	0	0	0	0	0	0	0	0	0	0	0	0	0	0	0	0	0	0	0	0	0	0	0	0	0	0	0	0	0	2003	0
LFQ	70	0	0	0	0	0	0	0	0	0	0	0	0	0	0	0	0	0	0	0	0	0	0	0	0	0	0	0	0	0	0	2003	0
LFQ	71	0	0	0	0	0	0	0	0	0	0	0	0	0	0	0	0	0	0	0	0	0	0	0	0	0	0	0	0	0	0	2003	0
LFQ	72	0	0	0	0	0	0	0	0	0	0	0	0	0	0	0	0	0	0	0	0	0	0	0	0	0	0	0	0	0	0	2003	0
LFQ	73	0	0	0	0	0	0	0	0	0	0	0	0	0	0	0	0	0	0	0	0	0	0	0	0	0	0	0	0	0	0	2003	0
LFQ	74	0	0	0	0	0	0	0	0	0	0	0	0	0	0	0	0	0	0	0	0	0	0	0	0	0	0	0	0	0	0	2003	0
LFQ	75	0	0	0	0	0	0	0	0	0	0	0	0	0	0	0	0	0	0	0	0	0	0	0	0	0	0	0	0	0	0	2003	0
LFQ	76	0	0	0	0	0	0	0	0	0	0	0	0	0	0	0	0	0	0	0	0	0	0	0	0	0	0	0	0	0	0	2003	0
LFQ	77	0	0	0	0	0	0	0	0	0	0	0	0	0	0	0	0	0	0	0	0	0	0	0	0	0	0	0	0	0	0	2003	0
LFQ	78	0	0	0	0	0	0	0	0	0	0	0	0	0	0	0	0	0	0	0	0	0	0	0	0	0	0	0	0	0	0	2003	0
LFQ	79	0	0	0	0	0	0	0	0	0	0	0	0	0	0	0	0	0	0	0	0	0	0	0	0	0	0	0	0	0	0	2003	0
LFQ	80	0	0	0	0	0	0	0	0	0	0	0	0	0	0	0	0	0	0	0	0	0	0	0	0	0	0	0	0	0	0	2003	0
LFQ	81	0	0	0	0	0	0	0	0	0	0	0	0	0	0	0	0	0	0	0	0	0	0	0	0	0	0	0	0	0	0	2003	0
LFQ	82	0	0	0	0	0	0	0	0	0	0	0	0	0	0	0	0	0	0	0	0	0	0	0	0	0	0	0	0	0	0	2003	0
LFQ	83	0	0	0	0	0	0	0	0	0	0	0	0	0	0	0	0	0	0	0	0	0	0	0	0	0	0	0	0	0	0	2003	0
LFQ	84	0	0	0	0	0	0	0	0	0	0	0	0	0	0	0	0	0	0	0	0	0	0	0	0	0	0	0	0	0	0	2003	0
LFQ	85	0	0	0	0	0	0	0	0	0	0	0	0	0	0	0	0	0	0	0	0	0	0	0	0	0	0	0	0	0	0	2003	0
LFQ	86	0	0	0	0	0	0	0	0	0	0	0	0	0	0	0	0	0	0	0	0	0	0	0	0	0	0	0	0	0	0	2003	0
LFQ	87	0	0	0	0	0	0	0	0	0	0	0	0	0	0	0	0	0	0	0	0	0	0	0	0	0	0	0	0	0	0	2003	0
LFQ	88	0	0	0	0	0	0	0	0	0	0	0	0	0	0	0	0	0	0	0	0	0	0	0	0	0	0	0	0	0	0	2003	0
LFQ	89	0	0	0	0	0	0	0	0	0	0	0	0	0	0	0	0	0	0	0	0	0	0	0	0	0	0	0	0	0	0	2003	0
LFQ	90	0	0	0	0	0	0	0	0	0	0	0	0	0	0	0	0	0	0	0	0	0	0	0	0	0	0	0	0	0	0	2003	0
LFQ	91	0	0	0	0	0	0	0	0	0	0	0	0	0	0	0	0	0	0	0	0	0	0	0	0	0	0	0	0	0	0	2003	0
LFQ	92	0	0	0	0	0	0	0	0	0	0	0	0	0	0	0	0	0	0	0	0	0	0	0	0	0	0	0	0	0	0	2003	0
LFQ	93	0	0	0	0	0	0	0	0	0	0	0	0	0	0	0	0	0	0	0	0	0	0	0	0	0	0	0	0	0	0	2003	0
LFQ	94	0	0	0	0	0	0	0	0	0	0	0	0	0	0	0	0	0	0	0	0	0	0	0	0	0	0	0	0	0	0	2003	0
LFQ	95	0	0	0	0	0	0	0	0	0	0	0	0	0	0	0	0	0	0	0	0	0	0	0	0	0	0	0	0	0	0	2003	0
LFQ	96	0	0	0	0	0	0	0	0	0	0	0	0	0	0	0	0	0	0	0	0	0	0	0	0	0	0	0	0	0	0	2003	0
LFQ	97	0	0	0	0	0	0	0	0	0	0	0	0	0	0	0	0	0	0	0	0	0	0	0	0	0	0	0	0	0	0	2003	0
LFQ	98	0	0	0	0	0	0	0	0	0	0	0	0	0	0	0	0	0	0	0	0	0	0	0	0	0	0	0	0	0	0	2003	0
LFQ	99	0	0	0	0	0	0	0	0	0	0	0	0	0	0	0	0	0	0	0	0	0	0	0	0	0	0	0	0	0	0	2003	0
LFQ	100	0	0	0	0	0	0	0	0	0	0	0	0	0	0	0	0	0	0	0	0	0	0	0	0	0	0	0	0	0	0	2003	0
LFQ	101	0	0	0	0	0	0	0	0	0	0	0	0	0	0	0	0	0	0	0	0	0	0	0	0	0	0	0	0	0	0	2003	0
LFQ	102	0	0	0	0	0	0	0	0	0	0	0	0	0	0	0	0	0	0	0	0	0	0	0	0	0	0	0	0	0	0	2003	0
LFQ	103	0	0	0	0	0	0	0	0	0	0	0	0	0	0	0	0	0	0	0	0	0	0	0	0	0	0	0	0	0	0	2003	0
LFQ	104	0	0	0	0	0	0	0	0	0	0	0	0	0	0	0	0	0	0	0	0	0	0	0	0	0	0	0	0	0	0	2003	0
LFQ	105	0	0	0	0	0	0	0	0	0	0	0	0	0	0	0	0	0	0	0	0	0	0	0	0	0	0	0	0	0	0	2003	0
LFQ	106	0	0	0	0	0	0	0	0	0	0	0	0	0	0	0	0	0	0	0	0	0	0	0	0	0	0	0	0	0	0	2003	0
LFQ	107	0	0	0	0	0	0	0	0	0	0	0	0	0	0	0	0	0	0	0	0	0	0	0	0	0	0	0	0	0	0	2003	0
LFQ	108	0	0	0	0	0	0	0	0	0	0	0	0	0	0	0	0	0	0	0	0	0	0	0	0	0	0	0	0	0	0	2003	0
LFQ	109	0	0	0	0	0	0	0	0	0	0	0	0	0	0	0	0	0	0	0	0	0	0	0	0	0	0	0	0	0	0	2003	0
LFQ	110	0	0	0	0	0	0	0	0	0	0	0	0	0	0	0	0	0	0	0	0	0	0	0	0	0	0	0	0	0	0	2003	0
LFQ	111	0	0	0	0	0	0	0	0	0	0	0	0	0	0	0	0	0	0	0	0	0	0	0	0	0	0	0	0	0	0	2003	0
LFQ	112	0	0	0	0	0	0	0	0	0	0	0	0	0	0	0	0	0	0	0	0	0	0	0	0	0	0	0	0	0	0	2003	0
LFQ	113	0	0	0	0	0	0	0	0	0	0	0	0	0	0	0	0	0	0	0	0	0	0	0	0	0	0	0	0	0	0	2003	0
LFQ	114	0	0	0	0	0	0	0	0	0	0	0	0	0	0	0	0	0	0	0	0	0	0	0	0	0	0	0	0	0	0	2003	0
LFQ	115	0	0	0	0	0	0	0	0	0	0	0	0	0	0	0	0	0	0	0	0	0	0	0	0	0	0	0	0	0	0	2003	0
LFQ	116	0	0	0	0	0	0	0	0	0	0	0	0	0	0	0	0	0	0	0	0	0	0	0	0	0	0	0	0	0	0	2003	0
LFQ	117	0	0	0	0	0	0	0	0	0	0	0	0	0	0	0	0	0	0	0	0	0	0	0	0	0	0	0	0	0	0	2003	0
LFQ	118	0	0	0	0	0	0	0	0	0	0	0	0	0	0	0	0	0	0	0	0	0	0	0	0	0	0	0	0	0	0	2003	0
LFQ	119	0	0	0	0	0	0	0	0	0	0	0	0	0	0	0	0	0	0	0	0	0	0	0	0	0	0	0	0	0	0	2003	0
LFQ	120	0	0	0	0	0	0	0	0	0	0	0	0	0	0	0	0	0	0	0	0	0	0	0	0	0	0	0	0	0	0	2003	0
LFQ	121	0	0	0	0	0	0	0	0	0	0	0	0	0	0	0	0	0	0	0	0	0	0	0	0	0	0	0	0	0	0	2003	0
LFQ	122	0	0	0	0	0	0	0	0	0	0	0	0	0	0	0	0	0	0	0	0	0	0	0	0	0	0	0	0	0	0	2003	0
LFQ	123	0	0	0	0	0	0	0	0	0	0	0	0	0	0	0	0	0	0	0	0	0	0	0	0	0	0	0	0	0	0	2003	0
LFQ	124	0	0	0	0	0	0	0	0	0	0	0	0	0	0	0	0	0	0	0	0	0	0	0	0	0	0	0	0	0	0	2003	0
LFQ	125	0	0	0	0	0	0	0	0	0	0	0	0	0	0	0	0	0	0	0	0	0	0	0	0	0	0	0	0	0	0	2003	0
LFQ	126	0	0	0	0	0	0	0	0	0	0	0	0	0	0	0	0	0	0	0	0	0	0	0	0	0	0	0	0	0	0	2003	0
LFQ	127	0	0	0	0	0	0	0	0	0	0	0	0	0	0	0	0	0	0	0	0	0	0	0	0	0	0	0	0	0	0	2003	0
LFQ	128	0	0	0	0	0	0	0	0	0	0	0	0	0	0	0	0	0	0	0	0	0	0	0	0	0	0	0	0	0	0	2003	0
LFQ	129	0	0	0	0	0	0	0	0	0	0	0	0	0	0	0	0	0	0	0	0	0	0	0	0	0	0	0	0	0	0	2003	0
LFQ	130	0	0	0	0	0	0	0	0	0	0	0	0	0	0	0	0	0	0	0	0	0	0	0	0	0	0	0	0	0	0	2003	0
LFQ	131	0	0	0	0	0	0	0	0	0	0	0	0	0	0	0	0	0	0	0	0	0	0	0	0	0	0	0	0	0	0	2003	0
LFQ	132	0	0	0	0	0	0	0	0	0	0	0	0	0	0	0	0	0	0	0	0	0	0	0	0	0	0	0	0	0	0	2003	0
LFQ	133	0	0	0	0	0	0	0	0	0	0	0	0	0	0	0	0	0	0	0	0	0	0	0	0	0	0	0	0	0	0	2003	0
LFQ	134	0	0	0	0	0	0	0	0	0	0	0	0	0	0	0	0	0	0	0	0	0	0	0	0	0	0	0	0	0	0	2003	0
LFQ	135	0	0	0	0	0	0	0	0	0	0	0	0	0	0	0	0	0	0	0	0	0	0	0	0	0	0	0	0	0	0	2003	0
LFQ	136	0	0	0	0	0	0	0	0	0	0	0	0	0	0	0	0	0	0	0	0	0	0	0	0	0	0	0	0	0	0	2003	0
LFQ	137	0	0	0	0	0	0	0	0	0	0	0	0	0	0	0	0	0	0	0	0	0	0	0	0	0	0	0	0	0	0	2003	0
LFQ	138	0	0	0	0	0	0	0	0	0	0	0	0	0	0	0	0	0	0	0	0	0	0	0	0	0	0	0	0	0	0	2003	0
LFQ	139	0	0	0	0	0	0	0	0	0	0	0	0	0	0	0	0	0	0	0	0	0	0	0	0	0	0	0	0	0	0	2003	0
LFQ	140	0	0	0	0	0	0	0	0	0	0	0	0	0	0	0	0	0	0	0	0	0	0	0	0	0	0	0	0	0	0	2003	0
LFQ	141	0	0	0	0	0	0	0	0	0	0	0	0	0	0	0	0	0	0	0	0	0	0	0	0	0	0	0	0	0	0	2003	0
LFQ	142	0	0	0	0	0	0	0	0	0	0	0	0	0	0	0	0	0	0	0	0	0	0	0	0	0	0	0	0	0	0	2003	0
LFQ	143	0	0	0	0	0	0	0	0	0	0	0	0	0	0	0	0	0	0	0	0	0	0	0	0	0	0	0	0	0	0	2003	0
LFQ	144	0	0	0	0	0	0	0	0	0	0	0	0	0	0	0	0	0	0	0	0	0	0	0	0	0	0	0	0	0	0	2002	0
LFQ	145	0	0	0	0	0	0	0	0	0	0	0	0	0	0	0	0	0	0	0	0	0	0	0	0	0	0	0	0	0	0	2002	0
LFQ	146	0	0	0	0	0	0	0	0	0	0	0	0	0	0	0	0	0	0	0	0	0	0	0	0	0	0	0	0	0	0	2002	0
LFQ	147	0	0	0	0	0	0	0	0	0	0	0	0	0	0	0	0	0	0	0	0	0	0	0	0	0	0	0	0	0	0	2002	0
LFQ	148	0	0	0	0	0	0	0	0	0	0	0	0	0	0	0	0	0	0	0	0	0	0	0	0	0	0	0	0	0	0	2002	0
LFQ	149	0	0	0	0	0	0	0	0	0	0	0	0	0	0	0	0	0	0	0	0	0	0	0	0	0	0	0	0	0	0	2002	0
LFQ	150	0	0	0	0	0	0	0	0	0	0	0	0	0	0	0	0	0	0	0	0	0	0	0	0	0	0	0	0	0	0	2002	0
# GC Content of first fragments. Use `grep ^GCF | cut -f 2-` to extract this part.
GCF	5.78	0
GCF	12.06	2
GCF	13.57	0
GCF	14.82	1
GCF	16.83	0
GCF	18.84	3
GCF	19.35	2
GCF	20.10	1
GCF	20.85	4
GCF	21.36	2
GCF	22.11	5
GCF	22.86	9
GCF	23.37	7
GCF	24.12	10
GCF	24.87	18
GCF	25.38	16
GCF	26.13	12
GCF	26.88	20
GCF	27.39	21
GCF	28.14	29
GCF	28.89	27
GCF	29.40	40
GCF	30.15	33
GCF	30.90	38
GCF	31.41	46
GCF	32.16	55
GCF	32.91	45
GCF	33.42	75
GCF	33.92	64
GCF	34.67	56
GCF	35.43	85
GCF	35.93	78
GCF	36.68	73
GCF	37.44	58
GCF	37.94	70
GCF	38.69	71
GCF	39.45	69
GCF	39.95	77
GCF	40.70	69
GCF	41.46	57
GCF	41.96	67
GCF	42.71	68
GCF	43.47	53
GCF	43.97	49
GCF	44.72	51
GCF	45.48	42
GCF	45.98	32
GCF	46.73	44
GCF	47.49	41
GCF	47.99	29
GCF	48.74	23
GCF	50.25	17
GCF	51.51	12
GCF	52.01	10
GCF	52.76	12
GCF	53.52	6
GCF	54.02	5
GCF	54.77	7
GCF	55.53	6
GCF	56.03	9
GCF	57.04	6
GCF	58.04	4
GCF	58.79	2
GCF	59.55	6
GCF	60.05	3
GCF	60.80	5
GCF	61.56	2
GCF	62.06	1
GCF	62.81	0
GCF	63.57	1
GCF	64.57	0
GCF	65.58	1
GCF	66.08	0
GCF	66.58	1
# GC Content of last fragments. Use `grep ^GCL | cut -f 2-` to extract this part.
GCL	4.77	0
GCL	10.05	1
GCL	12.81	0
GCL	15.33	1
GCL	16.08	0
GCL	17.34	1
GCL	18.34	0
GCL	18.84	1
GCL	19.35	2
GCL	20.10	0
GCL	20.85	1
GCL	21.36	2
GCL	22.36	5
GCL	23.37	7
GCL	24.12	18
GCL	24.87	8
GCL	25.38	15
GCL	26.13	21
GCL	26.88	26
GCL	27.39	19
GCL	28.14	31
GCL	28.89	25
GCL	29.40	35
GCL	30.15	31
GCL	30.90	34
GCL	31.41	44
GCL	32.16	52
GCL	32.91	54
GCL	33.42	60
GCL	33.92	50
GCL	34.67	65
GCL	35.43	67
GCL	35.93	65
GCL	36.68	81
GCL	37.44	68
GCL	37.94	88
GCL	38.69	73
GCL	39.45	65
GCL	39.95	60
GCL	40.70	76
GCL	41.46	48
GCL	41.96	71
GCL	42.71	72
GCL	43.47	58
GCL	43.97	42
GCL	44.72	58
GCL	45.48	50
GCL	45.98	40
GCL	46.73	44
GCL	47.49	36
GCL	47.99	33
GCL	48.74	24
GCL	49.50	21
GCL	50.00	23
GCL	50.75	18
GCL	51.51	17
GCL	52.01	12
GCL	53.02	8
GCL	54.02	11
GCL	55.03	7
GCL	56.03	5
GCL	56.78	10
GCL	57.79	2
GCL	58.79	4
GCL	59.55	2
GCL	60.05	3
GCL	61.06	1
GCL	62.06	2
GCL	62.81	1
GCL	63.57	2
GCL	64.07	0
GCL	64.82	1
GCL	66.58	0
GCL	68.09	1
# ACGT content per cycle. Use `grep ^GCC | cut -f 2-` to extract this part. The columns are: cycle; A,C,G,T base counts as a percentage of all A/C/G/T bases [%]; and N and O counts as a percentage of all A/C/G/T bases [%]
GCC	1	30.15	20.09	19.40	30.35	0.00	0.00
GCC	2	31.70	19.72	18.60	29.98	0.00	0.00
GCC	3	31.75	18.87	19.07	30.30	0.00	0.00
GCC	4	29.93	20.32	18.35	31.40	0.00	0.00
GCC	5	30.63	20.27	19.47	29.63	0.00	0.00
GCC	6	31.58	19.97	18.60	29.86	0.00	0.00
GCC	7	31.08	19.50	18.17	31.25	0.00	0.00
GCC	8	30.38	19.62	19.07	30.93	0.00	0.00
GCC	9	30.00	20.87	19.35	29.78	0.00	0.00
GCC	10	31.23	19.30	18.32	31.15	0.00	0.00
GCC	11	30.50	18.35	19.77	31.38	0.00	0.00
GCC	12	30.45	19.82	20.39	29.33	0.00	0.00
GCC	13	30.98	19.70	19.07	30.25	0.00	0.00
GCC	14	32.03	19.05	17.75	31.18	0.00	0.00
GCC	15	30.85	19.00	19.20	30.95	0.00	0.00
GCC	16	31.80	19.57	17.77	30.85	0.00	0.00
GCC	17	29.51	20.49	17.77	32.23	0.00	0.00
GCC	18	31.15	19.37	19.50	29.98	0.00	0.00
GCC	19	30.85	19.42	19.32	30.40	0.00	0.00
GCC	20	29.78	20.57	18.50	31.15	0.00	0.00
GCC	21	30.83	19.87	18.70	30.60	0.00	0.00
GCC	22	30.53	20.04	18.35	31.08	0.00	0.00
GCC	23	31.63	19.60	18.25	30.53	0.00	0.00
GCC	24	31.33	19.22	19.40	30.05	0.00	0.00
GCC	25	29.06	20.34	18.25	32.35	0.00	0.00
GCC	26	31.58	20.49	17.92	30.00	0.00	0.00
GCC	27	31.28	19.65	19.37	29.71	0.00	0.00
GCC	28	31.58	20.04	18.97	29.41	0.00	0.00
GCC	29	30.05	19.62	18.80	31.53	0.00	0.00
GCC	30	30.78	19.20	18.75	31.28	0.00	0.00
GCC	31	31.03	19.57	18.85	30.55	0.00	0.00
GCC	32	30.50	19.80	19.17	30.53	0.00	0.00
GCC	33	29.78	20.97	18.82	30.43	0.00	0.00
GCC	34	30.45	19.32	19.12	31.10	0.00	0.00
GCC	35	28.73	20.57	19.20	31.50	0.00	0.00
GCC	36	29.83	19.25	19.02	31.90	0.00	0.00
GCC	37	30.65	19.77	19.25	30.33	0.00	0.00
GCC	38	30.43	19.40	19.47	30.70	0.00	0.00
GCC	39	31.08	20.07	18.70	30.15	0.00	0.00
GCC	40	29.73	20.14	19.22	30.90	0.00	0.00
GCC	41	30.00	20.09	18.55	31.35	0.00	0.00
GCC	42	30.53	19.22	19.07	31.18	0.00	0.00
GCC	43	30.23	20.24	18.97	30.55	0.00	0.00
GCC	44	30.33	19.72	18.27	31.68	0.00	0.00
GCC	45	30.68	20.64	18.12	30.55	0.00	0.00
GCC	46	29.96	20.74	18.52	30.78	0.00	0.00
GCC	47	32.10	19.05	18.05	30.80	0.00	0.00
GCC	48	29.91	20.27	17.67	32.15	0.00	0.00
GCC	49	30.25	20.44	18.97	30.33	0.00	0.00
GCC	50	29.63	20.77	18.35	31.25	0.00	0.00
GCC	51	31.30	20.32	18.42	29.96	0.00	0.00
GCC	52	32.00	18.42	17.75	31.83	0.00	0.00
GCC	53	29.26	20.29	19.00	31.45	0.00	0.00
GCC	54	32.28	20.19	17.95	29.58	0.00	0.00
GCC	55	32.00	19.32	17.72	30.95	0.00	0.00
GCC	56	29.51	21.29	18.15	31.05	0.00	0.00
GCC	57	31.03	20.32	18.75	29.91	0.00	0.00
GCC	58	30.90	19.55	18.87	30.68	0.00	0.00
GCC	59	30.73	20.09	19.55	29.63	0.00	0.00
GCC	60	30.55	18.97	18.22	32.25	0.00	0.00
GCC	61	32.00	19.30	19.00	29.71	0.00	0.00
GCC	62	30.15	20.72	18.95	30.18	0.00	0.00
GCC	63	32.13	19.67	18.40	29.81	0.00	0.00
GCC	64	30.70	19.37	19.40	30.53	0.00	0.00
GCC	65	30.70	19.65	19.35	30.30	0.00	0.00
GCC	66	30.83	20.39	19.87	28.91	0.00	0.00
GCC	67	31.15	19.57	19.20	30.08	0.00	0.00
GCC	68	30.65	20.72	18.80	29.83	0.00	0.00
GCC	69	31.65	18.80	18.55	31.00	0.00	0.00
GCC	70	32.35	19.12	19.45	29.08	0.00	0.00
GCC	71	31.03	19.47	20.14	29.36	0.00	0.00
GCC	72	31.28	20.29	17.52	30.90	0.00	0.00
GCC	73	31.78	18.65	19.35	30.23	0.00	0.00
GCC	74	31.15	19.90	19.30	29.66	0.00	0.00
GCC	75	30.70	19.82	19.00	30.48	0.00	0.00
GCC	76	30.55	20.67	18.15	30.63	0.00	0.00
GCC	77	31.15	19.85	19.22	29.78	0.00	0.00
GCC	78	31.05	20.24	18.40	30.30	0.00	0.00
GCC	79	30.70	19.47	19.05	30.78	0.00	0.00
GCC	80	30.83	19.05	18.22	31.90	0.00	0.00
GCC	81	31.88	19.40	18.72	30.00	0.00	0.00
GCC	82	29.76	19.32	19.87	31.05	0.00	0.00
GCC	83	30.28	19.40	19.80	30.53	0.00	0.00
GCC	84	31.83	20.44	17.82	29.91	0.00	0.00
GCC	85	32.08	18.77	17.95	31.20	0.00	0.00
GCC	86	30.53	19.95	18.95	30.58	0.00	0.00
GCC	87	29.66	21.09	19.17	30.08	0.00	0.00
GCC	88	30.68	18.90	19.62	30.80	0.00	0.00
GCC	89	31.35	19.80	18.65	30.20	0.00	0.00
GCC	90	29.71	19.60	18.27	32.43	0.00	0.00
GCC	91	31.28	19.20	19.47	30.05	0.00	0.00
GCC	92	31.35	19.60	18.40	30.65	0.00	0.00
GCC	93	29.61	20.00	18.57	31.83	0.00	0.00
GCC	94	30.40	19.37	18.55	31.68	0.00	0.00
GCC	95	31.60	19.65	18.25	30.50	0.00	0.00
GCC	96	30.68	18.95	19.65	30.73	0.00	0.00
GCC	97	29.36	20.37	19.17	31.10	0.00	0.00
GCC	98	30.78	19.97	18.10	31.15	0.00	0.00
GCC	99	31.20	19.90	18.60	30.30	0.00	0.00
GCC	100	30.83	19.87	18.42	30.88	0.00	0.00
GCC	101	31.15	19.85	18.55	30.45	0.00	0.00
GCC	102	32.03	20.49	18.17	29.31	0.00	0.00
GCC	103	32.18	19.17	17.77	30.88	0.00	0.00
GCC	104	31.18	20.12	19.30	29.41	0.00	0.00
GCC	105	30.73	20.19	19.45	29.63	0.00	0.00
GCC	106	30.45	19.85	19.17	30.53	0.00	0.00
GCC	107	31.08	19.77	18.80	30.35	0.00	0.00
GCC	108	31.93	19.52	19.65	28.91	0.00	0.00
GCC	109	31.13	18.87	18.92	31.08	0.00	0.00
GCC	110	30.45	19.90	18.45	31.20	0.00	0.00
GCC	111	30.05	19.70	19.40	30.85	0.00	0.00
GCC	112	30.83	18.85	19.37	30.95	0.00	0.00
GCC	113	30.23	19.47	18.90	31.40	0.00	0.00
GCC	114	31.00	18.82	19.35	30.83	0.00	0.00
GCC	115	31.33	20.00	18.45	30.23	0.00	0.00
GCC	116	29.96	20.04	18.90	31.10	0.00	0.00
GCC	117	30.25	20.49	19.02	30.23	0.00	0.00
GCC	118	29.91	20.00	18.97	31.13	0.00	0.00
GCC	119	30.20	20.87	19.77	29.16	0.00	0.00
GCC	120	30.00	20.49	18.35	31.15	0.00	0.00
GCC	121	31.13	21.17	19.05	28.66	0.00	0.00
GCC	122	32.08	19.50	19.22	29.21	0.00	0.00
GCC	123	30.80	19.75	19.02	30.43	0.00	0.00
GCC	124	31.20	20.74	18.32	29.73	0.00	0.00
GCC	125	30.70	20.14	17.65	31.50	0.00	0.00
GCC	126	31.13	20.34	18.45	30.08	0.00	0.00
GCC	127	30.43	19.32	19.40	30.85	0.00	0.00
GCC	128	30.55	19.72	18.72	31.00	0.00	0.00
GCC	129	30.48	18.30	19.82	31.40	0.00	0.00
GCC	130	31.38	20.02	18.60	30.00	0.00	0.00
GCC	131	30.25	19.40	19.10	31.25	0.00	0.00
GCC	132	29.21	20.87	18.72	31.20	0.00	0.00
GCC	133	30.88	20.37	18.50	30.25	0.00	0.00
GCC	134	30.33	19.75	18.70	31.23	0.00	0.00
GCC	135	30.23	19.70	19.60	30.48	0.00	0.00
GCC	136	30.00	19.87	19.30	30.83	0.00	0.00
GCC	137	30.68	19.15	20.09	30.08	0.00	0.00
GCC	138	30.35	20.99	18.42	30.23	0.00	0.00
GCC	139	29.76	20.22	19.27	30.75	0.00	0.00
GCC	140	30.70	19.87	18.82	30.60	0.00	0.00
GCC	141	30.88	19.87	18.37	30.88	0.00	0.00
GCC	142	29.81	20.04	19.65	30.50	0.00	0.00
GCC	143	30.65	20.14	18.92	30.28	0.00	0.00
GCC	144	30.49	20.22	18.60	30.69	0.00	0.00
GCC	145	29.79	20.45	20.62	29.14	0.00	0.00
GCC	146	30.64	20.42	18.38	30.56	0.00	0.00
GCC	147	29.99	20.37	18.60	31.04	0.00	0.00
GCC	148	30.36	19.55	18.63	31.46	0.00	0.00
GCC	149	30.54	19.50	18.33	31.64	0.00	0.00
GCC	150	31.74	19.80	17.98	30.49	0.00	0.00
# ACGT content per cycle, read oriented. Use `grep ^GCT | cut -f 2-` to extract this part. The columns are: cycle; A,C,G,T base counts as a percentage of all A/C/G/T bases [%]
GCT	1	31.65	18.77	20.72	28.86
GCT	2	30.78	19.22	19.10	30.90
GCT	3	31.40	18.80	19.15	30.65
GCT	4	30.73	18.65	20.02	30.60
GCT	5	28.76	20.02	19.72	31.50
GCT	6	30.75	18.97	19.60	30.68
GCT	7	31.50	20.09	17.57	30.83
GCT	8	31.30	19.32	19.37	30.00
GCT	9	29.71	19.40	20.82	30.08
GCT	10	31.45	18.80	18.82	30.93
GCT	11	30.48	19.25	18.87	31.40
GCT	12	30.03	20.92	19.30	29.76
GCT	13	30.28	18.92	19.85	30.95
GCT	14	30.90	18.95	17.85	32.30
GCT	15	30.98	18.80	19.40	30.83
GCT	16	30.88	18.52	18.82	31.78
GCT	17	30.38	19.05	19.22	31.35
GCT	18	29.33	18.97	19.90	31.80
GCT	19	31.18	19.12	19.62	30.08
GCT	20	28.88	19.10	19.97	32.05
GCT	21	30.20	18.72	19.85	31.23
GCT	22	31.13	19.17	19.22	30.48
GCT	23	31.18	18.97	18.87	30.98
GCT	24	29.78	20.04	18.57	31.60
GCT	25	31.30	19.12	19.47	30.10
GCT	26	29.88	19.22	19.20	31.70
GCT	27	30.45	19.30	19.72	30.53
GCT	28	31.30	18.30	20.72	29.68
GCT	29	30.00	18.40	20.02	31.58
GCT	30	30.08	18.52	19.42	31.98
GCT	31	30.55	19.82	18.60	31.03
GCT	32	30.70	19.42	19.55	30.33
GCT	33	30.13	19.75	20.04	30.08
GCT	34	30.55	18.85	19.60	31.00
GCT	35	29.38	19.25	20.52	30.85
GCT	36	31.53	19.02	19.25	30.20
GCT	37	30.25	20.04	18.97	30.73
GCT	38	31.23	19.47	19.40	29.91
GCT	39	31.25	18.82	19.95	29.98
GCT	40	30.18	19.97	19.40	30.45
GCT	41	30.78	18.85	19.80	30.58
GCT	42	31.25	19.52	18.77	30.45
GCT	43	30.13	19.67	19.55	30.65
GCT	44	31.15	19.52	18.47	30.85
GCT	45	30.38	19.17	19.60	30.85
GCT	46	30.08	18.85	20.42	30.65
GCT	47	32.55	18.32	18.77	30.35
GCT	48	30.63	18.52	19.42	31.43
GCT	49	30.75	20.12	19.30	29.83
GCT	50	31.18	19.20	19.92	29.71
GCT	51	30.45	19.50	19.25	30.80
GCT	52	32.65	18.20	17.97	31.18
GCT	53	30.25	19.72	19.57	30.45
GCT	54	31.08	19.12	19.02	30.78
GCT	55	30.80	18.90	18.15	32.15
GCT	56	29.98	19.95	19.50	30.58
GCT	57	30.75	20.22	18.85	30.18
GCT	58	31.05	18.72	19.70	30.53
GCT	59	30.28	18.57	21.07	30.08
GCT	60	31.55	18.05	19.15	31.25
GCT	61	32.03	19.15	19.15	29.68
GCT	62	30.78	19.47	20.19	29.56
GCT	63	32.25	19.22	18.85	29.68
GCT	64	30.55	19.60	19.17	30.68
GCT	65	29.68	19.30	19.70	31.33
GCT	66	31.28	20.37	19.90	28.46
GCT	67	31.00	19.05	19.72	30.23
GCT	68	30.23	20.42	19.10	30.25
GCT	69	31.60	19.17	18.17	31.05
GCT	70	30.58	19.67	18.90	30.85
GCT	71	29.78	19.95	19.67	30.60
GCT	72	29.96	18.45	19.37	32.23
GCT	73	30.00	17.90	20.09	32.00
GCT	74	30.35	18.87	20.32	30.45
GCT	75	30.95	19.45	19.37	30.23
GCT	76	30.75	20.19	18.62	30.43
GCT	77	31.25	19.07	20.00	29.68
GCT	78	31.40	19.32	19.32	29.96
GCT	79	30.98	18.87	19.65	30.50
GCT	80	30.50	18.10	19.17	32.23
GCT	81	31.73	19.02	19.10	30.15
GCT	82	30.73	18.67	20.52	30.08
GCT	83	30.93	19.27	19.92	29.88
GCT	84	30.20	19.00	19.27	31.53
GCT	85	30.50	18.32	18.40	32.78
GCT	86	30.48	18.47	20.42	30.63
GCT	87	28.93	19.65	20.62	30.80
GCT	88	30.90	18.80	19.72	30.58
GCT	89	31.88	19.20	19.25	29.68
GCT	90	30.93	17.95	19.92	31.20
GCT	91	29.98	18.72	19.95	31.35
GCT	92	30.60	19.22	18.77	31.40
GCT	93	30.75	19.07	19.50	30.68
GCT	94	31.10	19.80	18.12	30.98
GCT	95	30.40	19.42	18.47	31.70
GCT	96	30.18	19.47	19.12	31.23
GCT	97	29.81	20.19	19.35	30.65
GCT	98	31.25	18.77	19.30	30.68
GCT	99	30.68	18.90	19.60	30.83
GCT	100	30.25	19.02	19.27	31.45
GCT	101	30.20	19.52	18.87	31.40
GCT	102	30.98	19.02	19.65	30.35
GCT	103	32.03	19.00	17.95	31.03
GCT	104	30.88	19.20	20.22	29.71
GCT	105	29.83	19.32	20.32	30.53
GCT	106	30.25	18.92	20.09	30.73
GCT	107	31.68	19.05	19.52	29.76
GCT	108	31.48	18.90	20.27	29.36
GCT	109	31.43	19.15	18.65	30.78
GCT	110	29.93	18.60	19.75	31.73
GCT	111	29.61	18.77	20.32	31.30
GCT	112	30.48	18.47	19.75	31.30
GCT	113	31.35	19.42	18.95	30.28
GCT	114	31.00	19.25	18.92	30.83
GCT	115	30.50	19.40	19.05	31.05
GCT	116	30.45	19.72	19.22	30.60
GCT	117	30.25	19.52	20.00	30.23
GCT	118	31.25	18.67	20.29	29.78
GCT	119	29.83	20.67	19.97	29.53
GCT	120	30.05	19.42	19.42	31.10
GCT	121	29.81	20.42	19.80	29.98
GCT	122	30.23	18.82	19.90	31.05
GCT	123	31.75	18.72	20.04	29.48
GCT	124	30.45	19.87	19.20	30.48
GCT	125	31.15	18.92	18.87	31.05
GCT	126	31.05	19.10	19.70	30.15
GCT	127	31.98	20.19	18.52	29.31
GCT	128	31.55	19.50	18.95	30.00
GCT	129	31.03	19.12	19.00	30.85
GCT	130	30.70	19.17	19.45	30.68
GCT	131	30.38	19.90	18.60	31.13
GCT	132	29.36	20.34	19.25	31.05
GCT	133	30.03	19.45	19.42	31.10
GCT	134	30.13	19.62	18.82	31.43
GCT	135	31.13	20.07	19.22	29.58
GCT	136	29.43	19.52	19.65	31.40
GCT	137	31.15	19.35	19.90	29.61
GCT	138	29.98	19.55	19.87	30.60
GCT	139	29.66	19.95	19.55	30.85
GCT	140	30.68	19.32	19.37	30.63
GCT	141	31.68	18.60	19.65	30.08
GCT	142	29.91	19.42	20.27	30.40
GCT	143	30.35	19.42	19.65	30.58
GCT	144	29.81	19.70	19.13	31.36
GCT	145	29.86	20.77	20.30	29.06
GCT	146	30.16	20.05	18.75	31.04
GCT	147	31.24	19.98	19.00	29.79
GCT	148	31.84	18.58	19.60	29.99
GCT	149	29.94	19.45	18.38	32.23
GCT	150	30.39	19.15	18.63	31.84
# ACGT content per cycle for first fragments. Use `grep ^FBC | cut -f 2-` to extract this part. The columns are: cycle; A,C,G,T base counts as a percentage of all A/C/G/T bases [%]; and N and O counts as a percentage of all A/C/G/T bases [%]
FBC	1	29.26	20.92	19.27	30.55	0.00	0.00
FBC	2	29.91	20.82	18.47	30.80	0.00	0.00
FBC	3	31.30	19.22	19.27	30.20	0.00	0.00
FBC	4	29.66	20.32	18.47	31.55	0.00	0.00
FBC	5	30.50	20.27	19.52	29.71	0.00	0.00
FBC	6	30.90	19.52	19.02	30.55	0.00	0.00
FBC	7	31.50	19.12	18.37	31.00	0.00	0.00
FBC	8	30.85	19.22	18.82	31.10	0.00	0.00
FBC	9	30.75	20.42	19.07	29.76	0.00	0.00
FBC	10	29.86	19.37	18.87	31.90	0.00	0.00
FBC	11	29.86	18.57	19.32	32.25	0.00	0.00
FBC	12	30.85	20.27	19.32	29.56	0.00	0.00
FBC	13	31.05	18.72	19.32	30.90	0.00	0.00
FBC	14	31.90	19.87	18.02	30.20	0.00	0.00
FBC	15	30.15	18.77	19.42	31.65	0.00	0.00
FBC	16	30.90	20.32	17.57	31.20	0.00	0.00
FBC	17	29.36	21.32	18.27	31.05	0.00	0.00
FBC	18	31.75	19.17	19.57	29.51	0.00	0.00
FBC	19	32.15	18.97	17.92	30.95	0.00	0.00
FBC	20	29.61	20.57	17.77	32.05	0.00	0.00
FBC	21	31.15	20.37	17.22	31.25	0.00	0.00
FBC	22	30.50	20.77	17.57	31.15	0.00	0.00
FBC	23	30.65	20.57	17.92	30.85	0.00	0.00
FBC	24	30.50	17.42	20.17	31.90	0.00	0.00
FBC	25	29.91	20.67	18.22	31.20	0.00	0.00
FBC	26	31.00	20.62	18.62	29.76	0.00	0.00
FBC	27	31.75	19.22	19.42	29.61	0.00	0.00
FBC	28	30.15	19.87	19.42	30.55	0.00	0.00
FBC	29	28.41	20.12	19.27	32.20	0.00	0.00
FBC	30	29.66	19.52	19.27	31.55	0.00	0.00
FBC	31	29.56	20.77	19.17	30.50	0.00	0.00
FBC	32	30.35	20.02	19.17	30.45	0.00	0.00
FBC	33	30.35	20.97	18.47	30.20	0.00	0.00
FBC	34	30.50	19.87	18.57	31.05	0.00	0.00
FBC	35	28.41	21.07	19.17	31.35	0.00	0.00
FBC	36	30.45	18.12	19.12	32.30	0.00	0.00
FBC	37	31.00	18.62	19.37	31.00	0.00	0.00
FBC	38	29.41	19.82	18.47	32.30	0.00	0.00
FBC	39	29.91	20.72	18.57	30.80	0.00	0.00
FBC	40	29.01	20.57	18.67	31.75	0.00	0.00
FBC	41	30.30	21.27	18.37	30.05	0.00	0.00
FBC	42	30.40	20.02	18.07	31.50	0.00	0.00
FBC	43	30.45	20.72	18.72	30.10	0.00	0.00
FBC	44	29.46	19.87	18.57	32.10	0.00	0.00
FBC	45	31.20	19.62	17.72	31.45	0.00	0.00
FBC	46	29.96	19.47	18.57	32.00	0.00	0.00
FBC	47	32.25	18.42	18.37	30.95	0.00	0.00
FBC	48	30.45	18.97	18.47	32.10	0.00	0.00
FBC	49	30.05	21.37	18.02	30.55	0.00	0.00
FBC	50	29.31	21.07	18.17	31.45	0.00	0.00
FBC	51	31.85	20.37	18.32	29.46	0.00	0.00
FBC	52	32.10	17.67	17.72	32.50	0.00	0.00
FBC	53	28.76	19.72	18.87	32.65	0.00	0.00
FBC	54	32.75	19.72	17.42	30.10	0.00	0.00
FBC	55	31.80	19.42	17.22	31.55	0.00	0.00
FBC	56	29.61	20.87	18.92	30.60	0.00	0.00
FBC	57	31.30	20.42	18.97	29.31	0.00	0.00
FBC	58	31.30	19.72	18.27	30.70	0.00	0.00
FBC	59	32.80	19.47	18.62	29.11	0.00	0.00
FBC	60	29.71	19.22	17.92	33.15	0.00	0.00
FBC	61	32.35	18.52	18.97	30.15	0.00	0.00
FBC	62	31.00	20.27	18.57	30.15	0.00	0.00
FBC	63	32.35	19.92	17.77	29.96	0.00	0.00
FBC	64	30.30	19.12	20.22	30.35	0.00	0.00
FBC	65	29.71	19.22	19.52	31.55	0.00	0.00
FBC	66	31.05	20.57	19.47	28.91	0.00	0.00
FBC	67	30.40	19.32	19.82	30.45	0.00	0.00
FBC	68	30.60	21.32	18.72	29.36	0.00	0.00
FBC	69	30.60	18.72	19.02	31.65	0.00	0.00
FBC	70	32.70	18.72	19.22	29.36	0.00	0.00
FBC	71	31.50	18.62	20.12	29.76	0.00	0.00
FBC	72	31.95	20.62	17.77	29.66	0.00	0.00
FBC	73	32.05	19.12	19.12	29.71	0.00	0.00
FBC	74	32.30	19.52	19.27	28.91	0.00	0.00
FBC	75	30.20	20.07	18.77	30.95	0.00	0.00
FBC	76	30.25	20.87	17.87	31.00	0.00	0.00
FBC	77	31.30	19.57	18.87	30.25	0.00	0.00
FBC	78	31.70	20.37	18.02	29.91	0.00	0.00
FBC	79	29.96	19.42	19.32	31.30	0.00	0.00
FBC	80	29.91	18.37	19.17	32.55	0.00	0.00
FBC	81	31.95	19.27	18.67	30.10	0.00	0.00
FBC	82	30.55	18.27	20.42	30.75	0.00	0.00
FBC	83	30.40	17.72	20.67	31.20	0.00	0.00
FBC	84	32.40	19.42	18.92	29.26	0.00	0.00
FBC	85	32.65	19.22	17.37	30.75	0.00	0.00
FBC	86	29.86	20.87	18.42	30.85	0.00	0.00
FBC	87	29.51	21.87	19.17	29.46	0.00	0.00
FBC	88	30.15	20.02	19.52	30.30	0.00	0.00
FBC	89	32.30	18.47	18.82	30.40	0.00	0.00
FBC	90	30.45	18.82	18.27	32.45	0.00	0.00
FBC	91	31.40	19.37	19.07	30.15	0.00	0.00
FBC	92	30.15	21.22	17.62	31.00	0.00	0.00
FBC	93	29.26	19.22	17.17	34.35	0.00	0.00
FBC	94	31.15	19.07	17.57	32.20	0.00	0.00
FBC	95	32.05	18.82	18.52	30.60	0.00	0.00
FBC	96	30.30	19.97	18.97	30.75	0.00	0.00
FBC	97	29.66	19.72	19.32	31.30	0.00	0.00
FBC	98	31.25	20.07	18.57	30.10	0.00	0.00
FBC	99	32.05	19.22	18.57	30.15	0.00	0.00
FBC	100	30.70	19.62	18.22	31.45	0.00	0.00
FBC	101	30.65	20.87	18.12	30.35	0.00	0.00
FBC	102	31.35	20.62	17.87	30.15	0.00	0.00
FBC	103	31.80	18.97	17.37	31.85	0.00	0.00
FBC	104	30.85	20.92	19.67	28.56	0.00	0.00
FBC	105	31.20	19.77	18.87	30.15	0.00	0.00
FBC	106	30.50	19.32	19.12	31.05	0.00	0.00
FBC	107	31.05	19.72	19.12	30.10	0.00	0.00
FBC	108	32.15	19.27	20.22	28.36	0.00	0.00
FBC	109	31.90	18.37	19.02	30.70	0.00	0.00
FBC	110	30.80	19.67	17.92	31.60	0.00	0.00
FBC	111	29.91	19.22	19.32	31.55	0.00	0.00
FBC	112	30.35	18.07	19.57	32.00	0.00	0.00
FBC	113	31.00	20.52	18.02	30.45	0.00	0.00
FBC	114	30.15	19.87	18.72	31.25	0.00	0.00
FBC	115	31.75	19.82	17.97	30.45	0.00	0.00
FBC	116	29.36	20.62	19.42	30.60	0.00	0.00
FBC	117	29.26	19.92	18.67	32.15	0.00	0.00
FBC	118	29.56	19.42	19.27	31.75	0.00	0.00
FBC	119	31.05	20.77	18.77	29.41	0.00	0.00
FBC	120	29.96	19.87	18.87	31.30	0.00	0.00
FBC	121	31.00	20.52	19.07	29.41	0.00	0.00
FBC	122	33.10	19.87	19.37	27.66	0.00	0.00
FBC	123	29.96	20.12	19.42	30.50	0.00	0.00
FBC	124	31.90	20.82	18.42	28.86	0.00	0.00
FBC	125	30.70	20.37	17.62	31.30	0.00	0.00
FBC	126	32.60	19.67	17.97	29.76	0.00	0.00
FBC	127	30.50	19.77	18.57	31.15	0.00	0.00
FBC	128	30.95	20.22	18.02	30.80	0.00	0.00
FBC	129	30.85	18.87	19.82	30.45	0.00	0.00
FBC	130	32.95	18.82	17.87	30.35	0.00	0.00
FBC	131	29.96	19.77	18.82	31.45	0.00	0.00
FBC	132	29.41	20.72	19.32	30.55	0.00	0.00
FBC	133	30.75	21.02	18.27	29.96	0.00	0.00
FBC	134	29.86	20.17	18.92	31.05	0.00	0.00
FBC	135	30.90	19.27	19.92	29.91	0.00	0.00
FBC	136	29.01	20.57	19.12	31.30	0.00	0.00
FBC	137	30.00	18.97	20.02	31.00	0.00	0.00
FBC	138	29.66	21.47	18.02	30.85	0.00	0.00
FBC	139	30.20	20.22	19.47	30.10	0.00	0.00
FBC	140	30.90	20.27	18.57	30.25	0.00	0.00
FBC	141	31.55	20.77	17.62	30.05	0.00	0.00
FBC	142	28.81	20.77	20.02	30.40	0.00	0.00
FBC	143	31.80	19.67	18.52	30.00	0.00	0.00
FBC	144	29.56	20.72	18.72	31.00	0.00	0.00
FBC	145	30.20	20.52	19.07	30.20	0.00	0.00
FBC	146	32.10	19.72	17.72	30.45	0.00	0.00
FBC	147	28.91	19.62	18.57	32.90	0.00	0.00
FBC	148	31.70	18.92	18.37	31.00	0.00	0.00
FBC	149	31.20	19.02	18.17	31.60	0.00	0.00
FBC	150	30.65	21.02	17.47	30.85	0.00	0.00
# ACGT raw counters for first fragments. Use `grep ^FTC | cut -f 2-` to extract this part. The columns are: A,C,G,T,N base counters
FTC	92284	59554	56230	92382	0
# ACGT content per cycle for last fragments. Use `grep ^LBC | cut -f 2-` to extract this part. The columns are: cycle; A,C,G,T base counts as a percentage of all A/C/G/T bases [%]; and N and O counts as a percentage of all A/C/G/T bases [%]
LBC	1	31.05	19.27	19.52	30.15	0.00	0.00
LBC	2	33.50	18.62	18.72	29.16	0.00	0.00
LBC	3	32.20	18.52	18.87	30.40	0.00	0.00
LBC	4	30.20	20.32	18.22	31.25	0.00	0.00
LBC	5	30.75	20.27	19.42	29.56	0.00	0.00
LBC	6	32.25	20.42	18.17	29.16	0.00	0.00
LBC	7	30.65	19.87	17.97	31.50	0.00	0.00
LBC	8	29.91	20.02	19.32	30.75	0.00	0.00
LBC	9	29.26	21.32	19.62	29.81	0.00	0.00
LBC	10	32.60	19.22	17.77	30.40	0.00	0.00
LBC	11	31.15	18.12	20.22	30.50	0.00	0.00
LBC	12	30.05	19.37	21.47	29.11	0.00	0.00
LBC	13	30.90	20.67	18.82	29.61	0.00	0.00
LBC	14	32.15	18.22	17.47	32.15	0.00	0.00
LBC	15	31.55	19.22	18.97	30.25	0.00	0.00
LBC	16	32.70	18.82	17.97	30.50	0.00	0.00
LBC	17	29.66	19.67	17.27	33.40	0.00	0.00
LBC	18	30.55	19.57	19.42	30.45	0.00	0.00
LBC	19	29.56	19.87	20.72	29.86	0.00	0.00
LBC	20	29.96	20.57	19.22	30.25	0.00	0.00
LBC	21	30.50	19.37	20.17	29.96	0.00	0.00
LBC	22	30.55	19.32	19.12	31.00	0.00	0.00
LBC	23	32.60	18.62	18.57	30.20	0.00	0.00
LBC	24	32.15	21.02	18.62	28.21	0.00	0.00
LBC	25	28.21	20.02	18.27	33.50	0.00	0.00
LBC	26	32.15	20.37	17.22	30.25	0.00	0.00
LBC	27	30.80	20.07	19.32	29.81	0.00	0.00
LBC	28	33.00	20.22	18.52	28.26	0.00	0.00
LBC	29	31.70	19.12	18.32	30.85	0.00	0.00
LBC	30	31.90	18.87	18.22	31.00	0.00	0.00
LBC	31	32.50	18.37	18.52	30.60	0.00	0.00
LBC	32	30.65	19.57	19.17	30.60	0.00	0.00
LBC	33	29.21	20.97	19.17	30.65	0.00	0.00
LBC	34	30.40	18.77	19.67	31.15	0.00	0.00
LBC	35	29.06	20.07	19.22	31.65	0.00	0.00
LBC	36	29.21	20.37	18.92	31.50	0.00	0.00
LBC	37	30.30	20.92	19.12	29.66	0.00	0.00
LBC	38	31.45	18.97	20.47	29.11	0.00	0.00
LBC	39	32.25	19.42	18.82	29.51	0.00	0.00
LBC	40	30.45	19.72	19.77	30.05	0.00	0.00
LBC	41	29.71	18.92	18.72	32.65	0.00	0.00
LBC	42	30.65	18.42	20.07	30.85	0.00	0.00
LBC	43	30.00	19.77	19.22	31.00	0.00	0.00
LBC	44	31.20	19.57	17.97	31.25	0.00	0.00
LBC	45	30.15	21.67	18.52	29.66	0.00	0.00
LBC	46	29.96	22.02	18.47	29.56	0.00	0.00
LBC	47	31.95	19.67	17.72	30.65	0.00	0.00
LBC	48	29.36	21.57	16.87	32.20	0.00	0.00
LBC	49	30.45	19.52	19.92	30.10	0.00	0.00
LBC	50	29.96	20.47	18.52	31.05	0.00	0.00
LBC	51	30.75	20.27	18.52	30.45	0.00	0.00
LBC	52	31.90	19.17	17.77	31.15	0.00	0.00
LBC	53	29.76	20.87	19.12	30.25	0.00	0.00
LBC	54	31.80	20.67	18.47	29.06	0.00	0.00
LBC	55	32.20	19.22	18.22	30.35	0.00	0.00
LBC	56	29.41	21.72	17.37	31.50	0.00	0.00
LBC	57	30.75	20.22	18.52	30.50	0.00	0.00
LBC	58	30.50	19.37	19.47	30.65	0.00	0.00
LBC	59	28.66	20.72	20.47	30.15	0.00	0.00
LBC	60	31.40	18.72	18.52	31.35	0.00	0.00
LBC	61	31.65	20.07	19.02	29.26	0.00	0.00
LBC	62	29.31	21.17	19.32	30.20	0.00	0.00
LBC	63	31.90	19.42	19.02	29.66	0.00	0.00
LBC	64	31.10	19.62	18.57	30.70	0.00	0.00
LBC	65	31.70	20.07	19.17	29.06	0.00	0.00
LBC	66	30.60	20.22	20.27	28.91	0.00	0.00
LBC	67	31.90	19.82	18.57	29.71	0.00	0.00
LBC	68	30.70	20.12	18.87	30.30	0.00	0.00
LBC	69	32.70	18.87	18.07	30.35	0.00	0.00
LBC	70	32.00	19.52	19.67	28.81	0.00	0.00
LBC	71	30.55	20.32	20.17	28.96	0.00	0.00
LBC	72	30.60	19.97	17.27	32.15	0.00	0.00
LBC	73	31.50	18.17	19.57	30.75	0.00	0.00
LBC	74	30.00	20.27	19.32	30.40	0.00	0.00
LBC	75	31.20	19.57	19.22	30.00	0.00	0.00
LBC	76	30.85	20.47	18.42	30.25	0.00	0.00
LBC	77	31.00	20.12	19.57	29.31	0.00	0.00
LBC	78	30.40	20.12	18.77	30.70	0.00	0.00
LBC	79	31.45	19.52	18.77	30.25	0.00	0.00
LBC	80	31.75	19.72	17.27	31.25	0.00	0.00
LBC	81	31.80	19.52	18.77	29.91	0.00	0.00
LBC	82	28.96	20.37	19.32	31.35	0.00	0.00
LBC	83	30.15	21.07	18.92	29.86	0.00	0.00
LBC	84	31.25	21.47	16.72	30.55	0.00	0.00
LBC	85	31.50	18.32	18.52	31.65	0.00	0.00
LBC	86	31.20	19.02	19.47	30.30	0.00	0.00
LBC	87	29.81	20.32	19.17	30.70	0.00	0.00
LBC	88	31.20	17.77	19.72	31.30	0.00	0.00
LBC	89	30.40	21.12	18.47	30.00	0.00	0.00
LBC	90	28.96	20.37	18.27	32.40	0.00	0.00
LBC	91	31.15	19.02	19.87	29.96	0.00	0.00
LBC	92	32.55	17.97	19.17	30.30	0.00	0.00
LBC	93	29.96	20.77	19.97	29.31	0.00	0.00
LBC	94	29.66	19.67	19.52	31.15	0.00	0.00
LBC	95	31.15	20.47	17.97	30.40	0.00	0.00
LBC	96	31.05	17.92	20.32	30.70	0.00	0.00
LBC	97	29.06	21.02	19.02	30.90	0.00	0.00
LBC	98	30.30	19.87	17.62	32.20	0.00	0.00
LBC	99	30.35	20.57	18.62	30.45	0.00	0.00
LBC	100	30.95	20.12	18.62	30.30	0.00	0.00
LBC	101	31.65	18.82	18.97	30.55	0.00	0.00
LBC	102	32.70	20.37	18.47	28.46	0.00	0.00
LBC	103	32.55	19.37	18.17	29.91	0.00	0.00
LBC	104	31.50	19.32	18.92	30.25	0.00	0.00
LBC	105	30.25	20.62	20.02	29.11	0.00	0.00
LBC	106	30.40	20.37	19.22	30.00	0.00	0.00
LBC	107	31.10	19.82	18.47	30.60	0.00	0.00
LBC	108	31.70	19.77	19.07	29.46	0.00	0.00
LBC	109	30.35	19.37	18.82	31.45	0.00	0.00
LBC	110	30.10	20.12	18.97	30.80	0.00	0.00
LBC	111	30.20	20.17	19.47	30.15	0.00	0.00
LBC	112	31.30	19.62	19.17	29.91	0.00	0.00
LBC	113	29.46	18.42	19.77	32.35	0.00	0.00
LBC	114	31.85	17.77	19.97	30.40	0.00	0.00
LBC	115	30.90	20.17	18.92	30.00	0.00	0.00
LBC	116	30.55	19.47	18.37	31.60	0.00	0.00
LBC	117	31.25	21.07	19.37	28.31	0.00	0.00
LBC	118	30.25	20.57	18.67	30.50	0.00	0.00
LBC	119	29.36	20.97	20.77	28.91	0.00	0.00
LBC	120	30.05	21.12	17.82	31.00	0.00	0.00
LBC	121	31.25	21.82	19.02	27.91	0.00	0.00
LBC	122	31.05	19.12	19.07	30.75	0.00	0.00
LBC	123	31.65	19.37	18.62	30.35	0.00	0.00
LBC	124	30.50	20.67	18.22	30.60	0.00	0.00
LBC	125	30.70	19.92	17.67	31.70	0.00	0.00
LBC	126	29.66	21.02	18.92	30.40	0.00	0.00
LBC	127	30.35	18.87	20.22	30.55	0.00	0.00
LBC	128	30.15	19.22	19.42	31.20	0.00	0.00
LBC	129	30.10	17.72	19.82	32.35	0.00	0.00
LBC	130	29.81	21.22	19.32	29.66	0.00	0.00
LBC	131	30.55	19.02	19.37	31.05	0.00	0.00
LBC	132	29.01	21.02	18.12	31.85	0.00	0.00
LBC	133	31.00	19.72	18.72	30.55	0.00	0.00
LBC	134	30.80	19.32	18.47	31.40	0.00	0.00
LBC	135	29.56	20.12	19.27	31.05	0.00	0.00
LBC	136	31.00	19.17	19.47	30.35	0.00	0.00
LBC	137	31.35	19.32	20.17	29.16	0.00	0.00
LBC	138	31.05	20.52	18.82	29.61	0.00	0.00
LBC	139	29.31	20.22	19.07	31.40	0.00	0.00
LBC	140	30.50	19.47	19.07	30.95	0.00	0.00
LBC	141	30.20	18.97	19.12	31.70	0.00	0.00
LBC	142	30.80	19.32	19.27	30.60	0.00	0.00
LBC	143	29.51	20.62	19.32	30.55	0.00	0.00
LBC	144	31.42	19.73	18.48	30.37	0.00	0.00
LBC	145	29.37	20.38	22.18	28.07	0.00	0.00
LBC	146	29.17	21.13	19.03	30.67	0.00	0.00
LBC	147	31.07	21.13	18.63	29.17	0.00	0.00
LBC	148	29.02	20.18	18.88	31.92	0.00	0.00
LBC	149	29.87	19.98	18.48	31.67	0.00	0.00
LBC	150	32.82	18.58	18.48	30.12	0.00	0.00
# ACGT raw counters for last fragments. Use `grep ^LTC | cut -f 2-` to extract this part. The columns are: A,C,G,T,N base counters
LTC	92431	59623	56926	91463	0
# Insert sizes. Use `grep ^IS | cut -f 2-` to extract this part. The columns are: insert size, pairs total, inward oriented pairs, outward oriented pairs, other pairs
IS	0	0	0	0	0
IS	1	0	0	0	0
IS	2	0	0	0	0
IS	3	0	0	0	0
IS	4	0	0	0	0
IS	5	0	0	0	0
IS	6	0	0	0	0
IS	7	0	0	0	0
IS	8	0	0	0	0
IS	9	0	0	0	0
IS	10	0	0	0	0
IS	11	0	0	0	0
IS	12	0	0	0	0
IS	13	0	0	0	0
IS	14	0	0	0	0
IS	15	0	0	0	0
IS	16	0	0	0	0
IS	17	0	0	0	0
IS	18	0	0	0	0
IS	19	0	0	0	0
IS	20	0	0	0	0
IS	21	0	0	0	0
IS	22	0	0	0	0
IS	23	0	0	0	0
IS	24	0	0	0	0
IS	25	0	0	0	0
IS	26	0	0	0	0
IS	27	0	0	0	0
IS	28	0	0	0	0
IS	29	0	0	0	0
IS	30	0	0	0	0
IS	31	0	0	0	0
IS	32	0	0	0	0
IS	33	0	0	0	0
IS	34	0	0	0	0
IS	35	0	0	0	0
IS	36	0	0	0	0
IS	37	0	0	0	0
IS	38	0	0	0	0
IS	39	0	0	0	0
IS	40	0	0	0	0
IS	41	0	0	0	0
IS	42	0	0	0	0
IS	43	0	0	0	0
IS	44	0	0	0	0
IS	45	0	0	0	0
IS	46	0	0	0	0
IS	47	0	0	0	0
IS	48	0	0	0	0
IS	49	0	0	0	0
IS	50	0	0	0	0
IS	51	0	0	0	0
IS	52	0	0	0	0
IS	53	0	0	0	0
IS	54	0	0	0	0
IS	55	0	0	0	0
IS	56	0	0	0	0
IS	57	0	0	0	0
IS	58	0	0	0	0
IS	59	0	0	0	0
IS	60	0	0	0	0
IS	61	0	0	0	0
IS	62	0	0	0	0
IS	63	0	0	0	0
IS	64	0	0	0	0
IS	65	0	0	0	0
IS	66	0	0	0	0
IS	67	0	0	0	0
IS	68	0	0	0	0
IS	69	0	0	0	0
IS	70	0	0	0	0
IS	71	0	0	0	0
IS	72	0	0	0	0
IS	73	0	0	0	0
IS	74	0	0	0	0
IS	75	0	0	0	0
IS	76	0	0	0	0
IS	77	0	0	0	0
IS	78	0	0	0	0
IS	79	0	0	0	0
IS	80	0	0	0	0
IS	81	0	0	0	0
IS	82	0	0	0	0
IS	83	0	0	0	0
IS	84	0	0	0	0
IS	85	0	0	0	0
IS	86	0	0	0	0
IS	87	0	0	0	0
IS	88	0	0	0	0
IS	89	0	0	0	0
IS	90	0	0	0	0
IS	91	0	0	0	0
IS	92	0	0	0	0
IS	93	0	0	0	0
IS	94	0	0	0	0
IS	95	0	0	0	0
IS	96	0	0	0	0
IS	97	0	0	0	0
IS	98	0	0	0	0
IS	99	0	0	0	0
IS	100	0	0	0	0
IS	101	0	0	0	0
IS	102	0	0	0	0
IS	103	0	0	0	0
IS	104	0	0	0	0
IS	105	0	0	0	0
IS	106	0	0	0	0
IS	107	0	0	0	0
IS	108	0	0	0	0
IS	109	0	0	0	0
IS	110	0	0	0	0
IS	111	0	0	0	0
IS	112	0	0	0	0
IS	113	0	0	0	0
IS	114	0	0	0	0
IS	115	0	0	0	0
IS	116	0	0	0	0
IS	117	0	0	0	0
IS	118	0	0	0	0
IS	119	0	0	0	0
IS	120	0	0	0	0
IS	121	0	0	0	0
IS	122	0	0	0	0
IS	123	0	0	0	0
IS	124	0	0	0	0
IS	125	0	0	0	0
IS	126	0	0	0	0
IS	127	0	0	0	0
IS	128	0	0	0	0
IS	129	0	0	0	0
IS	130	0	0	0	0
IS	131	0	0	0	0
IS	132	0	0	0	0
IS	133	0	0	0	0
IS	134	0	0	0	0
IS	135	0	0	0	0
IS	136	0	0	0	0
IS	137	0	0	0	0
IS	138	0	0	0	0
IS	139	0	0	0	0
IS	140	0	0	0	0
IS	141	0	0	0	0
IS	142	0	0	0	0
IS	143	0	0	0	0
IS	144	0	0	0	0
IS	145	0	0	0	0
IS	146	0	0	0	0
IS	147	0	0	0	0
IS	148	0	0	0	0
IS	149	0	0	0	0
IS	150	0	0	0	0
IS	151	0	0	0	0
IS	152	0	0	0	0
IS	153	0	0	0	0
IS	154	0	0	0	0
IS	155	0	0	0	0
IS	156	0	0	0	0
IS	157	0	0	0	0
IS	158	0	0	0	0
IS	159	0	0	0	0
IS	160	0	0	0	0
IS	161	0	0	0	0
IS	162	0	0	0	0
IS	163	0	0	0	0
IS	164	0	0	0	0
IS	165	0	0	0	0
IS	166	0	0	0	0
IS	167	0	0	0	0
IS	168	0	0	0	0
IS	169	0	0	0	0
IS	170	0	0	0	0
IS	171	0	0	0	0
IS	172	0	0	0	0
IS	173	0	0	0	0
IS	174	0	0	0	0
IS	175	0	0	0	0
IS	176	0	0	0	0
IS	177	0	0	0	0
IS	178	0	0	0	0
IS	179	0	0	0	0
IS	180	0	0	0	0
IS	181	0	0	0	0
IS	182	0	0	0	0
IS	183	0	0	0	0
IS	184	0	0	0	0
IS	185	0	0	0	0
IS	186	0	0	0	0
IS	187	0	0	0	0
IS	188	0	0	0	0
IS	189	0	0	0	0
IS	190	0	0	0	0
IS	191	0	0	0	0
IS	192	0	0	0	0
IS	193	0	0	0	0
IS	194	0	0	0	0
IS	195	0	0	0	0
IS	196	0	0	0	0
IS	197	0	0	0	0
IS	198	0	0	0	0
IS	199	0	0	0	0
IS	200	0	0	0	0
IS	201	0	0	0	0
IS	202	0	0	0	0
IS	203	0	0	0	0
IS	204	0	0	0	0
IS	205	0	0	0	0
IS	206	0	0	0	0
IS	207	0	0	0	0
IS	208	0	0	0	0
IS	209	0	0	0	0
IS	210	0	0	0	0
IS	211	0	0	0	0
IS	212	0	0	0	0
IS	213	0	0	0	0
IS	214	0	0	0	0
IS	215	0	0	0	0
IS	216	0	0	0	0
IS	217	0	0	0	0
IS	218	0	0	0	0
IS	219	0	0	0	0
IS	220	0	0	0	0
IS	221	0	0	0	0
IS	222	0	0	0	0
IS	223	0	0	0	0
IS	224	0	0	0	0
IS	225	0	0	0	0
IS	226	0	0	0	0
IS	227	0	0	0	0
IS	228	0	0	0	0
IS	229	0	0	0	0
IS	230	0	0	0	0
IS	231	0	0	0	0
IS	232	0	0	0	0
IS	233	0	0	0	0
IS	234	0	0	0	0
IS	235	0	0	0	0
IS	236	0	0	0	0
IS	237	0	0	0	0
IS	238	0	0	0	0
IS	239	0	0	0	0
IS	240	0	0	0	0
IS	241	0	0	0	0
IS	242	0	0	0	0
IS	243	0	0	0	0
IS	244	0	0	0	0
IS	245	0	0	0	0
IS	246	0	0	0	0
IS	247	0	0	0	0
IS	248	0	0	0	0
IS	249	0	0	0	0
IS	250	0	0	0	0
IS	251	0	0	0	0
IS	252	0	0	0	0
IS	253	0	0	0	0
IS	254	0	0	0	0
IS	255	0	0	0	0
IS	256	0	0	0	0
IS	257	0	0	0	0
IS	258	0	0	0	0
IS	259	0	0	0	0
IS	260	0	0	0	0
IS	261	0	0	0	0
IS	262	0	0	0	0
IS	263	0	0	0	0
IS	264	0	0	0	0
IS	265	0	0	0	0
IS	266	0	0	0	0
IS	267	0	0	0	0
IS	268	0	0	0	0
IS	269	0	0	0	0
IS	270	0	0	0	0
IS	271	0	0	0	0
IS	272	0	0	0	0
IS	273	0	0	0	0
IS	274	0	0	0	0
IS	275	0	0	0	0
IS	276	0	0	0	0
IS	277	0	0	0	0
IS	278	0	0	0	0
IS	279	0	0	0	0
IS	280	0	0	0	0
IS	281	0	0	0	0
IS	282	0	0	0	0
IS	283	0	0	0	0
IS	284	0	0	0	0
IS	285	0	0	0	0
IS	286	0	0	0	0
IS	287	0	0	0	0
IS	288	0	0	0	0
IS	289	0	0	0	0
IS	290	0	0	0	0
IS	291	0	0	0	0
IS	292	0	0	0	0
IS	293	0	0	0	0
IS	294	0	0	0	0
IS	295	0	0	0	0
IS	296	0	0	0	0
IS	297	0	0	0	0
IS	298	0	0	0	0
IS	299	0	0	0	0
IS	300	0	0	0	0
IS	301	0	0	0	0
IS	302	0	0	0	0
IS	303	0	0	0	0
IS	304	0	0	0	0
IS	305	0	0	0	0
IS	306	0	0	0	0
IS	307	0	0	0	0
IS	308	0	0	0	0
IS	309	0	0	0	0
IS	310	0	0	0	0
IS	311	0	0	0	0
IS	312	0	0	0	0
IS	313	0	0	0	0
IS	314	0	0	0	0
IS	315	0	0	0	0
IS	316	0	0	0	0
IS	317	0	0	0	0
IS	318	0	0	0	0
IS	319	0	0	0	0
IS	320	0	0	0	0
IS	321	0	0	0	0
IS	322	0	0	0	0
IS	323	0	0	0	0
IS	324	0	0	0	0
IS	325	0	0	0	0
IS	326	0	0	0	0
IS	327	0	0	0	0
IS	328	0	0	0	0
IS	329	0	0	0	0
IS	330	0	0	0	0
IS	331	0	0	0	0
IS	332	0	0	0	0
IS	333	0	0	0	0
IS	334	0	0	0	0
IS	335	0	0	0	0
IS	336	0	0	0	0
IS	337	0	0	0	0
IS	338	0	0	0	0
IS	339	0	0	0	0
IS	340	0	0	0	0
IS	341	0	0	0	0
IS	342	0	0	0	0
IS	343	0	0	0	0
IS	344	0	0	0	0
IS	345	0	0	0	0
IS	346	0	0	0	0
IS	347	0	0	0	0
IS	348	0	0	0	0
IS	349	0	0	0	0
IS	350	0	0	0	0
IS	351	0	0	0	0
IS	352	0	0	0	0
IS	353	0	0	0	0
IS	354	0	0	0	0
IS	355	0	0	0	0
IS	356	0	0	0	0
IS	357	0	0	0	0
IS	358	1	1	0	0
IS	359	0	0	0	0
IS	360	0	0	0	0
IS	361	0	0	0	0
IS	362	1	1	0	0
IS	363	2	2	0	0
IS	364	0	0	0	0
IS	365	0	0	0	0
IS	366	0	0	0	0
IS	367	0	0	0	0
IS	368	1	1	0	0
IS	369	2	2	0	0
IS	370	0	0	0	0
IS	371	0	0	0	0
IS	372	0	0	0	0
IS	373	1	1	0	0
IS	374	0	0	0	0
IS	375	0	0	0	0
IS	376	0	0	0	0
IS	377	0	0	0	0
IS	378	2	2	0	0
IS	379	0	0	0	0
IS	380	0	0	0	0
IS	381	1	1	0	0
IS	382	1	1	0	0
IS	383	1	1	0	0
IS	384	1	1	0	0
IS	385	0	0	0	0
IS	386	1	1	0	0
IS	387	3	3	0	0
IS	388	0	0	0	0
IS	389	1	1	0	0
IS	390	3	3	0	0
IS	391	2	2	0	0
IS	392	0	0	0	0
IS	393	2	2	0	0
IS	394	1	1	0	0
IS	395	2	2	0	0
IS	396	4	4	0	0
IS	397	2	2	0	0
IS	398	1	1	0	0
IS	399	2	2	0	0
IS	400	1	1	0	0
IS	401	2	2	0	0
IS	402	2	2	0	0
IS	403	4	4	0	0
IS	404	2	2	0	0
IS	405	0	0	0	0
IS	406	2	2	0	0
IS	407	6	6	0	0
IS	408	2	2	0	0
IS	409	2	2	0	0
IS	410	1	1	0	0
IS	411	3	3	0	0
IS	412	2	2	0	0
IS	413	3	3	0	0
IS	414	2	2	0	0
IS	415	5	5	0	0
IS	416	1	1	0	0
IS	417	3	3	0	0
IS	418	5	5	0	0
IS	419	4	4	0	0
IS	420	4	4	0	0
IS	421	6	6	0	0
IS	422	4	4	0	0
IS	423	7	7	0	0
IS	424	5	5	0	0
IS	425	1	1	0	0
IS	426	4	4	0	0
IS	427	3	3	0	0
IS	428	4	4	0	0
IS	429	2	2	0	0
IS	430	8	8	0	0
IS	431	11	11	0	0
IS	432	9	9	0	0
IS	433	5	5	0	0
IS	434	11	11	0	0
IS	435	6	6	0	0
IS	436	9	9	0	0
IS	437	8	8	0	0
IS	438	7	7	0	0
IS	439	10	10	0	0
IS	440	7	7	0	0
IS	441	7	7	0	0
IS	442	6	6	0	0
IS	443	8	8	0	0
IS	444	10	10	0	0
IS	445	5	5	0	0
IS	446	11	11	0	0
IS	447	10	10	0	0
IS	448	9	9	0	0
IS	449	8	8	0	0
IS	450	7	7	0	0
IS	451	13	13	0	0
IS	452	5	5	0	0
IS	453	9	9	0	0
IS	454	13	13	0	0
IS	455	11	11	0	0
IS	456	12	12	0	0
IS	457	9	9	0	0
IS	458	9	9	0	0
IS	459	12	12	0	0
IS	460	9	9	0	0
IS	461	18	18	0	0
IS	462	7	7	0	0
IS	463	17	17	0	0
IS	464	14	14	0	0
IS	465	10	10	0	0
IS	466	17	17	0	0
IS	467	19	19	0	0
IS	468	11	11	0	0
IS	469	16	16	0	0
IS	470	16	16	0	0
IS	471	15	15	0	0
IS	472	18	18	0	0
IS	473	10	10	0	0
IS	474	11	11	0	0
IS	475	14	14	0	0
IS	476	13	13	0	0
IS	477	19	19	0	0
IS	478	22	22	0	0
IS	479	18	18	0	0
IS	480	7	7	0	0
IS	481	13	13	0	0
IS	482	18	18	0	0
IS	483	24	24	0	0
IS	484	17	17	0	0
IS	485	15	15	0	0
IS	486	11	11	0	0
IS	487	14	14	0	0
IS	488	21	21	0	0
IS	489	24	24	0	0
IS	490	18	18	0	0
IS	491	15	15	0	0
IS	492	8	8	0	0
IS	493	17	17	0	0
IS	494	27	27	0	0
IS	495	13	13	0	0
IS	496	16	16	0	0
IS	497	17	17	0	0
IS	498	17	17	0	0
IS	499	14	14	0	0
IS	500	19	19	0	0
IS	501	13	13	0	0
IS	502	20	20	0	0
IS	503	18	18	0	0
IS	504	13	13	0	0
IS	505	9	9	0	0
IS	506	12	12	0	0
IS	507	17	17	0	0
IS	508	15	15	0	0
IS	509	14	14	0	0
IS	510	13	13	0	0
IS	511	12	12	0	0
IS	512	19	19	0	0
IS	513	18	18	0	0
IS	514	9	9	0	0
IS	515	13	13	0	0
IS	516	13	13	0	0
IS	517	16	16	0	0
IS	518	13	13	0	0
IS	519	17	17	0	0
IS	520	10	10	0	0
IS	521	24	24	0	0
IS	522	11	11	0	0
IS	523	12	12	0	0
IS	524	14	14	0	0
IS	525	16	16	0	0
IS	526	8	8	0	0
IS	527	12	12	0	0
IS	528	12	12	0	0
IS	529	6	6	0	0
IS	530	15	15	0	0
IS	531	7	7	0	0
IS	532	12	12	0	0
IS	533	7	7	0	0
IS	534	16	16	0	0
IS	535	18	18	0	0
IS	536	11	11	0	0
IS	537	11	11	0	0
IS	538	10	10	0	0
IS	539	12	12	0	0
IS	540	10	10	0	0
IS	541	11	11	0	0
IS	542	10	10	0	0
IS	543	10	10	0	0
IS	544	10	10	0	0
IS	545	9	9	0	0
IS	546	12	12	0	0
IS	547	13	13	0	0
IS	548	8	8	0	0
IS	549	12	12	0	0
IS	550	10	10	0	0
IS	551	9	9	0	0
IS	552	15	15	0	0
IS	553	4	4	0	0
IS	554	8	8	0	0
IS	555	10	10	0	0
IS	556	8	8	0	0
IS	557	8	8	0	0
IS	558	12	12	0	0
IS	559	13	13	0	0
IS	560	14	14	0	0
IS	561	8	8	0	0
IS	562	7	7	0	0
IS	563	6	6	0	0
IS	564	12	12	0	0
IS	565	8	8	0	0
IS	566	7	7	0	0
IS	567	8	8	0	0
IS	568	4	4	0	0
IS	569	15	15	0	0
IS	570	9	9	0	0
IS	571	3	3	0	0
IS	572	3	3	0	0
IS	573	6	6	0	0
IS	574	3	3	0	0
IS	575	4	4	0	0
IS	576	3	3	0	0
IS	577	4	4	0	0
IS	578	3	3	0	0
IS	579	1	1	0	0
IS	580	1	1	0	0
IS	581	4	4	0	0
IS	582	1	1	0	0
IS	583	3	3	0	0
IS	584	5	5	0	0
IS	585	5	5	0	0
IS	586	3	3	0	0
IS	587	7	7	0	0
IS	588	9	9	0	0
IS	589	1	1	0	0
IS	590	3	3	0	0
IS	591	3	3	0	0
IS	592	5	5	0	0
IS	593	4	4	0	0
IS	594	1	1	0	0
IS	595	1	1	0	0
IS	596	6	6	0	0
IS	597	2	2	0	0
IS	598	4	4	0	0
IS	599	3	3	0	0
IS	600	2	2	0	0
IS	601	1	1	0	0
IS	602	3	3	0	0
IS	603	1	1	0	0
IS	604	1	1	0	0
IS	605	3	3	0	0
IS	606	0	0	0	0
IS	607	1	1	0	0
IS	608	1	1	0	0
IS	609	2	2	0	0
IS	610	1	1	0	0
IS	611	3	3	0	0
IS	612	2	2	0	0
IS	613	2	2	0	0
IS	614	2	2	0	0
IS	615	0	0	0	0
IS	616	0	0	0	0
IS	617	2	2	0	0
IS	618	0	0	0	0
IS	619	0	0	0	0
IS	620	0	0	0	0
IS	621	1	1	0	0
IS	622	1	1	0	0
IS	623	0	0	0	0
IS	624	0	0	0	0
IS	625	1	1	0	0
# Read lengths. Use `grep ^RL | cut -f 2-` to extract this part. The columns are: read length, count
RL	143	1
RL	150	4005
# Read lengths - first fragments. Use `grep ^FRL | cut -f 2-` to extract this part. The columns are: read length, count
FRL	150	2003
# Read lengths - last fragments. Use `grep ^LRL | cut -f 2-` to extract this part. The columns are: read length, count
LRL	143	1
LRL	150	2002
# Mapping qualities for reads !(UNMAP|SECOND|SUPPL|QCFAIL|DUP). Use `grep ^MAPQ | cut -f 2-` to extract this part. The columns are: mapq, count
MAPQ	0	18
MAPQ	27	6
MAPQ	33	2
MAPQ	40	33
MAPQ	41	1
MAPQ	43	1
MAPQ	45	1
MAPQ	46	1
MAPQ	47	1
MAPQ	48	50
MAPQ	50	4
MAPQ	52	3
MAPQ	57	11
MAPQ	59	3
MAPQ	60	3871
# Indel distribution. Use `grep ^ID | cut -f 2-` to extract this part. The columns are: length, number of insertions, number of deletions
ID	1	0	5
# Indels per cycle. Use `grep ^IC | cut -f 2-` to extract this part. The columns are: cycle, number of insertions (fwd), .. (rev) , number of deletions (fwd), .. (rev)
IC	48	0	0	1	0
IC	82	0	0	1	0
IC	120	0	0	0	1
IC	122	0	0	0	1
IC	141	0	0	0	1
# Coverage distribution. Use `grep ^COV | cut -f 2-` to extract this part.
COV	[1-1]	1	4549
COV	[2-2]	2	10164
COV	[3-3]	3	16030
COV	[4-4]	4	18221
COV	[5-5]	5	20286
COV	[6-6]	6	17137
COV	[7-7]	7	13393
COV	[8-8]	8	7494
COV	[9-9]	9	4784
COV	[10-10]	10	2642
COV	[11-11]	11	1287
COV	[12-12]	12	625
COV	[13-13]	13	278
COV	[14-14]	14	94
COV	[15-15]	15	48
COV	[16-16]	16	19
# GC-depth. Use `grep ^GCD | cut -f 2-` to extract this part. The columns are: GC%, unique sequence percentiles, 10th, 25th, 50th, 75th and 90th depth percentile
GCD	0.0	15.385	0.000	0.000	0.000	0.000	0.000
GCD	37.0	23.077	2.505	2.505	2.505	2.505	2.505
GCD	38.0	61.538	2.490	2.497	2.505	2.505	2.505
GCD	39.0	84.615	2.505	2.505	2.505	2.505	2.505
GCD	40.0	92.308	2.505	2.505	2.505	2.505	2.505
GCD	45.0	100.000	2.505	2.505	2.505	2.505	2.505
