# This file was produced by samtools stats (1.20+htslib-1.21) and can be plotted using plot-bamstats
# This file contains statistics for all reads.
# The command line was:  stats sample3824.sorted.bam
# CHK, Checksum	[2]Read Names	[3]Sequences	[4]Qualities
# CHK, CRC32 of reads which passed filtering followed by addition (32bit overflow)
CHK	095bdf4a	acfb661f	f1f23d24
# Summary Numbers. Use `grep ^SN | cut -f 2-` to extract this part.
SN	raw total sequences:	4006	# excluding supplementary and secondary reads
SN	filtered sequences:	0
SN	sequences:	4006
SN	is sorted:	1
SN	1st fragments:	2003
SN	last fragments:	2003
SN	reads mapped:	4006
SN	reads mapped and paired:	4006	# paired-end technology bit set + both mates mapped
SN	reads unmapped:	0
SN	reads properly paired:	4006	# proper-pair bit set
SN	reads paired:	4006	# paired-end technology bit set
SN	reads duplicated:	0	# PCR or optical duplicate bit set
SN	reads MQ0:	12	# mapped and MQ=0
SN	reads QC failed:	0
SN	non-primary alignments:	0
SN	supplementary alignments:	0
SN	total length:	600900	# ignores clipping
SN	total first fragment length:	300450	# ignores clipping
SN	total last fragment length:	300450	# ignores clipping
SN	bases mapped:	600900	# ignores clipping
SN	bases mapped (cigar):	600898	# more accurate
SN	bases trimmed:	0
SN	bases duplicated:	0
SN	mismatches:	914	# from NM fields
SN	error rate:	1.521057e-03	# mismatches / bases mapped (cigar)
SN	average length:	150
SN	average first fragment length:	150
SN	average last fragment length:	150
SN	maximum length:	150
SN	maximum first fragment length:	150
SN	maximum last fragment length:	150
SN	average quality:	30.0
SN	insert size average:	499.1
SN	insert size standard deviation:	47.7
SN	inward oriented pairs:	2003
SN	outward oriented pairs:	0
SN	pairs with other orientation:	0
SN	pairs on different chromosomes:	0
SN	percentage of properly paired reads (%):	100.0
# First Fragment Qualities. Use `grep ^FFQ | cut -f 2-` to extract this part.
# Columns correspond to qualities and rows to cycles. First column is the cycle number.
FFQ	1	0	0	0	0	0	0	0	0	0	0	0	0	0	0	0	0	0	0	0	0	0	0	0	0	0	0	0	0	0	0	2003	0
FFQ	2	0	0	0	0	0	0	0	0	0	0	0	0	0	0	0	0	0	0	0	0	0	0	0	0	0	0	0	0	0	0	2003	0
FFQ	3	0	0	0	0	0	0	0	0	0	0	0	0	0	0	0	0	0	0	0	0	0	0	0	0	0	0	0	0	0	0	2003	0
FFQ	4	0	0	0	0	0	0	0	0	0	0	0	0	0	0	0	0	0	0	0	0	0	0	0	0	0	0	0	0	0	0	2003	0
FFQ	5	0	0	0	0	0	0	0	0	0	0	0	0	0	0	0	0	0	0	0	0	0	0	0	0	0	0	0	0	0	0	2003	0
FFQ	6	0	0	0	0	0	0	0	0	0	0	0	0	0	0	0	0	0	0	0	0	0	0	0	0	0	0	0	0	0	0	2003	0
FFQ	7	0	0	0	0	0	0	0	0	0	0	0	0	0	0	0	0	0	0	0	0	0	0	0	0	0	0	0	0	0	0	2003	0
FFQ	8	0	0	0	0	0	0	0	0	0	0	0	0	0	0	0	0	0	0	0	0	0	0	0	0	0	0	0	0	0	0	2003	0
FFQ	9	0	0	0	0	0	0	0	0	0	0	0	0	0	0	0	0	0	0	0	0	0	0	0	0	0	0	0	0	0	0	2003	0
FFQ	10	0	0	0	0	0	0	0	0	0	0	0	0	0	0	0	0	0	0	0	0	0	0	0	0	0	0	0	0	0	0	2003	0
FFQ	11	0	0	0	0	0	0	0	0	0	0	0	0	0	0	0	0	0	0	0	0	0	0	0	0	0	0	0	0	0	0	2003	0
FFQ	12	0	0	0	0	0	0	0	0	0	0	0	0	0	0	0	0	0	0	0	0	0	0	0	0	0	0	0	0	0	0	2003	0
FFQ	13	0	0	0	0	0	0	0	0	0	0	0	0	0	0	0	0	0	0	0	0	0	0	0	0	0	0	0	0	0	0	2003	0
FFQ	14	0	0	0	0	0	0	0	0	0	0	0	0	0	0	0	0	0	0	0	0	0	0	0	0	0	0	0	0	0	0	2003	0
FFQ	15	0	0	0	0	0	0	0	0	0	0	0	0	0	0	0	0	0	0	0	0	0	0	0	0	0	0	0	0	0	0	2003	0
FFQ	16	0	0	0	0	0	0	0	0	0	0	0	0	0	0	0	0	0	0	0	0	0	0	0	0	0	0	0	0	0	0	2003	0
FFQ	17	0	0	0	0	0	0	0	0	0	0	0	0	0	0	0	0	0	0	0	0	0	0	0	0	0	0	0	0	0	0	2003	0
FFQ	18	0	0	0	0	0	0	0	0	0	0	0	0	0	0	0	0	0	0	0	0	0	0	0	0	0	0	0	0	0	0	2003	0
FFQ	19	0	0	0	0	0	0	0	0	0	0	0	0	0	0	0	0	0	0	0	0	0	0	0	0	0	0	0	0	0	0	2003	0
FFQ	20	0	0	0	0	0	0	0	0	0	0	0	0	0	0	0	0	0	0	0	0	0	0	0	0	0	0	0	0	0	0	2003	0
FFQ	21	0	0	0	0	0	0	0	0	0	0	0	0	0	0	0	0	0	0	0	0	0	0	0	0	0	0	0	0	0	0	2003	0
FFQ	22	0	0	0	0	0	0	0	0	0	0	0	0	0	0	0	0	0	0	0	0	0	0	0	0	0	0	0	0	0	0	2003	0
FFQ	23	0	0	0	0	0	0	0	0	0	0	0	0	0	0	0	0	0	0	0	0	0	0	0	0	0	0	0	0	0	0	2003	0
FFQ	24	0	0	0	0	0	0	0	0	0	0	0	0	0	0	0	0	0	0	0	0	0	0	0	0	0	0	0	0	0	0	2003	0
FFQ	25	0	0	0	0	0	0	0	0	0	0	0	0	0	0	0	0	0	0	0	0	0	0	0	0	0	0	0	0	0	0	2003	0
FFQ	26	0	0	0	0	0	0	0	0	0	0	0	0	0	0	0	0	0	0	0	0	0	0	0	0	0	0	0	0	0	0	2003	0
FFQ	27	0	0	0	0	0	0	0	0	0	0	0	0	0	0	0	0	0	0	0	0	0	0	0	0	0	0	0	0	0	0	2003	0
FFQ	28	0	0	0	0	0	0	0	0	0	0	0	0	0	0	0	0	0	0	0	0	0	0	0	0	0	0	0	0	0	0	2003	0
FFQ	29	0	0	0	0	0	0	0	0	0	0	0	0	0	0	0	0	0	0	0	0	0	0	0	0	0	0	0	0	0	0	2003	0
FFQ	30	0	0	0	0	0	0	0	0	0	0	0	0	0	0	0	0	0	0	0	0	0	0	0	0	0	0	0	0	0	0	2003	0
FFQ	31	0	0	0	0	0	0	0	0	0	0	0	0	0	0	0	0	0	0	0	0	0	0	0	0	0	0	0	0	0	0	2003	0
FFQ	32	0	0	0	0	0	0	0	0	0	0	0	0	0	0	0	0	0	0	0	0	0	0	0	0	0	0	0	0	0	0	2003	0
FFQ	33	0	0	0	0	0	0	0	0	0	0	0	0	0	0	0	0	0	0	0	0	0	0	0	0	0	0	0	0	0	0	2003	0
FFQ	34	0	0	0	0	0	0	0	0	0	0	0	0	0	0	0	0	0	0	0	0	0	0	0	0	0	0	0	0	0	0	2003	0
FFQ	35	0	0	0	0	0	0	0	0	0	0	0	0	0	0	0	0	0	0	0	0	0	0	0	0	0	0	0	0	0	0	2003	0
FFQ	36	0	0	0	0	0	0	0	0	0	0	0	0	0	0	0	0	0	0	0	0	0	0	0	0	0	0	0	0	0	0	2003	0
FFQ	37	0	0	0	0	0	0	0	0	0	0	0	0	0	0	0	0	0	0	0	0	0	0	0	0	0	0	0	0	0	0	2003	0
FFQ	38	0	0	0	0	0	0	0	0	0	0	0	0	0	0	0	0	0	0	0	0	0	0	0	0	0	0	0	0	0	0	2003	0
FFQ	39	0	0	0	0	0	0	0	0	0	0	0	0	0	0	0	0	0	0	0	0	0	0	0	0	0	0	0	0	0	0	2003	0
FFQ	40	0	0	0	0	0	0	0	0	0	0	0	0	0	0	0	0	0	0	0	0	0	0	0	0	0	0	0	0	0	0	2003	0
FFQ	41	0	0	0	0	0	0	0	0	0	0	0	0	0	0	0	0	0	0	0	0	0	0	0	0	0	0	0	0	0	0	2003	0
FFQ	42	0	0	0	0	0	0	0	0	0	0	0	0	0	0	0	0	0	0	0	0	0	0	0	0	0	0	0	0	0	0	2003	0
FFQ	43	0	0	0	0	0	0	0	0	0	0	0	0	0	0	0	0	0	0	0	0	0	0	0	0	0	0	0	0	0	0	2003	0
FFQ	44	0	0	0	0	0	0	0	0	0	0	0	0	0	0	0	0	0	0	0	0	0	0	0	0	0	0	0	0	0	0	2003	0
FFQ	45	0	0	0	0	0	0	0	0	0	0	0	0	0	0	0	0	0	0	0	0	0	0	0	0	0	0	0	0	0	0	2003	0
FFQ	46	0	0	0	0	0	0	0	0	0	0	0	0	0	0	0	0	0	0	0	0	0	0	0	0	0	0	0	0	0	0	2003	0
FFQ	47	0	0	0	0	0	0	0	0	0	0	0	0	0	0	0	0	0	0	0	0	0	0	0	0	0	0	0	0	0	0	2003	0
FFQ	48	0	0	0	0	0	0	0	0	0	0	0	0	0	0	0	0	0	0	0	0	0	0	0	0	0	0	0	0	0	0	2003	0
FFQ	49	0	0	0	0	0	0	0	0	0	0	0	0	0	0	0	0	0	0	0	0	0	0	0	0	0	0	0	0	0	0	2003	0
FFQ	50	0	0	0	0	0	0	0	0	0	0	0	0	0	0	0	0	0	0	0	0	0	0	0	0	0	0	0	0	0	0	2003	0
FFQ	51	0	0	0	0	0	0	0	0	0	0	0	0	0	0	0	0	0	0	0	0	0	0	0	0	0	0	0	0	0	0	2003	0
FFQ	52	0	0	0	0	0	0	0	0	0	0	0	0	0	0	0	0	0	0	0	0	0	0	0	0	0	0	0	0	0	0	2003	0
FFQ	53	0	0	0	0	0	0	0	0	0	0	0	0	0	0	0	0	0	0	0	0	0	0	0	0	0	0	0	0	0	0	2003	0
FFQ	54	0	0	0	0	0	0	0	0	0	0	0	0	0	0	0	0	0	0	0	0	0	0	0	0	0	0	0	0	0	0	2003	0
FFQ	55	0	0	0	0	0	0	0	0	0	0	0	0	0	0	0	0	0	0	0	0	0	0	0	0	0	0	0	0	0	0	2003	0
FFQ	56	0	0	0	0	0	0	0	0	0	0	0	0	0	0	0	0	0	0	0	0	0	0	0	0	0	0	0	0	0	0	2003	0
FFQ	57	0	0	0	0	0	0	0	0	0	0	0	0	0	0	0	0	0	0	0	0	0	0	0	0	0	0	0	0	0	0	2003	0
FFQ	58	0	0	0	0	0	0	0	0	0	0	0	0	0	0	0	0	0	0	0	0	0	0	0	0	0	0	0	0	0	0	2003	0
FFQ	59	0	0	0	0	0	0	0	0	0	0	0	0	0	0	0	0	0	0	0	0	0	0	0	0	0	0	0	0	0	0	2003	0
FFQ	60	0	0	0	0	0	0	0	0	0	0	0	0	0	0	0	0	0	0	0	0	0	0	0	0	0	0	0	0	0	0	2003	0
FFQ	61	0	0	0	0	0	0	0	0	0	0	0	0	0	0	0	0	0	0	0	0	0	0	0	0	0	0	0	0	0	0	2003	0
FFQ	62	0	0	0	0	0	0	0	0	0	0	0	0	0	0	0	0	0	0	0	0	0	0	0	0	0	0	0	0	0	0	2003	0
FFQ	63	0	0	0	0	0	0	0	0	0	0	0	0	0	0	0	0	0	0	0	0	0	0	0	0	0	0	0	0	0	0	2003	0
FFQ	64	0	0	0	0	0	0	0	0	0	0	0	0	0	0	0	0	0	0	0	0	0	0	0	0	0	0	0	0	0	0	2003	0
FFQ	65	0	0	0	0	0	0	0	0	0	0	0	0	0	0	0	0	0	0	0	0	0	0	0	0	0	0	0	0	0	0	2003	0
FFQ	66	0	0	0	0	0	0	0	0	0	0	0	0	0	0	0	0	0	0	0	0	0	0	0	0	0	0	0	0	0	0	2003	0
FFQ	67	0	0	0	0	0	0	0	0	0	0	0	0	0	0	0	0	0	0	0	0	0	0	0	0	0	0	0	0	0	0	2003	0
FFQ	68	0	0	0	0	0	0	0	0	0	0	0	0	0	0	0	0	0	0	0	0	0	0	0	0	0	0	0	0	0	0	2003	0
FFQ	69	0	0	0	0	0	0	0	0	0	0	0	0	0	0	0	0	0	0	0	0	0	0	0	0	0	0	0	0	0	0	2003	0
FFQ	70	0	0	0	0	0	0	0	0	0	0	0	0	0	0	0	0	0	0	0	0	0	0	0	0	0	0	0	0	0	0	2003	0
FFQ	71	0	0	0	0	0	0	0	0	0	0	0	0	0	0	0	0	0	0	0	0	0	0	0	0	0	0	0	0	0	0	2003	0
FFQ	72	0	0	0	0	0	0	0	0	0	0	0	0	0	0	0	0	0	0	0	0	0	0	0	0	0	0	0	0	0	0	2003	0
FFQ	73	0	0	0	0	0	0	0	0	0	0	0	0	0	0	0	0	0	0	0	0	0	0	0	0	0	0	0	0	0	0	2003	0
FFQ	74	0	0	0	0	0	0	0	0	0	0	0	0	0	0	0	0	0	0	0	0	0	0	0	0	0	0	0	0	0	0	2003	0
FFQ	75	0	0	0	0	0	0	0	0	0	0	0	0	0	0	0	0	0	0	0	0	0	0	0	0	0	0	0	0	0	0	2003	0
FFQ	76	0	0	0	0	0	0	0	0	0	0	0	0	0	0	0	0	0	0	0	0	0	0	0	0	0	0	0	0	0	0	2003	0
FFQ	77	0	0	0	0	0	0	0	0	0	0	0	0	0	0	0	0	0	0	0	0	0	0	0	0	0	0	0	0	0	0	2003	0
FFQ	78	0	0	0	0	0	0	0	0	0	0	0	0	0	0	0	0	0	0	0	0	0	0	0	0	0	0	0	0	0	0	2003	0
FFQ	79	0	0	0	0	0	0	0	0	0	0	0	0	0	0	0	0	0	0	0	0	0	0	0	0	0	0	0	0	0	0	2003	0
FFQ	80	0	0	0	0	0	0	0	0	0	0	0	0	0	0	0	0	0	0	0	0	0	0	0	0	0	0	0	0	0	0	2003	0
FFQ	81	0	0	0	0	0	0	0	0	0	0	0	0	0	0	0	0	0	0	0	0	0	0	0	0	0	0	0	0	0	0	2003	0
FFQ	82	0	0	0	0	0	0	0	0	0	0	0	0	0	0	0	0	0	0	0	0	0	0	0	0	0	0	0	0	0	0	2003	0
FFQ	83	0	0	0	0	0	0	0	0	0	0	0	0	0	0	0	0	0	0	0	0	0	0	0	0	0	0	0	0	0	0	2003	0
FFQ	84	0	0	0	0	0	0	0	0	0	0	0	0	0	0	0	0	0	0	0	0	0	0	0	0	0	0	0	0	0	0	2003	0
FFQ	85	0	0	0	0	0	0	0	0	0	0	0	0	0	0	0	0	0	0	0	0	0	0	0	0	0	0	0	0	0	0	2003	0
FFQ	86	0	0	0	0	0	0	0	0	0	0	0	0	0	0	0	0	0	0	0	0	0	0	0	0	0	0	0	0	0	0	2003	0
FFQ	87	0	0	0	0	0	0	0	0	0	0	0	0	0	0	0	0	0	0	0	0	0	0	0	0	0	0	0	0	0	0	2003	0
FFQ	88	0	0	0	0	0	0	0	0	0	0	0	0	0	0	0	0	0	0	0	0	0	0	0	0	0	0	0	0	0	0	2003	0
FFQ	89	0	0	0	0	0	0	0	0	0	0	0	0	0	0	0	0	0	0	0	0	0	0	0	0	0	0	0	0	0	0	2003	0
FFQ	90	0	0	0	0	0	0	0	0	0	0	0	0	0	0	0	0	0	0	0	0	0	0	0	0	0	0	0	0	0	0	2003	0
FFQ	91	0	0	0	0	0	0	0	0	0	0	0	0	0	0	0	0	0	0	0	0	0	0	0	0	0	0	0	0	0	0	2003	0
FFQ	92	0	0	0	0	0	0	0	0	0	0	0	0	0	0	0	0	0	0	0	0	0	0	0	0	0	0	0	0	0	0	2003	0
FFQ	93	0	0	0	0	0	0	0	0	0	0	0	0	0	0	0	0	0	0	0	0	0	0	0	0	0	0	0	0	0	0	2003	0
FFQ	94	0	0	0	0	0	0	0	0	0	0	0	0	0	0	0	0	0	0	0	0	0	0	0	0	0	0	0	0	0	0	2003	0
FFQ	95	0	0	0	0	0	0	0	0	0	0	0	0	0	0	0	0	0	0	0	0	0	0	0	0	0	0	0	0	0	0	2003	0
FFQ	96	0	0	0	0	0	0	0	0	0	0	0	0	0	0	0	0	0	0	0	0	0	0	0	0	0	0	0	0	0	0	2003	0
FFQ	97	0	0	0	0	0	0	0	0	0	0	0	0	0	0	0	0	0	0	0	0	0	0	0	0	0	0	0	0	0	0	2003	0
FFQ	98	0	0	0	0	0	0	0	0	0	0	0	0	0	0	0	0	0	0	0	0	0	0	0	0	0	0	0	0	0	0	2003	0
FFQ	99	0	0	0	0	0	0	0	0	0	0	0	0	0	0	0	0	0	0	0	0	0	0	0	0	0	0	0	0	0	0	2003	0
FFQ	100	0	0	0	0	0	0	0	0	0	0	0	0	0	0	0	0	0	0	0	0	0	0	0	0	0	0	0	0	0	0	2003	0
FFQ	101	0	0	0	0	0	0	0	0	0	0	0	0	0	0	0	0	0	0	0	0	0	0	0	0	0	0	0	0	0	0	2003	0
FFQ	102	0	0	0	0	0	0	0	0	0	0	0	0	0	0	0	0	0	0	0	0	0	0	0	0	0	0	0	0	0	0	2003	0
FFQ	103	0	0	0	0	0	0	0	0	0	0	0	0	0	0	0	0	0	0	0	0	0	0	0	0	0	0	0	0	0	0	2003	0
FFQ	104	0	0	0	0	0	0	0	0	0	0	0	0	0	0	0	0	0	0	0	0	0	0	0	0	0	0	0	0	0	0	2003	0
FFQ	105	0	0	0	0	0	0	0	0	0	0	0	0	0	0	0	0	0	0	0	0	0	0	0	0	0	0	0	0	0	0	2003	0
FFQ	106	0	0	0	0	0	0	0	0	0	0	0	0	0	0	0	0	0	0	0	0	0	0	0	0	0	0	0	0	0	0	2003	0
FFQ	107	0	0	0	0	0	0	0	0	0	0	0	0	0	0	0	0	0	0	0	0	0	0	0	0	0	0	0	0	0	0	2003	0
FFQ	108	0	0	0	0	0	0	0	0	0	0	0	0	0	0	0	0	0	0	0	0	0	0	0	0	0	0	0	0	0	0	2003	0
FFQ	109	0	0	0	0	0	0	0	0	0	0	0	0	0	0	0	0	0	0	0	0	0	0	0	0	0	0	0	0	0	0	2003	0
FFQ	110	0	0	0	0	0	0	0	0	0	0	0	0	0	0	0	0	0	0	0	0	0	0	0	0	0	0	0	0	0	0	2003	0
FFQ	111	0	0	0	0	0	0	0	0	0	0	0	0	0	0	0	0	0	0	0	0	0	0	0	0	0	0	0	0	0	0	2003	0
FFQ	112	0	0	0	0	0	0	0	0	0	0	0	0	0	0	0	0	0	0	0	0	0	0	0	0	0	0	0	0	0	0	2003	0
FFQ	113	0	0	0	0	0	0	0	0	0	0	0	0	0	0	0	0	0	0	0	0	0	0	0	0	0	0	0	0	0	0	2003	0
FFQ	114	0	0	0	0	0	0	0	0	0	0	0	0	0	0	0	0	0	0	0	0	0	0	0	0	0	0	0	0	0	0	2003	0
FFQ	115	0	0	0	0	0	0	0	0	0	0	0	0	0	0	0	0	0	0	0	0	0	0	0	0	0	0	0	0	0	0	2003	0
FFQ	116	0	0	0	0	0	0	0	0	0	0	0	0	0	0	0	0	0	0	0	0	0	0	0	0	0	0	0	0	0	0	2003	0
FFQ	117	0	0	0	0	0	0	0	0	0	0	0	0	0	0	0	0	0	0	0	0	0	0	0	0	0	0	0	0	0	0	2003	0
FFQ	118	0	0	0	0	0	0	0	0	0	0	0	0	0	0	0	0	0	0	0	0	0	0	0	0	0	0	0	0	0	0	2003	0
FFQ	119	0	0	0	0	0	0	0	0	0	0	0	0	0	0	0	0	0	0	0	0	0	0	0	0	0	0	0	0	0	0	2003	0
FFQ	120	0	0	0	0	0	0	0	0	0	0	0	0	0	0	0	0	0	0	0	0	0	0	0	0	0	0	0	0	0	0	2003	0
FFQ	121	0	0	0	0	0	0	0	0	0	0	0	0	0	0	0	0	0	0	0	0	0	0	0	0	0	0	0	0	0	0	2003	0
FFQ	122	0	0	0	0	0	0	0	0	0	0	0	0	0	0	0	0	0	0	0	0	0	0	0	0	0	0	0	0	0	0	2003	0
FFQ	123	0	0	0	0	0	0	0	0	0	0	0	0	0	0	0	0	0	0	0	0	0	0	0	0	0	0	0	0	0	0	2003	0
FFQ	124	0	0	0	0	0	0	0	0	0	0	0	0	0	0	0	0	0	0	0	0	0	0	0	0	0	0	0	0	0	0	2003	0
FFQ	125	0	0	0	0	0	0	0	0	0	0	0	0	0	0	0	0	0	0	0	0	0	0	0	0	0	0	0	0	0	0	2003	0
FFQ	126	0	0	0	0	0	0	0	0	0	0	0	0	0	0	0	0	0	0	0	0	0	0	0	0	0	0	0	0	0	0	2003	0
FFQ	127	0	0	0	0	0	0	0	0	0	0	0	0	0	0	0	0	0	0	0	0	0	0	0	0	0	0	0	0	0	0	2003	0
FFQ	128	0	0	0	0	0	0	0	0	0	0	0	0	0	0	0	0	0	0	0	0	0	0	0	0	0	0	0	0	0	0	2003	0
FFQ	129	0	0	0	0	0	0	0	0	0	0	0	0	0	0	0	0	0	0	0	0	0	0	0	0	0	0	0	0	0	0	2003	0
FFQ	130	0	0	0	0	0	0	0	0	0	0	0	0	0	0	0	0	0	0	0	0	0	0	0	0	0	0	0	0	0	0	2003	0
FFQ	131	0	0	0	0	0	0	0	0	0	0	0	0	0	0	0	0	0	0	0	0	0	0	0	0	0	0	0	0	0	0	2003	0
FFQ	132	0	0	0	0	0	0	0	0	0	0	0	0	0	0	0	0	0	0	0	0	0	0	0	0	0	0	0	0	0	0	2003	0
FFQ	133	0	0	0	0	0	0	0	0	0	0	0	0	0	0	0	0	0	0	0	0	0	0	0	0	0	0	0	0	0	0	2003	0
FFQ	134	0	0	0	0	0	0	0	0	0	0	0	0	0	0	0	0	0	0	0	0	0	0	0	0	0	0	0	0	0	0	2003	0
FFQ	135	0	0	0	0	0	0	0	0	0	0	0	0	0	0	0	0	0	0	0	0	0	0	0	0	0	0	0	0	0	0	2003	0
FFQ	136	0	0	0	0	0	0	0	0	0	0	0	0	0	0	0	0	0	0	0	0	0	0	0	0	0	0	0	0	0	0	2003	0
FFQ	137	0	0	0	0	0	0	0	0	0	0	0	0	0	0	0	0	0	0	0	0	0	0	0	0	0	0	0	0	0	0	2003	0
FFQ	138	0	0	0	0	0	0	0	0	0	0	0	0	0	0	0	0	0	0	0	0	0	0	0	0	0	0	0	0	0	0	2003	0
FFQ	139	0	0	0	0	0	0	0	0	0	0	0	0	0	0	0	0	0	0	0	0	0	0	0	0	0	0	0	0	0	0	2003	0
FFQ	140	0	0	0	0	0	0	0	0	0	0	0	0	0	0	0	0	0	0	0	0	0	0	0	0	0	0	0	0	0	0	2003	0
FFQ	141	0	0	0	0	0	0	0	0	0	0	0	0	0	0	0	0	0	0	0	0	0	0	0	0	0	0	0	0	0	0	2003	0
FFQ	142	0	0	0	0	0	0	0	0	0	0	0	0	0	0	0	0	0	0	0	0	0	0	0	0	0	0	0	0	0	0	2003	0
FFQ	143	0	0	0	0	0	0	0	0	0	0	0	0	0	0	0	0	0	0	0	0	0	0	0	0	0	0	0	0	0	0	2003	0
FFQ	144	0	0	0	0	0	0	0	0	0	0	0	0	0	0	0	0	0	0	0	0	0	0	0	0	0	0	0	0	0	0	2003	0
FFQ	145	0	0	0	0	0	0	0	0	0	0	0	0	0	0	0	0	0	0	0	0	0	0	0	0	0	0	0	0	0	0	2003	0
FFQ	146	0	0	0	0	0	0	0	0	0	0	0	0	0	0	0	0	0	0	0	0	0	0	0	0	0	0	0	0	0	0	2003	0
FFQ	147	0	0	0	0	0	0	0	0	0	0	0	0	0	0	0	0	0	0	0	0	0	0	0	0	0	0	0	0	0	0	2003	0
FFQ	148	0	0	0	0	0	0	0	0	0	0	0	0	0	0	0	0	0	0	0	0	0	0	0	0	0	0	0	0	0	0	2003	0
FFQ	149	0	0	0	0	0	0	0	0	0	0	0	0	0	0	0	0	0	0	0	0	0	0	0	0	0	0	0	0	0	0	2003	0
FFQ	150	0	0	0	0	0	0	0	0	0	0	0	0	0	0	0	0	0	0	0	0	0	0	0	0	0	0	0	0	0	0	2003	0
# Last Fragment Qualities. Use `grep ^LFQ | cut -f 2-` to extract this part.
# Columns correspond to qualities and rows to cycles. First column is the cycle number.
LFQ	1	0	0	0	0	0	0	0	0	0	0	0	0	0	0	0	0	0	0	0	0	0	0	0	0	0	0	0	0	0	0	2003	0
LFQ	2	0	0	0	0	0	0	0	0	0	0	0	0	0	0	0	0	0	0	0	0	0	0	0	0	0	0	0	0	0	0	2003	0
LFQ	3	0	0	0	0	0	0	0	0	0	0	0	0	0	0	0	0	0	0	0	0	0	0	0	0	0	0	0	0	0	0	2003	0
LFQ	4	0	0	0	0	0	0	0	0	0	0	0	0	0	0	0	0	0	0	0	0	0	0	0	0	0	0	0	0	0	0	2003	0
LFQ	5	0	0	0	0	0	0	0	0	0	0	0	0	0	0	0	0	0	0	0	0	0	0	0	0	0	0	0	0	0	0	2003	0
LFQ	6	0	0	0	0	0	0	0	0	0	0	0	0	0	0	0	0	0	0	0	0	0	0	0	0	0	0	0	0	0	0	2003	0
LFQ	7	0	0	0	0	0	0	0	0	0	0	0	0	0	0	0	0	0	0	0	0	0	0	0	0	0	0	0	0	0	0	2003	0
LFQ	8	0	0	0	0	0	0	0	0	0	0	0	0	0	0	0	0	0	0	0	0	0	0	0	0	0	0	0	0	0	0	2003	0
LFQ	9	0	0	0	0	0	0	0	0	0	0	0	0	0	0	0	0	0	0	0	0	0	0	0	0	0	0	0	0	0	0	2003	0
LFQ	10	0	0	0	0	0	0	0	0	0	0	0	0	0	0	0	0	0	0	0	0	0	0	0	0	0	0	0	0	0	0	2003	0
LFQ	11	0	0	0	0	0	0	0	0	0	0	0	0	0	0	0	0	0	0	0	0	0	0	0	0	0	0	0	0	0	0	2003	0
LFQ	12	0	0	0	0	0	0	0	0	0	0	0	0	0	0	0	0	0	0	0	0	0	0	0	0	0	0	0	0	0	0	2003	0
LFQ	13	0	0	0	0	0	0	0	0	0	0	0	0	0	0	0	0	0	0	0	0	0	0	0	0	0	0	0	0	0	0	2003	0
LFQ	14	0	0	0	0	0	0	0	0	0	0	0	0	0	0	0	0	0	0	0	0	0	0	0	0	0	0	0	0	0	0	2003	0
LFQ	15	0	0	0	0	0	0	0	0	0	0	0	0	0	0	0	0	0	0	0	0	0	0	0	0	0	0	0	0	0	0	2003	0
LFQ	16	0	0	0	0	0	0	0	0	0	0	0	0	0	0	0	0	0	0	0	0	0	0	0	0	0	0	0	0	0	0	2003	0
LFQ	17	0	0	0	0	0	0	0	0	0	0	0	0	0	0	0	0	0	0	0	0	0	0	0	0	0	0	0	0	0	0	2003	0
LFQ	18	0	0	0	0	0	0	0	0	0	0	0	0	0	0	0	0	0	0	0	0	0	0	0	0	0	0	0	0	0	0	2003	0
LFQ	19	0	0	0	0	0	0	0	0	0	0	0	0	0	0	0	0	0	0	0	0	0	0	0	0	0	0	0	0	0	0	2003	0
LFQ	20	0	0	0	0	0	0	0	0	0	0	0	0	0	0	0	0	0	0	0	0	0	0	0	0	0	0	0	0	0	0	2003	0
LFQ	21	0	0	0	0	0	0	0	0	0	0	0	0	0	0	0	0	0	0	0	0	0	0	0	0	0	0	0	0	0	0	2003	0
LFQ	22	0	0	0	0	0	0	0	0	0	0	0	0	0	0	0	0	0	0	0	0	0	0	0	0	0	0	0	0	0	0	2003	0
LFQ	23	0	0	0	0	0	0	0	0	0	0	0	0	0	0	0	0	0	0	0	0	0	0	0	0	0	0	0	0	0	0	2003	0
LFQ	24	0	0	0	0	0	0	0	0	0	0	0	0	0	0	0	0	0	0	0	0	0	0	0	0	0	0	0	0	0	0	2003	0
LFQ	25	0	0	0	0	0	0	0	0	0	0	0	0	0	0	0	0	0	0	0	0	0	0	0	0	0	0	0	0	0	0	2003	0
LFQ	26	0	0	0	0	0	0	0	0	0	0	0	0	0	0	0	0	0	0	0	0	0	0	0	0	0	0	0	0	0	0	2003	0
LFQ	27	0	0	0	0	0	0	0	0	0	0	0	0	0	0	0	0	0	0	0	0	0	0	0	0	0	0	0	0	0	0	2003	0
LFQ	28	0	0	0	0	0	0	0	0	0	0	0	0	0	0	0	0	0	0	0	0	0	0	0	0	0	0	0	0	0	0	2003	0
LFQ	29	0	0	0	0	0	0	0	0	0	0	0	0	0	0	0	0	0	0	0	0	0	0	0	0	0	0	0	0	0	0	2003	0
LFQ	30	0	0	0	0	0	0	0	0	0	0	0	0	0	0	0	0	0	0	0	0	0	0	0	0	0	0	0	0	0	0	2003	0
LFQ	31	0	0	0	0	0	0	0	0	0	0	0	0	0	0	0	0	0	0	0	0	0	0	0	0	0	0	0	0	0	0	2003	0
LFQ	32	0	0	0	0	0	0	0	0	0	0	0	0	0	0	0	0	0	0	0	0	0	0	0	0	0	0	0	0	0	0	2003	0
LFQ	33	0	0	0	0	0	0	0	0	0	0	0	0	0	0	0	0	0	0	0	0	0	0	0	0	0	0	0	0	0	0	2003	0
LFQ	34	0	0	0	0	0	0	0	0	0	0	0	0	0	0	0	0	0	0	0	0	0	0	0	0	0	0	0	0	0	0	2003	0
LFQ	35	0	0	0	0	0	0	0	0	0	0	0	0	0	0	0	0	0	0	0	0	0	0	0	0	0	0	0	0	0	0	2003	0
LFQ	36	0	0	0	0	0	0	0	0	0	0	0	0	0	0	0	0	0	0	0	0	0	0	0	0	0	0	0	0	0	0	2003	0
LFQ	37	0	0	0	0	0	0	0	0	0	0	0	0	0	0	0	0	0	0	0	0	0	0	0	0	0	0	0	0	0	0	2003	0
LFQ	38	0	0	0	0	0	0	0	0	0	0	0	0	0	0	0	0	0	0	0	0	0	0	0	0	0	0	0	0	0	0	2003	0
LFQ	39	0	0	0	0	0	0	0	0	0	0	0	0	0	0	0	0	0	0	0	0	0	0	0	0	0	0	0	0	0	0	2003	0
LFQ	40	0	0	0	0	0	0	0	0	0	0	0	0	0	0	0	0	0	0	0	0	0	0	0	0	0	0	0	0	0	0	2003	0
LFQ	41	0	0	0	0	0	0	0	0	0	0	0	0	0	0	0	0	0	0	0	0	0	0	0	0	0	0	0	0	0	0	2003	0
LFQ	42	0	0	0	0	0	0	0	0	0	0	0	0	0	0	0	0	0	0	0	0	0	0	0	0	0	0	0	0	0	0	2003	0
LFQ	43	0	0	0	0	0	0	0	0	0	0	0	0	0	0	0	0	0	0	0	0	0	0	0	0	0	0	0	0	0	0	2003	0
LFQ	44	0	0	0	0	0	0	0	0	0	0	0	0	0	0	0	0	0	0	0	0	0	0	0	0	0	0	0	0	0	0	2003	0
LFQ	45	0	0	0	0	0	0	0	0	0	0	0	0	0	0	0	0	0	0	0	0	0	0	0	0	0	0	0	0	0	0	2003	0
LFQ	46	0	0	0	0	0	0	0	0	0	0	0	0	0	0	0	0	0	0	0	0	0	0	0	0	0	0	0	0	0	0	2003	0
LFQ	47	0	0	0	0	0	0	0	0	0	0	0	0	0	0	0	0	0	0	0	0	0	0	0	0	0	0	0	0	0	0	2003	0
LFQ	48	0	0	0	0	0	0	0	0	0	0	0	0	0	0	0	0	0	0	0	0	0	0	0	0	0	0	0	0	0	0	2003	0
LFQ	49	0	0	0	0	0	0	0	0	0	0	0	0	0	0	0	0	0	0	0	0	0	0	0	0	0	0	0	0	0	0	2003	0
LFQ	50	0	0	0	0	0	0	0	0	0	0	0	0	0	0	0	0	0	0	0	0	0	0	0	0	0	0	0	0	0	0	2003	0
LFQ	51	0	0	0	0	0	0	0	0	0	0	0	0	0	0	0	0	0	0	0	0	0	0	0	0	0	0	0	0	0	0	2003	0
LFQ	52	0	0	0	0	0	0	0	0	0	0	0	0	0	0	0	0	0	0	0	0	0	0	0	0	0	0	0	0	0	0	2003	0
LFQ	53	0	0	0	0	0	0	0	0	0	0	0	0	0	0	0	0	0	0	0	0	0	0	0	0	0	0	0	0	0	0	2003	0
LFQ	54	0	0	0	0	0	0	0	0	0	0	0	0	0	0	0	0	0	0	0	0	0	0	0	0	0	0	0	0	0	0	2003	0
LFQ	55	0	0	0	0	0	0	0	0	0	0	0	0	0	0	0	0	0	0	0	0	0	0	0	0	0	0	0	0	0	0	2003	0
LFQ	56	0	0	0	0	0	0	0	0	0	0	0	0	0	0	0	0	0	0	0	0	0	0	0	0	0	0	0	0	0	0	2003	0
LFQ	57	0	0	0	0	0	0	0	0	0	0	0	0	0	0	0	0	0	0	0	0	0	0	0	0	0	0	0	0	0	0	2003	0
LFQ	58	0	0	0	0	0	0	0	0	0	0	0	0	0	0	0	0	0	0	0	0	0	0	0	0	0	0	0	0	0	0	2003	0
LFQ	59	0	0	0	0	0	0	0	0	0	0	0	0	0	0	0	0	0	0	0	0	0	0	0	0	0	0	0	0	0	0	2003	0
LFQ	60	0	0	0	0	0	0	0	0	0	0	0	0	0	0	0	0	0	0	0	0	0	0	0	0	0	0	0	0	0	0	2003	0
LFQ	61	0	0	0	0	0	0	0	0	0	0	0	0	0	0	0	0	0	0	0	0	0	0	0	0	0	0	0	0	0	0	2003	0
LFQ	62	0	0	0	0	0	0	0	0	0	0	0	0	0	0	0	0	0	0	0	0	0	0	0	0	0	0	0	0	0	0	2003	0
LFQ	63	0	0	0	0	0	0	0	0	0	0	0	0	0	0	0	0	0	0	0	0	0	0	0	0	0	0	0	0	0	0	2003	0
LFQ	64	0	0	0	0	0	0	0	0	0	0	0	0	0	0	0	0	0	0	0	0	0	0	0	0	0	0	0	0	0	0	2003	0
LFQ	65	0	0	0	0	0	0	0	0	0	0	0	0	0	0	0	0	0	0	0	0	0	0	0	0	0	0	0	0	0	0	2003	0
LFQ	66	0	0	0	0	0	0	0	0	0	0	0	0	0	0	0	0	0	0	0	0	0	0	0	0	0	0	0	0	0	0	2003	0
LFQ	67	0	0	0	0	0	0	0	0	0	0	0	0	0	0	0	0	0	0	0	0	0	0	0	0	0	0	0	0	0	0	2003	0
LFQ	68	0	0	0	0	0	0	0	0	0	0	0	0	0	0	0	0	0	0	0	0	0	0	0	0	0	0	0	0	0	0	2003	0
LFQ	69	0	0	0	0	0	0	0	0	0	0	0	0	0	0	0	0	0	0	0	0	0	0	0	0	0	0	0	0	0	0	2003	0
LFQ	70	0	0	0	0	0	0	0	0	0	0	0	0	0	0	0	0	0	0	0	0	0	0	0	0	0	0	0	0	0	0	2003	0
LFQ	71	0	0	0	0	0	0	0	0	0	0	0	0	0	0	0	0	0	0	0	0	0	0	0	0	0	0	0	0	0	0	2003	0
LFQ	72	0	0	0	0	0	0	0	0	0	0	0	0	0	0	0	0	0	0	0	0	0	0	0	0	0	0	0	0	0	0	2003	0
LFQ	73	0	0	0	0	0	0	0	0	0	0	0	0	0	0	0	0	0	0	0	0	0	0	0	0	0	0	0	0	0	0	2003	0
LFQ	74	0	0	0	0	0	0	0	0	0	0	0	0	0	0	0	0	0	0	0	0	0	0	0	0	0	0	0	0	0	0	2003	0
LFQ	75	0	0	0	0	0	0	0	0	0	0	0	0	0	0	0	0	0	0	0	0	0	0	0	0	0	0	0	0	0	0	2003	0
LFQ	76	0	0	0	0	0	0	0	0	0	0	0	0	0	0	0	0	0	0	0	0	0	0	0	0	0	0	0	0	0	0	2003	0
LFQ	77	0	0	0	0	0	0	0	0	0	0	0	0	0	0	0	0	0	0	0	0	0	0	0	0	0	0	0	0	0	0	2003	0
LFQ	78	0	0	0	0	0	0	0	0	0	0	0	0	0	0	0	0	0	0	0	0	0	0	0	0	0	0	0	0	0	0	2003	0
LFQ	79	0	0	0	0	0	0	0	0	0	0	0	0	0	0	0	0	0	0	0	0	0	0	0	0	0	0	0	0	0	0	2003	0
LFQ	80	0	0	0	0	0	0	0	0	0	0	0	0	0	0	0	0	0	0	0	0	0	0	0	0	0	0	0	0	0	0	2003	0
LFQ	81	0	0	0	0	0	0	0	0	0	0	0	0	0	0	0	0	0	0	0	0	0	0	0	0	0	0	0	0	0	0	2003	0
LFQ	82	0	0	0	0	0	0	0	0	0	0	0	0	0	0	0	0	0	0	0	0	0	0	0	0	0	0	0	0	0	0	2003	0
LFQ	83	0	0	0	0	0	0	0	0	0	0	0	0	0	0	0	0	0	0	0	0	0	0	0	0	0	0	0	0	0	0	2003	0
LFQ	84	0	0	0	0	0	0	0	0	0	0	0	0	0	0	0	0	0	0	0	0	0	0	0	0	0	0	0	0	0	0	2003	0
LFQ	85	0	0	0	0	0	0	0	0	0	0	0	0	0	0	0	0	0	0	0	0	0	0	0	0	0	0	0	0	0	0	2003	0
LFQ	86	0	0	0	0	0	0	0	0	0	0	0	0	0	0	0	0	0	0	0	0	0	0	0	0	0	0	0	0	0	0	2003	0
LFQ	87	0	0	0	0	0	0	0	0	0	0	0	0	0	0	0	0	0	0	0	0	0	0	0	0	0	0	0	0	0	0	2003	0
LFQ	88	0	0	0	0	0	0	0	0	0	0	0	0	0	0	0	0	0	0	0	0	0	0	0	0	0	0	0	0	0	0	2003	0
LFQ	89	0	0	0	0	0	0	0	0	0	0	0	0	0	0	0	0	0	0	0	0	0	0	0	0	0	0	0	0	0	0	2003	0
LFQ	90	0	0	0	0	0	0	0	0	0	0	0	0	0	0	0	0	0	0	0	0	0	0	0	0	0	0	0	0	0	0	2003	0
LFQ	91	0	0	0	0	0	0	0	0	0	0	0	0	0	0	0	0	0	0	0	0	0	0	0	0	0	0	0	0	0	0	2003	0
LFQ	92	0	0	0	0	0	0	0	0	0	0	0	0	0	0	0	0	0	0	0	0	0	0	0	0	0	0	0	0	0	0	2003	0
LFQ	93	0	0	0	0	0	0	0	0	0	0	0	0	0	0	0	0	0	0	0	0	0	0	0	0	0	0	0	0	0	0	2003	0
LFQ	94	0	0	0	0	0	0	0	0	0	0	0	0	0	0	0	0	0	0	0	0	0	0	0	0	0	0	0	0	0	0	2003	0
LFQ	95	0	0	0	0	0	0	0	0	0	0	0	0	0	0	0	0	0	0	0	0	0	0	0	0	0	0	0	0	0	0	2003	0
LFQ	96	0	0	0	0	0	0	0	0	0	0	0	0	0	0	0	0	0	0	0	0	0	0	0	0	0	0	0	0	0	0	2003	0
LFQ	97	0	0	0	0	0	0	0	0	0	0	0	0	0	0	0	0	0	0	0	0	0	0	0	0	0	0	0	0	0	0	2003	0
LFQ	98	0	0	0	0	0	0	0	0	0	0	0	0	0	0	0	0	0	0	0	0	0	0	0	0	0	0	0	0	0	0	2003	0
LFQ	99	0	0	0	0	0	0	0	0	0	0	0	0	0	0	0	0	0	0	0	0	0	0	0	0	0	0	0	0	0	0	2003	0
LFQ	100	0	0	0	0	0	0	0	0	0	0	0	0	0	0	0	0	0	0	0	0	0	0	0	0	0	0	0	0	0	0	2003	0
LFQ	101	0	0	0	0	0	0	0	0	0	0	0	0	0	0	0	0	0	0	0	0	0	0	0	0	0	0	0	0	0	0	2003	0
LFQ	102	0	0	0	0	0	0	0	0	0	0	0	0	0	0	0	0	0	0	0	0	0	0	0	0	0	0	0	0	0	0	2003	0
LFQ	103	0	0	0	0	0	0	0	0	0	0	0	0	0	0	0	0	0	0	0	0	0	0	0	0	0	0	0	0	0	0	2003	0
LFQ	104	0	0	0	0	0	0	0	0	0	0	0	0	0	0	0	0	0	0	0	0	0	0	0	0	0	0	0	0	0	0	2003	0
LFQ	105	0	0	0	0	0	0	0	0	0	0	0	0	0	0	0	0	0	0	0	0	0	0	0	0	0	0	0	0	0	0	2003	0
LFQ	106	0	0	0	0	0	0	0	0	0	0	0	0	0	0	0	0	0	0	0	0	0	0	0	0	0	0	0	0	0	0	2003	0
LFQ	107	0	0	0	0	0	0	0	0	0	0	0	0	0	0	0	0	0	0	0	0	0	0	0	0	0	0	0	0	0	0	2003	0
LFQ	108	0	0	0	0	0	0	0	0	0	0	0	0	0	0	0	0	0	0	0	0	0	0	0	0	0	0	0	0	0	0	2003	0
LFQ	109	0	0	0	0	0	0	0	0	0	0	0	0	0	0	0	0	0	0	0	0	0	0	0	0	0	0	0	0	0	0	2003	0
LFQ	110	0	0	0	0	0	0	0	0	0	0	0	0	0	0	0	0	0	0	0	0	0	0	0	0	0	0	0	0	0	0	2003	0
LFQ	111	0	0	0	0	0	0	0	0	0	0	0	0	0	0	0	0	0	0	0	0	0	0	0	0	0	0	0	0	0	0	2003	0
LFQ	112	0	0	0	0	0	0	0	0	0	0	0	0	0	0	0	0	0	0	0	0	0	0	0	0	0	0	0	0	0	0	2003	0
LFQ	113	0	0	0	0	0	0	0	0	0	0	0	0	0	0	0	0	0	0	0	0	0	0	0	0	0	0	0	0	0	0	2003	0
LFQ	114	0	0	0	0	0	0	0	0	0	0	0	0	0	0	0	0	0	0	0	0	0	0	0	0	0	0	0	0	0	0	2003	0
LFQ	115	0	0	0	0	0	0	0	0	0	0	0	0	0	0	0	0	0	0	0	0	0	0	0	0	0	0	0	0	0	0	2003	0
LFQ	116	0	0	0	0	0	0	0	0	0	0	0	0	0	0	0	0	0	0	0	0	0	0	0	0	0	0	0	0	0	0	2003	0
LFQ	117	0	0	0	0	0	0	0	0	0	0	0	0	0	0	0	0	0	0	0	0	0	0	0	0	0	0	0	0	0	0	2003	0
LFQ	118	0	0	0	0	0	0	0	0	0	0	0	0	0	0	0	0	0	0	0	0	0	0	0	0	0	0	0	0	0	0	2003	0
LFQ	119	0	0	0	0	0	0	0	0	0	0	0	0	0	0	0	0	0	0	0	0	0	0	0	0	0	0	0	0	0	0	2003	0
LFQ	120	0	0	0	0	0	0	0	0	0	0	0	0	0	0	0	0	0	0	0	0	0	0	0	0	0	0	0	0	0	0	2003	0
LFQ	121	0	0	0	0	0	0	0	0	0	0	0	0	0	0	0	0	0	0	0	0	0	0	0	0	0	0	0	0	0	0	2003	0
LFQ	122	0	0	0	0	0	0	0	0	0	0	0	0	0	0	0	0	0	0	0	0	0	0	0	0	0	0	0	0	0	0	2003	0
LFQ	123	0	0	0	0	0	0	0	0	0	0	0	0	0	0	0	0	0	0	0	0	0	0	0	0	0	0	0	0	0	0	2003	0
LFQ	124	0	0	0	0	0	0	0	0	0	0	0	0	0	0	0	0	0	0	0	0	0	0	0	0	0	0	0	0	0	0	2003	0
LFQ	125	0	0	0	0	0	0	0	0	0	0	0	0	0	0	0	0	0	0	0	0	0	0	0	0	0	0	0	0	0	0	2003	0
LFQ	126	0	0	0	0	0	0	0	0	0	0	0	0	0	0	0	0	0	0	0	0	0	0	0	0	0	0	0	0	0	0	2003	0
LFQ	127	0	0	0	0	0	0	0	0	0	0	0	0	0	0	0	0	0	0	0	0	0	0	0	0	0	0	0	0	0	0	2003	0
LFQ	128	0	0	0	0	0	0	0	0	0	0	0	0	0	0	0	0	0	0	0	0	0	0	0	0	0	0	0	0	0	0	2003	0
LFQ	129	0	0	0	0	0	0	0	0	0	0	0	0	0	0	0	0	0	0	0	0	0	0	0	0	0	0	0	0	0	0	2003	0
LFQ	130	0	0	0	0	0	0	0	0	0	0	0	0	0	0	0	0	0	0	0	0	0	0	0	0	0	0	0	0	0	0	2003	0
LFQ	131	0	0	0	0	0	0	0	0	0	0	0	0	0	0	0	0	0	0	0	0	0	0	0	0	0	0	0	0	0	0	2003	0
LFQ	132	0	0	0	0	0	0	0	0	0	0	0	0	0	0	0	0	0	0	0	0	0	0	0	0	0	0	0	0	0	0	2003	0
LFQ	133	0	0	0	0	0	0	0	0	0	0	0	0	0	0	0	0	0	0	0	0	0	0	0	0	0	0	0	0	0	0	2003	0
LFQ	134	0	0	0	0	0	0	0	0	0	0	0	0	0	0	0	0	0	0	0	0	0	0	0	0	0	0	0	0	0	0	2003	0
LFQ	135	0	0	0	0	0	0	0	0	0	0	0	0	0	0	0	0	0	0	0	0	0	0	0	0	0	0	0	0	0	0	2003	0
LFQ	136	0	0	0	0	0	0	0	0	0	0	0	0	0	0	0	0	0	0	0	0	0	0	0	0	0	0	0	0	0	0	2003	0
LFQ	137	0	0	0	0	0	0	0	0	0	0	0	0	0	0	0	0	0	0	0	0	0	0	0	0	0	0	0	0	0	0	2003	0
LFQ	138	0	0	0	0	0	0	0	0	0	0	0	0	0	0	0	0	0	0	0	0	0	0	0	0	0	0	0	0	0	0	2003	0
LFQ	139	0	0	0	0	0	0	0	0	0	0	0	0	0	0	0	0	0	0	0	0	0	0	0	0	0	0	0	0	0	0	2003	0
LFQ	140	0	0	0	0	0	0	0	0	0	0	0	0	0	0	0	0	0	0	0	0	0	0	0	0	0	0	0	0	0	0	2003	0
LFQ	141	0	0	0	0	0	0	0	0	0	0	0	0	0	0	0	0	0	0	0	0	0	0	0	0	0	0	0	0	0	0	2003	0
LFQ	142	0	0	0	0	0	0	0	0	0	0	0	0	0	0	0	0	0	0	0	0	0	0	0	0	0	0	0	0	0	0	2003	0
LFQ	143	0	0	0	0	0	0	0	0	0	0	0	0	0	0	0	0	0	0	0	0	0	0	0	0	0	0	0	0	0	0	2003	0
LFQ	144	0	0	0	0	0	0	0	0	0	0	0	0	0	0	0	0	0	0	0	0	0	0	0	0	0	0	0	0	0	0	2003	0
LFQ	145	0	0	0	0	0	0	0	0	0	0	0	0	0	0	0	0	0	0	0	0	0	0	0	0	0	0	0	0	0	0	2003	0
LFQ	146	0	0	0	0	0	0	0	0	0	0	0	0	0	0	0	0	0	0	0	0	0	0	0	0	0	0	0	0	0	0	2003	0
LFQ	147	0	0	0	0	0	0	0	0	0	0	0	0	0	0	0	0	0	0	0	0	0	0	0	0	0	0	0	0	0	0	2003	0
LFQ	148	0	0	0	0	0	0	0	0	0	0	0	0	0	0	0	0	0	0	0	0	0	0	0	0	0	0	0	0	0	0	2003	0
LFQ	149	0	0	0	0	0	0	0	0	0	0	0	0	0	0	0	0	0	0	0	0	0	0	0	0	0	0	0	0	0	0	2003	0
LFQ	150	0	0	0	0	0	0	0	0	0	0	0	0	0	0	0	0	0	0	0	0	0	0	0	0	0	0	0	0	0	0	2003	0
# GC Content of first fragments. Use `grep ^GCF | cut -f 2-` to extract this part.
GCF	4.27	0
GCF	8.79	1
GCF	14.07	0
GCF	19.35	2
GCF	20.10	4
GCF	20.85	2
GCF	21.36	3
GCF	22.11	6
GCF	22.86	12
GCF	23.37	9
GCF	24.12	11
GCF	24.87	15
GCF	25.38	13
GCF	26.13	14
GCF	26.88	18
GCF	27.39	22
GCF	28.14	21
GCF	28.89	39
GCF	29.40	51
GCF	30.15	40
GCF	30.90	35
GCF	31.41	54
GCF	32.16	38
GCF	32.91	51
GCF	33.42	57
GCF	33.92	51
GCF	34.67	60
GCF	35.43	75
GCF	35.93	68
GCF	36.68	86
GCF	37.44	73
GCF	37.94	64
GCF	38.69	58
GCF	39.45	63
GCF	39.95	76
GCF	40.70	78
GCF	41.46	60
GCF	41.96	55
GCF	42.71	54
GCF	43.47	55
GCF	43.97	50
GCF	44.72	43
GCF	45.48	52
GCF	45.98	56
GCF	46.73	46
GCF	47.49	34
GCF	47.99	35
GCF	48.74	19
GCF	49.50	15
GCF	50.00	23
GCF	51.01	20
GCF	52.01	13
GCF	52.76	7
GCF	53.52	9
GCF	54.02	13
GCF	54.77	6
GCF	55.53	8
GCF	56.03	4
GCF	56.78	9
GCF	57.54	6
GCF	58.04	3
GCF	58.79	4
GCF	59.55	0
GCF	60.05	1
GCF	60.80	2
GCF	62.31	0
GCF	63.57	1
GCF	64.07	0
GCF	64.82	3
GCF	65.58	0
GCF	66.08	2
GCF	66.58	0
GCF	67.34	1
GCF	68.09	0
GCF	69.10	1
GCF	70.10	0
GCF	70.60	2
# GC Content of last fragments. Use `grep ^GCL | cut -f 2-` to extract this part.
GCL	3.27	0
GCL	6.78	1
GCL	8.79	0
GCL	10.80	1
GCL	13.07	0
GCL	15.33	1
GCL	16.58	0
GCL	18.09	1
GCL	18.84	2
GCL	19.85	1
GCL	20.85	3
GCL	21.36	4
GCL	22.11	3
GCL	22.86	10
GCL	23.37	9
GCL	24.37	11
GCL	25.38	9
GCL	26.13	20
GCL	26.88	15
GCL	27.39	24
GCL	28.14	40
GCL	28.89	37
GCL	29.40	39
GCL	30.15	31
GCL	30.90	33
GCL	31.41	44
GCL	32.16	46
GCL	32.91	49
GCL	33.42	54
GCL	33.92	67
GCL	34.67	62
GCL	35.43	83
GCL	35.93	65
GCL	36.68	88
GCL	37.44	73
GCL	37.94	79
GCL	38.69	58
GCL	39.45	67
GCL	39.95	81
GCL	40.70	71
GCL	41.46	56
GCL	41.96	65
GCL	42.71	51
GCL	43.47	57
GCL	43.97	40
GCL	44.72	37
GCL	45.48	47
GCL	45.98	44
GCL	46.73	46
GCL	47.49	42
GCL	47.99	31
GCL	48.74	32
GCL	49.50	24
GCL	50.00	19
GCL	50.75	16
GCL	51.51	13
GCL	52.01	10
GCL	52.76	13
GCL	53.52	9
GCL	54.02	7
GCL	54.77	9
GCL	55.78	7
GCL	56.78	5
GCL	57.54	1
GCL	58.04	4
GCL	59.05	3
GCL	60.05	2
GCL	60.80	0
GCL	61.81	1
GCL	63.07	0
GCL	64.07	2
GCL	65.08	0
GCL	66.08	1
GCL	66.58	2
GCL	67.34	1
GCL	68.09	0
GCL	68.59	1
# ACGT content per cycle. Use `grep ^GCC | cut -f 2-` to extract this part. The columns are: cycle; A,C,G,T base counts as a percentage of all A/C/G/T bases [%]; and N and O counts as a percentage of all A/C/G/T bases [%]
GCC	1	30.33	19.60	19.02	31.05	0.00	0.00
GCC	2	31.78	20.37	18.20	29.66	0.00	0.00
GCC	3	31.45	19.95	18.10	30.50	0.00	0.00
GCC	4	30.88	20.04	18.47	30.60	0.00	0.00
GCC	5	30.13	19.17	18.67	32.03	0.00	0.00
GCC	6	30.05	19.40	19.95	30.60	0.00	0.00
GCC	7	31.05	19.72	18.67	30.55	0.00	0.00
GCC	8	31.10	19.32	18.85	30.73	0.00	0.00
GCC	9	30.95	20.74	18.62	29.68	0.00	0.00
GCC	10	30.18	19.92	17.90	32.00	0.00	0.00
GCC	11	30.23	19.65	19.07	31.05	0.00	0.00
GCC	12	31.05	18.82	19.67	30.45	0.00	0.00
GCC	13	29.76	20.69	19.22	30.33	0.00	0.00
GCC	14	31.45	19.15	17.55	31.85	0.00	0.00
GCC	15	31.60	19.07	19.27	30.05	0.00	0.00
GCC	16	30.75	19.85	19.37	30.03	0.00	0.00
GCC	17	31.33	19.32	18.40	30.95	0.00	0.00
GCC	18	30.45	20.00	18.80	30.75	0.00	0.00
GCC	19	30.53	20.00	18.92	30.55	0.00	0.00
GCC	20	31.23	20.07	19.52	29.18	0.00	0.00
GCC	21	31.25	20.14	18.85	29.76	0.00	0.00
GCC	22	30.03	19.62	20.04	30.30	0.00	0.00
GCC	23	31.83	19.12	18.70	30.35	0.00	0.00
GCC	24	29.28	19.47	20.27	30.98	0.00	0.00
GCC	25	30.70	19.05	19.55	30.70	0.00	0.00
GCC	26	30.00	20.77	18.35	30.88	0.00	0.00
GCC	27	30.38	19.15	19.92	30.55	0.00	0.00
GCC	28	30.88	19.92	18.15	31.05	0.00	0.00
GCC	29	30.15	19.10	18.85	31.90	0.00	0.00
GCC	30	30.18	19.80	19.02	31.00	0.00	0.00
GCC	31	32.03	20.12	16.67	31.18	0.00	0.00
GCC	32	29.78	19.65	19.07	31.50	0.00	0.00
GCC	33	31.75	18.52	18.90	30.83	0.00	0.00
GCC	34	32.33	19.02	18.47	30.18	0.00	0.00
GCC	35	31.18	19.42	19.10	30.30	0.00	0.00
GCC	36	30.68	20.82	17.32	31.18	0.00	0.00
GCC	37	29.51	20.22	19.87	30.40	0.00	0.00
GCC	38	31.10	19.67	19.20	30.03	0.00	0.00
GCC	39	30.58	19.07	19.12	31.23	0.00	0.00
GCC	40	29.83	20.44	18.32	31.40	0.00	0.00
GCC	41	31.85	19.22	19.02	29.91	0.00	0.00
GCC	42	31.03	18.97	19.25	30.75	0.00	0.00
GCC	43	30.88	19.80	19.42	29.91	0.00	0.00
GCC	44	31.65	18.82	18.75	30.78	0.00	0.00
GCC	45	29.71	20.79	18.47	31.03	0.00	0.00
GCC	46	31.63	18.82	19.82	29.73	0.00	0.00
GCC	47	32.03	18.77	19.00	30.20	0.00	0.00
GCC	48	31.45	20.72	17.65	30.18	0.00	0.00
GCC	49	30.68	19.27	18.47	31.58	0.00	0.00
GCC	50	30.90	20.00	18.67	30.43	0.00	0.00
GCC	51	30.93	19.75	19.02	30.30	0.00	0.00
GCC	52	30.03	20.32	18.60	31.05	0.00	0.00
GCC	53	30.28	19.72	18.62	31.38	0.00	0.00
GCC	54	29.13	20.44	18.77	31.65	0.00	0.00
GCC	55	30.10	19.55	18.87	31.48	0.00	0.00
GCC	56	31.03	20.09	17.55	31.33	0.00	0.00
GCC	57	30.15	19.42	18.55	31.88	0.00	0.00
GCC	58	31.00	20.94	18.47	29.58	0.00	0.00
GCC	59	30.93	20.17	18.30	30.60	0.00	0.00
GCC	60	29.46	21.17	19.05	30.33	0.00	0.00
GCC	61	30.15	19.55	18.92	31.38	0.00	0.00
GCC	62	31.73	20.17	17.60	30.50	0.00	0.00
GCC	63	31.70	18.85	18.20	31.25	0.00	0.00
GCC	64	29.11	19.35	19.70	31.85	0.00	0.00
GCC	65	30.30	19.90	19.32	30.48	0.00	0.00
GCC	66	31.55	20.00	19.02	29.43	0.00	0.00
GCC	67	31.50	19.62	18.55	30.33	0.00	0.00
GCC	68	30.43	19.12	18.67	31.78	0.00	0.00
GCC	69	29.98	20.67	18.70	30.65	0.00	0.00
GCC	70	30.18	20.57	19.70	29.56	0.00	0.00
GCC	71	30.15	20.39	18.55	30.90	0.00	0.00
GCC	72	30.70	19.72	18.55	31.03	0.00	0.00
GCC	73	32.13	18.47	18.25	31.15	0.00	0.00
GCC	74	31.45	20.59	18.87	29.08	0.00	0.00
GCC	75	30.83	20.74	18.10	30.33	0.00	0.00
GCC	76	30.78	19.02	19.32	30.88	0.00	0.00
GCC	77	31.03	21.62	18.00	29.36	0.00	0.00
GCC	78	31.03	19.72	19.07	30.18	0.00	0.00
GCC	79	30.55	19.82	19.72	29.91	0.00	0.00
GCC	80	31.20	19.25	18.90	30.65	0.00	0.00
GCC	81	30.25	20.22	18.82	30.70	0.00	0.00
GCC	82	31.00	20.34	18.60	30.05	0.00	0.00
GCC	83	31.38	20.12	19.07	29.43	0.00	0.00
GCC	84	30.35	19.95	19.02	30.68	0.00	0.00
GCC	85	31.43	20.09	18.22	30.25	0.00	0.00
GCC	86	30.43	20.12	17.57	31.88	0.00	0.00
GCC	87	30.03	20.09	18.82	31.05	0.00	0.00
GCC	88	30.95	20.47	18.57	30.00	0.00	0.00
GCC	89	31.33	19.92	18.90	29.86	0.00	0.00
GCC	90	30.35	20.74	18.47	30.43	0.00	0.00
GCC	91	31.15	19.40	18.85	30.60	0.00	0.00
GCC	92	30.65	20.17	18.92	30.25	0.00	0.00
GCC	93	30.28	18.62	20.24	30.85	0.00	0.00
GCC	94	30.50	19.85	18.57	31.08	0.00	0.00
GCC	95	31.80	19.95	18.67	29.58	0.00	0.00
GCC	96	31.78	19.75	19.25	29.23	0.00	0.00
GCC	97	30.45	19.92	19.85	29.78	0.00	0.00
GCC	98	30.33	19.40	19.10	31.18	0.00	0.00
GCC	99	31.05	19.90	18.77	30.28	0.00	0.00
GCC	100	30.10	19.10	18.17	32.63	0.00	0.00
GCC	101	30.45	20.34	18.72	30.48	0.00	0.00
GCC	102	30.25	19.60	18.75	31.40	0.00	0.00
GCC	103	30.20	21.27	19.25	29.28	0.00	0.00
GCC	104	30.85	20.97	17.60	30.58	0.00	0.00
GCC	105	29.71	20.09	18.62	31.58	0.00	0.00
GCC	106	30.43	20.54	18.35	30.68	0.00	0.00
GCC	107	31.10	19.12	18.82	30.95	0.00	0.00
GCC	108	31.25	20.00	19.40	29.36	0.00	0.00
GCC	109	31.08	19.80	18.82	30.30	0.00	0.00
GCC	110	31.48	18.77	18.50	31.25	0.00	0.00
GCC	111	30.98	20.87	18.20	29.96	0.00	0.00
GCC	112	30.55	20.69	19.37	29.38	0.00	0.00
GCC	113	29.96	20.27	19.15	30.63	0.00	0.00
GCC	114	31.98	20.04	17.82	30.15	0.00	0.00
GCC	115	30.60	19.90	19.00	30.50	0.00	0.00
GCC	116	30.00	20.07	19.40	30.53	0.00	0.00
GCC	117	30.83	19.75	18.67	30.75	0.00	0.00
GCC	118	31.58	19.35	19.05	30.03	0.00	0.00
GCC	119	29.98	19.55	18.90	31.58	0.00	0.00
GCC	120	31.00	19.10	18.17	31.73	0.00	0.00
GCC	121	30.73	19.40	18.95	30.93	0.00	0.00
GCC	122	30.18	20.64	18.00	31.18	0.00	0.00
GCC	123	30.13	19.42	19.42	31.03	0.00	0.00
GCC	124	30.80	20.72	18.35	30.13	0.00	0.00
GCC	125	30.43	19.42	19.00	31.15	0.00	0.00
GCC	126	28.83	20.77	18.65	31.75	0.00	0.00
GCC	127	30.28	19.70	19.07	30.95	0.00	0.00
GCC	128	30.90	19.52	19.57	30.00	0.00	0.00
GCC	129	29.53	20.72	19.32	30.43	0.00	0.00
GCC	130	30.80	19.05	18.92	31.23	0.00	0.00
GCC	131	29.63	19.72	19.07	31.58	0.00	0.00
GCC	132	29.48	19.40	19.77	31.35	0.00	0.00
GCC	133	30.73	20.77	18.50	30.00	0.00	0.00
GCC	134	29.81	20.44	18.22	31.53	0.00	0.00
GCC	135	30.00	20.47	18.30	31.23	0.00	0.00
GCC	136	30.88	21.84	17.90	29.38	0.00	0.00
GCC	137	29.88	18.57	18.92	32.63	0.00	0.00
GCC	138	28.81	20.24	19.95	31.00	0.00	0.00
GCC	139	30.55	19.80	20.04	29.61	0.00	0.00
GCC	140	30.13	19.50	18.72	31.65	0.00	0.00
GCC	141	30.83	19.55	19.62	30.00	0.00	0.00
GCC	142	30.58	19.75	17.95	31.73	0.00	0.00
GCC	143	30.85	19.25	17.95	31.95	0.00	0.00
GCC	144	29.96	20.47	18.20	31.38	0.00	0.00
GCC	145	31.20	20.04	17.90	30.85	0.00	0.00
GCC	146	30.08	19.32	19.65	30.95	0.00	0.00
GCC	147	30.83	19.55	19.00	30.63	0.00	0.00
GCC	148	29.68	20.84	19.57	29.91	0.00	0.00
GCC	149	32.48	18.97	18.92	29.63	0.00	0.00
GCC	150	30.18	20.87	18.82	30.13	0.00	0.00
# ACGT content per cycle, read oriented. Use `grep ^GCT | cut -f 2-` to extract this part. The columns are: cycle; A,C,G,T base counts as a percentage of all A/C/G/T bases [%]
GCT	1	30.73	18.32	20.29	30.65
GCT	2	31.50	19.12	19.45	29.93
GCT	3	30.73	18.20	19.85	31.23
GCT	4	31.85	19.60	18.92	29.63
GCT	5	31.98	18.90	18.95	30.18
GCT	6	31.50	20.77	18.57	29.16
GCT	7	30.35	19.80	18.60	31.25
GCT	8	31.05	19.05	19.12	30.78
GCT	9	29.61	19.17	20.19	31.03
GCT	10	31.43	19.35	18.47	30.75
GCT	11	30.78	18.57	20.14	30.50
GCT	12	31.35	19.20	19.30	30.15
GCT	13	29.68	19.60	20.32	30.40
GCT	14	31.03	18.00	18.70	32.28
GCT	15	32.30	19.40	18.95	29.36
GCT	16	30.48	19.20	20.02	30.30
GCT	17	32.13	18.30	19.42	30.15
GCT	18	31.10	19.37	19.42	30.10
GCT	19	31.25	19.55	19.37	29.83
GCT	20	30.85	19.82	19.77	29.56
GCT	21	30.28	19.75	19.25	30.73
GCT	22	30.60	19.32	20.34	29.73
GCT	23	29.98	19.10	18.72	32.20
GCT	24	29.71	20.52	19.22	30.55
GCT	25	30.48	19.80	18.80	30.93
GCT	26	30.80	19.45	19.67	30.08
GCT	27	32.05	19.80	19.27	28.88
GCT	28	31.03	18.60	19.47	30.90
GCT	29	31.30	18.62	19.32	30.75
GCT	30	31.08	19.37	19.45	30.10
GCT	31	32.05	18.77	18.02	31.15
GCT	32	30.45	19.20	19.52	30.83
GCT	33	30.83	18.27	19.15	31.75
GCT	34	30.15	19.47	18.02	32.35
GCT	35	30.45	18.62	19.90	31.03
GCT	36	30.15	18.97	19.17	31.70
GCT	37	29.88	20.62	19.47	30.03
GCT	38	30.30	20.44	18.42	30.83
GCT	39	30.80	19.57	18.62	31.00
GCT	40	30.90	19.20	19.57	30.33
GCT	41	32.30	19.25	19.00	29.46
GCT	42	30.88	19.70	18.52	30.90
GCT	43	30.45	20.49	18.72	30.33
GCT	44	30.73	19.02	18.55	31.70
GCT	45	30.40	19.57	19.70	30.33
GCT	46	30.15	19.42	19.22	31.20
GCT	47	30.55	18.82	18.95	31.68
GCT	48	31.18	19.32	19.05	30.45
GCT	49	29.93	19.65	18.10	32.33
GCT	50	29.78	19.60	19.07	31.55
GCT	51	30.15	19.60	19.17	31.08
GCT	52	30.75	19.32	19.60	30.33
GCT	53	30.43	19.70	18.65	31.23
GCT	54	31.38	19.42	19.80	29.41
GCT	55	31.88	19.70	18.72	29.71
GCT	56	30.85	18.35	19.30	31.50
GCT	57	30.98	18.97	19.00	31.05
GCT	58	30.18	20.09	19.32	30.40
GCT	59	31.15	19.62	18.85	30.38
GCT	60	30.05	20.39	19.82	29.73
GCT	61	31.00	19.22	19.25	30.53
GCT	62	31.25	19.27	18.50	30.98
GCT	63	32.03	17.35	19.70	30.93
GCT	64	30.65	19.67	19.37	30.30
GCT	65	30.23	19.85	19.37	30.55
GCT	66	29.83	19.50	19.52	31.15
GCT	67	30.38	19.72	18.45	31.45
GCT	68	30.83	19.55	18.25	31.38
GCT	69	30.28	20.34	19.02	30.35
GCT	70	30.20	20.87	19.40	29.53
GCT	71	31.75	19.02	19.92	29.31
GCT	72	30.98	19.37	18.90	30.75
GCT	73	32.18	19.35	17.37	31.10
GCT	74	30.28	19.90	19.57	30.25
GCT	75	30.38	19.27	19.57	30.78
GCT	76	31.25	19.72	18.62	30.40
GCT	77	30.55	20.12	19.50	29.83
GCT	78	31.43	20.09	18.70	29.78
GCT	79	30.13	19.22	20.32	30.33
GCT	80	31.63	19.85	18.30	30.23
GCT	81	29.98	19.72	19.32	30.98
GCT	82	31.20	19.97	18.97	29.86
GCT	83	29.88	19.35	19.85	30.93
GCT	84	30.50	18.67	20.29	30.53
GCT	85	30.23	19.42	18.90	31.45
GCT	86	31.80	19.62	18.07	30.50
GCT	87	31.40	19.60	19.32	29.68
GCT	88	30.53	19.82	19.22	30.43
GCT	89	30.60	18.92	19.90	30.58
GCT	90	29.66	20.22	19.00	31.13
GCT	91	29.98	19.30	18.95	31.78
GCT	92	30.95	19.60	19.50	29.96
GCT	93	30.75	19.67	19.20	30.38
GCT	94	31.33	19.30	19.12	30.25
GCT	95	30.18	18.75	19.87	31.20
GCT	96	30.58	19.52	19.47	30.43
GCT	97	29.93	20.97	18.80	30.30
GCT	98	31.53	19.07	19.42	29.98
GCT	99	31.03	18.95	19.72	30.30
GCT	100	31.63	18.25	19.02	31.10
GCT	101	31.08	20.09	18.97	29.86
GCT	102	30.48	18.40	19.95	31.18
GCT	103	30.13	20.47	20.04	29.36
GCT	104	31.33	19.62	18.95	30.10
GCT	105	29.88	19.95	18.77	31.40
GCT	106	30.93	19.47	19.42	30.18
GCT	107	31.03	18.92	19.02	31.03
GCT	108	29.91	20.02	19.37	30.70
GCT	109	30.83	19.57	19.05	30.55
GCT	110	31.13	17.85	19.42	31.60
GCT	111	30.60	18.97	20.09	30.33
GCT	112	30.35	20.12	19.95	29.58
GCT	113	31.28	21.17	18.25	29.31
GCT	114	31.35	19.20	18.67	30.78
GCT	115	31.25	19.02	19.87	29.86
GCT	116	30.25	19.45	20.02	30.28
GCT	117	31.18	19.02	19.40	30.40
GCT	118	29.43	19.47	18.92	32.18
GCT	119	30.68	19.37	19.07	30.88
GCT	120	30.85	19.57	17.70	31.88
GCT	121	31.75	18.80	19.55	29.91
GCT	122	30.25	20.14	18.50	31.10
GCT	123	31.28	19.50	19.35	29.88
GCT	124	30.95	20.14	18.92	29.98
GCT	125	30.43	20.00	18.42	31.15
GCT	126	29.96	19.57	19.85	30.63
GCT	127	29.61	19.65	19.12	31.63
GCT	128	30.75	20.04	19.05	30.15
GCT	129	29.96	19.17	20.87	30.00
GCT	130	30.38	18.95	19.02	31.65
GCT	131	30.73	19.95	18.85	30.48
GCT	132	29.51	18.55	20.62	31.33
GCT	133	30.23	19.20	20.07	30.50
GCT	134	30.53	19.10	19.57	30.80
GCT	135	30.58	19.02	19.75	30.65
GCT	136	30.18	19.47	20.27	30.08
GCT	137	32.50	18.32	19.17	30.00
GCT	138	29.38	20.99	19.20	30.43
GCT	139	30.03	20.04	19.80	30.13
GCT	140	30.25	19.45	18.77	31.53
GCT	141	29.56	19.40	19.77	31.28
GCT	142	31.28	19.02	18.67	31.03
GCT	143	31.93	18.00	19.20	30.88
GCT	144	29.98	19.77	18.90	31.35
GCT	145	30.80	18.37	19.57	31.25
GCT	146	30.43	19.10	19.87	30.60
GCT	147	30.20	18.65	19.90	31.25
GCT	148	29.81	20.49	19.92	29.78
GCT	149	31.53	18.95	18.95	30.58
GCT	150	30.65	20.07	19.62	29.66
# ACGT content per cycle for first fragments. Use `grep ^FBC | cut -f 2-` to extract this part. The columns are: cycle; A,C,G,T base counts as a percentage of all A/C/G/T bases [%]; and N and O counts as a percentage of all A/C/G/T bases [%]
FBC	1	28.76	19.32	19.12	32.80	0.00	0.00
FBC	2	30.80	20.72	19.77	28.71	0.00	0.00
FBC	3	31.40	19.67	17.87	31.05	0.00	0.00
FBC	4	31.65	19.62	18.12	30.60	0.00	0.00
FBC	5	30.95	18.52	18.27	32.25	0.00	0.00
FBC	6	31.60	18.62	19.42	30.35	0.00	0.00
FBC	7	31.00	20.12	18.02	30.85	0.00	0.00
FBC	8	30.55	18.92	18.97	31.55	0.00	0.00
FBC	9	31.15	20.97	17.67	30.20	0.00	0.00
FBC	10	30.40	20.22	18.12	31.25	0.00	0.00
FBC	11	30.80	19.32	19.42	30.45	0.00	0.00
FBC	12	29.81	19.07	20.22	30.90	0.00	0.00
FBC	13	29.36	20.72	18.62	31.30	0.00	0.00
FBC	14	32.00	18.92	18.47	30.60	0.00	0.00
FBC	15	31.35	18.52	19.22	30.90	0.00	0.00
FBC	16	30.90	20.17	19.67	29.26	0.00	0.00
FBC	17	31.75	18.27	19.02	30.95	0.00	0.00
FBC	18	30.35	19.87	18.87	30.90	0.00	0.00
FBC	19	30.85	19.82	17.82	31.50	0.00	0.00
FBC	20	31.50	19.57	19.62	29.31	0.00	0.00
FBC	21	31.45	20.07	19.32	29.16	0.00	0.00
FBC	22	30.00	19.87	19.62	30.50	0.00	0.00
FBC	23	32.45	17.97	18.82	30.75	0.00	0.00
FBC	24	29.66	19.02	20.07	31.25	0.00	0.00
FBC	25	30.65	18.87	20.07	30.40	0.00	0.00
FBC	26	29.91	21.17	17.27	31.65	0.00	0.00
FBC	27	30.85	19.22	20.02	29.91	0.00	0.00
FBC	28	31.80	18.17	17.97	32.05	0.00	0.00
FBC	29	30.20	19.67	19.07	31.05	0.00	0.00
FBC	30	30.05	19.32	20.17	30.45	0.00	0.00
FBC	31	31.15	21.02	17.12	30.70	0.00	0.00
FBC	32	30.85	19.77	19.42	29.96	0.00	0.00
FBC	33	31.50	18.27	18.97	31.25	0.00	0.00
FBC	34	31.95	18.97	18.82	30.25	0.00	0.00
FBC	35	31.60	19.47	20.17	28.76	0.00	0.00
FBC	36	30.90	20.87	17.77	30.45	0.00	0.00
FBC	37	28.86	19.62	20.77	30.75	0.00	0.00
FBC	38	32.65	18.97	18.82	29.56	0.00	0.00
FBC	39	31.80	18.12	19.27	30.80	0.00	0.00
FBC	40	31.20	20.47	18.27	30.05	0.00	0.00
FBC	41	33.55	18.82	17.87	29.76	0.00	0.00
FBC	42	31.50	18.47	19.27	30.75	0.00	0.00
FBC	43	32.00	19.17	19.47	29.36	0.00	0.00
FBC	44	32.10	18.82	18.62	30.45	0.00	0.00
FBC	45	30.10	19.52	18.77	31.60	0.00	0.00
FBC	46	31.60	18.37	20.97	29.06	0.00	0.00
FBC	47	29.96	19.32	20.37	30.35	0.00	0.00
FBC	48	31.75	20.27	17.72	30.25	0.00	0.00
FBC	49	29.61	19.67	18.92	31.80	0.00	0.00
FBC	50	31.40	21.22	18.22	29.16	0.00	0.00
FBC	51	30.55	19.22	19.12	31.10	0.00	0.00
FBC	52	29.81	19.72	19.47	31.00	0.00	0.00
FBC	53	29.86	19.97	18.82	31.35	0.00	0.00
FBC	54	29.36	19.92	19.62	31.10	0.00	0.00
FBC	55	30.15	18.82	18.92	32.10	0.00	0.00
FBC	56	31.85	20.12	17.57	30.45	0.00	0.00
FBC	57	30.30	18.92	18.67	32.10	0.00	0.00
FBC	58	31.35	21.22	18.12	29.31	0.00	0.00
FBC	59	32.05	19.97	18.47	29.51	0.00	0.00
FBC	60	29.61	21.97	19.07	29.36	0.00	0.00
FBC	61	29.51	19.62	19.72	31.15	0.00	0.00
FBC	62	31.05	20.32	18.12	30.50	0.00	0.00
FBC	63	31.75	18.07	19.32	30.85	0.00	0.00
FBC	64	30.20	17.92	19.52	32.35	0.00	0.00
FBC	65	30.95	19.22	19.47	30.35	0.00	0.00
FBC	66	31.50	20.72	18.72	29.06	0.00	0.00
FBC	67	31.70	18.92	17.67	31.70	0.00	0.00
FBC	68	29.31	19.17	19.32	32.20	0.00	0.00
FBC	69	29.71	20.27	19.57	30.45	0.00	0.00
FBC	70	29.26	21.57	20.02	29.16	0.00	0.00
FBC	71	30.40	20.57	19.02	30.00	0.00	0.00
FBC	72	30.95	19.82	18.27	30.95	0.00	0.00
FBC	73	30.75	18.72	18.77	31.75	0.00	0.00
FBC	74	30.65	20.77	19.92	28.66	0.00	0.00
FBC	75	31.65	20.92	18.27	29.16	0.00	0.00
FBC	76	30.60	19.22	20.27	29.91	0.00	0.00
FBC	77	30.10	22.57	17.27	30.05	0.00	0.00
FBC	78	32.00	19.87	18.62	29.51	0.00	0.00
FBC	79	29.86	20.32	20.07	29.76	0.00	0.00
FBC	80	31.85	19.02	18.52	30.60	0.00	0.00
FBC	81	31.05	19.82	18.27	30.85	0.00	0.00
FBC	82	30.40	20.42	18.72	30.45	0.00	0.00
FBC	83	31.55	19.52	19.77	29.16	0.00	0.00
FBC	84	30.25	19.62	18.77	31.35	0.00	0.00
FBC	85	31.35	20.22	19.57	28.86	0.00	0.00
FBC	86	31.45	19.67	16.67	32.20	0.00	0.00
FBC	87	30.50	19.47	18.97	31.05	0.00	0.00
FBC	88	29.66	21.52	18.87	29.96	0.00	0.00
FBC	89	30.90	20.37	19.32	29.41	0.00	0.00
FBC	90	30.00	20.72	18.27	31.00	0.00	0.00
FBC	91	31.35	19.82	19.17	29.66	0.00	0.00
FBC	92	30.70	19.67	19.57	30.05	0.00	0.00
FBC	93	29.51	18.92	20.72	30.85	0.00	0.00
FBC	94	29.91	19.07	18.67	32.35	0.00	0.00
FBC	95	32.05	19.72	18.42	29.81	0.00	0.00
FBC	96	32.10	19.82	20.27	27.81	0.00	0.00
FBC	97	31.30	19.07	20.37	29.26	0.00	0.00
FBC	98	30.25	18.47	19.32	31.95	0.00	0.00
FBC	99	31.00	18.72	20.37	29.91	0.00	0.00
FBC	100	29.06	20.02	17.37	33.55	0.00	0.00
FBC	101	30.75	20.57	18.42	30.25	0.00	0.00
FBC	102	31.00	18.92	18.87	31.20	0.00	0.00
FBC	103	30.35	21.17	20.52	27.96	0.00	0.00
FBC	104	30.70	21.62	17.37	30.30	0.00	0.00
FBC	105	29.46	19.12	18.42	33.00	0.00	0.00
FBC	106	30.80	20.32	17.77	31.10	0.00	0.00
FBC	107	30.55	19.72	19.47	30.25	0.00	0.00
FBC	108	31.95	20.17	19.42	28.46	0.00	0.00
FBC	109	30.80	19.37	18.67	31.15	0.00	0.00
FBC	110	31.35	18.02	19.47	31.15	0.00	0.00
FBC	111	31.15	20.67	18.27	29.91	0.00	0.00
FBC	112	30.45	18.57	21.02	29.96	0.00	0.00
FBC	113	29.41	20.52	19.82	30.25	0.00	0.00
FBC	114	30.80	20.27	18.22	30.70	0.00	0.00
FBC	115	30.40	20.52	19.07	30.00	0.00	0.00
FBC	116	28.36	21.57	19.77	30.30	0.00	0.00
FBC	117	29.86	19.92	19.47	30.75	0.00	0.00
FBC	118	30.95	18.77	19.97	30.30	0.00	0.00
FBC	119	29.91	19.12	19.32	31.65	0.00	0.00
FBC	120	31.60	18.77	18.27	31.35	0.00	0.00
FBC	121	31.45	19.32	18.37	30.85	0.00	0.00
FBC	122	30.25	20.62	17.42	31.70	0.00	0.00
FBC	123	29.46	19.17	19.82	31.55	0.00	0.00
FBC	124	30.05	20.67	17.87	31.40	0.00	0.00
FBC	125	29.01	20.17	19.57	31.25	0.00	0.00
FBC	126	28.86	21.27	18.77	31.10	0.00	0.00
FBC	127	30.85	19.62	18.57	30.95	0.00	0.00
FBC	128	30.05	20.17	19.42	30.35	0.00	0.00
FBC	129	28.76	20.37	20.62	30.25	0.00	0.00
FBC	130	30.30	19.42	19.27	31.00	0.00	0.00
FBC	131	28.71	20.52	19.12	31.65	0.00	0.00
FBC	132	29.61	20.02	19.87	30.50	0.00	0.00
FBC	133	29.61	21.37	18.82	30.20	0.00	0.00
FBC	134	29.66	20.82	17.47	32.05	0.00	0.00
FBC	135	30.60	21.32	17.92	30.15	0.00	0.00
FBC	136	30.40	22.17	17.22	30.20	0.00	0.00
FBC	137	30.05	17.87	18.27	33.80	0.00	0.00
FBC	138	30.15	20.37	19.72	29.76	0.00	0.00
FBC	139	30.05	20.47	19.67	29.81	0.00	0.00
FBC	140	29.06	20.42	18.37	32.15	0.00	0.00
FBC	141	30.20	19.52	20.37	29.91	0.00	0.00
FBC	142	29.56	20.32	18.27	31.85	0.00	0.00
FBC	143	30.25	20.82	17.37	31.55	0.00	0.00
FBC	144	29.46	20.47	17.72	32.35	0.00	0.00
FBC	145	32.15	19.82	17.42	30.60	0.00	0.00
FBC	146	30.20	19.12	19.82	30.85	0.00	0.00
FBC	147	31.35	19.57	18.47	30.60	0.00	0.00
FBC	148	29.21	21.07	18.07	31.65	0.00	0.00
FBC	149	32.60	19.07	18.82	29.51	0.00	0.00
FBC	150	30.35	20.32	18.07	31.25	0.00	0.00
# ACGT raw counters for first fragments. Use `grep ^FTC | cut -f 2-` to extract this part. The columns are: A,C,G,T,N base counters
FTC	92059	59481	56894	92016	0
# ACGT content per cycle for last fragments. Use `grep ^LBC | cut -f 2-` to extract this part. The columns are: cycle; A,C,G,T base counts as a percentage of all A/C/G/T bases [%]; and N and O counts as a percentage of all A/C/G/T bases [%]
LBC	1	31.90	19.87	18.92	29.31	0.00	0.00
LBC	2	32.75	20.02	16.63	30.60	0.00	0.00
LBC	3	31.50	20.22	18.32	29.96	0.00	0.00
LBC	4	30.10	20.47	18.82	30.60	0.00	0.00
LBC	5	29.31	19.82	19.07	31.80	0.00	0.00
LBC	6	28.51	20.17	20.47	30.85	0.00	0.00
LBC	7	31.10	19.32	19.32	30.25	0.00	0.00
LBC	8	31.65	19.72	18.72	29.91	0.00	0.00
LBC	9	30.75	20.52	19.57	29.16	0.00	0.00
LBC	10	29.96	19.62	17.67	32.75	0.00	0.00
LBC	11	29.66	19.97	18.72	31.65	0.00	0.00
LBC	12	32.30	18.57	19.12	30.00	0.00	0.00
LBC	13	30.15	20.67	19.82	29.36	0.00	0.00
LBC	14	30.90	19.37	16.63	33.10	0.00	0.00
LBC	15	31.85	19.62	19.32	29.21	0.00	0.00
LBC	16	30.60	19.52	19.07	30.80	0.00	0.00
LBC	17	30.90	20.37	17.77	30.95	0.00	0.00
LBC	18	30.55	20.12	18.72	30.60	0.00	0.00
LBC	19	30.20	20.17	20.02	29.61	0.00	0.00
LBC	20	30.95	20.57	19.42	29.06	0.00	0.00
LBC	21	31.05	20.22	18.37	30.35	0.00	0.00
LBC	22	30.05	19.37	20.47	30.10	0.00	0.00
LBC	23	31.20	20.27	18.57	29.96	0.00	0.00
LBC	24	28.91	19.92	20.47	30.70	0.00	0.00
LBC	25	30.75	19.22	19.02	31.00	0.00	0.00
LBC	26	30.10	20.37	19.42	30.10	0.00	0.00
LBC	27	29.91	19.07	19.82	31.20	0.00	0.00
LBC	28	29.96	21.67	18.32	30.05	0.00	0.00
LBC	29	30.10	18.52	18.62	32.75	0.00	0.00
LBC	30	30.30	20.27	17.87	31.55	0.00	0.00
LBC	31	32.90	19.22	16.23	31.65	0.00	0.00
LBC	32	28.71	19.52	18.72	33.05	0.00	0.00
LBC	33	32.00	18.77	18.82	30.40	0.00	0.00
LBC	34	32.70	19.07	18.12	30.10	0.00	0.00
LBC	35	30.75	19.37	18.02	31.85	0.00	0.00
LBC	36	30.45	20.77	16.87	31.90	0.00	0.00
LBC	37	30.15	20.82	18.97	30.05	0.00	0.00
LBC	38	29.56	20.37	19.57	30.50	0.00	0.00
LBC	39	29.36	20.02	18.97	31.65	0.00	0.00
LBC	40	28.46	20.42	18.37	32.75	0.00	0.00
LBC	41	30.15	19.62	20.17	30.05	0.00	0.00
LBC	42	30.55	19.47	19.22	30.75	0.00	0.00
LBC	43	29.76	20.42	19.37	30.45	0.00	0.00
LBC	44	31.20	18.82	18.87	31.10	0.00	0.00
LBC	45	29.31	22.07	18.17	30.45	0.00	0.00
LBC	46	31.65	19.27	18.67	30.40	0.00	0.00
LBC	47	34.10	18.22	17.62	30.05	0.00	0.00
LBC	48	31.15	21.17	17.57	30.10	0.00	0.00
LBC	49	31.75	18.87	18.02	31.35	0.00	0.00
LBC	50	30.40	18.77	19.12	31.70	0.00	0.00
LBC	51	31.30	20.27	18.92	29.51	0.00	0.00
LBC	52	30.25	20.92	17.72	31.10	0.00	0.00
LBC	53	30.70	19.47	18.42	31.40	0.00	0.00
LBC	54	28.91	20.97	17.92	32.20	0.00	0.00
LBC	55	30.05	20.27	18.82	30.85	0.00	0.00
LBC	56	30.20	20.07	17.52	32.20	0.00	0.00
LBC	57	30.00	19.92	18.42	31.65	0.00	0.00
LBC	58	30.65	20.67	18.82	29.86	0.00	0.00
LBC	59	29.81	20.37	18.12	31.70	0.00	0.00
LBC	60	29.31	20.37	19.02	31.30	0.00	0.00
LBC	61	30.80	19.47	18.12	31.60	0.00	0.00
LBC	62	32.40	20.02	17.07	30.50	0.00	0.00
LBC	63	31.65	19.62	17.07	31.65	0.00	0.00
LBC	64	28.01	20.77	19.87	31.35	0.00	0.00
LBC	65	29.66	20.57	19.17	30.60	0.00	0.00
LBC	66	31.60	19.27	19.32	29.81	0.00	0.00
LBC	67	31.30	20.32	19.42	28.96	0.00	0.00
LBC	68	31.55	19.07	18.02	31.35	0.00	0.00
LBC	69	30.25	21.07	17.82	30.85	0.00	0.00
LBC	70	31.10	19.57	19.37	29.96	0.00	0.00
LBC	71	29.91	20.22	18.07	31.80	0.00	0.00
LBC	72	30.45	19.62	18.82	31.10	0.00	0.00
LBC	73	33.50	18.22	17.72	30.55	0.00	0.00
LBC	74	32.25	20.42	17.82	29.51	0.00	0.00
LBC	75	30.00	20.57	17.92	31.50	0.00	0.00
LBC	76	30.95	18.82	18.37	31.85	0.00	0.00
LBC	77	31.95	20.67	18.72	28.66	0.00	0.00
LBC	78	30.05	19.57	19.52	30.85	0.00	0.00
LBC	79	31.25	19.32	19.37	30.05	0.00	0.00
LBC	80	30.55	19.47	19.27	30.70	0.00	0.00
LBC	81	29.46	20.62	19.37	30.55	0.00	0.00
LBC	82	31.60	20.27	18.47	29.66	0.00	0.00
LBC	83	31.20	20.72	18.37	29.71	0.00	0.00
LBC	84	30.45	20.27	19.27	30.00	0.00	0.00
LBC	85	31.50	19.97	16.87	31.65	0.00	0.00
LBC	86	29.41	20.57	18.47	31.55	0.00	0.00
LBC	87	29.56	20.72	18.67	31.05	0.00	0.00
LBC	88	32.25	19.42	18.27	30.05	0.00	0.00
LBC	89	31.75	19.47	18.47	30.30	0.00	0.00
LBC	90	30.70	20.77	18.67	29.86	0.00	0.00
LBC	91	30.95	18.97	18.52	31.55	0.00	0.00
LBC	92	30.60	20.67	18.27	30.45	0.00	0.00
LBC	93	31.05	18.32	19.77	30.85	0.00	0.00
LBC	94	31.10	20.62	18.47	29.81	0.00	0.00
LBC	95	31.55	20.17	18.92	29.36	0.00	0.00
LBC	96	31.45	19.67	18.22	30.65	0.00	0.00
LBC	97	29.61	20.77	19.32	30.30	0.00	0.00
LBC	98	30.40	20.32	18.87	30.40	0.00	0.00
LBC	99	31.10	21.07	17.17	30.65	0.00	0.00
LBC	100	31.15	18.17	18.97	31.70	0.00	0.00
LBC	101	30.15	20.12	19.02	30.70	0.00	0.00
LBC	102	29.51	20.27	18.62	31.60	0.00	0.00
LBC	103	30.05	21.37	17.97	30.60	0.00	0.00
LBC	104	31.00	20.32	17.82	30.85	0.00	0.00
LBC	105	29.96	21.07	18.82	30.15	0.00	0.00
LBC	106	30.05	20.77	18.92	30.25	0.00	0.00
LBC	107	31.65	18.52	18.17	31.65	0.00	0.00
LBC	108	30.55	19.82	19.37	30.25	0.00	0.00
LBC	109	31.35	20.22	18.97	29.46	0.00	0.00
LBC	110	31.60	19.52	17.52	31.35	0.00	0.00
LBC	111	30.80	21.07	18.12	30.00	0.00	0.00
LBC	112	30.65	22.82	17.72	28.81	0.00	0.00
LBC	113	30.50	20.02	18.47	31.00	0.00	0.00
LBC	114	33.15	19.82	17.42	29.61	0.00	0.00
LBC	115	30.80	19.27	18.92	31.00	0.00	0.00
LBC	116	31.65	18.57	19.02	30.75	0.00	0.00
LBC	117	31.80	19.57	17.87	30.75	0.00	0.00
LBC	118	32.20	19.92	18.12	29.76	0.00	0.00
LBC	119	30.05	19.97	18.47	31.50	0.00	0.00
LBC	120	30.40	19.42	18.07	32.10	0.00	0.00
LBC	121	30.00	19.47	19.52	31.00	0.00	0.00
LBC	122	30.10	20.67	18.57	30.65	0.00	0.00
LBC	123	30.80	19.67	19.02	30.50	0.00	0.00
LBC	124	31.55	20.77	18.82	28.86	0.00	0.00
LBC	125	31.85	18.67	18.42	31.05	0.00	0.00
LBC	126	28.81	20.27	18.52	32.40	0.00	0.00
LBC	127	29.71	19.77	19.57	30.95	0.00	0.00
LBC	128	31.75	18.87	19.72	29.66	0.00	0.00
LBC	129	30.30	21.07	18.02	30.60	0.00	0.00
LBC	130	31.30	18.67	18.57	31.45	0.00	0.00
LBC	131	30.55	18.92	19.02	31.50	0.00	0.00
LBC	132	29.36	18.77	19.67	32.20	0.00	0.00
LBC	133	31.85	20.17	18.17	29.81	0.00	0.00
LBC	134	29.96	20.07	18.97	31.00	0.00	0.00
LBC	135	29.41	19.62	18.67	32.30	0.00	0.00
LBC	136	31.35	21.52	18.57	28.56	0.00	0.00
LBC	137	29.71	19.27	19.57	31.45	0.00	0.00
LBC	138	27.46	20.12	20.17	32.25	0.00	0.00
LBC	139	31.05	19.12	20.42	29.41	0.00	0.00
LBC	140	31.20	18.57	19.07	31.15	0.00	0.00
LBC	141	31.45	19.57	18.87	30.10	0.00	0.00
LBC	142	31.60	19.17	17.62	31.60	0.00	0.00
LBC	143	31.45	17.67	18.52	32.35	0.00	0.00
LBC	144	30.45	20.47	18.67	30.40	0.00	0.00
LBC	145	30.25	20.27	18.37	31.10	0.00	0.00
LBC	146	29.96	19.52	19.47	31.05	0.00	0.00
LBC	147	30.30	19.52	19.52	30.65	0.00	0.00
LBC	148	30.15	20.62	21.07	28.16	0.00	0.00
LBC	149	32.35	18.87	19.02	29.76	0.00	0.00
LBC	150	30.00	21.42	19.57	29.01	0.00	0.00
# ACGT raw counters for last fragments. Use `grep ^LTC | cut -f 2-` to extract this part. The columns are: A,C,G,T,N base counters
LTC	92225	59845	56122	92258	0
# Insert sizes. Use `grep ^IS | cut -f 2-` to extract this part. The columns are: insert size, pairs total, inward oriented pairs, outward oriented pairs, other pairs
IS	0	0	0	0	0
IS	1	0	0	0	0
IS	2	0	0	0	0
IS	3	0	0	0	0
IS	4	0	0	0	0
IS	5	0	0	0	0
IS	6	0	0	0	0
IS	7	0	0	0	0
IS	8	0	0	0	0
IS	9	0	0	0	0
IS	10	0	0	0	0
IS	11	0	0	0	0
IS	12	0	0	0	0
IS	13	0	0	0	0
IS	14	0	0	0	0
IS	15	0	0	0	0
IS	16	0	0	0	0
IS	17	0	0	0	0
IS	18	0	0	0	0
IS	19	0	0	0	0
IS	20	0	0	0	0
IS	21	0	0	0	0
IS	22	0	0	0	0
IS	23	0	0	0	0
IS	24	0	0	0	0
IS	25	0	0	0	0
IS	26	0	0	0	0
IS	27	0	0	0	0
IS	28	0	0	0	0
IS	29	0	0	0	0
IS	30	0	0	0	0
IS	31	0	0	0	0
IS	32	0	0	0	0
IS	33	0	0	0	0
IS	34	0	0	0	0
IS	35	0	0	0	0
IS	36	0	0	0	0
IS	37	0	0	0	0
IS	38	0	0	0	0
IS	39	0	0	0	0
IS	40	0	0	0	0
IS	41	0	0	0	0
IS	42	0	0	0	0
IS	43	0	0	0	0
IS	44	0	0	0	0
IS	45	0	0	0	0
IS	46	0	0	0	0
IS	47	0	0	0	0
IS	48	0	0	0	0
IS	49	0	0	0	0
IS	50	0	0	0	0
IS	51	0	0	0	0
IS	52	0	0	0	0
IS	53	0	0	0	0
IS	54	0	0	0	0
IS	55	0	0	0	0
IS	56	0	0	0	0
IS	57	0	0	0	0
IS	58	0	0	0	0
IS	59	0	0	0	0
IS	60	0	0	0	0
IS	61	0	0	0	0
IS	62	0	0	0	0
IS	63	0	0	0	0
IS	64	0	0	0	0
IS	65	0	0	0	0
IS	66	0	0	0	0
IS	67	0	0	0	0
IS	68	0	0	0	0
IS	69	0	0	0	0
IS	70	0	0	0	0
IS	71	0	0	0	0
IS	72	0	0	0	0
IS	73	0	0	0	0
IS	74	0	0	0	0
IS	75	0	0	0	0
IS	76	0	0	0	0
IS	77	0	0	0	0
IS	78	0	0	0	0
IS	79	0	0	0	0
IS	80	0	0	0	0
IS	81	0	0	0	0
IS	82	0	0	0	0
IS	83	0	0	0	0
IS	84	0	0	0	0
IS	85	0	0	0	0
IS	86	0	0	0	0
IS	87	0	0	0	0
IS	88	0	0	0	0
IS	89	0	0	0	0
IS	90	0	0	0	0
IS	91	0	0	0	0
IS	92	0	0	0	0
IS	93	0	0	0	0
IS	94	0	0	0	0
IS	95	0	0	0	0
IS	96	0	0	0	0
IS	97	0	0	0	0
IS	98	0	0	0	0
IS	99	0	0	0	0
IS	100	0	0	0	0
IS	101	0	0	0	0
IS	102	0	0	0	0
IS	103	0	0	0	0
IS	104	0	0	0	0
IS	105	0	0	0	0
IS	106	0	0	0	0
IS	107	0	0	0	0
IS	108	0	0	0	0
IS	109	0	0	0	0
IS	110	0	0	0	0
IS	111	0	0	0	0
IS	112	0	0	0	0
IS	113	0	0	0	0
IS	114	0	0	0	0
IS	115	0	0	0	0
IS	116	0	0	0	0
IS	117	0	0	0	0
IS	118	0	0	0	0
IS	119	0	0	0	0
IS	120	0	0	0	0
IS	121	0	0	0	0
IS	122	0	0	0	0
IS	123	0	0	0	0
IS	124	0	0	0	0
IS	125	0	0	0	0
IS	126	0	0	0	0
IS	127	0	0	0	0
IS	128	0	0	0	0
IS	129	0	0	0	0
IS	130	0	0	0	0
IS	131	0	0	0	0
IS	132	0	0	0	0
IS	133	0	0	0	0
IS	134	0	0	0	0
IS	135	0	0	0	0
IS	136	0	0	0	0
IS	137	0	0	0	0
IS	138	0	0	0	0
IS	139	0	0	0	0
IS	140	0	0	0	0
IS	141	0	0	0	0
IS	142	0	0	0	0
IS	143	0	0	0	0
IS	144	0	0	0	0
IS	145	0	0	0	0
IS	146	0	0	0	0
IS	147	0	0	0	0
IS	148	0	0	0	0
IS	149	0	0	0	0
IS	150	0	0	0	0
IS	151	0	0	0	0
IS	152	0	0	0	0
IS	153	0	0	0	0
IS	154	0	0	0	0
IS	155	0	0	0	0
IS	156	0	0	0	0
IS	157	0	0	0	0
IS	158	0	0	0	0
IS	159	0	0	0	0
IS	160	0	0	0	0
IS	161	0	0	0	0
IS	162	0	0	0	0
IS	163	0	0	0	0
IS	164	0	0	0	0
IS	165	0	0	0	0
IS	166	0	0	0	0
IS	167	0	0	0	0
IS	168	0	0	0	0
IS	169	0	0	0	0
IS	170	0	0	0	0
IS	171	0	0	0	0
IS	172	0	0	0	0
IS	173	0	0	0	0
IS	174	0	0	0	0
IS	175	0	0	0	0
IS	176	0	0	0	0
IS	177	0	0	0	0
IS	178	0	0	0	0
IS	179	0	0	0	0
IS	180	0	0	0	0
IS	181	0	0	0	0
IS	182	0	0	0	0
IS	183	0	0	0	0
IS	184	0	0	0	0
IS	185	0	0	0	0
IS	186	0	0	0	0
IS	187	0	0	0	0
IS	188	0	0	0	0
IS	189	0	0	0	0
IS	190	0	0	0	0
IS	191	0	0	0	0
IS	192	0	0	0	0
IS	193	0	0	0	0
IS	194	0	0	0	0
IS	195	0	0	0	0
IS	196	0	0	0	0
IS	197	0	0	0	0
IS	198	0	0	0	0
IS	199	0	0	0	0
IS	200	0	0	0	0
IS	201	0	0	0	0
IS	202	0	0	0	0
IS	203	0	0	0	0
IS	204	0	0	0	0
IS	205	0	0	0	0
IS	206	0	0	0	0
IS	207	0	0	0	0
IS	208	0	0	0	0
IS	209	0	0	0	0
IS	210	0	0	0	0
IS	211	0	0	0	0
IS	212	0	0	0	0
IS	213	0	0	0	0
IS	214	0	0	0	0
IS	215	0	0	0	0
IS	216	0	0	0	0
IS	217	0	0	0	0
IS	218	0	0	0	0
IS	219	0	0	0	0
IS	220	0	0	0	0
IS	221	0	0	0	0
IS	222	0	0	0	0
IS	223	0	0	0	0
IS	224	0	0	0	0
IS	225	0	0	0	0
IS	226	0	0	0	0
IS	227	0	0	0	0
IS	228	0	0	0	0
IS	229	0	0	0	0
IS	230	0	0	0	0
IS	231	0	0	0	0
IS	232	0	0	0	0
IS	233	0	0	0	0
IS	234	0	0	0	0
IS	235	0	0	0	0
IS	236	0	0	0	0
IS	237	0	0	0	0
IS	238	0	0	0	0
IS	239	0	0	0	0
IS	240	0	0	0	0
IS	241	0	0	0	0
IS	242	0	0	0	0
IS	243	0	0	0	0
IS	244	0	0	0	0
IS	245	0	0	0	0
IS	246	0	0	0	0
IS	247	0	0	0	0
IS	248	0	0	0	0
IS	249	0	0	0	0
IS	250	0	0	0	0
IS	251	0	0	0	0
IS	252	0	0	0	0
IS	253	0	0	0	0
IS	254	0	0	0	0
IS	255	0	0	0	0
IS	256	0	0	0	0
IS	257	0	0	0	0
IS	258	0	0	0	0
IS	259	0	0	0	0
IS	260	0	0	0	0
IS	261	0	0	0	0
IS	262	0	0	0	0
IS	263	0	0	0	0
IS	264	0	0	0	0
IS	265	0	0	0	0
IS	266	0	0	0	0
IS	267	0	0	0	0
IS	268	0	0	0	0
IS	269	0	0	0	0
IS	270	0	0	0	0
IS	271	0	0	0	0
IS	272	0	0	0	0
IS	273	0	0	0	0
IS	274	0	0	0	0
IS	275	0	0	0	0
IS	276	0	0	0	0
IS	277	0	0	0	0
IS	278	0	0	0	0
IS	279	0	0	0	0
IS	280	0	0	0	0
IS	281	0	0	0	0
IS	282	0	0	0	0
IS	283	0	0	0	0
IS	284	0	0	0	0
IS	285	0	0	0	0
IS	286	0	0	0	0
IS	287	0	0	0	0
IS	288	0	0	0	0
IS	289	0	0	0	0
IS	290	0	0	0	0
IS	291	0	0	0	0
IS	292	0	0	0	0
IS	293	0	0	0	0
IS	294	0	0	0	0
IS	295	0	0	0	0
IS	296	0	0	0	0
IS	297	0	0	0	0
IS	298	0	0	0	0
IS	299	0	0	0	0
IS	300	0	0	0	0
IS	301	0	0	0	0
IS	302	0	0	0	0
IS	303	0	0	0	0
IS	304	0	0	0	0
IS	305	0	0	0	0
IS	306	0	0	0	0
IS	307	0	0	0	0
IS	308	0	0	0	0
IS	309	0	0	0	0
IS	310	0	0	0	0
IS	311	0	0	0	0
IS	312	0	0	0	0
IS	313	0	0	0	0
IS	314	0	0	0	0
IS	315	1	1	0	0
IS	316	0	0	0	0
IS	317	0	0	0	0
IS	318	0	0	0	0
IS	319	0	0	0	0
IS	320	0	0	0	0
IS	321	0	0	0	0
IS	322	0	0	0	0
IS	323	0	0	0	0
IS	324	0	0	0	0
IS	325	0	0	0	0
IS	326	0	0	0	0
IS	327	0	0	0	0
IS	328	0	0	0	0
IS	329	0	0	0	0
IS	330	0	0	0	0
IS	331	0	0	0	0
IS	332	0	0	0	0
IS	333	0	0	0	0
IS	334	0	0	0	0
IS	335	0	0	0	0
IS	336	1	1	0	0
IS	337	0	0	0	0
IS	338	0	0	0	0
IS	339	0	0	0	0
IS	340	0	0	0	0
IS	341	0	0	0	0
IS	342	0	0	0	0
IS	343	1	1	0	0
IS	344	0	0	0	0
IS	345	0	0	0	0
IS	346	0	0	0	0
IS	347	0	0	0	0
IS	348	0	0	0	0
IS	349	0	0	0	0
IS	350	0	0	0	0
IS	351	0	0	0	0
IS	352	1	1	0	0
IS	353	0	0	0	0
IS	354	0	0	0	0
IS	355	0	0	0	0
IS	356	0	0	0	0
IS	357	0	0	0	0
IS	358	1	1	0	0
IS	359	0	0	0	0
IS	360	0	0	0	0
IS	361	2	2	0	0
IS	362	0	0	0	0
IS	363	1	1	0	0
IS	364	0	0	0	0
IS	365	2	2	0	0
IS	366	0	0	0	0
IS	367	1	1	0	0
IS	368	0	0	0	0
IS	369	0	0	0	0
IS	370	0	0	0	0
IS	371	1	1	0	0
IS	372	0	0	0	0
IS	373	0	0	0	0
IS	374	0	0	0	0
IS	375	3	3	0	0
IS	376	0	0	0	0
IS	377	0	0	0	0
IS	378	0	0	0	0
IS	379	1	1	0	0
IS	380	0	0	0	0
IS	381	0	0	0	0
IS	382	1	1	0	0
IS	383	0	0	0	0
IS	384	2	2	0	0
IS	385	1	1	0	0
IS	386	1	1	0	0
IS	387	0	0	0	0
IS	388	2	2	0	0
IS	389	2	2	0	0
IS	390	2	2	0	0
IS	391	2	2	0	0
IS	392	1	1	0	0
IS	393	2	2	0	0
IS	394	1	1	0	0
IS	395	0	0	0	0
IS	396	0	0	0	0
IS	397	0	0	0	0
IS	398	0	0	0	0
IS	399	1	1	0	0
IS	400	0	0	0	0
IS	401	3	3	0	0
IS	402	7	7	0	0
IS	403	3	3	0	0
IS	404	1	1	0	0
IS	405	2	2	0	0
IS	406	4	4	0	0
IS	407	1	1	0	0
IS	408	3	3	0	0
IS	409	2	2	0	0
IS	410	2	2	0	0
IS	411	4	4	0	0
IS	412	5	5	0	0
IS	413	7	7	0	0
IS	414	1	1	0	0
IS	415	5	5	0	0
IS	416	6	6	0	0
IS	417	2	2	0	0
IS	418	5	5	0	0
IS	419	3	3	0	0
IS	420	4	4	0	0
IS	421	4	4	0	0
IS	422	3	3	0	0
IS	423	4	4	0	0
IS	424	3	3	0	0
IS	425	9	9	0	0
IS	426	6	6	0	0
IS	427	5	5	0	0
IS	428	1	1	0	0
IS	429	7	7	0	0
IS	430	7	7	0	0
IS	431	8	8	0	0
IS	432	10	10	0	0
IS	433	6	6	0	0
IS	434	4	4	0	0
IS	435	3	3	0	0
IS	436	12	12	0	0
IS	437	7	7	0	0
IS	438	7	7	0	0
IS	439	10	10	0	0
IS	440	5	5	0	0
IS	441	10	10	0	0
IS	442	14	14	0	0
IS	443	7	7	0	0
IS	444	4	4	0	0
IS	445	5	5	0	0
IS	446	5	5	0	0
IS	447	8	8	0	0
IS	448	12	12	0	0
IS	449	9	9	0	0
IS	450	9	9	0	0
IS	451	8	8	0	0
IS	452	4	4	0	0
IS	453	15	15	0	0
IS	454	13	13	0	0
IS	455	12	12	0	0
IS	456	11	11	0	0
IS	457	5	5	0	0
IS	458	14	14	0	0
IS	459	14	14	0	0
IS	460	16	16	0	0
IS	461	18	18	0	0
IS	462	7	7	0	0
IS	463	9	9	0	0
IS	464	12	12	0	0
IS	465	15	15	0	0
IS	466	15	15	0	0
IS	467	10	10	0	0
IS	468	13	13	0	0
IS	469	11	11	0	0
IS	470	10	10	0	0
IS	471	14	14	0	0
IS	472	16	16	0	0
IS	473	11	11	0	0
IS	474	15	15	0	0
IS	475	17	17	0	0
IS	476	17	17	0	0
IS	477	13	13	0	0
IS	478	16	16	0	0
IS	479	17	17	0	0
IS	480	19	19	0	0
IS	481	11	11	0	0
IS	482	15	15	0	0
IS	483	19	19	0	0
IS	484	18	18	0	0
IS	485	14	14	0	0
IS	486	16	16	0	0
IS	487	14	14	0	0
IS	488	22	22	0	0
IS	489	14	14	0	0
IS	490	16	16	0	0
IS	491	14	14	0	0
IS	492	15	15	0	0
IS	493	14	14	0	0
IS	494	11	11	0	0
IS	495	18	18	0	0
IS	496	13	13	0	0
IS	497	17	17	0	0
IS	498	13	13	0	0
IS	499	9	9	0	0
IS	500	10	10	0	0
IS	501	17	17	0	0
IS	502	19	19	0	0
IS	503	10	10	0	0
IS	504	17	17	0	0
IS	505	16	16	0	0
IS	506	16	16	0	0
IS	507	18	18	0	0
IS	508	19	19	0	0
IS	509	19	19	0	0
IS	510	18	18	0	0
IS	511	14	14	0	0
IS	512	12	12	0	0
IS	513	20	20	0	0
IS	514	18	18	0	0
IS	515	14	14	0	0
IS	516	20	20	0	0
IS	517	20	20	0	0
IS	518	16	16	0	0
IS	519	18	18	0	0
IS	520	14	14	0	0
IS	521	21	21	0	0
IS	522	18	18	0	0
IS	523	15	15	0	0
IS	524	15	15	0	0
IS	525	9	9	0	0
IS	526	18	18	0	0
IS	527	15	15	0	0
IS	528	6	6	0	0
IS	529	19	19	0	0
IS	530	11	11	0	0
IS	531	15	15	0	0
IS	532	18	18	0	0
IS	533	14	14	0	0
IS	534	6	6	0	0
IS	535	16	16	0	0
IS	536	9	9	0	0
IS	537	7	7	0	0
IS	538	13	13	0	0
IS	539	11	11	0	0
IS	540	9	9	0	0
IS	541	7	7	0	0
IS	542	15	15	0	0
IS	543	7	7	0	0
IS	544	13	13	0	0
IS	545	8	8	0	0
IS	546	14	14	0	0
IS	547	7	7	0	0
IS	548	11	11	0	0
IS	549	8	8	0	0
IS	550	10	10	0	0
IS	551	12	12	0	0
IS	552	9	9	0	0
IS	553	10	10	0	0
IS	554	10	10	0	0
IS	555	10	10	0	0
IS	556	6	6	0	0
IS	557	8	8	0	0
IS	558	3	3	0	0
IS	559	7	7	0	0
IS	560	15	15	0	0
IS	561	14	14	0	0
IS	562	9	9	0	0
IS	563	3	3	0	0
IS	564	5	5	0	0
IS	565	9	9	0	0
IS	566	9	9	0	0
IS	567	8	8	0	0
IS	568	4	4	0	0
IS	569	6	6	0	0
IS	570	4	4	0	0
IS	571	7	7	0	0
IS	572	7	7	0	0
IS	573	4	4	0	0
IS	574	5	5	0	0
IS	575	7	7	0	0
IS	576	4	4	0	0
IS	577	6	6	0	0
IS	578	4	4	0	0
IS	579	5	5	0	0
IS	580	1	1	0	0
IS	581	2	2	0	0
IS	582	0	0	0	0
IS	583	5	5	0	0
IS	584	5	5	0	0
IS	585	4	4	0	0
IS	586	2	2	0	0
IS	587	3	3	0	0
IS	588	8	8	0	0
IS	589	4	4	0	0
IS	590	5	5	0	0
IS	591	2	2	0	0
IS	592	3	3	0	0
IS	593	3	3	0	0
IS	594	5	5	0	0
IS	595	1	1	0	0
IS	596	1	1	0	0
IS	597	2	2	0	0
IS	598	4	4	0	0
IS	599	3	3	0	0
IS	600	3	3	0	0
IS	601	0	0	0	0
IS	602	1	1	0	0
IS	603	5	5	0	0
IS	604	1	1	0	0
IS	605	2	2	0	0
IS	606	2	2	0	0
IS	607	0	0	0	0
IS	608	0	0	0	0
IS	609	0	0	0	0
IS	610	1	1	0	0
IS	611	1	1	0	0
IS	612	0	0	0	0
IS	613	2	2	0	0
IS	614	2	2	0	0
IS	615	0	0	0	0
IS	616	0	0	0	0
IS	617	0	0	0	0
IS	618	0	0	0	0
IS	619	1	1	0	0
IS	620	1	1	0	0
# Read lengths. Use `grep ^RL | cut -f 2-` to extract this part. The columns are: read length, count
RL	150	4006
# Read lengths - first fragments. Use `grep ^FRL | cut -f 2-` to extract this part. The columns are: read length, count
FRL	150	2003
# Read lengths - last fragments. Use `grep ^LRL | cut -f 2-` to extract this part. The columns are: read length, count
LRL	150	2003
# Mapping qualities for reads !(UNMAP|SECOND|SUPPL|QCFAIL|DUP). Use `grep ^MAPQ | cut -f 2-` to extract this part. The columns are: mapq, count
MAPQ	0	12
MAPQ	27	14
MAPQ	40	31
MAPQ	45	3
MAPQ	47	4
MAPQ	48	43
MAPQ	50	3
MAPQ	52	2
MAPQ	57	12
MAPQ	59	3
MAPQ	60	3879
# Indel distribution. Use `grep ^ID | cut -f 2-` to extract this part. The columns are: length, number of insertions, number of deletions
# Indels per cycle. Use `grep ^IC | cut -f 2-` to extract this part. The columns are: cycle, number of insertions (fwd), .. (rev) , number of deletions (fwd), .. (rev)
# Coverage distribution. Use `grep ^COV | cut -f 2-` to extract this part.
COV	[1-1]	1	4272
COV	[2-2]	2	9963
COV	[3-3]	3	15730
COV	[4-4]	4	18330
COV	[5-5]	5	20380
COV	[6-6]	6	16554
COV	[7-7]	7	13483
COV	[8-8]	8	8719
COV	[9-9]	9	4938
COV	[10-10]	10	2849
COV	[11-11]	11	980
COV	[12-12]	12	347
COV	[13-13]	13	109
COV	[14-14]	14	110
# GC-depth. Use `grep ^GCD | cut -f 2-` to extract this part. The columns are: GC%, unique sequence percentiles, 10th, 25th, 50th, 75th and 90th depth percentile
GCD	0.0	15.385	0.000	0.000	0.000	0.000	0.000
GCD	37.0	30.769	2.490	2.490	2.497	2.505	2.505
GCD	38.0	61.538	2.505	2.505	2.505	2.505	2.505
GCD	39.0	76.923	2.505	2.505	2.505	2.505	2.505
GCD	40.0	92.308	2.505	2.505	2.505	2.505	2.505
GCD	46.0	100.000	2.505	2.505	2.505	2.505	2.505
