# This file was produced by samtools stats (1.20+htslib-1.21) and can be plotted using plot-bamstats
# This file contains statistics for all reads.
# The command line was:  stats sample3786.sorted.group.rmdup.bam
# CHK, Checksum	[2]Read Names	[3]Sequences	[4]Qualities
# CHK, CRC32 of reads which passed filtering followed by addition (32bit overflow)
CHK	17241b4e	63a62de3	00a1675c
# Summary Numbers. Use `grep ^SN | cut -f 2-` to extract this part.
SN	raw total sequences:	4006	# excluding supplementary and secondary reads
SN	filtered sequences:	0
SN	sequences:	4006
SN	is sorted:	1
SN	1st fragments:	2003
SN	last fragments:	2003
SN	reads mapped:	4006
SN	reads mapped and paired:	4006	# paired-end technology bit set + both mates mapped
SN	reads unmapped:	0
SN	reads properly paired:	4006	# proper-pair bit set
SN	reads paired:	4006	# paired-end technology bit set
SN	reads duplicated:	0	# PCR or optical duplicate bit set
SN	reads MQ0:	18	# mapped and MQ=0
SN	reads QC failed:	0
SN	non-primary alignments:	0
SN	supplementary alignments:	0
SN	total length:	600890	# ignores clipping
SN	total first fragment length:	300443	# ignores clipping
SN	total last fragment length:	300447	# ignores clipping
SN	bases mapped:	600890	# ignores clipping
SN	bases mapped (cigar):	600890	# more accurate
SN	bases trimmed:	0
SN	bases duplicated:	0
SN	mismatches:	1024	# from NM fields
SN	error rate:	1.704139e-03	# mismatches / bases mapped (cigar)
SN	average length:	150
SN	average first fragment length:	150
SN	average last fragment length:	150
SN	maximum length:	150
SN	maximum first fragment length:	150
SN	maximum last fragment length:	150
SN	average quality:	30.0
SN	insert size average:	499.3
SN	insert size standard deviation:	48.7
SN	inward oriented pairs:	2003
SN	outward oriented pairs:	0
SN	pairs with other orientation:	0
SN	pairs on different chromosomes:	0
SN	percentage of properly paired reads (%):	100.0
# First Fragment Qualities. Use `grep ^FFQ | cut -f 2-` to extract this part.
# Columns correspond to qualities and rows to cycles. First column is the cycle number.
FFQ	1	0	0	0	0	0	0	0	0	0	0	0	0	0	0	0	0	0	0	0	0	0	0	0	0	0	0	0	0	0	0	2003	0
FFQ	2	0	0	0	0	0	0	0	0	0	0	0	0	0	0	0	0	0	0	0	0	0	0	0	0	0	0	0	0	0	0	2003	0
FFQ	3	0	0	0	0	0	0	0	0	0	0	0	0	0	0	0	0	0	0	0	0	0	0	0	0	0	0	0	0	0	0	2003	0
FFQ	4	0	0	0	0	0	0	0	0	0	0	0	0	0	0	0	0	0	0	0	0	0	0	0	0	0	0	0	0	0	0	2003	0
FFQ	5	0	0	0	0	0	0	0	0	0	0	0	0	0	0	0	0	0	0	0	0	0	0	0	0	0	0	0	0	0	0	2003	0
FFQ	6	0	0	0	0	0	0	0	0	0	0	0	0	0	0	0	0	0	0	0	0	0	0	0	0	0	0	0	0	0	0	2003	0
FFQ	7	0	0	0	0	0	0	0	0	0	0	0	0	0	0	0	0	0	0	0	0	0	0	0	0	0	0	0	0	0	0	2003	0
FFQ	8	0	0	0	0	0	0	0	0	0	0	0	0	0	0	0	0	0	0	0	0	0	0	0	0	0	0	0	0	0	0	2003	0
FFQ	9	0	0	0	0	0	0	0	0	0	0	0	0	0	0	0	0	0	0	0	0	0	0	0	0	0	0	0	0	0	0	2003	0
FFQ	10	0	0	0	0	0	0	0	0	0	0	0	0	0	0	0	0	0	0	0	0	0	0	0	0	0	0	0	0	0	0	2003	0
FFQ	11	0	0	0	0	0	0	0	0	0	0	0	0	0	0	0	0	0	0	0	0	0	0	0	0	0	0	0	0	0	0	2003	0
FFQ	12	0	0	0	0	0	0	0	0	0	0	0	0	0	0	0	0	0	0	0	0	0	0	0	0	0	0	0	0	0	0	2003	0
FFQ	13	0	0	0	0	0	0	0	0	0	0	0	0	0	0	0	0	0	0	0	0	0	0	0	0	0	0	0	0	0	0	2003	0
FFQ	14	0	0	0	0	0	0	0	0	0	0	0	0	0	0	0	0	0	0	0	0	0	0	0	0	0	0	0	0	0	0	2003	0
FFQ	15	0	0	0	0	0	0	0	0	0	0	0	0	0	0	0	0	0	0	0	0	0	0	0	0	0	0	0	0	0	0	2003	0
FFQ	16	0	0	0	0	0	0	0	0	0	0	0	0	0	0	0	0	0	0	0	0	0	0	0	0	0	0	0	0	0	0	2003	0
FFQ	17	0	0	0	0	0	0	0	0	0	0	0	0	0	0	0	0	0	0	0	0	0	0	0	0	0	0	0	0	0	0	2003	0
FFQ	18	0	0	0	0	0	0	0	0	0	0	0	0	0	0	0	0	0	0	0	0	0	0	0	0	0	0	0	0	0	0	2003	0
FFQ	19	0	0	0	0	0	0	0	0	0	0	0	0	0	0	0	0	0	0	0	0	0	0	0	0	0	0	0	0	0	0	2003	0
FFQ	20	0	0	0	0	0	0	0	0	0	0	0	0	0	0	0	0	0	0	0	0	0	0	0	0	0	0	0	0	0	0	2003	0
FFQ	21	0	0	0	0	0	0	0	0	0	0	0	0	0	0	0	0	0	0	0	0	0	0	0	0	0	0	0	0	0	0	2003	0
FFQ	22	0	0	0	0	0	0	0	0	0	0	0	0	0	0	0	0	0	0	0	0	0	0	0	0	0	0	0	0	0	0	2003	0
FFQ	23	0	0	0	0	0	0	0	0	0	0	0	0	0	0	0	0	0	0	0	0	0	0	0	0	0	0	0	0	0	0	2003	0
FFQ	24	0	0	0	0	0	0	0	0	0	0	0	0	0	0	0	0	0	0	0	0	0	0	0	0	0	0	0	0	0	0	2003	0
FFQ	25	0	0	0	0	0	0	0	0	0	0	0	0	0	0	0	0	0	0	0	0	0	0	0	0	0	0	0	0	0	0	2003	0
FFQ	26	0	0	0	0	0	0	0	0	0	0	0	0	0	0	0	0	0	0	0	0	0	0	0	0	0	0	0	0	0	0	2003	0
FFQ	27	0	0	0	0	0	0	0	0	0	0	0	0	0	0	0	0	0	0	0	0	0	0	0	0	0	0	0	0	0	0	2003	0
FFQ	28	0	0	0	0	0	0	0	0	0	0	0	0	0	0	0	0	0	0	0	0	0	0	0	0	0	0	0	0	0	0	2003	0
FFQ	29	0	0	0	0	0	0	0	0	0	0	0	0	0	0	0	0	0	0	0	0	0	0	0	0	0	0	0	0	0	0	2003	0
FFQ	30	0	0	0	0	0	0	0	0	0	0	0	0	0	0	0	0	0	0	0	0	0	0	0	0	0	0	0	0	0	0	2003	0
FFQ	31	0	0	0	0	0	0	0	0	0	0	0	0	0	0	0	0	0	0	0	0	0	0	0	0	0	0	0	0	0	0	2003	0
FFQ	32	0	0	0	0	0	0	0	0	0	0	0	0	0	0	0	0	0	0	0	0	0	0	0	0	0	0	0	0	0	0	2003	0
FFQ	33	0	0	0	0	0	0	0	0	0	0	0	0	0	0	0	0	0	0	0	0	0	0	0	0	0	0	0	0	0	0	2003	0
FFQ	34	0	0	0	0	0	0	0	0	0	0	0	0	0	0	0	0	0	0	0	0	0	0	0	0	0	0	0	0	0	0	2003	0
FFQ	35	0	0	0	0	0	0	0	0	0	0	0	0	0	0	0	0	0	0	0	0	0	0	0	0	0	0	0	0	0	0	2003	0
FFQ	36	0	0	0	0	0	0	0	0	0	0	0	0	0	0	0	0	0	0	0	0	0	0	0	0	0	0	0	0	0	0	2003	0
FFQ	37	0	0	0	0	0	0	0	0	0	0	0	0	0	0	0	0	0	0	0	0	0	0	0	0	0	0	0	0	0	0	2003	0
FFQ	38	0	0	0	0	0	0	0	0	0	0	0	0	0	0	0	0	0	0	0	0	0	0	0	0	0	0	0	0	0	0	2003	0
FFQ	39	0	0	0	0	0	0	0	0	0	0	0	0	0	0	0	0	0	0	0	0	0	0	0	0	0	0	0	0	0	0	2003	0
FFQ	40	0	0	0	0	0	0	0	0	0	0	0	0	0	0	0	0	0	0	0	0	0	0	0	0	0	0	0	0	0	0	2003	0
FFQ	41	0	0	0	0	0	0	0	0	0	0	0	0	0	0	0	0	0	0	0	0	0	0	0	0	0	0	0	0	0	0	2003	0
FFQ	42	0	0	0	0	0	0	0	0	0	0	0	0	0	0	0	0	0	0	0	0	0	0	0	0	0	0	0	0	0	0	2003	0
FFQ	43	0	0	0	0	0	0	0	0	0	0	0	0	0	0	0	0	0	0	0	0	0	0	0	0	0	0	0	0	0	0	2003	0
FFQ	44	0	0	0	0	0	0	0	0	0	0	0	0	0	0	0	0	0	0	0	0	0	0	0	0	0	0	0	0	0	0	2003	0
FFQ	45	0	0	0	0	0	0	0	0	0	0	0	0	0	0	0	0	0	0	0	0	0	0	0	0	0	0	0	0	0	0	2003	0
FFQ	46	0	0	0	0	0	0	0	0	0	0	0	0	0	0	0	0	0	0	0	0	0	0	0	0	0	0	0	0	0	0	2003	0
FFQ	47	0	0	0	0	0	0	0	0	0	0	0	0	0	0	0	0	0	0	0	0	0	0	0	0	0	0	0	0	0	0	2003	0
FFQ	48	0	0	0	0	0	0	0	0	0	0	0	0	0	0	0	0	0	0	0	0	0	0	0	0	0	0	0	0	0	0	2003	0
FFQ	49	0	0	0	0	0	0	0	0	0	0	0	0	0	0	0	0	0	0	0	0	0	0	0	0	0	0	0	0	0	0	2003	0
FFQ	50	0	0	0	0	0	0	0	0	0	0	0	0	0	0	0	0	0	0	0	0	0	0	0	0	0	0	0	0	0	0	2003	0
FFQ	51	0	0	0	0	0	0	0	0	0	0	0	0	0	0	0	0	0	0	0	0	0	0	0	0	0	0	0	0	0	0	2003	0
FFQ	52	0	0	0	0	0	0	0	0	0	0	0	0	0	0	0	0	0	0	0	0	0	0	0	0	0	0	0	0	0	0	2003	0
FFQ	53	0	0	0	0	0	0	0	0	0	0	0	0	0	0	0	0	0	0	0	0	0	0	0	0	0	0	0	0	0	0	2003	0
FFQ	54	0	0	0	0	0	0	0	0	0	0	0	0	0	0	0	0	0	0	0	0	0	0	0	0	0	0	0	0	0	0	2003	0
FFQ	55	0	0	0	0	0	0	0	0	0	0	0	0	0	0	0	0	0	0	0	0	0	0	0	0	0	0	0	0	0	0	2003	0
FFQ	56	0	0	0	0	0	0	0	0	0	0	0	0	0	0	0	0	0	0	0	0	0	0	0	0	0	0	0	0	0	0	2003	0
FFQ	57	0	0	0	0	0	0	0	0	0	0	0	0	0	0	0	0	0	0	0	0	0	0	0	0	0	0	0	0	0	0	2003	0
FFQ	58	0	0	0	0	0	0	0	0	0	0	0	0	0	0	0	0	0	0	0	0	0	0	0	0	0	0	0	0	0	0	2003	0
FFQ	59	0	0	0	0	0	0	0	0	0	0	0	0	0	0	0	0	0	0	0	0	0	0	0	0	0	0	0	0	0	0	2003	0
FFQ	60	0	0	0	0	0	0	0	0	0	0	0	0	0	0	0	0	0	0	0	0	0	0	0	0	0	0	0	0	0	0	2003	0
FFQ	61	0	0	0	0	0	0	0	0	0	0	0	0	0	0	0	0	0	0	0	0	0	0	0	0	0	0	0	0	0	0	2003	0
FFQ	62	0	0	0	0	0	0	0	0	0	0	0	0	0	0	0	0	0	0	0	0	0	0	0	0	0	0	0	0	0	0	2003	0
FFQ	63	0	0	0	0	0	0	0	0	0	0	0	0	0	0	0	0	0	0	0	0	0	0	0	0	0	0	0	0	0	0	2003	0
FFQ	64	0	0	0	0	0	0	0	0	0	0	0	0	0	0	0	0	0	0	0	0	0	0	0	0	0	0	0	0	0	0	2003	0
FFQ	65	0	0	0	0	0	0	0	0	0	0	0	0	0	0	0	0	0	0	0	0	0	0	0	0	0	0	0	0	0	0	2003	0
FFQ	66	0	0	0	0	0	0	0	0	0	0	0	0	0	0	0	0	0	0	0	0	0	0	0	0	0	0	0	0	0	0	2003	0
FFQ	67	0	0	0	0	0	0	0	0	0	0	0	0	0	0	0	0	0	0	0	0	0	0	0	0	0	0	0	0	0	0	2003	0
FFQ	68	0	0	0	0	0	0	0	0	0	0	0	0	0	0	0	0	0	0	0	0	0	0	0	0	0	0	0	0	0	0	2003	0
FFQ	69	0	0	0	0	0	0	0	0	0	0	0	0	0	0	0	0	0	0	0	0	0	0	0	0	0	0	0	0	0	0	2003	0
FFQ	70	0	0	0	0	0	0	0	0	0	0	0	0	0	0	0	0	0	0	0	0	0	0	0	0	0	0	0	0	0	0	2003	0
FFQ	71	0	0	0	0	0	0	0	0	0	0	0	0	0	0	0	0	0	0	0	0	0	0	0	0	0	0	0	0	0	0	2003	0
FFQ	72	0	0	0	0	0	0	0	0	0	0	0	0	0	0	0	0	0	0	0	0	0	0	0	0	0	0	0	0	0	0	2003	0
FFQ	73	0	0	0	0	0	0	0	0	0	0	0	0	0	0	0	0	0	0	0	0	0	0	0	0	0	0	0	0	0	0	2003	0
FFQ	74	0	0	0	0	0	0	0	0	0	0	0	0	0	0	0	0	0	0	0	0	0	0	0	0	0	0	0	0	0	0	2003	0
FFQ	75	0	0	0	0	0	0	0	0	0	0	0	0	0	0	0	0	0	0	0	0	0	0	0	0	0	0	0	0	0	0	2003	0
FFQ	76	0	0	0	0	0	0	0	0	0	0	0	0	0	0	0	0	0	0	0	0	0	0	0	0	0	0	0	0	0	0	2003	0
FFQ	77	0	0	0	0	0	0	0	0	0	0	0	0	0	0	0	0	0	0	0	0	0	0	0	0	0	0	0	0	0	0	2003	0
FFQ	78	0	0	0	0	0	0	0	0	0	0	0	0	0	0	0	0	0	0	0	0	0	0	0	0	0	0	0	0	0	0	2003	0
FFQ	79	0	0	0	0	0	0	0	0	0	0	0	0	0	0	0	0	0	0	0	0	0	0	0	0	0	0	0	0	0	0	2003	0
FFQ	80	0	0	0	0	0	0	0	0	0	0	0	0	0	0	0	0	0	0	0	0	0	0	0	0	0	0	0	0	0	0	2003	0
FFQ	81	0	0	0	0	0	0	0	0	0	0	0	0	0	0	0	0	0	0	0	0	0	0	0	0	0	0	0	0	0	0	2003	0
FFQ	82	0	0	0	0	0	0	0	0	0	0	0	0	0	0	0	0	0	0	0	0	0	0	0	0	0	0	0	0	0	0	2003	0
FFQ	83	0	0	0	0	0	0	0	0	0	0	0	0	0	0	0	0	0	0	0	0	0	0	0	0	0	0	0	0	0	0	2003	0
FFQ	84	0	0	0	0	0	0	0	0	0	0	0	0	0	0	0	0	0	0	0	0	0	0	0	0	0	0	0	0	0	0	2003	0
FFQ	85	0	0	0	0	0	0	0	0	0	0	0	0	0	0	0	0	0	0	0	0	0	0	0	0	0	0	0	0	0	0	2003	0
FFQ	86	0	0	0	0	0	0	0	0	0	0	0	0	0	0	0	0	0	0	0	0	0	0	0	0	0	0	0	0	0	0	2003	0
FFQ	87	0	0	0	0	0	0	0	0	0	0	0	0	0	0	0	0	0	0	0	0	0	0	0	0	0	0	0	0	0	0	2003	0
FFQ	88	0	0	0	0	0	0	0	0	0	0	0	0	0	0	0	0	0	0	0	0	0	0	0	0	0	0	0	0	0	0	2003	0
FFQ	89	0	0	0	0	0	0	0	0	0	0	0	0	0	0	0	0	0	0	0	0	0	0	0	0	0	0	0	0	0	0	2003	0
FFQ	90	0	0	0	0	0	0	0	0	0	0	0	0	0	0	0	0	0	0	0	0	0	0	0	0	0	0	0	0	0	0	2003	0
FFQ	91	0	0	0	0	0	0	0	0	0	0	0	0	0	0	0	0	0	0	0	0	0	0	0	0	0	0	0	0	0	0	2003	0
FFQ	92	0	0	0	0	0	0	0	0	0	0	0	0	0	0	0	0	0	0	0	0	0	0	0	0	0	0	0	0	0	0	2003	0
FFQ	93	0	0	0	0	0	0	0	0	0	0	0	0	0	0	0	0	0	0	0	0	0	0	0	0	0	0	0	0	0	0	2003	0
FFQ	94	0	0	0	0	0	0	0	0	0	0	0	0	0	0	0	0	0	0	0	0	0	0	0	0	0	0	0	0	0	0	2003	0
FFQ	95	0	0	0	0	0	0	0	0	0	0	0	0	0	0	0	0	0	0	0	0	0	0	0	0	0	0	0	0	0	0	2003	0
FFQ	96	0	0	0	0	0	0	0	0	0	0	0	0	0	0	0	0	0	0	0	0	0	0	0	0	0	0	0	0	0	0	2003	0
FFQ	97	0	0	0	0	0	0	0	0	0	0	0	0	0	0	0	0	0	0	0	0	0	0	0	0	0	0	0	0	0	0	2003	0
FFQ	98	0	0	0	0	0	0	0	0	0	0	0	0	0	0	0	0	0	0	0	0	0	0	0	0	0	0	0	0	0	0	2003	0
FFQ	99	0	0	0	0	0	0	0	0	0	0	0	0	0	0	0	0	0	0	0	0	0	0	0	0	0	0	0	0	0	0	2003	0
FFQ	100	0	0	0	0	0	0	0	0	0	0	0	0	0	0	0	0	0	0	0	0	0	0	0	0	0	0	0	0	0	0	2003	0
FFQ	101	0	0	0	0	0	0	0	0	0	0	0	0	0	0	0	0	0	0	0	0	0	0	0	0	0	0	0	0	0	0	2003	0
FFQ	102	0	0	0	0	0	0	0	0	0	0	0	0	0	0	0	0	0	0	0	0	0	0	0	0	0	0	0	0	0	0	2003	0
FFQ	103	0	0	0	0	0	0	0	0	0	0	0	0	0	0	0	0	0	0	0	0	0	0	0	0	0	0	0	0	0	0	2003	0
FFQ	104	0	0	0	0	0	0	0	0	0	0	0	0	0	0	0	0	0	0	0	0	0	0	0	0	0	0	0	0	0	0	2003	0
FFQ	105	0	0	0	0	0	0	0	0	0	0	0	0	0	0	0	0	0	0	0	0	0	0	0	0	0	0	0	0	0	0	2003	0
FFQ	106	0	0	0	0	0	0	0	0	0	0	0	0	0	0	0	0	0	0	0	0	0	0	0	0	0	0	0	0	0	0	2003	0
FFQ	107	0	0	0	0	0	0	0	0	0	0	0	0	0	0	0	0	0	0	0	0	0	0	0	0	0	0	0	0	0	0	2003	0
FFQ	108	0	0	0	0	0	0	0	0	0	0	0	0	0	0	0	0	0	0	0	0	0	0	0	0	0	0	0	0	0	0	2003	0
FFQ	109	0	0	0	0	0	0	0	0	0	0	0	0	0	0	0	0	0	0	0	0	0	0	0	0	0	0	0	0	0	0	2003	0
FFQ	110	0	0	0	0	0	0	0	0	0	0	0	0	0	0	0	0	0	0	0	0	0	0	0	0	0	0	0	0	0	0	2003	0
FFQ	111	0	0	0	0	0	0	0	0	0	0	0	0	0	0	0	0	0	0	0	0	0	0	0	0	0	0	0	0	0	0	2003	0
FFQ	112	0	0	0	0	0	0	0	0	0	0	0	0	0	0	0	0	0	0	0	0	0	0	0	0	0	0	0	0	0	0	2003	0
FFQ	113	0	0	0	0	0	0	0	0	0	0	0	0	0	0	0	0	0	0	0	0	0	0	0	0	0	0	0	0	0	0	2003	0
FFQ	114	0	0	0	0	0	0	0	0	0	0	0	0	0	0	0	0	0	0	0	0	0	0	0	0	0	0	0	0	0	0	2003	0
FFQ	115	0	0	0	0	0	0	0	0	0	0	0	0	0	0	0	0	0	0	0	0	0	0	0	0	0	0	0	0	0	0	2003	0
FFQ	116	0	0	0	0	0	0	0	0	0	0	0	0	0	0	0	0	0	0	0	0	0	0	0	0	0	0	0	0	0	0	2003	0
FFQ	117	0	0	0	0	0	0	0	0	0	0	0	0	0	0	0	0	0	0	0	0	0	0	0	0	0	0	0	0	0	0	2003	0
FFQ	118	0	0	0	0	0	0	0	0	0	0	0	0	0	0	0	0	0	0	0	0	0	0	0	0	0	0	0	0	0	0	2003	0
FFQ	119	0	0	0	0	0	0	0	0	0	0	0	0	0	0	0	0	0	0	0	0	0	0	0	0	0	0	0	0	0	0	2003	0
FFQ	120	0	0	0	0	0	0	0	0	0	0	0	0	0	0	0	0	0	0	0	0	0	0	0	0	0	0	0	0	0	0	2003	0
FFQ	121	0	0	0	0	0	0	0	0	0	0	0	0	0	0	0	0	0	0	0	0	0	0	0	0	0	0	0	0	0	0	2003	0
FFQ	122	0	0	0	0	0	0	0	0	0	0	0	0	0	0	0	0	0	0	0	0	0	0	0	0	0	0	0	0	0	0	2003	0
FFQ	123	0	0	0	0	0	0	0	0	0	0	0	0	0	0	0	0	0	0	0	0	0	0	0	0	0	0	0	0	0	0	2003	0
FFQ	124	0	0	0	0	0	0	0	0	0	0	0	0	0	0	0	0	0	0	0	0	0	0	0	0	0	0	0	0	0	0	2003	0
FFQ	125	0	0	0	0	0	0	0	0	0	0	0	0	0	0	0	0	0	0	0	0	0	0	0	0	0	0	0	0	0	0	2003	0
FFQ	126	0	0	0	0	0	0	0	0	0	0	0	0	0	0	0	0	0	0	0	0	0	0	0	0	0	0	0	0	0	0	2003	0
FFQ	127	0	0	0	0	0	0	0	0	0	0	0	0	0	0	0	0	0	0	0	0	0	0	0	0	0	0	0	0	0	0	2003	0
FFQ	128	0	0	0	0	0	0	0	0	0	0	0	0	0	0	0	0	0	0	0	0	0	0	0	0	0	0	0	0	0	0	2003	0
FFQ	129	0	0	0	0	0	0	0	0	0	0	0	0	0	0	0	0	0	0	0	0	0	0	0	0	0	0	0	0	0	0	2003	0
FFQ	130	0	0	0	0	0	0	0	0	0	0	0	0	0	0	0	0	0	0	0	0	0	0	0	0	0	0	0	0	0	0	2003	0
FFQ	131	0	0	0	0	0	0	0	0	0	0	0	0	0	0	0	0	0	0	0	0	0	0	0	0	0	0	0	0	0	0	2003	0
FFQ	132	0	0	0	0	0	0	0	0	0	0	0	0	0	0	0	0	0	0	0	0	0	0	0	0	0	0	0	0	0	0	2003	0
FFQ	133	0	0	0	0	0	0	0	0	0	0	0	0	0	0	0	0	0	0	0	0	0	0	0	0	0	0	0	0	0	0	2003	0
FFQ	134	0	0	0	0	0	0	0	0	0	0	0	0	0	0	0	0	0	0	0	0	0	0	0	0	0	0	0	0	0	0	2003	0
FFQ	135	0	0	0	0	0	0	0	0	0	0	0	0	0	0	0	0	0	0	0	0	0	0	0	0	0	0	0	0	0	0	2003	0
FFQ	136	0	0	0	0	0	0	0	0	0	0	0	0	0	0	0	0	0	0	0	0	0	0	0	0	0	0	0	0	0	0	2003	0
FFQ	137	0	0	0	0	0	0	0	0	0	0	0	0	0	0	0	0	0	0	0	0	0	0	0	0	0	0	0	0	0	0	2003	0
FFQ	138	0	0	0	0	0	0	0	0	0	0	0	0	0	0	0	0	0	0	0	0	0	0	0	0	0	0	0	0	0	0	2003	0
FFQ	139	0	0	0	0	0	0	0	0	0	0	0	0	0	0	0	0	0	0	0	0	0	0	0	0	0	0	0	0	0	0	2003	0
FFQ	140	0	0	0	0	0	0	0	0	0	0	0	0	0	0	0	0	0	0	0	0	0	0	0	0	0	0	0	0	0	0	2003	0
FFQ	141	0	0	0	0	0	0	0	0	0	0	0	0	0	0	0	0	0	0	0	0	0	0	0	0	0	0	0	0	0	0	2003	0
FFQ	142	0	0	0	0	0	0	0	0	0	0	0	0	0	0	0	0	0	0	0	0	0	0	0	0	0	0	0	0	0	0	2003	0
FFQ	143	0	0	0	0	0	0	0	0	0	0	0	0	0	0	0	0	0	0	0	0	0	0	0	0	0	0	0	0	0	0	2003	0
FFQ	144	0	0	0	0	0	0	0	0	0	0	0	0	0	0	0	0	0	0	0	0	0	0	0	0	0	0	0	0	0	0	2002	0
FFQ	145	0	0	0	0	0	0	0	0	0	0	0	0	0	0	0	0	0	0	0	0	0	0	0	0	0	0	0	0	0	0	2002	0
FFQ	146	0	0	0	0	0	0	0	0	0	0	0	0	0	0	0	0	0	0	0	0	0	0	0	0	0	0	0	0	0	0	2002	0
FFQ	147	0	0	0	0	0	0	0	0	0	0	0	0	0	0	0	0	0	0	0	0	0	0	0	0	0	0	0	0	0	0	2002	0
FFQ	148	0	0	0	0	0	0	0	0	0	0	0	0	0	0	0	0	0	0	0	0	0	0	0	0	0	0	0	0	0	0	2002	0
FFQ	149	0	0	0	0	0	0	0	0	0	0	0	0	0	0	0	0	0	0	0	0	0	0	0	0	0	0	0	0	0	0	2002	0
FFQ	150	0	0	0	0	0	0	0	0	0	0	0	0	0	0	0	0	0	0	0	0	0	0	0	0	0	0	0	0	0	0	2002	0
# Last Fragment Qualities. Use `grep ^LFQ | cut -f 2-` to extract this part.
# Columns correspond to qualities and rows to cycles. First column is the cycle number.
LFQ	1	0	0	0	0	0	0	0	0	0	0	0	0	0	0	0	0	0	0	0	0	0	0	0	0	0	0	0	0	0	0	2003	0
LFQ	2	0	0	0	0	0	0	0	0	0	0	0	0	0	0	0	0	0	0	0	0	0	0	0	0	0	0	0	0	0	0	2003	0
LFQ	3	0	0	0	0	0	0	0	0	0	0	0	0	0	0	0	0	0	0	0	0	0	0	0	0	0	0	0	0	0	0	2003	0
LFQ	4	0	0	0	0	0	0	0	0	0	0	0	0	0	0	0	0	0	0	0	0	0	0	0	0	0	0	0	0	0	0	2003	0
LFQ	5	0	0	0	0	0	0	0	0	0	0	0	0	0	0	0	0	0	0	0	0	0	0	0	0	0	0	0	0	0	0	2003	0
LFQ	6	0	0	0	0	0	0	0	0	0	0	0	0	0	0	0	0	0	0	0	0	0	0	0	0	0	0	0	0	0	0	2003	0
LFQ	7	0	0	0	0	0	0	0	0	0	0	0	0	0	0	0	0	0	0	0	0	0	0	0	0	0	0	0	0	0	0	2003	0
LFQ	8	0	0	0	0	0	0	0	0	0	0	0	0	0	0	0	0	0	0	0	0	0	0	0	0	0	0	0	0	0	0	2003	0
LFQ	9	0	0	0	0	0	0	0	0	0	0	0	0	0	0	0	0	0	0	0	0	0	0	0	0	0	0	0	0	0	0	2003	0
LFQ	10	0	0	0	0	0	0	0	0	0	0	0	0	0	0	0	0	0	0	0	0	0	0	0	0	0	0	0	0	0	0	2003	0
LFQ	11	0	0	0	0	0	0	0	0	0	0	0	0	0	0	0	0	0	0	0	0	0	0	0	0	0	0	0	0	0	0	2003	0
LFQ	12	0	0	0	0	0	0	0	0	0	0	0	0	0	0	0	0	0	0	0	0	0	0	0	0	0	0	0	0	0	0	2003	0
LFQ	13	0	0	0	0	0	0	0	0	0	0	0	0	0	0	0	0	0	0	0	0	0	0	0	0	0	0	0	0	0	0	2003	0
LFQ	14	0	0	0	0	0	0	0	0	0	0	0	0	0	0	0	0	0	0	0	0	0	0	0	0	0	0	0	0	0	0	2003	0
LFQ	15	0	0	0	0	0	0	0	0	0	0	0	0	0	0	0	0	0	0	0	0	0	0	0	0	0	0	0	0	0	0	2003	0
LFQ	16	0	0	0	0	0	0	0	0	0	0	0	0	0	0	0	0	0	0	0	0	0	0	0	0	0	0	0	0	0	0	2003	0
LFQ	17	0	0	0	0	0	0	0	0	0	0	0	0	0	0	0	0	0	0	0	0	0	0	0	0	0	0	0	0	0	0	2003	0
LFQ	18	0	0	0	0	0	0	0	0	0	0	0	0	0	0	0	0	0	0	0	0	0	0	0	0	0	0	0	0	0	0	2003	0
LFQ	19	0	0	0	0	0	0	0	0	0	0	0	0	0	0	0	0	0	0	0	0	0	0	0	0	0	0	0	0	0	0	2003	0
LFQ	20	0	0	0	0	0	0	0	0	0	0	0	0	0	0	0	0	0	0	0	0	0	0	0	0	0	0	0	0	0	0	2003	0
LFQ	21	0	0	0	0	0	0	0	0	0	0	0	0	0	0	0	0	0	0	0	0	0	0	0	0	0	0	0	0	0	0	2003	0
LFQ	22	0	0	0	0	0	0	0	0	0	0	0	0	0	0	0	0	0	0	0	0	0	0	0	0	0	0	0	0	0	0	2003	0
LFQ	23	0	0	0	0	0	0	0	0	0	0	0	0	0	0	0	0	0	0	0	0	0	0	0	0	0	0	0	0	0	0	2003	0
LFQ	24	0	0	0	0	0	0	0	0	0	0	0	0	0	0	0	0	0	0	0	0	0	0	0	0	0	0	0	0	0	0	2003	0
LFQ	25	0	0	0	0	0	0	0	0	0	0	0	0	0	0	0	0	0	0	0	0	0	0	0	0	0	0	0	0	0	0	2003	0
LFQ	26	0	0	0	0	0	0	0	0	0	0	0	0	0	0	0	0	0	0	0	0	0	0	0	0	0	0	0	0	0	0	2003	0
LFQ	27	0	0	0	0	0	0	0	0	0	0	0	0	0	0	0	0	0	0	0	0	0	0	0	0	0	0	0	0	0	0	2003	0
LFQ	28	0	0	0	0	0	0	0	0	0	0	0	0	0	0	0	0	0	0	0	0	0	0	0	0	0	0	0	0	0	0	2003	0
LFQ	29	0	0	0	0	0	0	0	0	0	0	0	0	0	0	0	0	0	0	0	0	0	0	0	0	0	0	0	0	0	0	2003	0
LFQ	30	0	0	0	0	0	0	0	0	0	0	0	0	0	0	0	0	0	0	0	0	0	0	0	0	0	0	0	0	0	0	2003	0
LFQ	31	0	0	0	0	0	0	0	0	0	0	0	0	0	0	0	0	0	0	0	0	0	0	0	0	0	0	0	0	0	0	2003	0
LFQ	32	0	0	0	0	0	0	0	0	0	0	0	0	0	0	0	0	0	0	0	0	0	0	0	0	0	0	0	0	0	0	2003	0
LFQ	33	0	0	0	0	0	0	0	0	0	0	0	0	0	0	0	0	0	0	0	0	0	0	0	0	0	0	0	0	0	0	2003	0
LFQ	34	0	0	0	0	0	0	0	0	0	0	0	0	0	0	0	0	0	0	0	0	0	0	0	0	0	0	0	0	0	0	2003	0
LFQ	35	0	0	0	0	0	0	0	0	0	0	0	0	0	0	0	0	0	0	0	0	0	0	0	0	0	0	0	0	0	0	2003	0
LFQ	36	0	0	0	0	0	0	0	0	0	0	0	0	0	0	0	0	0	0	0	0	0	0	0	0	0	0	0	0	0	0	2003	0
LFQ	37	0	0	0	0	0	0	0	0	0	0	0	0	0	0	0	0	0	0	0	0	0	0	0	0	0	0	0	0	0	0	2003	0
LFQ	38	0	0	0	0	0	0	0	0	0	0	0	0	0	0	0	0	0	0	0	0	0	0	0	0	0	0	0	0	0	0	2003	0
LFQ	39	0	0	0	0	0	0	0	0	0	0	0	0	0	0	0	0	0	0	0	0	0	0	0	0	0	0	0	0	0	0	2003	0
LFQ	40	0	0	0	0	0	0	0	0	0	0	0	0	0	0	0	0	0	0	0	0	0	0	0	0	0	0	0	0	0	0	2003	0
LFQ	41	0	0	0	0	0	0	0	0	0	0	0	0	0	0	0	0	0	0	0	0	0	0	0	0	0	0	0	0	0	0	2003	0
LFQ	42	0	0	0	0	0	0	0	0	0	0	0	0	0	0	0	0	0	0	0	0	0	0	0	0	0	0	0	0	0	0	2003	0
LFQ	43	0	0	0	0	0	0	0	0	0	0	0	0	0	0	0	0	0	0	0	0	0	0	0	0	0	0	0	0	0	0	2003	0
LFQ	44	0	0	0	0	0	0	0	0	0	0	0	0	0	0	0	0	0	0	0	0	0	0	0	0	0	0	0	0	0	0	2003	0
LFQ	45	0	0	0	0	0	0	0	0	0	0	0	0	0	0	0	0	0	0	0	0	0	0	0	0	0	0	0	0	0	0	2003	0
LFQ	46	0	0	0	0	0	0	0	0	0	0	0	0	0	0	0	0	0	0	0	0	0	0	0	0	0	0	0	0	0	0	2003	0
LFQ	47	0	0	0	0	0	0	0	0	0	0	0	0	0	0	0	0	0	0	0	0	0	0	0	0	0	0	0	0	0	0	2003	0
LFQ	48	0	0	0	0	0	0	0	0	0	0	0	0	0	0	0	0	0	0	0	0	0	0	0	0	0	0	0	0	0	0	2003	0
LFQ	49	0	0	0	0	0	0	0	0	0	0	0	0	0	0	0	0	0	0	0	0	0	0	0	0	0	0	0	0	0	0	2003	0
LFQ	50	0	0	0	0	0	0	0	0	0	0	0	0	0	0	0	0	0	0	0	0	0	0	0	0	0	0	0	0	0	0	2003	0
LFQ	51	0	0	0	0	0	0	0	0	0	0	0	0	0	0	0	0	0	0	0	0	0	0	0	0	0	0	0	0	0	0	2003	0
LFQ	52	0	0	0	0	0	0	0	0	0	0	0	0	0	0	0	0	0	0	0	0	0	0	0	0	0	0	0	0	0	0	2003	0
LFQ	53	0	0	0	0	0	0	0	0	0	0	0	0	0	0	0	0	0	0	0	0	0	0	0	0	0	0	0	0	0	0	2003	0
LFQ	54	0	0	0	0	0	0	0	0	0	0	0	0	0	0	0	0	0	0	0	0	0	0	0	0	0	0	0	0	0	0	2003	0
LFQ	55	0	0	0	0	0	0	0	0	0	0	0	0	0	0	0	0	0	0	0	0	0	0	0	0	0	0	0	0	0	0	2003	0
LFQ	56	0	0	0	0	0	0	0	0	0	0	0	0	0	0	0	0	0	0	0	0	0	0	0	0	0	0	0	0	0	0	2003	0
LFQ	57	0	0	0	0	0	0	0	0	0	0	0	0	0	0	0	0	0	0	0	0	0	0	0	0	0	0	0	0	0	0	2003	0
LFQ	58	0	0	0	0	0	0	0	0	0	0	0	0	0	0	0	0	0	0	0	0	0	0	0	0	0	0	0	0	0	0	2003	0
LFQ	59	0	0	0	0	0	0	0	0	0	0	0	0	0	0	0	0	0	0	0	0	0	0	0	0	0	0	0	0	0	0	2003	0
LFQ	60	0	0	0	0	0	0	0	0	0	0	0	0	0	0	0	0	0	0	0	0	0	0	0	0	0	0	0	0	0	0	2003	0
LFQ	61	0	0	0	0	0	0	0	0	0	0	0	0	0	0	0	0	0	0	0	0	0	0	0	0	0	0	0	0	0	0	2003	0
LFQ	62	0	0	0	0	0	0	0	0	0	0	0	0	0	0	0	0	0	0	0	0	0	0	0	0	0	0	0	0	0	0	2003	0
LFQ	63	0	0	0	0	0	0	0	0	0	0	0	0	0	0	0	0	0	0	0	0	0	0	0	0	0	0	0	0	0	0	2003	0
LFQ	64	0	0	0	0	0	0	0	0	0	0	0	0	0	0	0	0	0	0	0	0	0	0	0	0	0	0	0	0	0	0	2003	0
LFQ	65	0	0	0	0	0	0	0	0	0	0	0	0	0	0	0	0	0	0	0	0	0	0	0	0	0	0	0	0	0	0	2003	0
LFQ	66	0	0	0	0	0	0	0	0	0	0	0	0	0	0	0	0	0	0	0	0	0	0	0	0	0	0	0	0	0	0	2003	0
LFQ	67	0	0	0	0	0	0	0	0	0	0	0	0	0	0	0	0	0	0	0	0	0	0	0	0	0	0	0	0	0	0	2003	0
LFQ	68	0	0	0	0	0	0	0	0	0	0	0	0	0	0	0	0	0	0	0	0	0	0	0	0	0	0	0	0	0	0	2003	0
LFQ	69	0	0	0	0	0	0	0	0	0	0	0	0	0	0	0	0	0	0	0	0	0	0	0	0	0	0	0	0	0	0	2003	0
LFQ	70	0	0	0	0	0	0	0	0	0	0	0	0	0	0	0	0	0	0	0	0	0	0	0	0	0	0	0	0	0	0	2003	0
LFQ	71	0	0	0	0	0	0	0	0	0	0	0	0	0	0	0	0	0	0	0	0	0	0	0	0	0	0	0	0	0	0	2003	0
LFQ	72	0	0	0	0	0	0	0	0	0	0	0	0	0	0	0	0	0	0	0	0	0	0	0	0	0	0	0	0	0	0	2003	0
LFQ	73	0	0	0	0	0	0	0	0	0	0	0	0	0	0	0	0	0	0	0	0	0	0	0	0	0	0	0	0	0	0	2003	0
LFQ	74	0	0	0	0	0	0	0	0	0	0	0	0	0	0	0	0	0	0	0	0	0	0	0	0	0	0	0	0	0	0	2003	0
LFQ	75	0	0	0	0	0	0	0	0	0	0	0	0	0	0	0	0	0	0	0	0	0	0	0	0	0	0	0	0	0	0	2003	0
LFQ	76	0	0	0	0	0	0	0	0	0	0	0	0	0	0	0	0	0	0	0	0	0	0	0	0	0	0	0	0	0	0	2003	0
LFQ	77	0	0	0	0	0	0	0	0	0	0	0	0	0	0	0	0	0	0	0	0	0	0	0	0	0	0	0	0	0	0	2003	0
LFQ	78	0	0	0	0	0	0	0	0	0	0	0	0	0	0	0	0	0	0	0	0	0	0	0	0	0	0	0	0	0	0	2003	0
LFQ	79	0	0	0	0	0	0	0	0	0	0	0	0	0	0	0	0	0	0	0	0	0	0	0	0	0	0	0	0	0	0	2003	0
LFQ	80	0	0	0	0	0	0	0	0	0	0	0	0	0	0	0	0	0	0	0	0	0	0	0	0	0	0	0	0	0	0	2003	0
LFQ	81	0	0	0	0	0	0	0	0	0	0	0	0	0	0	0	0	0	0	0	0	0	0	0	0	0	0	0	0	0	0	2003	0
LFQ	82	0	0	0	0	0	0	0	0	0	0	0	0	0	0	0	0	0	0	0	0	0	0	0	0	0	0	0	0	0	0	2003	0
LFQ	83	0	0	0	0	0	0	0	0	0	0	0	0	0	0	0	0	0	0	0	0	0	0	0	0	0	0	0	0	0	0	2003	0
LFQ	84	0	0	0	0	0	0	0	0	0	0	0	0	0	0	0	0	0	0	0	0	0	0	0	0	0	0	0	0	0	0	2003	0
LFQ	85	0	0	0	0	0	0	0	0	0	0	0	0	0	0	0	0	0	0	0	0	0	0	0	0	0	0	0	0	0	0	2003	0
LFQ	86	0	0	0	0	0	0	0	0	0	0	0	0	0	0	0	0	0	0	0	0	0	0	0	0	0	0	0	0	0	0	2003	0
LFQ	87	0	0	0	0	0	0	0	0	0	0	0	0	0	0	0	0	0	0	0	0	0	0	0	0	0	0	0	0	0	0	2003	0
LFQ	88	0	0	0	0	0	0	0	0	0	0	0	0	0	0	0	0	0	0	0	0	0	0	0	0	0	0	0	0	0	0	2003	0
LFQ	89	0	0	0	0	0	0	0	0	0	0	0	0	0	0	0	0	0	0	0	0	0	0	0	0	0	0	0	0	0	0	2003	0
LFQ	90	0	0	0	0	0	0	0	0	0	0	0	0	0	0	0	0	0	0	0	0	0	0	0	0	0	0	0	0	0	0	2003	0
LFQ	91	0	0	0	0	0	0	0	0	0	0	0	0	0	0	0	0	0	0	0	0	0	0	0	0	0	0	0	0	0	0	2003	0
LFQ	92	0	0	0	0	0	0	0	0	0	0	0	0	0	0	0	0	0	0	0	0	0	0	0	0	0	0	0	0	0	0	2003	0
LFQ	93	0	0	0	0	0	0	0	0	0	0	0	0	0	0	0	0	0	0	0	0	0	0	0	0	0	0	0	0	0	0	2003	0
LFQ	94	0	0	0	0	0	0	0	0	0	0	0	0	0	0	0	0	0	0	0	0	0	0	0	0	0	0	0	0	0	0	2003	0
LFQ	95	0	0	0	0	0	0	0	0	0	0	0	0	0	0	0	0	0	0	0	0	0	0	0	0	0	0	0	0	0	0	2003	0
LFQ	96	0	0	0	0	0	0	0	0	0	0	0	0	0	0	0	0	0	0	0	0	0	0	0	0	0	0	0	0	0	0	2003	0
LFQ	97	0	0	0	0	0	0	0	0	0	0	0	0	0	0	0	0	0	0	0	0	0	0	0	0	0	0	0	0	0	0	2003	0
LFQ	98	0	0	0	0	0	0	0	0	0	0	0	0	0	0	0	0	0	0	0	0	0	0	0	0	0	0	0	0	0	0	2003	0
LFQ	99	0	0	0	0	0	0	0	0	0	0	0	0	0	0	0	0	0	0	0	0	0	0	0	0	0	0	0	0	0	0	2003	0
LFQ	100	0	0	0	0	0	0	0	0	0	0	0	0	0	0	0	0	0	0	0	0	0	0	0	0	0	0	0	0	0	0	2003	0
LFQ	101	0	0	0	0	0	0	0	0	0	0	0	0	0	0	0	0	0	0	0	0	0	0	0	0	0	0	0	0	0	0	2003	0
LFQ	102	0	0	0	0	0	0	0	0	0	0	0	0	0	0	0	0	0	0	0	0	0	0	0	0	0	0	0	0	0	0	2003	0
LFQ	103	0	0	0	0	0	0	0	0	0	0	0	0	0	0	0	0	0	0	0	0	0	0	0	0	0	0	0	0	0	0	2003	0
LFQ	104	0	0	0	0	0	0	0	0	0	0	0	0	0	0	0	0	0	0	0	0	0	0	0	0	0	0	0	0	0	0	2003	0
LFQ	105	0	0	0	0	0	0	0	0	0	0	0	0	0	0	0	0	0	0	0	0	0	0	0	0	0	0	0	0	0	0	2003	0
LFQ	106	0	0	0	0	0	0	0	0	0	0	0	0	0	0	0	0	0	0	0	0	0	0	0	0	0	0	0	0	0	0	2003	0
LFQ	107	0	0	0	0	0	0	0	0	0	0	0	0	0	0	0	0	0	0	0	0	0	0	0	0	0	0	0	0	0	0	2003	0
LFQ	108	0	0	0	0	0	0	0	0	0	0	0	0	0	0	0	0	0	0	0	0	0	0	0	0	0	0	0	0	0	0	2003	0
LFQ	109	0	0	0	0	0	0	0	0	0	0	0	0	0	0	0	0	0	0	0	0	0	0	0	0	0	0	0	0	0	0	2003	0
LFQ	110	0	0	0	0	0	0	0	0	0	0	0	0	0	0	0	0	0	0	0	0	0	0	0	0	0	0	0	0	0	0	2003	0
LFQ	111	0	0	0	0	0	0	0	0	0	0	0	0	0	0	0	0	0	0	0	0	0	0	0	0	0	0	0	0	0	0	2003	0
LFQ	112	0	0	0	0	0	0	0	0	0	0	0	0	0	0	0	0	0	0	0	0	0	0	0	0	0	0	0	0	0	0	2003	0
LFQ	113	0	0	0	0	0	0	0	0	0	0	0	0	0	0	0	0	0	0	0	0	0	0	0	0	0	0	0	0	0	0	2003	0
LFQ	114	0	0	0	0	0	0	0	0	0	0	0	0	0	0	0	0	0	0	0	0	0	0	0	0	0	0	0	0	0	0	2003	0
LFQ	115	0	0	0	0	0	0	0	0	0	0	0	0	0	0	0	0	0	0	0	0	0	0	0	0	0	0	0	0	0	0	2003	0
LFQ	116	0	0	0	0	0	0	0	0	0	0	0	0	0	0	0	0	0	0	0	0	0	0	0	0	0	0	0	0	0	0	2003	0
LFQ	117	0	0	0	0	0	0	0	0	0	0	0	0	0	0	0	0	0	0	0	0	0	0	0	0	0	0	0	0	0	0	2003	0
LFQ	118	0	0	0	0	0	0	0	0	0	0	0	0	0	0	0	0	0	0	0	0	0	0	0	0	0	0	0	0	0	0	2003	0
LFQ	119	0	0	0	0	0	0	0	0	0	0	0	0	0	0	0	0	0	0	0	0	0	0	0	0	0	0	0	0	0	0	2003	0
LFQ	120	0	0	0	0	0	0	0	0	0	0	0	0	0	0	0	0	0	0	0	0	0	0	0	0	0	0	0	0	0	0	2003	0
LFQ	121	0	0	0	0	0	0	0	0	0	0	0	0	0	0	0	0	0	0	0	0	0	0	0	0	0	0	0	0	0	0	2003	0
LFQ	122	0	0	0	0	0	0	0	0	0	0	0	0	0	0	0	0	0	0	0	0	0	0	0	0	0	0	0	0	0	0	2003	0
LFQ	123	0	0	0	0	0	0	0	0	0	0	0	0	0	0	0	0	0	0	0	0	0	0	0	0	0	0	0	0	0	0	2003	0
LFQ	124	0	0	0	0	0	0	0	0	0	0	0	0	0	0	0	0	0	0	0	0	0	0	0	0	0	0	0	0	0	0	2003	0
LFQ	125	0	0	0	0	0	0	0	0	0	0	0	0	0	0	0	0	0	0	0	0	0	0	0	0	0	0	0	0	0	0	2003	0
LFQ	126	0	0	0	0	0	0	0	0	0	0	0	0	0	0	0	0	0	0	0	0	0	0	0	0	0	0	0	0	0	0	2003	0
LFQ	127	0	0	0	0	0	0	0	0	0	0	0	0	0	0	0	0	0	0	0	0	0	0	0	0	0	0	0	0	0	0	2003	0
LFQ	128	0	0	0	0	0	0	0	0	0	0	0	0	0	0	0	0	0	0	0	0	0	0	0	0	0	0	0	0	0	0	2003	0
LFQ	129	0	0	0	0	0	0	0	0	0	0	0	0	0	0	0	0	0	0	0	0	0	0	0	0	0	0	0	0	0	0	2003	0
LFQ	130	0	0	0	0	0	0	0	0	0	0	0	0	0	0	0	0	0	0	0	0	0	0	0	0	0	0	0	0	0	0	2003	0
LFQ	131	0	0	0	0	0	0	0	0	0	0	0	0	0	0	0	0	0	0	0	0	0	0	0	0	0	0	0	0	0	0	2003	0
LFQ	132	0	0	0	0	0	0	0	0	0	0	0	0	0	0	0	0	0	0	0	0	0	0	0	0	0	0	0	0	0	0	2003	0
LFQ	133	0	0	0	0	0	0	0	0	0	0	0	0	0	0	0	0	0	0	0	0	0	0	0	0	0	0	0	0	0	0	2003	0
LFQ	134	0	0	0	0	0	0	0	0	0	0	0	0	0	0	0	0	0	0	0	0	0	0	0	0	0	0	0	0	0	0	2003	0
LFQ	135	0	0	0	0	0	0	0	0	0	0	0	0	0	0	0	0	0	0	0	0	0	0	0	0	0	0	0	0	0	0	2003	0
LFQ	136	0	0	0	0	0	0	0	0	0	0	0	0	0	0	0	0	0	0	0	0	0	0	0	0	0	0	0	0	0	0	2003	0
LFQ	137	0	0	0	0	0	0	0	0	0	0	0	0	0	0	0	0	0	0	0	0	0	0	0	0	0	0	0	0	0	0	2003	0
LFQ	138	0	0	0	0	0	0	0	0	0	0	0	0	0	0	0	0	0	0	0	0	0	0	0	0	0	0	0	0	0	0	2003	0
LFQ	139	0	0	0	0	0	0	0	0	0	0	0	0	0	0	0	0	0	0	0	0	0	0	0	0	0	0	0	0	0	0	2003	0
LFQ	140	0	0	0	0	0	0	0	0	0	0	0	0	0	0	0	0	0	0	0	0	0	0	0	0	0	0	0	0	0	0	2003	0
LFQ	141	0	0	0	0	0	0	0	0	0	0	0	0	0	0	0	0	0	0	0	0	0	0	0	0	0	0	0	0	0	0	2003	0
LFQ	142	0	0	0	0	0	0	0	0	0	0	0	0	0	0	0	0	0	0	0	0	0	0	0	0	0	0	0	0	0	0	2003	0
LFQ	143	0	0	0	0	0	0	0	0	0	0	0	0	0	0	0	0	0	0	0	0	0	0	0	0	0	0	0	0	0	0	2003	0
LFQ	144	0	0	0	0	0	0	0	0	0	0	0	0	0	0	0	0	0	0	0	0	0	0	0	0	0	0	0	0	0	0	2003	0
LFQ	145	0	0	0	0	0	0	0	0	0	0	0	0	0	0	0	0	0	0	0	0	0	0	0	0	0	0	0	0	0	0	2003	0
LFQ	146	0	0	0	0	0	0	0	0	0	0	0	0	0	0	0	0	0	0	0	0	0	0	0	0	0	0	0	0	0	0	2003	0
LFQ	147	0	0	0	0	0	0	0	0	0	0	0	0	0	0	0	0	0	0	0	0	0	0	0	0	0	0	0	0	0	0	2003	0
LFQ	148	0	0	0	0	0	0	0	0	0	0	0	0	0	0	0	0	0	0	0	0	0	0	0	0	0	0	0	0	0	0	2002	0
LFQ	149	0	0	0	0	0	0	0	0	0	0	0	0	0	0	0	0	0	0	0	0	0	0	0	0	0	0	0	0	0	0	2002	0
LFQ	150	0	0	0	0	0	0	0	0	0	0	0	0	0	0	0	0	0	0	0	0	0	0	0	0	0	0	0	0	0	0	2002	0
# GC Content of first fragments. Use `grep ^GCF | cut -f 2-` to extract this part.
GCF	5.28	0
GCF	10.80	1
GCF	14.32	0
GCF	18.09	2
GCF	18.84	1
GCF	19.35	0
GCF	20.10	4
GCF	20.85	3
GCF	21.36	2
GCF	22.11	4
GCF	22.86	8
GCF	23.37	6
GCF	24.12	9
GCF	24.87	11
GCF	25.38	13
GCF	26.13	14
GCF	26.88	27
GCF	27.39	18
GCF	28.14	25
GCF	28.89	24
GCF	29.40	37
GCF	30.15	46
GCF	30.90	35
GCF	31.41	54
GCF	32.16	42
GCF	32.91	48
GCF	33.42	52
GCF	33.92	74
GCF	34.67	69
GCF	35.43	90
GCF	35.93	72
GCF	36.68	75
GCF	37.44	69
GCF	37.94	57
GCF	38.69	46
GCF	39.45	89
GCF	39.95	79
GCF	40.70	72
GCF	41.46	47
GCF	41.96	57
GCF	42.71	58
GCF	43.47	57
GCF	43.97	50
GCF	44.72	40
GCF	45.48	50
GCF	45.98	54
GCF	46.73	44
GCF	47.49	37
GCF	47.99	40
GCF	48.74	27
GCF	49.50	18
GCF	50.00	23
GCF	50.75	17
GCF	51.51	15
GCF	52.51	12
GCF	53.77	6
GCF	54.77	4
GCF	55.78	7
GCF	56.78	4
GCF	57.54	8
GCF	58.04	3
GCF	58.79	6
GCF	59.55	2
GCF	60.05	1
GCF	60.80	0
GCF	61.56	3
GCF	62.06	2
GCF	62.81	1
GCF	63.57	3
GCF	64.07	1
GCF	65.33	0
GCF	67.09	1
GCF	69.10	0
GCF	70.60	1
# GC Content of last fragments. Use `grep ^GCL | cut -f 2-` to extract this part.
GCL	3.52	0
GCL	7.79	1
GCL	9.80	0
GCL	11.31	1
GCL	12.06	0
GCL	12.81	1
GCL	15.83	0
GCL	18.84	2
GCL	19.35	0
GCL	20.10	3
GCL	20.85	4
GCL	21.36	5
GCL	22.11	2
GCL	22.86	5
GCL	23.37	15
GCL	24.12	14
GCL	24.87	11
GCL	25.38	21
GCL	26.13	12
GCL	26.88	15
GCL	27.39	26
GCL	28.14	23
GCL	28.89	26
GCL	29.40	44
GCL	30.15	37
GCL	30.90	36
GCL	31.41	31
GCL	31.91	46
GCL	32.41	47
GCL	32.91	54
GCL	33.42	49
GCL	33.92	76
GCL	34.67	58
GCL	35.43	75
GCL	35.93	78
GCL	36.68	70
GCL	37.44	71
GCL	37.94	65
GCL	38.69	80
GCL	39.45	69
GCL	39.95	83
GCL	40.70	70
GCL	41.46	64
GCL	41.96	55
GCL	42.71	60
GCL	43.47	53
GCL	43.97	42
GCL	44.72	56
GCL	45.48	34
GCL	45.98	47
GCL	46.73	49
GCL	47.49	41
GCL	47.99	29
GCL	48.74	23
GCL	49.50	21
GCL	50.00	14
GCL	50.75	18
GCL	51.51	14
GCL	52.01	9
GCL	52.76	18
GCL	53.77	8
GCL	54.77	6
GCL	55.53	7
GCL	56.03	8
GCL	56.78	4
GCL	57.54	5
GCL	58.04	6
GCL	58.79	3
GCL	59.55	4
GCL	60.05	6
GCL	60.80	2
GCL	61.81	0
GCL	62.81	1
GCL	63.57	3
GCL	64.07	1
GCL	64.82	0
GCL	65.58	1
GCL	66.08	0
GCL	67.09	1
GCL	68.34	0
GCL	69.35	1
# ACGT content per cycle. Use `grep ^GCC | cut -f 2-` to extract this part. The columns are: cycle; A,C,G,T base counts as a percentage of all A/C/G/T bases [%]; and N and O counts as a percentage of all A/C/G/T bases [%]
GCC	1	30.29	20.05	19.43	30.24	0.02	0.00
GCC	2	30.33	19.95	19.45	30.28	0.00	0.00
GCC	3	32.00	18.90	19.00	30.10	0.00	0.00
GCC	4	30.63	20.17	18.67	30.53	0.00	0.00
GCC	5	31.03	19.57	19.77	29.63	0.00	0.00
GCC	6	30.60	20.29	18.57	30.53	0.00	0.00
GCC	7	31.45	18.47	19.57	30.50	0.00	0.00
GCC	8	30.83	20.57	19.25	29.36	0.00	0.00
GCC	9	30.60	19.87	19.45	30.08	0.00	0.00
GCC	10	30.93	19.57	19.50	30.00	0.00	0.00
GCC	11	31.55	19.42	19.05	29.98	0.00	0.00
GCC	12	32.10	20.07	18.70	29.13	0.00	0.00
GCC	13	29.43	21.32	18.92	30.33	0.00	0.00
GCC	14	31.70	19.72	18.27	30.30	0.00	0.00
GCC	15	31.05	20.34	18.82	29.78	0.00	0.00
GCC	16	30.68	20.32	19.50	29.51	0.00	0.00
GCC	17	33.20	18.17	18.10	30.53	0.00	0.00
GCC	18	29.36	20.79	18.30	31.55	0.00	0.00
GCC	19	29.83	20.22	18.22	31.73	0.00	0.00
GCC	20	30.53	19.52	19.52	30.43	0.00	0.00
GCC	21	31.33	20.00	18.30	30.38	0.00	0.00
GCC	22	31.28	20.44	18.57	29.71	0.00	0.00
GCC	23	30.88	19.47	17.90	31.75	0.00	0.00
GCC	24	30.98	19.30	19.52	30.20	0.00	0.00
GCC	25	30.70	19.82	18.97	30.50	0.00	0.00
GCC	26	31.05	19.70	18.27	30.98	0.00	0.00
GCC	27	31.95	19.70	18.52	29.83	0.00	0.00
GCC	28	31.40	20.49	18.35	29.76	0.00	0.00
GCC	29	30.25	20.17	18.75	30.83	0.00	0.00
GCC	30	30.13	19.27	19.65	30.95	0.00	0.00
GCC	31	30.38	20.52	18.50	30.60	0.00	0.00
GCC	32	31.00	20.12	18.22	30.65	0.00	0.00
GCC	33	30.50	19.95	19.15	30.40	0.00	0.00
GCC	34	31.20	20.74	18.12	29.93	0.00	0.00
GCC	35	31.55	20.42	18.27	29.76	0.00	0.00
GCC	36	30.85	20.29	18.60	30.25	0.00	0.00
GCC	37	30.58	20.22	17.37	31.83	0.00	0.00
GCC	38	29.68	21.07	19.22	30.03	0.00	0.00
GCC	39	30.03	20.14	18.60	31.23	0.00	0.00
GCC	40	31.18	19.87	18.65	30.30	0.00	0.00
GCC	41	31.40	19.10	17.70	31.80	0.00	0.00
GCC	42	29.61	19.55	19.35	31.50	0.00	0.00
GCC	43	30.15	19.02	18.87	31.95	0.00	0.00
GCC	44	31.20	20.00	18.42	30.38	0.00	0.00
GCC	45	29.36	19.70	19.02	31.93	0.00	0.00
GCC	46	30.05	21.04	18.55	30.35	0.00	0.00
GCC	47	30.70	19.85	18.95	30.50	0.00	0.00
GCC	48	30.45	20.12	18.70	30.73	0.00	0.00
GCC	49	30.70	19.32	18.52	31.45	0.00	0.00
GCC	50	31.25	20.14	19.22	29.38	0.00	0.00
GCC	51	30.23	20.22	19.40	30.15	0.00	0.00
GCC	52	29.86	20.32	19.45	30.38	0.00	0.00
GCC	53	31.10	20.00	18.67	30.23	0.00	0.00
GCC	54	30.93	19.62	18.62	30.83	0.00	0.00
GCC	55	30.35	19.60	19.37	30.68	0.00	0.00
GCC	56	31.13	19.82	18.65	30.40	0.00	0.00
GCC	57	30.15	19.87	19.27	30.70	0.00	0.00
GCC	58	29.93	19.85	19.05	31.18	0.00	0.00
GCC	59	30.25	19.57	19.02	31.15	0.00	0.00
GCC	60	30.45	20.79	18.82	29.93	0.00	0.00
GCC	61	30.28	19.45	19.32	30.95	0.00	0.00
GCC	62	31.08	19.12	18.15	31.65	0.00	0.00
GCC	63	30.80	20.32	18.47	30.40	0.00	0.00
GCC	64	30.88	18.57	19.15	31.40	0.00	0.00
GCC	65	30.18	19.52	19.25	31.05	0.00	0.00
GCC	66	30.78	20.14	18.75	30.33	0.00	0.00
GCC	67	30.75	20.64	18.37	30.23	0.00	0.00
GCC	68	31.68	20.14	18.35	29.83	0.00	0.00
GCC	69	30.85	19.55	19.05	30.55	0.00	0.00
GCC	70	30.68	19.52	18.97	30.83	0.00	0.00
GCC	71	30.88	18.37	18.67	32.08	0.00	0.00
GCC	72	30.53	20.00	18.97	30.50	0.00	0.00
GCC	73	29.63	19.77	18.35	32.25	0.00	0.00
GCC	74	31.48	18.70	18.50	31.33	0.00	0.00
GCC	75	29.68	19.55	19.75	31.03	0.00	0.00
GCC	76	29.93	20.52	19.70	29.86	0.00	0.00
GCC	77	30.93	18.35	18.97	31.75	0.00	0.00
GCC	78	29.86	20.17	19.02	30.95	0.00	0.00
GCC	79	30.43	20.09	18.92	30.55	0.00	0.00
GCC	80	29.38	19.82	19.32	31.48	0.00	0.00
GCC	81	30.53	19.82	18.65	31.00	0.00	0.00
GCC	82	30.33	20.22	19.30	30.15	0.00	0.00
GCC	83	30.33	19.62	18.82	31.23	0.00	0.00
GCC	84	30.65	19.65	17.87	31.83	0.00	0.00
GCC	85	30.18	21.07	18.82	29.93	0.00	0.00
GCC	86	30.95	20.44	18.10	30.50	0.00	0.00
GCC	87	29.61	20.37	19.02	31.00	0.00	0.00
GCC	88	31.05	20.54	18.35	30.05	0.00	0.00
GCC	89	31.45	18.52	19.70	30.33	0.00	0.00
GCC	90	31.53	19.10	19.25	30.13	0.00	0.00
GCC	91	30.15	19.55	19.82	30.48	0.00	0.00
GCC	92	30.70	19.42	18.87	31.00	0.00	0.00
GCC	93	31.45	18.87	18.27	31.40	0.00	0.00
GCC	94	31.15	19.35	19.05	30.45	0.00	0.00
GCC	95	30.40	19.35	19.35	30.90	0.00	0.00
GCC	96	30.98	19.20	19.45	30.38	0.00	0.00
GCC	97	29.23	20.12	19.47	31.18	0.00	0.00
GCC	98	29.91	21.09	18.07	30.93	0.00	0.00
GCC	99	31.03	19.92	18.52	30.53	0.00	0.00
GCC	100	30.50	20.42	18.82	30.25	0.00	0.00
GCC	101	31.30	19.37	18.45	30.88	0.00	0.00
GCC	102	30.15	20.52	18.72	30.60	0.00	0.00
GCC	103	30.35	20.54	19.32	29.78	0.00	0.00
GCC	104	29.11	19.70	19.85	31.35	0.00	0.00
GCC	105	30.83	20.02	19.20	29.96	0.00	0.00
GCC	106	30.70	19.90	18.60	30.80	0.00	0.00
GCC	107	30.55	19.90	19.60	29.96	0.00	0.00
GCC	108	30.08	20.22	19.72	29.98	0.00	0.00
GCC	109	31.08	19.37	18.75	30.80	0.00	0.00
GCC	110	29.46	20.14	18.62	31.78	0.00	0.00
GCC	111	31.60	19.12	19.12	30.15	0.00	0.00
GCC	112	31.45	19.77	19.15	29.63	0.00	0.00
GCC	113	30.35	19.62	20.09	29.93	0.00	0.00
GCC	114	30.75	19.62	18.85	30.78	0.00	0.00
GCC	115	31.83	19.67	19.27	29.23	0.00	0.00
GCC	116	31.78	19.67	18.22	30.33	0.00	0.00
GCC	117	29.76	19.72	19.70	30.83	0.00	0.00
GCC	118	31.30	20.52	17.95	30.23	0.00	0.00
GCC	119	29.83	19.90	19.42	30.85	0.00	0.00
GCC	120	29.78	19.95	18.82	31.45	0.00	0.00
GCC	121	30.85	19.85	18.52	30.78	0.00	0.00
GCC	122	30.35	19.32	19.17	31.15	0.00	0.00
GCC	123	30.15	20.27	18.82	30.75	0.00	0.00
GCC	124	31.43	20.69	18.62	29.26	0.00	0.00
GCC	125	30.90	20.94	18.65	29.51	0.00	0.00
GCC	126	30.23	19.05	19.00	31.73	0.00	0.00
GCC	127	29.68	21.09	19.00	30.23	0.00	0.00
GCC	128	31.68	19.62	18.70	30.00	0.00	0.00
GCC	129	30.03	19.75	19.45	30.78	0.00	0.00
GCC	130	30.40	19.67	19.85	30.08	0.00	0.00
GCC	131	29.46	20.14	20.07	30.33	0.00	0.00
GCC	132	30.13	19.57	18.70	31.60	0.00	0.00
GCC	133	30.55	20.14	18.87	30.43	0.00	0.00
GCC	134	31.33	19.75	18.92	30.00	0.00	0.00
GCC	135	30.53	19.50	19.62	30.35	0.00	0.00
GCC	136	29.58	19.52	20.14	30.75	0.00	0.00
GCC	137	30.33	19.95	19.00	30.73	0.00	0.00
GCC	138	30.18	19.90	19.60	30.33	0.00	0.00
GCC	139	29.61	20.04	19.42	30.93	0.00	0.00
GCC	140	30.53	20.52	18.42	30.53	0.00	0.00
GCC	141	30.75	19.85	19.80	29.61	0.00	0.00
GCC	142	31.15	18.82	19.02	31.00	0.00	0.00
GCC	143	30.13	19.87	18.00	32.00	0.00	0.00
GCC	144	29.81	20.02	18.60	31.56	0.00	0.00
GCC	145	29.51	20.30	19.08	31.11	0.00	0.00
GCC	146	29.71	19.38	20.07	30.84	0.00	0.00
GCC	147	31.46	18.65	18.18	31.71	0.00	0.00
GCC	148	31.42	20.03	17.23	31.32	0.00	0.00
GCC	149	31.57	20.45	19.38	28.60	0.00	0.00
GCC	150	30.74	19.53	17.98	31.74	0.00	0.00
# ACGT content per cycle, read oriented. Use `grep ^GCT | cut -f 2-` to extract this part. The columns are: cycle; A,C,G,T base counts as a percentage of all A/C/G/T bases [%]
GCT	1	29.44	19.75	19.73	31.09
GCT	2	30.03	20.37	19.02	30.58
GCT	3	31.15	18.72	19.17	30.95
GCT	4	29.66	19.22	19.62	31.50
GCT	5	30.35	19.42	19.92	30.30
GCT	6	30.60	19.72	19.15	30.53
GCT	7	30.98	18.47	19.57	30.98
GCT	8	30.40	20.37	19.45	29.78
GCT	9	30.18	19.72	19.60	30.50
GCT	10	29.73	19.65	19.42	31.20
GCT	11	31.23	18.97	19.50	30.30
GCT	12	31.45	19.15	19.62	29.78
GCT	13	30.83	19.75	20.49	28.93
GCT	14	31.65	19.30	18.70	30.35
GCT	15	29.98	20.24	18.92	30.85
GCT	16	30.38	19.65	20.17	29.81
GCT	17	32.75	17.45	18.82	30.98
GCT	18	31.38	18.50	20.59	29.53
GCT	19	30.38	18.65	19.80	31.18
GCT	20	31.23	19.15	19.90	29.73
GCT	21	30.73	18.47	19.82	30.98
GCT	22	30.65	18.45	20.57	30.33
GCT	23	30.83	17.10	20.27	31.80
GCT	24	30.23	19.42	19.40	30.95
GCT	25	30.15	19.80	19.00	31.05
GCT	26	30.75	19.22	18.75	31.28
GCT	27	30.43	19.10	19.12	31.35
GCT	28	31.13	19.95	18.90	30.03
GCT	29	31.28	19.02	19.90	29.81
GCT	30	31.20	18.67	20.24	29.88
GCT	31	31.03	18.15	20.87	29.96
GCT	32	30.28	19.12	19.22	31.38
GCT	33	30.38	19.40	19.70	30.53
GCT	34	30.55	19.07	19.80	30.58
GCT	35	31.00	19.15	19.55	30.30
GCT	36	30.00	19.22	19.67	31.10
GCT	37	31.60	19.12	18.47	30.80
GCT	38	30.20	19.67	20.62	29.51
GCT	39	31.28	19.17	19.57	29.98
GCT	40	31.83	18.85	19.67	29.66
GCT	41	32.03	17.85	18.95	31.18
GCT	42	32.03	19.55	19.35	29.08
GCT	43	31.75	18.70	19.20	30.35
GCT	44	30.75	19.42	19.00	30.83
GCT	45	30.45	19.77	18.95	30.83
GCT	46	30.08	20.34	19.25	30.33
GCT	47	32.10	18.87	19.92	29.11
GCT	48	31.45	19.55	19.27	29.73
GCT	49	29.83	18.92	18.92	32.33
GCT	50	30.58	18.70	20.67	30.05
GCT	51	29.83	19.35	20.27	30.55
GCT	52	31.13	19.77	20.00	29.11
GCT	53	30.35	19.62	19.05	30.98
GCT	54	31.90	19.07	19.17	29.86
GCT	55	29.21	19.37	19.60	31.83
GCT	56	30.33	19.30	19.17	31.20
GCT	57	31.20	19.95	19.20	29.66
GCT	58	31.43	19.22	19.67	29.68
GCT	59	31.38	19.17	19.42	30.03
GCT	60	30.50	20.32	19.30	29.88
GCT	61	31.98	19.87	18.90	29.26
GCT	62	31.68	18.80	18.47	31.05
GCT	63	29.53	19.77	19.02	31.68
GCT	64	30.73	18.45	19.27	31.55
GCT	65	30.43	19.00	19.77	30.80
GCT	66	30.10	19.35	19.55	31.00
GCT	67	32.15	19.42	19.60	28.83
GCT	68	31.85	19.25	19.25	29.66
GCT	69	30.80	19.12	19.47	30.60
GCT	70	29.78	19.45	19.05	31.73
GCT	71	32.18	18.25	18.80	30.78
GCT	72	30.03	19.87	19.10	31.00
GCT	73	29.86	19.27	18.85	32.03
GCT	74	32.00	19.70	17.50	30.80
GCT	75	29.63	19.07	20.22	31.08
GCT	76	30.23	20.24	19.97	29.56
GCT	77	32.55	18.70	18.62	30.13
GCT	78	29.86	19.65	19.55	30.95
GCT	79	30.98	19.47	19.55	30.00
GCT	80	30.95	19.77	19.37	29.91
GCT	81	31.48	19.25	19.22	30.05
GCT	82	30.35	19.37	20.14	30.13
GCT	83	30.30	18.67	19.77	31.25
GCT	84	30.05	18.47	19.05	32.43
GCT	85	30.78	20.34	19.55	29.33
GCT	86	30.78	19.30	19.25	30.68
GCT	87	30.53	19.27	20.12	30.08
GCT	88	31.25	19.97	18.92	29.86
GCT	89	30.38	19.57	18.65	31.40
GCT	90	31.65	19.00	19.35	30.00
GCT	91	29.86	20.72	18.65	30.78
GCT	92	31.55	20.34	17.95	30.15
GCT	93	31.55	18.90	18.25	31.30
GCT	94	30.68	19.40	19.00	30.93
GCT	95	31.13	19.25	19.45	30.18
GCT	96	32.33	19.77	18.87	29.03
GCT	97	29.91	19.82	19.77	30.50
GCT	98	31.05	19.27	19.90	29.78
GCT	99	30.33	19.55	18.90	31.23
GCT	100	30.08	18.72	20.52	30.68
GCT	101	31.18	19.47	18.35	31.00
GCT	102	30.40	19.60	19.65	30.35
GCT	103	29.43	20.14	19.72	30.70
GCT	104	30.98	19.65	19.90	29.48
GCT	105	29.93	19.10	20.12	30.85
GCT	106	31.03	18.40	20.09	30.48
GCT	107	30.55	19.82	19.67	29.96
GCT	108	30.83	19.80	20.14	29.23
GCT	109	30.43	19.15	18.97	31.45
GCT	110	30.63	19.40	19.37	30.60
GCT	111	31.18	19.52	18.72	30.58
GCT	112	29.61	19.80	19.12	31.48
GCT	113	30.58	19.37	20.34	29.71
GCT	114	31.48	18.82	19.65	30.05
GCT	115	31.60	20.07	18.87	29.46
GCT	116	31.53	18.40	19.50	30.58
GCT	117	30.80	18.50	20.92	29.78
GCT	118	31.25	20.19	18.27	30.28
GCT	119	30.95	20.34	18.97	29.73
GCT	120	31.40	19.10	19.67	29.83
GCT	121	31.03	19.70	18.67	30.60
GCT	122	30.60	18.65	19.85	30.90
GCT	123	31.43	19.22	19.87	29.48
GCT	124	31.50	20.14	19.17	29.18
GCT	125	31.05	18.82	20.77	29.36
GCT	126	30.10	20.04	18.00	31.85
GCT	127	30.33	21.12	18.97	29.58
GCT	128	29.71	19.47	18.85	31.98
GCT	129	31.18	19.17	20.02	29.63
GCT	130	30.78	19.17	20.34	29.71
GCT	131	30.15	20.17	20.04	29.63
GCT	132	30.65	18.42	19.85	31.08
GCT	133	31.08	18.65	20.37	29.91
GCT	134	31.18	19.57	19.10	30.15
GCT	135	31.40	19.50	19.62	29.48
GCT	136	31.58	20.24	19.42	28.76
GCT	137	31.58	19.62	19.32	29.48
GCT	138	29.98	18.82	20.67	30.53
GCT	139	30.33	19.65	19.82	30.20
GCT	140	30.50	19.77	19.17	30.55
GCT	141	30.70	19.97	19.67	29.66
GCT	142	30.20	19.40	18.45	31.95
GCT	143	30.73	19.20	18.67	31.40
GCT	144	29.69	18.58	20.05	31.69
GCT	145	29.66	20.62	18.75	30.96
GCT	146	30.14	20.57	18.88	30.41
GCT	147	30.64	18.15	18.68	32.53
GCT	148	31.42	18.33	18.93	31.32
GCT	149	29.62	20.35	19.48	30.54
GCT	150	32.19	19.03	18.48	30.29
# ACGT content per cycle for first fragments. Use `grep ^FBC | cut -f 2-` to extract this part. The columns are: cycle; A,C,G,T base counts as a percentage of all A/C/G/T bases [%]; and N and O counts as a percentage of all A/C/G/T bases [%]
FBC	1	30.67	20.43	18.58	30.32	0.05	0.00
FBC	2	30.75	20.22	18.62	30.40	0.00	0.00
FBC	3	32.25	17.57	18.92	31.25	0.00	0.00
FBC	4	31.60	19.72	18.32	30.35	0.00	0.00
FBC	5	30.15	18.82	19.47	31.55	0.00	0.00
FBC	6	29.66	20.47	17.82	32.05	0.00	0.00
FBC	7	31.50	17.52	19.42	31.55	0.00	0.00
FBC	8	30.40	21.12	19.67	28.81	0.00	0.00
FBC	9	31.80	19.92	18.97	29.31	0.00	0.00
FBC	10	29.76	19.22	19.72	31.30	0.00	0.00
FBC	11	32.75	18.67	18.62	29.96	0.00	0.00
FBC	12	31.80	19.92	18.72	29.56	0.00	0.00
FBC	13	30.30	20.62	19.42	29.66	0.00	0.00
FBC	14	32.05	20.07	17.92	29.96	0.00	0.00
FBC	15	30.55	20.42	18.72	30.30	0.00	0.00
FBC	16	31.90	20.77	19.07	28.26	0.00	0.00
FBC	17	34.05	17.77	18.47	29.71	0.00	0.00
FBC	18	28.81	20.17	18.22	32.80	0.00	0.00
FBC	19	28.86	20.52	17.77	32.85	0.00	0.00
FBC	20	29.01	20.22	19.82	30.95	0.00	0.00
FBC	21	31.50	20.37	17.92	30.20	0.00	0.00
FBC	22	32.15	19.97	18.87	29.01	0.00	0.00
FBC	23	29.06	19.97	19.37	31.60	0.00	0.00
FBC	24	30.85	18.52	19.47	31.15	0.00	0.00
FBC	25	31.25	19.32	18.42	31.00	0.00	0.00
FBC	26	30.25	18.77	19.17	31.80	0.00	0.00
FBC	27	31.40	19.07	19.72	29.81	0.00	0.00
FBC	28	31.00	20.67	18.37	29.96	0.00	0.00
FBC	29	29.86	20.32	18.92	30.90	0.00	0.00
FBC	30	30.40	19.22	19.32	31.05	0.00	0.00
FBC	31	29.41	20.07	19.37	31.15	0.00	0.00
FBC	32	30.60	20.02	17.52	31.85	0.00	0.00
FBC	33	30.05	20.27	18.17	31.50	0.00	0.00
FBC	34	30.75	20.52	18.12	30.60	0.00	0.00
FBC	35	32.80	19.47	17.82	29.91	0.00	0.00
FBC	36	30.90	20.02	19.02	30.05	0.00	0.00
FBC	37	29.96	20.57	17.67	31.80	0.00	0.00
FBC	38	28.71	22.27	18.92	30.10	0.00	0.00
FBC	39	28.96	19.97	18.77	32.30	0.00	0.00
FBC	40	31.90	19.77	17.77	30.55	0.00	0.00
FBC	41	30.75	19.62	17.42	32.20	0.00	0.00
FBC	42	29.46	20.67	19.47	30.40	0.00	0.00
FBC	43	29.41	19.97	19.97	30.65	0.00	0.00
FBC	44	32.50	19.22	18.07	30.20	0.00	0.00
FBC	45	28.66	18.77	18.52	34.05	0.00	0.00
FBC	46	30.00	20.67	18.72	30.60	0.00	0.00
FBC	47	29.66	19.82	19.32	31.20	0.00	0.00
FBC	48	31.15	19.77	18.87	30.20	0.00	0.00
FBC	49	30.45	18.77	19.07	31.70	0.00	0.00
FBC	50	31.00	19.37	19.77	29.86	0.00	0.00
FBC	51	29.81	20.47	19.97	29.76	0.00	0.00
FBC	52	30.85	19.27	19.87	30.00	0.00	0.00
FBC	53	30.95	20.27	19.12	29.66	0.00	0.00
FBC	54	31.40	19.72	18.47	30.40	0.00	0.00
FBC	55	31.15	18.97	18.87	31.00	0.00	0.00
FBC	56	31.70	20.12	18.57	29.61	0.00	0.00
FBC	57	30.00	19.12	19.87	31.00	0.00	0.00
FBC	58	30.00	18.52	20.27	31.20	0.00	0.00
FBC	59	29.91	20.72	19.12	30.25	0.00	0.00
FBC	60	30.75	21.82	19.02	28.41	0.00	0.00
FBC	61	30.40	19.47	18.97	31.15	0.00	0.00
FBC	62	30.60	19.52	19.22	30.65	0.00	0.00
FBC	63	31.00	19.72	18.02	31.25	0.00	0.00
FBC	64	31.75	18.57	18.87	30.80	0.00	0.00
FBC	65	30.60	19.62	19.62	30.15	0.00	0.00
FBC	66	31.55	19.12	17.57	31.75	0.00	0.00
FBC	67	30.65	20.67	18.37	30.30	0.00	0.00
FBC	68	32.20	20.72	17.92	29.16	0.00	0.00
FBC	69	30.90	18.32	20.12	30.65	0.00	0.00
FBC	70	30.00	19.22	20.07	30.70	0.00	0.00
FBC	71	29.81	18.82	18.87	32.50	0.00	0.00
FBC	72	30.55	19.92	18.67	30.85	0.00	0.00
FBC	73	30.05	19.87	17.92	32.15	0.00	0.00
FBC	74	30.90	18.87	19.32	30.90	0.00	0.00
FBC	75	28.86	19.62	20.42	31.10	0.00	0.00
FBC	76	29.56	21.12	20.07	29.26	0.00	0.00
FBC	77	29.81	18.82	18.52	32.85	0.00	0.00
FBC	78	30.35	19.62	19.12	30.90	0.00	0.00
FBC	79	30.80	20.17	18.62	30.40	0.00	0.00
FBC	80	31.05	19.72	18.52	30.70	0.00	0.00
FBC	81	30.90	19.37	19.27	30.45	0.00	0.00
FBC	82	30.45	20.32	19.02	30.20	0.00	0.00
FBC	83	31.20	19.07	18.67	31.05	0.00	0.00
FBC	84	29.46	20.17	18.57	31.80	0.00	0.00
FBC	85	29.81	20.82	18.82	30.55	0.00	0.00
FBC	86	31.30	20.57	18.22	29.91	0.00	0.00
FBC	87	30.25	20.02	18.67	31.05	0.00	0.00
FBC	88	32.45	20.07	18.22	29.26	0.00	0.00
FBC	89	29.61	18.37	20.77	31.25	0.00	0.00
FBC	90	30.45	19.72	19.47	30.35	0.00	0.00
FBC	91	29.56	19.22	20.67	30.55	0.00	0.00
FBC	92	31.60	19.57	18.52	30.30	0.00	0.00
FBC	93	30.90	18.92	19.32	30.85	0.00	0.00
FBC	94	30.95	20.07	18.82	30.15	0.00	0.00
FBC	95	31.10	19.67	19.12	30.10	0.00	0.00
FBC	96	29.26	19.72	19.97	31.05	0.00	0.00
FBC	97	27.76	19.92	20.62	31.70	0.00	0.00
FBC	98	28.81	21.27	17.72	32.20	0.00	0.00
FBC	99	31.25	19.97	17.92	30.85	0.00	0.00
FBC	100	29.66	21.17	19.12	30.05	0.00	0.00
FBC	101	31.65	19.62	18.67	30.05	0.00	0.00
FBC	102	30.90	20.57	18.52	30.00	0.00	0.00
FBC	103	28.86	21.72	19.52	29.91	0.00	0.00
FBC	104	30.05	19.67	19.67	30.60	0.00	0.00
FBC	105	31.60	19.87	18.42	30.10	0.00	0.00
FBC	106	30.65	20.02	19.12	30.20	0.00	0.00
FBC	107	30.25	22.17	18.22	29.36	0.00	0.00
FBC	108	29.96	21.02	18.62	30.40	0.00	0.00
FBC	109	31.70	19.27	18.62	30.40	0.00	0.00
FBC	110	29.81	19.97	18.42	31.80	0.00	0.00
FBC	111	30.20	18.72	18.97	32.10	0.00	0.00
FBC	112	31.45	19.97	19.47	29.11	0.00	0.00
FBC	113	29.26	19.87	20.17	30.70	0.00	0.00
FBC	114	29.06	20.12	19.07	31.75	0.00	0.00
FBC	115	32.35	19.27	19.22	29.16	0.00	0.00
FBC	116	31.60	19.32	17.62	31.45	0.00	0.00
FBC	117	31.05	19.57	18.87	30.50	0.00	0.00
FBC	118	31.75	21.32	17.22	29.71	0.00	0.00
FBC	119	29.51	20.17	19.87	30.45	0.00	0.00
FBC	120	29.11	19.37	19.22	32.30	0.00	0.00
FBC	121	31.05	19.57	18.12	31.25	0.00	0.00
FBC	122	29.91	19.57	19.47	31.05	0.00	0.00
FBC	123	30.45	19.62	19.37	30.55	0.00	0.00
FBC	124	32.20	20.22	19.12	28.46	0.00	0.00
FBC	125	31.40	20.57	18.67	29.36	0.00	0.00
FBC	126	29.66	18.07	19.77	32.50	0.00	0.00
FBC	127	30.75	20.42	19.02	29.81	0.00	0.00
FBC	128	30.80	20.12	18.27	30.80	0.00	0.00
FBC	129	31.20	20.02	18.47	30.30	0.00	0.00
FBC	130	30.05	19.87	19.67	30.40	0.00	0.00
FBC	131	28.11	21.07	19.02	31.80	0.00	0.00
FBC	132	30.10	19.72	18.97	31.20	0.00	0.00
FBC	133	30.35	21.07	19.22	29.36	0.00	0.00
FBC	134	31.20	20.02	19.67	29.11	0.00	0.00
FBC	135	30.00	19.32	21.17	29.51	0.00	0.00
FBC	136	29.96	19.17	21.22	29.66	0.00	0.00
FBC	137	29.51	20.62	19.52	30.35	0.00	0.00
FBC	138	30.50	20.42	19.37	29.71	0.00	0.00
FBC	139	29.31	19.67	19.62	31.40	0.00	0.00
FBC	140	29.71	20.27	19.22	30.80	0.00	0.00
FBC	141	30.25	19.52	20.27	29.96	0.00	0.00
FBC	142	31.40	17.72	19.32	31.55	0.00	0.00
FBC	143	30.00	19.87	18.37	31.75	0.00	0.00
FBC	144	29.37	19.83	18.48	32.32	0.00	0.00
FBC	145	31.37	19.48	19.33	29.82	0.00	0.00
FBC	146	29.77	18.83	19.13	32.27	0.00	0.00
FBC	147	31.12	18.88	18.23	31.77	0.00	0.00
FBC	148	30.12	20.33	17.73	31.82	0.00	0.00
FBC	149	31.17	21.43	18.98	28.42	0.00	0.00
FBC	150	31.82	18.98	18.28	30.92	0.00	0.00
# ACGT raw counters for first fragments. Use `grep ^FTC | cut -f 2-` to extract this part. The columns are: A,C,G,T,N base counters
FTC	91767	59575	56972	92128	1
# ACGT content per cycle for last fragments. Use `grep ^LBC | cut -f 2-` to extract this part. The columns are: cycle; A,C,G,T base counts as a percentage of all A/C/G/T bases [%]; and N and O counts as a percentage of all A/C/G/T bases [%]
LBC	1	29.91	19.67	20.27	30.15	0.00	0.00
LBC	2	29.91	19.67	20.27	30.15	0.00	0.00
LBC	3	31.75	20.22	19.07	28.96	0.00	0.00
LBC	4	29.66	20.62	19.02	30.70	0.00	0.00
LBC	5	31.90	20.32	20.07	27.71	0.00	0.00
LBC	6	31.55	20.12	19.32	29.01	0.00	0.00
LBC	7	31.40	19.42	19.72	29.46	0.00	0.00
LBC	8	31.25	20.02	18.82	29.91	0.00	0.00
LBC	9	29.41	19.82	19.92	30.85	0.00	0.00
LBC	10	32.10	19.92	19.27	28.71	0.00	0.00
LBC	11	30.35	20.17	19.47	30.00	0.00	0.00
LBC	12	32.40	20.22	18.67	28.71	0.00	0.00
LBC	13	28.56	22.02	18.42	31.00	0.00	0.00
LBC	14	31.35	19.37	18.62	30.65	0.00	0.00
LBC	15	31.55	20.27	18.92	29.26	0.00	0.00
LBC	16	29.46	19.87	19.92	30.75	0.00	0.00
LBC	17	32.35	18.57	17.72	31.35	0.00	0.00
LBC	18	29.91	21.42	18.37	30.30	0.00	0.00
LBC	19	30.80	19.92	18.67	30.60	0.00	0.00
LBC	20	32.05	18.82	19.22	29.91	0.00	0.00
LBC	21	31.15	19.62	18.67	30.55	0.00	0.00
LBC	22	30.40	20.92	18.27	30.40	0.00	0.00
LBC	23	32.70	18.97	16.43	31.90	0.00	0.00
LBC	24	31.10	20.07	19.57	29.26	0.00	0.00
LBC	25	30.15	20.32	19.52	30.00	0.00	0.00
LBC	26	31.85	20.62	17.37	30.15	0.00	0.00
LBC	27	32.50	20.32	17.32	29.86	0.00	0.00
LBC	28	31.80	20.32	18.32	29.56	0.00	0.00
LBC	29	30.65	20.02	18.57	30.75	0.00	0.00
LBC	30	29.86	19.32	19.97	30.85	0.00	0.00
LBC	31	31.35	20.97	17.62	30.05	0.00	0.00
LBC	32	31.40	20.22	18.92	29.46	0.00	0.00
LBC	33	30.95	19.62	20.12	29.31	0.00	0.00
LBC	34	31.65	20.97	18.12	29.26	0.00	0.00
LBC	35	30.30	21.37	18.72	29.61	0.00	0.00
LBC	36	30.80	20.57	18.17	30.45	0.00	0.00
LBC	37	31.20	19.87	17.07	31.85	0.00	0.00
LBC	38	30.65	19.87	19.52	29.96	0.00	0.00
LBC	39	31.10	20.32	18.42	30.15	0.00	0.00
LBC	40	30.45	19.97	19.52	30.05	0.00	0.00
LBC	41	32.05	18.57	17.97	31.40	0.00	0.00
LBC	42	29.76	18.42	19.22	32.60	0.00	0.00
LBC	43	30.90	18.07	17.77	33.25	0.00	0.00
LBC	44	29.91	20.77	18.77	30.55	0.00	0.00
LBC	45	30.05	20.62	19.52	29.81	0.00	0.00
LBC	46	30.10	21.42	18.37	30.10	0.00	0.00
LBC	47	31.75	19.87	18.57	29.81	0.00	0.00
LBC	48	29.76	20.47	18.52	31.25	0.00	0.00
LBC	49	30.95	19.87	17.97	31.20	0.00	0.00
LBC	50	31.50	20.92	18.67	28.91	0.00	0.00
LBC	51	30.65	19.97	18.82	30.55	0.00	0.00
LBC	52	28.86	21.37	19.02	30.75	0.00	0.00
LBC	53	31.25	19.72	18.22	30.80	0.00	0.00
LBC	54	30.45	19.52	18.77	31.25	0.00	0.00
LBC	55	29.56	20.22	19.87	30.35	0.00	0.00
LBC	56	30.55	19.52	18.72	31.20	0.00	0.00
LBC	57	30.30	20.62	18.67	30.40	0.00	0.00
LBC	58	29.86	21.17	17.82	31.15	0.00	0.00
LBC	59	30.60	18.42	18.92	32.05	0.00	0.00
LBC	60	30.15	19.77	18.62	31.45	0.00	0.00
LBC	61	30.15	19.42	19.67	30.75	0.00	0.00
LBC	62	31.55	18.72	17.07	32.65	0.00	0.00
LBC	63	30.60	20.92	18.92	29.56	0.00	0.00
LBC	64	30.00	18.57	19.42	32.00	0.00	0.00
LBC	65	29.76	19.42	18.87	31.95	0.00	0.00
LBC	66	30.00	21.17	19.92	28.91	0.00	0.00
LBC	67	30.85	20.62	18.37	30.15	0.00	0.00
LBC	68	31.15	19.57	18.77	30.50	0.00	0.00
LBC	69	30.80	20.77	17.97	30.45	0.00	0.00
LBC	70	31.35	19.82	17.87	30.95	0.00	0.00
LBC	71	31.95	17.92	18.47	31.65	0.00	0.00
LBC	72	30.50	20.07	19.27	30.15	0.00	0.00
LBC	73	29.21	19.67	18.77	32.35	0.00	0.00
LBC	74	32.05	18.52	17.67	31.75	0.00	0.00
LBC	75	30.50	19.47	19.07	30.95	0.00	0.00
LBC	76	30.30	19.92	19.32	30.45	0.00	0.00
LBC	77	32.05	17.87	19.42	30.65	0.00	0.00
LBC	78	29.36	20.72	18.92	31.00	0.00	0.00
LBC	79	30.05	20.02	19.22	30.70	0.00	0.00
LBC	80	27.71	19.92	20.12	32.25	0.00	0.00
LBC	81	30.15	20.27	18.02	31.55	0.00	0.00
LBC	82	30.20	20.12	19.57	30.10	0.00	0.00
LBC	83	29.46	20.17	18.97	31.40	0.00	0.00
LBC	84	31.85	19.12	17.17	31.85	0.00	0.00
LBC	85	30.55	21.32	18.82	29.31	0.00	0.00
LBC	86	30.60	20.32	17.97	31.10	0.00	0.00
LBC	87	28.96	20.72	19.37	30.95	0.00	0.00
LBC	88	29.66	21.02	18.47	30.85	0.00	0.00
LBC	89	33.30	18.67	18.62	29.41	0.00	0.00
LBC	90	32.60	18.47	19.02	29.91	0.00	0.00
LBC	91	30.75	19.87	18.97	30.40	0.00	0.00
LBC	92	29.81	19.27	19.22	31.70	0.00	0.00
LBC	93	32.00	18.82	17.22	31.95	0.00	0.00
LBC	94	31.35	18.62	19.27	30.75	0.00	0.00
LBC	95	29.71	19.02	19.57	31.70	0.00	0.00
LBC	96	32.70	18.67	18.92	29.71	0.00	0.00
LBC	97	30.70	20.32	18.32	30.65	0.00	0.00
LBC	98	31.00	20.92	18.42	29.66	0.00	0.00
LBC	99	30.80	19.87	19.12	30.20	0.00	0.00
LBC	100	31.35	19.67	18.52	30.45	0.00	0.00
LBC	101	30.95	19.12	18.22	31.70	0.00	0.00
LBC	102	29.41	20.47	18.92	31.20	0.00	0.00
LBC	103	31.85	19.37	19.12	29.66	0.00	0.00
LBC	104	28.16	19.72	20.02	32.10	0.00	0.00
LBC	105	30.05	20.17	19.97	29.81	0.00	0.00
LBC	106	30.75	19.77	18.07	31.40	0.00	0.00
LBC	107	30.85	17.62	20.97	30.55	0.00	0.00
LBC	108	30.20	19.42	20.82	29.56	0.00	0.00
LBC	109	30.45	19.47	18.87	31.20	0.00	0.00
LBC	110	29.11	20.32	18.82	31.75	0.00	0.00
LBC	111	33.00	19.52	19.27	28.21	0.00	0.00
LBC	112	31.45	19.57	18.82	30.15	0.00	0.00
LBC	113	31.45	19.37	20.02	29.16	0.00	0.00
LBC	114	32.45	19.12	18.62	29.81	0.00	0.00
LBC	115	31.30	20.07	19.32	29.31	0.00	0.00
LBC	116	31.95	20.02	18.82	29.21	0.00	0.00
LBC	117	28.46	19.87	20.52	31.15	0.00	0.00
LBC	118	30.85	19.72	18.67	30.75	0.00	0.00
LBC	119	30.15	19.62	18.97	31.25	0.00	0.00
LBC	120	30.45	20.52	18.42	30.60	0.00	0.00
LBC	121	30.65	20.12	18.92	30.30	0.00	0.00
LBC	122	30.80	19.07	18.87	31.25	0.00	0.00
LBC	123	29.86	20.92	18.27	30.95	0.00	0.00
LBC	124	30.65	21.17	18.12	30.05	0.00	0.00
LBC	125	30.40	21.32	18.62	29.66	0.00	0.00
LBC	126	30.80	20.02	18.22	30.95	0.00	0.00
LBC	127	28.61	21.77	18.97	30.65	0.00	0.00
LBC	128	32.55	19.12	19.12	29.21	0.00	0.00
LBC	129	28.86	19.47	20.42	31.25	0.00	0.00
LBC	130	30.75	19.47	20.02	29.76	0.00	0.00
LBC	131	30.80	19.22	21.12	28.86	0.00	0.00
LBC	132	30.15	19.42	18.42	32.00	0.00	0.00
LBC	133	30.75	19.22	18.52	31.50	0.00	0.00
LBC	134	31.45	19.47	18.17	30.90	0.00	0.00
LBC	135	31.05	19.67	18.07	31.20	0.00	0.00
LBC	136	29.21	19.87	19.07	31.85	0.00	0.00
LBC	137	31.15	19.27	18.47	31.10	0.00	0.00
LBC	138	29.86	19.37	19.82	30.95	0.00	0.00
LBC	139	29.91	20.42	19.22	30.45	0.00	0.00
LBC	140	31.35	20.77	17.62	30.25	0.00	0.00
LBC	141	31.25	20.17	19.32	29.26	0.00	0.00
LBC	142	30.90	19.92	18.72	30.45	0.00	0.00
LBC	143	30.25	19.87	17.62	32.25	0.00	0.00
LBC	144	30.25	20.22	18.72	30.80	0.00	0.00
LBC	145	27.66	21.12	18.82	32.40	0.00	0.00
LBC	146	29.66	19.92	21.02	29.41	0.00	0.00
LBC	147	31.80	18.42	18.12	31.65	0.00	0.00
LBC	148	32.72	19.73	16.73	30.82	0.00	0.00
LBC	149	31.97	19.48	19.78	28.77	0.00	0.00
LBC	150	29.67	20.08	17.68	32.57	0.00	0.00
# ACGT raw counters for last fragments. Use `grep ^LTC | cut -f 2-` to extract this part. The columns are: A,C,G,T,N base counters
LTC	92242	59755	56634	91816	0
# Insert sizes. Use `grep ^IS | cut -f 2-` to extract this part. The columns are: insert size, pairs total, inward oriented pairs, outward oriented pairs, other pairs
IS	0	0	0	0	0
IS	1	0	0	0	0
IS	2	0	0	0	0
IS	3	0	0	0	0
IS	4	0	0	0	0
IS	5	0	0	0	0
IS	6	0	0	0	0
IS	7	0	0	0	0
IS	8	0	0	0	0
IS	9	0	0	0	0
IS	10	0	0	0	0
IS	11	0	0	0	0
IS	12	0	0	0	0
IS	13	0	0	0	0
IS	14	0	0	0	0
IS	15	0	0	0	0
IS	16	0	0	0	0
IS	17	0	0	0	0
IS	18	0	0	0	0
IS	19	0	0	0	0
IS	20	0	0	0	0
IS	21	0	0	0	0
IS	22	0	0	0	0
IS	23	0	0	0	0
IS	24	0	0	0	0
IS	25	0	0	0	0
IS	26	0	0	0	0
IS	27	0	0	0	0
IS	28	0	0	0	0
IS	29	0	0	0	0
IS	30	0	0	0	0
IS	31	0	0	0	0
IS	32	0	0	0	0
IS	33	0	0	0	0
IS	34	0	0	0	0
IS	35	0	0	0	0
IS	36	0	0	0	0
IS	37	0	0	0	0
IS	38	0	0	0	0
IS	39	0	0	0	0
IS	40	0	0	0	0
IS	41	0	0	0	0
IS	42	0	0	0	0
IS	43	0	0	0	0
IS	44	0	0	0	0
IS	45	0	0	0	0
IS	46	0	0	0	0
IS	47	0	0	0	0
IS	48	0	0	0	0
IS	49	0	0	0	0
IS	50	0	0	0	0
IS	51	0	0	0	0
IS	52	0	0	0	0
IS	53	0	0	0	0
IS	54	0	0	0	0
IS	55	0	0	0	0
IS	56	0	0	0	0
IS	57	0	0	0	0
IS	58	0	0	0	0
IS	59	0	0	0	0
IS	60	0	0	0	0
IS	61	0	0	0	0
IS	62	0	0	0	0
IS	63	0	0	0	0
IS	64	0	0	0	0
IS	65	0	0	0	0
IS	66	0	0	0	0
IS	67	0	0	0	0
IS	68	0	0	0	0
IS	69	0	0	0	0
IS	70	0	0	0	0
IS	71	0	0	0	0
IS	72	0	0	0	0
IS	73	0	0	0	0
IS	74	0	0	0	0
IS	75	0	0	0	0
IS	76	0	0	0	0
IS	77	0	0	0	0
IS	78	0	0	0	0
IS	79	0	0	0	0
IS	80	0	0	0	0
IS	81	0	0	0	0
IS	82	0	0	0	0
IS	83	0	0	0	0
IS	84	0	0	0	0
IS	85	0	0	0	0
IS	86	0	0	0	0
IS	87	0	0	0	0
IS	88	0	0	0	0
IS	89	0	0	0	0
IS	90	0	0	0	0
IS	91	0	0	0	0
IS	92	0	0	0	0
IS	93	0	0	0	0
IS	94	0	0	0	0
IS	95	0	0	0	0
IS	96	0	0	0	0
IS	97	0	0	0	0
IS	98	0	0	0	0
IS	99	0	0	0	0
IS	100	0	0	0	0
IS	101	0	0	0	0
IS	102	0	0	0	0
IS	103	0	0	0	0
IS	104	0	0	0	0
IS	105	0	0	0	0
IS	106	0	0	0	0
IS	107	0	0	0	0
IS	108	0	0	0	0
IS	109	0	0	0	0
IS	110	0	0	0	0
IS	111	0	0	0	0
IS	112	0	0	0	0
IS	113	0	0	0	0
IS	114	0	0	0	0
IS	115	0	0	0	0
IS	116	0	0	0	0
IS	117	0	0	0	0
IS	118	0	0	0	0
IS	119	0	0	0	0
IS	120	0	0	0	0
IS	121	0	0	0	0
IS	122	0	0	0	0
IS	123	0	0	0	0
IS	124	0	0	0	0
IS	125	0	0	0	0
IS	126	0	0	0	0
IS	127	0	0	0	0
IS	128	0	0	0	0
IS	129	0	0	0	0
IS	130	0	0	0	0
IS	131	0	0	0	0
IS	132	0	0	0	0
IS	133	0	0	0	0
IS	134	0	0	0	0
IS	135	0	0	0	0
IS	136	0	0	0	0
IS	137	0	0	0	0
IS	138	0	0	0	0
IS	139	0	0	0	0
IS	140	0	0	0	0
IS	141	0	0	0	0
IS	142	0	0	0	0
IS	143	0	0	0	0
IS	144	0	0	0	0
IS	145	0	0	0	0
IS	146	0	0	0	0
IS	147	0	0	0	0
IS	148	0	0	0	0
IS	149	0	0	0	0
IS	150	0	0	0	0
IS	151	0	0	0	0
IS	152	0	0	0	0
IS	153	0	0	0	0
IS	154	0	0	0	0
IS	155	0	0	0	0
IS	156	0	0	0	0
IS	157	0	0	0	0
IS	158	0	0	0	0
IS	159	0	0	0	0
IS	160	0	0	0	0
IS	161	0	0	0	0
IS	162	0	0	0	0
IS	163	0	0	0	0
IS	164	0	0	0	0
IS	165	0	0	0	0
IS	166	0	0	0	0
IS	167	0	0	0	0
IS	168	0	0	0	0
IS	169	0	0	0	0
IS	170	0	0	0	0
IS	171	0	0	0	0
IS	172	0	0	0	0
IS	173	0	0	0	0
IS	174	0	0	0	0
IS	175	0	0	0	0
IS	176	0	0	0	0
IS	177	0	0	0	0
IS	178	0	0	0	0
IS	179	0	0	0	0
IS	180	0	0	0	0
IS	181	0	0	0	0
IS	182	0	0	0	0
IS	183	0	0	0	0
IS	184	0	0	0	0
IS	185	0	0	0	0
IS	186	0	0	0	0
IS	187	0	0	0	0
IS	188	0	0	0	0
IS	189	0	0	0	0
IS	190	0	0	0	0
IS	191	0	0	0	0
IS	192	0	0	0	0
IS	193	0	0	0	0
IS	194	0	0	0	0
IS	195	0	0	0	0
IS	196	0	0	0	0
IS	197	0	0	0	0
IS	198	0	0	0	0
IS	199	0	0	0	0
IS	200	0	0	0	0
IS	201	0	0	0	0
IS	202	0	0	0	0
IS	203	0	0	0	0
IS	204	0	0	0	0
IS	205	0	0	0	0
IS	206	0	0	0	0
IS	207	0	0	0	0
IS	208	0	0	0	0
IS	209	0	0	0	0
IS	210	0	0	0	0
IS	211	0	0	0	0
IS	212	0	0	0	0
IS	213	0	0	0	0
IS	214	0	0	0	0
IS	215	0	0	0	0
IS	216	0	0	0	0
IS	217	0	0	0	0
IS	218	0	0	0	0
IS	219	0	0	0	0
IS	220	0	0	0	0
IS	221	0	0	0	0
IS	222	0	0	0	0
IS	223	0	0	0	0
IS	224	0	0	0	0
IS	225	0	0	0	0
IS	226	0	0	0	0
IS	227	0	0	0	0
IS	228	0	0	0	0
IS	229	0	0	0	0
IS	230	0	0	0	0
IS	231	0	0	0	0
IS	232	0	0	0	0
IS	233	0	0	0	0
IS	234	0	0	0	0
IS	235	0	0	0	0
IS	236	0	0	0	0
IS	237	0	0	0	0
IS	238	0	0	0	0
IS	239	0	0	0	0
IS	240	0	0	0	0
IS	241	0	0	0	0
IS	242	0	0	0	0
IS	243	0	0	0	0
IS	244	0	0	0	0
IS	245	0	0	0	0
IS	246	0	0	0	0
IS	247	0	0	0	0
IS	248	0	0	0	0
IS	249	0	0	0	0
IS	250	0	0	0	0
IS	251	0	0	0	0
IS	252	0	0	0	0
IS	253	0	0	0	0
IS	254	0	0	0	0
IS	255	0	0	0	0
IS	256	0	0	0	0
IS	257	0	0	0	0
IS	258	0	0	0	0
IS	259	0	0	0	0
IS	260	0	0	0	0
IS	261	0	0	0	0
IS	262	0	0	0	0
IS	263	0	0	0	0
IS	264	0	0	0	0
IS	265	0	0	0	0
IS	266	0	0	0	0
IS	267	0	0	0	0
IS	268	0	0	0	0
IS	269	0	0	0	0
IS	270	0	0	0	0
IS	271	0	0	0	0
IS	272	0	0	0	0
IS	273	0	0	0	0
IS	274	0	0	0	0
IS	275	0	0	0	0
IS	276	0	0	0	0
IS	277	0	0	0	0
IS	278	0	0	0	0
IS	279	0	0	0	0
IS	280	0	0	0	0
IS	281	0	0	0	0
IS	282	0	0	0	0
IS	283	0	0	0	0
IS	284	0	0	0	0
IS	285	0	0	0	0
IS	286	0	0	0	0
IS	287	0	0	0	0
IS	288	0	0	0	0
IS	289	0	0	0	0
IS	290	0	0	0	0
IS	291	0	0	0	0
IS	292	0	0	0	0
IS	293	0	0	0	0
IS	294	0	0	0	0
IS	295	0	0	0	0
IS	296	0	0	0	0
IS	297	0	0	0	0
IS	298	0	0	0	0
IS	299	0	0	0	0
IS	300	0	0	0	0
IS	301	0	0	0	0
IS	302	0	0	0	0
IS	303	0	0	0	0
IS	304	0	0	0	0
IS	305	0	0	0	0
IS	306	0	0	0	0
IS	307	0	0	0	0
IS	308	0	0	0	0
IS	309	0	0	0	0
IS	310	0	0	0	0
IS	311	0	0	0	0
IS	312	0	0	0	0
IS	313	0	0	0	0
IS	314	0	0	0	0
IS	315	0	0	0	0
IS	316	0	0	0	0
IS	317	0	0	0	0
IS	318	0	0	0	0
IS	319	0	0	0	0
IS	320	0	0	0	0
IS	321	0	0	0	0
IS	322	0	0	0	0
IS	323	0	0	0	0
IS	324	0	0	0	0
IS	325	1	1	0	0
IS	326	0	0	0	0
IS	327	0	0	0	0
IS	328	0	0	0	0
IS	329	0	0	0	0
IS	330	0	0	0	0
IS	331	0	0	0	0
IS	332	0	0	0	0
IS	333	0	0	0	0
IS	334	0	0	0	0
IS	335	0	0	0	0
IS	336	0	0	0	0
IS	337	0	0	0	0
IS	338	0	0	0	0
IS	339	0	0	0	0
IS	340	1	1	0	0
IS	341	0	0	0	0
IS	342	0	0	0	0
IS	343	0	0	0	0
IS	344	0	0	0	0
IS	345	0	0	0	0
IS	346	0	0	0	0
IS	347	0	0	0	0
IS	348	0	0	0	0
IS	349	0	0	0	0
IS	350	0	0	0	0
IS	351	0	0	0	0
IS	352	0	0	0	0
IS	353	0	0	0	0
IS	354	0	0	0	0
IS	355	0	0	0	0
IS	356	0	0	0	0
IS	357	0	0	0	0
IS	358	0	0	0	0
IS	359	0	0	0	0
IS	360	0	0	0	0
IS	361	0	0	0	0
IS	362	0	0	0	0
IS	363	1	1	0	0
IS	364	1	1	0	0
IS	365	0	0	0	0
IS	366	0	0	0	0
IS	367	0	0	0	0
IS	368	0	0	0	0
IS	369	1	1	0	0
IS	370	0	0	0	0
IS	371	1	1	0	0
IS	372	1	1	0	0
IS	373	0	0	0	0
IS	374	2	2	0	0
IS	375	1	1	0	0
IS	376	1	1	0	0
IS	377	1	1	0	0
IS	378	0	0	0	0
IS	379	2	2	0	0
IS	380	1	1	0	0
IS	381	2	2	0	0
IS	382	1	1	0	0
IS	383	1	1	0	0
IS	384	1	1	0	0
IS	385	1	1	0	0
IS	386	2	2	0	0
IS	387	0	0	0	0
IS	388	2	2	0	0
IS	389	0	0	0	0
IS	390	1	1	0	0
IS	391	1	1	0	0
IS	392	1	1	0	0
IS	393	1	1	0	0
IS	394	4	4	0	0
IS	395	0	0	0	0
IS	396	4	4	0	0
IS	397	1	1	0	0
IS	398	2	2	0	0
IS	399	5	5	0	0
IS	400	4	4	0	0
IS	401	1	1	0	0
IS	402	1	1	0	0
IS	403	2	2	0	0
IS	404	3	3	0	0
IS	405	1	1	0	0
IS	406	1	1	0	0
IS	407	2	2	0	0
IS	408	5	5	0	0
IS	409	3	3	0	0
IS	410	4	4	0	0
IS	411	5	5	0	0
IS	412	4	4	0	0
IS	413	5	5	0	0
IS	414	3	3	0	0
IS	415	7	7	0	0
IS	416	5	5	0	0
IS	417	3	3	0	0
IS	418	3	3	0	0
IS	419	3	3	0	0
IS	420	3	3	0	0
IS	421	2	2	0	0
IS	422	4	4	0	0
IS	423	8	8	0	0
IS	424	5	5	0	0
IS	425	2	2	0	0
IS	426	3	3	0	0
IS	427	5	5	0	0
IS	428	3	3	0	0
IS	429	7	7	0	0
IS	430	4	4	0	0
IS	431	5	5	0	0
IS	432	6	6	0	0
IS	433	7	7	0	0
IS	434	2	2	0	0
IS	435	1	1	0	0
IS	436	6	6	0	0
IS	437	9	9	0	0
IS	438	6	6	0	0
IS	439	7	7	0	0
IS	440	11	11	0	0
IS	441	12	12	0	0
IS	442	10	10	0	0
IS	443	8	8	0	0
IS	444	12	12	0	0
IS	445	5	5	0	0
IS	446	11	11	0	0
IS	447	10	10	0	0
IS	448	9	9	0	0
IS	449	13	13	0	0
IS	450	15	15	0	0
IS	451	7	7	0	0
IS	452	12	12	0	0
IS	453	14	14	0	0
IS	454	13	13	0	0
IS	455	11	11	0	0
IS	456	15	15	0	0
IS	457	8	8	0	0
IS	458	5	5	0	0
IS	459	20	20	0	0
IS	460	12	12	0	0
IS	461	10	10	0	0
IS	462	14	14	0	0
IS	463	10	10	0	0
IS	464	4	4	0	0
IS	465	12	12	0	0
IS	466	13	13	0	0
IS	467	10	10	0	0
IS	468	21	21	0	0
IS	469	16	16	0	0
IS	470	17	17	0	0
IS	471	9	9	0	0
IS	472	14	14	0	0
IS	473	8	8	0	0
IS	474	16	16	0	0
IS	475	8	8	0	0
IS	476	6	6	0	0
IS	477	13	13	0	0
IS	478	13	13	0	0
IS	479	17	17	0	0
IS	480	11	11	0	0
IS	481	20	20	0	0
IS	482	26	26	0	0
IS	483	20	20	0	0
IS	484	12	12	0	0
IS	485	18	18	0	0
IS	486	15	15	0	0
IS	487	23	23	0	0
IS	488	19	19	0	0
IS	489	9	9	0	0
IS	490	22	22	0	0
IS	491	14	14	0	0
IS	492	20	20	0	0
IS	493	14	14	0	0
IS	494	15	15	0	0
IS	495	13	13	0	0
IS	496	19	19	0	0
IS	497	16	16	0	0
IS	498	13	13	0	0
IS	499	13	13	0	0
IS	500	15	15	0	0
IS	501	13	13	0	0
IS	502	14	14	0	0
IS	503	14	14	0	0
IS	504	11	11	0	0
IS	505	23	23	0	0
IS	506	18	18	0	0
IS	507	13	13	0	0
IS	508	10	10	0	0
IS	509	18	18	0	0
IS	510	14	14	0	0
IS	511	12	12	0	0
IS	512	20	20	0	0
IS	513	19	19	0	0
IS	514	15	15	0	0
IS	515	8	8	0	0
IS	516	16	16	0	0
IS	517	10	10	0	0
IS	518	20	20	0	0
IS	519	17	17	0	0
IS	520	5	5	0	0
IS	521	14	14	0	0
IS	522	11	11	0	0
IS	523	19	19	0	0
IS	524	21	21	0	0
IS	525	10	10	0	0
IS	526	17	17	0	0
IS	527	12	12	0	0
IS	528	12	12	0	0
IS	529	8	8	0	0
IS	530	16	16	0	0
IS	531	12	12	0	0
IS	532	9	9	0	0
IS	533	10	10	0	0
IS	534	17	17	0	0
IS	535	10	10	0	0
IS	536	8	8	0	0
IS	537	20	20	0	0
IS	538	10	10	0	0
IS	539	14	14	0	0
IS	540	12	12	0	0
IS	541	5	5	0	0
IS	542	12	12	0	0
IS	543	12	12	0	0
IS	544	18	18	0	0
IS	545	7	7	0	0
IS	546	13	13	0	0
IS	547	9	9	0	0
IS	548	4	4	0	0
IS	549	7	7	0	0
IS	550	10	10	0	0
IS	551	7	7	0	0
IS	552	13	13	0	0
IS	553	18	18	0	0
IS	554	14	14	0	0
IS	555	5	5	0	0
IS	556	10	10	0	0
IS	557	8	8	0	0
IS	558	12	12	0	0
IS	559	5	5	0	0
IS	560	9	9	0	0
IS	561	7	7	0	0
IS	562	8	8	0	0
IS	563	7	7	0	0
IS	564	5	5	0	0
IS	565	10	10	0	0
IS	566	9	9	0	0
IS	567	7	7	0	0
IS	568	5	5	0	0
IS	569	7	7	0	0
IS	570	5	5	0	0
IS	571	11	11	0	0
IS	572	6	6	0	0
IS	573	4	4	0	0
IS	574	3	3	0	0
IS	575	6	6	0	0
IS	576	6	6	0	0
IS	577	7	7	0	0
IS	578	5	5	0	0
IS	579	4	4	0	0
IS	580	8	8	0	0
IS	581	2	2	0	0
IS	582	2	2	0	0
IS	583	4	4	0	0
IS	584	3	3	0	0
IS	585	1	1	0	0
IS	586	6	6	0	0
IS	587	3	3	0	0
IS	588	5	5	0	0
IS	589	3	3	0	0
IS	590	1	1	0	0
IS	591	2	2	0	0
IS	592	5	5	0	0
IS	593	2	2	0	0
IS	594	4	4	0	0
IS	595	1	1	0	0
IS	596	1	1	0	0
IS	597	4	4	0	0
IS	598	3	3	0	0
IS	599	2	2	0	0
IS	600	3	3	0	0
IS	601	0	0	0	0
IS	602	0	0	0	0
IS	603	2	2	0	0
IS	604	2	2	0	0
IS	605	1	1	0	0
IS	606	4	4	0	0
IS	607	6	6	0	0
IS	608	2	2	0	0
IS	609	0	0	0	0
IS	610	2	2	0	0
IS	611	0	0	0	0
IS	612	2	2	0	0
IS	613	1	1	0	0
IS	614	1	1	0	0
IS	615	1	1	0	0
IS	616	1	1	0	0
IS	617	3	3	0	0
IS	618	2	2	0	0
# Read lengths. Use `grep ^RL | cut -f 2-` to extract this part. The columns are: read length, count
RL	143	1
RL	147	1
RL	150	4004
# Read lengths - first fragments. Use `grep ^FRL | cut -f 2-` to extract this part. The columns are: read length, count
FRL	143	1
FRL	150	2002
# Read lengths - last fragments. Use `grep ^LRL | cut -f 2-` to extract this part. The columns are: read length, count
LRL	147	1
LRL	150	2002
# Mapping qualities for reads !(UNMAP|SECOND|SUPPL|QCFAIL|DUP). Use `grep ^MAPQ | cut -f 2-` to extract this part. The columns are: mapq, count
MAPQ	0	18
MAPQ	27	8
MAPQ	40	34
MAPQ	45	1
MAPQ	46	1
MAPQ	47	2
MAPQ	48	44
MAPQ	50	3
MAPQ	52	2
MAPQ	57	13
MAPQ	60	3880
# Indel distribution. Use `grep ^ID | cut -f 2-` to extract this part. The columns are: length, number of insertions, number of deletions
ID	1	6	0
# Indels per cycle. Use `grep ^IC | cut -f 2-` to extract this part. The columns are: cycle, number of insertions (fwd), .. (rev) , number of deletions (fwd), .. (rev)
IC	7	1	0	0	0
IC	8	1	0	0	0
IC	60	0	1	0	0
IC	67	0	1	0	0
IC	108	0	1	0	0
IC	147	1	0	0	0
# Coverage distribution. Use `grep ^COV | cut -f 2-` to extract this part.
COV	[1-1]	1	4791
COV	[2-2]	2	9588
COV	[3-3]	3	15925
COV	[4-4]	4	19504
COV	[5-5]	5	18830
COV	[6-6]	6	17049
COV	[7-7]	7	13292
COV	[8-8]	8	8918
COV	[9-9]	9	5006
COV	[10-10]	10	2468
COV	[11-11]	11	1006
COV	[12-12]	12	563
COV	[13-13]	13	181
COV	[14-14]	14	20
COV	[15-15]	15	7
# GC-depth. Use `grep ^GCD | cut -f 2-` to extract this part. The columns are: GC%, unique sequence percentiles, 10th, 25th, 50th, 75th and 90th depth percentile
GCD	0.0	15.385	0.000	0.000	0.000	0.000	0.000
GCD	37.0	23.077	2.505	2.505	2.505	2.505	2.505
GCD	38.0	61.538	2.490	2.497	2.505	2.505	2.505
GCD	39.0	76.923	2.505	2.505	2.505	2.505	2.505
GCD	40.0	92.308	2.505	2.505	2.505	2.505	2.505
GCD	46.0	100.000	2.505	2.505	2.505	2.505	2.505
