# This file was produced by samtools stats (1.20+htslib-1.21) and can be plotted using plot-bamstats
# This file contains statistics for all reads.
# The command line was:  stats sample3835.sorted.bam
# CHK, Checksum	[2]Read Names	[3]Sequences	[4]Qualities
# CHK, CRC32 of reads which passed filtering followed by addition (32bit overflow)
CHK	cc3e7a64	52415465	f1f23d24
# Summary Numbers. Use `grep ^SN | cut -f 2-` to extract this part.
SN	raw total sequences:	4006	# excluding supplementary and secondary reads
SN	filtered sequences:	0
SN	sequences:	4006
SN	is sorted:	1
SN	1st fragments:	2003
SN	last fragments:	2003
SN	reads mapped:	4006
SN	reads mapped and paired:	4006	# paired-end technology bit set + both mates mapped
SN	reads unmapped:	0
SN	reads properly paired:	4006	# proper-pair bit set
SN	reads paired:	4006	# paired-end technology bit set
SN	reads duplicated:	0	# PCR or optical duplicate bit set
SN	reads MQ0:	12	# mapped and MQ=0
SN	reads QC failed:	0
SN	non-primary alignments:	0
SN	supplementary alignments:	0
SN	total length:	600900	# ignores clipping
SN	total first fragment length:	300450	# ignores clipping
SN	total last fragment length:	300450	# ignores clipping
SN	bases mapped:	600900	# ignores clipping
SN	bases mapped (cigar):	600900	# more accurate
SN	bases trimmed:	0
SN	bases duplicated:	0
SN	mismatches:	1021	# from NM fields
SN	error rate:	1.699118e-03	# mismatches / bases mapped (cigar)
SN	average length:	150
SN	average first fragment length:	150
SN	average last fragment length:	150
SN	maximum length:	150
SN	maximum first fragment length:	150
SN	maximum last fragment length:	150
SN	average quality:	30.0
SN	insert size average:	498.2
SN	insert size standard deviation:	49.6
SN	inward oriented pairs:	2003
SN	outward oriented pairs:	0
SN	pairs with other orientation:	0
SN	pairs on different chromosomes:	0
SN	percentage of properly paired reads (%):	100.0
# First Fragment Qualities. Use `grep ^FFQ | cut -f 2-` to extract this part.
# Columns correspond to qualities and rows to cycles. First column is the cycle number.
FFQ	1	0	0	0	0	0	0	0	0	0	0	0	0	0	0	0	0	0	0	0	0	0	0	0	0	0	0	0	0	0	0	2003	0
FFQ	2	0	0	0	0	0	0	0	0	0	0	0	0	0	0	0	0	0	0	0	0	0	0	0	0	0	0	0	0	0	0	2003	0
FFQ	3	0	0	0	0	0	0	0	0	0	0	0	0	0	0	0	0	0	0	0	0	0	0	0	0	0	0	0	0	0	0	2003	0
FFQ	4	0	0	0	0	0	0	0	0	0	0	0	0	0	0	0	0	0	0	0	0	0	0	0	0	0	0	0	0	0	0	2003	0
FFQ	5	0	0	0	0	0	0	0	0	0	0	0	0	0	0	0	0	0	0	0	0	0	0	0	0	0	0	0	0	0	0	2003	0
FFQ	6	0	0	0	0	0	0	0	0	0	0	0	0	0	0	0	0	0	0	0	0	0	0	0	0	0	0	0	0	0	0	2003	0
FFQ	7	0	0	0	0	0	0	0	0	0	0	0	0	0	0	0	0	0	0	0	0	0	0	0	0	0	0	0	0	0	0	2003	0
FFQ	8	0	0	0	0	0	0	0	0	0	0	0	0	0	0	0	0	0	0	0	0	0	0	0	0	0	0	0	0	0	0	2003	0
FFQ	9	0	0	0	0	0	0	0	0	0	0	0	0	0	0	0	0	0	0	0	0	0	0	0	0	0	0	0	0	0	0	2003	0
FFQ	10	0	0	0	0	0	0	0	0	0	0	0	0	0	0	0	0	0	0	0	0	0	0	0	0	0	0	0	0	0	0	2003	0
FFQ	11	0	0	0	0	0	0	0	0	0	0	0	0	0	0	0	0	0	0	0	0	0	0	0	0	0	0	0	0	0	0	2003	0
FFQ	12	0	0	0	0	0	0	0	0	0	0	0	0	0	0	0	0	0	0	0	0	0	0	0	0	0	0	0	0	0	0	2003	0
FFQ	13	0	0	0	0	0	0	0	0	0	0	0	0	0	0	0	0	0	0	0	0	0	0	0	0	0	0	0	0	0	0	2003	0
FFQ	14	0	0	0	0	0	0	0	0	0	0	0	0	0	0	0	0	0	0	0	0	0	0	0	0	0	0	0	0	0	0	2003	0
FFQ	15	0	0	0	0	0	0	0	0	0	0	0	0	0	0	0	0	0	0	0	0	0	0	0	0	0	0	0	0	0	0	2003	0
FFQ	16	0	0	0	0	0	0	0	0	0	0	0	0	0	0	0	0	0	0	0	0	0	0	0	0	0	0	0	0	0	0	2003	0
FFQ	17	0	0	0	0	0	0	0	0	0	0	0	0	0	0	0	0	0	0	0	0	0	0	0	0	0	0	0	0	0	0	2003	0
FFQ	18	0	0	0	0	0	0	0	0	0	0	0	0	0	0	0	0	0	0	0	0	0	0	0	0	0	0	0	0	0	0	2003	0
FFQ	19	0	0	0	0	0	0	0	0	0	0	0	0	0	0	0	0	0	0	0	0	0	0	0	0	0	0	0	0	0	0	2003	0
FFQ	20	0	0	0	0	0	0	0	0	0	0	0	0	0	0	0	0	0	0	0	0	0	0	0	0	0	0	0	0	0	0	2003	0
FFQ	21	0	0	0	0	0	0	0	0	0	0	0	0	0	0	0	0	0	0	0	0	0	0	0	0	0	0	0	0	0	0	2003	0
FFQ	22	0	0	0	0	0	0	0	0	0	0	0	0	0	0	0	0	0	0	0	0	0	0	0	0	0	0	0	0	0	0	2003	0
FFQ	23	0	0	0	0	0	0	0	0	0	0	0	0	0	0	0	0	0	0	0	0	0	0	0	0	0	0	0	0	0	0	2003	0
FFQ	24	0	0	0	0	0	0	0	0	0	0	0	0	0	0	0	0	0	0	0	0	0	0	0	0	0	0	0	0	0	0	2003	0
FFQ	25	0	0	0	0	0	0	0	0	0	0	0	0	0	0	0	0	0	0	0	0	0	0	0	0	0	0	0	0	0	0	2003	0
FFQ	26	0	0	0	0	0	0	0	0	0	0	0	0	0	0	0	0	0	0	0	0	0	0	0	0	0	0	0	0	0	0	2003	0
FFQ	27	0	0	0	0	0	0	0	0	0	0	0	0	0	0	0	0	0	0	0	0	0	0	0	0	0	0	0	0	0	0	2003	0
FFQ	28	0	0	0	0	0	0	0	0	0	0	0	0	0	0	0	0	0	0	0	0	0	0	0	0	0	0	0	0	0	0	2003	0
FFQ	29	0	0	0	0	0	0	0	0	0	0	0	0	0	0	0	0	0	0	0	0	0	0	0	0	0	0	0	0	0	0	2003	0
FFQ	30	0	0	0	0	0	0	0	0	0	0	0	0	0	0	0	0	0	0	0	0	0	0	0	0	0	0	0	0	0	0	2003	0
FFQ	31	0	0	0	0	0	0	0	0	0	0	0	0	0	0	0	0	0	0	0	0	0	0	0	0	0	0	0	0	0	0	2003	0
FFQ	32	0	0	0	0	0	0	0	0	0	0	0	0	0	0	0	0	0	0	0	0	0	0	0	0	0	0	0	0	0	0	2003	0
FFQ	33	0	0	0	0	0	0	0	0	0	0	0	0	0	0	0	0	0	0	0	0	0	0	0	0	0	0	0	0	0	0	2003	0
FFQ	34	0	0	0	0	0	0	0	0	0	0	0	0	0	0	0	0	0	0	0	0	0	0	0	0	0	0	0	0	0	0	2003	0
FFQ	35	0	0	0	0	0	0	0	0	0	0	0	0	0	0	0	0	0	0	0	0	0	0	0	0	0	0	0	0	0	0	2003	0
FFQ	36	0	0	0	0	0	0	0	0	0	0	0	0	0	0	0	0	0	0	0	0	0	0	0	0	0	0	0	0	0	0	2003	0
FFQ	37	0	0	0	0	0	0	0	0	0	0	0	0	0	0	0	0	0	0	0	0	0	0	0	0	0	0	0	0	0	0	2003	0
FFQ	38	0	0	0	0	0	0	0	0	0	0	0	0	0	0	0	0	0	0	0	0	0	0	0	0	0	0	0	0	0	0	2003	0
FFQ	39	0	0	0	0	0	0	0	0	0	0	0	0	0	0	0	0	0	0	0	0	0	0	0	0	0	0	0	0	0	0	2003	0
FFQ	40	0	0	0	0	0	0	0	0	0	0	0	0	0	0	0	0	0	0	0	0	0	0	0	0	0	0	0	0	0	0	2003	0
FFQ	41	0	0	0	0	0	0	0	0	0	0	0	0	0	0	0	0	0	0	0	0	0	0	0	0	0	0	0	0	0	0	2003	0
FFQ	42	0	0	0	0	0	0	0	0	0	0	0	0	0	0	0	0	0	0	0	0	0	0	0	0	0	0	0	0	0	0	2003	0
FFQ	43	0	0	0	0	0	0	0	0	0	0	0	0	0	0	0	0	0	0	0	0	0	0	0	0	0	0	0	0	0	0	2003	0
FFQ	44	0	0	0	0	0	0	0	0	0	0	0	0	0	0	0	0	0	0	0	0	0	0	0	0	0	0	0	0	0	0	2003	0
FFQ	45	0	0	0	0	0	0	0	0	0	0	0	0	0	0	0	0	0	0	0	0	0	0	0	0	0	0	0	0	0	0	2003	0
FFQ	46	0	0	0	0	0	0	0	0	0	0	0	0	0	0	0	0	0	0	0	0	0	0	0	0	0	0	0	0	0	0	2003	0
FFQ	47	0	0	0	0	0	0	0	0	0	0	0	0	0	0	0	0	0	0	0	0	0	0	0	0	0	0	0	0	0	0	2003	0
FFQ	48	0	0	0	0	0	0	0	0	0	0	0	0	0	0	0	0	0	0	0	0	0	0	0	0	0	0	0	0	0	0	2003	0
FFQ	49	0	0	0	0	0	0	0	0	0	0	0	0	0	0	0	0	0	0	0	0	0	0	0	0	0	0	0	0	0	0	2003	0
FFQ	50	0	0	0	0	0	0	0	0	0	0	0	0	0	0	0	0	0	0	0	0	0	0	0	0	0	0	0	0	0	0	2003	0
FFQ	51	0	0	0	0	0	0	0	0	0	0	0	0	0	0	0	0	0	0	0	0	0	0	0	0	0	0	0	0	0	0	2003	0
FFQ	52	0	0	0	0	0	0	0	0	0	0	0	0	0	0	0	0	0	0	0	0	0	0	0	0	0	0	0	0	0	0	2003	0
FFQ	53	0	0	0	0	0	0	0	0	0	0	0	0	0	0	0	0	0	0	0	0	0	0	0	0	0	0	0	0	0	0	2003	0
FFQ	54	0	0	0	0	0	0	0	0	0	0	0	0	0	0	0	0	0	0	0	0	0	0	0	0	0	0	0	0	0	0	2003	0
FFQ	55	0	0	0	0	0	0	0	0	0	0	0	0	0	0	0	0	0	0	0	0	0	0	0	0	0	0	0	0	0	0	2003	0
FFQ	56	0	0	0	0	0	0	0	0	0	0	0	0	0	0	0	0	0	0	0	0	0	0	0	0	0	0	0	0	0	0	2003	0
FFQ	57	0	0	0	0	0	0	0	0	0	0	0	0	0	0	0	0	0	0	0	0	0	0	0	0	0	0	0	0	0	0	2003	0
FFQ	58	0	0	0	0	0	0	0	0	0	0	0	0	0	0	0	0	0	0	0	0	0	0	0	0	0	0	0	0	0	0	2003	0
FFQ	59	0	0	0	0	0	0	0	0	0	0	0	0	0	0	0	0	0	0	0	0	0	0	0	0	0	0	0	0	0	0	2003	0
FFQ	60	0	0	0	0	0	0	0	0	0	0	0	0	0	0	0	0	0	0	0	0	0	0	0	0	0	0	0	0	0	0	2003	0
FFQ	61	0	0	0	0	0	0	0	0	0	0	0	0	0	0	0	0	0	0	0	0	0	0	0	0	0	0	0	0	0	0	2003	0
FFQ	62	0	0	0	0	0	0	0	0	0	0	0	0	0	0	0	0	0	0	0	0	0	0	0	0	0	0	0	0	0	0	2003	0
FFQ	63	0	0	0	0	0	0	0	0	0	0	0	0	0	0	0	0	0	0	0	0	0	0	0	0	0	0	0	0	0	0	2003	0
FFQ	64	0	0	0	0	0	0	0	0	0	0	0	0	0	0	0	0	0	0	0	0	0	0	0	0	0	0	0	0	0	0	2003	0
FFQ	65	0	0	0	0	0	0	0	0	0	0	0	0	0	0	0	0	0	0	0	0	0	0	0	0	0	0	0	0	0	0	2003	0
FFQ	66	0	0	0	0	0	0	0	0	0	0	0	0	0	0	0	0	0	0	0	0	0	0	0	0	0	0	0	0	0	0	2003	0
FFQ	67	0	0	0	0	0	0	0	0	0	0	0	0	0	0	0	0	0	0	0	0	0	0	0	0	0	0	0	0	0	0	2003	0
FFQ	68	0	0	0	0	0	0	0	0	0	0	0	0	0	0	0	0	0	0	0	0	0	0	0	0	0	0	0	0	0	0	2003	0
FFQ	69	0	0	0	0	0	0	0	0	0	0	0	0	0	0	0	0	0	0	0	0	0	0	0	0	0	0	0	0	0	0	2003	0
FFQ	70	0	0	0	0	0	0	0	0	0	0	0	0	0	0	0	0	0	0	0	0	0	0	0	0	0	0	0	0	0	0	2003	0
FFQ	71	0	0	0	0	0	0	0	0	0	0	0	0	0	0	0	0	0	0	0	0	0	0	0	0	0	0	0	0	0	0	2003	0
FFQ	72	0	0	0	0	0	0	0	0	0	0	0	0	0	0	0	0	0	0	0	0	0	0	0	0	0	0	0	0	0	0	2003	0
FFQ	73	0	0	0	0	0	0	0	0	0	0	0	0	0	0	0	0	0	0	0	0	0	0	0	0	0	0	0	0	0	0	2003	0
FFQ	74	0	0	0	0	0	0	0	0	0	0	0	0	0	0	0	0	0	0	0	0	0	0	0	0	0	0	0	0	0	0	2003	0
FFQ	75	0	0	0	0	0	0	0	0	0	0	0	0	0	0	0	0	0	0	0	0	0	0	0	0	0	0	0	0	0	0	2003	0
FFQ	76	0	0	0	0	0	0	0	0	0	0	0	0	0	0	0	0	0	0	0	0	0	0	0	0	0	0	0	0	0	0	2003	0
FFQ	77	0	0	0	0	0	0	0	0	0	0	0	0	0	0	0	0	0	0	0	0	0	0	0	0	0	0	0	0	0	0	2003	0
FFQ	78	0	0	0	0	0	0	0	0	0	0	0	0	0	0	0	0	0	0	0	0	0	0	0	0	0	0	0	0	0	0	2003	0
FFQ	79	0	0	0	0	0	0	0	0	0	0	0	0	0	0	0	0	0	0	0	0	0	0	0	0	0	0	0	0	0	0	2003	0
FFQ	80	0	0	0	0	0	0	0	0	0	0	0	0	0	0	0	0	0	0	0	0	0	0	0	0	0	0	0	0	0	0	2003	0
FFQ	81	0	0	0	0	0	0	0	0	0	0	0	0	0	0	0	0	0	0	0	0	0	0	0	0	0	0	0	0	0	0	2003	0
FFQ	82	0	0	0	0	0	0	0	0	0	0	0	0	0	0	0	0	0	0	0	0	0	0	0	0	0	0	0	0	0	0	2003	0
FFQ	83	0	0	0	0	0	0	0	0	0	0	0	0	0	0	0	0	0	0	0	0	0	0	0	0	0	0	0	0	0	0	2003	0
FFQ	84	0	0	0	0	0	0	0	0	0	0	0	0	0	0	0	0	0	0	0	0	0	0	0	0	0	0	0	0	0	0	2003	0
FFQ	85	0	0	0	0	0	0	0	0	0	0	0	0	0	0	0	0	0	0	0	0	0	0	0	0	0	0	0	0	0	0	2003	0
FFQ	86	0	0	0	0	0	0	0	0	0	0	0	0	0	0	0	0	0	0	0	0	0	0	0	0	0	0	0	0	0	0	2003	0
FFQ	87	0	0	0	0	0	0	0	0	0	0	0	0	0	0	0	0	0	0	0	0	0	0	0	0	0	0	0	0	0	0	2003	0
FFQ	88	0	0	0	0	0	0	0	0	0	0	0	0	0	0	0	0	0	0	0	0	0	0	0	0	0	0	0	0	0	0	2003	0
FFQ	89	0	0	0	0	0	0	0	0	0	0	0	0	0	0	0	0	0	0	0	0	0	0	0	0	0	0	0	0	0	0	2003	0
FFQ	90	0	0	0	0	0	0	0	0	0	0	0	0	0	0	0	0	0	0	0	0	0	0	0	0	0	0	0	0	0	0	2003	0
FFQ	91	0	0	0	0	0	0	0	0	0	0	0	0	0	0	0	0	0	0	0	0	0	0	0	0	0	0	0	0	0	0	2003	0
FFQ	92	0	0	0	0	0	0	0	0	0	0	0	0	0	0	0	0	0	0	0	0	0	0	0	0	0	0	0	0	0	0	2003	0
FFQ	93	0	0	0	0	0	0	0	0	0	0	0	0	0	0	0	0	0	0	0	0	0	0	0	0	0	0	0	0	0	0	2003	0
FFQ	94	0	0	0	0	0	0	0	0	0	0	0	0	0	0	0	0	0	0	0	0	0	0	0	0	0	0	0	0	0	0	2003	0
FFQ	95	0	0	0	0	0	0	0	0	0	0	0	0	0	0	0	0	0	0	0	0	0	0	0	0	0	0	0	0	0	0	2003	0
FFQ	96	0	0	0	0	0	0	0	0	0	0	0	0	0	0	0	0	0	0	0	0	0	0	0	0	0	0	0	0	0	0	2003	0
FFQ	97	0	0	0	0	0	0	0	0	0	0	0	0	0	0	0	0	0	0	0	0	0	0	0	0	0	0	0	0	0	0	2003	0
FFQ	98	0	0	0	0	0	0	0	0	0	0	0	0	0	0	0	0	0	0	0	0	0	0	0	0	0	0	0	0	0	0	2003	0
FFQ	99	0	0	0	0	0	0	0	0	0	0	0	0	0	0	0	0	0	0	0	0	0	0	0	0	0	0	0	0	0	0	2003	0
FFQ	100	0	0	0	0	0	0	0	0	0	0	0	0	0	0	0	0	0	0	0	0	0	0	0	0	0	0	0	0	0	0	2003	0
FFQ	101	0	0	0	0	0	0	0	0	0	0	0	0	0	0	0	0	0	0	0	0	0	0	0	0	0	0	0	0	0	0	2003	0
FFQ	102	0	0	0	0	0	0	0	0	0	0	0	0	0	0	0	0	0	0	0	0	0	0	0	0	0	0	0	0	0	0	2003	0
FFQ	103	0	0	0	0	0	0	0	0	0	0	0	0	0	0	0	0	0	0	0	0	0	0	0	0	0	0	0	0	0	0	2003	0
FFQ	104	0	0	0	0	0	0	0	0	0	0	0	0	0	0	0	0	0	0	0	0	0	0	0	0	0	0	0	0	0	0	2003	0
FFQ	105	0	0	0	0	0	0	0	0	0	0	0	0	0	0	0	0	0	0	0	0	0	0	0	0	0	0	0	0	0	0	2003	0
FFQ	106	0	0	0	0	0	0	0	0	0	0	0	0	0	0	0	0	0	0	0	0	0	0	0	0	0	0	0	0	0	0	2003	0
FFQ	107	0	0	0	0	0	0	0	0	0	0	0	0	0	0	0	0	0	0	0	0	0	0	0	0	0	0	0	0	0	0	2003	0
FFQ	108	0	0	0	0	0	0	0	0	0	0	0	0	0	0	0	0	0	0	0	0	0	0	0	0	0	0	0	0	0	0	2003	0
FFQ	109	0	0	0	0	0	0	0	0	0	0	0	0	0	0	0	0	0	0	0	0	0	0	0	0	0	0	0	0	0	0	2003	0
FFQ	110	0	0	0	0	0	0	0	0	0	0	0	0	0	0	0	0	0	0	0	0	0	0	0	0	0	0	0	0	0	0	2003	0
FFQ	111	0	0	0	0	0	0	0	0	0	0	0	0	0	0	0	0	0	0	0	0	0	0	0	0	0	0	0	0	0	0	2003	0
FFQ	112	0	0	0	0	0	0	0	0	0	0	0	0	0	0	0	0	0	0	0	0	0	0	0	0	0	0	0	0	0	0	2003	0
FFQ	113	0	0	0	0	0	0	0	0	0	0	0	0	0	0	0	0	0	0	0	0	0	0	0	0	0	0	0	0	0	0	2003	0
FFQ	114	0	0	0	0	0	0	0	0	0	0	0	0	0	0	0	0	0	0	0	0	0	0	0	0	0	0	0	0	0	0	2003	0
FFQ	115	0	0	0	0	0	0	0	0	0	0	0	0	0	0	0	0	0	0	0	0	0	0	0	0	0	0	0	0	0	0	2003	0
FFQ	116	0	0	0	0	0	0	0	0	0	0	0	0	0	0	0	0	0	0	0	0	0	0	0	0	0	0	0	0	0	0	2003	0
FFQ	117	0	0	0	0	0	0	0	0	0	0	0	0	0	0	0	0	0	0	0	0	0	0	0	0	0	0	0	0	0	0	2003	0
FFQ	118	0	0	0	0	0	0	0	0	0	0	0	0	0	0	0	0	0	0	0	0	0	0	0	0	0	0	0	0	0	0	2003	0
FFQ	119	0	0	0	0	0	0	0	0	0	0	0	0	0	0	0	0	0	0	0	0	0	0	0	0	0	0	0	0	0	0	2003	0
FFQ	120	0	0	0	0	0	0	0	0	0	0	0	0	0	0	0	0	0	0	0	0	0	0	0	0	0	0	0	0	0	0	2003	0
FFQ	121	0	0	0	0	0	0	0	0	0	0	0	0	0	0	0	0	0	0	0	0	0	0	0	0	0	0	0	0	0	0	2003	0
FFQ	122	0	0	0	0	0	0	0	0	0	0	0	0	0	0	0	0	0	0	0	0	0	0	0	0	0	0	0	0	0	0	2003	0
FFQ	123	0	0	0	0	0	0	0	0	0	0	0	0	0	0	0	0	0	0	0	0	0	0	0	0	0	0	0	0	0	0	2003	0
FFQ	124	0	0	0	0	0	0	0	0	0	0	0	0	0	0	0	0	0	0	0	0	0	0	0	0	0	0	0	0	0	0	2003	0
FFQ	125	0	0	0	0	0	0	0	0	0	0	0	0	0	0	0	0	0	0	0	0	0	0	0	0	0	0	0	0	0	0	2003	0
FFQ	126	0	0	0	0	0	0	0	0	0	0	0	0	0	0	0	0	0	0	0	0	0	0	0	0	0	0	0	0	0	0	2003	0
FFQ	127	0	0	0	0	0	0	0	0	0	0	0	0	0	0	0	0	0	0	0	0	0	0	0	0	0	0	0	0	0	0	2003	0
FFQ	128	0	0	0	0	0	0	0	0	0	0	0	0	0	0	0	0	0	0	0	0	0	0	0	0	0	0	0	0	0	0	2003	0
FFQ	129	0	0	0	0	0	0	0	0	0	0	0	0	0	0	0	0	0	0	0	0	0	0	0	0	0	0	0	0	0	0	2003	0
FFQ	130	0	0	0	0	0	0	0	0	0	0	0	0	0	0	0	0	0	0	0	0	0	0	0	0	0	0	0	0	0	0	2003	0
FFQ	131	0	0	0	0	0	0	0	0	0	0	0	0	0	0	0	0	0	0	0	0	0	0	0	0	0	0	0	0	0	0	2003	0
FFQ	132	0	0	0	0	0	0	0	0	0	0	0	0	0	0	0	0	0	0	0	0	0	0	0	0	0	0	0	0	0	0	2003	0
FFQ	133	0	0	0	0	0	0	0	0	0	0	0	0	0	0	0	0	0	0	0	0	0	0	0	0	0	0	0	0	0	0	2003	0
FFQ	134	0	0	0	0	0	0	0	0	0	0	0	0	0	0	0	0	0	0	0	0	0	0	0	0	0	0	0	0	0	0	2003	0
FFQ	135	0	0	0	0	0	0	0	0	0	0	0	0	0	0	0	0	0	0	0	0	0	0	0	0	0	0	0	0	0	0	2003	0
FFQ	136	0	0	0	0	0	0	0	0	0	0	0	0	0	0	0	0	0	0	0	0	0	0	0	0	0	0	0	0	0	0	2003	0
FFQ	137	0	0	0	0	0	0	0	0	0	0	0	0	0	0	0	0	0	0	0	0	0	0	0	0	0	0	0	0	0	0	2003	0
FFQ	138	0	0	0	0	0	0	0	0	0	0	0	0	0	0	0	0	0	0	0	0	0	0	0	0	0	0	0	0	0	0	2003	0
FFQ	139	0	0	0	0	0	0	0	0	0	0	0	0	0	0	0	0	0	0	0	0	0	0	0	0	0	0	0	0	0	0	2003	0
FFQ	140	0	0	0	0	0	0	0	0	0	0	0	0	0	0	0	0	0	0	0	0	0	0	0	0	0	0	0	0	0	0	2003	0
FFQ	141	0	0	0	0	0	0	0	0	0	0	0	0	0	0	0	0	0	0	0	0	0	0	0	0	0	0	0	0	0	0	2003	0
FFQ	142	0	0	0	0	0	0	0	0	0	0	0	0	0	0	0	0	0	0	0	0	0	0	0	0	0	0	0	0	0	0	2003	0
FFQ	143	0	0	0	0	0	0	0	0	0	0	0	0	0	0	0	0	0	0	0	0	0	0	0	0	0	0	0	0	0	0	2003	0
FFQ	144	0	0	0	0	0	0	0	0	0	0	0	0	0	0	0	0	0	0	0	0	0	0	0	0	0	0	0	0	0	0	2003	0
FFQ	145	0	0	0	0	0	0	0	0	0	0	0	0	0	0	0	0	0	0	0	0	0	0	0	0	0	0	0	0	0	0	2003	0
FFQ	146	0	0	0	0	0	0	0	0	0	0	0	0	0	0	0	0	0	0	0	0	0	0	0	0	0	0	0	0	0	0	2003	0
FFQ	147	0	0	0	0	0	0	0	0	0	0	0	0	0	0	0	0	0	0	0	0	0	0	0	0	0	0	0	0	0	0	2003	0
FFQ	148	0	0	0	0	0	0	0	0	0	0	0	0	0	0	0	0	0	0	0	0	0	0	0	0	0	0	0	0	0	0	2003	0
FFQ	149	0	0	0	0	0	0	0	0	0	0	0	0	0	0	0	0	0	0	0	0	0	0	0	0	0	0	0	0	0	0	2003	0
FFQ	150	0	0	0	0	0	0	0	0	0	0	0	0	0	0	0	0	0	0	0	0	0	0	0	0	0	0	0	0	0	0	2003	0
# Last Fragment Qualities. Use `grep ^LFQ | cut -f 2-` to extract this part.
# Columns correspond to qualities and rows to cycles. First column is the cycle number.
LFQ	1	0	0	0	0	0	0	0	0	0	0	0	0	0	0	0	0	0	0	0	0	0	0	0	0	0	0	0	0	0	0	2003	0
LFQ	2	0	0	0	0	0	0	0	0	0	0	0	0	0	0	0	0	0	0	0	0	0	0	0	0	0	0	0	0	0	0	2003	0
LFQ	3	0	0	0	0	0	0	0	0	0	0	0	0	0	0	0	0	0	0	0	0	0	0	0	0	0	0	0	0	0	0	2003	0
LFQ	4	0	0	0	0	0	0	0	0	0	0	0	0	0	0	0	0	0	0	0	0	0	0	0	0	0	0	0	0	0	0	2003	0
LFQ	5	0	0	0	0	0	0	0	0	0	0	0	0	0	0	0	0	0	0	0	0	0	0	0	0	0	0	0	0	0	0	2003	0
LFQ	6	0	0	0	0	0	0	0	0	0	0	0	0	0	0	0	0	0	0	0	0	0	0	0	0	0	0	0	0	0	0	2003	0
LFQ	7	0	0	0	0	0	0	0	0	0	0	0	0	0	0	0	0	0	0	0	0	0	0	0	0	0	0	0	0	0	0	2003	0
LFQ	8	0	0	0	0	0	0	0	0	0	0	0	0	0	0	0	0	0	0	0	0	0	0	0	0	0	0	0	0	0	0	2003	0
LFQ	9	0	0	0	0	0	0	0	0	0	0	0	0	0	0	0	0	0	0	0	0	0	0	0	0	0	0	0	0	0	0	2003	0
LFQ	10	0	0	0	0	0	0	0	0	0	0	0	0	0	0	0	0	0	0	0	0	0	0	0	0	0	0	0	0	0	0	2003	0
LFQ	11	0	0	0	0	0	0	0	0	0	0	0	0	0	0	0	0	0	0	0	0	0	0	0	0	0	0	0	0	0	0	2003	0
LFQ	12	0	0	0	0	0	0	0	0	0	0	0	0	0	0	0	0	0	0	0	0	0	0	0	0	0	0	0	0	0	0	2003	0
LFQ	13	0	0	0	0	0	0	0	0	0	0	0	0	0	0	0	0	0	0	0	0	0	0	0	0	0	0	0	0	0	0	2003	0
LFQ	14	0	0	0	0	0	0	0	0	0	0	0	0	0	0	0	0	0	0	0	0	0	0	0	0	0	0	0	0	0	0	2003	0
LFQ	15	0	0	0	0	0	0	0	0	0	0	0	0	0	0	0	0	0	0	0	0	0	0	0	0	0	0	0	0	0	0	2003	0
LFQ	16	0	0	0	0	0	0	0	0	0	0	0	0	0	0	0	0	0	0	0	0	0	0	0	0	0	0	0	0	0	0	2003	0
LFQ	17	0	0	0	0	0	0	0	0	0	0	0	0	0	0	0	0	0	0	0	0	0	0	0	0	0	0	0	0	0	0	2003	0
LFQ	18	0	0	0	0	0	0	0	0	0	0	0	0	0	0	0	0	0	0	0	0	0	0	0	0	0	0	0	0	0	0	2003	0
LFQ	19	0	0	0	0	0	0	0	0	0	0	0	0	0	0	0	0	0	0	0	0	0	0	0	0	0	0	0	0	0	0	2003	0
LFQ	20	0	0	0	0	0	0	0	0	0	0	0	0	0	0	0	0	0	0	0	0	0	0	0	0	0	0	0	0	0	0	2003	0
LFQ	21	0	0	0	0	0	0	0	0	0	0	0	0	0	0	0	0	0	0	0	0	0	0	0	0	0	0	0	0	0	0	2003	0
LFQ	22	0	0	0	0	0	0	0	0	0	0	0	0	0	0	0	0	0	0	0	0	0	0	0	0	0	0	0	0	0	0	2003	0
LFQ	23	0	0	0	0	0	0	0	0	0	0	0	0	0	0	0	0	0	0	0	0	0	0	0	0	0	0	0	0	0	0	2003	0
LFQ	24	0	0	0	0	0	0	0	0	0	0	0	0	0	0	0	0	0	0	0	0	0	0	0	0	0	0	0	0	0	0	2003	0
LFQ	25	0	0	0	0	0	0	0	0	0	0	0	0	0	0	0	0	0	0	0	0	0	0	0	0	0	0	0	0	0	0	2003	0
LFQ	26	0	0	0	0	0	0	0	0	0	0	0	0	0	0	0	0	0	0	0	0	0	0	0	0	0	0	0	0	0	0	2003	0
LFQ	27	0	0	0	0	0	0	0	0	0	0	0	0	0	0	0	0	0	0	0	0	0	0	0	0	0	0	0	0	0	0	2003	0
LFQ	28	0	0	0	0	0	0	0	0	0	0	0	0	0	0	0	0	0	0	0	0	0	0	0	0	0	0	0	0	0	0	2003	0
LFQ	29	0	0	0	0	0	0	0	0	0	0	0	0	0	0	0	0	0	0	0	0	0	0	0	0	0	0	0	0	0	0	2003	0
LFQ	30	0	0	0	0	0	0	0	0	0	0	0	0	0	0	0	0	0	0	0	0	0	0	0	0	0	0	0	0	0	0	2003	0
LFQ	31	0	0	0	0	0	0	0	0	0	0	0	0	0	0	0	0	0	0	0	0	0	0	0	0	0	0	0	0	0	0	2003	0
LFQ	32	0	0	0	0	0	0	0	0	0	0	0	0	0	0	0	0	0	0	0	0	0	0	0	0	0	0	0	0	0	0	2003	0
LFQ	33	0	0	0	0	0	0	0	0	0	0	0	0	0	0	0	0	0	0	0	0	0	0	0	0	0	0	0	0	0	0	2003	0
LFQ	34	0	0	0	0	0	0	0	0	0	0	0	0	0	0	0	0	0	0	0	0	0	0	0	0	0	0	0	0	0	0	2003	0
LFQ	35	0	0	0	0	0	0	0	0	0	0	0	0	0	0	0	0	0	0	0	0	0	0	0	0	0	0	0	0	0	0	2003	0
LFQ	36	0	0	0	0	0	0	0	0	0	0	0	0	0	0	0	0	0	0	0	0	0	0	0	0	0	0	0	0	0	0	2003	0
LFQ	37	0	0	0	0	0	0	0	0	0	0	0	0	0	0	0	0	0	0	0	0	0	0	0	0	0	0	0	0	0	0	2003	0
LFQ	38	0	0	0	0	0	0	0	0	0	0	0	0	0	0	0	0	0	0	0	0	0	0	0	0	0	0	0	0	0	0	2003	0
LFQ	39	0	0	0	0	0	0	0	0	0	0	0	0	0	0	0	0	0	0	0	0	0	0	0	0	0	0	0	0	0	0	2003	0
LFQ	40	0	0	0	0	0	0	0	0	0	0	0	0	0	0	0	0	0	0	0	0	0	0	0	0	0	0	0	0	0	0	2003	0
LFQ	41	0	0	0	0	0	0	0	0	0	0	0	0	0	0	0	0	0	0	0	0	0	0	0	0	0	0	0	0	0	0	2003	0
LFQ	42	0	0	0	0	0	0	0	0	0	0	0	0	0	0	0	0	0	0	0	0	0	0	0	0	0	0	0	0	0	0	2003	0
LFQ	43	0	0	0	0	0	0	0	0	0	0	0	0	0	0	0	0	0	0	0	0	0	0	0	0	0	0	0	0	0	0	2003	0
LFQ	44	0	0	0	0	0	0	0	0	0	0	0	0	0	0	0	0	0	0	0	0	0	0	0	0	0	0	0	0	0	0	2003	0
LFQ	45	0	0	0	0	0	0	0	0	0	0	0	0	0	0	0	0	0	0	0	0	0	0	0	0	0	0	0	0	0	0	2003	0
LFQ	46	0	0	0	0	0	0	0	0	0	0	0	0	0	0	0	0	0	0	0	0	0	0	0	0	0	0	0	0	0	0	2003	0
LFQ	47	0	0	0	0	0	0	0	0	0	0	0	0	0	0	0	0	0	0	0	0	0	0	0	0	0	0	0	0	0	0	2003	0
LFQ	48	0	0	0	0	0	0	0	0	0	0	0	0	0	0	0	0	0	0	0	0	0	0	0	0	0	0	0	0	0	0	2003	0
LFQ	49	0	0	0	0	0	0	0	0	0	0	0	0	0	0	0	0	0	0	0	0	0	0	0	0	0	0	0	0	0	0	2003	0
LFQ	50	0	0	0	0	0	0	0	0	0	0	0	0	0	0	0	0	0	0	0	0	0	0	0	0	0	0	0	0	0	0	2003	0
LFQ	51	0	0	0	0	0	0	0	0	0	0	0	0	0	0	0	0	0	0	0	0	0	0	0	0	0	0	0	0	0	0	2003	0
LFQ	52	0	0	0	0	0	0	0	0	0	0	0	0	0	0	0	0	0	0	0	0	0	0	0	0	0	0	0	0	0	0	2003	0
LFQ	53	0	0	0	0	0	0	0	0	0	0	0	0	0	0	0	0	0	0	0	0	0	0	0	0	0	0	0	0	0	0	2003	0
LFQ	54	0	0	0	0	0	0	0	0	0	0	0	0	0	0	0	0	0	0	0	0	0	0	0	0	0	0	0	0	0	0	2003	0
LFQ	55	0	0	0	0	0	0	0	0	0	0	0	0	0	0	0	0	0	0	0	0	0	0	0	0	0	0	0	0	0	0	2003	0
LFQ	56	0	0	0	0	0	0	0	0	0	0	0	0	0	0	0	0	0	0	0	0	0	0	0	0	0	0	0	0	0	0	2003	0
LFQ	57	0	0	0	0	0	0	0	0	0	0	0	0	0	0	0	0	0	0	0	0	0	0	0	0	0	0	0	0	0	0	2003	0
LFQ	58	0	0	0	0	0	0	0	0	0	0	0	0	0	0	0	0	0	0	0	0	0	0	0	0	0	0	0	0	0	0	2003	0
LFQ	59	0	0	0	0	0	0	0	0	0	0	0	0	0	0	0	0	0	0	0	0	0	0	0	0	0	0	0	0	0	0	2003	0
LFQ	60	0	0	0	0	0	0	0	0	0	0	0	0	0	0	0	0	0	0	0	0	0	0	0	0	0	0	0	0	0	0	2003	0
LFQ	61	0	0	0	0	0	0	0	0	0	0	0	0	0	0	0	0	0	0	0	0	0	0	0	0	0	0	0	0	0	0	2003	0
LFQ	62	0	0	0	0	0	0	0	0	0	0	0	0	0	0	0	0	0	0	0	0	0	0	0	0	0	0	0	0	0	0	2003	0
LFQ	63	0	0	0	0	0	0	0	0	0	0	0	0	0	0	0	0	0	0	0	0	0	0	0	0	0	0	0	0	0	0	2003	0
LFQ	64	0	0	0	0	0	0	0	0	0	0	0	0	0	0	0	0	0	0	0	0	0	0	0	0	0	0	0	0	0	0	2003	0
LFQ	65	0	0	0	0	0	0	0	0	0	0	0	0	0	0	0	0	0	0	0	0	0	0	0	0	0	0	0	0	0	0	2003	0
LFQ	66	0	0	0	0	0	0	0	0	0	0	0	0	0	0	0	0	0	0	0	0	0	0	0	0	0	0	0	0	0	0	2003	0
LFQ	67	0	0	0	0	0	0	0	0	0	0	0	0	0	0	0	0	0	0	0	0	0	0	0	0	0	0	0	0	0	0	2003	0
LFQ	68	0	0	0	0	0	0	0	0	0	0	0	0	0	0	0	0	0	0	0	0	0	0	0	0	0	0	0	0	0	0	2003	0
LFQ	69	0	0	0	0	0	0	0	0	0	0	0	0	0	0	0	0	0	0	0	0	0	0	0	0	0	0	0	0	0	0	2003	0
LFQ	70	0	0	0	0	0	0	0	0	0	0	0	0	0	0	0	0	0	0	0	0	0	0	0	0	0	0	0	0	0	0	2003	0
LFQ	71	0	0	0	0	0	0	0	0	0	0	0	0	0	0	0	0	0	0	0	0	0	0	0	0	0	0	0	0	0	0	2003	0
LFQ	72	0	0	0	0	0	0	0	0	0	0	0	0	0	0	0	0	0	0	0	0	0	0	0	0	0	0	0	0	0	0	2003	0
LFQ	73	0	0	0	0	0	0	0	0	0	0	0	0	0	0	0	0	0	0	0	0	0	0	0	0	0	0	0	0	0	0	2003	0
LFQ	74	0	0	0	0	0	0	0	0	0	0	0	0	0	0	0	0	0	0	0	0	0	0	0	0	0	0	0	0	0	0	2003	0
LFQ	75	0	0	0	0	0	0	0	0	0	0	0	0	0	0	0	0	0	0	0	0	0	0	0	0	0	0	0	0	0	0	2003	0
LFQ	76	0	0	0	0	0	0	0	0	0	0	0	0	0	0	0	0	0	0	0	0	0	0	0	0	0	0	0	0	0	0	2003	0
LFQ	77	0	0	0	0	0	0	0	0	0	0	0	0	0	0	0	0	0	0	0	0	0	0	0	0	0	0	0	0	0	0	2003	0
LFQ	78	0	0	0	0	0	0	0	0	0	0	0	0	0	0	0	0	0	0	0	0	0	0	0	0	0	0	0	0	0	0	2003	0
LFQ	79	0	0	0	0	0	0	0	0	0	0	0	0	0	0	0	0	0	0	0	0	0	0	0	0	0	0	0	0	0	0	2003	0
LFQ	80	0	0	0	0	0	0	0	0	0	0	0	0	0	0	0	0	0	0	0	0	0	0	0	0	0	0	0	0	0	0	2003	0
LFQ	81	0	0	0	0	0	0	0	0	0	0	0	0	0	0	0	0	0	0	0	0	0	0	0	0	0	0	0	0	0	0	2003	0
LFQ	82	0	0	0	0	0	0	0	0	0	0	0	0	0	0	0	0	0	0	0	0	0	0	0	0	0	0	0	0	0	0	2003	0
LFQ	83	0	0	0	0	0	0	0	0	0	0	0	0	0	0	0	0	0	0	0	0	0	0	0	0	0	0	0	0	0	0	2003	0
LFQ	84	0	0	0	0	0	0	0	0	0	0	0	0	0	0	0	0	0	0	0	0	0	0	0	0	0	0	0	0	0	0	2003	0
LFQ	85	0	0	0	0	0	0	0	0	0	0	0	0	0	0	0	0	0	0	0	0	0	0	0	0	0	0	0	0	0	0	2003	0
LFQ	86	0	0	0	0	0	0	0	0	0	0	0	0	0	0	0	0	0	0	0	0	0	0	0	0	0	0	0	0	0	0	2003	0
LFQ	87	0	0	0	0	0	0	0	0	0	0	0	0	0	0	0	0	0	0	0	0	0	0	0	0	0	0	0	0	0	0	2003	0
LFQ	88	0	0	0	0	0	0	0	0	0	0	0	0	0	0	0	0	0	0	0	0	0	0	0	0	0	0	0	0	0	0	2003	0
LFQ	89	0	0	0	0	0	0	0	0	0	0	0	0	0	0	0	0	0	0	0	0	0	0	0	0	0	0	0	0	0	0	2003	0
LFQ	90	0	0	0	0	0	0	0	0	0	0	0	0	0	0	0	0	0	0	0	0	0	0	0	0	0	0	0	0	0	0	2003	0
LFQ	91	0	0	0	0	0	0	0	0	0	0	0	0	0	0	0	0	0	0	0	0	0	0	0	0	0	0	0	0	0	0	2003	0
LFQ	92	0	0	0	0	0	0	0	0	0	0	0	0	0	0	0	0	0	0	0	0	0	0	0	0	0	0	0	0	0	0	2003	0
LFQ	93	0	0	0	0	0	0	0	0	0	0	0	0	0	0	0	0	0	0	0	0	0	0	0	0	0	0	0	0	0	0	2003	0
LFQ	94	0	0	0	0	0	0	0	0	0	0	0	0	0	0	0	0	0	0	0	0	0	0	0	0	0	0	0	0	0	0	2003	0
LFQ	95	0	0	0	0	0	0	0	0	0	0	0	0	0	0	0	0	0	0	0	0	0	0	0	0	0	0	0	0	0	0	2003	0
LFQ	96	0	0	0	0	0	0	0	0	0	0	0	0	0	0	0	0	0	0	0	0	0	0	0	0	0	0	0	0	0	0	2003	0
LFQ	97	0	0	0	0	0	0	0	0	0	0	0	0	0	0	0	0	0	0	0	0	0	0	0	0	0	0	0	0	0	0	2003	0
LFQ	98	0	0	0	0	0	0	0	0	0	0	0	0	0	0	0	0	0	0	0	0	0	0	0	0	0	0	0	0	0	0	2003	0
LFQ	99	0	0	0	0	0	0	0	0	0	0	0	0	0	0	0	0	0	0	0	0	0	0	0	0	0	0	0	0	0	0	2003	0
LFQ	100	0	0	0	0	0	0	0	0	0	0	0	0	0	0	0	0	0	0	0	0	0	0	0	0	0	0	0	0	0	0	2003	0
LFQ	101	0	0	0	0	0	0	0	0	0	0	0	0	0	0	0	0	0	0	0	0	0	0	0	0	0	0	0	0	0	0	2003	0
LFQ	102	0	0	0	0	0	0	0	0	0	0	0	0	0	0	0	0	0	0	0	0	0	0	0	0	0	0	0	0	0	0	2003	0
LFQ	103	0	0	0	0	0	0	0	0	0	0	0	0	0	0	0	0	0	0	0	0	0	0	0	0	0	0	0	0	0	0	2003	0
LFQ	104	0	0	0	0	0	0	0	0	0	0	0	0	0	0	0	0	0	0	0	0	0	0	0	0	0	0	0	0	0	0	2003	0
LFQ	105	0	0	0	0	0	0	0	0	0	0	0	0	0	0	0	0	0	0	0	0	0	0	0	0	0	0	0	0	0	0	2003	0
LFQ	106	0	0	0	0	0	0	0	0	0	0	0	0	0	0	0	0	0	0	0	0	0	0	0	0	0	0	0	0	0	0	2003	0
LFQ	107	0	0	0	0	0	0	0	0	0	0	0	0	0	0	0	0	0	0	0	0	0	0	0	0	0	0	0	0	0	0	2003	0
LFQ	108	0	0	0	0	0	0	0	0	0	0	0	0	0	0	0	0	0	0	0	0	0	0	0	0	0	0	0	0	0	0	2003	0
LFQ	109	0	0	0	0	0	0	0	0	0	0	0	0	0	0	0	0	0	0	0	0	0	0	0	0	0	0	0	0	0	0	2003	0
LFQ	110	0	0	0	0	0	0	0	0	0	0	0	0	0	0	0	0	0	0	0	0	0	0	0	0	0	0	0	0	0	0	2003	0
LFQ	111	0	0	0	0	0	0	0	0	0	0	0	0	0	0	0	0	0	0	0	0	0	0	0	0	0	0	0	0	0	0	2003	0
LFQ	112	0	0	0	0	0	0	0	0	0	0	0	0	0	0	0	0	0	0	0	0	0	0	0	0	0	0	0	0	0	0	2003	0
LFQ	113	0	0	0	0	0	0	0	0	0	0	0	0	0	0	0	0	0	0	0	0	0	0	0	0	0	0	0	0	0	0	2003	0
LFQ	114	0	0	0	0	0	0	0	0	0	0	0	0	0	0	0	0	0	0	0	0	0	0	0	0	0	0	0	0	0	0	2003	0
LFQ	115	0	0	0	0	0	0	0	0	0	0	0	0	0	0	0	0	0	0	0	0	0	0	0	0	0	0	0	0	0	0	2003	0
LFQ	116	0	0	0	0	0	0	0	0	0	0	0	0	0	0	0	0	0	0	0	0	0	0	0	0	0	0	0	0	0	0	2003	0
LFQ	117	0	0	0	0	0	0	0	0	0	0	0	0	0	0	0	0	0	0	0	0	0	0	0	0	0	0	0	0	0	0	2003	0
LFQ	118	0	0	0	0	0	0	0	0	0	0	0	0	0	0	0	0	0	0	0	0	0	0	0	0	0	0	0	0	0	0	2003	0
LFQ	119	0	0	0	0	0	0	0	0	0	0	0	0	0	0	0	0	0	0	0	0	0	0	0	0	0	0	0	0	0	0	2003	0
LFQ	120	0	0	0	0	0	0	0	0	0	0	0	0	0	0	0	0	0	0	0	0	0	0	0	0	0	0	0	0	0	0	2003	0
LFQ	121	0	0	0	0	0	0	0	0	0	0	0	0	0	0	0	0	0	0	0	0	0	0	0	0	0	0	0	0	0	0	2003	0
LFQ	122	0	0	0	0	0	0	0	0	0	0	0	0	0	0	0	0	0	0	0	0	0	0	0	0	0	0	0	0	0	0	2003	0
LFQ	123	0	0	0	0	0	0	0	0	0	0	0	0	0	0	0	0	0	0	0	0	0	0	0	0	0	0	0	0	0	0	2003	0
LFQ	124	0	0	0	0	0	0	0	0	0	0	0	0	0	0	0	0	0	0	0	0	0	0	0	0	0	0	0	0	0	0	2003	0
LFQ	125	0	0	0	0	0	0	0	0	0	0	0	0	0	0	0	0	0	0	0	0	0	0	0	0	0	0	0	0	0	0	2003	0
LFQ	126	0	0	0	0	0	0	0	0	0	0	0	0	0	0	0	0	0	0	0	0	0	0	0	0	0	0	0	0	0	0	2003	0
LFQ	127	0	0	0	0	0	0	0	0	0	0	0	0	0	0	0	0	0	0	0	0	0	0	0	0	0	0	0	0	0	0	2003	0
LFQ	128	0	0	0	0	0	0	0	0	0	0	0	0	0	0	0	0	0	0	0	0	0	0	0	0	0	0	0	0	0	0	2003	0
LFQ	129	0	0	0	0	0	0	0	0	0	0	0	0	0	0	0	0	0	0	0	0	0	0	0	0	0	0	0	0	0	0	2003	0
LFQ	130	0	0	0	0	0	0	0	0	0	0	0	0	0	0	0	0	0	0	0	0	0	0	0	0	0	0	0	0	0	0	2003	0
LFQ	131	0	0	0	0	0	0	0	0	0	0	0	0	0	0	0	0	0	0	0	0	0	0	0	0	0	0	0	0	0	0	2003	0
LFQ	132	0	0	0	0	0	0	0	0	0	0	0	0	0	0	0	0	0	0	0	0	0	0	0	0	0	0	0	0	0	0	2003	0
LFQ	133	0	0	0	0	0	0	0	0	0	0	0	0	0	0	0	0	0	0	0	0	0	0	0	0	0	0	0	0	0	0	2003	0
LFQ	134	0	0	0	0	0	0	0	0	0	0	0	0	0	0	0	0	0	0	0	0	0	0	0	0	0	0	0	0	0	0	2003	0
LFQ	135	0	0	0	0	0	0	0	0	0	0	0	0	0	0	0	0	0	0	0	0	0	0	0	0	0	0	0	0	0	0	2003	0
LFQ	136	0	0	0	0	0	0	0	0	0	0	0	0	0	0	0	0	0	0	0	0	0	0	0	0	0	0	0	0	0	0	2003	0
LFQ	137	0	0	0	0	0	0	0	0	0	0	0	0	0	0	0	0	0	0	0	0	0	0	0	0	0	0	0	0	0	0	2003	0
LFQ	138	0	0	0	0	0	0	0	0	0	0	0	0	0	0	0	0	0	0	0	0	0	0	0	0	0	0	0	0	0	0	2003	0
LFQ	139	0	0	0	0	0	0	0	0	0	0	0	0	0	0	0	0	0	0	0	0	0	0	0	0	0	0	0	0	0	0	2003	0
LFQ	140	0	0	0	0	0	0	0	0	0	0	0	0	0	0	0	0	0	0	0	0	0	0	0	0	0	0	0	0	0	0	2003	0
LFQ	141	0	0	0	0	0	0	0	0	0	0	0	0	0	0	0	0	0	0	0	0	0	0	0	0	0	0	0	0	0	0	2003	0
LFQ	142	0	0	0	0	0	0	0	0	0	0	0	0	0	0	0	0	0	0	0	0	0	0	0	0	0	0	0	0	0	0	2003	0
LFQ	143	0	0	0	0	0	0	0	0	0	0	0	0	0	0	0	0	0	0	0	0	0	0	0	0	0	0	0	0	0	0	2003	0
LFQ	144	0	0	0	0	0	0	0	0	0	0	0	0	0	0	0	0	0	0	0	0	0	0	0	0	0	0	0	0	0	0	2003	0
LFQ	145	0	0	0	0	0	0	0	0	0	0	0	0	0	0	0	0	0	0	0	0	0	0	0	0	0	0	0	0	0	0	2003	0
LFQ	146	0	0	0	0	0	0	0	0	0	0	0	0	0	0	0	0	0	0	0	0	0	0	0	0	0	0	0	0	0	0	2003	0
LFQ	147	0	0	0	0	0	0	0	0	0	0	0	0	0	0	0	0	0	0	0	0	0	0	0	0	0	0	0	0	0	0	2003	0
LFQ	148	0	0	0	0	0	0	0	0	0	0	0	0	0	0	0	0	0	0	0	0	0	0	0	0	0	0	0	0	0	0	2003	0
LFQ	149	0	0	0	0	0	0	0	0	0	0	0	0	0	0	0	0	0	0	0	0	0	0	0	0	0	0	0	0	0	0	2003	0
LFQ	150	0	0	0	0	0	0	0	0	0	0	0	0	0	0	0	0	0	0	0	0	0	0	0	0	0	0	0	0	0	0	2003	0
# GC Content of first fragments. Use `grep ^GCF | cut -f 2-` to extract this part.
GCF	4.77	0
GCF	10.05	1
GCF	10.80	0
GCF	11.31	1
GCF	13.32	0
GCF	15.33	1
GCF	16.08	0
GCF	16.83	1
GCF	17.84	0
GCF	18.84	1
GCF	19.35	2
GCF	20.35	3
GCF	21.36	2
GCF	22.11	7
GCF	22.86	4
GCF	23.37	9
GCF	24.12	6
GCF	24.87	14
GCF	25.38	11
GCF	26.13	16
GCF	26.88	12
GCF	27.39	19
GCF	28.14	23
GCF	28.89	41
GCF	29.40	49
GCF	30.15	47
GCF	30.90	40
GCF	31.41	37
GCF	32.16	40
GCF	32.91	47
GCF	33.42	51
GCF	33.92	75
GCF	34.67	68
GCF	35.43	81
GCF	35.93	75
GCF	36.68	71
GCF	37.44	75
GCF	37.94	71
GCF	38.69	56
GCF	39.45	64
GCF	39.95	74
GCF	40.95	64
GCF	41.96	49
GCF	42.71	62
GCF	43.47	59
GCF	43.97	51
GCF	44.72	44
GCF	45.48	49
GCF	45.98	53
GCF	46.73	43
GCF	47.49	29
GCF	47.99	36
GCF	48.74	27
GCF	49.50	22
GCF	50.00	23
GCF	50.75	14
GCF	51.51	17
GCF	52.01	13
GCF	53.02	9
GCF	54.02	4
GCF	54.77	6
GCF	55.53	8
GCF	56.03	5
GCF	56.78	8
GCF	57.54	2
GCF	58.04	8
GCF	58.79	1
GCF	59.55	2
GCF	60.05	4
GCF	61.06	2
GCF	62.56	1
GCF	63.57	2
GCF	64.07	4
GCF	65.08	1
GCF	66.33	0
GCF	67.34	1
GCF	68.34	0
GCF	69.35	1
GCF	70.10	0
GCF	70.60	4
# GC Content of last fragments. Use `grep ^GCL | cut -f 2-` to extract this part.
GCL	3.77	0
GCL	8.04	1
GCL	12.81	0
GCL	17.34	1
GCL	18.09	2
GCL	19.10	0
GCL	20.10	3
GCL	20.85	2
GCL	21.36	4
GCL	22.11	2
GCL	22.86	3
GCL	23.37	10
GCL	24.12	13
GCL	24.87	15
GCL	25.38	22
GCL	26.13	15
GCL	26.88	20
GCL	27.39	25
GCL	28.14	23
GCL	28.89	33
GCL	29.40	38
GCL	30.40	33
GCL	31.41	41
GCL	32.16	48
GCL	32.91	47
GCL	33.42	58
GCL	33.92	65
GCL	34.67	68
GCL	35.43	86
GCL	35.93	75
GCL	36.68	74
GCL	37.44	100
GCL	37.94	70
GCL	38.69	86
GCL	39.45	58
GCL	39.95	62
GCL	40.70	51
GCL	41.46	82
GCL	41.96	50
GCL	42.71	56
GCL	43.47	44
GCL	43.97	47
GCL	44.72	53
GCL	45.48	41
GCL	45.98	50
GCL	46.73	41
GCL	47.49	47
GCL	47.99	27
GCL	48.74	30
GCL	49.50	21
GCL	50.00	19
GCL	50.75	12
GCL	51.51	17
GCL	52.01	8
GCL	52.76	3
GCL	53.77	8
GCL	54.77	7
GCL	55.53	11
GCL	56.03	5
GCL	56.78	6
GCL	57.54	4
GCL	58.54	2
GCL	59.55	4
GCL	60.05	1
GCL	60.80	4
GCL	61.56	2
GCL	63.82	0
GCL	66.08	1
GCL	67.34	0
GCL	69.35	1
# ACGT content per cycle. Use `grep ^GCC | cut -f 2-` to extract this part. The columns are: cycle; A,C,G,T base counts as a percentage of all A/C/G/T bases [%]; and N and O counts as a percentage of all A/C/G/T bases [%]
GCC	1	31.30	19.65	18.92	30.13	0.00	0.00
GCC	2	29.73	20.02	19.07	31.18	0.00	0.00
GCC	3	31.38	19.42	18.80	30.40	0.00	0.00
GCC	4	30.90	19.72	19.22	30.15	0.00	0.00
GCC	5	30.83	18.70	19.20	31.28	0.00	0.00
GCC	6	31.05	19.80	18.80	30.35	0.00	0.00
GCC	7	30.23	19.40	19.30	31.08	0.00	0.00
GCC	8	32.18	19.50	19.27	29.06	0.00	0.00
GCC	9	31.18	20.22	18.85	29.76	0.00	0.00
GCC	10	31.30	19.87	19.00	29.83	0.00	0.00
GCC	11	31.90	18.82	18.50	30.78	0.00	0.00
GCC	12	30.50	19.65	19.45	30.40	0.00	0.00
GCC	13	30.33	18.62	19.80	31.25	0.00	0.00
GCC	14	30.13	20.47	19.70	29.71	0.00	0.00
GCC	15	30.78	19.87	19.47	29.88	0.00	0.00
GCC	16	30.98	20.39	18.82	29.81	0.00	0.00
GCC	17	32.98	19.55	18.42	29.06	0.00	0.00
GCC	18	29.46	20.29	19.12	31.13	0.00	0.00
GCC	19	30.18	19.60	19.15	31.08	0.00	0.00
GCC	20	31.15	19.05	19.35	30.45	0.00	0.00
GCC	21	30.65	19.72	19.40	30.23	0.00	0.00
GCC	22	30.38	19.52	19.17	30.93	0.00	0.00
GCC	23	30.43	20.22	18.75	30.60	0.00	0.00
GCC	24	30.58	20.32	18.65	30.45	0.00	0.00
GCC	25	30.58	20.09	18.00	31.33	0.00	0.00
GCC	26	31.20	19.70	18.10	31.00	0.00	0.00
GCC	27	30.80	19.77	18.82	30.60	0.00	0.00
GCC	28	30.78	19.50	20.02	29.71	0.00	0.00
GCC	29	30.63	20.14	18.90	30.33	0.00	0.00
GCC	30	32.08	19.80	18.35	29.78	0.00	0.00
GCC	31	29.71	20.44	19.00	30.85	0.00	0.00
GCC	32	31.33	19.82	18.90	29.96	0.00	0.00
GCC	33	30.08	19.80	18.42	31.70	0.00	0.00
GCC	34	30.80	20.09	19.25	29.86	0.00	0.00
GCC	35	31.58	18.75	18.60	31.08	0.00	0.00
GCC	36	30.18	19.25	18.02	32.55	0.00	0.00
GCC	37	29.41	20.14	18.95	31.50	0.00	0.00
GCC	38	31.33	19.27	18.42	30.98	0.00	0.00
GCC	39	30.60	19.70	18.45	31.25	0.00	0.00
GCC	40	30.93	20.07	18.80	30.20	0.00	0.00
GCC	41	29.36	20.19	18.20	32.25	0.00	0.00
GCC	42	30.68	20.79	17.77	30.75	0.00	0.00
GCC	43	30.13	19.55	18.92	31.40	0.00	0.00
GCC	44	31.30	19.80	17.90	31.00	0.00	0.00
GCC	45	29.46	18.65	19.30	32.60	0.00	0.00
GCC	46	31.18	19.95	17.95	30.93	0.00	0.00
GCC	47	30.15	20.04	18.90	30.90	0.00	0.00
GCC	48	30.75	20.09	18.50	30.65	0.00	0.00
GCC	49	31.23	19.75	18.27	30.75	0.00	0.00
GCC	50	30.10	21.17	18.92	29.81	0.00	0.00
GCC	51	30.53	20.29	18.80	30.38	0.00	0.00
GCC	52	30.98	19.87	19.30	29.86	0.00	0.00
GCC	53	30.63	20.04	18.62	30.70	0.00	0.00
GCC	54	30.45	19.55	19.65	30.35	0.00	0.00
GCC	55	31.00	20.04	17.82	31.13	0.00	0.00
GCC	56	29.96	19.47	19.27	31.30	0.00	0.00
GCC	57	30.88	19.95	18.80	30.38	0.00	0.00
GCC	58	30.88	20.49	17.55	31.08	0.00	0.00
GCC	59	31.83	18.67	18.75	30.75	0.00	0.00
GCC	60	29.56	19.30	20.14	31.00	0.00	0.00
GCC	61	31.88	19.57	18.55	30.00	0.00	0.00
GCC	62	31.13	19.47	19.15	30.25	0.00	0.00
GCC	63	30.18	18.97	19.55	31.30	0.00	0.00
GCC	64	30.55	20.42	19.30	29.73	0.00	0.00
GCC	65	31.08	20.24	18.05	30.63	0.00	0.00
GCC	66	32.43	18.92	18.72	29.93	0.00	0.00
GCC	67	30.58	20.22	18.12	31.08	0.00	0.00
GCC	68	29.56	20.34	18.45	31.65	0.00	0.00
GCC	69	31.15	19.40	18.52	30.93	0.00	0.00
GCC	70	30.80	20.32	18.10	30.78	0.00	0.00
GCC	71	29.88	20.19	18.17	31.75	0.00	0.00
GCC	72	30.63	19.25	19.27	30.85	0.00	0.00
GCC	73	30.30	20.12	19.30	30.28	0.00	0.00
GCC	74	30.83	19.37	17.90	31.90	0.00	0.00
GCC	75	31.15	19.72	19.20	29.93	0.00	0.00
GCC	76	31.63	19.32	18.37	30.68	0.00	0.00
GCC	77	31.08	19.27	19.87	29.78	0.00	0.00
GCC	78	31.18	20.44	18.70	29.68	0.00	0.00
GCC	79	30.00	19.80	19.82	30.38	0.00	0.00
GCC	80	30.58	21.22	18.85	29.36	0.00	0.00
GCC	81	30.88	19.77	18.82	30.53	0.00	0.00
GCC	82	32.03	18.85	18.57	30.55	0.00	0.00
GCC	83	29.58	21.07	18.40	30.95	0.00	0.00
GCC	84	30.03	21.22	19.02	29.73	0.00	0.00
GCC	85	30.88	20.82	18.10	30.20	0.00	0.00
GCC	86	30.43	20.69	18.77	30.10	0.00	0.00
GCC	87	30.10	19.95	19.70	30.25	0.00	0.00
GCC	88	31.45	20.07	19.32	29.16	0.00	0.00
GCC	89	30.53	19.57	19.07	30.83	0.00	0.00
GCC	90	30.78	18.35	19.37	31.50	0.00	0.00
GCC	91	30.75	20.27	18.97	30.00	0.00	0.00
GCC	92	30.03	19.67	19.17	31.13	0.00	0.00
GCC	93	31.03	19.80	18.87	30.30	0.00	0.00
GCC	94	29.76	20.44	18.82	30.98	0.00	0.00
GCC	95	29.51	21.29	17.95	31.25	0.00	0.00
GCC	96	30.75	20.17	18.15	30.93	0.00	0.00
GCC	97	30.83	20.19	18.80	30.18	0.00	0.00
GCC	98	31.73	19.67	18.45	30.15	0.00	0.00
GCC	99	30.23	20.19	19.15	30.43	0.00	0.00
GCC	100	29.76	19.72	19.92	30.60	0.00	0.00
GCC	101	30.00	19.27	19.87	30.85	0.00	0.00
GCC	102	30.03	19.40	18.95	31.63	0.00	0.00
GCC	103	30.68	19.45	19.50	30.38	0.00	0.00
GCC	104	30.65	20.62	18.65	30.08	0.00	0.00
GCC	105	31.18	20.52	18.50	29.81	0.00	0.00
GCC	106	31.23	19.42	18.45	30.90	0.00	0.00
GCC	107	30.88	20.02	18.67	30.43	0.00	0.00
GCC	108	32.18	18.72	18.77	30.33	0.00	0.00
GCC	109	30.98	19.47	18.55	31.00	0.00	0.00
GCC	110	30.85	19.90	18.92	30.33	0.00	0.00
GCC	111	31.30	19.62	18.42	30.65	0.00	0.00
GCC	112	30.68	20.07	19.12	30.13	0.00	0.00
GCC	113	31.25	18.80	18.80	31.15	0.00	0.00
GCC	114	31.25	18.82	19.67	30.25	0.00	0.00
GCC	115	30.38	19.25	19.82	30.55	0.00	0.00
GCC	116	30.03	19.60	18.92	31.45	0.00	0.00
GCC	117	30.53	19.60	19.20	30.68	0.00	0.00
GCC	118	30.68	19.95	18.72	30.65	0.00	0.00
GCC	119	30.50	20.07	18.42	31.00	0.00	0.00
GCC	120	30.95	20.24	19.15	29.66	0.00	0.00
GCC	121	30.95	20.09	19.27	29.68	0.00	0.00
GCC	122	29.51	19.35	19.75	31.40	0.00	0.00
GCC	123	29.91	21.22	18.85	30.03	0.00	0.00
GCC	124	29.68	20.52	19.12	30.68	0.00	0.00
GCC	125	31.28	19.75	18.70	30.28	0.00	0.00
GCC	126	30.93	18.57	19.22	31.28	0.00	0.00
GCC	127	28.98	20.27	19.22	31.53	0.00	0.00
GCC	128	30.40	20.14	18.67	30.78	0.00	0.00
GCC	129	29.31	20.52	19.65	30.53	0.00	0.00
GCC	130	30.40	19.00	19.42	31.18	0.00	0.00
GCC	131	31.85	20.24	18.17	29.73	0.00	0.00
GCC	132	30.65	19.22	18.02	32.10	0.00	0.00
GCC	133	30.53	20.32	19.02	30.13	0.00	0.00
GCC	134	30.08	20.02	18.15	31.75	0.00	0.00
GCC	135	30.78	19.95	18.60	30.68	0.00	0.00
GCC	136	31.75	18.85	18.77	30.63	0.00	0.00
GCC	137	30.95	20.07	18.82	30.15	0.00	0.00
GCC	138	30.60	19.90	20.17	29.33	0.00	0.00
GCC	139	31.80	19.07	19.05	30.08	0.00	0.00
GCC	140	30.78	20.02	19.17	30.03	0.00	0.00
GCC	141	29.43	20.87	19.17	30.53	0.00	0.00
GCC	142	29.81	20.72	18.15	31.33	0.00	0.00
GCC	143	30.15	19.00	20.37	30.48	0.00	0.00
GCC	144	30.95	20.27	18.47	30.30	0.00	0.00
GCC	145	30.43	19.97	18.02	31.58	0.00	0.00
GCC	146	31.45	20.12	18.75	29.68	0.00	0.00
GCC	147	31.90	19.60	17.07	31.43	0.00	0.00
GCC	148	32.25	19.40	17.85	30.50	0.00	0.00
GCC	149	30.05	20.59	19.07	30.28	0.00	0.00
GCC	150	31.33	20.32	18.42	29.93	0.00	0.00
# ACGT content per cycle, read oriented. Use `grep ^GCT | cut -f 2-` to extract this part. The columns are: cycle; A,C,G,T base counts as a percentage of all A/C/G/T bases [%]
GCT	1	31.38	19.30	19.27	30.05
GCT	2	30.90	19.32	19.77	30.00
GCT	3	29.81	20.07	18.15	31.98
GCT	4	30.93	20.07	18.87	30.13
GCT	5	31.28	19.02	18.87	30.83
GCT	6	30.18	20.09	18.50	31.23
GCT	7	30.53	20.32	18.37	30.78
GCT	8	30.43	19.72	19.05	30.80
GCT	9	30.98	19.70	19.37	29.96
GCT	10	30.88	18.32	20.54	30.25
GCT	11	31.13	17.77	19.55	31.55
GCT	12	29.93	19.00	20.09	30.98
GCT	13	30.33	19.05	19.37	31.25
GCT	14	30.48	20.14	20.02	29.36
GCT	15	30.58	19.40	19.95	30.08
GCT	16	30.63	19.22	20.00	30.15
GCT	17	31.33	18.67	19.30	30.70
GCT	18	29.58	18.95	20.47	31.00
GCT	19	30.93	18.87	19.87	30.33
GCT	20	31.28	19.00	19.40	30.33
GCT	21	29.88	19.82	19.30	31.00
GCT	22	31.60	19.82	18.87	29.71
GCT	23	30.78	18.95	20.02	30.25
GCT	24	30.63	19.40	19.57	30.40
GCT	25	32.15	19.05	19.05	29.76
GCT	26	31.00	18.52	19.27	31.20
GCT	27	31.08	19.87	18.72	30.33
GCT	28	30.15	19.80	19.72	30.33
GCT	29	30.63	20.17	18.87	30.33
GCT	30	31.10	19.40	18.75	30.75
GCT	31	31.03	19.50	19.95	29.53
GCT	32	30.55	19.17	19.55	30.73
GCT	33	30.85	19.50	18.72	30.93
GCT	34	30.43	20.34	19.00	30.23
GCT	35	31.78	18.52	18.82	30.88
GCT	36	31.43	18.82	18.45	31.30
GCT	37	30.55	19.12	19.97	30.35
GCT	38	30.63	18.75	18.95	31.68
GCT	39	30.60	18.22	19.92	31.25
GCT	40	30.70	20.22	18.65	30.43
GCT	41	31.58	19.55	18.85	30.03
GCT	42	31.23	19.12	19.45	30.20
GCT	43	32.00	18.45	20.02	29.53
GCT	44	32.15	19.42	18.27	30.15
GCT	45	31.98	18.75	19.20	30.08
GCT	46	30.68	19.67	18.22	31.43
GCT	47	31.35	19.77	19.17	29.71
GCT	48	31.58	18.90	19.70	29.83
GCT	49	30.55	18.35	19.67	31.43
GCT	50	30.55	19.85	20.24	29.36
GCT	51	29.58	19.47	19.62	31.33
GCT	52	30.33	19.70	19.47	30.50
GCT	53	30.48	19.02	19.65	30.85
GCT	54	30.38	19.25	19.95	30.43
GCT	55	30.90	18.92	18.95	31.23
GCT	56	30.38	19.32	19.42	30.88
GCT	57	30.03	19.72	19.02	31.23
GCT	58	30.80	18.90	19.15	31.15
GCT	59	30.70	18.97	18.45	31.88
GCT	60	30.05	19.67	19.77	30.50
GCT	61	30.33	19.35	18.77	31.55
GCT	62	30.40	19.12	19.50	30.98
GCT	63	31.55	19.32	19.20	29.93
GCT	64	29.21	19.70	20.02	31.08
GCT	65	31.20	18.45	19.85	30.50
GCT	66	31.35	19.07	18.57	31.00
GCT	67	30.68	19.25	19.10	30.98
GCT	68	31.08	19.90	18.90	30.13
GCT	69	30.90	19.62	18.30	31.18
GCT	70	31.20	18.85	19.57	30.38
GCT	71	30.55	18.30	20.07	31.08
GCT	72	30.85	19.15	19.37	30.63
GCT	73	30.10	18.90	20.52	30.48
GCT	74	31.93	18.00	19.27	30.80
GCT	75	30.18	20.02	18.90	30.90
GCT	76	30.48	18.05	19.65	31.83
GCT	77	31.15	20.67	18.47	29.71
GCT	78	29.61	19.05	20.09	31.25
GCT	79	29.93	19.05	20.57	30.45
GCT	80	29.68	19.50	20.57	30.25
GCT	81	31.20	18.97	19.62	30.20
GCT	82	31.68	19.12	18.30	30.90
GCT	83	30.83	18.90	20.57	29.71
GCT	84	29.76	20.32	19.92	30.00
GCT	85	30.83	19.45	19.47	30.25
GCT	86	29.71	20.00	19.47	30.83
GCT	87	30.03	20.09	19.55	30.33
GCT	88	29.83	19.57	19.82	30.78
GCT	89	29.71	19.32	19.32	31.65
GCT	90	30.60	19.50	18.22	31.68
GCT	91	29.68	19.97	19.27	31.08
GCT	92	29.48	19.85	19.00	31.68
GCT	93	30.33	19.37	19.30	31.00
GCT	94	29.76	18.72	20.54	30.98
GCT	95	30.15	18.57	20.67	30.60
GCT	96	30.65	19.25	19.07	31.03
GCT	97	30.25	20.24	18.75	30.75
GCT	98	31.78	18.85	19.27	30.10
GCT	99	30.90	19.85	19.50	29.76
GCT	100	30.38	19.47	20.17	29.98
GCT	101	31.28	19.57	19.57	29.58
GCT	102	31.10	19.60	18.75	30.55
GCT	103	31.20	20.04	18.90	29.86
GCT	104	30.95	20.09	19.17	29.78
GCT	105	30.88	20.89	18.12	30.10
GCT	106	30.90	18.92	18.95	31.23
GCT	107	31.35	19.27	19.42	29.96
GCT	108	30.63	19.35	18.15	31.88
GCT	109	29.68	18.55	19.47	32.30
GCT	110	29.91	20.32	18.50	31.28
GCT	111	31.83	19.47	18.57	30.13
GCT	112	30.25	19.87	19.32	30.55
GCT	113	31.43	18.80	18.80	30.98
GCT	114	31.15	19.20	19.30	30.35
GCT	115	30.88	18.87	20.19	30.05
GCT	116	31.00	20.04	18.47	30.48
GCT	117	31.38	18.92	19.87	29.83
GCT	118	30.40	18.65	20.02	30.93
GCT	119	30.55	19.80	18.70	30.95
GCT	120	30.93	19.55	19.85	29.68
GCT	121	30.08	19.55	19.82	30.55
GCT	122	30.78	19.15	19.95	30.13
GCT	123	30.08	20.12	19.95	29.86
GCT	124	30.53	19.40	20.24	29.83
GCT	125	32.00	19.30	19.15	29.56
GCT	126	32.05	19.17	18.62	30.15
GCT	127	30.38	19.90	19.60	30.13
GCT	128	30.03	18.85	19.97	31.15
GCT	129	30.70	21.29	18.87	29.13
GCT	130	31.05	19.17	19.25	30.53
GCT	131	30.50	19.77	18.65	31.08
GCT	132	30.68	18.87	18.37	32.08
GCT	133	30.73	20.04	19.30	29.93
GCT	134	30.45	19.17	19.00	31.38
GCT	135	30.10	19.75	18.80	31.35
GCT	136	30.80	18.82	18.80	31.58
GCT	137	29.56	19.80	19.10	31.55
GCT	138	29.18	21.29	18.77	30.75
GCT	139	30.50	19.20	18.92	31.38
GCT	140	29.98	19.80	19.40	30.83
GCT	141	29.26	20.12	19.92	30.70
GCT	142	30.70	20.69	18.17	30.43
GCT	143	28.98	19.60	19.77	31.65
GCT	144	31.65	19.85	18.90	29.61
GCT	145	30.83	18.15	19.85	31.18
GCT	146	30.78	19.87	19.00	30.35
GCT	147	31.78	17.70	18.97	31.55
GCT	148	30.23	18.90	18.35	32.53
GCT	149	28.73	20.49	19.17	31.60
GCT	150	30.80	19.57	19.17	30.45
# ACGT content per cycle for first fragments. Use `grep ^FBC | cut -f 2-` to extract this part. The columns are: cycle; A,C,G,T base counts as a percentage of all A/C/G/T bases [%]; and N and O counts as a percentage of all A/C/G/T bases [%]
FBC	1	31.55	18.37	19.22	30.85	0.00	0.00
FBC	2	30.10	20.17	19.22	30.50	0.00	0.00
FBC	3	30.90	20.02	17.92	31.15	0.00	0.00
FBC	4	30.55	19.57	18.82	31.05	0.00	0.00
FBC	5	31.55	18.97	19.07	30.40	0.00	0.00
FBC	6	30.20	20.62	19.47	29.71	0.00	0.00
FBC	7	29.56	20.37	19.77	30.30	0.00	0.00
FBC	8	30.60	20.32	19.82	29.26	0.00	0.00
FBC	9	31.80	18.92	18.67	30.60	0.00	0.00
FBC	10	31.55	20.42	18.32	29.71	0.00	0.00
FBC	11	32.15	18.77	17.72	31.35	0.00	0.00
FBC	12	29.36	20.17	21.12	29.36	0.00	0.00
FBC	13	30.85	19.27	19.42	30.45	0.00	0.00
FBC	14	28.81	21.12	20.77	29.31	0.00	0.00
FBC	15	31.25	19.92	20.12	28.71	0.00	0.00
FBC	16	31.00	19.77	19.67	29.56	0.00	0.00
FBC	17	33.10	19.42	18.72	28.76	0.00	0.00
FBC	18	29.71	20.97	18.57	30.75	0.00	0.00
FBC	19	29.06	19.37	19.37	32.20	0.00	0.00
FBC	20	30.60	19.87	19.07	30.45	0.00	0.00
FBC	21	30.55	20.37	19.82	29.26	0.00	0.00
FBC	22	30.15	20.62	18.97	30.25	0.00	0.00
FBC	23	30.95	20.27	17.97	30.80	0.00	0.00
FBC	24	29.26	20.42	18.87	31.45	0.00	0.00
FBC	25	29.81	20.07	18.12	32.00	0.00	0.00
FBC	26	31.25	20.57	17.72	30.45	0.00	0.00
FBC	27	31.05	20.62	18.92	29.41	0.00	0.00
FBC	28	30.70	20.22	20.12	28.96	0.00	0.00
FBC	29	29.96	20.32	18.87	30.85	0.00	0.00
FBC	30	31.30	20.52	18.42	29.76	0.00	0.00
FBC	31	29.96	20.47	18.12	31.45	0.00	0.00
FBC	32	31.20	20.72	19.32	28.76	0.00	0.00
FBC	33	29.96	20.02	18.52	31.50	0.00	0.00
FBC	34	30.90	19.27	18.87	30.95	0.00	0.00
FBC	35	30.95	18.92	18.82	31.30	0.00	0.00
FBC	36	29.76	20.07	17.72	32.45	0.00	0.00
FBC	37	30.50	20.07	18.02	31.40	0.00	0.00
FBC	38	32.10	19.17	17.67	31.05	0.00	0.00
FBC	39	31.30	19.22	18.82	30.65	0.00	0.00
FBC	40	31.75	20.47	18.32	29.46	0.00	0.00
FBC	41	29.26	19.77	18.32	32.65	0.00	0.00
FBC	42	29.96	20.82	17.82	31.40	0.00	0.00
FBC	43	30.15	19.27	19.47	31.10	0.00	0.00
FBC	44	31.40	19.77	18.32	30.50	0.00	0.00
FBC	45	29.41	18.72	19.32	32.55	0.00	0.00
FBC	46	31.20	20.37	17.92	30.50	0.00	0.00
FBC	47	31.25	21.17	17.72	29.86	0.00	0.00
FBC	48	30.60	19.32	18.92	31.15	0.00	0.00
FBC	49	29.36	19.57	18.27	32.80	0.00	0.00
FBC	50	29.31	21.32	19.27	30.10	0.00	0.00
FBC	51	29.56	21.07	19.12	30.25	0.00	0.00
FBC	52	31.15	19.27	18.92	30.65	0.00	0.00
FBC	53	29.96	20.92	18.37	30.75	0.00	0.00
FBC	54	30.30	19.62	19.82	30.25	0.00	0.00
FBC	55	31.20	19.42	17.92	31.45	0.00	0.00
FBC	56	29.81	20.22	19.92	30.05	0.00	0.00
FBC	57	30.50	20.42	19.07	30.00	0.00	0.00
FBC	58	30.80	20.12	17.12	31.95	0.00	0.00
FBC	59	31.05	19.37	18.07	31.50	0.00	0.00
FBC	60	28.91	19.57	19.72	31.80	0.00	0.00
FBC	61	31.85	19.67	18.87	29.61	0.00	0.00
FBC	62	30.85	19.32	19.42	30.40	0.00	0.00
FBC	63	30.20	18.62	19.72	31.45	0.00	0.00
FBC	64	30.10	20.47	19.52	29.91	0.00	0.00
FBC	65	30.80	19.67	19.02	30.50	0.00	0.00
FBC	66	32.55	18.37	18.77	30.30	0.00	0.00
FBC	67	29.66	20.87	19.02	30.45	0.00	0.00
FBC	68	29.91	20.77	17.87	31.45	0.00	0.00
FBC	69	31.20	18.72	18.37	31.70	0.00	0.00
FBC	70	31.65	20.62	17.57	30.15	0.00	0.00
FBC	71	28.76	19.57	18.22	33.45	0.00	0.00
FBC	72	31.35	19.82	18.22	30.60	0.00	0.00
FBC	73	30.95	20.67	19.12	29.26	0.00	0.00
FBC	74	30.45	19.97	18.42	31.15	0.00	0.00
FBC	75	30.40	20.97	18.82	29.81	0.00	0.00
FBC	76	29.96	20.47	18.52	31.05	0.00	0.00
FBC	77	30.45	20.32	19.87	29.36	0.00	0.00
FBC	78	30.60	19.97	18.27	31.15	0.00	0.00
FBC	79	30.15	19.97	19.82	30.05	0.00	0.00
FBC	80	30.90	21.67	19.17	28.26	0.00	0.00
FBC	81	30.45	19.57	19.07	30.90	0.00	0.00
FBC	82	32.55	19.27	19.12	29.06	0.00	0.00
FBC	83	28.81	21.52	19.57	30.10	0.00	0.00
FBC	84	29.36	21.67	19.37	29.61	0.00	0.00
FBC	85	31.15	21.17	17.82	29.86	0.00	0.00
FBC	86	30.65	20.17	19.27	29.91	0.00	0.00
FBC	87	29.36	20.17	19.57	30.90	0.00	0.00
FBC	88	30.70	20.52	19.07	29.71	0.00	0.00
FBC	89	31.30	20.17	18.12	30.40	0.00	0.00
FBC	90	31.00	17.32	19.32	32.35	0.00	0.00
FBC	91	29.86	19.72	20.17	30.25	0.00	0.00
FBC	92	29.96	19.77	19.82	30.45	0.00	0.00
FBC	93	31.95	19.82	18.32	29.91	0.00	0.00
FBC	94	29.11	19.87	18.87	32.15	0.00	0.00
FBC	95	30.05	20.92	17.72	31.30	0.00	0.00
FBC	96	31.80	20.12	17.72	30.35	0.00	0.00
FBC	97	31.45	19.92	18.27	30.35	0.00	0.00
FBC	98	30.30	20.22	18.82	30.65	0.00	0.00
FBC	99	30.40	20.17	19.22	30.20	0.00	0.00
FBC	100	29.06	20.02	19.37	31.55	0.00	0.00
FBC	101	29.61	19.62	19.87	30.90	0.00	0.00
FBC	102	29.46	18.92	19.27	32.35	0.00	0.00
FBC	103	30.15	19.57	19.97	30.30	0.00	0.00
FBC	104	30.70	20.27	19.17	29.86	0.00	0.00
FBC	105	32.05	20.77	18.12	29.06	0.00	0.00
FBC	106	32.85	18.77	17.57	30.80	0.00	0.00
FBC	107	31.15	20.67	18.57	29.61	0.00	0.00
FBC	108	32.35	18.57	19.32	29.76	0.00	0.00
FBC	109	30.65	19.12	18.77	31.45	0.00	0.00
FBC	110	30.75	19.92	19.37	29.96	0.00	0.00
FBC	111	30.95	19.42	18.77	30.85	0.00	0.00
FBC	112	29.86	19.57	19.77	30.80	0.00	0.00
FBC	113	31.35	19.37	18.27	31.00	0.00	0.00
FBC	114	29.61	20.22	19.62	30.55	0.00	0.00
FBC	115	29.41	18.82	19.47	32.30	0.00	0.00
FBC	116	30.80	19.57	18.27	31.35	0.00	0.00
FBC	117	31.45	19.47	18.37	30.70	0.00	0.00
FBC	118	30.65	19.72	19.07	30.55	0.00	0.00
FBC	119	31.05	19.17	18.37	31.40	0.00	0.00
FBC	120	29.81	20.77	19.37	30.05	0.00	0.00
FBC	121	30.90	20.67	18.52	29.91	0.00	0.00
FBC	122	28.26	20.62	20.57	30.55	0.00	0.00
FBC	123	30.70	21.12	18.77	29.41	0.00	0.00
FBC	124	29.56	20.52	19.52	30.40	0.00	0.00
FBC	125	31.25	19.62	18.72	30.40	0.00	0.00
FBC	126	30.60	18.32	18.67	32.40	0.00	0.00
FBC	127	28.96	21.52	18.52	31.00	0.00	0.00
FBC	128	30.25	21.57	18.07	30.10	0.00	0.00
FBC	129	28.51	20.17	20.27	31.05	0.00	0.00
FBC	130	29.11	19.27	19.57	32.05	0.00	0.00
FBC	131	33.25	19.97	17.37	29.41	0.00	0.00
FBC	132	30.55	20.72	17.67	31.05	0.00	0.00
FBC	133	30.90	19.77	19.22	30.10	0.00	0.00
FBC	134	29.66	19.17	18.92	32.25	0.00	0.00
FBC	135	30.90	18.82	20.37	29.91	0.00	0.00
FBC	136	30.90	18.37	19.27	31.45	0.00	0.00
FBC	137	30.85	20.37	19.02	29.76	0.00	0.00
FBC	138	30.05	19.57	19.67	30.70	0.00	0.00
FBC	139	30.70	18.77	20.42	30.10	0.00	0.00
FBC	140	30.80	19.77	20.37	29.06	0.00	0.00
FBC	141	29.61	20.67	18.57	31.15	0.00	0.00
FBC	142	29.96	20.37	18.27	31.40	0.00	0.00
FBC	143	31.35	19.12	18.87	30.65	0.00	0.00
FBC	144	31.50	20.77	17.87	29.86	0.00	0.00
FBC	145	30.75	19.12	18.42	31.70	0.00	0.00
FBC	146	32.20	20.72	18.67	28.41	0.00	0.00
FBC	147	31.70	19.77	17.07	31.45	0.00	0.00
FBC	148	30.45	20.07	17.57	31.90	0.00	0.00
FBC	149	29.31	21.17	19.37	30.15	0.00	0.00
FBC	150	31.40	19.77	18.72	30.10	0.00	0.00
# ACGT raw counters for first fragments. Use `grep ^FTC | cut -f 2-` to extract this part. The columns are: A,C,G,T,N base counters
FTC	91827	59971	56724	91928	0
# ACGT content per cycle for last fragments. Use `grep ^LBC | cut -f 2-` to extract this part. The columns are: cycle; A,C,G,T base counts as a percentage of all A/C/G/T bases [%]; and N and O counts as a percentage of all A/C/G/T bases [%]
LBC	1	31.05	20.92	18.62	29.41	0.00	0.00
LBC	2	29.36	19.87	18.92	31.85	0.00	0.00
LBC	3	31.85	18.82	19.67	29.66	0.00	0.00
LBC	4	31.25	19.87	19.62	29.26	0.00	0.00
LBC	5	30.10	18.42	19.32	32.15	0.00	0.00
LBC	6	31.90	18.97	18.12	31.00	0.00	0.00
LBC	7	30.90	18.42	18.82	31.85	0.00	0.00
LBC	8	33.75	18.67	18.72	28.86	0.00	0.00
LBC	9	30.55	21.52	19.02	28.91	0.00	0.00
LBC	10	31.05	19.32	19.67	29.96	0.00	0.00
LBC	11	31.65	18.87	19.27	30.20	0.00	0.00
LBC	12	31.65	19.12	17.77	31.45	0.00	0.00
LBC	13	29.81	17.97	20.17	32.05	0.00	0.00
LBC	14	31.45	19.82	18.62	30.10	0.00	0.00
LBC	15	30.30	19.82	18.82	31.05	0.00	0.00
LBC	16	30.95	21.02	17.97	30.05	0.00	0.00
LBC	17	32.85	19.67	18.12	29.36	0.00	0.00
LBC	18	29.21	19.62	19.67	31.50	0.00	0.00
LBC	19	31.30	19.82	18.92	29.96	0.00	0.00
LBC	20	31.70	18.22	19.62	30.45	0.00	0.00
LBC	21	30.75	19.07	18.97	31.20	0.00	0.00
LBC	22	30.60	18.42	19.37	31.60	0.00	0.00
LBC	23	29.91	20.17	19.52	30.40	0.00	0.00
LBC	24	31.90	20.22	18.42	29.46	0.00	0.00
LBC	25	31.35	20.12	17.87	30.65	0.00	0.00
LBC	26	31.15	18.82	18.47	31.55	0.00	0.00
LBC	27	30.55	18.92	18.72	31.80	0.00	0.00
LBC	28	30.85	18.77	19.92	30.45	0.00	0.00
LBC	29	31.30	19.97	18.92	29.81	0.00	0.00
LBC	30	32.85	19.07	18.27	29.81	0.00	0.00
LBC	31	29.46	20.42	19.87	30.25	0.00	0.00
LBC	32	31.45	18.92	18.47	31.15	0.00	0.00
LBC	33	30.20	19.57	18.32	31.90	0.00	0.00
LBC	34	30.70	20.92	19.62	28.76	0.00	0.00
LBC	35	32.20	18.57	18.37	30.85	0.00	0.00
LBC	36	30.60	18.42	18.32	32.65	0.00	0.00
LBC	37	28.31	20.22	19.87	31.60	0.00	0.00
LBC	38	30.55	19.37	19.17	30.90	0.00	0.00
LBC	39	29.91	20.17	18.07	31.85	0.00	0.00
LBC	40	30.10	19.67	19.27	30.95	0.00	0.00
LBC	41	29.46	20.62	18.07	31.85	0.00	0.00
LBC	42	31.40	20.77	17.72	30.10	0.00	0.00
LBC	43	30.10	19.82	18.37	31.70	0.00	0.00
LBC	44	31.20	19.82	17.47	31.50	0.00	0.00
LBC	45	29.51	18.57	19.27	32.65	0.00	0.00
LBC	46	31.15	19.52	17.97	31.35	0.00	0.00
LBC	47	29.06	18.92	20.07	31.95	0.00	0.00
LBC	48	30.90	20.87	18.07	30.15	0.00	0.00
LBC	49	33.10	19.92	18.27	28.71	0.00	0.00
LBC	50	30.90	21.02	18.57	29.51	0.00	0.00
LBC	51	31.50	19.52	18.47	30.50	0.00	0.00
LBC	52	30.80	20.47	19.67	29.06	0.00	0.00
LBC	53	31.30	19.17	18.87	30.65	0.00	0.00
LBC	54	30.60	19.47	19.47	30.45	0.00	0.00
LBC	55	30.80	20.67	17.72	30.80	0.00	0.00
LBC	56	30.10	18.72	18.62	32.55	0.00	0.00
LBC	57	31.25	19.47	18.52	30.75	0.00	0.00
LBC	58	30.95	20.87	17.97	30.20	0.00	0.00
LBC	59	32.60	17.97	19.42	30.00	0.00	0.00
LBC	60	30.20	19.02	20.57	30.20	0.00	0.00
LBC	61	31.90	19.47	18.22	30.40	0.00	0.00
LBC	62	31.40	19.62	18.87	30.10	0.00	0.00
LBC	63	30.15	19.32	19.37	31.15	0.00	0.00
LBC	64	31.00	20.37	19.07	29.56	0.00	0.00
LBC	65	31.35	20.82	17.07	30.75	0.00	0.00
LBC	66	32.30	19.47	18.67	29.56	0.00	0.00
LBC	67	31.50	19.57	17.22	31.70	0.00	0.00
LBC	68	29.21	19.92	19.02	31.85	0.00	0.00
LBC	69	31.10	20.07	18.67	30.15	0.00	0.00
LBC	70	29.96	20.02	18.62	31.40	0.00	0.00
LBC	71	31.00	20.82	18.12	30.05	0.00	0.00
LBC	72	29.91	18.67	20.32	31.10	0.00	0.00
LBC	73	29.66	19.57	19.47	31.30	0.00	0.00
LBC	74	31.20	18.77	17.37	32.65	0.00	0.00
LBC	75	31.90	18.47	19.57	30.05	0.00	0.00
LBC	76	33.30	18.17	18.22	30.30	0.00	0.00
LBC	77	31.70	18.22	19.87	30.20	0.00	0.00
LBC	78	31.75	20.92	19.12	28.21	0.00	0.00
LBC	79	29.86	19.62	19.82	30.70	0.00	0.00
LBC	80	30.25	20.77	18.52	30.45	0.00	0.00
LBC	81	31.30	19.97	18.57	30.15	0.00	0.00
LBC	82	31.50	18.42	18.02	32.05	0.00	0.00
LBC	83	30.35	20.62	17.22	31.80	0.00	0.00
LBC	84	30.70	20.77	18.67	29.86	0.00	0.00
LBC	85	30.60	20.47	18.37	30.55	0.00	0.00
LBC	86	30.20	21.22	18.27	30.30	0.00	0.00
LBC	87	30.85	19.72	19.82	29.61	0.00	0.00
LBC	88	32.20	19.62	19.57	28.61	0.00	0.00
LBC	89	29.76	18.97	20.02	31.25	0.00	0.00
LBC	90	30.55	19.37	19.42	30.65	0.00	0.00
LBC	91	31.65	20.82	17.77	29.76	0.00	0.00
LBC	92	30.10	19.57	18.52	31.80	0.00	0.00
LBC	93	30.10	19.77	19.42	30.70	0.00	0.00
LBC	94	30.40	21.02	18.77	29.81	0.00	0.00
LBC	95	28.96	21.67	18.17	31.20	0.00	0.00
LBC	96	29.71	20.22	18.57	31.50	0.00	0.00
LBC	97	30.20	20.47	19.32	30.00	0.00	0.00
LBC	98	33.15	19.12	18.07	29.66	0.00	0.00
LBC	99	30.05	20.22	19.07	30.65	0.00	0.00
LBC	100	30.45	19.42	20.47	29.66	0.00	0.00
LBC	101	30.40	18.92	19.87	30.80	0.00	0.00
LBC	102	30.60	19.87	18.62	30.90	0.00	0.00
LBC	103	31.20	19.32	19.02	30.45	0.00	0.00
LBC	104	30.60	20.97	18.12	30.30	0.00	0.00
LBC	105	30.30	20.27	18.87	30.55	0.00	0.00
LBC	106	29.61	20.07	19.32	31.00	0.00	0.00
LBC	107	30.60	19.37	18.77	31.25	0.00	0.00
LBC	108	32.00	18.87	18.22	30.90	0.00	0.00
LBC	109	31.30	19.82	18.32	30.55	0.00	0.00
LBC	110	30.95	19.87	18.47	30.70	0.00	0.00
LBC	111	31.65	19.82	18.07	30.45	0.00	0.00
LBC	112	31.50	20.57	18.47	29.46	0.00	0.00
LBC	113	31.15	18.22	19.32	31.30	0.00	0.00
LBC	114	32.90	17.42	19.72	29.96	0.00	0.00
LBC	115	31.35	19.67	20.17	28.81	0.00	0.00
LBC	116	29.26	19.62	19.57	31.55	0.00	0.00
LBC	117	29.61	19.72	20.02	30.65	0.00	0.00
LBC	118	30.70	20.17	18.37	30.75	0.00	0.00
LBC	119	29.96	20.97	18.47	30.60	0.00	0.00
LBC	120	32.10	19.72	18.92	29.26	0.00	0.00
LBC	121	31.00	19.52	20.02	29.46	0.00	0.00
LBC	122	30.75	18.07	18.92	32.25	0.00	0.00
LBC	123	29.11	21.32	18.92	30.65	0.00	0.00
LBC	124	29.81	20.52	18.72	30.95	0.00	0.00
LBC	125	31.30	19.87	18.67	30.15	0.00	0.00
LBC	126	31.25	18.82	19.77	30.15	0.00	0.00
LBC	127	29.01	19.02	19.92	32.05	0.00	0.00
LBC	128	30.55	18.72	19.27	31.45	0.00	0.00
LBC	129	30.10	20.87	19.02	30.00	0.00	0.00
LBC	130	31.70	18.72	19.27	30.30	0.00	0.00
LBC	131	30.45	20.52	18.97	30.05	0.00	0.00
LBC	132	30.75	17.72	18.37	33.15	0.00	0.00
LBC	133	30.15	20.87	18.82	30.15	0.00	0.00
LBC	134	30.50	20.87	17.37	31.25	0.00	0.00
LBC	135	30.65	21.07	16.82	31.45	0.00	0.00
LBC	136	32.60	19.32	18.27	29.81	0.00	0.00
LBC	137	31.05	19.77	18.62	30.55	0.00	0.00
LBC	138	31.15	20.22	20.67	27.96	0.00	0.00
LBC	139	32.90	19.37	17.67	30.05	0.00	0.00
LBC	140	30.75	20.27	17.97	31.00	0.00	0.00
LBC	141	29.26	21.07	19.77	29.91	0.00	0.00
LBC	142	29.66	21.07	18.02	31.25	0.00	0.00
LBC	143	28.96	18.87	21.87	30.30	0.00	0.00
LBC	144	30.40	19.77	19.07	30.75	0.00	0.00
LBC	145	30.10	20.82	17.62	31.45	0.00	0.00
LBC	146	30.70	19.52	18.82	30.95	0.00	0.00
LBC	147	32.10	19.42	17.07	31.40	0.00	0.00
LBC	148	34.05	18.72	18.12	29.11	0.00	0.00
LBC	149	30.80	20.02	18.77	30.40	0.00	0.00
LBC	150	31.25	20.87	18.12	29.76	0.00	0.00
# ACGT raw counters for last fragments. Use `grep ^LTC | cut -f 2-` to extract this part. The columns are: A,C,G,T,N base counters
LTC	92703	59224	56564	91959	0
# Insert sizes. Use `grep ^IS | cut -f 2-` to extract this part. The columns are: insert size, pairs total, inward oriented pairs, outward oriented pairs, other pairs
IS	0	0	0	0	0
IS	1	0	0	0	0
IS	2	0	0	0	0
IS	3	0	0	0	0
IS	4	0	0	0	0
IS	5	0	0	0	0
IS	6	0	0	0	0
IS	7	0	0	0	0
IS	8	0	0	0	0
IS	9	0	0	0	0
IS	10	0	0	0	0
IS	11	0	0	0	0
IS	12	0	0	0	0
IS	13	0	0	0	0
IS	14	0	0	0	0
IS	15	0	0	0	0
IS	16	0	0	0	0
IS	17	0	0	0	0
IS	18	0	0	0	0
IS	19	0	0	0	0
IS	20	0	0	0	0
IS	21	0	0	0	0
IS	22	0	0	0	0
IS	23	0	0	0	0
IS	24	0	0	0	0
IS	25	0	0	0	0
IS	26	0	0	0	0
IS	27	0	0	0	0
IS	28	0	0	0	0
IS	29	0	0	0	0
IS	30	0	0	0	0
IS	31	0	0	0	0
IS	32	0	0	0	0
IS	33	0	0	0	0
IS	34	0	0	0	0
IS	35	0	0	0	0
IS	36	0	0	0	0
IS	37	0	0	0	0
IS	38	0	0	0	0
IS	39	0	0	0	0
IS	40	0	0	0	0
IS	41	0	0	0	0
IS	42	0	0	0	0
IS	43	0	0	0	0
IS	44	0	0	0	0
IS	45	0	0	0	0
IS	46	0	0	0	0
IS	47	0	0	0	0
IS	48	0	0	0	0
IS	49	0	0	0	0
IS	50	0	0	0	0
IS	51	0	0	0	0
IS	52	0	0	0	0
IS	53	0	0	0	0
IS	54	0	0	0	0
IS	55	0	0	0	0
IS	56	0	0	0	0
IS	57	0	0	0	0
IS	58	0	0	0	0
IS	59	0	0	0	0
IS	60	0	0	0	0
IS	61	0	0	0	0
IS	62	0	0	0	0
IS	63	0	0	0	0
IS	64	0	0	0	0
IS	65	0	0	0	0
IS	66	0	0	0	0
IS	67	0	0	0	0
IS	68	0	0	0	0
IS	69	0	0	0	0
IS	70	0	0	0	0
IS	71	0	0	0	0
IS	72	0	0	0	0
IS	73	0	0	0	0
IS	74	0	0	0	0
IS	75	0	0	0	0
IS	76	0	0	0	0
IS	77	0	0	0	0
IS	78	0	0	0	0
IS	79	0	0	0	0
IS	80	0	0	0	0
IS	81	0	0	0	0
IS	82	0	0	0	0
IS	83	0	0	0	0
IS	84	0	0	0	0
IS	85	0	0	0	0
IS	86	0	0	0	0
IS	87	0	0	0	0
IS	88	0	0	0	0
IS	89	0	0	0	0
IS	90	0	0	0	0
IS	91	0	0	0	0
IS	92	0	0	0	0
IS	93	0	0	0	0
IS	94	0	0	0	0
IS	95	0	0	0	0
IS	96	0	0	0	0
IS	97	0	0	0	0
IS	98	0	0	0	0
IS	99	0	0	0	0
IS	100	0	0	0	0
IS	101	0	0	0	0
IS	102	0	0	0	0
IS	103	0	0	0	0
IS	104	0	0	0	0
IS	105	0	0	0	0
IS	106	0	0	0	0
IS	107	0	0	0	0
IS	108	0	0	0	0
IS	109	0	0	0	0
IS	110	0	0	0	0
IS	111	0	0	0	0
IS	112	0	0	0	0
IS	113	0	0	0	0
IS	114	0	0	0	0
IS	115	0	0	0	0
IS	116	0	0	0	0
IS	117	0	0	0	0
IS	118	0	0	0	0
IS	119	0	0	0	0
IS	120	0	0	0	0
IS	121	0	0	0	0
IS	122	0	0	0	0
IS	123	0	0	0	0
IS	124	0	0	0	0
IS	125	0	0	0	0
IS	126	0	0	0	0
IS	127	0	0	0	0
IS	128	0	0	0	0
IS	129	0	0	0	0
IS	130	0	0	0	0
IS	131	0	0	0	0
IS	132	0	0	0	0
IS	133	0	0	0	0
IS	134	0	0	0	0
IS	135	0	0	0	0
IS	136	0	0	0	0
IS	137	0	0	0	0
IS	138	0	0	0	0
IS	139	0	0	0	0
IS	140	0	0	0	0
IS	141	0	0	0	0
IS	142	0	0	0	0
IS	143	0	0	0	0
IS	144	0	0	0	0
IS	145	0	0	0	0
IS	146	0	0	0	0
IS	147	0	0	0	0
IS	148	0	0	0	0
IS	149	0	0	0	0
IS	150	0	0	0	0
IS	151	0	0	0	0
IS	152	0	0	0	0
IS	153	0	0	0	0
IS	154	0	0	0	0
IS	155	0	0	0	0
IS	156	0	0	0	0
IS	157	0	0	0	0
IS	158	0	0	0	0
IS	159	0	0	0	0
IS	160	0	0	0	0
IS	161	0	0	0	0
IS	162	0	0	0	0
IS	163	0	0	0	0
IS	164	0	0	0	0
IS	165	0	0	0	0
IS	166	0	0	0	0
IS	167	0	0	0	0
IS	168	0	0	0	0
IS	169	0	0	0	0
IS	170	0	0	0	0
IS	171	0	0	0	0
IS	172	0	0	0	0
IS	173	0	0	0	0
IS	174	0	0	0	0
IS	175	0	0	0	0
IS	176	0	0	0	0
IS	177	0	0	0	0
IS	178	0	0	0	0
IS	179	0	0	0	0
IS	180	0	0	0	0
IS	181	0	0	0	0
IS	182	0	0	0	0
IS	183	0	0	0	0
IS	184	0	0	0	0
IS	185	0	0	0	0
IS	186	0	0	0	0
IS	187	0	0	0	0
IS	188	0	0	0	0
IS	189	0	0	0	0
IS	190	0	0	0	0
IS	191	0	0	0	0
IS	192	0	0	0	0
IS	193	0	0	0	0
IS	194	0	0	0	0
IS	195	0	0	0	0
IS	196	0	0	0	0
IS	197	0	0	0	0
IS	198	0	0	0	0
IS	199	0	0	0	0
IS	200	0	0	0	0
IS	201	0	0	0	0
IS	202	0	0	0	0
IS	203	0	0	0	0
IS	204	0	0	0	0
IS	205	0	0	0	0
IS	206	0	0	0	0
IS	207	0	0	0	0
IS	208	0	0	0	0
IS	209	0	0	0	0
IS	210	0	0	0	0
IS	211	0	0	0	0
IS	212	0	0	0	0
IS	213	0	0	0	0
IS	214	0	0	0	0
IS	215	0	0	0	0
IS	216	0	0	0	0
IS	217	0	0	0	0
IS	218	0	0	0	0
IS	219	0	0	0	0
IS	220	0	0	0	0
IS	221	0	0	0	0
IS	222	0	0	0	0
IS	223	0	0	0	0
IS	224	0	0	0	0
IS	225	0	0	0	0
IS	226	0	0	0	0
IS	227	0	0	0	0
IS	228	0	0	0	0
IS	229	0	0	0	0
IS	230	0	0	0	0
IS	231	0	0	0	0
IS	232	0	0	0	0
IS	233	0	0	0	0
IS	234	0	0	0	0
IS	235	0	0	0	0
IS	236	0	0	0	0
IS	237	0	0	0	0
IS	238	0	0	0	0
IS	239	0	0	0	0
IS	240	0	0	0	0
IS	241	0	0	0	0
IS	242	0	0	0	0
IS	243	0	0	0	0
IS	244	0	0	0	0
IS	245	0	0	0	0
IS	246	0	0	0	0
IS	247	0	0	0	0
IS	248	0	0	0	0
IS	249	0	0	0	0
IS	250	0	0	0	0
IS	251	0	0	0	0
IS	252	0	0	0	0
IS	253	0	0	0	0
IS	254	0	0	0	0
IS	255	0	0	0	0
IS	256	0	0	0	0
IS	257	0	0	0	0
IS	258	0	0	0	0
IS	259	0	0	0	0
IS	260	0	0	0	0
IS	261	0	0	0	0
IS	262	0	0	0	0
IS	263	0	0	0	0
IS	264	0	0	0	0
IS	265	0	0	0	0
IS	266	0	0	0	0
IS	267	0	0	0	0
IS	268	0	0	0	0
IS	269	0	0	0	0
IS	270	0	0	0	0
IS	271	0	0	0	0
IS	272	0	0	0	0
IS	273	0	0	0	0
IS	274	0	0	0	0
IS	275	0	0	0	0
IS	276	0	0	0	0
IS	277	0	0	0	0
IS	278	0	0	0	0
IS	279	0	0	0	0
IS	280	0	0	0	0
IS	281	0	0	0	0
IS	282	0	0	0	0
IS	283	0	0	0	0
IS	284	0	0	0	0
IS	285	0	0	0	0
IS	286	0	0	0	0
IS	287	0	0	0	0
IS	288	0	0	0	0
IS	289	0	0	0	0
IS	290	0	0	0	0
IS	291	0	0	0	0
IS	292	0	0	0	0
IS	293	0	0	0	0
IS	294	0	0	0	0
IS	295	0	0	0	0
IS	296	0	0	0	0
IS	297	0	0	0	0
IS	298	0	0	0	0
IS	299	0	0	0	0
IS	300	0	0	0	0
IS	301	0	0	0	0
IS	302	0	0	0	0
IS	303	0	0	0	0
IS	304	0	0	0	0
IS	305	0	0	0	0
IS	306	0	0	0	0
IS	307	0	0	0	0
IS	308	0	0	0	0
IS	309	0	0	0	0
IS	310	0	0	0	0
IS	311	0	0	0	0
IS	312	0	0	0	0
IS	313	0	0	0	0
IS	314	0	0	0	0
IS	315	0	0	0	0
IS	316	0	0	0	0
IS	317	0	0	0	0
IS	318	0	0	0	0
IS	319	0	0	0	0
IS	320	0	0	0	0
IS	321	0	0	0	0
IS	322	0	0	0	0
IS	323	0	0	0	0
IS	324	0	0	0	0
IS	325	0	0	0	0
IS	326	0	0	0	0
IS	327	0	0	0	0
IS	328	0	0	0	0
IS	329	0	0	0	0
IS	330	0	0	0	0
IS	331	0	0	0	0
IS	332	0	0	0	0
IS	333	0	0	0	0
IS	334	0	0	0	0
IS	335	0	0	0	0
IS	336	1	1	0	0
IS	337	0	0	0	0
IS	338	0	0	0	0
IS	339	0	0	0	0
IS	340	0	0	0	0
IS	341	0	0	0	0
IS	342	0	0	0	0
IS	343	0	0	0	0
IS	344	0	0	0	0
IS	345	0	0	0	0
IS	346	0	0	0	0
IS	347	0	0	0	0
IS	348	0	0	0	0
IS	349	0	0	0	0
IS	350	1	1	0	0
IS	351	0	0	0	0
IS	352	1	1	0	0
IS	353	0	0	0	0
IS	354	0	0	0	0
IS	355	1	1	0	0
IS	356	1	1	0	0
IS	357	0	0	0	0
IS	358	0	0	0	0
IS	359	1	1	0	0
IS	360	0	0	0	0
IS	361	1	1	0	0
IS	362	1	1	0	0
IS	363	1	1	0	0
IS	364	0	0	0	0
IS	365	0	0	0	0
IS	366	0	0	0	0
IS	367	0	0	0	0
IS	368	0	0	0	0
IS	369	2	2	0	0
IS	370	0	0	0	0
IS	371	1	1	0	0
IS	372	0	0	0	0
IS	373	1	1	0	0
IS	374	1	1	0	0
IS	375	1	1	0	0
IS	376	1	1	0	0
IS	377	1	1	0	0
IS	378	2	2	0	0
IS	379	0	0	0	0
IS	380	1	1	0	0
IS	381	2	2	0	0
IS	382	2	2	0	0
IS	383	0	0	0	0
IS	384	0	0	0	0
IS	385	2	2	0	0
IS	386	3	3	0	0
IS	387	2	2	0	0
IS	388	2	2	0	0
IS	389	1	1	0	0
IS	390	2	2	0	0
IS	391	2	2	0	0
IS	392	2	2	0	0
IS	393	3	3	0	0
IS	394	3	3	0	0
IS	395	2	2	0	0
IS	396	1	1	0	0
IS	397	2	2	0	0
IS	398	3	3	0	0
IS	399	1	1	0	0
IS	400	3	3	0	0
IS	401	2	2	0	0
IS	402	2	2	0	0
IS	403	3	3	0	0
IS	404	2	2	0	0
IS	405	4	4	0	0
IS	406	3	3	0	0
IS	407	3	3	0	0
IS	408	3	3	0	0
IS	409	2	2	0	0
IS	410	1	1	0	0
IS	411	2	2	0	0
IS	412	3	3	0	0
IS	413	5	5	0	0
IS	414	2	2	0	0
IS	415	5	5	0	0
IS	416	4	4	0	0
IS	417	6	6	0	0
IS	418	4	4	0	0
IS	419	3	3	0	0
IS	420	1	1	0	0
IS	421	3	3	0	0
IS	422	2	2	0	0
IS	423	5	5	0	0
IS	424	5	5	0	0
IS	425	5	5	0	0
IS	426	6	6	0	0
IS	427	7	7	0	0
IS	428	7	7	0	0
IS	429	7	7	0	0
IS	430	3	3	0	0
IS	431	11	11	0	0
IS	432	5	5	0	0
IS	433	4	4	0	0
IS	434	11	11	0	0
IS	435	6	6	0	0
IS	436	7	7	0	0
IS	437	9	9	0	0
IS	438	5	5	0	0
IS	439	13	13	0	0
IS	440	8	8	0	0
IS	441	9	9	0	0
IS	442	8	8	0	0
IS	443	5	5	0	0
IS	444	7	7	0	0
IS	445	10	10	0	0
IS	446	6	6	0	0
IS	447	12	12	0	0
IS	448	10	10	0	0
IS	449	12	12	0	0
IS	450	15	15	0	0
IS	451	9	9	0	0
IS	452	8	8	0	0
IS	453	7	7	0	0
IS	454	7	7	0	0
IS	455	11	11	0	0
IS	456	9	9	0	0
IS	457	12	12	0	0
IS	458	12	12	0	0
IS	459	14	14	0	0
IS	460	18	18	0	0
IS	461	12	12	0	0
IS	462	12	12	0	0
IS	463	17	17	0	0
IS	464	19	19	0	0
IS	465	18	18	0	0
IS	466	12	12	0	0
IS	467	8	8	0	0
IS	468	10	10	0	0
IS	469	10	10	0	0
IS	470	13	13	0	0
IS	471	20	20	0	0
IS	472	13	13	0	0
IS	473	11	11	0	0
IS	474	14	14	0	0
IS	475	9	9	0	0
IS	476	12	12	0	0
IS	477	13	13	0	0
IS	478	11	11	0	0
IS	479	14	14	0	0
IS	480	18	18	0	0
IS	481	10	10	0	0
IS	482	17	17	0	0
IS	483	11	11	0	0
IS	484	16	16	0	0
IS	485	14	14	0	0
IS	486	16	16	0	0
IS	487	15	15	0	0
IS	488	18	18	0	0
IS	489	18	18	0	0
IS	490	12	12	0	0
IS	491	14	14	0	0
IS	492	15	15	0	0
IS	493	27	27	0	0
IS	494	20	20	0	0
IS	495	11	11	0	0
IS	496	12	12	0	0
IS	497	18	18	0	0
IS	498	21	21	0	0
IS	499	12	12	0	0
IS	500	15	15	0	0
IS	501	13	13	0	0
IS	502	23	23	0	0
IS	503	12	12	0	0
IS	504	17	17	0	0
IS	505	15	15	0	0
IS	506	15	15	0	0
IS	507	14	14	0	0
IS	508	20	20	0	0
IS	509	15	15	0	0
IS	510	9	9	0	0
IS	511	13	13	0	0
IS	512	13	13	0	0
IS	513	16	16	0	0
IS	514	21	21	0	0
IS	515	12	12	0	0
IS	516	16	16	0	0
IS	517	12	12	0	0
IS	518	16	16	0	0
IS	519	8	8	0	0
IS	520	10	10	0	0
IS	521	17	17	0	0
IS	522	16	16	0	0
IS	523	19	19	0	0
IS	524	10	10	0	0
IS	525	14	14	0	0
IS	526	14	14	0	0
IS	527	14	14	0	0
IS	528	14	14	0	0
IS	529	13	13	0	0
IS	530	9	9	0	0
IS	531	10	10	0	0
IS	532	10	10	0	0
IS	533	12	12	0	0
IS	534	10	10	0	0
IS	535	14	14	0	0
IS	536	10	10	0	0
IS	537	11	11	0	0
IS	538	15	15	0	0
IS	539	10	10	0	0
IS	540	6	6	0	0
IS	541	15	15	0	0
IS	542	9	9	0	0
IS	543	10	10	0	0
IS	544	5	5	0	0
IS	545	15	15	0	0
IS	546	12	12	0	0
IS	547	7	7	0	0
IS	548	7	7	0	0
IS	549	10	10	0	0
IS	550	15	15	0	0
IS	551	10	10	0	0
IS	552	12	12	0	0
IS	553	8	8	0	0
IS	554	10	10	0	0
IS	555	10	10	0	0
IS	556	11	11	0	0
IS	557	11	11	0	0
IS	558	4	4	0	0
IS	559	15	15	0	0
IS	560	12	12	0	0
IS	561	5	5	0	0
IS	562	2	2	0	0
IS	563	4	4	0	0
IS	564	9	9	0	0
IS	565	7	7	0	0
IS	566	4	4	0	0
IS	567	11	11	0	0
IS	568	8	8	0	0
IS	569	4	4	0	0
IS	570	10	10	0	0
IS	571	5	5	0	0
IS	572	6	6	0	0
IS	573	6	6	0	0
IS	574	4	4	0	0
IS	575	8	8	0	0
IS	576	6	6	0	0
IS	577	5	5	0	0
IS	578	8	8	0	0
IS	579	5	5	0	0
IS	580	4	4	0	0
IS	581	6	6	0	0
IS	582	6	6	0	0
IS	583	6	6	0	0
IS	584	4	4	0	0
IS	585	5	5	0	0
IS	586	3	3	0	0
IS	587	5	5	0	0
IS	588	1	1	0	0
IS	589	0	0	0	0
IS	590	4	4	0	0
IS	591	3	3	0	0
IS	592	2	2	0	0
IS	593	2	2	0	0
IS	594	1	1	0	0
IS	595	2	2	0	0
IS	596	3	3	0	0
IS	597	1	1	0	0
IS	598	4	4	0	0
IS	599	1	1	0	0
IS	600	6	6	0	0
IS	601	2	2	0	0
IS	602	0	0	0	0
IS	603	0	0	0	0
IS	604	0	0	0	0
IS	605	4	4	0	0
IS	606	3	3	0	0
IS	607	2	2	0	0
IS	608	2	2	0	0
IS	609	1	1	0	0
IS	610	1	1	0	0
IS	611	2	2	0	0
IS	612	0	0	0	0
IS	613	2	2	0	0
IS	614	2	2	0	0
IS	615	1	1	0	0
IS	616	0	0	0	0
IS	617	4	4	0	0
# Read lengths. Use `grep ^RL | cut -f 2-` to extract this part. The columns are: read length, count
RL	150	4006
# Read lengths - first fragments. Use `grep ^FRL | cut -f 2-` to extract this part. The columns are: read length, count
FRL	150	2003
# Read lengths - last fragments. Use `grep ^LRL | cut -f 2-` to extract this part. The columns are: read length, count
LRL	150	2003
# Mapping qualities for reads !(UNMAP|SECOND|SUPPL|QCFAIL|DUP). Use `grep ^MAPQ | cut -f 2-` to extract this part. The columns are: mapq, count
MAPQ	0	12
MAPQ	27	6
MAPQ	39	3
MAPQ	40	28
MAPQ	41	1
MAPQ	47	5
MAPQ	48	36
MAPQ	50	2
MAPQ	52	3
MAPQ	57	16
MAPQ	59	1
MAPQ	60	3893
# Indel distribution. Use `grep ^ID | cut -f 2-` to extract this part. The columns are: length, number of insertions, number of deletions
# Indels per cycle. Use `grep ^IC | cut -f 2-` to extract this part. The columns are: cycle, number of insertions (fwd), .. (rev) , number of deletions (fwd), .. (rev)
# Coverage distribution. Use `grep ^COV | cut -f 2-` to extract this part.
COV	[1-1]	1	5817
COV	[2-2]	2	10240
COV	[3-3]	3	14200
COV	[4-4]	4	18477
COV	[5-5]	5	19174
COV	[6-6]	6	16614
COV	[7-7]	7	13124
COV	[8-8]	8	8857
COV	[9-9]	9	5186
COV	[10-10]	10	2728
COV	[11-11]	11	1296
COV	[12-12]	12	609
COV	[13-13]	13	247
COV	[14-14]	14	42
COV	[15-15]	15	28
COV	[16-16]	16	5
# GC-depth. Use `grep ^GCD | cut -f 2-` to extract this part. The columns are: GC%, unique sequence percentiles, 10th, 25th, 50th, 75th and 90th depth percentile
GCD	0.0	15.385	0.000	0.000	0.000	0.000	0.000
GCD	37.0	30.769	2.505	2.505	2.505	2.505	2.505
GCD	38.0	53.846	2.505	2.505	2.505	2.505	2.505
GCD	39.0	76.923	2.490	2.490	2.505	2.505	2.505
GCD	40.0	92.308	2.505	2.505	2.505	2.505	2.505
GCD	45.0	100.000	2.505	2.505	2.505	2.505	2.505
